forward_num,reverse_num,forward_rate,reverse_rate,organism_num,organism_rate
5,5,5.0,5.0,10,5.0
5,5,5.0,5.0,10,5.0
5,5,5.0,5.0,10,5.0
6,5,5.83333333333333,5.0,11,5.45454545454545
7,7,5.42857142857143,4.57142857142857,14,5.0
9,8,5.22222222222222,4.875,17,5.05882352941176
11,9,5.27272727272727,5.0,20,5.15
13,10,5.23076923076923,5.5,23,5.34782608695652
15,13,5.6,5.23076923076923,28,5.42857142857143
18,15,5.5,5.13333333333333,33,5.33333333333333
22,18,5.5,5.72222222222222,40,5.6
27,19,5.2962962962963,5.73684210526316,46,5.47826086956522
33,25,5.21212121212121,5.84,58,5.48275862068965
36,29,5.38888888888889,5.82758620689655,65,5.58461538461538
46,36,5.5,5.88888888888889,82,5.67073170731707
55,45,5.78181818181818,6.06666666666667,100,5.91
67,51,5.86567164179105,6.2156862745098,118,6.01694915254237
84,63,5.95238095238095,6.34920634920635,147,6.12244897959184
101,76,5.87128712871287,6.18421052631579,177,6.00564971751412
123,93,5.78048780487805,6.18279569892473,216,5.9537037037037
146,113,5.78082191780822,6.1858407079646,259,5.95752895752896
184,139,5.7445652173913,6.00719424460432,323,5.85758513931889
221,168,5.84162895927602,5.98809523809524,389,5.90488431876607
268,204,5.87686567164179,5.90686274509804,472,5.88983050847458
342,244,5.84502923976608,5.95491803278689,586,5.89078498293515
406,300,5.80295566502463,6.0,706,5.88668555240793
491,361,5.76985743380855,6.03324099722992,852,5.88145539906103
581,418,5.83132530120482,6.05263157894737,999,5.92392392392392
596,402,5.87080536912752,6.05223880597015,998,5.9438877755511
585,413,5.85982905982906,5.99757869249395,998,5.91683366733467
590,409,5.85084745762712,5.93398533007335,999,5.88488488488488
601,398,5.86688851913478,5.93969849246231,999,5.8958958958959
592,407,5.9527027027027,5.95331695331695,999,5.95295295295295
596,403,5.95973154362416,5.93796526054591,999,5.95095095095095
587,412,5.94889267461669,5.85922330097087,999,5.91191191191191
586,408,5.85494880546075,5.84803921568627,994,5.85211267605634
591,408,5.81725888324873,5.85539215686275,999,5.83283283283283
580,416,5.84137931034483,5.82692307692308,996,5.83534136546185
597,402,5.75209380234506,5.80099502487562,999,5.77177177177177
597,402,5.83249581239531,5.74626865671642,999,5.7977977977978
595,403,5.81344537815126,5.81141439205955,998,5.812625250501
595,402,5.76974789915966,5.84825870646766,997,5.80140421263791
593,405,5.72006745362563,5.89876543209877,998,5.79258517034068
596,402,5.77181208053691,5.90298507462687,998,5.82464929859719
598,401,5.81438127090301,5.85785536159601,999,5.83183183183183
592,406,5.82601351351351,5.93103448275862,998,5.8687374749499
593,406,5.79089376053963,5.98768472906404,999,5.87087087087087
598,401,5.75418060200669,5.81795511221945,999,5.77977977977978
592,407,5.68412162162162,5.79115479115479,999,5.72772772772773
607,391,5.69357495881384,5.75703324808184,998,5.7184368737475
609,388,5.81444991789819,5.81185567010309,997,5.81344032096289
610,387,5.8344262295082,5.72609819121447,997,5.79237713139418
601,396,5.85690515806988,5.66919191919192,997,5.78234704112337
617,382,5.82171799027553,5.6413612565445,999,5.75275275275275
616,382,5.77922077922078,5.60471204188482,998,5.7124248496994
608,391,5.75986842105263,5.59846547314578,999,5.6966966966967
602,394,5.74916943521595,5.66497461928934,996,5.71586345381526
607,391,5.84514003294893,5.61892583120205,998,5.7565130260521
606,393,5.84653465346535,5.62595419847328,999,5.75975975975976
608,391,5.84703947368421,5.70076726342711,999,5.78978978978979
600,399,5.86333333333333,5.68421052631579,999,5.79179179179179
600,397,5.83,5.75566750629723,997,5.80040120361083
602,396,5.82724252491694,5.78282828282828,998,5.80961923847695
597,402,5.88107202680067,5.82835820895522,999,5.85985985985986
596,403,5.78020134228188,5.80893300248139,999,5.79179179179179
610,389,5.81311475409836,5.82005141388175,999,5.81581581581582
600,397,5.815,5.77581863979849,997,5.79939819458375
608,391,5.71875,5.74936061381074,999,5.73073073073073
604,395,5.71688741721854,5.77974683544304,999,5.74174174174174
608,390,5.68914473684211,5.74871794871795,998,5.7124248496994
611,386,5.66612111292962,5.74093264248705,997,5.6950852557673
613,386,5.64763458401305,5.68911917098446,999,5.66366366366366
619,379,5.67366720516963,5.67018469656992,998,5.67234468937876
623,376,5.67094703049759,5.57712765957447,999,5.63563563563564
626,372,5.65495207667732,5.55913978494624,998,5.61923847695391
626,373,5.69169329073482,5.57908847184987,999,5.64964964964965
625,374,5.7856,5.59893048128342,999,5.71571571571572
614,385,5.74104234527687,5.64415584415584,999,5.7037037037037
613,386,5.69657422512235,5.58549222797927,999,5.65365365365365
614,385,5.66938110749186,5.61038961038961,999,5.64664664664665
607,390,5.63097199341021,5.68717948717949,997,5.65295887662989
606,392,5.57755775577558,5.61989795918367,998,5.59418837675351
604,394,5.47185430463576,5.61167512690355,998,5.52705410821643
595,402,5.40672268907563,5.55223880597015,997,5.4653961885657
597,401,5.36850921273032,5.61845386533666,998,5.4689378757515
590,407,5.33220338983051,5.65356265356265,997,5.46339017051153
599,400,5.33889816360601,5.585,999,5.43743743743744
594,404,5.35185185185185,5.6460396039604,998,5.47094188376754
599,399,5.31051752921536,5.67919799498747,998,5.45791583166333
595,403,5.32100840336134,5.75186104218362,998,5.49498997995992
596,401,5.34563758389262,5.68827930174564,997,5.48345035105316
597,401,5.36683417085427,5.68329177057357,998,5.4939879759519
604,394,5.37913907284768,5.74873096446701,998,5.5250501002004
604,394,5.47185430463576,5.77157360406091,998,5.59018036072144
602,397,5.46179401993355,5.82619647355164,999,5.60660660660661
609,389,5.44006568144499,5.73264781491003,998,5.55410821643287
605,393,5.52231404958678,5.72010178117048,998,5.6002004008016
601,397,5.53410981697171,5.79093198992443,998,5.63627254509018
597,402,5.52596314907873,5.74875621890547,999,5.61561561561562
603,396,5.55389718076285,5.8030303030303,999,5.65265265265265
604,395,5.50331125827815,5.81518987341772,999,5.62662662662663
604,395,5.50331125827815,5.82025316455696,999,5.62862862862863
608,391,5.58881578947368,5.76982097186701,999,5.65965965965966
611,388,5.56137479541735,5.75,999,5.63463463463463
605,393,5.56198347107438,5.735368956743,998,5.63026052104208
600,399,5.53,5.71679197994987,999,5.6046046046046
607,390,5.52224052718287,5.64358974358974,997,5.56970912738215
611,388,5.45008183306056,5.61855670103093,999,5.51551551551552
610,388,5.48852459016393,5.7139175257732,998,5.57615230460922
606,393,5.49339933993399,5.70483460559796,999,5.57657657657658
608,390,5.52960526315789,5.7,998,5.59619238476954
612,385,5.51960784313725,5.62077922077922,997,5.55867602808425
620,379,5.49032258064516,5.69920844327177,999,5.56956956956957
619,378,5.43780290791599,5.71957671957672,997,5.54463390170512
624,375,5.37660256410256,5.68533333333333,999,5.49249249249249
631,365,5.39302694136292,5.69315068493151,996,5.50301204819277
632,367,5.39240506329114,5.68119891008174,999,5.4984984984985
633,366,5.39494470774092,5.69125683060109,999,5.5035035035035
631,368,5.38193343898574,5.61413043478261,999,5.46746746746747
631,366,5.37717908082409,5.64207650273224,997,5.47442326980943
634,365,5.3217665615142,5.64931506849315,999,5.44144144144144
641,358,5.34321372854914,5.67597765363128,999,5.46246246246246
639,360,5.36463223787167,5.61111111111111,999,5.45345345345345
645,354,5.37984496124031,5.63559322033898,999,5.47047047047047
642,355,5.40654205607477,5.58028169014085,997,5.46840521564694
643,356,5.45412130637636,5.64887640449438,999,5.52352352352352
648,351,5.43981481481481,5.64387464387464,999,5.51151151151151
654,344,5.3868501529052,5.62790697674419,998,5.46993987975952
646,352,5.40402476780186,5.67897727272727,998,5.50100200400802
653,346,5.39816232771822,5.69364161849711,999,5.5005005005005
663,335,5.42684766214178,5.65970149253731,998,5.50501002004008
663,335,5.43438914027149,5.64179104477612,998,5.50400801603206
663,336,5.43137254901961,5.57738095238095,999,5.48048048048048
663,336,5.4027149321267,5.56547619047619,999,5.45745745745746
667,331,5.38980509745127,5.53474320241692,998,5.43787575150301
664,335,5.38704819277108,5.56119402985075,999,5.44544544544545
666,333,5.47147147147147,5.64264264264264,999,5.52852852852853
670,329,5.48507462686567,5.68085106382979,999,5.54954954954955
670,328,5.39701492537313,5.71036585365854,998,5.5
672,327,5.41071428571429,5.59938837920489,999,5.47247247247247
684,314,5.40789473684211,5.6624203821656,998,5.48797595190381
683,316,5.43484626647145,5.60443037974684,999,5.48848848848849
681,318,5.39500734214391,5.5125786163522,999,5.43243243243243
675,323,5.48740740740741,5.46130030959752,998,5.47895791583166
682,317,5.49560117302053,5.53312302839117,999,5.50750750750751
680,319,5.54117647058824,5.51724137931035,999,5.53353353353353
686,313,5.48979591836735,5.36421725239617,999,5.45045045045045
680,318,5.375,5.34905660377358,998,5.36673346693387
684,315,5.42982456140351,5.41269841269841,999,5.42442442442442
696,303,5.42528735632184,5.41584158415842,999,5.42242242242242
697,302,5.46771879483501,5.41390728476821,999,5.45145145145145
709,288,5.45839210155148,5.36805555555556,997,5.43229689067202
708,290,5.47175141242938,5.36551724137931,998,5.44088176352705
712,287,5.42696629213483,5.28919860627178,999,5.38738738738739
713,286,5.49789621318373,5.3986013986014,999,5.46946946946947
715,284,5.5006993006993,5.40492957746479,999,5.47347347347347
718,279,5.46935933147632,5.33333333333333,997,5.43129388164493
719,280,5.46036161335188,5.38928571428571,999,5.44044044044044
712,286,5.4564606741573,5.40559440559441,998,5.44188376753507
718,277,5.45821727019499,5.44404332129964,995,5.45427135678392
720,278,5.44583333333333,5.35611510791367,998,5.42084168336673
717,281,5.47977684797768,5.34519572953737,998,5.44188376753507
715,283,5.43496503496504,5.30035335689046,998,5.39679358717435
712,286,5.42275280898876,5.16783216783217,998,5.3496993987976
720,278,5.425,5.20863309352518,998,5.36472945891784
732,266,5.49863387978142,5.16917293233083,998,5.41082164328657
727,271,5.49243466299862,5.11439114391144,998,5.38977955911824
730,269,5.47671232876712,5.04832713754647,999,5.36136136136136
733,266,5.49522510231924,5.13533834586466,999,5.3993993993994
735,262,5.43673469387755,5.09923664122137,997,5.34804413239719
739,259,5.47902571041949,5.21621621621622,998,5.41082164328657
740,258,5.43243243243243,5.24031007751938,998,5.38276553106212
741,258,5.45883940620783,5.2984496124031,999,5.41741741741742
746,252,5.4597855227882,5.19047619047619,998,5.39178356713427
759,239,5.51119894598155,5.21338912133891,998,5.43987975951904
764,235,5.51439790575916,5.25957446808511,999,5.45445445445445
762,237,5.57349081364829,5.22784810126582,999,5.49149149149149
762,236,5.5997375328084,5.22881355932203,998,5.51202404809619
768,230,5.57682291666667,5.27826086956522,998,5.50801603206413
775,224,5.52258064516129,5.22321428571429,999,5.45545545545546
773,226,5.53169469598965,5.29646017699115,999,5.47847847847848
772,224,5.54663212435233,5.20535714285714,996,5.46987951807229
777,222,5.55727155727156,5.13963963963964,999,5.46446446446446
771,228,5.50324254215305,5.17105263157895,999,5.42742742742743
769,230,5.46033810143043,5.3,999,5.42342342342342
762,236,5.42257217847769,5.34322033898305,998,5.40380761523046
766,233,5.41253263707572,5.39914163090129,999,5.40940940940941
757,242,5.443857331572,5.35537190082645,999,5.42242242242242
756,243,5.5026455026455,5.32921810699589,999,5.46046046046046
747,252,5.49263721552878,5.32142857142857,999,5.44944944944945
752,246,5.52792553191489,5.38211382113821,998,5.49198396793587
743,256,5.5814266487214,5.34375,999,5.52052052052052
750,249,5.59866666666667,5.24899598393574,999,5.51151151151151
768,231,5.62109375,5.31168831168831,999,5.54954954954955
768,231,5.62630208333333,5.28138528138528,999,5.54654654654655
771,228,5.5875486381323,5.3859649122807,999,5.54154154154154
770,228,5.56103896103896,5.41666666666667,998,5.52805611222445
773,226,5.51746442432083,5.42477876106195,999,5.4964964964965
769,229,5.54356306892068,5.35807860262009,998,5.50100200400802
779,219,5.50449293966624,5.37442922374429,998,5.47595190380762
782,217,5.53452685421995,5.32718894009217,999,5.48948948948949
778,219,5.55912596401028,5.29680365296804,997,5.50150451354062
782,214,5.51150895140665,5.4392523364486,996,5.49598393574297
787,212,5.49555273189327,5.44811320754717,999,5.48548548548549
792,207,5.42424242424242,5.35265700483092,999,5.40940940940941
793,204,5.42244640605296,5.31862745098039,997,5.4012036108325
793,206,5.41488020176545,5.4126213592233,999,5.41441441441441
801,198,5.38451935081149,5.2979797979798,999,5.36736736736737
800,198,5.38375,5.23232323232323,998,5.35370741482966
811,186,5.45252774352651,5.25806451612903,997,5.41624874623872
820,179,5.46585365853659,5.30167597765363,999,5.43643643643644
822,177,5.45133819951338,5.29378531073446,999,5.42342342342342
824,174,5.50242718446602,5.24712643678161,998,5.45791583166333
833,166,5.50660264105642,5.29518072289157,999,5.47147147147147
832,167,5.54927884615385,5.32934131736527,999,5.51251251251251
828,169,5.4963768115942,5.33136094674556,997,5.46840521564694
824,175,5.47572815533981,5.26285714285714,999,5.43843843843844
826,173,5.4273607748184,5.25433526011561,999,5.3973973973974
829,169,5.40530759951749,5.2603550295858,998,5.38076152304609
825,174,5.47030303030303,5.27586206896552,999,5.43643643643644
831,168,5.45487364620939,5.19642857142857,999,5.41141141141141
838,161,5.46300715990453,5.09316770186335,999,5.4034034034034
834,165,5.41127098321343,5.0,999,5.34334334334334
834,164,5.46282973621103,4.8780487804878,998,5.36673346693387
830,165,5.44698795180723,4.89090909090909,995,5.35477386934673
839,160,5.4326579261025,4.93125,999,5.35235235235235
838,161,5.5,4.8944099378882,999,5.4024024024024
836,163,5.48086124401914,4.94478527607362,999,5.39339339339339
836,161,5.48086124401914,5.06832298136646,997,5.41424272818455
844,154,5.49526066350711,5.03246753246753,998,5.42384769539078
842,156,5.46793349168646,5.07051282051282,998,5.40581162324649
848,151,5.45283018867925,5.08609271523179,999,5.3973973973974
845,152,5.41065088757396,5.01315789473684,997,5.35005015045135
851,146,5.4289071680376,5.02054794520548,997,5.3691073219659
853,146,5.43610785463072,5.14383561643836,999,5.39339339339339
853,144,5.41852286049238,5.09722222222222,997,5.37211634904714
855,142,5.4,5.12676056338028,997,5.36108324974925
859,139,5.39464493597206,5.23021582733813,998,5.37174348697395
859,137,5.41327124563446,5.11678832116788,996,5.37248995983936
855,144,5.41988304093567,5.09722222222222,999,5.37337337337337
859,140,5.40279394644936,5.07142857142857,999,5.35635635635636
855,143,5.42690058479532,5.07692307692308,998,5.37675350701403
861,138,5.42276422764228,5.01449275362319,999,5.36636636636637
858,140,5.41258741258741,5.00714285714286,998,5.35571142284569
862,137,5.3631090487239,4.94890510948905,999,5.30630630630631
866,133,5.36258660508083,5.00751879699248,999,5.31531531531532
864,135,5.30787037037037,4.95555555555556,999,5.26026026026026
864,135,5.30787037037037,4.91111111111111,999,5.25425425425425
856,142,5.2535046728972,4.83098591549296,998,5.19338677354709
852,146,5.29225352112676,4.84246575342466,998,5.22645290581162
856,142,5.36565420560748,4.80281690140845,998,5.28557114228457
857,141,5.36756126021004,4.82269503546099,998,5.29058116232465
857,142,5.33605600933489,4.91549295774648,999,5.27627627627628
860,139,5.30581395348837,4.88489208633094,999,5.24724724724725
859,138,5.30267753201397,4.89130434782609,997,5.2457372116349
864,135,5.31018518518519,5.06666666666667,999,5.27727727727728
868,128,5.30990783410138,5.1484375,996,5.28915662650602
868,131,5.29953917050691,5.12977099236641,999,5.27727727727728
871,126,5.28013777267509,5.16666666666667,997,5.26579739217653
866,132,5.22863741339492,5.25,998,5.2314629258517
870,129,5.24252873563218,5.25581395348837,999,5.24424424424424
877,122,5.29418472063854,5.25409836065574,999,5.28928928928929
873,124,5.30126002290951,5.37903225806452,997,5.31093279839519
870,127,5.3264367816092,5.30708661417323,997,5.32397191574724
871,126,5.3593570608496,5.23015873015873,997,5.34302908726178
878,121,5.39407744874715,5.26446280991736,999,5.37837837837838
877,121,5.3363740022805,5.46280991735537,998,5.35170340681363
876,122,5.37671232876712,5.5655737704918,998,5.3997995991984
879,120,5.40386803185438,5.525,999,5.41841841841842
877,122,5.4618015963512,5.63114754098361,999,5.48248248248248
872,122,5.48738532110092,5.59016393442623,994,5.5
875,124,5.50514285714286,5.41129032258065,999,5.49349349349349
878,121,5.54555808656036,5.4297520661157,999,5.53153153153153
881,117,5.49829738933031,5.2991452991453,998,5.4749498997996
877,121,5.49258836944128,5.33884297520661,998,5.47394789579158
881,118,5.52894438138479,5.39830508474576,999,5.51351351351351
883,116,5.5515288788222,5.31034482758621,999,5.52352352352352
882,117,5.53628117913832,5.33333333333333,999,5.51251251251251
882,115,5.54988662131519,5.29565217391304,997,5.52056168505517
882,116,5.53401360544218,5.19827586206897,998,5.49498997995992
882,117,5.53061224489796,5.24786324786325,999,5.4974974974975
878,121,5.51594533029613,5.28099173553719,999,5.48748748748749
878,121,5.56492027334852,5.42148760330578,999,5.54754754754755
876,123,5.48744292237443,5.4390243902439,999,5.48148148148148
871,128,5.55109070034443,5.375,999,5.52852852852853
870,126,5.50344827586207,5.42857142857143,996,5.49397590361446
866,130,5.47690531177829,5.33846153846154,996,5.45883534136546
873,126,5.44902634593356,5.13492063492064,999,5.40940940940941
870,126,5.43908045977012,5.13492063492064,996,5.40060240963855
872,127,5.43119266055046,5.37007874015748,999,5.42342342342342
874,124,5.47139588100687,5.33064516129032,998,5.45390781563126
877,120,5.51425313568985,5.45,997,5.50651955867603
874,124,5.50228832951945,5.49193548387097,998,5.50100200400802
873,125,5.5085910652921,5.536,998,5.51202404809619
872,126,5.53440366972477,5.58730158730159,998,5.54108216432866
867,132,5.57439446366782,5.65909090909091,999,5.58558558558559
861,138,5.58304297328688,5.59420289855072,999,5.58458458458458
859,139,5.53667054714785,5.38129496402878,998,5.51503006012024
853,145,5.49589683470106,5.48965517241379,998,5.49498997995992
855,144,5.46549707602339,5.52777777777778,999,5.47447447447447
850,149,5.43058823529412,5.42281879194631,999,5.42942942942943
855,142,5.47251461988304,5.35211267605634,997,5.45536609829488
862,136,5.41183294663573,5.38970588235294,998,5.40881763527054
864,135,5.39699074074074,5.4,999,5.3973973973974
857,142,5.47607934655776,5.3943661971831,999,5.46446446446446
862,137,5.55104408352668,5.4963503649635,999,5.54354354354354
870,129,5.54252873563218,5.52713178294574,999,5.54054054054054
865,133,5.53872832369942,5.54135338345865,998,5.53907815631263
867,132,5.52710495963091,5.5530303030303,999,5.53053053053053
869,130,5.53509781357883,5.61538461538461,999,5.54554554554555
867,130,5.55247981545559,5.51538461538462,997,5.54764292878636
869,130,5.55466052934407,5.56153846153846,999,5.55555555555556
865,131,5.46589595375723,5.53435114503817,996,5.47489959839357
859,139,5.42258440046566,5.58273381294964,998,5.44488977955912
852,146,5.4037558685446,5.56849315068493,998,5.42785571142285
854,145,5.46135831381733,5.52413793103448,999,5.47047047047047
850,148,5.45411764705882,5.51351351351351,998,5.46292585170341
859,139,5.45634458672875,5.47482014388489,998,5.45891783567134
859,139,5.44004656577416,5.30935251798561,998,5.42184368737475
860,139,5.46627906976744,5.23741007194245,999,5.43443443443443
857,142,5.48424737456243,5.06338028169014,999,5.42442442442442
856,143,5.5338785046729,5.17482517482518,999,5.48248248248248
847,151,5.54781582054309,5.08609271523179,998,5.47795591182365
851,148,5.54524089306698,5.17567567567568,999,5.49049049049049
849,149,5.53474676089517,5.10738255033557,998,5.47094188376754
848,150,5.54009433962264,5.12666666666667,998,5.47795591182365
850,149,5.55294117647059,5.13422818791946,999,5.49049049049049
848,149,5.52358490566038,5.23489932885906,997,5.48044132397192
852,146,5.52347417840376,5.32876712328767,998,5.49498997995992
854,145,5.46018735362998,5.37241379310345,999,5.44744744744745
855,143,5.4140350877193,5.2027972027972,998,5.38376753507014
852,147,5.38028169014085,5.30612244897959,999,5.36936936936937
857,141,5.34072345390898,5.25531914893617,998,5.32865731462926
858,140,5.36480186480186,5.22857142857143,998,5.34569138276553
862,136,5.34106728538283,5.31617647058824,998,5.3376753507014
863,136,5.33371958285052,5.27941176470588,999,5.32632632632633
864,135,5.3275462962963,5.25185185185185,999,5.31731731731732
873,125,5.24856815578465,5.288,998,5.25350701402806
869,130,5.2566168009206,5.60769230769231,999,5.3023023023023
863,134,5.25376593279258,5.56716417910448,997,5.29588766298897
865,134,5.25549132947977,5.55223880597015,999,5.2952952952953
857,141,5.29638273045508,5.45390070921986,998,5.3186372745491
852,147,5.32981220657277,5.46938775510204,999,5.35035035035035
850,149,5.37411764705882,5.42281879194631,999,5.38138138138138
850,148,5.34117647058823,5.4527027027027,998,5.35771543086172
855,142,5.42573099415205,5.33802816901408,997,5.41323971915747
853,144,5.46893317702227,5.375,997,5.45536609829488
843,154,5.45788849347568,5.44155844155844,997,5.45536609829488
840,159,5.44642857142857,5.52830188679245,999,5.45945945945946
848,150,5.42099056603774,5.3,998,5.40280561122244
846,151,5.41016548463357,5.51655629139073,997,5.42627883650953
850,149,5.42352941176471,5.63087248322148,999,5.45445445445445
853,145,5.44665885111372,5.55862068965517,998,5.46292585170341
856,142,5.42406542056075,5.5,998,5.43486973947896
850,148,5.46470588235294,5.41891891891892,998,5.45791583166333
847,152,5.43801652892562,5.375,999,5.42842842842843
846,153,5.40543735224586,5.22222222222222,999,5.37737737737738
846,153,5.42671394799054,5.23529411764706,999,5.3973973973974
851,148,5.33842538190364,5.31756756756757,999,5.33533533533534
847,152,5.31050767414404,5.38815789473684,999,5.32232232232232
849,148,5.36513545347468,5.41216216216216,997,5.37211634904714
848,151,5.34669811320755,5.63576158940397,999,5.39039039039039
849,150,5.37573616018846,5.69333333333333,999,5.42342342342342
853,146,5.34935521688159,5.8013698630137,999,5.41541541541542
847,151,5.38134592680047,5.82119205298013,998,5.44789579158317
839,159,5.32896305125149,5.84905660377358,998,5.41182364729459
838,161,5.31384248210024,5.91304347826087,999,5.41041041041041
846,153,5.36997635933806,5.80392156862745,999,5.43643643643644
848,148,5.43160377358491,5.71621621621622,996,5.47389558232932
839,158,5.3969010727056,5.73417721518987,997,5.45035105315948
836,161,5.40191387559809,5.67701863354037,997,5.44633901705115
838,160,5.39737470167064,5.7625,998,5.45591182364729
839,159,5.40405244338498,5.71069182389937,998,5.45290581162325
843,156,5.39501779359431,5.62820512820513,999,5.43143143143143
849,150,5.38398115429918,5.72,999,5.43443443443443
854,143,5.36182669789227,5.73426573426573,997,5.41524573721163
855,144,5.4,5.74305555555556,999,5.44944944944945
850,146,5.37529411764706,5.71917808219178,996,5.42570281124498
852,147,5.38028169014085,5.73469387755102,999,5.43243243243243
853,144,5.37514654161782,5.84722222222222,997,5.44332998996991
854,143,5.28688524590164,5.77622377622378,997,5.35707121364092
854,145,5.28337236533958,5.71724137931034,999,5.34634634634635
850,147,5.3,5.68707482993197,997,5.35707121364092
849,150,5.32626619552415,5.62,999,5.37037037037037
850,149,5.28588235294118,5.77181208053691,999,5.35835835835836
846,152,5.27304964539007,5.78289473684211,998,5.35070140280561
852,146,5.19835680751174,5.72602739726027,998,5.27555110220441
850,149,5.18588235294118,5.75838926174497,999,5.27127127127127
847,151,5.14994096812279,5.78807947019868,998,5.24649298597194
853,146,5.14419695193435,5.86986301369863,999,5.25025025025025
840,157,5.10595238095238,5.89171974522293,997,5.2296890672016
841,158,5.19024970273484,5.81645569620253,999,5.28928928928929
839,160,5.14660309892729,5.75,999,5.24324324324324
839,159,5.20500595947557,5.70440251572327,998,5.28456913827655
840,158,5.18333333333333,5.59493670886076,998,5.24849699398798
839,159,5.19308700834327,5.51572327044025,998,5.24448897795591
841,156,5.17122473246136,5.48076923076923,997,5.21965897693079
843,156,5.22064056939502,5.51282051282051,999,5.26626626626627
849,149,5.19199057714959,5.46308724832215,998,5.23246492985972
842,154,5.20190023752969,5.48051948051948,996,5.24497991967872
845,153,5.22603550295858,5.34640522875817,998,5.24448897795591
846,153,5.20449172576832,5.29411764705882,999,5.21821821821822
839,160,5.18355184743743,5.2875,999,5.2002002002002
837,161,5.12783751493429,5.25465838509317,998,5.14829659318637
834,164,5.1378896882494,5.47560975609756,998,5.19338677354709
832,167,5.15264423076923,5.45508982035928,999,5.2032032032032
835,164,5.12934131736527,5.51219512195122,999,5.19219219219219
837,162,5.15173237753883,5.5,999,5.20820820820821
839,159,5.22765196662694,5.44025157232704,998,5.26152304609218
841,157,5.23543400713436,5.43949044585987,998,5.26753507014028
843,156,5.18979833926453,5.46153846153846,999,5.23223223223223
844,154,5.25236966824645,5.58441558441558,998,5.30360721442886
848,149,5.27004716981132,5.47651006711409,997,5.30090270812437
836,163,5.28468899521531,5.53374233128834,999,5.32532532532533
836,162,5.30980861244019,5.5679012345679,998,5.35170340681363
835,163,5.32095808383233,5.66871165644172,998,5.37775551102204
837,162,5.28554360812425,5.72222222222222,999,5.35635635635636
837,160,5.26523297491039,5.7625,997,5.34503510531595
829,169,5.31966224366707,5.66272189349112,998,5.37775551102204
832,165,5.34975961538461,5.71515151515151,997,5.41023069207623
836,162,5.35406698564593,5.85185185185185,998,5.43486973947896
833,165,5.39855942376951,5.72727272727273,998,5.45290581162325
832,167,5.41466346153846,5.66467065868263,999,5.45645645645646
841,158,5.42806183115339,5.66455696202532,999,5.46546546546547
846,153,5.41962174940898,5.60130718954248,999,5.44744744744745
844,154,5.35900473933649,5.74025974025974,998,5.41783567134269
837,160,5.36200716845878,5.68125,997,5.41323971915747
851,146,5.34900117508813,5.50684931506849,997,5.37211634904714
843,155,5.36180308422301,5.63225806451613,998,5.40380761523046
836,162,5.34210526315789,5.64814814814815,998,5.39178356713427
839,158,5.3253873659118,5.51898734177215,997,5.35606820461384
839,159,5.30393325387366,5.58490566037736,998,5.34869739478958
840,158,5.31309523809524,5.70886075949367,998,5.37575150300601
834,164,5.310551558753,5.67073170731707,998,5.36973947895792
832,166,5.29086538461539,5.68072289156626,998,5.35571142284569
832,166,5.25120192307692,5.46987951807229,998,5.2875751503006
834,164,5.31774580335731,5.46951219512195,998,5.34268537074148
832,167,5.38701923076923,5.4311377245509,999,5.39439439439439
835,164,5.37125748502994,5.34146341463415,999,5.36636636636637
832,166,5.36658653846154,5.36746987951807,998,5.36673346693387
824,174,5.36043689320388,5.41954022988506,998,5.37074148296593
823,176,5.32563791008505,5.47159090909091,999,5.35135135135135
827,172,5.39782345828295,5.51162790697674,999,5.41741741741742
826,171,5.37651331719128,5.50292397660819,997,5.39819458375125
831,168,5.29963898916967,5.54761904761905,999,5.34134134134134
823,173,5.31713244228433,5.67052023121387,996,5.3785140562249
828,171,5.31521739130435,5.64327485380117,999,5.37137137137137
826,173,5.34745762711864,5.60115606936416,999,5.39139139139139
824,175,5.39199029126214,5.66285714285714,999,5.43943943943944
822,177,5.42579075425791,5.68361581920904,999,5.47147147147147
823,176,5.43499392466586,5.6875,999,5.47947947947948
822,176,5.4647201946472,5.6875,998,5.50400801603206
827,172,5.453446191052,5.81395348837209,999,5.51551551551552
825,174,5.43515151515152,5.80459770114942,999,5.4994994994995
814,182,5.45085995085995,5.75824175824176,996,5.5070281124498
823,175,5.48116646415553,5.70285714285714,998,5.52004008016032
824,175,5.41747572815534,5.54857142857143,999,5.44044044044044
823,176,5.46051032806804,5.51136363636364,999,5.46946946946947
828,169,5.48550724637681,5.5207100591716,997,5.49147442326981
828,171,5.51570048309179,5.54970760233918,999,5.52152152152152
824,174,5.53033980582524,5.57471264367816,998,5.53807615230461
823,174,5.51397326852977,5.55172413793103,997,5.52056168505517
821,175,5.56394640682095,5.64,996,5.57730923694779
819,178,5.54700854700855,5.66292134831461,997,5.56770310932798
818,181,5.55134474327628,5.64640883977901,999,5.56856856856857
821,178,5.56151035322777,5.60112359550562,999,5.56856856856857
818,179,5.53911980440098,5.62011173184358,997,5.55366098294885
815,183,5.52883435582822,5.59562841530055,998,5.54108216432866
812,187,5.52216748768473,5.48128342245989,999,5.51451451451451
806,192,5.5409429280397,5.45833333333333,998,5.5250501002004
814,184,5.53316953316953,5.57608695652174,998,5.54108216432866
806,191,5.5272952853598,5.47643979057592,997,5.51755265797392
804,194,5.47885572139303,5.65979381443299,998,5.51402805611222
805,194,5.49689440993789,5.7319587628866,999,5.54254254254254
805,194,5.49937888198758,5.76288659793814,999,5.55055055055055
800,198,5.5025,5.70707070707071,998,5.54308617234469
805,194,5.52422360248447,5.69587628865979,999,5.55755755755756
815,183,5.49325153374233,5.70491803278689,998,5.53206412825651
820,177,5.60243902439024,5.78531073446328,997,5.63490471414243
816,183,5.60661764705882,5.84153005464481,999,5.64964964964965
820,179,5.61585365853659,5.79888268156425,999,5.64864864864865
820,179,5.59634146341463,5.86033519553073,999,5.64364364364364
811,187,5.5980271270037,5.8716577540107,998,5.64929859719439
814,185,5.60565110565111,5.72432432432432,999,5.62762762762763
817,180,5.59975520195838,5.71111111111111,997,5.61985957873621
819,180,5.58485958485958,5.76666666666667,999,5.61761761761762
822,176,5.62408759124088,5.65340909090909,998,5.62925851703407
818,181,5.66992665036675,5.67403314917127,999,5.67067067067067
819,180,5.65567765567766,5.81111111111111,999,5.68368368368368
822,177,5.62287104622871,5.89265536723164,999,5.67067067067067
818,180,5.59779951100244,5.82777777777778,998,5.63927855711423
814,184,5.57985257985258,5.81521739130435,998,5.62324649298597
822,177,5.63625304136253,5.77401129943503,999,5.66066066066066
819,177,5.67155067155067,5.63276836158192,996,5.66465863453815
818,181,5.58924205378973,5.5524861878453,999,5.58258258258258
822,177,5.58880778588808,5.54802259887006,999,5.58158158158158
825,174,5.56727272727273,5.55172413793103,999,5.56456456456456
819,180,5.52014652014652,5.51666666666667,999,5.51951951951952
821,177,5.46894031668697,5.41242937853107,998,5.45891783567134
822,177,5.46107055961071,5.32203389830508,999,5.43643643643644
823,175,5.44228432563791,5.38857142857143,998,5.43286573146293
819,180,5.42612942612943,5.46111111111111,999,5.43243243243243
817,182,5.41738066095471,5.36263736263736,999,5.40740740740741
814,184,5.37223587223587,5.48913043478261,998,5.3937875751503
814,184,5.35872235872236,5.54891304347826,998,5.3937875751503
808,190,5.36138613861386,5.35789473684211,998,5.36072144288577
812,185,5.43472906403941,5.31351351351351,997,5.41223671013039
811,186,5.42909987669544,5.3494623655914,997,5.41424272818455
817,182,5.44675642594859,5.28571428571429,999,5.41741741741742
817,181,5.42594859241126,5.3646408839779,998,5.41482965931864
823,175,5.45686512758202,5.34857142857143,998,5.43787575150301
817,181,5.46634026927785,5.3646408839779,998,5.44789579158317
819,180,5.48840048840049,5.41666666666667,999,5.47547547547548
821,178,5.50913520097442,5.33707865168539,999,5.47847847847848
815,183,5.50184049079755,5.30054644808743,998,5.46492985971944
809,190,5.48207663782447,5.35263157894737,999,5.45745745745746
809,190,5.43263288009889,5.35263157894737,999,5.41741741741742
812,187,5.45812807881773,5.35828877005348,999,5.43943943943944
814,185,5.38329238329238,5.41621621621622,999,5.38938938938939
822,176,5.38564476885645,5.31818181818182,998,5.37374749498998
827,171,5.38331318016929,5.21052631578947,998,5.35370741482966
828,170,5.38647342995169,4.98823529411765,998,5.3186372745491
836,163,5.39354066985646,4.93251533742331,999,5.31831831831832
829,169,5.35705669481303,4.9585798816568,998,5.28957915831663
830,168,5.3566265060241,4.89880952380952,998,5.27955911823647
835,164,5.37604790419162,4.82926829268293,999,5.28628628628629
834,165,5.36930455635492,4.99393939393939,999,5.30730730730731
841,157,5.41854934601665,5.0,998,5.35270541082164
833,166,5.36014405762305,5.13253012048193,999,5.32232232232232
831,166,5.34175691937425,5.1144578313253,997,5.30391173520562
833,166,5.31692677070828,5.1144578313253,999,5.28328328328328
824,173,5.35436893203883,5.1907514450867,997,5.3259779338014
825,172,5.30787878787879,5.26162790697674,997,5.29989969909729
823,174,5.3232077764277,5.29310344827586,997,5.31795386158475
825,173,5.30545454545455,5.28901734104046,998,5.30260521042084
827,172,5.2950423216445,5.27325581395349,999,5.29129129129129
827,172,5.31197097944377,5.36046511627907,999,5.32032032032032
821,178,5.3142509135201,5.43820224719101,999,5.33633633633634
822,177,5.27737226277372,5.54237288135593,999,5.32432432432432
827,172,5.25634824667473,5.56976744186047,999,5.31031031031031
833,166,5.28211284513806,5.50602409638554,999,5.31931931931932
827,170,5.24183796856106,5.52352941176471,997,5.28986960882648
838,160,5.27207637231504,5.45625,998,5.30160320641283
835,163,5.25508982035928,5.56441717791411,998,5.30561122244489
838,160,5.24463007159905,5.54375,998,5.29258517034068
825,174,5.26545454545455,5.59195402298851,999,5.32232232232232
821,178,5.24116930572473,5.52808988764045,999,5.29229229229229
821,178,5.25334957369062,5.49438202247191,999,5.2962962962963
826,172,5.32929782082324,5.53488372093023,998,5.36472945891784
824,174,5.32402912621359,5.50574712643678,998,5.35571142284569
824,172,5.33373786407767,5.47093023255814,996,5.3574297188755
834,164,5.310551558753,5.42682926829268,998,5.32965931863727
825,173,5.32242424242424,5.38150289017341,998,5.33266533066132
834,165,5.29016786570743,5.42424242424242,999,5.31231231231231
833,164,5.34093637454982,5.44512195121951,997,5.358074222668
833,165,5.36614645858343,5.41818181818182,998,5.374749498998
823,176,5.33778857837181,5.42613636363636,999,5.35335335335335
826,173,5.34745762711864,5.38728323699422,999,5.35435435435435
829,169,5.35946924004825,5.46153846153846,998,5.37675350701403
831,167,5.35138387484958,5.50299401197605,998,5.37675350701403
830,169,5.41084337349398,5.63905325443787,999,5.44944944944945
824,175,5.45631067961165,5.52571428571429,999,5.46846846846847
817,182,5.46511627906977,5.59340659340659,999,5.48848848848849
826,173,5.47094430992736,5.73988439306358,999,5.51751751751752
823,174,5.51640340218712,5.75862068965517,997,5.55867602808425
827,172,5.47521160822249,5.83720930232558,999,5.53753753753754
825,174,5.49212121212121,5.87931034482759,999,5.55955955955956
822,177,5.47931873479319,5.84180790960452,999,5.54354354354354
818,181,5.46577017114914,5.88950276243094,999,5.54254254254254
822,177,5.48783454987835,5.93785310734463,999,5.56756756756757
821,177,5.48355663824604,5.93785310734463,998,5.56412825651303
812,186,5.47044334975369,5.96236559139785,998,5.56212424849699
808,191,5.5519801980198,5.94240837696335,999,5.62662662662663
804,193,5.52860696517413,5.98963730569948,997,5.61785356068205
810,188,5.49012345679012,6.10106382978723,998,5.60521042084168
812,187,5.46551724137931,6.10160427807487,999,5.58458458458458
810,189,5.47037037037037,6.03703703703704,999,5.57757757757758
810,189,5.44444444444444,5.94708994708995,999,5.53953953953954
812,185,5.39532019704434,5.98378378378378,997,5.50451354062187
810,189,5.42098765432099,5.89417989417989,999,5.51051051051051
811,188,5.48581997533909,5.97872340425532,999,5.57857857857858
811,186,5.44636251541307,5.98387096774194,997,5.54663991975928
807,192,5.50061957868649,5.97916666666667,999,5.59259259259259
817,182,5.50183598531212,6.06043956043956,999,5.6036036036036
815,184,5.50920245398773,6.02717391304348,999,5.6046046046046
813,186,5.49938499384994,6.03763440860215,999,5.5995995995996
813,186,5.50676506765068,6.09677419354839,999,5.61661661661662
815,184,5.52760736196319,6.05978260869565,999,5.62562562562563
813,186,5.52767527675277,5.87634408602151,999,5.59259259259259
822,177,5.5036496350365,5.83050847457627,999,5.56156156156156
829,170,5.56936067551267,5.90588235294118,999,5.62662662662663
828,171,5.56884057971014,5.84795321637427,999,5.61661661661662
826,173,5.53510895883777,5.76878612716763,999,5.57557557557558
832,167,5.55889423076923,5.59880239520958,999,5.56556556556557
830,168,5.57228915662651,5.52380952380952,998,5.56412825651303
835,163,5.54131736526946,5.50920245398773,998,5.53607214428858
839,158,5.5435041716329,5.40506329113924,997,5.52156469408225
845,154,5.53136094674556,5.44805194805195,999,5.51851851851852
848,151,5.6061320754717,5.47019867549669,999,5.58558558558559
844,154,5.55450236966825,5.3961038961039,998,5.53006012024048
839,160,5.52681764004768,5.3875,999,5.5045045045045
836,162,5.48923444976077,5.45679012345679,998,5.48396793587174
846,153,5.50945626477541,5.47712418300654,999,5.5045045045045
840,159,5.4797619047619,5.53459119496855,999,5.48848848848849
846,153,5.48817966903073,5.51633986928105,999,5.49249249249249
844,154,5.41824644549763,5.5,998,5.43086172344689
847,152,5.4025974025974,5.44736842105263,999,5.40940940940941
843,156,5.42230130486358,5.41025641025641,999,5.42042042042042
843,156,5.36061684460261,5.45512820512821,999,5.37537537537538
843,156,5.32384341637011,5.43589743589744,999,5.34134134134134
837,161,5.35005973715651,5.5527950310559,998,5.38276553106212
831,166,5.30445246690734,5.52409638554217,997,5.34102306920762
841,157,5.30202140309156,5.60509554140127,998,5.3496993987976
835,164,5.32574850299401,5.60975609756098,999,5.37237237237237
842,155,5.31472684085511,5.63225806451613,997,5.36409227683049
845,152,5.3112426035503,5.65131578947368,997,5.36308926780341
840,159,5.32738095238095,5.60377358490566,999,5.37137137137137
848,150,5.3125,5.54,998,5.34669338677355
850,149,5.32235294117647,5.5503355704698,999,5.35635635635636
850,148,5.34352941176471,5.56756756756757,998,5.37675350701403
850,148,5.38588235294118,5.62162162162162,998,5.42084168336673
849,148,5.36866902237927,5.67567567567568,997,5.41424272818455
861,134,5.41927990708479,5.8134328358209,995,5.47236180904523
865,134,5.44277456647399,5.83582089552239,999,5.4954954954955
862,137,5.4292343387471,5.88321167883212,999,5.49149149149149
861,137,5.37979094076655,5.84671532846715,998,5.4438877755511
865,134,5.41271676300578,5.77611940298507,999,5.46146146146146
856,141,5.43107476635514,5.66666666666667,997,5.46439317953862
859,140,5.44237485448196,5.62142857142857,999,5.46746746746747
856,143,5.45093457943925,5.53146853146853,999,5.46246246246246
862,136,5.45707656612529,5.66176470588235,998,5.48496993987976
857,139,5.47257876312719,5.60431654676259,996,5.49096385542169
865,134,5.46705202312139,5.6044776119403,999,5.48548548548549
856,142,5.49299065420561,5.50704225352113,998,5.49498997995992
861,138,5.51800232288037,5.5,999,5.51551551551552
864,133,5.50231481481481,5.6015037593985,997,5.51554663991976
871,128,5.54420206659013,5.578125,999,5.54854854854855
871,127,5.57060849598163,5.66141732283465,998,5.58216432865731
870,129,5.54712643678161,5.62015503875969,999,5.55655655655656
865,133,5.56647398843931,5.71428571428571,998,5.58617234468938
865,134,5.59190751445087,5.8134328358209,999,5.62162162162162
870,129,5.66206896551724,5.82170542635659,999,5.68268268268268
873,126,5.62772050400916,5.85714285714286,999,5.65665665665666
877,121,5.56328392246294,5.94214876033058,998,5.60921843687375
877,120,5.4709236031927,6.1,997,5.54663991975928
884,114,5.50904977375566,5.96491228070175,998,5.56112224448898
886,113,5.51467268623025,5.80530973451327,999,5.54754754754755
879,118,5.53128555176337,5.78813559322034,997,5.5616850551655
883,116,5.56058890147225,5.70689655172414,999,5.57757757757758
882,116,5.55215419501134,5.57758620689655,998,5.55511022044088
878,121,5.56947608200456,5.68595041322314,999,5.58358358358358
878,120,5.57858769931663,5.825,998,5.60821643286573
879,120,5.55972696245734,5.925,999,5.6036036036036
877,121,5.52793614595211,5.82644628099174,998,5.56412825651303
875,122,5.52914285714286,5.77868852459016,997,5.55967903711133
874,125,5.53546910755149,5.704,999,5.55655655655656
876,120,5.62899543378995,5.71666666666667,996,5.63955823293173
883,115,5.61041902604757,5.62608695652174,998,5.6122244488978
884,115,5.61538461538461,5.63478260869565,999,5.61761761761762
888,111,5.5990990990991,5.77477477477477,999,5.61861861861862
882,117,5.59750566893424,5.76068376068376,999,5.61661661661662
885,113,5.66553672316384,5.7787610619469,998,5.67835671342685
888,111,5.6204954954955,5.75675675675676,999,5.63563563563564
891,108,5.61616161616162,5.66666666666667,999,5.62162162162162
884,115,5.61764705882353,5.79130434782609,999,5.63763763763764
884,114,5.6527149321267,5.81578947368421,998,5.67134268537074
882,117,5.66326530612245,5.81196581196581,999,5.68068068068068
879,120,5.67235494880546,5.675,999,5.67267267267267
882,117,5.64285714285714,5.64102564102564,999,5.64264264264264
881,117,5.6311010215664,5.61538461538461,998,5.62925851703407
886,112,5.55530474040632,5.59821428571429,998,5.56012024048096
887,112,5.576099210823,5.6875,999,5.58858858858859
892,107,5.53811659192825,5.7196261682243,999,5.55755755755756
884,114,5.57239819004525,5.85087719298246,998,5.60420841683367
887,111,5.53438556933484,5.8018018018018,998,5.56412825651303
886,110,5.52483069977427,5.74545454545455,996,5.54919678714859
887,112,5.48703494926719,5.77678571428571,999,5.51951951951952
896,103,5.48660714285714,5.84466019417476,999,5.52352352352352
898,100,5.44097995545657,5.87,998,5.48396793587174
897,101,5.45261984392419,5.82178217821782,998,5.48997995991984
897,101,5.43701226309922,5.75247524752475,998,5.4689378757515
895,104,5.46480446927374,5.67307692307692,999,5.48648648648649
896,103,5.5078125,5.72815533980583,999,5.53053053053053
894,104,5.58165548098434,5.77884615384615,998,5.60220440881764
894,105,5.54586129753915,5.74285714285714,999,5.56656656656657
894,105,5.49552572706935,5.73333333333333,999,5.52052052052052
892,105,5.49103139013453,5.61904761904762,997,5.50451354062187
895,104,5.47150837988827,5.67307692307692,999,5.49249249249249
893,106,5.48488241881299,5.66981132075472,999,5.5045045045045
890,109,5.41460674157303,5.60550458715596,999,5.43543543543544
887,112,5.39684329199549,5.35714285714286,999,5.39239239239239
888,111,5.38063063063063,5.37837837837838,999,5.38038038038038
882,117,5.41383219954649,5.42735042735043,999,5.41541541541542
884,115,5.38800904977376,5.52173913043478,999,5.4034034034034
882,116,5.36507936507936,5.42241379310345,998,5.37174348697395
887,112,5.30777903043968,5.36607142857143,999,5.31431431431431
890,109,5.32134831460674,5.44036697247706,999,5.33433433433433
892,107,5.33071748878924,5.46728971962617,999,5.34534534534535
891,107,5.33894500561167,5.30841121495327,998,5.33567134268537
889,108,5.31721034870641,5.39814814814815,997,5.3259779338014
890,109,5.26067415730337,5.41284403669725,999,5.27727727727728
891,108,5.29292929292929,5.38888888888889,999,5.3033033033033
894,105,5.33109619686801,5.45714285714286,999,5.34434434434434
892,106,5.29596412556054,5.56603773584906,998,5.32464929859719
883,112,5.2955832389581,5.52678571428571,995,5.321608040201
887,112,5.34723788049605,5.57142857142857,999,5.37237237237237
890,109,5.36067415730337,5.54128440366972,999,5.38038038038038
891,106,5.38608305274972,5.57547169811321,997,5.4062186559679
885,111,5.33559322033898,5.56756756756757,996,5.36144578313253
884,114,5.30090497737557,5.57017543859649,998,5.33166332665331
886,113,5.28555304740406,5.63716814159292,999,5.32532532532533
882,115,5.25283446712018,5.69565217391304,997,5.30391173520562
878,119,5.23576309794989,5.59663865546218,997,5.27883650952859
877,122,5.230330672748,5.57377049180328,999,5.27227227227227
873,126,5.16380297823597,5.6031746031746,999,5.21921921921922
874,125,5.1487414187643,5.736,999,5.22222222222222
876,122,5.11872146118721,5.86885245901639,998,5.21042084168337
874,122,5.13272311212815,5.81967213114754,996,5.21686746987952
873,126,5.13287514318442,5.63492063492064,999,5.1961961961962
876,122,5.1837899543379,5.4344262295082,998,5.21442885771543
882,116,5.25850340136054,5.31034482758621,998,5.26452905811623
878,120,5.25626423690205,5.15833333333333,998,5.24448897795591
884,114,5.28393665158371,5.15789473684211,998,5.26953907815631
883,116,5.28425821064553,5.33620689655172,999,5.29029029029029
885,114,5.28813559322034,5.25438596491228,999,5.28428428428428
873,124,5.25429553264605,5.31451612903226,997,5.2617853560682
875,124,5.18514285714286,5.29838709677419,999,5.1991991991992
874,125,5.15675057208238,5.336,999,5.17917917917918
882,115,5.12244897959184,5.3304347826087,997,5.14643931795386
883,114,5.1687429218573,5.33333333333333,997,5.18756268806419
883,115,5.17100792751982,5.27826086956522,998,5.18336673346693
880,116,5.19204545454545,5.0948275862069,996,5.18072289156626
882,116,5.16326530612245,4.99137931034483,998,5.14328657314629
881,118,5.19409761634506,5.16101694915254,999,5.19019019019019
882,117,5.20068027210884,5.15384615384615,999,5.1951951951952
888,111,5.17567567567568,5.03603603603604,999,5.16016016016016
887,112,5.14092446448703,5.07142857142857,999,5.13313313313313
883,115,5.17780294450736,5.10434782608696,998,5.16933867735471
884,114,5.17533936651584,5.19298245614035,998,5.17735470941884
887,111,5.16910935738444,5.07207207207207,998,5.15831663326653
877,121,5.16191562143672,5.08264462809917,998,5.15230460921844
880,117,5.17159090909091,5.13675213675214,997,5.16750250752257
885,114,5.18079096045198,5.17543859649123,999,5.18018018018018
879,119,5.21729237770193,5.20168067226891,998,5.21543086172345
878,119,5.24487471526196,5.36134453781513,997,5.25877632898696
877,122,5.25427594070696,5.4344262295082,999,5.27627627627628
876,121,5.22602739726027,5.36363636363636,997,5.24272818455366
884,115,5.2341628959276,5.34782608695652,999,5.24724724724725
891,108,5.22671156004489,5.14814814814815,999,5.21821821821822
881,118,5.22247446083995,5.09322033898305,999,5.20720720720721
886,112,5.13205417607224,5.20535714285714,998,5.14028056112224
886,112,5.09029345372461,5.33928571428571,998,5.11823647294589
884,115,5.12217194570136,5.31304347826087,999,5.14414414414414
879,119,5.15927189988623,5.29411764705882,998,5.17535070140281
880,118,5.22045454545455,5.36440677966102,998,5.2374749498998
877,122,5.23261117445838,5.52459016393443,999,5.26826826826827
874,124,5.23112128146453,5.33064516129032,998,5.2434869739479
877,122,5.28506271379704,5.31967213114754,999,5.28928928928929
880,116,5.36363636363636,5.28448275862069,996,5.35441767068273
883,116,5.36919592298981,5.3448275862069,999,5.36636636636637
879,119,5.42207053469852,5.26890756302521,998,5.40380761523046
882,117,5.40362811791383,5.23076923076923,999,5.38338338338338
883,114,5.41902604756512,5.1140350877193,997,5.38415245737212
881,117,5.30646992054484,5.21367521367521,998,5.29559118236473
891,108,5.30864197530864,5.21296296296296,999,5.2982982982983
891,108,5.33670033670034,5.2037037037037,999,5.32232232232232
886,113,5.32731376975169,5.27433628318584,999,5.32132132132132
888,109,5.375,5.28440366972477,997,5.36509528585757
885,112,5.3683615819209,5.08035714285714,997,5.33600802407222
895,104,5.36983240223464,5.09615384615385,999,5.34134134134134
891,107,5.37934904601571,5.03738317757009,998,5.34268537074148
896,103,5.44754464285714,5.03883495145631,999,5.40540540540541
883,115,5.43941109852775,5.11304347826087,998,5.40180360721443
885,113,5.42485875706215,5.16814159292035,998,5.39579158316633
894,104,5.46085011185682,5.20192307692308,998,5.43386773547094
899,99,5.46384872080089,5.17171717171717,998,5.43486973947896
894,102,5.41275167785235,5.13725490196078,996,5.38453815261044
891,107,5.40965207631874,5.28971962616822,998,5.39679358717435
888,111,5.39189189189189,5.28828828828829,999,5.38038038038038
895,104,5.41005586592179,5.32692307692308,999,5.4014014014014
896,102,5.39508928571429,5.32352941176471,998,5.3877755511022
898,101,5.39755011135857,5.26732673267327,999,5.38438438438438
893,106,5.45800671892497,5.24528301886792,999,5.43543543543544
890,109,5.44157303370786,5.35779816513761,999,5.43243243243243
894,104,5.39261744966443,5.19230769230769,998,5.37174348697395
893,104,5.36282194848824,5.31730769230769,997,5.358074222668
897,101,5.36454849498328,5.2970297029703,998,5.35771543086172
897,101,5.40356744704571,5.18811881188119,998,5.38176352705411
899,100,5.47385984427141,5.25,999,5.45145145145145
902,97,5.44235033259424,5.28865979381443,999,5.42742742742743
903,96,5.43853820598007,5.14583333333333,999,5.41041041041041
902,95,5.46784922394678,5.23157894736842,997,5.44533600802407
911,88,5.45115257958288,5.22727272727273,999,5.43143143143143
913,85,5.4512595837897,5.18823529411765,998,5.42885771543086
918,80,5.45969498910675,5.2125,998,5.43987975951904
917,81,5.5092693565976,5.18518518518519,998,5.48296593186373
923,76,5.46803900325027,5.28947368421053,999,5.45445445445445
925,74,5.41081081081081,5.13513513513514,999,5.39039039039039
922,76,5.36876355748373,5.14473684210526,998,5.35170340681363
921,77,5.39956568946797,5.20779220779221,998,5.38476953907816
920,79,5.3804347826087,5.39240506329114,999,5.38138138138138
922,77,5.42190889370933,5.35064935064935,999,5.41641641641642
915,82,5.41311475409836,5.41463414634146,997,5.41323971915747
918,81,5.39869281045752,5.65432098765432,999,5.41941941941942
915,83,5.39125683060109,5.7710843373494,998,5.42284569138277
915,84,5.39562841530055,5.86904761904762,999,5.43543543543544
914,85,5.42013129102845,5.90588235294118,999,5.46146146146146
917,82,5.42639040348964,5.8780487804878,999,5.46346346346346
915,84,5.42185792349727,5.95238095238095,999,5.46646646646647
911,88,5.38529088913282,5.88636363636364,999,5.42942942942943
910,88,5.33076923076923,5.69318181818182,998,5.3627254509018
907,91,5.28224917309813,5.81318681318681,998,5.33066132264529
909,90,5.26512651265126,5.71111111111111,999,5.30530530530531
909,89,5.26622662266227,5.64044943820225,998,5.29959919839679
911,88,5.27661909989023,5.57954545454545,999,5.3033033033033
910,87,5.31868131868132,5.49425287356322,997,5.33400200601805
917,80,5.29116684841876,5.5625,997,5.31293881644935
922,77,5.27331887201735,5.81818181818182,999,5.31531531531532
918,81,5.2962962962963,5.96296296296296,999,5.35035035035035
918,80,5.26797385620915,5.95,998,5.32264529058116
919,80,5.30467899891186,5.975,999,5.35835835835836
922,77,5.28741865509761,5.97402597402597,999,5.34034034034034
921,76,5.26384364820847,5.94736842105263,997,5.31594784353059
923,76,5.19176598049838,5.82894736842105,999,5.24024024024024
921,77,5.20086862106406,5.87012987012987,998,5.25250501002004
921,78,5.27904451682953,5.8974358974359,999,5.32732732732733
920,79,5.30108695652174,5.94936708860759,999,5.35235235235235
919,77,5.31447225244831,6.1038961038961,996,5.37550200803213
918,80,5.28649237472767,6.275,998,5.36573146292585
918,81,5.23529411764706,6.08641975308642,999,5.3043043043043
922,76,5.24620390455531,6.0,998,5.30360721442886
925,73,5.21405405405405,5.89041095890411,998,5.26352705410822
921,76,5.22041259500543,5.92105263157895,997,5.27382146439318
924,74,5.21428571428571,5.89189189189189,998,5.26452905811623
925,72,5.19675675675676,6.02777777777778,997,5.2567703109328
928,70,5.14439655172414,6.14285714285714,998,5.21442885771543
927,70,5.16504854368932,6.1,997,5.23069207622869
933,66,5.19399785637728,6.0,999,5.24724724724725
935,64,5.21711229946524,6.203125,999,5.28028028028028
932,67,5.19098712446352,6.11940298507463,999,5.25325325325325
933,65,5.21650589496249,6.10769230769231,998,5.27454909819639
929,68,5.21420882669537,6.16176470588235,997,5.27883650952859
930,69,5.16344086021505,6.14492753623188,999,5.23123123123123
933,65,5.18220793140407,6.12307692307692,998,5.2434869739479
934,65,5.25053533190578,6.07692307692308,999,5.3043043043043
930,69,5.29569892473118,5.8695652173913,999,5.33533533533534
928,71,5.30387931034483,5.84507042253521,999,5.34234234234234
930,69,5.3,5.76811594202899,999,5.33233233233233
928,71,5.33512931034483,5.74647887323944,999,5.36436436436436
930,69,5.32043010752688,5.7536231884058,999,5.35035035035035
932,66,5.34549356223176,5.78787878787879,998,5.374749498998
935,64,5.33262032085562,5.875,999,5.36736736736737
928,71,5.32435344827586,5.80281690140845,999,5.35835835835836
929,70,5.32508073196986,5.94285714285714,999,5.36836836836837
928,71,5.37284482758621,5.98591549295775,999,5.41641641641642
922,77,5.3644251626898,6.1038961038961,999,5.42142142142142
925,74,5.44,6.16216216216216,999,5.49349349349349
928,71,5.38793103448276,6.07042253521127,999,5.43643643643644
926,73,5.36933045356372,6.16438356164384,999,5.42742742742743
922,74,5.40997830802603,6.10810810810811,996,5.46184738955823
924,75,5.40476190476191,6.02666666666667,999,5.45145145145145
923,76,5.40520043336945,6.0,999,5.45045045045045
922,77,5.39696312364425,5.84415584415584,999,5.43143143143143
918,79,5.41176470588235,5.94936708860759,997,5.4543630892678
917,80,5.40567066521265,5.7875,997,5.43630892678034
921,78,5.39956568946797,5.92307692307692,999,5.44044044044044
920,78,5.36847826086957,5.79487179487179,998,5.40180360721443
919,80,5.35364526659412,5.725,999,5.38338338338338
919,79,5.33623503808488,5.58227848101266,998,5.35571142284569
919,80,5.33079434167573,5.55,999,5.34834834834835
917,82,5.34460196292257,5.53658536585366,999,5.36036036036036
917,81,5.32933478735005,5.46913580246914,998,5.34068136272545
919,80,5.32861806311208,5.35,999,5.33033033033033
923,74,5.29252437703142,5.28378378378378,997,5.29187562688064
923,76,5.28927410617551,5.5,999,5.30530530530531
927,72,5.31283710895361,5.44444444444444,999,5.32232232232232
928,71,5.36530172413793,5.38028169014085,999,5.36636636636637
929,70,5.3789020452099,5.45714285714286,999,5.38438438438438
930,68,5.34516129032258,5.54411764705882,998,5.35871743486974
937,61,5.40448239060832,5.59016393442623,998,5.41583166332665
940,59,5.38191489361702,5.77966101694915,999,5.40540540540541
940,59,5.44042553191489,5.76271186440678,999,5.45945945945946
935,64,5.44919786096257,5.640625,999,5.46146146146146
939,60,5.40681576144835,5.55,999,5.41541541541542
948,51,5.39029535864979,5.35294117647059,999,5.38838838838839
942,56,5.37261146496815,5.69642857142857,998,5.39078156312625
940,58,5.39893617021277,5.55172413793103,998,5.40781563126253
946,52,5.39112050739958,5.55769230769231,998,5.3997995991984
939,58,5.42172523961661,5.70689655172414,997,5.4383149448345
943,56,5.45493107104984,5.75,999,5.47147147147147
946,53,5.44503171247357,5.90566037735849,999,5.46946946946947
946,51,5.45560253699789,5.88235294117647,997,5.47743229689067
947,52,5.46673706441394,5.86538461538461,999,5.48748748748749
944,54,5.44703389830508,5.81481481481481,998,5.46693386773547
947,52,5.47624076029567,5.86538461538461,999,5.4964964964965
948,50,5.51371308016878,5.88,998,5.53206412825651
947,52,5.57127771911299,5.67307692307692,999,5.57657657657658
954,45,5.53668763102725,5.8,999,5.54854854854855
954,44,5.5,5.72727272727273,998,5.51002004008016
954,44,5.4811320754717,5.56818181818182,998,5.48496993987976
952,46,5.50735294117647,5.3695652173913,998,5.50100200400802
955,44,5.46492146596859,5.47727272727273,999,5.46546546546547
955,44,5.49424083769633,5.54545454545455,999,5.4964964964965
956,43,5.47698744769875,5.53488372093023,999,5.47947947947948
956,43,5.4571129707113,5.58139534883721,999,5.46246246246246
956,42,5.43723849372385,5.64285714285714,998,5.44589178356713
959,40,5.45046923879041,5.525,999,5.45345345345345
960,39,5.446875,5.58974358974359,999,5.45245245245245
960,39,5.47291666666667,5.35897435897436,999,5.46846846846847
957,42,5.47021943573668,5.11904761904762,999,5.45545545545546
957,42,5.47962382445141,5.21428571428571,999,5.46846846846847
955,44,5.49109947643979,5.22727272727273,999,5.47947947947948
957,41,5.4294670846395,5.4390243902439,998,5.42985971943888
959,40,5.45985401459854,5.5,999,5.46146146146146
955,43,5.4848167539267,5.37209302325581,998,5.47995991983968
957,39,5.4367816091954,5.33333333333333,996,5.43273092369478
961,36,5.47346514047867,5.30555555555556,997,5.46740220661986
960,39,5.42083333333333,5.48717948717949,999,5.42342342342342
958,40,5.44154488517745,5.325,998,5.43687374749499
958,41,5.44572025052192,5.36585365853659,999,5.44244244244244
952,44,5.42857142857143,5.63636363636364,996,5.43775100401606
957,41,5.39080459770115,5.31707317073171,998,5.3877755511022
958,41,5.36638830897704,5.07317073170732,999,5.35435435435435
957,42,5.38871473354232,5.04761904761905,999,5.37437437437437
960,38,5.44583333333333,4.81578947368421,998,5.42184368737475
960,38,5.41354166666667,4.78947368421053,998,5.38977955911824
962,37,5.43347193347193,5.05405405405405,999,5.41941941941942
964,34,5.46576763485477,5.29411764705882,998,5.45991983967936
960,36,5.47291666666667,5.19444444444444,996,5.46285140562249
965,34,5.40414507772021,5.29411764705882,999,5.4004004004004
966,31,5.4296066252588,5.38709677419355,997,5.42828485456369
968,31,5.4845041322314,5.54838709677419,999,5.48648648648649
969,30,5.47162022703818,5.53333333333333,999,5.47347347347347
966,32,5.46169772256729,5.4375,998,5.46092184368737
967,32,5.45398138572906,5.40625,999,5.45245245245245
964,34,5.40767634854772,5.35294117647059,998,5.40581162324649
964,35,5.34647302904564,5.45714285714286,999,5.35035035035035
966,33,5.3167701863354,5.48484848484848,999,5.32232232232232
967,32,5.3329886246122,5.4375,999,5.33633633633634
964,32,5.30497925311203,5.65625,996,5.31626506024096
965,33,5.34300518134715,5.36363636363636,998,5.3436873747495
963,33,5.31152647975078,5.45454545454545,996,5.31626506024096
965,34,5.35336787564767,5.5,999,5.35835835835836
963,35,5.36552440290758,5.6,998,5.37374749498998
962,37,5.42827442827443,5.35135135135135,999,5.42542542542543
964,34,5.39211618257261,5.41176470588235,998,5.39278557114228
965,34,5.39481865284974,5.35294117647059,999,5.39339339339339
963,35,5.398753894081,5.42857142857143,998,5.3997995991984
961,38,5.44016649323621,5.36842105263158,999,5.43743743743744
965,34,5.42901554404145,5.29411764705882,999,5.42442442442442
963,36,5.41433021806854,5.55555555555556,999,5.41941941941942
963,36,5.3748701973001,5.44444444444444,999,5.37737737737738
963,35,5.43509865005192,5.34285714285714,998,5.43186372745491
966,33,5.44616977225673,5.18181818181818,999,5.43743743743744
966,33,5.40786749482402,5.12121212121212,999,5.3983983983984
968,30,5.41528925619835,5.2,998,5.40881763527054
968,30,5.38946280991736,5.1,998,5.38076152304609
966,31,5.3768115942029,5.12903225806452,997,5.3691073219659
965,33,5.38652849740933,5.15151515151515,998,5.37875751503006
964,35,5.40560165975104,4.82857142857143,999,5.38538538538539
962,36,5.43555093555094,4.69444444444444,998,5.40881763527054
964,35,5.40352697095436,4.71428571428571,999,5.37937937937938
964,34,5.40352697095436,4.67647058823529,998,5.37875751503006
966,33,5.38923395445135,5.03030303030303,999,5.37737737737738
964,33,5.38900414937759,5.15151515151515,997,5.38114343029087
963,35,5.44029075804777,5.05714285714286,998,5.42685370741483
960,39,5.49479166666667,5.25641025641026,999,5.48548548548549
963,36,5.52232606438214,4.88888888888889,999,5.4994994994995
965,33,5.53678756476684,4.90909090909091,998,5.51603206412826
971,28,5.53656024716787,4.57142857142857,999,5.50950950950951
970,28,5.56185567010309,4.85714285714286,998,5.54208416833667
970,27,5.5340206185567,4.85185185185185,997,5.51554663991976
974,25,5.57597535934292,4.84,999,5.55755755755756
973,24,5.61356628982528,5.0,997,5.5987963891675
973,25,5.57553956834532,4.88,998,5.55811623246493
975,24,5.59897435897436,4.54166666666667,999,5.57357357357357
977,21,5.64073694984647,4.14285714285714,998,5.60921843687375
978,21,5.640081799591,3.61904761904762,999,5.5975975975976
978,20,5.6441717791411,3.6,998,5.60320641282565
977,22,5.61924257932446,3.77272727272727,999,5.57857857857858
974,23,5.61601642710472,3.78260869565217,997,5.57372116349047
975,24,5.65333333333333,3.91666666666667,999,5.61161161161161
978,20,5.6359918200409,4.35,998,5.61022044088176
978,21,5.6319018404908,4.33333333333333,999,5.6046046046046
980,19,5.6469387755102,4.31578947368421,999,5.62162162162162
979,18,5.60980592441267,4.16666666666667,997,5.58375125376128
982,16,5.58553971486762,4.0,998,5.56012024048096
983,16,5.58596134282808,4.0,999,5.56056056056056
982,17,5.59979633401222,4.29411764705882,999,5.57757757757758
983,16,5.57578840284842,4.5,999,5.55855855855856
982,15,5.59063136456212,4.46666666666667,997,5.57372116349047
984,15,5.60162601626016,4.46666666666667,999,5.58458458458458
983,16,5.58494404883011,4.3125,999,5.56456456456456
983,15,5.57680569684639,4.4,998,5.55911823647295
983,15,5.50152594099695,4.6,998,5.48797595190381
982,16,5.5224032586558,4.375,998,5.50400801603206
981,17,5.53720693170234,4.23529411764706,998,5.51503006012024
980,19,5.52448979591837,4.10526315789474,999,5.4974974974975
980,18,5.5234693877551,3.94444444444444,998,5.49498997995992
981,18,5.53414882772681,3.77777777777778,999,5.5025025025025
981,18,5.51172273190622,3.94444444444444,999,5.48348348348348
