forward_num,reverse_num,forward_rate,reverse_rate,organism_num,organism_rate
5,5,5.0,5.0,10,5.0
5,5,5.0,5.0,10,5.0
5,5,5.0,5.0,10,5.0
6,5,5.33333333333333,5.0,11,5.18181818181818
7,7,5.42857142857143,5.42857142857143,14,5.42857142857143
8,8,5.375,5.375,16,5.375
11,9,5.54545454545455,5.22222222222222,20,5.4
14,11,5.42857142857143,5.54545454545455,25,5.48
14,14,5.42857142857143,5.42857142857143,28,5.42857142857143
20,16,5.7,5.375,36,5.55555555555556
20,20,5.7,5.7,40,5.7
26,20,5.61538461538461,5.7,46,5.65217391304348
34,26,5.91176470588235,5.61538461538461,60,5.78333333333333
38,32,5.81578947368421,5.875,70,5.84285714285714
48,38,5.72916666666667,5.84210526315789,86,5.77906976744186
63,39,6.04761904761905,5.84615384615385,102,5.97058823529412
68,50,5.92647058823529,5.82,118,5.88135593220339
88,64,5.85227272727273,6.078125,152,5.94736842105263
122,76,6.13934426229508,5.85526315789474,198,6.03030303030303
124,85,6.13709677419355,5.89411764705882,209,6.03827751196172
126,124,6.16666666666667,6.17741935483871,250,6.172
244,124,6.13524590163934,6.17741935483871,368,6.14945652173913
247,126,6.1336032388664,6.21428571428571,373,6.16085790884719
253,244,6.17786561264822,6.19262295081967,497,6.1851106639839
428,248,6.35514018691589,6.17338709677419,676,6.28846153846154
470,253,6.28936170212766,6.22134387351779,723,6.2655601659751
499,345,6.22845691382765,6.42608695652174,844,6.30924170616114
622,377,6.40996784565916,6.41114058355438,999,6.41041041041041
635,363,6.35590551181102,6.37190082644628,998,6.36172344689379
637,362,6.30141287284144,6.35359116022099,999,6.32032032032032
628,371,6.34872611464968,6.42587601078167,999,6.37737737737738
620,379,6.30806451612903,6.39050131926121,999,6.33933933933934
606,392,6.31683168316832,6.35459183673469,998,6.33166332665331
607,392,6.32948929159802,6.36734693877551,999,6.34434434434434
593,406,6.32546374367622,6.35467980295566,999,6.33733733733734
603,396,6.3167495854063,6.33333333333333,999,6.32332332332332
591,408,6.33164128595601,6.37990196078431,999,6.35135135135135
592,407,6.375,6.34889434889435,999,6.36436436436436
609,390,6.36288998357964,6.34102564102564,999,6.35435435435435
602,395,6.38538205980066,6.33924050632911,997,6.36710130391173
591,406,6.39763113367174,6.34729064039409,997,6.37713139418255
598,401,6.40468227424749,6.38154613466334,999,6.3953953953954
603,396,6.41791044776119,6.37121212121212,999,6.3993993993994
585,414,6.41538461538462,6.38405797101449,999,6.4024024024024
586,412,6.41296928327645,6.41990291262136,998,6.41583166332665
613,386,6.40783034257749,6.40414507772021,999,6.40640640640641
608,391,6.42598684210526,6.41687979539642,999,6.42242242242242
610,388,6.40655737704918,6.41752577319588,998,6.41082164328657
606,393,6.42079207920792,6.43256997455471,999,6.42542542542543
607,392,6.41515650741351,6.48469387755102,999,6.44244244244244
607,391,6.42339373970346,6.47058823529412,998,6.44188376753507
600,398,6.43666666666667,6.45477386934673,998,6.4438877755511
596,401,6.42281879194631,6.48877805486284,997,6.4493480441324
591,408,6.43993231810491,6.47303921568627,999,6.45345345345345
590,408,6.46271186440678,6.50245098039216,998,6.47895791583166
586,413,6.49488054607508,6.50121065375303,999,6.4974974974975
586,413,6.50341296928328,6.49394673123487,999,6.4994994994995
594,401,6.503367003367,6.47630922693267,995,6.49246231155779
598,401,6.47658862876254,6.46633416458853,999,6.47247247247247
594,405,6.50673400673401,6.50617283950617,999,6.50650650650651
608,390,6.50164473684211,6.52820512820513,998,6.51202404809619
610,389,6.51475409836066,6.5012853470437,999,6.50950950950951
612,387,6.50326797385621,6.48320413436693,999,6.4954954954955
607,390,6.51400329489292,6.50769230769231,997,6.51153460381143
606,393,6.49339933993399,6.54452926208651,999,6.51351351351351
617,380,6.50891410048622,6.58684210526316,997,6.53861584754263
613,384,6.51549755301794,6.60677083333333,997,6.5506519558676
619,380,6.51211631663974,6.58421052631579,999,6.53953953953954
624,374,6.5224358974359,6.59893048128342,998,6.55110220440882
641,357,6.53978159126365,6.63305322128852,998,6.57314629258517
637,362,6.52276295133438,6.59668508287293,999,6.54954954954955
634,364,6.51577287066246,6.61263736263736,998,6.55110220440882
639,359,6.53677621283255,6.6100278551532,998,6.56312625250501
633,365,6.52290679304897,6.5972602739726,998,6.5501002004008
630,369,6.52063492063492,6.53929539295393,999,6.52752752752753
632,367,6.5253164556962,6.56675749318801,999,6.54054054054054
633,366,6.53396524486572,6.57650273224044,999,6.54954954954955
634,363,6.53470031545741,6.60606060606061,997,6.56068204613842
627,370,6.52950558213716,6.55405405405405,997,6.53861584754263
626,371,6.53035143769968,6.56873315363881,997,6.54463390170512
639,359,6.5133020344288,6.57938718662953,998,6.53707414829659
648,349,6.53395061728395,6.60744985673352,997,6.55967903711133
640,358,6.5453125,6.62290502793296,998,6.57314629258517
635,364,6.54173228346457,6.64285714285714,999,6.57857857857858
646,350,6.56346749226006,6.64285714285714,996,6.59136546184739
638,359,6.55799373040752,6.63231197771588,997,6.58475426278837
642,356,6.55295950155763,6.6376404494382,998,6.58316633266533
639,358,6.59154929577465,6.65083798882682,997,6.61283851554664
643,356,6.57853810264386,6.69101123595506,999,6.61861861861862
638,360,6.59561128526646,6.67777777777778,998,6.625250501002
647,351,6.61669242658424,6.6980056980057,998,6.64529058116232
645,353,6.62790697674419,6.71388101983003,998,6.65831663326653
645,353,6.65116279069767,6.71104815864023,998,6.67234468937876
643,355,6.6656298600311,6.71267605633803,998,6.68236472945892
644,355,6.68012422360248,6.72957746478873,999,6.6976976976977
640,359,6.6734375,6.70473537604457,999,6.68468468468468
643,354,6.68584758942457,6.71751412429379,997,6.69709127382146
645,354,6.69612403100775,6.69774011299435,999,6.6966966966967
641,356,6.66458658346334,6.70224719101124,997,6.67803410230692
642,355,6.66510903426791,6.70140845070423,997,6.67803410230692
632,364,6.67879746835443,6.71978021978022,996,6.69377510040161
623,374,6.6677367576244,6.71122994652406,997,6.68405215646941
623,376,6.669341894061,6.71276595744681,999,6.68568568568569
631,368,6.67194928684628,6.72554347826087,999,6.69169169169169
630,368,6.68888888888889,6.70923913043478,998,6.69639278557114
627,371,6.69377990430622,6.7088948787062,998,6.69939879759519
641,357,6.68330733229329,6.69187675070028,998,6.68637274549098
638,361,6.67241379310345,6.67590027700831,999,6.67367367367367
629,368,6.66772655007949,6.68478260869565,997,6.6740220661986
629,367,6.67408585055644,6.6866485013624,996,6.67871485943775
632,367,6.68987341772152,6.69209809264305,999,6.69069069069069
622,376,6.69131832797428,6.71542553191489,998,6.70040080160321
625,373,6.6896,6.69436997319035,998,6.69138276553106
625,373,6.6832,6.68364611260054,998,6.68336673346693
623,375,6.69020866773676,6.696,998,6.69238476953908
626,373,6.66613418530351,6.71849865951743,999,6.68568568568569
630,368,6.67460317460317,6.69836956521739,998,6.68336673346693
631,368,6.67194928684628,6.75,999,6.7007007007007
618,380,6.66666666666667,6.7578947368421,998,6.70140280561122
622,377,6.67363344051447,6.77984084880637,999,6.71371371371371
624,373,6.69070512820513,6.75335120643432,997,6.71414242728185
622,376,6.68006430868167,6.77659574468085,998,6.71643286573146
631,367,6.66561014263074,6.7874659400545,998,6.71042084168337
633,365,6.67456556082148,6.76712328767123,998,6.70841683366733
626,372,6.68690095846645,6.76612903225806,998,6.71643286573146
630,369,6.69047619047619,6.75609756097561,999,6.71471471471471
628,371,6.70700636942675,6.74393530997305,999,6.72072072072072
632,365,6.68987341772152,6.75342465753425,997,6.71313941825476
630,368,6.68888888888889,6.76358695652174,998,6.71643286573146
634,365,6.67507886435331,6.75890410958904,999,6.70570570570571
634,365,6.6813880126183,6.78082191780822,999,6.71771771771772
634,365,6.68296529968454,6.76986301369863,999,6.71471471471471
630,365,6.68412698412698,6.78082191780822,995,6.71959798994975
629,367,6.69634340222576,6.7983651226158,996,6.73393574297189
637,362,6.69701726844584,6.80110497237569,999,6.73473473473473
625,372,6.6816,6.77956989247312,997,6.71815446339017
624,375,6.68910256410256,6.78666666666667,999,6.72572572572573
609,390,6.688013136289,6.81025641025641,999,6.73573573573574
616,381,6.70616883116883,6.80839895013123,997,6.74523570712136
618,381,6.69255663430421,6.83464566929134,999,6.74674674674675
606,392,6.68811881188119,6.8265306122449,998,6.74248496993988
609,390,6.69129720853859,6.84102564102564,999,6.74974974974975
617,381,6.6969205834684,6.86089238845144,998,6.75951903807615
622,377,6.70418006430868,6.86206896551724,999,6.76376376376376
620,379,6.7,6.86543535620053,999,6.76276276276276
615,382,6.71707317073171,6.84293193717278,997,6.76529588766299
622,376,6.71543408360129,6.85904255319149,998,6.76953907815631
624,373,6.72596153846154,6.88203753351206,997,6.78435305917753
622,376,6.70578778135048,6.84840425531915,998,6.75951903807615
628,369,6.70700636942675,6.88617886178862,997,6.77331995987964
634,365,6.7192429022082,6.89315068493151,999,6.78278278278278
633,364,6.71879936808847,6.91483516483517,997,6.79037111334002
630,369,6.72698412698413,6.90514905149051,999,6.79279279279279
629,369,6.73767885532591,6.8970189701897,998,6.79659318637275
623,376,6.75601926163724,6.92553191489362,999,6.81981981981982
620,377,6.74516129032258,6.92042440318302,997,6.81143430290873
621,378,6.71980676328502,6.93915343915344,999,6.8028028028028
615,384,6.71056910569106,6.8984375,999,6.78278278278278
620,377,6.72096774193548,6.88859416445623,997,6.78435305917753
624,374,6.74198717948718,6.87967914438503,998,6.7935871743487
613,386,6.74714518760196,6.84455958549223,999,6.78478478478478
614,384,6.76872964169381,6.84635416666667,998,6.79859719438878
613,386,6.74551386623165,6.8860103626943,999,6.7997997997998
607,392,6.72652388797364,6.89030612244898,999,6.79079079079079
611,387,6.7315875613748,6.89147286821705,998,6.7935871743487
603,392,6.74295190713101,6.91836734693878,995,6.81206030150754
610,389,6.74590163934426,6.93316195372751,999,6.81881881881882
609,389,6.75205254515599,6.90745501285347,998,6.812625250501
608,391,6.73190789473684,6.91304347826087,999,6.8028028028028
608,391,6.72039473684211,6.91815856777494,999,6.7977977977978
607,392,6.70181219110379,6.92602040816327,999,6.78978978978979
601,398,6.70549084858569,6.95477386934673,999,6.8048048048048
602,397,6.73089700996678,6.93702770780856,999,6.81281281281281
598,400,6.70735785953177,6.9675,998,6.81162324649299
603,396,6.74792703150912,6.98484848484848,999,6.84184184184184
608,390,6.75822368421053,6.98205128205128,998,6.84569138276553
601,396,6.74376039933444,7.0,997,6.84553660982949
601,397,6.76539101497504,7.00755667506297,998,6.86172344689379
613,385,6.76508972267537,7.01298701298701,998,6.86072144288577
608,391,6.74671052631579,7.02046035805627,999,6.85385385385385
615,383,6.78048780487805,7.01566579634465,998,6.87074148296593
615,384,6.7739837398374,7.00520833333333,999,6.86286286286286
612,387,6.80228758169935,7.02583979328165,999,6.88888888888889
612,386,6.79738562091503,7.05181347150259,998,6.89579158316633
622,375,6.80868167202572,7.05866666666667,997,6.90270812437312
624,374,6.8125,7.09625668449198,998,6.9188376753507
626,371,6.79712460063898,7.08894878706199,997,6.90571715145436
623,376,6.80096308186196,7.09042553191489,999,6.90990990990991
619,379,6.81098546042003,7.05277044854881,998,6.90280561122244
614,384,6.83876221498371,7.05989583333333,998,6.92384769539078
625,372,6.856,7.04301075268817,997,6.92577733199599
627,371,6.86283891547049,7.06199460916442,998,6.93687374749499
621,378,6.87600644122383,7.0978835978836,999,6.95995995995996
629,370,6.89825119236884,7.1,999,6.97297297297297
632,367,6.91930379746835,7.10899182561308,999,6.98898898898899
627,372,6.89952153110048,7.12096774193548,999,6.98198198198198
632,366,6.90348101265823,7.09289617486339,998,6.97294589178357
631,367,6.88906497622821,7.12806539509537,998,6.97695390781563
634,363,6.9179810725552,7.13498622589532,997,6.99699097291876
630,367,6.91111111111111,7.15803814713896,997,7.00200601805416
629,368,6.91414944356121,7.1929347826087,997,7.01705115346038
633,365,6.91627172195893,7.18082191780822,998,7.01302605210421
640,359,6.9125,7.1949860724234,999,7.01401401401401
638,361,6.91849529780564,7.19113573407202,999,7.01701701701702
649,350,6.92295839753467,7.17714285714286,999,7.01201201201201
652,346,6.93558282208589,7.17052023121387,998,7.01703406813627
657,341,6.93911719939117,7.17888563049853,998,7.02104208416834
661,338,6.93192133131619,7.19526627218935,999,7.02102102102102
656,343,6.94664634146341,7.20991253644315,999,7.03703703703704
654,343,6.93425076452599,7.19533527696793,997,7.02407221664995
662,334,6.92749244712991,7.2065868263473,996,7.0210843373494
671,325,6.93889716840537,7.24615384615385,996,7.03915662650602
665,334,6.92781954887218,7.23053892215569,999,7.02902902902903
669,329,6.91479820627803,7.21884498480243,998,7.01503006012024
675,322,6.93333333333333,7.20496894409938,997,7.02106318956871
676,322,6.92751479289941,7.2111801242236,998,7.01903807615231
684,314,6.9327485380117,7.18471337579618,998,7.01202404809619
688,310,6.93895348837209,7.21290322580645,998,7.02404809619238
680,318,6.93823529411765,7.22012578616352,998,7.02805611222445
675,323,6.94074074074074,7.19814241486068,998,7.02404809619238
675,324,6.94962962962963,7.19444444444444,999,7.02902902902903
683,316,6.96632503660322,7.20886075949367,999,7.04304304304304
681,318,6.9647577092511,7.20754716981132,999,7.04204204204204
690,309,6.9231884057971,7.18446601941748,999,7.004004004004
685,312,6.91386861313869,7.20192307692308,997,7.00401203610832
683,314,6.93557833089312,7.22611464968153,997,7.02708124373119
693,306,6.92352092352092,7.23202614379085,999,7.01801801801802
693,306,6.93217893217893,7.23529411764706,999,7.02502502502503
682,317,6.93841642228739,7.2397476340694,999,7.03403403403403
686,313,6.93294460641399,7.24600638977636,999,7.03103103103103
697,300,6.94117647058824,7.28,997,7.04312938816449
685,313,6.94160583941606,7.31309904153355,998,7.05811623246493
685,313,6.95182481751825,7.30990415335463,998,7.06412825651303
696,303,6.94683908045977,7.33333333333333,999,7.06406406406406
694,305,6.92363112391931,7.34426229508197,999,7.05205205205205
698,300,6.91977077363897,7.37666666666667,998,7.05711422845691
700,298,6.95,7.3758389261745,998,7.07715430861723
696,302,6.94396551724138,7.39072847682119,998,7.07915831663327
693,305,6.97835497835498,7.42622950819672,998,7.11523046092184
698,300,6.97134670487106,7.44666666666667,998,7.11422845691383
689,310,6.95065312046444,7.44838709677419,999,7.10510510510511
685,314,6.95036496350365,7.47452229299363,999,7.11511511511512
682,315,6.96774193548387,7.48253968253968,997,7.13039117352056
674,325,6.98813056379822,7.48923076923077,999,7.15115115115115
666,331,6.996996996997,7.48640483383686,997,7.15947843530592
671,327,6.98360655737705,7.50152905198777,998,7.15330661322645
672,326,6.98809523809524,7.51840490797546,998,7.16132264529058
670,329,6.99701492537313,7.50455927051672,999,7.16416416416416
671,328,7.00298062593145,7.50914634146341,999,7.16916916916917
668,329,7.01197604790419,7.52279635258359,997,7.18054162487462
680,319,6.99558823529412,7.50470219435737,999,7.15815815815816
676,323,6.97781065088757,7.54179566563467,999,7.16016016016016
679,320,6.9720176730486,7.5625,999,7.16116116116116
681,318,6.98384728340675,7.57547169811321,999,7.17217217217217
680,315,6.97941176470588,7.55555555555556,995,7.16180904522613
689,308,6.98548621190131,7.53896103896104,997,7.15646940822467
691,308,6.98408104196816,7.51623376623377,999,7.14814814814815
700,297,6.98857142857143,7.4983164983165,997,7.14042126379137
695,302,6.97122302158273,7.50331125827815,997,7.13239719157472
698,301,6.97994269340974,7.45514950166113,999,7.12312312312312
692,305,6.98843930635838,7.45573770491803,997,7.13139418254764
693,305,7.001443001443,7.42950819672131,998,7.13226452905812
690,309,6.99710144927536,7.43042071197411,999,7.13113113113113
681,318,7.00293685756241,7.44654088050314,999,7.14414414414414
684,315,6.99122807017544,7.45396825396825,999,7.13713713713714
672,326,7.00297619047619,7.45398773006135,998,7.1503006012024
674,323,7.03115727002967,7.47368421052632,997,7.17452357071214
681,318,7.03964757709251,7.48427672955975,999,7.18118118118118
672,326,7.04017857142857,7.50306748466258,998,7.19138276553106
685,312,7.04525547445255,7.51282051282051,997,7.19157472417252
679,319,7.07069219440353,7.51724137931035,998,7.21342685370742
668,330,7.07934131736527,7.55454545454545,998,7.23647294589178
678,321,7.10029498525074,7.53582554517134,999,7.24024024024024
678,319,7.11061946902655,7.50156739811912,997,7.23570712136409
676,322,7.10798816568047,7.50621118012422,998,7.23647294589178
677,322,7.10930576070901,7.48757763975155,999,7.23123123123123
676,323,7.11538461538461,7.46439628482972,999,7.22822822822823
681,317,7.12922173274596,7.45425867507886,998,7.23246492985972
679,320,7.11634756995582,7.45,999,7.22322322322322
682,316,7.14076246334311,7.45253164556962,998,7.23947895791583
683,316,7.14055636896047,7.46518987341772,999,7.24324324324324
690,309,7.13768115942029,7.4368932038835,999,7.23023023023023
685,314,7.16350364963504,7.43630573248408,999,7.24924924924925
686,313,7.15597667638484,7.43130990415335,999,7.24224224224224
685,314,7.15328467153285,7.44904458598726,999,7.24624624624625
671,328,7.16542473919523,7.43292682926829,999,7.25325325325325
679,317,7.16347569955817,7.41955835962145,996,7.24497991967872
684,315,7.16959064327485,7.42857142857143,999,7.25125125125125
679,320,7.17231222385862,7.46875,999,7.26726726726727
681,317,7.19089574155653,7.45741324921136,998,7.27555110220441
684,315,7.20321637426901,7.52063492063492,999,7.3033033033033
683,314,7.2108345534407,7.52866242038217,997,7.31093279839519
690,308,7.19855072463768,7.56493506493506,998,7.31162324649299
690,309,7.17971014492754,7.55016181229773,999,7.29429429429429
695,304,7.18705035971223,7.50657894736842,999,7.28428428428428
684,311,7.1827485380117,7.52733118971061,995,7.29045226130653
689,310,7.19303338171263,7.56129032258065,999,7.30730730730731
688,310,7.22383720930233,7.55483870967742,998,7.32665330661323
691,307,7.2315484804631,7.57328990228013,998,7.33667334669339
691,307,7.24746743849493,7.56026058631922,998,7.3436873747495
695,302,7.25323741007194,7.56622516556291,997,7.34804413239719
697,301,7.27259684361549,7.54485049833887,998,7.35470941883768
691,305,7.25036179450072,7.52131147540984,996,7.33333333333333
694,305,7.25504322766571,7.55409836065574,999,7.34634634634635
696,303,7.25287356321839,7.55775577557756,999,7.34534534534535
688,311,7.24563953488372,7.56591639871383,999,7.34534534534535
678,319,7.25368731563422,7.58620689655172,997,7.36008024072217
687,311,7.25181950509461,7.54340836012862,998,7.34268537074148
682,315,7.27126099706745,7.4984126984127,997,7.34302908726178
687,311,7.25764192139738,7.5016077170418,998,7.33366733466934
696,303,7.24425287356322,7.5049504950495,999,7.32332332332332
690,309,7.25797101449275,7.50161812297735,999,7.33333333333333
686,312,7.27259475218659,7.47435897435897,998,7.33567134268537
697,301,7.27116212338594,7.51162790697674,998,7.3436873747495
700,299,7.26571428571429,7.50167224080268,999,7.33633633633634
697,301,7.27403156384505,7.51162790697674,998,7.34569138276553
693,306,7.25541125541126,7.49019607843137,999,7.32732732732733
694,304,7.26224783861672,7.51644736842105,998,7.33967935871743
698,300,7.2621776504298,7.51333333333333,998,7.3376753507014
699,298,7.26037195994278,7.52684563758389,997,7.34002006018054
697,301,7.26972740315638,7.53488372093023,998,7.3496993987976
694,305,7.26368876080692,7.4983606557377,999,7.33533533533534
699,300,7.24606580829757,7.53,999,7.33133133133133
707,292,7.25176803394625,7.52054794520548,999,7.33033033033033
710,287,7.22957746478873,7.49825783972125,997,7.30692076228686
710,289,7.21549295774648,7.50519031141869,999,7.2992992992993
710,286,7.22535211267606,7.52097902097902,996,7.31024096385542
708,289,7.23728813559322,7.55363321799308,997,7.32898696088265
710,287,7.21971830985915,7.54006968641115,997,7.31193580742227
708,290,7.22881355932203,7.58620689655172,998,7.33266533066132
706,292,7.24504249291785,7.58904109589041,998,7.34569138276553
701,298,7.21540656205421,7.61409395973154,999,7.33433433433433
696,303,7.23419540229885,7.64026402640264,999,7.35735735735736
695,303,7.23021582733813,7.5973597359736,998,7.34168336673347
693,306,7.25685425685426,7.62091503267974,999,7.36836836836837
693,306,7.24098124098124,7.63725490196078,999,7.36236236236236
680,319,7.22941176470588,7.61128526645768,999,7.35135135135135
672,326,7.24553571428571,7.61656441717791,998,7.36673346693387
673,326,7.2407132243685,7.60736196319018,999,7.36036036036036
665,333,7.25864661654135,7.59159159159159,998,7.36973947895792
663,336,7.2684766214178,7.58630952380952,999,7.37537537537538
663,336,7.29411764705882,7.5625,999,7.38438438438438
660,339,7.31666666666667,7.56047197640118,999,7.3993993993994
665,333,7.34586466165414,7.57957957957958,998,7.42384769539078
667,332,7.32533733133433,7.57228915662651,999,7.40740740740741
666,332,7.31081081081081,7.60843373493976,998,7.40981963927856
669,330,7.29446935724963,7.62121212121212,999,7.4024024024024
668,327,7.29640718562874,7.65749235474006,995,7.41507537688442
665,333,7.3187969924812,7.64864864864865,998,7.42885771543086
670,327,7.31641791044776,7.6697247706422,997,7.43229689067202
672,326,7.30357142857143,7.66871165644172,998,7.42284569138277
672,326,7.3125,7.69325153374233,998,7.43687374749499
671,327,7.28166915052161,7.69418960244648,998,7.41683366733467
673,325,7.27637444279346,7.73230769230769,998,7.4248496993988
671,328,7.27868852459016,7.71341463414634,999,7.42142142142142
672,324,7.30505952380952,7.70679012345679,996,7.43574297188755
665,334,7.30375939849624,7.68263473053892,999,7.43043043043043
660,338,7.29090909090909,7.66272189349112,998,7.41683366733467
667,332,7.28785607196402,7.64156626506024,999,7.40540540540541
670,329,7.33582089552239,7.6565349544073,999,7.44144144144144
673,326,7.30609212481426,7.65950920245399,999,7.42142142142142
666,332,7.3033033033033,7.65963855421687,998,7.42184368737475
668,330,7.30838323353293,7.66060606060606,998,7.4248496993988
676,323,7.30473372781065,7.65015479876161,999,7.41641641641642
670,329,7.31044776119403,7.65045592705167,999,7.42242242242242
670,327,7.30746268656716,7.67278287461774,997,7.42728184553661
678,321,7.29646017699115,7.68535825545171,999,7.42142142142142
673,325,7.29866270430906,7.71692307692308,998,7.43486973947896
667,330,7.32983508245877,7.73030303030303,997,7.46238716148445
663,335,7.29562594268477,7.69850746268657,998,7.43086172344689
668,329,7.2934131736527,7.69908814589666,997,7.42728184553661
664,335,7.31024096385542,7.70149253731343,999,7.44144144144144
663,335,7.32428355957768,7.68955223880597,998,7.44689378757515
671,328,7.34128166915052,7.6890243902439,999,7.45545545545546
668,330,7.34281437125748,7.6969696969697,998,7.45991983967936
661,338,7.36006051437216,7.68639053254438,999,7.47047047047047
677,321,7.35598227474151,7.71028037383178,998,7.46993987975952
683,315,7.36603221083455,7.72698412698413,998,7.47995991983968
677,321,7.38257016248154,7.71339563862928,998,7.48897795591182
685,314,7.37226277372263,7.69745222929936,999,7.47447447447447
698,300,7.38681948424069,7.7,998,7.48096192384769
702,296,7.3974358974359,7.69594594594595,998,7.48597194388778
704,294,7.40909090909091,7.69727891156463,998,7.4939879759519
704,294,7.42613636363636,7.68707482993197,998,7.50300601202405
703,295,7.42674253200569,7.73220338983051,998,7.51703406813627
703,295,7.42816500711238,7.72203389830509,998,7.51503006012024
704,295,7.4375,7.73559322033898,999,7.52552552552553
707,292,7.43847241867044,7.71575342465753,999,7.51951951951952
701,298,7.44507845934379,7.72818791946309,999,7.52952952952953
695,303,7.47625899280576,7.74257425742574,998,7.55711422845691
700,299,7.46571428571429,7.74247491638796,999,7.54854854854855
702,297,7.47720797720798,7.7003367003367,999,7.54354354354354
699,300,7.47496423462089,7.67666666666667,999,7.53553553553554
697,302,7.47489239598278,7.68211920529801,999,7.53753753753754
693,306,7.48340548340548,7.64705882352941,999,7.53353353353353
691,307,7.47901591895803,7.6970684039088,998,7.54609218436874
699,300,7.48783977110157,7.68333333333333,999,7.54654654654655
708,288,7.47316384180791,7.6875,996,7.535140562249
704,294,7.46590909090909,7.74149659863946,998,7.54709418837675
710,289,7.47887323943662,7.71280276816609,999,7.54654654654655
712,286,7.49297752808989,7.72377622377622,998,7.55911823647295
706,291,7.45750708215297,7.73539518900344,997,7.53861584754263
710,288,7.46056338028169,7.71180555555556,998,7.53306613226453
707,292,7.45544554455446,7.76369863013699,999,7.54554554554555
712,287,7.47752808988764,7.78745644599303,999,7.56656656656657
715,284,7.47132867132867,7.82394366197183,999,7.57157157157157
716,283,7.49022346368715,7.84805653710247,999,7.59159159159159
715,284,7.52587412587413,7.79929577464789,999,7.6036036036036
720,277,7.50277777777778,7.7942238267148,997,7.58375125376128
730,267,7.5,7.79775280898876,997,7.57973921765296
730,269,7.49041095890411,7.817843866171,999,7.57857857857858
736,261,7.50679347826087,7.77777777777778,997,7.5777331995988
737,262,7.4966078697422,7.79007633587786,999,7.57357357357357
735,264,7.47074829931973,7.78787878787879,999,7.55455455455455
732,266,7.48224043715847,7.82706766917293,998,7.57414829659319
740,259,7.46621621621622,7.80694980694981,999,7.55455455455455
730,269,7.47534246575342,7.78438661710037,999,7.55855855855856
737,261,7.48982360922659,7.77394636015326,998,7.56412825651303
736,263,7.48097826086957,7.79087452471483,999,7.56256256256256
734,263,7.46730245231608,7.76045627376426,997,7.54463390170512
730,269,7.46712328767123,7.76579925650558,999,7.54754754754755
734,265,7.45367847411444,7.78490566037736,999,7.54154154154154
737,261,7.46675712347354,7.77777777777778,998,7.54809619238477
733,266,7.4774897680764,7.75563909774436,999,7.55155155155155
735,264,7.4843537414966,7.70454545454545,999,7.54254254254254
733,266,7.49522510231924,7.71804511278195,999,7.55455455455455
730,269,7.49041095890411,7.69888475836431,999,7.54654654654655
724,272,7.47237569060773,7.65808823529412,996,7.52309236947791
728,271,7.46428571428571,7.68265682656827,999,7.52352352352352
736,262,7.44021739130435,7.66793893129771,998,7.5
733,266,7.42291950886767,7.64285714285714,999,7.48148148148148
732,265,7.44398907103825,7.59245283018868,997,7.48345035105316
738,261,7.45257452574526,7.65900383141762,999,7.50650650650651
745,254,7.45771812080537,7.71653543307087,999,7.52352352352352
745,252,7.4510067114094,7.70238095238095,997,7.51454363089268
746,251,7.47319034852547,7.71314741035857,997,7.53360080240722
749,249,7.47797062750334,7.75100401606426,998,7.54609218436874
748,251,7.47593582887701,7.73705179282869,999,7.54154154154154
745,254,7.46174496644295,7.70866141732283,999,7.52452452452452
748,251,7.47860962566845,7.69721115537849,999,7.53353353353353
756,242,7.46957671957672,7.6900826446281,998,7.52304609218437
758,239,7.45514511873351,7.70292887029289,997,7.51454363089268
759,237,7.4532279314888,7.70886075949367,996,7.5140562248996
760,237,7.46973684210526,7.70042194092827,997,7.52457372116349
771,227,7.45395590142672,7.70044052863436,998,7.51002004008016
765,234,7.43529411764706,7.74358974358974,999,7.50750750750751
760,237,7.44473684210526,7.70886075949367,997,7.50752256770311
756,243,7.43121693121693,7.73251028806584,999,7.5045045045045
749,246,7.43391188251001,7.7479674796748,995,7.51155778894472
742,256,7.41509433962264,7.80078125,998,7.51402805611222
746,251,7.42895442359249,7.82470119521912,997,7.52858575727182
742,256,7.42318059299191,7.8125,998,7.52304609218437
745,254,7.42818791946309,7.83858267716535,999,7.53253253253253
743,256,7.43472409152086,7.82421875,999,7.53453453453453
752,244,7.45212765957447,7.82786885245902,996,7.54417670682731
757,242,7.44253632760898,7.81818181818182,999,7.53353353353353
762,236,7.47112860892388,7.80084745762712,998,7.54909819639279
756,241,7.47486772486772,7.80912863070539,997,7.55566700100301
754,244,7.4867374005305,7.77868852459016,998,7.55811623246493
764,235,7.49083769633508,7.77446808510638,999,7.55755755755756
767,230,7.51368970013038,7.73478260869565,997,7.56469408224674
763,236,7.51638269986894,7.75,999,7.57157157157157
770,228,7.52987012987013,7.7280701754386,998,7.5751503006012
770,229,7.52337662337662,7.75982532751092,999,7.57757757757758
775,223,7.49677419354839,7.69506726457399,998,7.54108216432866
768,231,7.51171875,7.73160173160173,999,7.56256256256256
772,226,7.51165803108808,7.72566371681416,998,7.56012024048096
773,226,7.51746442432083,7.72566371681416,999,7.56456456456456
772,225,7.53886010362694,7.71111111111111,997,7.5777331995988
773,225,7.5640362225097,7.69333333333333,998,7.59318637274549
775,224,7.55612903225806,7.68303571428571,999,7.58458458458458
775,224,7.55096774193548,7.70089285714286,999,7.58458458458458
777,221,7.54054054054054,7.710407239819,998,7.57815631262525
786,213,7.54834605597964,7.70422535211268,999,7.58158158158158
791,208,7.55499367888748,7.71153846153846,999,7.58758758758759
794,204,7.54659949622166,7.69607843137255,998,7.57715430861723
789,210,7.55133079847909,7.68095238095238,999,7.57857857857858
785,214,7.51847133757962,7.70093457943925,999,7.55755755755756
790,209,7.50632911392405,7.68421052631579,999,7.54354354354354
788,209,7.5,7.69856459330144,997,7.54162487462387
786,211,7.49618320610687,7.66824644549763,997,7.53259779338014
789,208,7.50063371356147,7.66826923076923,997,7.53560682046138
791,207,7.50821744627054,7.66666666666667,998,7.54108216432866
794,203,7.51259445843829,7.67487684729064,997,7.5456369107322
797,201,7.5069008782936,7.65671641791045,998,7.53707414829659
801,197,7.51935081148564,7.62944162436548,998,7.54108216432866
799,199,7.49937421777221,7.67336683417085,998,7.53406813627254
807,191,7.50557620817844,7.66492146596859,998,7.53607214428858
809,190,7.48207663782447,7.69473684210526,999,7.52252252252252
811,184,7.4636251541307,7.69565217391304,995,7.50653266331658
815,182,7.47975460122699,7.72527472527473,997,7.52457372116349
805,194,7.46708074534162,7.71649484536082,999,7.51551551551552
811,187,7.48705302096178,7.7807486631016,998,7.54208416833667
807,192,7.47211895910781,7.82291666666667,999,7.53953953953954
802,196,7.47381546134663,7.81122448979592,998,7.54008016032064
805,194,7.47329192546584,7.81443298969072,999,7.53953953953954
803,195,7.48318804483188,7.8,998,7.54509018036072
803,195,7.48069738480697,7.8,998,7.54308617234469
804,195,7.46517412935323,7.83589743589744,999,7.53753753753754
800,197,7.4925,7.83756345177665,997,7.56068204613842
802,195,7.48503740648379,7.77948717948718,997,7.54262788365095
803,196,7.47322540473225,7.80612244897959,999,7.53853853853854
803,195,7.4906600249066,7.82564102564103,998,7.5561122244489
807,190,7.48698884758364,7.84736842105263,997,7.55566700100301
810,188,7.47654320987654,7.85106382978723,998,7.54709418837675
820,179,7.48170731707317,7.91061452513966,999,7.55855855855856
817,181,7.48714810281518,7.92265193370166,998,7.56613226452906
814,185,7.48525798525799,7.90810810810811,999,7.56356356356356
811,188,7.48705302096178,7.90425531914894,999,7.56556556556557
814,185,7.49262899262899,7.94594594594595,999,7.57657657657658
811,188,7.49198520345253,7.93617021276596,999,7.57557557557558
811,188,7.50431565967941,7.98936170212766,999,7.5955955955956
821,178,7.50791717417783,7.97752808988764,999,7.59159159159159
819,180,7.52503052503052,7.95555555555556,999,7.6026026026026
821,177,7.54933008526188,7.9774011299435,998,7.625250501002
833,164,7.56302521008403,7.97560975609756,997,7.6308926780341
833,166,7.56302521008403,8.02409638554217,999,7.63963963963964
837,162,7.58661887694146,8.03086419753086,999,7.65865865865866
841,156,7.60404280618312,8.02564102564103,997,7.67001003009027
839,160,7.60190703218117,8.04375,999,7.67267267267267
836,161,7.58373205741627,8.03726708074534,997,7.65697091273822
839,160,7.58402860548272,8.04375,999,7.65765765765766
844,155,7.6042654028436,8.03870967741936,999,7.67167167167167
851,147,7.60164512338425,8.03401360544218,998,7.66533066132265
853,145,7.60375146541618,8.02758620689655,998,7.66533066132265
851,148,7.6192714453584,8.01351351351351,999,7.67767767767768
851,148,7.60282021151586,7.96621621621622,999,7.65665665665666
852,145,7.60915492957746,7.95172413793103,997,7.65897693079238
860,138,7.60697674418605,7.95652173913043,998,7.65531062124249
867,132,7.62975778546713,7.97727272727273,999,7.67567567567568
866,131,7.61431870669746,8.00763358778626,997,7.66599799398195
865,134,7.61734104046243,7.95522388059702,999,7.66266266266266
863,136,7.63615295480881,8.02941176470588,999,7.68968968968969
859,139,7.62630966239814,8.07913669064748,998,7.68937875751503
864,133,7.63078703703704,8.06015037593985,997,7.68806419257773
855,144,7.61637426900585,8.02777777777778,999,7.67567567567568
860,138,7.61395348837209,8.04347826086956,998,7.67334669338677
857,141,7.61026837806301,8.0709219858156,998,7.67535070140281
845,152,7.61065088757396,8.03947368421053,997,7.67602808425276
855,144,7.6046783625731,8.04861111111111,999,7.66866866866867
859,140,7.61001164144354,8.09285714285714,999,7.67767767767768
845,154,7.6189349112426,8.06493506493507,999,7.68768768768769
851,147,7.64394829612221,8.04761904761905,998,7.70340681362725
859,140,7.64959254947613,8.07857142857143,999,7.70970970970971
851,148,7.66392479435958,8.04054054054054,999,7.71971971971972
852,146,7.67723004694836,8.06849315068493,998,7.73446893787575
855,144,7.68888888888889,8.04861111111111,999,7.74074074074074
854,144,7.68969555035129,8.06944444444444,998,7.74448897795591
845,153,7.69585798816568,8.05228758169935,998,7.75050100200401
846,153,7.7080378250591,8.03267973856209,999,7.75775775775776
848,150,7.70518867924528,7.98666666666667,998,7.74749498997996
845,153,7.70177514792899,7.95424836601307,998,7.74048096192385
848,151,7.72405660377358,7.94701986754967,999,7.75775775775776
847,151,7.70365997638725,7.93377483443709,998,7.73847695390782
851,148,7.70035252643948,7.91891891891892,999,7.73273273273273
855,143,7.68070175438597,7.92307692307692,998,7.71543086172345
854,142,7.66393442622951,7.93661971830986,996,7.70281124497992
863,134,7.68134414831981,7.88805970149254,997,7.70912738214644
865,134,7.68208092485549,7.91044776119403,999,7.71271271271271
864,135,7.68518518518519,7.9037037037037,999,7.71471471471471
864,135,7.69907407407407,7.94814814814815,999,7.73273273273273
859,140,7.66589057043073,7.95714285714286,999,7.70670670670671
858,141,7.66200466200466,7.87943262411348,999,7.69269269269269
846,153,7.66312056737589,7.89542483660131,999,7.6986986986987
845,154,7.64615384615385,7.87012987012987,999,7.68068068068068
840,158,7.62619047619048,7.89873417721519,998,7.66933867735471
844,155,7.61492890995261,7.84516129032258,999,7.65065065065065
843,156,7.63345195729537,7.85897435897436,999,7.66866866866867
847,152,7.61865407319953,7.90789473684211,999,7.66266266266266
849,150,7.61248527679623,7.86,999,7.64964964964965
848,149,7.63915094339623,7.83892617449664,997,7.66900702106319
850,148,7.63882352941176,7.84459459459459,998,7.66933867735471
847,152,7.64580873671783,7.84868421052632,999,7.67667667667668
845,154,7.63431952662722,7.87662337662338,999,7.67167167167167
848,150,7.64740566037736,7.86666666666667,998,7.68036072144289
849,148,7.65842167255595,7.94594594594595,997,7.70110330992979
846,153,7.65957446808511,7.90196078431373,999,7.6966966966967
848,151,7.65448113207547,7.94701986754967,999,7.6986986986987
849,150,7.66902237926973,7.92666666666667,999,7.70770770770771
851,146,7.6662749706228,7.93150684931507,997,7.70511534603811
853,146,7.67760844079719,7.94520547945205,999,7.71671671671672
847,151,7.6741440377804,7.96688741721854,998,7.7184368737475
843,155,7.71174377224199,7.99354838709677,998,7.75551102204409
839,159,7.70321811680572,7.9622641509434,998,7.74448897795591
836,163,7.688995215311,7.99386503067485,999,7.73873873873874
835,164,7.69341317365269,7.92682926829268,999,7.73173173173173
835,163,7.67784431137725,7.95705521472393,998,7.72344689378758
836,161,7.6877990430622,7.90062111801242,997,7.7221664994985
831,165,7.70998796630566,7.92727272727273,996,7.74598393574297
827,171,7.69649334945586,7.92982456140351,998,7.73647294589178
839,160,7.69964243146603,7.925,999,7.73573573573574
840,159,7.68690476190476,7.93710691823899,999,7.72672672672673
839,160,7.69606674612634,7.89375,999,7.72772772772773
839,159,7.67938021454112,7.88679245283019,998,7.7124248496994
833,165,7.68307322929172,7.9030303030303,998,7.71943887775551
836,162,7.69019138755981,7.92592592592593,998,7.72845691382765
833,166,7.69507803121248,7.90361445783132,999,7.72972972972973
831,167,7.71239470517449,7.95209580838323,998,7.75250501002004
837,162,7.70848267622461,7.96913580246914,999,7.75075075075075
833,165,7.71788715486194,7.98787878787879,998,7.7625250501002
841,158,7.7384066587396,7.98101265822785,999,7.77677677677678
843,156,7.74139976275208,7.98076923076923,999,7.77877877877878
842,156,7.75890736342043,7.99358974358974,998,7.79559118236473
842,155,7.7541567695962,8.01290322580645,997,7.79438314944835
842,156,7.74228028503563,8.03205128205128,998,7.7875751503006
841,158,7.74316290130797,8.0379746835443,999,7.78978978978979
840,158,7.72142857142857,8.03164556962025,998,7.77054108216433
834,165,7.72541966426859,8.09090909090909,999,7.78578578578579
835,161,7.7437125748503,8.11801242236025,996,7.80421686746988
835,163,7.74251497005988,8.08588957055215,998,7.79859719438878
826,172,7.75302663438257,8.09883720930233,998,7.812625250501
838,161,7.74343675417661,8.11801242236025,999,7.8038038038038
840,159,7.73095238095238,8.11320754716981,999,7.79179179179179
844,154,7.7345971563981,8.11688311688312,998,7.7935871743487
844,154,7.72985781990521,8.08441558441558,998,7.78456913827655
850,149,7.73764705882353,8.12751677852349,999,7.7957957957958
854,144,7.7248243559719,8.14583333333333,998,7.78557114228457
859,140,7.71944121071013,8.18571428571429,999,7.78478478478478
863,135,7.69872537659328,8.17777777777778,998,7.76352705410822
865,134,7.68323699421965,8.14179104477612,999,7.74474474474474
859,140,7.69383003492433,8.18571428571429,999,7.76276276276276
855,142,7.69005847953216,8.17605633802817,997,7.7592778335005
856,143,7.68808411214953,8.17482517482518,999,7.75775775775776
850,148,7.68,8.15540540540541,998,7.75050100200401
859,139,7.68102444703143,8.18705035971223,998,7.75150300601202
863,136,7.68713789107764,8.21323529411765,999,7.75875875875876
860,138,7.69651162790698,8.15217391304348,998,7.75951903807615
863,136,7.70799536500579,8.15441176470588,999,7.76876876876877
862,137,7.69489559164733,8.12408759124088,999,7.75375375375375
862,137,7.70649651972158,8.11678832116788,999,7.76276276276276
864,135,7.71064814814815,8.05185185185185,999,7.75675675675676
866,132,7.70438799076212,8.03787878787879,998,7.74849699398798
866,133,7.69745958429561,8.02255639097744,999,7.74074074074074
870,129,7.68275862068965,8.04651162790698,999,7.72972972972973
867,129,7.67128027681661,8.06976744186047,996,7.72289156626506
871,128,7.70034443168772,8.1015625,999,7.75175175175175
877,122,7.69897377423033,8.11475409836066,999,7.74974974974975
875,124,7.72,8.14516129032258,999,7.77277277277277
873,124,7.7205040091638,8.12903225806452,997,7.77131394182548
872,127,7.71215596330275,8.11811023622047,999,7.76376376376376
869,129,7.72036823935558,8.08527131782946,998,7.76753507014028
876,123,7.70205479452055,7.97560975609756,999,7.73573573573574
873,125,7.69530355097365,7.936,998,7.72545090180361
871,127,7.69690011481056,7.88188976377953,998,7.72044088176353
874,125,7.72883295194508,7.864,999,7.74574574574575
879,120,7.73037542662116,7.89166666666667,999,7.74974974974975
880,118,7.73409090909091,7.88135593220339,998,7.75150300601202
877,121,7.74914481185861,7.81818181818182,998,7.75751503006012
878,121,7.74031890660592,7.83471074380165,999,7.75175175175175
881,118,7.75141884222474,7.8135593220339,999,7.75875875875876
879,120,7.76109215017065,7.80833333333333,999,7.76676676676677
883,112,7.7599093997735,7.83035714285714,995,7.7678391959799
880,119,7.75568181818182,7.82352941176471,999,7.76376376376376
879,119,7.74402730375427,7.81512605042017,998,7.75250501002004
875,124,7.752,7.81451612903226,999,7.75975975975976
875,123,7.752,7.76422764227642,998,7.75350701402806
878,120,7.74031890660592,7.75,998,7.74148296593186
872,126,7.75344036697248,7.80952380952381,998,7.76052104208417
871,127,7.74282433983926,7.78740157480315,998,7.74849699398798
873,124,7.76174112256586,7.83064516129032,997,7.7703109327984
868,129,7.74884792626728,7.85271317829457,997,7.76228686058174
868,130,7.76152073732719,7.86153846153846,998,7.77454909819639
868,131,7.75115207373272,7.87022900763359,999,7.76676676676677
864,135,7.75231481481481,7.87407407407407,999,7.76876876876877
859,140,7.72759022118743,7.90714285714286,999,7.75275275275275
863,135,7.7369640787949,7.91851851851852,998,7.76152304609218
863,136,7.74623406720742,7.88235294117647,999,7.76476476476476
858,141,7.76806526806527,7.91489361702128,999,7.78878878878879
867,131,7.75778546712803,7.9236641221374,998,7.77955911823647
865,133,7.75606936416185,7.93984962406015,998,7.78056112224449
864,135,7.75578703703704,7.99259259259259,999,7.78778778778779
867,132,7.77393310265283,7.97727272727273,999,7.8008008008008
864,135,7.75578703703704,8.0,999,7.78878878878879
860,139,7.76860465116279,7.98561151079137,999,7.7987987987988
862,133,7.75406032482599,7.98496240601504,995,7.78492462311558
867,132,7.75432525951557,7.97727272727273,999,7.78378378378378
866,133,7.73672055427252,8.02255639097744,999,7.77477477477477
866,132,7.75866050808314,8.03030303030303,998,7.79458917835671
863,134,7.74159907300116,8.07462686567164,997,7.78635907723169
869,130,7.74223245109321,8.04615384615385,999,7.78178178178178
870,129,7.73218390804598,8.10077519379845,999,7.77977977977978
874,124,7.74141876430206,8.10483870967742,998,7.78657314629258
876,122,7.72945205479452,8.13934426229508,998,7.77955911823647
873,124,7.72737686139748,8.11290322580645,997,7.7753259779338
874,124,7.73798627002288,8.12096774193548,998,7.78557114228457
872,126,7.75229357798165,8.14285714285714,998,7.80160320641283
877,122,7.74572405929304,8.16393442622951,999,7.7967967967968
866,132,7.73672055427252,8.12878787878788,998,7.78857715430862
869,129,7.72957422324511,8.14728682170543,998,7.78356713426854
871,128,7.72904707233065,8.1171875,999,7.77877877877878
866,131,7.72401847575058,8.14503816793893,997,7.77933801404213
864,134,7.73611111111111,8.15671641791045,998,7.79258517034068
869,130,7.72382048331415,8.17692307692308,999,7.78278278278278
868,130,7.71774193548387,8.16153846153846,998,7.77555110220441
863,136,7.73580533024334,8.13235294117647,999,7.78978978978979
868,131,7.72926267281106,8.14503816793893,999,7.78378378378378
868,131,7.72004608294931,8.09923664122137,999,7.76976976976977
864,135,7.70833333333333,8.14074074074074,999,7.76676676676677
865,134,7.71791907514451,8.07462686567164,999,7.76576576576577
871,127,7.70838117106774,8.18110236220472,998,7.7685370741483
874,125,7.69794050343249,8.184,999,7.75875875875876
868,130,7.72695852534562,8.09230769230769,998,7.77454909819639
874,123,7.74485125858124,8.04878048780488,997,7.78234704112337
871,127,7.74282433983926,8.07874015748031,998,7.78557114228457
871,128,7.74397244546498,8.03125,999,7.78078078078078
873,125,7.76403207331042,8.016,998,7.79559118236473
872,126,7.75917431192661,7.97619047619048,998,7.78657314629258
866,133,7.77944572748268,7.93233082706767,999,7.7997997997998
870,129,7.78850574712644,7.95348837209302,999,7.80980980980981
875,123,7.76685714285714,8.03252032520325,998,7.79959919839679
874,124,7.75743707093821,8.0241935483871,998,7.79058116232465
873,123,7.75372279495991,8.04065040650407,996,7.78915662650602
875,123,7.75428571428571,8.03252032520325,998,7.78857715430862
877,120,7.76738882554162,8.08333333333333,997,7.80541624874624
874,123,7.75972540045767,8.10569105691057,997,7.802407221665
880,118,7.76022727272727,8.08474576271187,998,7.79859719438878
872,126,7.76146788990826,8.03174603174603,998,7.79559118236473
866,133,7.77482678983834,8.09022556390977,999,7.81681681681682
869,130,7.78365937859609,8.1,999,7.82482482482482
858,140,7.79137529137529,8.09285714285714,998,7.83366733466934
860,139,7.79883720930233,8.10071942446043,999,7.84084084084084
852,146,7.82159624413146,8.16438356164384,998,7.87174348697395
846,153,7.83096926713948,8.1437908496732,999,7.87887887887888
850,149,7.87176470588235,8.1744966442953,999,7.91691691691692
853,146,7.89214536928488,8.19178082191781,999,7.93593593593594
850,148,7.88705882352941,8.21621621621622,998,7.93587174348697
853,145,7.90386869871043,8.21379310344828,998,7.94889779559118
852,146,7.91784037558685,8.17123287671233,998,7.95490981963928
853,145,7.93786635404455,8.19310344827586,998,7.9749498997996
861,136,7.9465737514518,8.22794117647059,997,7.98495486459378
863,136,7.9351100811124,8.20588235294118,999,7.97197197197197
856,142,7.96028037383178,8.19014084507042,998,7.99298597194389
862,137,7.97331786542923,8.15328467153285,999,7.997997997998
866,132,7.99076212471132,8.15151515151515,998,8.01202404809619
868,130,7.99423963133641,8.12307692307692,998,8.01102204408818
866,130,7.99538106235566,8.11538461538461,996,8.01104417670683
869,129,8.00920598388953,8.10077519379845,998,8.02104208416834
875,124,8.02057142857143,8.10483870967742,999,8.03103103103103
874,125,7.98970251716247,8.024,999,7.99399399399399
873,126,8.01374570446735,8.05555555555556,999,8.01901901901902
878,121,7.99886104783599,8.02479338842975,999,8.002002002002
871,128,8.02525832376579,8.0,999,8.02202202202202
872,127,8.03669724770642,8.01574803149606,999,8.03403403403403
874,124,8.05263157894737,8.07258064516129,998,8.05511022044088
868,130,8.09331797235023,8.11538461538461,998,8.09619238476954
863,134,8.09385863267671,8.16417910447761,997,8.10330992978937
866,132,8.09815242494226,8.20454545454546,998,8.11222444889779
867,128,8.09111880046136,8.171875,995,8.10150753768844
867,131,8.08073817762399,8.15267175572519,998,8.09018036072144
875,124,8.10857142857143,8.16129032258065,999,8.11511511511512
873,126,8.09851088201604,8.15873015873016,999,8.10610610610611
875,120,8.11657142857143,8.15,995,8.12060301507538
886,112,8.10270880361174,8.16071428571429,998,8.10921843687375
885,114,8.08926553672316,8.14912280701754,999,8.0960960960961
882,117,8.08163265306122,8.1025641025641,999,8.08408408408408
885,114,8.07005649717514,8.14035087719298,999,8.07807807807808
882,115,8.05555555555556,8.15652173913043,997,8.06720160481444
884,115,8.04298642533937,8.16521739130435,999,8.05705705705706
886,113,8.03950338600452,8.16814159292035,999,8.05405405405405
882,117,8.03401360544218,8.11111111111111,999,8.04304304304304
890,108,8.04044943820225,8.13888888888889,998,8.05110220440882
891,107,8.04040404040404,8.19626168224299,998,8.05711422845691
889,110,8.04499437570304,8.15454545454545,999,8.05705705705706
892,107,8.03139013452915,8.13084112149533,999,8.04204204204204
885,113,8.04293785310734,8.14159292035398,998,8.05410821643287
887,112,8.03382187147689,8.13392857142857,999,8.04504504504505
891,107,8.02918069584736,8.1214953271028,998,8.03907815631263
892,106,8.00896860986547,8.12264150943396,998,8.02104208416834
894,105,8.0089485458613,8.16190476190476,999,8.02502502502503
892,107,8.00336322869955,8.1588785046729,999,8.02002002002002
892,107,8.01121076233184,8.14953271028037,999,8.02602602602603
895,103,7.98994413407821,8.07766990291262,998,7.99899799599198
895,104,8.00335195530726,8.05769230769231,999,8.00900900900901
897,102,8.00780379041249,8.09803921568627,999,8.01701701701702
904,94,8.00553097345133,8.11702127659574,998,8.01603206412826
907,91,8.02756339581036,8.16483516483516,998,8.04008016032064
911,88,8.00548847420417,8.18181818181818,999,8.02102102102102
907,92,7.99779492833517,8.19565217391304,999,8.01601601601602
903,95,7.9734219269103,8.21052631578947,998,7.99599198396794
901,97,7.96559378468368,8.22680412371134,998,7.99098196392786
900,98,7.95111111111111,8.22448979591837,998,7.97795591182365
898,99,7.94654788418708,8.27272727272727,997,7.97893681043129
898,100,7.93207126948775,8.16,998,7.95490981963928
895,102,7.93296089385475,8.12745098039216,997,7.95285857572718
900,99,7.93,8.1010101010101,999,7.94694694694695
911,87,7.93962678375412,8.13793103448276,998,7.95691382765531
906,92,7.939293598234,8.15217391304348,998,7.95891783567134
905,93,7.94254143646409,8.17204301075269,998,7.96392785571142
909,90,7.95819581958196,8.2,999,7.97997997997998
904,94,7.9679203539823,8.19148936170213,998,7.98897795591182
902,95,7.97671840354767,8.21052631578947,997,7.99899699097292
904,95,7.98340707964602,8.24210526315789,999,8.00800800800801
908,91,7.99559471365639,8.20879120879121,999,8.01501501501502
907,91,7.9922822491731,8.30769230769231,998,8.02104208416834
906,92,7.99779249448124,8.33695652173913,998,8.02905811623246
911,88,7.99560922063666,8.28409090909091,999,8.02102102102102
910,88,7.98131868131868,8.25,998,8.00501002004008
906,92,7.98123620309051,8.26086956521739,998,8.00701402805611
912,86,7.98355263157895,8.25581395348837,998,8.00701402805611
913,86,7.9802847754655,8.17441860465116,999,7.996996996997
909,90,7.998899889989,8.13333333333333,999,8.01101101101101
908,90,7.965859030837,8.13333333333333,998,7.98096192384769
905,92,7.96795580110497,8.17391304347826,997,7.98696088264794
910,88,7.97692307692308,8.11363636363636,998,7.98897795591182
911,87,7.99012074643249,8.17241379310345,998,8.0060120240481
908,91,7.97687224669604,8.17582417582418,999,7.99499499499499
907,92,7.97133406835722,8.25,999,7.996996996997
906,93,7.97792494481236,8.25806451612903,999,8.004004004004
904,93,7.98119469026549,8.25806451612903,997,8.00702106318957
908,91,7.98788546255507,8.24175824175824,999,8.01101101101101
902,96,7.98669623059867,8.22916666666667,998,8.01002004008016
899,100,7.96218020022247,8.3,999,7.995995995996
896,101,7.98325892857143,8.30693069306931,997,8.0160481444333
894,104,7.98881431767338,8.31730769230769,998,8.02304609218437
894,104,8.01677852348993,8.28846153846154,998,8.04509018036072
891,106,8.01459034792368,8.27358490566038,997,8.04212637913741
888,110,8.00900900900901,8.3,998,8.04108216432866
893,106,8.01007838745801,8.27358490566038,999,8.03803803803804
893,105,8.01343784994401,8.2952380952381,998,8.04308617234469
894,105,8.00671140939597,8.28571428571429,999,8.03603603603604
893,106,7.996640537514,8.25471698113208,999,8.02402402402402
896,102,8.02455357142857,8.30392156862745,998,8.05310621242485
898,101,8.02561247216036,8.27722772277228,999,8.05105105105105
893,106,8.02575587905935,8.21698113207547,999,8.04604604604605
892,107,8.03699551569507,8.21495327102804,999,8.05605605605606
887,111,8.0293122886133,8.20720720720721,998,8.04909819639279
879,118,7.99658703071672,8.20338983050847,997,8.02106318956871
885,114,7.99322033898305,8.17543859649123,999,8.01401401401401
880,118,8.02159090909091,8.22033898305085,998,8.04509018036072
876,123,8.01826484018265,8.1869918699187,999,8.03903903903904
875,124,7.99771428571429,8.24193548387097,999,8.02802802802803
875,123,8.01028571428571,8.26829268292683,998,8.04208416833667
873,125,8.0,8.296,998,8.03707414829659
872,127,7.99311926605505,8.28346456692913,999,8.03003003003003
879,118,8.00341296928328,8.33898305084746,997,8.04312938816449
886,113,8.01693002257336,8.32743362831858,999,8.05205205205205
888,111,8.01013513513514,8.21621621621622,999,8.03303303303303
884,114,8.03506787330317,8.21052631578947,998,8.05511022044088
886,113,8.03160270880361,8.16814159292035,999,8.04704704704705
884,115,8.02941176470588,8.13913043478261,999,8.04204204204204
881,117,8.03405221339387,8.16239316239316,998,8.04909819639279
890,109,8.03595505617978,8.11926605504587,999,8.04504504504505
892,107,8.02690582959641,8.04672897196262,999,8.02902902902903
893,106,8.02463605823068,8.02830188679245,999,8.02502502502503
895,103,8.02793296089385,8.00970873786408,998,8.02605210420842
898,101,8.02449888641425,8.03960396039604,999,8.02602602602603
898,100,8.03118040089087,8.01,998,8.02905811623246
903,96,8.02547065337763,7.95833333333333,999,8.01901901901902
902,96,8.01219512195122,7.97916666666667,998,8.00901803607214
905,94,7.99889502762431,8.02127659574468,999,8.001001001001
899,100,8.00778642936596,8.03,999,8.01001001001001
898,101,8.0,8.01980198019802,999,8.002002002002
895,102,8.0145251396648,8.01960784313725,997,8.01504513540622
897,101,8.0066889632107,8.00990099009901,998,8.00701402805611
904,95,8.01548672566372,8.01052631578947,999,8.01501501501502
905,93,8.01767955801105,7.96774193548387,998,8.01302605210421
908,90,8.01982378854625,7.95555555555556,998,8.01402805611222
910,89,8.0043956043956,7.96629213483146,999,8.001001001001
910,89,8.0043956043956,7.92134831460674,999,7.996996996997
905,93,8.03204419889503,7.93548387096774,998,8.02304609218437
909,90,8.04840484048405,7.97777777777778,999,8.04204204204204
905,93,8.04972375690608,7.95698924731183,998,8.04108216432866
902,96,8.06319290465632,8.02083333333333,998,8.05911823647295
905,94,8.05524861878453,7.97872340425532,999,8.04804804804805
900,98,8.06222222222222,7.95918367346939,998,8.05210420841683
903,94,8.08194905869324,7.98936170212766,997,8.07321965897693
913,85,8.07995618838992,8.03529411764706,998,8.07615230460922
912,85,8.08004385964912,8.02352941176471,997,8.07522567703109
918,80,8.07080610021787,8.05,998,8.06913827655311
923,75,8.06067172264355,8.05333333333333,998,8.06012024048096
919,79,8.07072905331882,8.08860759493671,998,8.07214428857715
915,81,8.07978142076503,8.06172839506173,996,8.07831325301205
923,76,8.08667388949079,8.06578947368421,999,8.08508508508509
921,77,8.08034744842562,8.07792207792208,998,8.08016032064128
922,75,8.08026030368764,8.10666666666667,997,8.08224674022066
930,69,8.07311827956989,8.15942028985507,999,8.07907907907908
929,70,8.07427341227126,8.15714285714286,999,8.08008008008008
925,72,8.08108108108108,8.22222222222222,997,8.09127382146439
930,69,8.08817204301075,8.17391304347826,999,8.09409409409409
929,70,8.09687836383208,8.14285714285714,999,8.1001001001001
926,71,8.08639308855292,8.1830985915493,997,8.09327983951856
934,65,8.08886509635974,8.15384615384615,999,8.09309309309309
926,70,8.09179265658747,8.15714285714286,996,8.09638554216867
925,72,8.06918918918919,8.125,997,8.07321965897693
931,68,8.07518796992481,8.20588235294118,999,8.08408408408408
921,78,8.05320304017372,8.2051282051282,999,8.06506506506507
926,72,8.05399568034557,8.16666666666667,998,8.06212424849699
924,73,8.05735930735931,8.15068493150685,997,8.0641925777332
926,73,8.06695464362851,8.12328767123288,999,8.07107107107107
924,73,8.05519480519481,8.0958904109589,997,8.05817452357071
924,73,8.05627705627706,8.08219178082192,997,8.05817452357071
922,76,8.04446854663774,8.0921052631579,998,8.04809619238477
926,72,8.06263498920086,8.09722222222222,998,8.06513026052104
929,70,8.06135629709365,8.14285714285714,999,8.06706706706707
925,74,8.03783783783784,8.16216216216216,999,8.04704704704705
926,73,8.0475161987041,8.15068493150685,999,8.05505505505506
924,75,8.0508658008658,8.17333333333333,999,8.06006006006006
921,78,8.05754614549403,8.21794871794872,999,8.07007007007007
921,77,8.03908794788274,8.20779220779221,998,8.05210420841683
913,85,8.02738225629792,8.27058823529412,998,8.04809619238477
918,81,8.01851851851852,8.2962962962963,999,8.04104104104104
916,81,8.00764192139738,8.33333333333333,997,8.03410230692076
907,90,8.01764057331863,8.34444444444444,997,8.04714142427282
916,83,8.01637554585153,8.37349397590361,999,8.04604604604605
911,87,8.0417124039517,8.41379310344828,998,8.07414829659319
912,87,8.05372807017544,8.35632183908046,999,8.08008008008008
913,85,8.03723986856517,8.36470588235294,998,8.06513026052104
910,88,8.04285714285714,8.39772727272727,998,8.07414829659319
910,89,8.05164835164835,8.43820224719101,999,8.08608608608609
909,89,8.06380638063806,8.43820224719101,998,8.09719438877756
911,87,8.06805708013172,8.44827586206897,998,8.10120240480962
911,88,8.06147091108672,8.51136363636364,999,8.1011011011011
911,86,8.06147091108672,8.52325581395349,997,8.10130391173521
911,88,8.04720087815587,8.43181818181818,999,8.08108108108108
913,85,8.04490690032859,8.43529411764706,998,8.07815631262525
914,84,8.04704595185996,8.42857142857143,998,8.07915831663327
913,86,8.03066812705367,8.43023255813953,999,8.06506506506507
914,85,8.03063457330416,8.44705882352941,999,8.06606606606607
913,84,8.01861993428258,8.36904761904762,997,8.0481444332999
911,88,8.0,8.39772727272727,999,8.03503503503504
913,86,7.99123767798467,8.44186046511628,999,8.03003003003003
911,87,7.98572996706915,8.44827586206897,998,8.02605210420842
914,85,7.9890590809628,8.43529411764706,999,8.02702702702703
916,83,7.98689956331878,8.48192771084337,999,8.02802802802803
913,85,7.99014238773275,8.48235294117647,998,8.03206412825651
915,83,7.99672131147541,8.49397590361446,998,8.03807615230461
911,87,8.00878155872667,8.49425287356322,998,8.05110220440882
915,84,8.01748633879781,8.48809523809524,999,8.05705705705706
917,81,8.02835332606325,8.46913580246914,998,8.06412825651303
914,83,8.03172866520788,8.48192771084337,997,8.06920762286861
913,83,8.00438116100767,8.48192771084337,996,8.04417670682731
923,75,7.98699891657638,8.50666666666667,998,8.02605210420842
924,74,8.00324675324675,8.52702702702703,998,8.04208416833667
930,68,7.98817204301075,8.60294117647059,998,8.03006012024048
936,61,8.0042735042735,8.60655737704918,997,8.04112337011033
935,64,8.02566844919786,8.59375,999,8.06206206206206
933,64,8.02143622722401,8.609375,997,8.05917753259779
936,63,8.02029914529914,8.55555555555556,999,8.05405405405405
932,66,8.02575107296137,8.54545454545454,998,8.06012024048096
933,64,8.02679528403001,8.609375,997,8.0641925777332
928,70,8.02478448275862,8.57142857142857,998,8.06312625250501
925,74,8.0172972972973,8.56756756756757,999,8.05805805805806
931,68,8.02148227712138,8.60294117647059,999,8.06106106106106
928,69,8.01508620689655,8.56521739130435,997,8.05315947843531
932,66,8.01287553648069,8.56060606060606,998,8.04909819639279
935,63,8.02780748663102,8.55555555555556,998,8.06112224448898
934,65,7.98715203426124,8.53846153846154,999,8.02302302302302
930,67,7.98602150537634,8.52238805970149,997,8.02206619859579
930,66,8.0,8.54545454545454,996,8.03614457831325
938,61,8.01172707889126,8.57377049180328,999,8.04604604604605
936,61,7.99786324786325,8.52459016393443,997,8.03009027081244
936,63,7.98717948717949,8.50793650793651,999,8.02002002002002
938,61,7.99360341151386,8.47540983606557,999,8.02302302302302
934,63,7.98286937901499,8.49206349206349,997,8.01504513540622
932,67,7.96351931330472,8.50746268656716,999,8.0
936,63,7.96688034188034,8.53968253968254,999,8.003003003003
942,57,7.95541401273885,8.57894736842105,999,7.99099099099099
941,58,7.9691817215728,8.55172413793103,999,8.003003003003
942,57,7.95329087048832,8.6140350877193,999,7.99099099099099
937,62,7.94450373532551,8.58064516129032,999,7.98398398398398
937,60,7.9701173959445,8.55,997,8.00501504513541
938,60,7.95948827292111,8.63333333333333,998,8.0
938,60,7.96268656716418,8.61666666666667,998,8.00200400801603
936,61,7.96688034188034,8.62295081967213,997,8.00702106318957
938,60,7.96908315565032,8.56666666666667,998,8.00501002004008
939,60,7.98189563365282,8.53333333333333,999,8.01501501501502
938,61,7.98294243070362,8.54098360655738,999,8.01701701701702
941,58,7.99468650371945,8.43103448275862,999,8.02002002002002
942,57,7.99469214437367,8.43859649122807,999,8.02002002002002
940,57,8.00425531914894,8.43859649122807,997,8.02908726178536
944,55,8.03283898305085,8.45454545454546,999,8.05605605605606
941,57,8.04144527098831,8.31578947368421,998,8.05711422845691
942,57,8.06475583864119,8.35087719298246,999,8.08108108108108
942,56,8.05307855626327,8.375,998,8.07114228456914
940,57,8.04148936170213,8.36842105263158,997,8.06018054162487
946,52,8.04228329809725,8.42307692307692,998,8.06212424849699
947,52,8.02111932418163,8.42307692307692,999,8.04204204204204
942,57,8.01380042462845,8.43859649122807,999,8.03803803803804
946,53,8.00951374207188,8.35849056603774,999,8.02802802802803
945,53,8.01904761904762,8.37735849056604,998,8.03807615230461
943,56,8.02014846235419,8.33928571428571,999,8.03803803803804
942,56,7.9968152866242,8.39285714285714,998,8.0190380761523
943,56,8.01802757158006,8.30357142857143,999,8.03403403403403
940,59,8.02978723404255,8.25423728813559,999,8.04304304304304
940,58,8.01808510638298,8.22413793103448,998,8.03006012024048
939,58,8.02555910543131,8.18965517241379,997,8.03510531594784
940,57,8.02234042553192,8.12280701754386,997,8.02808425275827
939,58,8.00532481363152,8.08620689655172,997,8.01003009027081
943,56,8.00636267232237,8.17857142857143,999,8.01601601601602
944,55,8.0,8.10909090909091,999,8.00600600600601
943,54,7.97773064687169,8.09259259259259,997,7.9839518555667
947,51,7.98838437170011,8.13725490196078,998,7.99599198396794
946,53,7.97885835095137,8.11320754716981,999,7.98598598598599
945,54,7.98835978835979,8.11111111111111,999,7.99499499499499
943,55,8.00954400848356,8.07272727272727,998,8.01302605210421
943,55,8.00636267232237,8.14545454545454,998,8.01402805611222
941,57,8.00850159404888,8.14035087719298,998,8.01603206412826
945,53,8.03174603174603,8.15094339622642,998,8.03807615230461
949,50,8.0231822971549,8.18,999,8.03103103103103
947,52,8.01161562829989,8.23076923076923,999,8.02302302302302
943,55,8.01908801696713,8.27272727272727,998,8.03306613226453
