forward_num,reverse_num,forward_rate,reverse_rate,organism_num,organism_rate
500,500,5.5,5.5,1000,5.5
495,494,5.49494949494949,5.49797570850202,989,5.49646107178969
491,494,5.4867617107943,5.49797570850202,985,5.49238578680203
550,449,5.97090909090909,5.57238307349666,999,5.79179179179179
591,408,6.04906937394247,5.56372549019608,999,5.85085085085085
623,376,6.14606741573034,5.59840425531915,999,5.93993993993994
656,343,6.1234756097561,5.69679300291545,999,5.97697697697698
679,319,6.21060382916053,5.60188087774295,998,6.01603206412826
679,319,6.2739322533137,5.43573667711599,998,6.0060120240481
699,298,6.3519313304721,5.38590604026846,997,6.06318956870612
685,311,6.48905109489051,5.31511254019293,996,6.12248995983936
718,281,6.21866295264624,5.29181494661922,999,5.95795795795796
730,269,6.35616438356164,5.05947955390335,999,6.00700700700701
714,285,6.40336134453782,5.19298245614035,999,6.05805805805806
694,303,6.39337175792507,5.4983498349835,997,6.12136409227683
679,319,6.45508100147275,5.36363636363636,998,6.1062124248497
695,303,6.55107913669065,5.46864686468647,998,6.22244488977956
685,314,6.53868613138686,5.64012738853503,999,6.25625625625626
679,320,6.55081001472754,5.975,999,6.36636636636637
694,304,6.62536023054755,5.9375,998,6.41583166332665
672,327,6.76041666666667,6.22018348623853,999,6.58358358358358
694,305,6.51152737752161,6.12459016393443,999,6.39339339339339
693,303,6.5988455988456,6.08580858085809,996,6.44277108433735
688,311,6.6656976744186,6.11897106109325,999,6.4954954954955
696,303,6.70977011494253,6.04290429042904,999,6.50750750750751
703,294,6.74110953058321,6.17687074829932,997,6.57472417251755
714,285,6.76750700280112,6.08070175438596,999,6.57157157157157
708,290,6.80508474576271,6.13103448275862,998,6.60921843687375
718,279,6.82590529247911,6.11111111111111,997,6.6258776328987
717,282,6.78800557880056,6.19503546099291,999,6.62062062062062
729,270,6.84910836762689,6.2037037037037,999,6.67467467467467
721,277,6.86407766990291,6.14079422382672,998,6.66332665330661
731,267,6.93160054719562,6.20973782771536,998,6.73847695390782
728,271,6.97527472527473,6.29151291512915,999,6.78978978978979
735,264,6.95510204081633,6.32954545454545,999,6.78978978978979
743,254,6.95962314939435,6.26377952755906,997,6.78234704112337
734,264,6.96594005449591,6.42045454545455,998,6.82164328657315
732,264,6.94262295081967,6.42045454545455,996,6.80421686746988
722,275,6.94182825484765,6.43636363636364,997,6.802407221665
726,273,7.0,6.53479853479853,999,6.87287287287287
732,267,7.04234972677596,6.50187265917603,999,6.8978978978979
727,272,7.05502063273728,6.58455882352941,999,6.92692692692693
729,268,7.09053497942387,6.50373134328358,997,6.93279839518556
719,280,7.06675938803894,6.59642857142857,999,6.93493493493493
721,277,7.06657420249653,6.55595667870036,998,6.9248496993988
710,289,7.04366197183099,6.56747404844291,999,6.90590590590591
717,280,7.06276150627615,6.59285714285714,997,6.93079237713139
717,280,7.0836820083682,6.64642857142857,997,6.96088264794383
717,280,7.0976290097629,6.675,997,6.97893681043129
723,276,7.06500691562932,6.79710144927536,999,6.99099099099099
726,272,7.04545454545455,6.88602941176471,998,7.00200400801603
732,267,7.07786885245902,6.9250936329588,999,7.03703703703704
725,271,7.12827586206897,6.96309963099631,996,7.08333333333333
739,258,7.13261163734777,6.86821705426357,997,7.0641925777332
739,257,7.11637347767253,6.89494163424125,996,7.05923694779116
746,253,7.171581769437,6.90513833992095,999,7.1041041041041
751,248,7.12516644474035,6.98790322580645,999,7.09109109109109
756,242,7.12962962962963,6.92148760330578,998,7.07915831663327
746,250,7.16353887399464,6.856,996,7.0863453815261
754,242,7.11803713527851,6.91735537190083,996,7.06927710843374
758,239,7.13720316622691,6.89958158995816,997,7.0802407221665
756,243,7.14153439153439,6.92592592592593,999,7.08908908908909
765,234,7.09150326797386,6.88034188034188,999,7.04204204204204
772,225,7.09067357512953,7.01777777777778,997,7.07422266800401
765,234,7.11503267973856,7.16666666666667,999,7.12712712712713
773,224,7.13712807244502,7.10267857142857,997,7.12938816449348
769,229,7.1703511053316,7.12227074235808,998,7.15931863727455
762,236,7.15879265091864,7.08050847457627,998,7.14028056112224
768,230,7.19791666666667,7.12173913043478,998,7.18036072144289
769,230,7.18335500650195,7.21739130434783,999,7.19119119119119
767,232,7.15645371577575,7.20258620689655,999,7.16716716716717
764,235,7.19764397905759,7.20851063829787,999,7.2002002002002
765,233,7.17777777777778,7.30472103004292,998,7.20741482965932
757,240,7.20343461030383,7.26666666666667,997,7.21865596790371
764,234,7.23298429319372,7.18803418803419,998,7.22244488977956
762,235,7.26377952755906,7.0936170212766,997,7.22367101303912
769,229,7.23276983094928,7.117903930131,998,7.2064128256513
769,230,7.25617685305592,7.2304347826087,999,7.25025025025025
780,219,7.29615384615385,7.1689497716895,999,7.26826826826827
778,221,7.30077120822622,7.13122171945701,999,7.26326326326326
768,231,7.35546875,7.19480519480519,999,7.31831831831832
767,232,7.39243807040417,7.20689655172414,999,7.34934934934935
771,227,7.41115434500649,7.20264317180617,998,7.36372745490982
764,235,7.38612565445026,7.14468085106383,999,7.32932932932933
767,232,7.37027379400261,7.26724137931035,999,7.34634634634635
765,234,7.41960784313726,7.26495726495726,999,7.38338338338338
773,226,7.39197930142303,7.34513274336283,999,7.38138138138138
775,224,7.4141935483871,7.35267857142857,999,7.4004004004004
765,232,7.3921568627451,7.38793103448276,997,7.39117352056168
765,234,7.39869281045752,7.42735042735043,999,7.40540540540541
761,238,7.39027595269382,7.39495798319328,999,7.39139139139139
768,230,7.41536458333333,7.42173913043478,998,7.41683366733467
757,242,7.45310435931308,7.37190082644628,999,7.43343343343343
763,236,7.50851900393185,7.38559322033898,999,7.47947947947948
771,228,7.51232166018158,7.37280701754386,999,7.48048048048048
763,236,7.50589777195282,7.31779661016949,999,7.46146146146146
765,234,7.5202614379085,7.3974358974359,999,7.49149149149149
770,229,7.52337662337662,7.41484716157205,999,7.4984984984985
766,232,7.56396866840731,7.40086206896552,998,7.52605210420842
769,229,7.57347204161248,7.44978165938865,998,7.54509018036072
761,238,7.6215505913272,7.39075630252101,999,7.56656656656657
758,238,7.63852242744063,7.47899159663866,996,7.6004016064257
765,231,7.60392156862745,7.47619047619048,996,7.57429718875502
763,234,7.65923984272608,7.46581196581197,997,7.61384152457372
770,228,7.68571428571429,7.44736842105263,998,7.6312625250501
775,224,7.6258064516129,7.44642857142857,999,7.58558558558559
789,208,7.62230671736375,7.47115384615385,997,7.59077231695085
791,207,7.6283185840708,7.43478260869565,998,7.58817635270541
781,214,7.63764404609475,7.3411214953271,995,7.57386934673367
777,222,7.62934362934363,7.36936936936937,999,7.57157157157157
784,213,7.67474489795918,7.3849765258216,997,7.61283851554664
779,220,7.71373555840822,7.47272727272727,999,7.66066066066066
779,219,7.70346598202824,7.48858447488584,998,7.6563126252505
782,217,7.69693094629156,7.44239631336406,999,7.64164164164164
780,218,7.65128205128205,7.51376146788991,998,7.62124248496994
769,229,7.66970091027308,7.51091703056769,998,7.63326653306613
776,222,7.68041237113402,7.58558558558559,998,7.65931863727455
772,226,7.68264248704663,7.61504424778761,998,7.66733466933868
774,224,7.69767441860465,7.59375,998,7.67434869739479
772,227,7.65414507772021,7.59030837004405,999,7.63963963963964
782,215,7.64194373401534,7.58604651162791,997,7.62988966900702
775,224,7.64774193548387,7.60714285714286,999,7.63863863863864
773,226,7.6895213454075,7.65929203539823,999,7.68268268268268
769,230,7.66579973992198,7.60434782608696,999,7.65165165165165
775,223,7.66193548387097,7.54708520179372,998,7.63627254509018
769,229,7.66189856957087,7.5764192139738,998,7.64228456913828
776,222,7.66752577319588,7.63963963963964,998,7.66132264529058
768,229,7.671875,7.65065502183406,997,7.66700100300903
767,231,7.68057366362451,7.65367965367965,998,7.67434869739479
770,229,7.68441558441558,7.66375545851528,999,7.67967967967968
765,233,7.73856209150327,7.69527896995708,998,7.72845691382765
764,235,7.79842931937173,7.66808510638298,999,7.76776776776777
761,237,7.82128777923784,7.68776371308017,998,7.78957915831663
766,231,7.86292428198433,7.62337662337662,997,7.8074222668004
777,220,7.84555984555985,7.55909090909091,997,7.78234704112337
765,232,7.83660130718954,7.62068965517241,997,7.78635907723169
770,227,7.80909090909091,7.68281938325991,997,7.78034102306921
770,229,7.8038961038961,7.70305676855895,999,7.78078078078078
760,238,7.80394736842105,7.70168067226891,998,7.77955911823647
769,228,7.85045513654096,7.72368421052632,997,7.82146439317954
761,237,7.85676741130092,7.69620253164557,998,7.8186372745491
761,238,7.87516425755585,7.72689075630252,999,7.83983983983984
762,236,7.90157480314961,7.74152542372881,998,7.86372745490982
763,236,7.90563564875491,7.75,999,7.86886886886887
762,237,7.92782152230971,7.75527426160338,999,7.88688688688689
759,240,7.95520421607378,7.77916666666667,999,7.91291291291291
761,238,7.94218134034166,7.80672268907563,999,7.90990990990991
760,239,7.93289473684211,7.80753138075314,999,7.9029029029029
761,236,7.92247043363995,7.85169491525424,997,7.90571715145436
760,238,7.92105263157895,7.84873949579832,998,7.90380761523046
755,243,7.93377483443709,7.89300411522634,998,7.92384769539078
766,232,7.92036553524804,7.89655172413793,998,7.91482965931864
756,243,7.91269841269841,7.90123456790123,999,7.90990990990991
753,245,7.92828685258964,7.83673469387755,998,7.90581162324649
755,244,7.95364238410596,7.83196721311475,999,7.92392392392392
761,237,7.94743758212878,7.88607594936709,998,7.93286573146293
759,240,7.9802371541502,7.875,999,7.95495495495495
761,238,7.97503285151117,7.85294117647059,999,7.94594594594595
767,231,7.97262059973924,7.87878787878788,998,7.95090180360721
770,228,7.98051948051948,7.96929824561404,998,7.97795591182365
766,231,8.00261096605744,7.89177489177489,997,7.97693079237713
769,229,8.01300390117035,7.93886462882096,998,7.99599198396794
774,225,7.97416020671835,7.89333333333333,999,7.95595595595596
767,231,7.96088657105606,7.86147186147186,998,7.93787575150301
767,231,8.01564537157758,7.84415584415584,998,7.97595190380762
768,230,8.00130208333333,7.85217391304348,998,7.96693386773547
764,235,8.01047120418848,7.86382978723404,999,7.97597597597598
761,238,7.98160315374507,7.82773109243697,999,7.94494494494494
762,237,7.99475065616798,7.87341772151899,999,7.96596596596597
765,234,8.00130718954248,7.82478632478632,999,7.95995995995996
765,234,8.00653594771242,7.88888888888889,999,7.97897897897898
762,237,8.0262467191601,7.9746835443038,999,8.01401401401401
765,234,8.03398692810458,8.04273504273504,999,8.03603603603604
754,245,8.03183023872679,7.99183673469388,999,8.02202202202202
756,241,8.07010582010582,8.02489626556017,997,8.05917753259779
767,232,8.03911342894394,8.02586206896552,999,8.03603603603604
760,239,8.02236842105263,8.03347280334728,999,8.02502502502503
753,246,8.01726427622842,7.97154471544715,999,8.00600600600601
751,248,8.03728362183755,7.98790322580645,999,8.02502502502503
752,247,8.01994680851064,8.02834008097166,999,8.02202202202202
747,250,8.01740294511379,8.044,997,8.02407221664995
750,247,7.98266666666667,8.04858299595142,997,7.99899699097292
750,248,7.988,8.06048387096774,998,8.0060120240481
742,256,7.98517520215633,8.0234375,998,7.99498997995992
744,254,7.9758064516129,8.05118110236221,998,7.99498997995992
747,251,7.98259705488621,8.0398406374502,998,7.99699398797595
750,247,7.98266666666667,8.06477732793522,997,8.00300902708124
749,249,7.99599465954606,8.01606425702811,998,8.00100200400802
749,248,7.98531375166889,7.99596774193548,997,7.98796389167503
753,245,8.03452855245684,8.02448979591837,998,8.03206412825651
751,248,8.04527296937417,8.0,999,8.03403403403403
745,254,8.01744966442953,8.0,999,8.01301301301301
744,255,8.00403225806452,7.97254901960784,999,7.995995995996
737,261,8.04613297150611,8.00383141762452,998,8.03507014028056
743,255,8.05383580080754,8.0,998,8.04008016032064
747,251,8.02677376171352,7.93625498007968,998,8.00400801603206
749,250,8.05473965287049,7.924,999,8.02202202202202
754,244,8.03846153846154,7.98770491803279,998,8.02605210420842
742,256,8.03234501347709,7.99609375,998,8.02304609218437
739,259,8.02435723951286,8.02702702702703,998,8.0250501002004
749,249,8.02803738317757,7.9718875502008,998,8.01402805611222
745,254,8.01073825503356,8.0,999,8.00800800800801
738,261,8.02710027100271,7.94252873563218,999,8.00500500500501
739,259,8.03653585926928,7.996138996139,998,8.02605210420842
735,263,8.06666666666667,7.97718631178707,998,8.04308617234469
729,270,8.05761316872428,8.04814814814815,999,8.05505505505506
734,263,8.08855585831063,8.03802281368821,997,8.07522567703109
741,256,8.05802968960864,7.99609375,997,8.04212637913741
737,261,8.09090909090909,7.94636015325671,998,8.05310621242485
738,259,8.06639566395664,8.01930501930502,997,8.05416248746239
746,253,8.04155495978552,8.03162055335968,999,8.03903903903904
742,256,8.03234501347709,8.04296875,998,8.03507014028056
749,250,7.99866488651535,8.048,999,8.01101101101101
749,250,8.03337783711616,8.068,999,8.04204204204204
745,252,8.01476510067114,8.04365079365079,997,8.02206619859579
749,249,8.0173564753004,8.04819277108434,998,8.0250501002004
749,249,8.02803738317757,8.05622489959839,998,8.03507014028056
750,249,8.04266666666667,8.06827309236948,999,8.04904904904905
753,246,8.08764940239044,8.02845528455285,999,8.07307307307307
756,242,8.04232804232804,8.01239669421488,998,8.03507014028056
754,244,8.04111405835544,8.03688524590164,998,8.04008016032064
753,245,8.06241699867198,8.03265306122449,998,8.05511022044088
746,253,8.03753351206434,8.07114624505929,999,8.04604604604605
753,246,8.07835325365206,8.03658536585366,999,8.06806806806807
755,243,8.04900662251656,8.02880658436214,998,8.04408817635271
753,245,8.0464807436919,8.09795918367347,998,8.05911823647295
751,248,8.05858854860186,8.10483870967742,999,8.07007007007007
759,239,8.06851119894598,8.07531380753138,998,8.07014028056112
757,241,8.07397622192867,8.04564315352697,998,8.06713426853707
760,238,8.08947368421053,8.07983193277311,998,8.0871743486974
764,232,8.09685863874346,8.15086206896552,996,8.10943775100402
768,228,8.0859375,8.20614035087719,996,8.11345381526104
776,223,8.08505154639175,8.32735426008969,999,8.13913913913914
774,224,8.09819121447029,8.33928571428571,998,8.15230460921844
771,227,8.1219195849546,8.25550660792952,998,8.15230460921844
775,224,8.10967741935484,8.25,999,8.14114114114114
773,226,8.05821474773609,8.24336283185841,999,8.1001001001001
773,226,8.03234152652005,8.20796460176991,999,8.07207207207207
770,229,8.03506493506494,8.20960698689956,999,8.07507507507508
761,238,8.02233902759527,8.16806722689076,999,8.05705705705706
755,244,8.01192052980132,8.22540983606557,999,8.06406406406406
760,239,8.025,8.23012552301255,999,8.07407407407407
757,241,8.02509907529723,8.21161825726141,998,8.07014028056112
767,232,8.02477183833116,8.16810344827586,999,8.05805805805806
767,232,8.03129074315515,8.15948275862069,999,8.06106106106106
773,226,7.99094437257439,8.21238938053097,999,8.04104104104104
775,224,8.02451612903226,8.14732142857143,999,8.05205205205205
775,224,8.01161290322581,8.16071428571429,999,8.04504504504505
777,221,8.02831402831403,8.15384615384615,998,8.0561122244489
779,219,8.02053915275995,8.13698630136986,998,8.04609218436874
782,217,8.04475703324808,8.07373271889401,999,8.05105105105105
781,216,8.06530089628681,8.15740740740741,997,8.08525576730191
795,204,8.05911949685535,8.11274509803922,999,8.07007007007007
795,204,8.0440251572327,8.08823529411765,999,8.05305305305305
805,194,8.06583850931677,8.10309278350515,999,8.07307307307307
804,194,8.09825870646766,8.11855670103093,998,8.10220440881764
804,195,8.10074626865672,8.08205128205128,999,8.0970970970971
810,189,8.09382716049383,8.1005291005291,999,8.0950950950951
811,187,8.08631319358816,8.09090909090909,998,8.0871743486974
810,188,8.07901234567901,8.04787234042553,998,8.07314629258517
807,192,8.09541511771995,8.05208333333333,999,8.08708708708709
807,192,8.1090458488228,8.02083333333333,999,8.09209209209209
805,194,8.10310559006211,8.06185567010309,999,8.0950950950951
807,192,8.07434944237918,8.125,999,8.08408408408408
803,192,8.07845579078456,8.03645833333333,995,8.07035175879397
805,193,8.07950310559006,8.03108808290155,998,8.07014028056112
809,189,8.10012360939431,8.06349206349206,998,8.09318637274549
808,186,8.11757425742574,8.10752688172043,994,8.11569416498994
812,186,8.11453201970443,8.10215053763441,998,8.11222444889779
818,181,8.11858190709046,8.05524861878453,999,8.10710710710711
816,182,8.12254901960784,8.07692307692308,998,8.11422845691383
822,177,8.11192214111922,8.11864406779661,999,8.11311311311311
826,172,8.14891041162228,8.19767441860465,998,8.15731462925852
825,172,8.12363636363636,8.19186046511628,997,8.13540621865597
825,174,8.10545454545455,8.18390804597701,999,8.11911911911912
827,171,8.10278113663845,8.22222222222222,998,8.12324649298597
826,170,8.12469733656174,8.17058823529412,996,8.13253012048193
825,174,8.10909090909091,8.18965517241379,999,8.12312312312312
825,173,8.11151515151515,8.27167630057803,998,8.13927855711423
821,176,8.0925700365408,8.22727272727273,997,8.11634904714142
819,178,8.0976800976801,8.26404494382022,997,8.12738214643932
811,185,8.09741060419235,8.24864864864865,996,8.12550200803213
814,183,8.12899262899263,8.16939890710383,997,8.13640922768305
817,181,8.12117503059975,8.30939226519337,998,8.15531062124249
817,180,8.12851897184822,8.29444444444444,997,8.15847542627884
817,180,8.14075887392901,8.36666666666667,997,8.18154463390171
820,179,8.15609756097561,8.35195530726257,999,8.19119119119119
814,185,8.1044226044226,8.35675675675676,999,8.15115115115115
812,187,8.12068965517241,8.3475935828877,999,8.16316316316316
813,186,8.06273062730627,8.41397849462366,999,8.12812812812813
810,189,8.04938271604938,8.43915343915344,999,8.12312312312312
812,187,8.02586206896552,8.42780748663102,999,8.1011011011011
816,181,8.02450980392157,8.39226519337017,997,8.09127382146439
814,185,8.04914004914005,8.42162162162162,999,8.11811811811812
807,190,8.05080545229244,8.42631578947368,997,8.12236710130391
811,188,8.05918618988903,8.41489361702128,999,8.12612612612613
816,183,8.0906862745098,8.3879781420765,999,8.14514514514515
811,184,8.0826140567201,8.38586956521739,995,8.13869346733668
813,186,8.09471094710947,8.38709677419355,999,8.14914914914915
808,191,8.10891089108911,8.3979057591623,999,8.16416416416416
810,189,8.08148148148148,8.39153439153439,999,8.14014014014014
798,200,8.07268170426065,8.335,998,8.125250501002
797,202,8.06148055207026,8.36138613861386,999,8.12212212212212
793,205,8.06179066834805,8.43414634146341,998,8.13827655310621
794,205,8.07556675062972,8.40975609756098,999,8.14414414414414
796,203,8.12311557788945,8.41379310344828,999,8.18218218218218
788,210,8.13071065989848,8.33809523809524,998,8.17434869739479
795,204,8.13584905660377,8.41176470588235,999,8.19219219219219
788,210,8.13705583756345,8.3952380952381,998,8.19138276553106
780,218,8.19358974358974,8.36697247706422,998,8.2314629258517
777,222,8.15830115830116,8.36936936936937,999,8.20520520520521
770,228,8.19220779220779,8.35964912280702,998,8.23046092184369
772,225,8.18523316062176,8.36,997,8.2246740220662
760,237,8.16710526315789,8.37552742616034,997,8.21664994984955
760,238,8.18026315789474,8.39075630252101,998,8.23046092184369
757,241,8.17437252311757,8.42738589211618,998,8.23547094188377
762,237,8.16272965879265,8.42616033755274,999,8.22522522522523
756,242,8.13359788359788,8.40082644628099,998,8.19839679358717
761,237,8.17345597897503,8.43459915611814,998,8.23547094188377
756,242,8.15740740740741,8.47107438016529,998,8.23346693386774
762,237,8.15354330708661,8.45147679324895,999,8.22422422422422
766,233,8.16579634464752,8.41201716738197,999,8.22322322322322
772,226,8.16709844559585,8.42477876106195,998,8.22545090180361
774,224,8.18863049095607,8.45982142857143,998,8.24949899799599
771,227,8.15693904020752,8.45814977973568,998,8.22545090180361
773,225,8.12936610608021,8.47111111111111,998,8.2064128256513
766,230,8.12271540469974,8.4695652173913,996,8.20281124497992
772,225,8.1360103626943,8.47111111111111,997,8.21163490471414
776,222,8.11855670103093,8.5,998,8.20340681362725
771,227,8.1284046692607,8.49339207048458,998,8.21142284569138
764,233,8.15575916230367,8.48927038626609,997,8.23370110330993
773,226,8.15653298835705,8.46902654867257,999,8.22722722722723
766,233,8.14490861618799,8.45064377682403,999,8.21621621621622
763,236,8.16120576671035,8.5,999,8.24124124124124
775,224,8.15741935483871,8.47767857142857,999,8.22922922922923
779,219,8.13350449293967,8.47945205479452,998,8.20941883767535
790,207,8.15316455696203,8.5024154589372,997,8.22567703109328
792,206,8.1489898989899,8.51941747572816,998,8.22545090180361
790,209,8.16708860759494,8.5311004784689,999,8.24324324324324
790,208,8.15316455696203,8.53365384615385,998,8.23246492985972
790,208,8.13670886075949,8.47115384615385,998,8.2064128256513
791,207,8.15297092288243,8.49275362318841,998,8.22344689378757
792,207,8.14772727272727,8.48309178743961,999,8.21721721721722
794,204,8.15491183879093,8.43627450980392,998,8.2124248496994
793,205,8.15636822194199,8.4,998,8.2064128256513
798,201,8.16040100250627,8.41293532338308,999,8.21121121121121
789,209,8.14955640050697,8.38755980861244,998,8.19939879759519
792,207,8.16919191919192,8.39613526570048,999,8.21621621621622
800,198,8.15625,8.4040404040404,998,8.20541082164329
792,207,8.13510101010101,8.43961352657005,999,8.1981981981982
795,203,8.14339622641509,8.45320197044335,998,8.2064128256513
792,207,8.11742424242424,8.48792270531401,999,8.19419419419419
785,214,8.1375796178344,8.47196261682243,999,8.20920920920921
776,222,8.16365979381443,8.48198198198198,998,8.23446893787575
785,211,8.15031847133758,8.53554502369668,996,8.23192771084337
784,213,8.1390306122449,8.51643192488263,997,8.21965897693079
786,213,8.11832061068702,8.50704225352113,999,8.2012012012012
792,207,8.14267676767677,8.4975845410628,999,8.21621621621622
793,206,8.13493064312736,8.48058252427184,999,8.20620620620621
786,212,8.13740458015267,8.4811320754717,998,8.21042084168337
791,207,8.14538558786346,8.48792270531401,998,8.21643286573146
790,208,8.15569620253165,8.50480769230769,998,8.22845691382765
796,203,8.1608040201005,8.51724137931035,999,8.23323323323323
797,202,8.18569636135508,8.47029702970297,999,8.24324324324324
791,206,8.18331226295828,8.49514563106796,997,8.24774322968907
799,199,8.21151439299124,8.49748743718593,998,8.2685370741483
794,204,8.22921914357683,8.50980392156863,998,8.28657314629259
793,204,8.24085750315258,8.49019607843137,997,8.29187562688064
787,212,8.22236340533672,8.45283018867925,999,8.27127127127127
791,207,8.21871049304678,8.43478260869565,998,8.26352705410822
787,211,8.20711562897078,8.40284360189573,998,8.24849699398798
789,210,8.24207858048162,8.39047619047619,999,8.27327327327327
793,206,8.23329129886507,8.42718446601942,999,8.27327327327327
789,209,8.21673003802281,8.43062200956938,998,8.26152304609218
788,211,8.18654822335025,8.47867298578199,999,8.24824824824825
787,212,8.21092757306226,8.49528301886792,999,8.27127127127127
782,217,8.20843989769821,8.46082949308756,999,8.26326326326326
785,212,8.20509554140127,8.45283018867925,997,8.25777331995988
784,215,8.20918367346939,8.47906976744186,999,8.26726726726727
786,212,8.23027989821883,8.50471698113208,998,8.28857715430862
785,214,8.21146496815287,8.52336448598131,999,8.27827827827828
782,217,8.19820971867008,8.49769585253456,999,8.26326326326326
777,221,8.23680823680824,8.47963800904977,998,8.29058116232465
774,224,8.22609819121447,8.49553571428571,998,8.28657314629259
778,221,8.24293059125964,8.52036199095023,999,8.3043043043043
759,239,8.22002635046113,8.48535564853557,998,8.28356713426854
768,230,8.24088541666667,8.51304347826087,998,8.30360721442886
765,234,8.26274509803922,8.54273504273504,999,8.32832832832833
757,240,8.23117569352708,8.55416666666667,997,8.30892678034102
759,240,8.22134387351779,8.57916666666667,999,8.30730730730731
757,242,8.1994715984148,8.59504132231405,999,8.2952952952953
762,237,8.18766404199475,8.59071729957806,999,8.28328328328328
763,236,8.19790301441678,8.60169491525424,999,8.29329329329329
770,229,8.1961038961039,8.58951965065502,999,8.28628628628629
767,232,8.15906127770535,8.59051724137931,999,8.25925925925926
766,231,8.19451697127937,8.55844155844156,997,8.27883650952859
775,224,8.16129032258065,8.58482142857143,999,8.25625625625626
772,227,8.16580310880829,8.58590308370044,999,8.26126126126126
772,226,8.16839378238342,8.53539823008849,998,8.25150300601202
773,224,8.16817593790427,8.55357142857143,997,8.25476429287864
777,222,8.16473616473617,8.55855855855856,999,8.25225225225225
773,225,8.14747736093144,8.52444444444444,998,8.23246492985972
780,219,8.17179487179487,8.50228310502283,999,8.24424424424424
780,218,8.1525641025641,8.51376146788991,998,8.2314629258517
783,216,8.18007662835249,8.4537037037037,999,8.23923923923924
778,220,8.16838046272494,8.49090909090909,998,8.23947895791583
778,221,8.18766066838046,8.51131221719457,999,8.25925925925926
779,220,8.21566110397946,8.49090909090909,999,8.27627627627628
778,221,8.23007712082262,8.4841628959276,999,8.28628628628629
777,221,8.22779922779923,8.49321266968326,998,8.28657314629259
772,226,8.21632124352332,8.46460176991151,998,8.27254509018036
766,230,8.20104438642298,8.41739130434783,996,8.25100401606426
771,226,8.2166018158236,8.44247787610619,997,8.26780341023069
771,228,8.2295719844358,8.45175438596491,999,8.28028028028028
777,222,8.24195624195624,8.47747747747748,999,8.29429429429429
783,214,8.26436781609195,8.49065420560748,997,8.31293881644935
784,214,8.24362244897959,8.44392523364486,998,8.28657314629259
790,209,8.24430379746835,8.44976076555024,999,8.28728728728729
787,210,8.2566709021601,8.54285714285714,997,8.31695085255767
786,213,8.24936386768448,8.57276995305164,999,8.31831831831832
774,224,8.25193798449612,8.54017857142857,998,8.31663326653307
773,226,8.23415265200518,8.55309734513274,999,8.30630630630631
773,224,8.21345407503234,8.57142857142857,997,8.2938816449348
765,233,8.19346405228758,8.54077253218884,998,8.27454909819639
768,231,8.19270833333333,8.6017316017316,999,8.28728728728729
767,232,8.21642764015645,8.5301724137931,999,8.28928928928929
763,236,8.25163826998689,8.5635593220339,999,8.32532532532533
758,241,8.2598944591029,8.58091286307054,999,8.33733733733734
756,243,8.22619047619048,8.60082304526749,999,8.31731731731732
759,240,8.23056653491436,8.60833333333333,999,8.32132132132132
761,238,8.24047306176084,8.60504201680672,999,8.32732732732733
761,238,8.24178712220762,8.52941176470588,999,8.31031031031031
769,230,8.25357607282185,8.56521739130435,999,8.32532532532533
765,232,8.26797385620915,8.53879310344828,997,8.33099297893681
761,236,8.25492772667543,8.56779661016949,997,8.32898696088265
771,228,8.25810635538262,8.56140350877193,999,8.32732732732733
762,237,8.23097112860892,8.55274261603376,999,8.30730730730731
772,227,8.24093264248705,8.63876651982379,999,8.33133133133133
767,229,8.23468057366362,8.63318777292576,996,8.32630522088353
772,226,8.23704663212435,8.66371681415929,998,8.33366733466934
778,220,8.25578406169666,8.70454545454546,998,8.35470941883768
778,221,8.27506426735219,8.71493212669683,999,8.37237237237237
780,219,8.26794871794872,8.69406392694064,999,8.36136136136136
779,220,8.29525032092426,8.75909090909091,999,8.3973973973974
772,225,8.27849740932642,8.67555555555556,997,8.36810431293882
781,218,8.27016645326504,8.64220183486239,999,8.35135135135135
784,215,8.2844387755102,8.62790697674419,999,8.35835835835836
791,207,8.29077117572693,8.61352657004831,998,8.35771543086172
789,210,8.28263624841572,8.63809523809524,999,8.35735735735736
784,212,8.23469387755102,8.59433962264151,996,8.31124497991968
786,213,8.26335877862596,8.60093896713615,999,8.33533533533534
781,218,8.25096030729834,8.59174311926606,999,8.32532532532533
776,221,8.26417525773196,8.57466063348416,997,8.33299899699097
778,219,8.27377892030848,8.59817351598173,997,8.34503510531595
782,216,8.29156010230179,8.59259259259259,998,8.35671342685371
783,216,8.26564495530013,8.59259259259259,999,8.33633633633634
786,213,8.24936386768448,8.64788732394366,999,8.33433433433433
784,215,8.2359693877551,8.67906976744186,999,8.33133133133133
787,211,8.24904701397713,8.70142180094787,998,8.34468937875751
786,212,8.24554707379135,8.68867924528302,998,8.33967935871743
788,208,8.25888324873096,8.67307692307692,996,8.34538152610442
789,209,8.24968314321926,8.60287081339713,998,8.32364729458918
788,211,8.21573604060914,8.61137440758294,999,8.2992992992993
782,213,8.23529411764706,8.57276995305164,995,8.30753768844221
782,217,8.23913043478261,8.51152073732719,999,8.2982982982983
780,218,8.22948717948718,8.4954128440367,998,8.2875751503006
778,219,8.29562982005141,8.47945205479452,997,8.33600802407222
785,214,8.30445859872611,8.47663551401869,999,8.34134134134134
779,220,8.32477535301669,8.45,999,8.35235235235235
780,219,8.34615384615385,8.43835616438356,999,8.36636636636637
777,222,8.34877734877735,8.45045045045045,999,8.37137137137137
770,227,8.32857142857143,8.43612334801762,997,8.3530591775326
774,224,8.30361757105943,8.45982142857143,998,8.33867735470942
775,223,8.28903225806452,8.43946188340807,998,8.32264529058116
766,232,8.29242819843342,8.44396551724138,998,8.32765531062124
767,232,8.30769230769231,8.4698275862069,999,8.34534534534535
752,245,8.32579787234043,8.47755102040816,997,8.36308926780341
762,236,8.32152230971129,8.47881355932203,998,8.35871743486974
757,242,8.3223249669749,8.46280991735537,999,8.35635635635636
754,245,8.31432360742706,8.45714285714286,999,8.34934934934935
755,243,8.30596026490066,8.42798353909465,998,8.33567134268537
750,248,8.3,8.42338709677419,998,8.33066132264529
756,242,8.28835978835979,8.41735537190083,998,8.31963927855711
763,235,8.31061598951507,8.40425531914894,998,8.33266533066132
760,238,8.31315789473684,8.35714285714286,998,8.32364729458918
761,235,8.30880420499343,8.40851063829787,996,8.33232931726908
755,243,8.31258278145695,8.35390946502058,998,8.32264529058116
759,238,8.28853754940712,8.35714285714286,997,8.3049147442327
756,241,8.26984126984127,8.3195020746888,997,8.28184553660983
757,241,8.26948480845443,8.31535269709544,998,8.28056112224449
758,241,8.25593667546174,8.29875518672199,999,8.26626626626627
752,246,8.26994680851064,8.31707317073171,998,8.28156312625251
756,243,8.26984126984127,8.33744855967078,999,8.28628628628629
763,234,8.28047182175623,8.37179487179487,997,8.30190571715145
759,239,8.27931488801054,8.34309623430962,998,8.29458917835671
753,245,8.28021248339974,8.40408163265306,998,8.31062124248497
755,244,8.25960264900662,8.47131147540984,999,8.31131131131131
758,240,8.27968337730871,8.45,998,8.32064128256513
751,248,8.26897470039947,8.49193548387097,999,8.32432432432432
755,244,8.31258278145695,8.42213114754098,999,8.33933933933934
754,244,8.32228116710875,8.40163934426229,998,8.34168336673347
752,245,8.29255319148936,8.41632653061225,997,8.32296890672016
753,245,8.28552456839309,8.43673469387755,998,8.32264529058116
755,244,8.30066225165563,8.35655737704918,999,8.31431431431431
748,250,8.32352941176471,8.308,998,8.31963927855711
752,247,8.30718085106383,8.2753036437247,999,8.2992992992993
752,247,8.28324468085106,8.26315789473684,999,8.27827827827828
755,244,8.28741721854305,8.29098360655738,999,8.28828828828829
750,249,8.27866666666667,8.30923694779116,999,8.28628628628629
739,260,8.29905277401894,8.31538461538462,999,8.3033033033033
743,255,8.28398384925976,8.32156862745098,998,8.2935871743487
750,248,8.252,8.29838709677419,998,8.26352705410822
760,238,8.30263157894737,8.32773109243698,998,8.30861723446894
758,238,8.31926121372032,8.38655462184874,996,8.33534136546185
762,236,8.30314960629921,8.41101694915254,998,8.32865731462926
763,236,8.31061598951507,8.41101694915254,999,8.33433433433433
763,236,8.31061598951507,8.3771186440678,999,8.32632632632633
766,233,8.33942558746736,8.35622317596567,999,8.34334334334334
758,241,8.32849604221636,8.37344398340249,999,8.33933933933934
761,238,8.31537450722733,8.39915966386555,999,8.33533533533534
765,232,8.32941176470588,8.37931034482759,997,8.34102306920762
767,231,8.31942633637549,8.33333333333333,998,8.32264529058116
767,232,8.32724902216428,8.4051724137931,999,8.34534534534535
757,242,8.32628797886394,8.38842975206612,999,8.34134134134134
758,241,8.34036939313984,8.40248962655602,999,8.35535535535536
760,239,8.35131578947368,8.42677824267783,999,8.36936936936937
763,235,8.37090432503276,8.46382978723404,998,8.39278557114229
764,233,8.35732984293194,8.46351931330472,997,8.38214643931795
768,231,8.37630208333333,8.45454545454546,999,8.39439439439439
769,229,8.3888166449935,8.41048034934498,998,8.3937875751503
764,234,8.3848167539267,8.43589743589744,998,8.39679358717435
766,232,8.37467362924282,8.36637931034483,998,8.37274549098196
764,235,8.40314136125654,8.39574468085106,999,8.4014014014014
760,239,8.40394736842105,8.40585774058577,999,8.4044044044044
760,238,8.38684210526316,8.41176470588235,998,8.39278557114229
755,241,8.39735099337748,8.39419087136929,996,8.39658634538153
761,237,8.38633377135348,8.39240506329114,998,8.38777555110221
759,239,8.37944664031621,8.43933054393306,998,8.3937875751503
760,239,8.40394736842105,8.46443514644352,999,8.41841841841842
758,240,8.41952506596306,8.51666666666667,998,8.44288577154309
766,231,8.42036553524804,8.47186147186147,997,8.43229689067202
762,236,8.42257217847769,8.48305084745763,998,8.43687374749499
767,232,8.38722294654498,8.53448275862069,999,8.42142142142142
764,234,8.37696335078534,8.52564102564103,998,8.41182364729459
763,236,8.38925294888598,8.5,999,8.41541541541542
762,235,8.38582677165354,8.51489361702128,997,8.41624874623872
750,248,8.34266666666667,8.48790322580645,998,8.37875751503006
744,255,8.3252688172043,8.47058823529412,999,8.36236236236236
743,256,8.34051144010767,8.46875,999,8.37337337337337
743,254,8.36608344549125,8.42913385826772,997,8.38214643931795
753,244,8.33731739707835,8.4672131147541,997,8.3691073219659
747,252,8.31057563587684,8.40476190476191,999,8.33433433433433
746,252,8.34986595174263,8.37698412698413,998,8.35671342685371
746,253,8.37935656836461,8.3596837944664,999,8.37437437437437
754,244,8.36737400530504,8.38934426229508,998,8.37274549098196
751,248,8.35153129161118,8.33467741935484,999,8.34734734734735
758,240,8.33377308707124,8.35,998,8.3376753507014
759,239,8.31488801054018,8.28870292887029,998,8.30861723446894
766,233,8.32506527415144,8.27038626609442,999,8.31231231231231
760,238,8.26315789473684,8.23529411764706,998,8.2565130260521
758,241,8.2598944591029,8.23651452282158,999,8.25425425425425
750,247,8.244,8.22267206477733,997,8.23871614844534
747,252,8.23025435073628,8.27777777777778,999,8.24224224224224
747,252,8.22757697456493,8.26984126984127,999,8.23823823823824
746,252,8.20509383378016,8.28968253968254,998,8.22645290581162
740,258,8.20405405405405,8.2906976744186,998,8.22645290581162
745,254,8.18389261744966,8.31102362204724,999,8.21621621621622
751,248,8.17310252996005,8.29032258064516,999,8.2022022022022
745,254,8.22818791946309,8.27952755905512,999,8.24124124124124
743,254,8.24495289367429,8.25590551181102,997,8.24774322968907
746,253,8.23324396782842,8.18577075098814,999,8.22122122122122
740,257,8.21351351351351,8.16731517509728,997,8.20160481444333
735,264,8.19863945578231,8.20833333333333,999,8.2012012012012
746,253,8.20509383378016,8.23320158102767,999,8.21221221221221
742,256,8.2088948787062,8.24609375,998,8.21843687374749
745,254,8.21744966442953,8.25590551181102,999,8.22722722722723
747,252,8.2235609103079,8.22619047619048,999,8.22422422422422
743,253,8.20995962314939,8.22134387351779,996,8.21285140562249
749,249,8.2109479305741,8.18473895582329,998,8.20440881763527
758,241,8.22163588390501,8.19917012448133,999,8.21621621621622
759,239,8.21080368906456,8.15481171548117,998,8.19739478957916
762,236,8.20472440944882,8.20762711864407,998,8.20541082164329
756,243,8.25396825396825,8.23456790123457,999,8.24924924924925
753,245,8.2058432934927,8.22857142857143,998,8.21142284569138
746,250,8.19302949061662,8.3,996,8.21987951807229
743,255,8.20861372812921,8.30196078431373,998,8.23246492985972
743,256,8.22880215343203,8.28515625,999,8.24324324324324
745,250,8.21879194630873,8.288,995,8.23618090452261
743,255,8.24091520861373,8.30980392156863,998,8.25851703406814
739,258,8.21244925575101,8.31007751937985,997,8.23771313941825
736,263,8.22554347826087,8.2851711026616,999,8.24124124124124
746,253,8.2372654155496,8.3399209486166,999,8.26326326326326
742,257,8.22641509433962,8.32684824902724,999,8.25225225225225
743,253,8.23687752355316,8.32806324110672,996,8.26004016064257
741,254,8.26180836707153,8.31102362204724,995,8.27437185929648
736,262,8.24320652173913,8.29770992366412,998,8.25751503006012
739,260,8.23680649526387,8.33846153846154,999,8.26326326326326
744,254,8.24865591397849,8.33070866141732,998,8.26953907815631
738,261,8.24932249322493,8.30268199233717,999,8.26326326326326
737,261,8.2550881953867,8.33333333333333,998,8.27555110220441
736,263,8.25815217391304,8.3384030418251,999,8.27927927927928
734,264,8.26294277929155,8.31060606060606,998,8.27555110220441
737,260,8.24559023066486,8.36153846153846,997,8.27582748244734
737,261,8.25101763907734,8.37547892720307,998,8.28356713426854
736,261,8.25951086956522,8.36015325670498,997,8.28585757271815
736,262,8.26630434782609,8.32824427480916,998,8.28256513026052
743,256,8.21938088829071,8.296875,999,8.23923923923924
742,256,8.23180592991914,8.31640625,998,8.25350701402806
748,251,8.26604278074866,8.29482071713147,999,8.27327327327327
735,263,8.26666666666667,8.3041825095057,998,8.27655310621243
741,258,8.22672064777328,8.32558139534884,999,8.25225225225225
743,255,8.21668909825034,8.32156862745098,998,8.2434869739479
756,243,8.22883597883598,8.34156378600823,999,8.25625625625626
749,250,8.22563417890521,8.312,999,8.24724724724725
753,246,8.20717131474104,8.34959349593496,999,8.24224224224224
759,240,8.19104084321476,8.35833333333333,999,8.23123123123123
760,237,8.16842105263158,8.36708860759494,997,8.21564694082247
750,247,8.14666666666667,8.37651821862348,997,8.20361083249749
758,240,8.13984168865435,8.3625,998,8.19338677354709
755,244,8.12582781456954,8.34016393442623,999,8.17817817817818
761,238,8.12352168199737,8.33193277310924,999,8.17317317317317
760,239,8.13421052631579,8.37238493723849,999,8.19119119119119
752,244,8.13829787234043,8.37704918032787,996,8.19678714859438
752,245,8.16090425531915,8.38775510204082,997,8.21664994984955
753,246,8.18193891102258,8.39837398373984,999,8.23523523523524
760,239,8.18552631578947,8.35146443514644,999,8.22522522522523
757,241,8.19286657859974,8.36514522821577,998,8.23446893787575
762,237,8.18241469816273,8.32489451476793,999,8.21621621621622
751,248,8.16644474034621,8.26612903225806,999,8.19119119119119
760,238,8.16447368421053,8.2436974789916,998,8.18336673346693
764,235,8.16623036649215,8.2468085106383,999,8.18518518518519
769,228,8.14044213263979,8.2280701754386,997,8.160481444333
766,231,8.13838120104439,8.24675324675325,997,8.16349047141424
767,231,8.1277705345502,8.22510822510823,998,8.1503006012024
761,236,8.11432325886991,8.23305084745763,997,8.14242728184554
760,238,8.09868421052632,8.28151260504202,998,8.14228456913828
764,235,8.10471204188482,8.32765957446808,999,8.15715715715716
750,249,8.08666666666667,8.29317269076305,999,8.13813813813814
752,247,8.11436170212766,8.29554655870445,999,8.15915915915916
744,254,8.12634408602151,8.34251968503937,998,8.1813627254509
747,252,8.11646586345381,8.3531746031746,999,8.17617617617618
739,258,8.06765899864682,8.36434108527132,997,8.1444332998997
733,265,8.07366984993179,8.36981132075472,998,8.15230460921844
730,269,8.07808219178082,8.39033457249071,999,8.16216216216216
728,271,8.0728021978022,8.3690036900369,999,8.15315315315315
731,268,8.08207934336525,8.37313432835821,999,8.16016016016016
727,272,8.07840440165062,8.41544117647059,999,8.17017017017017
725,274,8.06758620689655,8.33941605839416,999,8.14214214214214
731,267,8.07387140902873,8.29588014981273,998,8.13326653306613
732,267,8.09836065573771,8.31086142322097,999,8.15515515515516
742,256,8.09433962264151,8.328125,998,8.15430861723447
736,263,8.1195652173913,8.31178707224335,999,8.17017017017017
736,262,8.13315217391304,8.27099236641221,998,8.16933867735471
738,260,8.13143631436314,8.26153846153846,998,8.16533066132265
744,254,8.14112903225806,8.30314960629921,998,8.18236472945892
735,262,8.13877551020408,8.2824427480916,997,8.1765295887663
742,257,8.14824797843666,8.27626459143969,999,8.18118118118118
735,264,8.19047619047619,8.31060606060606,999,8.22222222222222
730,269,8.17260273972603,8.27137546468401,999,8.1991991991992
727,271,8.21045392022008,8.22878228782288,998,8.21543086172345
731,268,8.22571819425445,8.29850746268657,999,8.24524524524525
732,267,8.25409836065574,8.30337078651685,999,8.26726726726727
724,275,8.25690607734807,8.28727272727273,999,8.26526526526527
726,272,8.25206611570248,8.31985294117647,998,8.27054108216433
731,268,8.24487004103967,8.34328358208955,999,8.27127127127127
727,271,8.21870701513067,8.33579335793358,998,8.25050100200401
721,277,8.2122052704577,8.34657039711191,998,8.24949899799599
711,288,8.18846694796062,8.28472222222222,999,8.21621621621622
713,286,8.20056100981767,8.32517482517482,999,8.23623623623624
725,273,8.1848275862069,8.3003663003663,998,8.21643286573146
723,276,8.2060857538036,8.31159420289855,999,8.23523523523524
721,278,8.19140083217753,8.34892086330935,999,8.23523523523524
712,287,8.16573033707865,8.31358885017422,999,8.20820820820821
722,276,8.15373961218837,8.24275362318841,998,8.17835671342685
726,271,8.19421487603306,8.27675276752768,997,8.21664994984955
726,273,8.18732782369146,8.3003663003663,999,8.21821821821822
721,276,8.19556171983356,8.27173913043478,997,8.21664994984955
719,279,8.19471488178025,8.27240143369176,998,8.21643286573146
722,276,8.17728531855956,8.26811594202899,998,8.20240480961924
716,283,8.17458100558659,8.22968197879859,999,8.19019019019019
715,283,8.1986013986014,8.24734982332155,998,8.2124248496994
712,286,8.1938202247191,8.22377622377622,998,8.20240480961924
719,280,8.19471488178025,8.19285714285714,999,8.19419419419419
722,277,8.20498614958449,8.15884476534296,999,8.19219219219219
724,275,8.20580110497237,8.22909090909091,999,8.21221221221221
724,273,8.1975138121547,8.2014652014652,997,8.19859578736209
723,275,8.19917012448133,8.22909090909091,998,8.20741482965932
722,277,8.21883656509695,8.25631768953069,999,8.22922922922923
715,283,8.23636363636364,8.25441696113074,998,8.24148296593186
717,282,8.2510460251046,8.24113475177305,999,8.24824824824825
717,282,8.28312412831241,8.19858156028369,999,8.25925925925926
718,280,8.28690807799443,8.22857142857143,998,8.27054108216433
728,270,8.34340659340659,8.28888888888889,998,8.32865731462926
724,274,8.38397790055249,8.27737226277372,998,8.35470941883768
726,273,8.3801652892562,8.28205128205128,999,8.35335335335335
726,273,8.39944903581267,8.25641025641026,999,8.36036036036036
721,278,8.37170596393897,8.2158273381295,999,8.32832832832833
720,279,8.38888888888889,8.23297491039427,999,8.34534534534535
718,280,8.35376044568245,8.24642857142857,998,8.32364729458918
717,282,8.35425383542538,8.29787234042553,999,8.33833833833834
720,279,8.3375,8.25806451612903,999,8.31531531531532
727,272,8.32599724896836,8.27573529411765,999,8.31231231231231
728,271,8.3228021978022,8.23985239852398,999,8.3003003003003
732,265,8.36885245901639,8.22641509433962,997,8.33099297893681
737,262,8.35549525101764,8.22900763358779,999,8.32232232232232
747,252,8.34002677376171,8.21825396825397,999,8.30930930930931
742,257,8.3288409703504,8.24902723735408,999,8.30830830830831
744,255,8.34543010752688,8.21960784313725,999,8.31331331331331
740,259,8.36486486486486,8.17374517374517,999,8.31531531531532
737,262,8.38263229308005,8.12595419847328,999,8.31531531531532
729,268,8.35802469135803,8.15298507462687,997,8.30290872617854
724,275,8.36187845303867,8.07636363636364,999,8.28328328328328
722,277,8.35318559556787,8.10108303249097,999,8.28328328328328
720,278,8.36388888888889,8.11870503597122,998,8.29559118236473
722,277,8.38781163434903,8.08664259927798,999,8.3043043043043
726,273,8.3801652892562,8.09523809523809,999,8.3023023023023
727,270,8.37826685006878,8.14814814814815,997,8.31594784353059
721,276,8.38280166435506,8.14492753623188,997,8.31695085255767
723,275,8.42323651452282,8.14909090909091,998,8.34769539078156
734,265,8.39509536784741,8.21132075471698,999,8.34634634634635
727,270,8.40302613480055,8.26296296296296,997,8.36509528585757
732,267,8.43169398907104,8.25842696629213,999,8.38538538538539
734,265,8.43732970027248,8.26415094339623,999,8.39139139139139
724,274,8.45303867403315,8.29197080291971,998,8.40881763527054
721,277,8.44937586685159,8.31046931407942,998,8.41082164328657
722,277,8.46260387811634,8.32490974729242,999,8.42442442442442
721,276,8.44382801664355,8.29710144927536,997,8.40320962888666
715,284,8.46013986013986,8.33450704225352,999,8.42442442442442
715,283,8.45454545454546,8.38515901060071,998,8.43486973947896
709,288,8.42877291960508,8.41666666666667,997,8.42527582748245
732,266,8.42076502732241,8.37218045112782,998,8.40781563126252
729,270,8.42112482853224,8.37037037037037,999,8.40740740740741
733,265,8.38199181446112,8.34339622641509,998,8.37174348697395
736,263,8.3695652173913,8.36501901140684,999,8.36836836836837
739,259,8.38430311231394,8.38610038610039,998,8.38476953907816
743,256,8.37954239569314,8.37890625,999,8.37937937937938
741,258,8.37516869095816,8.35271317829457,999,8.36936936936937
740,259,8.35,8.34362934362934,999,8.34834834834835
736,262,8.38315217391304,8.32824427480916,998,8.3687374749499
737,261,8.34735413839891,8.38314176245211,998,8.35671342685371
734,263,8.35013623978202,8.4106463878327,997,8.36609829488465
731,268,8.35841313269494,8.39179104477612,999,8.36736736736737
739,260,8.36400541271989,8.39615384615385,999,8.37237237237237
739,260,8.37753721244925,8.44615384615385,999,8.3953953953954
734,265,8.37738419618529,8.45660377358491,999,8.3983983983984
724,274,8.3646408839779,8.44160583941606,998,8.38577154308617
718,281,8.36629526462396,8.42348754448399,999,8.38238238238238
715,283,8.35244755244755,8.39222614840989,998,8.36372745490982
715,283,8.36363636363636,8.42756183745583,998,8.38176352705411
714,284,8.34733893557423,8.39084507042254,998,8.35971943887776
717,282,8.37238493723849,8.36879432624113,999,8.37137137137137
718,280,8.33983286908078,8.33928571428571,998,8.33967935871743
716,282,8.36871508379888,8.34397163120567,998,8.36172344689379
721,278,8.34674063800277,8.32014388489209,999,8.33933933933934
717,281,8.36122733612273,8.34875444839858,998,8.35771543086172
714,284,8.35574229691877,8.32746478873239,998,8.34769539078156
704,294,8.35653409090909,8.35714285714286,998,8.35671342685371
726,271,8.35812672176309,8.39114391143911,997,8.36710130391173
718,281,8.33426183844011,8.39857651245552,999,8.35235235235235
723,276,8.35131396957123,8.3804347826087,999,8.35935935935936
718,279,8.32869080779944,8.39068100358423,997,8.34603811434303
720,277,8.32361111111111,8.31407942238267,997,8.320962888666
723,275,8.33056708160443,8.31272727272727,998,8.32565130260521
727,272,8.33425034387895,8.26470588235294,999,8.31531531531532
721,277,8.35228848821082,8.28158844765343,998,8.33266533066132
720,278,8.32638888888889,8.28057553956834,998,8.31362725450902
731,268,8.3077975376197,8.24626865671642,999,8.29129129129129
732,266,8.30601092896175,8.17669172932331,998,8.27154308617235
728,270,8.33928571428571,8.17777777777778,998,8.29559118236473
729,269,8.32373113854595,8.20817843866171,998,8.29258517034068
732,266,8.32650273224044,8.22556390977444,998,8.29959919839679
734,265,8.29700272479564,8.20754716981132,999,8.27327327327327
731,267,8.27359781121751,8.23595505617978,998,8.26352705410822
739,260,8.26251691474966,8.25,999,8.25925925925926
739,258,8.25439783491204,8.24031007751938,997,8.25075225677031
754,245,8.24535809018568,8.20408163265306,999,8.23523523523524
749,248,8.28571428571429,8.2258064516129,997,8.27081243731194
750,248,8.29333333333333,8.20967741935484,998,8.27254509018036
749,249,8.29105473965287,8.23293172690763,998,8.27655310621243
752,246,8.30452127659574,8.21544715447154,998,8.28256513026052
757,242,8.32364597093791,8.24793388429752,999,8.30530530530531
763,236,8.33682830930537,8.19491525423729,999,8.3033033033033
763,235,8.31061598951507,8.19574468085106,998,8.28356713426854
768,231,8.31901041666667,8.17748917748918,999,8.28628628628629
764,234,8.32068062827225,8.15811965811966,998,8.28256513026052
762,237,8.32283464566929,8.18565400843882,999,8.29029029029029
771,228,8.31906614785992,8.18421052631579,999,8.28828828828829
769,229,8.31729518855657,8.18777292576419,998,8.2875751503006
778,221,8.34575835475578,8.14932126696833,999,8.3023023023023
779,219,8.34916559691913,8.19634703196347,998,8.31563126252505
767,232,8.33507170795306,8.21551724137931,999,8.30730730730731
768,231,8.36197916666667,8.22510822510823,999,8.33033033033033
761,237,8.36399474375821,8.21940928270042,998,8.32965931863727
757,242,8.32892998678996,8.21074380165289,999,8.3003003003003
758,241,8.344327176781,8.21991701244813,999,8.31431431431431
761,238,8.3442838370565,8.26470588235294,999,8.32532532532533
764,234,8.32591623036649,8.27350427350427,998,8.31362725450902
765,232,8.29673202614379,8.28448275862069,997,8.2938816449348
766,233,8.29895561357702,8.28755364806867,999,8.2962962962963
770,229,8.3012987012987,8.32751091703057,999,8.30730730730731
771,226,8.28274967574579,8.27433628318584,997,8.28084252758275
770,228,8.32207792207792,8.28070175438597,998,8.312625250501
772,227,8.33419689119171,8.2511013215859,999,8.31531531531532
771,227,8.33592736705577,8.30396475770925,998,8.32865731462926
780,218,8.34871794871795,8.3256880733945,998,8.3436873747495
777,222,8.38095238095238,8.31981981981982,999,8.36736736736737
779,220,8.35044929396662,8.34545454545455,999,8.34934934934935
790,209,8.3493670886076,8.37320574162679,999,8.35435435435435
788,210,8.34517766497462,8.42380952380952,998,8.36172344689379
792,206,8.30429292929293,8.48058252427184,998,8.34068136272545
794,205,8.27455919395466,8.46341463414634,999,8.31331331331331
798,201,8.26691729323308,8.51243781094527,999,8.31631631631632
805,194,8.26335403726708,8.48969072164948,999,8.30730730730731
799,200,8.25531914893617,8.485,999,8.3013013013013
801,197,8.28214731585518,8.51776649746193,998,8.32865731462926
795,202,8.28679245283019,8.57920792079208,997,8.34603811434303
803,196,8.31008717310087,8.61734693877551,999,8.37037037037037
795,204,8.28930817610063,8.61764705882353,999,8.35635635635636
791,207,8.30973451327434,8.59420289855072,998,8.3687374749499
787,212,8.31257941550191,8.62735849056604,999,8.37937937937938
783,216,8.31417624521073,8.59259259259259,999,8.37437437437437
783,216,8.33205619412516,8.63425925925926,999,8.3973973973974
789,209,8.28643852978454,8.59808612440191,998,8.35170340681363
793,205,8.29255989911728,8.58536585365854,998,8.35270541082164
784,213,8.27295918367347,8.53051643192488,997,8.32798395185557
793,205,8.30517023959647,8.52682926829268,998,8.35070140280561
791,208,8.2692793931732,8.52403846153846,999,8.32232232232232
787,211,8.26937738246506,8.49289099526066,998,8.31663326653307
785,212,8.26624203821656,8.50943396226415,997,8.31795386158475
785,213,8.22292993630573,8.47887323943662,998,8.27755511022044
780,218,8.2474358974359,8.44495412844037,998,8.29058116232465
778,221,8.27377892030848,8.42986425339367,999,8.30830830830831
783,215,8.26564495530013,8.41860465116279,998,8.29859719438878
780,218,8.26153846153846,8.41284403669725,998,8.29458917835671
777,222,8.25225225225225,8.40540540540541,999,8.28628628628629
774,223,8.28036175710594,8.46636771300448,997,8.32196589769308
779,219,8.29525032092426,8.4703196347032,998,8.33366733466934
779,220,8.26572528883184,8.47727272727273,999,8.31231231231231
780,218,8.28589743589744,8.48165137614679,998,8.32865731462926
787,212,8.28081321473952,8.51415094339623,999,8.33033033033033
785,213,8.29426751592357,8.49765258215962,998,8.3376753507014
779,219,8.31193838254172,8.4703196347032,998,8.34669338677355
781,218,8.31370038412292,8.47706422018349,999,8.34934934934935
787,212,8.33290978398984,8.46698113207547,999,8.36136136136136
782,217,8.32097186700767,8.44239631336406,999,8.34734734734735
789,210,8.33079847908745,8.43809523809524,999,8.35335335335335
782,217,8.35038363171356,8.49308755760369,999,8.38138138138138
780,218,8.33717948717949,8.46788990825688,998,8.36573146292585
772,225,8.34585492227979,8.48444444444444,997,8.37713139418255
781,216,8.3393085787452,8.46759259259259,997,8.36710130391173
774,224,8.35012919896641,8.40625,998,8.3627254509018
771,228,8.3307392996109,8.39035087719298,999,8.34434434434434
775,224,8.33548387096774,8.46428571428571,999,8.36436436436436
773,226,8.35834411384217,8.38053097345133,999,8.36336336336336
776,223,8.36469072164948,8.3542600896861,999,8.36236236236236
777,221,8.37194337194337,8.3710407239819,998,8.37174348697395
779,219,8.37483953786906,8.39269406392694,998,8.37875751503006
775,223,8.3741935483871,8.34529147982063,998,8.36773547094188
775,224,8.36129032258065,8.37053571428571,999,8.36336336336336
774,222,8.34883720930233,8.36486486486486,996,8.35240963855422
776,222,8.33376288659794,8.33333333333333,998,8.33366733466934
780,218,8.3,8.29357798165138,998,8.29859719438878
783,216,8.32311621966794,8.26851851851852,999,8.31131131131131
781,217,8.34058898847631,8.2258064516129,998,8.31563126252505
782,217,8.31841432225064,8.25806451612903,999,8.30530530530531
780,218,8.29102564102564,8.22935779816514,998,8.27755511022044
793,206,8.27994955863808,8.25242718446602,999,8.27427427427427
786,213,8.27099236641221,8.27230046948357,999,8.27127127127127
787,211,8.284625158831,8.27488151658768,998,8.28256513026052
782,217,8.30306905370844,8.27649769585253,999,8.2972972972973
775,222,8.29935483870968,8.28378378378378,997,8.29588766298897
780,219,8.31666666666667,8.25570776255708,999,8.3033033033033
780,219,8.2974358974359,8.28767123287671,999,8.2952952952953
776,223,8.30541237113402,8.28699551569507,999,8.3013013013013
773,226,8.32082794307891,8.29203539823009,999,8.31431431431431
762,237,8.32808398950131,8.29957805907173,999,8.32132132132132
772,227,8.33549222797927,8.25991189427313,999,8.31831831831832
763,235,8.32896461336828,8.26382978723404,998,8.31362725450902
770,228,8.32987012987013,8.32456140350877,998,8.32865731462926
765,232,8.29673202614379,8.31896551724138,997,8.30190571715145
765,232,8.3359477124183,8.33189655172414,997,8.33500501504514
766,232,8.35248041775457,8.375,998,8.35771543086172
760,235,8.34605263157895,8.4,995,8.35879396984925
768,231,8.36588541666667,8.42857142857143,999,8.38038038038038
774,225,8.34883720930233,8.42666666666667,999,8.36636636636637
779,218,8.35686777920411,8.44954128440367,997,8.37713139418255
779,219,8.34403080872914,8.41095890410959,998,8.35871743486974
775,223,8.34064516129032,8.38116591928251,998,8.3496993987976
771,227,8.31906614785992,8.35242290748899,998,8.32665330661323
775,221,8.29290322580645,8.3710407239819,996,8.31024096385542
783,215,8.32567049808429,8.38139534883721,998,8.3376753507014
777,222,8.31531531531532,8.36036036036036,999,8.32532532532533
784,215,8.32142857142857,8.37209302325581,999,8.33233233233233
783,215,8.27586206896552,8.3953488372093,998,8.30160320641283
791,208,8.28950695322377,8.40865384615385,999,8.31431431431431
789,209,8.33206590621039,8.44019138755981,998,8.35470941883768
790,208,8.33164556962025,8.48557692307692,998,8.36372745490982
788,210,8.32868020304569,8.45714285714286,998,8.35571142284569
789,209,8.28643852978454,8.44976076555024,998,8.32064128256513
788,211,8.30203045685279,8.45497630331753,999,8.33433433433433
787,211,8.29860228716645,8.46445497630332,998,8.33366733466934
782,217,8.25959079283887,8.47465437788019,999,8.30630630630631
776,223,8.28865979381443,8.52914798206278,999,8.34234234234234
778,221,8.26863753213368,8.53393665158371,999,8.32732732732733
785,208,8.25222929936306,8.53365384615385,993,8.31117824773414
789,210,8.27629911280101,8.55714285714286,999,8.33533533533534
791,208,8.28445006321112,8.52884615384615,999,8.33533533533534
792,207,8.29166666666667,8.54106280193237,999,8.34334334334334
799,198,8.25657071339174,8.53030303030303,997,8.31093279839519
803,196,8.21793275217933,8.56122448979592,999,8.28528528528529
808,191,8.21410891089109,8.53403141361257,999,8.27527527527528
810,188,8.21481481481482,8.47340425531915,998,8.26352705410822
807,191,8.20322180916977,8.50261780104712,998,8.26052104208417
807,192,8.19826517967782,8.453125,999,8.24724724724725
806,193,8.18982630272953,8.41450777202073,999,8.23323323323323
807,190,8.16976456009913,8.42105263157895,997,8.21765295887663
807,191,8.1908302354399,8.35602094240838,998,8.22244488977956
816,183,8.19240196078431,8.39344262295082,999,8.22922922922923
816,182,8.17401960784314,8.43406593406593,998,8.22144288577154
816,183,8.19975490196078,8.39890710382514,999,8.23623623623624
820,179,8.18292682926829,8.32960893854749,999,8.20920920920921
821,177,8.20828258221681,8.33898305084746,998,8.2314629258517
827,171,8.17291414752116,8.28070175438597,998,8.19138276553106
828,170,8.17995169082126,8.26470588235294,998,8.19438877755511
831,166,8.1913357400722,8.33734939759036,997,8.21564694082247
830,169,8.21566265060241,8.33136094674556,999,8.23523523523524
824,174,8.23907766990291,8.40804597701149,998,8.2685370741483
821,177,8.25213154689403,8.36723163841808,998,8.27254509018036
820,179,8.24634146341463,8.41899441340782,999,8.27727727727728
820,179,8.24634146341463,8.43016759776536,999,8.27927927927928
810,189,8.21728395061728,8.42857142857143,999,8.25725725725726
808,190,8.21287128712871,8.44736842105263,998,8.25751503006012
805,193,8.22608695652174,8.41968911917098,998,8.26352705410822
812,187,8.23152709359606,8.44385026737968,999,8.27127127127127
816,183,8.22916666666667,8.40983606557377,999,8.26226226226226
812,187,8.24753694581281,8.42245989304813,999,8.28028028028028
820,179,8.26219512195122,8.4804469273743,999,8.3013013013013
819,179,8.25518925518926,8.44692737430168,998,8.28957915831663
824,175,8.24757281553398,8.4,999,8.27427427427427
831,168,8.24789410348977,8.41666666666667,999,8.27627627627628
832,167,8.24158653846154,8.41317365269461,999,8.27027027027027
834,164,8.2589928057554,8.44512195121951,998,8.28957915831663
840,159,8.30119047619048,8.42138364779874,999,8.32032032032032
843,155,8.2870699881376,8.4,998,8.30460921843687
838,161,8.28162291169451,8.46583850931677,999,8.31131131131131
841,158,8.28418549346017,8.49367088607595,999,8.31731731731732
832,167,8.30408653846154,8.50898203592814,999,8.33833833833834
832,167,8.296875,8.49101796407186,999,8.32932932932933
835,164,8.31137724550898,8.53048780487805,999,8.34734734734735
834,165,8.31414868105516,8.5030303030303,999,8.34534534534535
825,174,8.31515151515151,8.50574712643678,999,8.34834834834835
822,175,8.31508515815085,8.57142857142857,997,8.36008024072217
816,182,8.31372549019608,8.56593406593407,998,8.35971943887776
816,182,8.31985294117647,8.57142857142857,998,8.36573146292585
816,181,8.33088235294118,8.5524861878453,997,8.37111334002006
821,177,8.32643118148599,8.48587570621469,998,8.35470941883768
822,177,8.31265206812652,8.57062146892655,999,8.35835835835836
827,171,8.30955259975816,8.53216374269006,998,8.34769539078156
829,168,8.30036188178528,8.50595238095238,997,8.33500501504514
829,166,8.3124246079614,8.48192771084337,995,8.34070351758794
833,166,8.31452581032413,8.44578313253012,999,8.33633633633634
834,165,8.310551558753,8.52121212121212,999,8.34534534534535
837,162,8.32019115890084,8.57407407407407,999,8.36136136136136
843,156,8.30486358244365,8.52564102564103,999,8.33933933933934
839,159,8.29082240762813,8.58490566037736,998,8.3376753507014
847,151,8.30106257378985,8.51655629139073,998,8.33366733466934
843,156,8.28113879003559,8.56410256410256,999,8.32532532532533
844,155,8.29502369668247,8.55483870967742,999,8.33533533533534
835,164,8.28023952095808,8.53048780487805,999,8.32132132132132
833,164,8.30252100840336,8.5,997,8.33500501504514
833,166,8.29291716686675,8.46385542168675,999,8.32132132132132
832,167,8.28966346153846,8.44311377245509,999,8.31531531531532
835,164,8.2622754491018,8.40853658536585,999,8.28628628628629
830,168,8.23855421686747,8.40476190476191,998,8.26653306613226
830,168,8.19879518072289,8.43452380952381,998,8.23847695390782
838,161,8.21360381861575,8.39130434782609,999,8.24224224224224
841,157,8.21046373365042,8.35668789808917,998,8.23346693386774
852,147,8.23943661971831,8.36054421768707,999,8.25725725725726
845,151,8.22840236686391,8.29801324503311,996,8.23895582329317
847,152,8.25855962219599,8.33552631578947,999,8.27027027027027
845,154,8.26745562130177,8.35064935064935,999,8.28028028028028
841,156,8.21997621878716,8.37820512820513,997,8.24473420260782
839,159,8.20023837902265,8.40880503144654,998,8.23346693386774
834,165,8.19184652278178,8.36363636363636,999,8.22022022022022
836,162,8.1866028708134,8.38271604938272,998,8.21843687374749
843,156,8.16963226571768,8.33974358974359,999,8.1961961961962
841,158,8.17241379310345,8.38607594936709,999,8.20620620620621
847,152,8.18181818181818,8.32894736842105,999,8.2042042042042
850,149,8.17176470588235,8.30872483221476,999,8.19219219219219
844,154,8.17890995260663,8.24025974025974,998,8.18837675350701
842,157,8.18883610451306,8.17197452229299,999,8.18618618618619
843,155,8.21945432977461,8.19354838709677,998,8.21543086172345
849,150,8.18727915194346,8.16666666666667,999,8.18418418418418
843,155,8.15302491103203,8.11612903225806,998,8.14729458917836
848,151,8.13561320754717,8.1523178807947,999,8.13813813813814
844,154,8.14454976303318,8.12987012987013,998,8.14228456913828
853,146,8.12309495896835,8.17123287671233,999,8.13013013013013
856,143,8.11448598130841,8.17482517482518,999,8.12312312312312
855,144,8.10643274853801,8.22916666666667,999,8.12412412412412
852,147,8.11971830985915,8.26530612244898,999,8.14114114114114
854,144,8.13231850117096,8.34722222222222,998,8.16332665330661
