forward_num,reverse_num,forward_rate,reverse_rate,organism_num,organism_rate
500,500,5.5,5.5,1000,5.5
495,494,5.5030303030303,5.48582995951417,989,5.49443882709808
490,491,5.49183673469388,5.4928716904277,981,5.49235474006116
553,446,6.03616636528029,5.47757847533632,999,5.78678678678679
585,414,6.11794871794872,5.47342995169082,999,5.85085085085085
621,378,6.16425120772947,5.55291005291005,999,5.93293293293293
648,348,6.20987654320988,5.60919540229885,996,6.0
669,330,6.25112107623318,5.50606060606061,999,6.00500500500501
686,313,6.3134110787172,5.51437699680511,999,6.06306306306306
717,281,6.44351464435146,5.48398576512456,998,6.17334669338677
677,322,6.47710487444609,5.2111801242236,999,6.06906906906907
692,306,6.21242774566474,5.15032679738562,998,5.88677354709419
721,277,6.41054091539528,5.12996389891697,998,6.05511022044088
686,309,6.37026239067055,5.09385113268608,995,5.97386934673367
676,322,6.35355029585799,5.54037267080745,998,6.09118236472946
689,310,6.43396226415094,5.4,999,6.11311311311311
656,343,6.41006097560976,5.75218658892128,999,6.18418418418418
658,341,6.48632218844985,5.63929618768328,999,6.1971971971972
666,331,6.55855855855856,5.76737160120846,997,6.29588766298897
666,332,6.58708708708709,5.92469879518072,998,6.36673346693387
654,344,6.69724770642202,6.05232558139535,998,6.4749498997996
674,324,6.47774480712166,5.91049382716049,998,6.2935871743487
659,338,6.5432473444613,6.15384615384615,997,6.41123370110331
655,343,6.60916030534351,5.9533527696793,998,6.38376753507014
652,346,6.67484662576687,6.17052023121387,998,6.5
678,320,6.8023598820059,6.175,998,6.60120240480962
674,324,6.88575667655786,6.13271604938272,998,6.64128256513026
682,317,6.85630498533724,6.0820189274448,999,6.61061061061061
683,316,6.91361639824304,6.06012658227848,999,6.64364364364364
668,330,6.91167664670659,6.15757575757576,998,6.6623246492986
673,326,6.95690936106984,6.21472392638037,999,6.71471471471471
679,320,6.8939617083947,6.221875,999,6.67867867867868
669,330,6.98505231689088,6.28787878787879,999,6.75475475475475
660,339,7.04545454545455,6.12094395280236,999,6.73173173173173
657,342,7.09436834094368,6.24269005847953,999,6.8028028028028
658,341,7.12765957446809,6.36363636363636,999,6.86686686686687
654,345,7.20489296636086,6.33623188405797,999,6.9049049049049
655,343,7.1587786259542,6.44897959183673,998,6.91482965931864
668,330,7.15419161676647,6.5,998,6.93787575150301
653,345,7.21592649310873,6.54492753623188,998,6.98396793587174
654,342,7.32262996941896,6.52631578947368,996,7.04919678714859
660,339,7.28787878787879,6.46902654867257,999,7.01001001001001
661,337,7.27534039334342,6.55786350148368,998,7.03306613226453
664,335,7.31024096385542,6.57611940298507,999,7.06406406406406
665,334,7.2812030075188,6.57185628742515,999,7.04404404404404
672,326,7.30952380952381,6.67177914110429,998,7.10120240480962
675,323,7.36740740740741,6.77708978328173,998,7.17635270541082
681,317,7.43612334801762,6.80441640378549,998,7.23547094188377
679,318,7.46833578792342,6.87421383647799,997,7.27883650952859
681,317,7.48604992657856,6.80757097791798,998,7.27054108216433
665,334,7.52631578947368,6.80239520958084,999,7.28428428428428
678,321,7.55752212389381,6.97196261682243,999,7.36936936936937
681,318,7.64757709251101,7.0,999,7.44144144144144
675,322,7.70666666666667,6.94099378881988,997,7.45937813440321
671,327,7.725782414307,6.94495412844037,998,7.46993987975952
674,323,7.74925816023739,7.0030959752322,997,7.50752256770311
677,321,7.79763663220089,7.07476635514019,998,7.56513026052104
675,324,7.83555555555556,7.04320987654321,999,7.57857857857858
675,321,7.86074074074074,7.06542056074766,996,7.60441767068273
679,320,7.87334315169367,7.071875,999,7.61661661661662
682,317,7.94574780058651,7.13564668769716,999,7.68868868868869
685,314,7.91532846715328,7.13375796178344,999,7.66966966966967
696,303,7.93965517241379,7.17491749174917,999,7.70770770770771
698,300,7.95845272206304,7.26333333333333,998,7.74949899799599
702,297,8.00712250712251,7.32659932659933,999,7.8048048048048
699,299,8.0414878397711,7.34113712374582,998,7.83166332665331
709,287,8.04654442877292,7.41463414634146,996,7.8644578313253
715,284,8.02237762237762,7.37676056338028,999,7.83883883883884
718,280,8.00696378830084,7.41428571428571,998,7.84068136272545
717,282,7.98465829846583,7.3758865248227,999,7.81281281281281
718,281,7.98885793871866,7.43060498220641,999,7.83183183183183
716,283,8.00139664804469,7.33922261484099,999,7.81381381381381
723,276,7.9640387275242,7.3768115942029,999,7.8018018018018
723,276,7.95988934993084,7.49275362318841,999,7.83083083083083
728,270,8.0,7.54444444444444,998,7.87675350701403
715,284,8.00699300699301,7.65140845070423,999,7.90590590590591
725,274,8.02206896551724,7.73357664233577,999,7.94294294294294
716,282,8.02932960893855,7.74468085106383,998,7.94889779559118
709,290,8.03667136812412,7.7448275862069,999,7.95195195195195
707,290,8.01980198019802,7.80689655172414,997,7.95787362086259
717,282,8.0557880055788,7.81914893617021,999,7.98898898898899
718,279,8.04317548746518,7.79569892473118,997,7.97392176529589
714,284,8.08963585434174,7.83098591549296,998,8.01603206412826
718,279,8.11838440111421,7.85304659498208,997,8.04413239719158
732,265,8.07513661202186,7.8,997,8.00200601805416
740,259,8.12972972972973,7.74131274131274,999,8.02902902902903
741,258,8.1336032388664,7.75968992248062,999,8.03703703703704
739,260,8.16508795669824,7.73076923076923,999,8.05205205205205
736,261,8.17255434782609,7.79693486590038,997,8.07422266800401
736,263,8.2241847826087,7.79467680608365,999,8.11111111111111
739,260,8.27469553450609,7.80384615384615,999,8.15215215215215
745,252,8.35167785234899,7.71825396825397,997,8.19157472417252
736,263,8.36141304347826,7.77946768060836,999,8.20820820820821
742,257,8.34636118598383,7.92607003891051,999,8.23823823823824
732,267,8.31967213114754,7.91385767790262,999,8.21121121121121
739,260,8.32882273342354,7.95,999,8.23023023023023
738,260,8.33333333333333,8.02307692307692,998,8.25250501002004
739,259,8.33288227334235,7.98841698841699,998,8.2434869739479
736,263,8.3383152173913,8.02281368821293,999,8.25525525525526
734,263,8.34604904632153,8.07604562737643,997,8.27482447342026
730,269,8.32876712328767,8.13754646840149,999,8.27727727727728
717,281,8.31101813110181,8.09608540925267,998,8.25050100200401
713,286,8.34081346423562,8.15034965034965,999,8.28628628628629
716,281,8.36033519553073,8.18149466192171,997,8.3099297893681
716,283,8.36871508379888,8.19787985865724,999,8.32032032032032
725,273,8.38758620689655,8.1978021978022,998,8.33567134268537
730,269,8.41506849315068,8.30483271375465,999,8.38538538538539
731,267,8.39808481532148,8.36704119850187,998,8.38977955911824
734,263,8.40326975476839,8.41825095057034,997,8.40722166499499
744,255,8.39784946236559,8.42745098039216,999,8.40540540540541
738,260,8.40379403794038,8.41923076923077,998,8.40781563126252
742,256,8.40431266846361,8.26171875,998,8.36773547094188
745,253,8.41073825503356,8.3201581027668,998,8.38777555110221
747,251,8.39759036144578,8.37450199203187,998,8.39178356713427
750,247,8.392,8.33198380566802,997,8.37713139418255
751,248,8.40213049267643,8.36693548387097,999,8.39339339339339
762,237,8.42650918635171,8.28691983122363,999,8.39339339339339
757,242,8.44253632760898,8.33057851239669,999,8.41541541541542
762,232,8.42782152230971,8.32758620689655,994,8.40442655935614
763,235,8.44298820445609,8.32340425531915,998,8.41482965931864
772,227,8.4559585492228,8.31718061674009,999,8.42442442442442
768,230,8.41796875,8.32608695652174,998,8.39679358717435
774,224,8.42635658914729,8.37053571428571,998,8.41382765531062
767,230,8.4393741851369,8.51304347826087,997,8.45636910732197
773,225,8.47089262613195,8.52444444444444,998,8.48296593186373
770,229,8.48571428571429,8.55458515283843,999,8.5015015015015
778,221,8.55012853470437,8.53846153846154,999,8.54754754754755
772,226,8.50518134715026,8.66371681415929,998,8.54108216432866
776,222,8.53479381443299,8.68018018018018,998,8.56713426853707
780,217,8.56153846153846,8.67281105990783,997,8.58575727181545
779,220,8.53786906290116,8.65454545454545,999,8.56356356356356
775,223,8.53548387096774,8.65470852017937,998,8.56212424849699
779,219,8.49293966623877,8.7351598173516,998,8.54609218436874
786,211,8.48854961832061,8.78672985781991,997,8.55165496489468
789,210,8.53738910012674,8.82380952380952,999,8.5975975975976
792,206,8.54924242424242,8.77184466019417,998,8.59519038076152
798,199,8.55513784461153,8.80402010050251,997,8.60481444332999
796,202,8.56281407035176,8.80693069306931,998,8.61222444889779
799,200,8.58698372966208,8.835,999,8.63663663663664
804,194,8.58582089552239,8.8298969072165,998,8.63326653306613
802,197,8.5785536159601,8.84771573604061,999,8.63163163163163
809,190,8.57725587144623,8.81052631578947,999,8.62162162162162
814,185,8.59213759213759,8.81081081081081,999,8.63263263263263
818,181,8.62713936430318,8.79558011049724,999,8.65765765765766
821,176,8.64433617539586,8.83522727272727,997,8.67803410230692
822,175,8.6338199513382,8.84,997,8.67001003009027
834,165,8.63669064748201,8.90909090909091,999,8.68168168168168
831,168,8.64019253910951,8.875,999,8.67967967967968
833,166,8.64465786314526,8.93975903614458,999,8.69369369369369
823,175,8.636695018226,8.93142857142857,998,8.68837675350701
827,170,8.64207980652962,8.93529411764706,997,8.69207622868606
828,171,8.65942028985507,8.85964912280702,999,8.69369369369369
823,173,8.70230862697448,8.92485549132948,996,8.74096385542169
821,177,8.73081607795372,8.93220338983051,998,8.76653306613226
822,176,8.75304136253041,8.875,998,8.77454909819639
813,185,8.75030750307503,8.90810810810811,998,8.77955911823647
812,185,8.7807881773399,8.96216216216216,997,8.81444332998997
814,185,8.80835380835381,9.02702702702703,999,8.84884884884885
809,190,8.82694684796044,9.03684210526316,999,8.86686686686687
809,190,8.85414091470952,9.1,999,8.9009009009009
808,191,8.86881188118812,9.13612565445026,999,8.91991991991992
806,193,8.87220843672457,9.12953367875648,999,8.92192192192192
806,193,8.87344913151365,9.10362694300518,999,8.91791791791792
806,193,8.86724565756824,9.15544041450777,999,8.92292292292292
811,188,8.845869297164,9.17021276595745,999,8.90690690690691
813,185,8.85116851168512,9.21621621621622,998,8.9188376753507
809,190,8.87268232385661,9.18947368421053,999,8.93293293293293
803,194,8.87297633872976,9.19072164948454,997,8.93480441323972
804,193,8.85199004975124,9.15544041450777,997,8.91073219658977
807,192,8.83271375464684,9.18229166666667,999,8.8998998998999
797,199,8.85194479297365,9.19095477386935,996,8.91967871485944
800,199,8.835,9.14572864321608,999,8.8968968968969
794,205,8.83627204030227,9.19024390243902,999,8.90890890890891
791,208,8.82932996207333,9.22596153846154,999,8.91191191191191
784,213,8.83928571428571,9.2112676056338,997,8.91875626880642
776,223,8.875,9.19730941704036,999,8.94694694694695
771,227,8.89234760051881,9.19383259911894,998,8.96092184368737
764,235,8.88612565445026,9.22553191489362,999,8.96596596596597
769,227,8.90637191157347,9.20264317180617,996,8.97389558232932
770,229,8.9,9.21834061135371,999,8.97297297297297
769,230,8.88686605981795,9.23043478260869,999,8.96596596596597
768,230,8.91796875,9.29130434782609,998,9.00400801603206
768,231,8.91536458333333,9.23809523809524,999,8.98998998998999
768,231,8.8984375,9.28571428571429,999,8.98798798798799
766,232,8.9177545691906,9.30172413793103,998,9.00701402805611
759,240,8.91040843214756,9.2625,999,8.99499499499499
766,232,8.90600522193212,9.23706896551724,998,8.98296593186373
757,239,8.93527080581242,9.28870292887029,996,9.02008032128514
759,240,8.91963109354414,9.3,999,9.01101101101101
749,250,8.93324432576769,9.32,999,9.03003003003003
757,241,8.96565389696169,9.29045643153527,998,9.04408817635271
762,235,8.96981627296588,9.32765957446808,997,9.05416248746239
763,235,8.96461336828309,9.33191489361702,998,9.05110220440882
772,227,8.94430051813472,9.3215859030837,999,9.03003003003003
766,232,8.96083550913838,9.34051724137931,998,9.04909819639279
760,238,8.99210526315789,9.31932773109244,998,9.07014028056112
763,236,9.00262123197903,9.33474576271187,999,9.08108108108108
768,231,9.01041666666667,9.35930735930736,999,9.09109109109109
769,230,9.00650195058518,9.35217391304348,999,9.08608608608609
764,232,9.02225130890052,9.33620689655172,996,9.09538152610442
769,230,8.9960988296489,9.3,999,9.06606606606607
776,223,9.00386597938144,9.29596412556054,999,9.06906906906907
780,219,9.00897435897436,9.29680365296804,999,9.07207207207207
778,220,8.98971722365039,9.29545454545454,998,9.05711422845691
773,225,9.01423027166882,9.28444444444444,998,9.0751503006012
772,227,9.01424870466321,9.29515418502203,999,9.07807807807808
771,226,9.02983138780804,9.3141592920354,997,9.09428284854564
783,216,9.03192848020434,9.35648148148148,999,9.1021021021021
780,219,9.00512820512821,9.3972602739726,999,9.09109109109109
785,214,9.0,9.36448598130841,999,9.07807807807808
784,215,8.99744897959184,9.43255813953488,999,9.09109109109109
786,213,9.0089058524173,9.39906103286385,999,9.09209209209209
785,213,9.00764331210191,9.42723004694836,998,9.09719438877756
782,215,9.00639386189258,9.44651162790698,997,9.10130391173521
782,217,8.99488491048593,9.44700460829493,999,9.09309309309309
786,213,8.97455470737913,9.48826291079812,999,9.08408408408408
792,207,8.96717171717172,9.47826086956522,999,9.07307307307307
794,205,8.98992443324937,9.50731707317073,999,9.0960960960961
794,204,8.98614609571788,9.47549019607843,998,9.08617234468938
795,203,8.98616352201258,9.49753694581281,998,9.09018036072144
798,201,8.99498746867168,9.51741293532338,999,9.1001001001001
797,202,9.01003764115433,9.5049504950495,999,9.11011011011011
806,193,9.01861042183623,9.54922279792746,999,9.12112112112112
804,195,9.04228855721393,9.55897435897436,999,9.14314314314314
809,189,9.04573547589617,9.52910052910053,998,9.1372745490982
809,188,9.04326328800989,9.53723404255319,997,9.13640922768305
809,190,9.04079110012361,9.5,999,9.12812812812813
805,194,9.03105590062112,9.47422680412371,999,9.11711711711712
806,193,9.05334987593052,9.41450777202073,999,9.12312312312312
803,195,9.07970112079701,9.47179487179487,998,9.1563126252505
806,192,9.10545905707196,9.46354166666667,998,9.17434869739479
801,198,9.09238451935081,9.44444444444444,999,9.16216216216216
794,203,9.10453400503778,9.43349753694581,997,9.17151454363089
780,217,9.09871794871795,9.43778801843318,997,9.17251755265797
784,214,9.09821428571429,9.44392523364486,998,9.17234468937876
787,210,9.12071156289708,9.45714285714286,997,9.19157472417252
788,211,9.13197969543147,9.45023696682464,999,9.1991991991992
786,212,9.12849872773537,9.50943396226415,998,9.20941883767535
786,213,9.12595419847328,9.48356807511737,999,9.2022022022022
790,209,9.11645569620253,9.50239234449761,999,9.1971971971972
795,203,9.12955974842767,9.48768472906404,998,9.20240480961924
787,212,9.13468869123253,9.5,999,9.21221221221221
795,204,9.15723270440252,9.52450980392157,999,9.23223223223223
787,212,9.14866581956798,9.5377358490566,999,9.23123123123123
796,202,9.15326633165829,9.55445544554455,998,9.23446893787575
800,199,9.13625,9.57286432160804,999,9.22322322322322
804,193,9.13432835820896,9.52849740932642,997,9.21063189568706
805,193,9.12173913043478,9.53367875647668,998,9.20140280561122
812,186,9.1551724137931,9.55376344086022,998,9.22945891783567
809,190,9.15822002472188,9.56315789473684,999,9.23523523523524
808,190,9.15717821782178,9.53157894736842,998,9.22845691382765
809,190,9.17058096415328,9.55263157894737,999,9.24324324324324
813,184,9.18450184501845,9.57608695652174,997,9.2567703109328
805,194,9.18260869565217,9.56701030927835,999,9.25725725725726
802,197,9.19201995012469,9.55837563451777,999,9.26426426426426
805,194,9.18757763975155,9.56185567010309,999,9.26026026026026
805,194,9.19503105590062,9.54639175257732,999,9.26326326326326
804,194,9.20646766169154,9.54639175257732,998,9.27254509018036
805,194,9.21863354037267,9.52577319587629,999,9.27827827827828
800,199,9.2025,9.47738693467337,999,9.25725725725726
805,193,9.22608695652174,9.45077720207254,998,9.26953907815631
805,194,9.22981366459627,9.49484536082474,999,9.28128128128128
802,197,9.24688279301746,9.47208121827411,999,9.29129129129129
796,202,9.24371859296482,9.48019801980198,998,9.29158316633267
795,203,9.22767295597484,9.51724137931035,998,9.28657314629259
790,206,9.25189873417722,9.54368932038835,996,9.31224899598394
790,209,9.25569620253165,9.5311004784689,999,9.31331331331331
795,203,9.25408805031446,9.58128078817734,998,9.32064128256513
797,200,9.24717691342535,9.565,997,9.31093279839519
808,189,9.26980198019802,9.57671957671958,997,9.32798395185557
806,193,9.27667493796526,9.60621761658031,999,9.34034034034034
804,194,9.27611940298507,9.62886597938144,998,9.34468937875751
798,200,9.30576441102757,9.665,998,9.37775551102204
800,199,9.3025,9.69849246231156,999,9.38138138138138
798,201,9.2844611528822,9.70149253731343,999,9.36836836836837
799,199,9.28660826032541,9.69346733668342,998,9.36773547094188
799,200,9.30663329161452,9.71,999,9.38738738738739
796,198,9.31532663316583,9.7020202020202,994,9.39235412474849
811,188,9.34648581997534,9.71808510638298,999,9.41641641641642
808,190,9.35767326732673,9.72631578947368,998,9.42785571142285
811,188,9.35635018495684,9.70744680851064,999,9.42242242242242
806,191,9.33870967741935,9.70157068062827,997,9.40822467402207
805,194,9.34906832298137,9.70618556701031,999,9.41841841841842
801,198,9.34332084893883,9.6969696969697,999,9.41341341341341
795,201,9.3496855345912,9.74129353233831,996,9.42871485943775
794,204,9.36020151133501,9.77941176470588,998,9.44589178356713
792,206,9.37247474747475,9.7621359223301,998,9.45290581162325
784,214,9.35714285714286,9.77570093457944,998,9.44689378757515
789,209,9.36121673003802,9.76555023923445,998,9.44589178356713
790,208,9.35949367088608,9.75480769230769,998,9.44188376753507
802,197,9.37531172069825,9.77157360406091,999,9.45345345345345
792,204,9.35984848484848,9.76470588235294,996,9.44277108433735
797,201,9.36386449184442,9.75124378109453,998,9.44188376753507
788,210,9.36294416243655,9.77619047619048,998,9.4498997995992
788,210,9.38197969543147,9.80952380952381,998,9.47194388777555
789,209,9.37008871989861,9.79425837320574,998,9.45891783567134
793,206,9.36948297604035,9.79126213592233,999,9.45645645645646
795,203,9.37106918238994,9.77832512315271,998,9.45390781563126
799,198,9.39173967459324,9.77777777777778,997,9.46840521564694
796,203,9.38316582914573,9.78325123152709,999,9.46446446446446
800,199,9.40125,9.80904522613065,999,9.48248248248248
787,212,9.39390088945362,9.83490566037736,999,9.48748748748749
794,205,9.3992443324937,9.82439024390244,999,9.48648648648649
782,216,9.37851662404092,9.83333333333333,998,9.47695390781563
779,220,9.40308087291399,9.83636363636364,999,9.4984984984985
779,219,9.3992297817715,9.83561643835616,998,9.49498997995992
780,218,9.39230769230769,9.86697247706422,998,9.49599198396794
777,222,9.37966537966538,9.86036036036036,999,9.48648648648649
780,218,9.37564102564103,9.86238532110092,998,9.48196392785571
771,226,9.37613488975357,9.87610619469027,997,9.48946840521565
781,217,9.37772087067862,9.88018433179723,998,9.48697394789579
774,225,9.38759689922481,9.88444444444444,999,9.4994994994995
776,223,9.38015463917526,9.88340807174888,999,9.49249249249249
773,226,9.40232858990944,9.89380530973451,999,9.51351351351351
777,220,9.38867438867439,9.89090909090909,997,9.49949849548646
769,227,9.37451235370611,9.88546255506608,996,9.49096385542169
766,232,9.36292428198433,9.88362068965517,998,9.48396793587174
758,240,9.35620052770449,9.89166666666667,998,9.48496993987976
757,242,9.33553500660502,9.88842975206612,999,9.46946946946947
756,242,9.33730158730159,9.88842975206612,998,9.47094188376754
757,241,9.3553500660502,9.87966804979253,998,9.48196392785571
756,242,9.35978835978836,9.90082644628099,998,9.49098196392786
762,236,9.3503937007874,9.90254237288136,998,9.4809619238477
753,244,9.34130146082337,9.90573770491803,997,9.47943831494483
761,237,9.36399474375821,9.89873417721519,998,9.49098196392786
754,244,9.36737400530504,9.88934426229508,998,9.49498997995992
765,234,9.36339869281046,9.87606837606838,999,9.48348348348348
759,240,9.37154150197629,9.85833333333333,999,9.48848848848849
762,237,9.35433070866142,9.86075949367089,999,9.47447447447447
757,239,9.36195508586526,9.86610878661088,996,9.48293172690763
757,242,9.36063408190225,9.85537190082645,999,9.48048048048048
759,239,9.36100131752306,9.87029288702929,998,9.48296593186373
754,244,9.36604774535809,9.85655737704918,998,9.48597194388778
764,235,9.35994764397906,9.85957446808511,999,9.47747747747748
766,232,9.35378590078329,9.85775862068965,998,9.47094188376754
761,235,9.37713534822602,9.8468085106383,996,9.48795180722892
756,242,9.37962962962963,9.84297520661157,998,9.49198396793587
761,238,9.38370565045992,9.82773109243698,999,9.48948948948949
750,247,9.36533333333333,9.83400809716599,997,9.481444332999
756,243,9.36904761904762,9.83539094650206,999,9.48248248248248
755,244,9.35496688741722,9.84836065573771,999,9.47547547547548
755,242,9.35099337748344,9.84297520661157,997,9.4704112337011
753,244,9.37184594953519,9.84836065573771,997,9.48846539618857
760,239,9.36578947368421,9.84937238493724,999,9.48148148148148
763,235,9.37745740498034,9.85957446808511,998,9.49098196392786
770,226,9.39090909090909,9.85840707964602,996,9.49698795180723
768,229,9.38020833333333,9.86899563318777,997,9.49247743229689
778,221,9.37660668380463,9.86425339366516,999,9.48448448448448
765,234,9.37777777777778,9.87606837606838,999,9.49449449449449
763,234,9.38663171690695,9.87606837606838,997,9.50150451354062
764,235,9.38219895287958,9.87234042553191,999,9.4974974974975
764,235,9.3979057591623,9.86382978723404,999,9.50750750750751
774,223,9.4031007751938,9.85650224215247,997,9.50451354062186
776,222,9.42525773195876,9.85135135135135,998,9.52004008016032
774,225,9.39276485788114,9.84444444444444,999,9.49449449449449
773,224,9.39844760672704,9.86160714285714,997,9.5025075225677
782,217,9.40664961636829,9.85253456221198,999,9.5035035035035
779,218,9.40308087291399,9.86238532110092,997,9.50351053159478
778,220,9.41002570694087,9.84545454545455,998,9.5060120240481
777,222,9.42985842985843,9.83333333333333,999,9.51951951951952
774,223,9.43540051679587,9.82511210762332,997,9.52256770310933
771,228,9.43060959792477,9.82017543859649,999,9.51951951951952
763,236,9.45085190039318,9.82627118644068,999,9.53953953953954
759,240,9.44532279314888,9.82916666666667,999,9.53753753753754
763,236,9.44560943643512,9.83898305084746,999,9.53853853853854
756,242,9.4484126984127,9.84710743801653,998,9.54509018036072
758,241,9.46701846965699,9.850622406639,999,9.55955955955956
750,249,9.452,9.86345381526104,999,9.55455455455455
750,249,9.43066666666667,9.87550200803213,999,9.54154154154154
745,252,9.44161073825503,9.87698412698413,997,9.55165496489468
745,253,9.44161073825503,9.88142292490119,998,9.55310621242485
750,249,9.44266666666667,9.87951807228916,999,9.55155155155155
749,250,9.456608811749,9.9,999,9.56756756756757
738,260,9.47154471544715,9.90384615384615,998,9.58416833667335
746,252,9.4798927613941,9.90079365079365,998,9.58617234468938
742,257,9.46630727762803,9.91439688715953,999,9.58158158158158
746,252,9.47721179624665,9.91666666666667,998,9.58817635270541
738,261,9.49186991869919,9.91187739463602,999,9.6016016016016
736,261,9.4945652173913,9.91570881226054,997,9.60481444332999
729,269,9.50205761316872,9.8996282527881,998,9.60921843687375
735,264,9.50748299319728,9.89772727272727,999,9.61061061061061
736,262,9.50679347826087,9.89312977099237,998,9.60821643286573
737,261,9.51017639077341,9.90038314176245,998,9.61222444889779
730,269,9.52465753424658,9.8996282527881,999,9.62562562562563
723,275,9.5283540802213,9.90909090909091,998,9.63326653306613
721,278,9.54091539528433,9.91007194244604,999,9.64364364364364
731,266,9.53625170998632,9.91353383458647,997,9.63691073219659
736,263,9.53532608695652,9.92015209125475,999,9.63663663663664
740,258,9.53648648648649,9.92248062015504,998,9.63627254509018
740,255,9.54324324324324,9.93333333333333,995,9.64321608040201
745,254,9.54362416107383,9.93307086614173,999,9.64264264264264
740,257,9.53918918918919,9.93774319066148,997,9.641925777332
742,256,9.55795148247979,9.9375,998,9.65531062124249
740,258,9.56216216216216,9.94186046511628,998,9.66032064128257
745,254,9.56912751677852,9.93700787401575,999,9.66266266266266
745,254,9.5744966442953,9.93700787401575,999,9.66666666666667
753,245,9.58034528552457,9.93469387755102,998,9.66733466933868
737,260,9.60244233378562,9.93846153846154,997,9.6900702106319
744,254,9.60752688172043,9.93307086614173,998,9.69038076152305
737,262,9.6078697421981,9.93129770992366,999,9.69269269269269
735,263,9.61904761904762,9.92395437262357,998,9.69939879759519
727,270,9.63548830811554,9.92592592592593,997,9.71414242728185
723,276,9.64591977869986,9.92753623188406,999,9.72372372372372
717,281,9.63877266387727,9.92170818505338,998,9.71843687374749
720,279,9.65,9.92831541218638,999,9.72772772772773
724,275,9.64502762430939,9.92727272727273,999,9.72272272272272
719,279,9.64951321279555,9.92831541218638,998,9.72745490981964
715,283,9.65594405594406,9.92226148409894,998,9.7314629258517
714,285,9.64705882352941,9.92631578947368,999,9.72672672672673
715,283,9.65314685314685,9.92932862190813,998,9.7314629258517
712,286,9.65449438202247,9.92307692307692,998,9.7314629258517
707,290,9.66336633663366,9.92758620689655,997,9.74022066198596
711,288,9.66385372714487,9.92361111111111,999,9.73873873873874
704,295,9.65909090909091,9.92881355932203,999,9.73873873873874
709,290,9.66008462623413,9.91724137931035,999,9.73473473473473
705,294,9.67659574468085,9.92176870748299,999,9.74874874874875
697,301,9.66857962697274,9.9202657807309,998,9.74448897795591
697,302,9.66714490674319,9.91390728476821,999,9.74174174174174
702,297,9.66524216524217,9.90909090909091,999,9.73773773773774
704,294,9.67471590909091,9.91836734693878,998,9.74649298597194
715,283,9.67412587412587,9.91872791519435,998,9.7434869739479
716,282,9.68156424581006,9.92198581560284,998,9.74949899799599
720,279,9.67361111111111,9.9247311827957,999,9.74374374374374
714,285,9.67787114845938,9.92280701754386,999,9.74774774774775
714,284,9.6750700280112,9.91901408450704,998,9.74448897795591
719,280,9.66898470097357,9.91785714285714,999,9.73873873873874
717,282,9.6792189679219,9.91843971631206,999,9.74674674674675
723,276,9.66804979253112,9.91304347826087,999,9.73573573573574
716,281,9.66201117318436,9.9288256227758,997,9.73721163490471
711,287,9.66526019690577,9.92334494773519,998,9.73947895791583
704,295,9.67471590909091,9.91864406779661,999,9.74674674674675
704,294,9.68465909090909,9.91836734693878,998,9.75350701402806
705,291,9.69503546099291,9.90378006872852,996,9.75602409638554
712,286,9.69803370786517,9.8986013986014,998,9.75551102204409
707,292,9.70862800565771,9.88698630136986,999,9.76076076076076
714,285,9.703081232493,9.89122807017544,999,9.75675675675676
710,287,9.71830985915493,9.88850174216028,997,9.76730190571715
714,284,9.72689075630252,9.88380281690141,998,9.77154308617235
709,290,9.74188998589563,9.88620689655172,999,9.78378378378378
715,284,9.74125874125874,9.88732394366197,999,9.78278278278278
708,289,9.74858757062147,9.89965397923875,997,9.79237713139418
706,293,9.75779036827196,9.89761092150171,999,9.7987987987988
705,294,9.75886524822695,9.90816326530612,999,9.8028028028028
712,287,9.75842696629213,9.89895470383275,999,9.7987987987988
704,294,9.76704545454546,9.90816326530612,998,9.80861723446894
702,295,9.76495726495727,9.89830508474576,997,9.80441323971916
698,300,9.7621776504298,9.90333333333333,998,9.80460921843687
698,299,9.74928366762178,9.89632107023411,997,9.79338014042126
702,296,9.75783475783476,9.90540540540541,998,9.80160320641283
696,302,9.75,9.91390728476821,998,9.79959919839679
691,307,9.75253256150507,9.91205211726384,998,9.80160320641283
696,303,9.75,9.92079207920792,999,9.8018018018018
697,302,9.75466284074605,9.92384105960265,999,9.80580580580581
695,303,9.7410071942446,9.92409240924092,998,9.79659318637275
698,301,9.75931232091691,9.91029900332226,999,9.8048048048048
686,312,9.76239067055394,9.92307692307692,998,9.812625250501
689,309,9.76052249637155,9.90938511326861,998,9.80661322645291
688,310,9.76744186046512,9.91290322580645,998,9.812625250501
686,310,9.7667638483965,9.90322580645161,996,9.80923694779116
691,307,9.7684515195369,9.8957654723127,998,9.80761523046092
694,303,9.77377521613833,9.89108910891089,997,9.80942828485456
695,304,9.79568345323741,9.89144736842105,999,9.82482482482482
690,306,9.79565217391304,9.89542483660131,996,9.82630522088353
690,309,9.79420289855072,9.88996763754045,999,9.82382382382382
687,310,9.78311499272198,9.89032258064516,997,9.81644934804413
693,305,9.79220779220779,9.88524590163934,998,9.82064128256513
693,305,9.78354978354978,9.88852459016393,998,9.81563126252505
695,302,9.79280575539568,9.8841059602649,997,9.82046138415246
695,303,9.78992805755396,9.88778877887789,998,9.81963927855711
686,312,9.78279883381924,9.88782051282051,998,9.81563126252505
687,310,9.77001455604076,9.89032258064516,997,9.8074222668004
687,312,9.76419213973799,9.89102564102564,999,9.8038038038038
690,309,9.77101449275362,9.89644012944984,999,9.80980980980981
697,299,9.76901004304161,9.89297658862876,996,9.80622489959839
698,299,9.75644699140401,9.89297658862876,997,9.79739217652959
702,297,9.75641025641026,9.8956228956229,999,9.7977977977978
705,293,9.75602836879433,9.89419795221843,998,9.79659318637275
701,297,9.74465049928673,9.8956228956229,998,9.78957915831663
696,302,9.75,9.89072847682119,998,9.79258517034068
692,307,9.7471098265896,9.91205211726384,999,9.7977977977978
689,310,9.75326560232221,9.91290322580645,999,9.8028028028028
692,305,9.75,9.91147540983606,997,9.79939819458375
689,310,9.75326560232221,9.91612903225806,999,9.8038038038038
692,307,9.75,9.9185667752443,999,9.8018018018018
682,316,9.74046920821114,9.91772151898734,998,9.79659318637275
678,321,9.74483775811209,9.91588785046729,999,9.7997997997998
676,322,9.74704142011834,9.91304347826087,998,9.80060120240481
661,338,9.7428139183056,9.90236686390532,999,9.7967967967968
661,338,9.73978819969743,9.90236686390532,999,9.79479479479479
657,341,9.75342465753425,9.90029325513196,998,9.80360721442886
645,351,9.75193798449612,9.9031339031339,996,9.80522088353414
644,355,9.76086956521739,9.90422535211268,999,9.81181181181181
649,350,9.75654853620955,9.89428571428572,999,9.8048048048048
655,343,9.75114503816794,9.89795918367347,998,9.80160320641283
657,341,9.74885844748859,9.89736070381232,998,9.79959919839679
652,345,9.73312883435583,9.90144927536232,997,9.7913741223671
660,339,9.73484848484848,9.90265486725664,999,9.79179179179179
662,336,9.73111782477341,9.90773809523809,998,9.79058116232465
655,343,9.72366412213741,9.9067055393586,998,9.78657314629259
655,344,9.72671755725191,9.90697674418605,999,9.78878878878879
658,341,9.71732522796353,9.90909090909091,999,9.78278278278278
657,342,9.71232876712329,9.91228070175439,999,9.78078078078078
663,336,9.71493212669683,9.91071428571429,999,9.78078078078078
669,330,9.72346786248132,9.90909090909091,999,9.78478478478478
671,326,9.71535022354695,9.91411042944785,997,9.78034102306921
678,321,9.73451327433628,9.91588785046729,999,9.79279279279279
679,320,9.73490427098674,9.915625,999,9.79279279279279
678,320,9.73893805309734,9.915625,998,9.79559118236473
672,326,9.73958333333333,9.91717791411043,998,9.79759519038076
677,321,9.74150664697193,9.91588785046729,998,9.79759519038076
674,325,9.76112759643917,9.91384615384615,999,9.81081081081081
681,317,9.76651982378855,9.91482649842271,998,9.81362725450902
680,318,9.75588235294118,9.91194968553459,998,9.80561122244489
689,309,9.75761973875181,9.90614886731392,998,9.80360721442886
689,309,9.75181422351234,9.90291262135922,998,9.79859719438878
690,309,9.75217391304348,9.90614886731392,999,9.7997997997998
677,321,9.74889217134417,9.90031152647975,998,9.79759519038076
683,316,9.73499267935578,9.90189873417722,999,9.78778778778779
688,311,9.73546511627907,9.90675241157556,999,9.78878878878879
697,302,9.73888091822095,9.89735099337748,999,9.78678678678679
697,301,9.75179340028694,9.8936877076412,998,9.79458917835671
695,302,9.74244604316547,9.89403973509934,997,9.78836509528586
697,302,9.73744619799139,9.89735099337748,999,9.78578578578579
702,296,9.74643874643875,9.89189189189189,998,9.78957915831663
699,298,9.75107296137339,9.90604026845638,997,9.79739217652959
701,298,9.74893009985735,9.90268456375839,999,9.79479479479479
698,300,9.75071633237822,9.9,998,9.79559118236473
704,295,9.74573863636364,9.90169491525424,999,9.79179179179179
702,297,9.74928774928775,9.90909090909091,999,9.7967967967968
713,286,9.75035063113605,9.9020979020979,999,9.79379379379379
706,293,9.75495750708215,9.88737201365188,999,9.79379379379379
709,289,9.7574047954866,9.89273356401384,998,9.79659318637275
707,292,9.75530410183875,9.89383561643836,999,9.7957957957958
718,281,9.75766016713092,9.90035587188612,999,9.7977977977978
713,285,9.76577840112202,9.89473684210526,998,9.80260521042084
718,280,9.78690807799443,9.88571428571429,998,9.81462925851703
708,290,9.77966101694915,9.87241379310345,998,9.80661322645291
706,292,9.78328611898017,9.88013698630137,998,9.81162324649299
715,284,9.77622377622378,9.87323943661972,999,9.8038038038038
715,283,9.79020979020979,9.86219081272085,998,9.81062124248497
714,283,9.78711484593838,9.86572438162544,997,9.80942828485456
709,288,9.79548660084626,9.85416666666667,997,9.81243731193581
710,289,9.80422535211268,9.84429065743945,999,9.81581581581582
711,288,9.80028129395218,9.84722222222222,999,9.81381381381381
715,282,9.8027972027972,9.86524822695035,997,9.82046138415246
707,290,9.7991513437058,9.86551724137931,997,9.81845536609829
712,287,9.80477528089888,9.87456445993031,999,9.82482482482482
711,288,9.78902953586498,9.87847222222222,999,9.81481481481481
719,278,9.79415855354659,9.87410071942446,997,9.81644934804413
714,285,9.78991596638656,9.88070175438597,999,9.81581581581582
711,287,9.80590717299578,9.87456445993031,998,9.82565130260521
708,290,9.80508474576271,9.87586206896552,998,9.82565130260521
716,281,9.80586592178771,9.88612099644128,997,9.82848545636911
713,285,9.80925666199158,9.88070175438597,998,9.82965931863727
720,278,9.80555555555556,9.87769784172662,998,9.82565130260521
715,284,9.80419580419581,9.86971830985915,999,9.82282282282282
717,280,9.80334728033473,9.86785714285714,997,9.82146439317954
713,286,9.80364656381487,9.86713286713287,999,9.82182182182182
720,278,9.80555555555556,9.85611510791367,998,9.81963927855711
718,278,9.8091922005571,9.85251798561151,996,9.82128514056225
720,278,9.82222222222222,9.85611510791367,998,9.83166332665331
720,279,9.83055555555556,9.83870967741935,999,9.83283283283283
714,285,9.8249299719888,9.83508771929825,999,9.82782782782783
711,288,9.82700421940928,9.82986111111111,999,9.82782782782783
710,288,9.82394366197183,9.84027777777778,998,9.82865731462926
713,286,9.82748948106592,9.83566433566433,999,9.82982982982983
707,290,9.82319660537482,9.83793103448276,997,9.82748244734203
711,288,9.82981715893108,9.83333333333333,999,9.83083083083083
700,299,9.82285714285714,9.83612040133779,999,9.82682682682683
710,289,9.82394366197183,9.83391003460208,999,9.82682682682683
696,303,9.82471264367816,9.83498349834984,999,9.82782782782783
703,296,9.81934566145092,9.8277027027027,999,9.82182182182182
692,307,9.82080924855491,9.83061889250814,999,9.82382382382382
694,303,9.8342939481268,9.82838283828383,997,9.83249749247743
691,308,9.83646888567294,9.82467532467532,999,9.83283283283283
694,305,9.8328530259366,9.83606557377049,999,9.83383383383383
688,311,9.83139534883721,9.83601286173633,999,9.83283283283283
694,305,9.8299711815562,9.82950819672131,999,9.82982982982983
691,306,9.83646888567294,9.84313725490196,997,9.83851554663992
693,305,9.83982683982684,9.8327868852459,998,9.8376753507014
695,303,9.8273381294964,9.84158415841584,998,9.83166332665331
703,295,9.83783783783784,9.83389830508475,998,9.83667334669339
708,289,9.83333333333333,9.82352941176471,997,9.83049147442327
717,281,9.8326359832636,9.8220640569395,998,9.82965931863727
709,290,9.83497884344147,9.81724137931034,999,9.82982982982983
717,281,9.83542538354254,9.82562277580071,998,9.83266533066132
708,291,9.83474576271187,9.83161512027491,999,9.83383383383383
710,289,9.82957746478873,9.83391003460208,999,9.83083083083083
702,295,9.83333333333333,9.83728813559322,997,9.8345035105316
707,292,9.83734087694484,9.8527397260274,999,9.84184184184184
708,289,9.84322033898305,9.84429065743945,997,9.84353059177533
702,296,9.84757834757835,9.85135135135135,998,9.84869739478958
700,297,9.84428571428571,9.84848484848485,997,9.84553660982949
706,293,9.8385269121813,9.84641638225256,999,9.84084084084084
697,301,9.85365853658537,9.84717607973422,998,9.85170340681363
696,302,9.85057471264368,9.83774834437086,998,9.84669338677355
701,297,9.85164051355207,9.84175084175084,998,9.84869739478958
709,290,9.86741889985896,9.8448275862069,999,9.86086086086086
696,303,9.86925287356322,9.85478547854786,999,9.86486486486486
704,294,9.87073863636364,9.85374149659864,998,9.86573146292585
701,297,9.87446504992867,9.85185185185185,998,9.86773547094188
708,291,9.8728813559322,9.8659793814433,999,9.87087087087087
717,282,9.87168758716876,9.86524822695035,999,9.86986986986987
716,282,9.88128491620112,9.86170212765957,998,9.87575150300601
711,287,9.87060478199719,9.86062717770035,998,9.86773547094188
724,275,9.87154696132597,9.87636363636364,999,9.87287287287287
721,278,9.87239944521498,9.87410071942446,999,9.87287287287287
729,269,9.87379972565158,9.86617100371747,998,9.87174348697395
727,272,9.87345254470426,9.86764705882353,999,9.87187187187187
733,266,9.8731241473397,9.8796992481203,999,9.87487487487487
732,267,9.86885245901639,9.88014981273408,999,9.87187187187187
728,271,9.86813186813187,9.88191881918819,999,9.87187187187187
720,279,9.86944444444444,9.87813620071685,999,9.87187187187187
719,278,9.86787204450626,9.87410071942446,997,9.86960882647944
720,277,9.86944444444444,9.87003610108303,997,9.86960882647944
723,275,9.87690179806362,9.87636363636364,998,9.87675350701403
720,277,9.87638888888889,9.88086642599278,997,9.87763289869609
730,269,9.87260273972603,9.88475836431227,999,9.87587587587588
731,267,9.87688098495212,9.8876404494382,998,9.87975951903808
736,261,9.87228260869565,9.88888888888889,997,9.87662988966901
738,261,9.87533875338753,9.88122605363985,999,9.87687687687688
731,268,9.87688098495212,9.88432835820896,999,9.87887887887888
734,265,9.87465940054496,9.88679245283019,999,9.87787787787788
732,267,9.87978142076503,9.8876404494382,999,9.88188188188188
732,266,9.87978142076503,9.8796992481203,998,9.87975951903808
733,266,9.88403819918145,9.86842105263158,999,9.87987987987988
733,266,9.87585266030014,9.87218045112782,999,9.87487487487487
736,263,9.88179347826087,9.88593155893536,999,9.88288288288288
734,265,9.8841961852861,9.87169811320755,999,9.88088088088088
731,268,9.87414500683995,9.86940298507463,999,9.87287287287287
734,265,9.8732970027248,9.86792452830189,999,9.87187187187187
728,271,9.86950549450549,9.87453874538745,999,9.87087087087087
729,270,9.87517146776406,9.87407407407407,999,9.87487487487487
728,270,9.86538461538461,9.87407407407407,998,9.86773547094188
725,274,9.86068965517241,9.87226277372263,999,9.86386386386386
720,277,9.85555555555556,9.86281588447653,997,9.85757271815446
721,275,9.85575589459085,9.86545454545455,996,9.85843373493976
721,277,9.8502080443828,9.85559566787004,998,9.85170340681363
713,286,9.84852734922861,9.86013986013986,999,9.85185185185185
709,289,9.85331452750353,9.8477508650519,998,9.85170340681363
709,288,9.85613540197461,9.86458333333333,997,9.85857572718155
707,290,9.86562942008486,9.86206896551724,997,9.86459378134403
699,300,9.86838340486409,9.87666666666667,999,9.87087087087087
699,299,9.87124463519313,9.89297658862876,998,9.87775551102204
695,304,9.87769784172662,9.88486842105263,999,9.87987987987988
702,294,9.87464387464387,9.89115646258503,996,9.87951807228916
705,294,9.87801418439716,9.88775510204082,999,9.88088088088088
703,294,9.87908961593172,9.8843537414966,997,9.88064192577733
705,294,9.8822695035461,9.89115646258503,999,9.88488488488488
703,295,9.88477951635846,9.89152542372881,998,9.88677354709419
711,287,9.87904360056259,9.88501742160279,998,9.88076152304609
719,280,9.8817802503477,9.875,999,9.87987987987988
723,276,9.87966804979253,9.86594202898551,999,9.87587587587588
728,270,9.88324175824176,9.86666666666667,998,9.87875751503006
735,263,9.8843537414966,9.88593155893536,998,9.88476953907816
734,263,9.88283378746594,9.87832699619772,997,9.88164493480441
741,258,9.88394062078273,9.87209302325581,999,9.88088088088088
748,251,9.88636363636364,9.87250996015936,999,9.88288288288288
749,250,9.87716955941255,9.868,999,9.87487487487487
751,248,9.87616511318242,9.86693548387097,999,9.87387387387387
753,246,9.86852589641434,9.8739837398374,999,9.86986986986987
755,244,9.87152317880795,9.87295081967213,999,9.87187187187187
759,240,9.87088274044796,9.86666666666667,999,9.86986986986987
755,243,9.87417218543046,9.86831275720165,998,9.87274549098196
754,245,9.87400530503979,9.87755102040816,999,9.87487487487487
753,245,9.87516600265604,9.86530612244898,998,9.87274549098196
750,249,9.88133333333333,9.86746987951807,999,9.87787787787788
753,246,9.87516600265604,9.85772357723577,999,9.87087087087087
752,246,9.87898936170213,9.86178861788618,998,9.874749498998
760,239,9.875,9.86192468619247,999,9.87187187187187
757,242,9.87318361955086,9.86363636363636,999,9.87087087087087
764,233,9.87303664921466,9.87124463519313,997,9.87261785356068
763,236,9.87418086500655,9.86440677966102,999,9.87187187187187
762,237,9.88057742782152,9.87341772151899,999,9.87887887887888
754,245,9.87267904509284,9.86530612244898,999,9.87087087087087
762,237,9.87795275590551,9.86919831223629,999,9.87587587587588
759,239,9.88142292490119,9.88284518828452,998,9.88176352705411
751,247,9.88681757656458,9.87854251012146,998,9.88476953907816
748,250,9.88368983957219,9.892,998,9.88577154308617
750,249,9.88933333333333,9.89156626506024,999,9.88988988988989
753,246,9.88844621513944,9.89837398373984,999,9.89089089089089
747,252,9.89290495314592,9.88492063492063,999,9.89089089089089
746,253,9.89544235924933,9.88932806324111,999,9.89389389389389
744,253,9.89381720430108,9.89328063241107,997,9.89368104312939
750,248,9.896,9.89112903225806,998,9.89478957915832
754,244,9.90318302387268,9.88524590163934,998,9.89879759519038
755,244,9.90596026490066,9.88524590163934,999,9.9009009009009
756,243,9.90343915343915,9.88477366255144,999,9.8988988988989
754,243,9.90981432360743,9.87654320987654,997,9.90170511534604
765,233,9.90980392156863,9.88412017167382,998,9.90380761523046
758,238,9.90501319261214,9.8655462184874,996,9.89558232931727
753,245,9.9070385126162,9.8734693877551,998,9.89879759519038
761,238,9.91064388961892,9.86974789915966,999,9.9009009009009
766,232,9.90861618798956,9.88793103448276,998,9.90380761523046
767,229,9.91003911342894,9.89519650655022,996,9.9066265060241
763,235,9.90956749672346,9.89787234042553,998,9.90681362725451
766,232,9.90731070496084,9.9051724137931,998,9.90681362725451
758,241,9.91029023746702,9.90871369294606,999,9.90990990990991
756,243,9.90079365079365,9.90946502057613,999,9.9029029029029
758,240,9.9089709762533,9.90833333333333,998,9.90881763527054
761,238,9.91327201051248,9.91176470588235,999,9.91291291291291
753,246,9.91500664010624,9.92276422764228,999,9.91691691691692
753,246,9.9136786188579,9.91869918699187,999,9.91491491491491
756,243,9.91402116402116,9.93004115226337,999,9.91791791791792
756,243,9.91666666666667,9.92181069958848,999,9.91791791791792
761,238,9.91590013140604,9.92436974789916,999,9.91791791791792
764,234,9.91230366492147,9.92307692307692,998,9.91482965931864
761,238,9.91064388961892,9.9327731092437,999,9.91591591591592
763,235,9.91218872870249,9.93191489361702,998,9.91683366733467
757,240,9.90885072655218,9.925,997,9.91273821464393
765,233,9.90849673202614,9.91416309012875,998,9.90981963927856
763,236,9.90563564875491,9.90254237288136,999,9.9049049049049
765,230,9.90980392156863,9.9,995,9.90753768844221
771,227,9.90661478599222,9.88986784140969,998,9.90280561122244
772,226,9.90673575129534,9.88938053097345,998,9.90280561122244
776,223,9.91237113402062,9.90134529147982,999,9.90990990990991
778,221,9.90488431876607,9.90045248868778,999,9.9039039039039
776,221,9.90721649484536,9.9185520361991,997,9.90972918756269
772,226,9.90673575129534,9.92035398230088,998,9.90981963927856
764,234,9.90968586387435,9.92307692307692,998,9.9128256513026
767,230,9.90352020860495,9.92173913043478,997,9.90772316950853
762,237,9.90419947506562,9.91983122362869,999,9.90790790790791
762,237,9.90157480314961,9.91983122362869,999,9.90590590590591
761,238,9.89618922470434,9.92436974789916,999,9.9029029029029
753,246,9.89641434262948,9.91869918699187,999,9.9019019019019
751,248,9.89880159786951,9.92741935483871,999,9.90590590590591
745,254,9.8993288590604,9.91732283464567,999,9.9039039039039
743,256,9.89636608344549,9.921875,999,9.9029029029029
745,254,9.89530201342282,9.90157480314961,999,9.8968968968969
744,254,9.8991935483871,9.90551181102362,998,9.90080160320641
749,250,9.90253671562083,9.9,999,9.9019019019019
745,254,9.90604026845638,9.89370078740157,999,9.9029029029029
748,251,9.90508021390374,9.9003984063745,999,9.9039039039039
747,252,9.904953145917,9.90079365079365,999,9.9039039039039
759,240,9.9064558629776,9.90416666666667,999,9.90590590590591
751,248,9.90146471371505,9.90725806451613,999,9.9029029029029
750,248,9.908,9.91935483870968,998,9.91082164328657
759,240,9.9064558629776,9.925,999,9.91091091091091
761,238,9.91064388961892,9.9327731092437,999,9.91591591591592
766,233,9.911227154047,9.93562231759657,999,9.91691691691692
764,235,9.90968586387435,9.93191489361702,999,9.91491491491491
766,232,9.90469973890339,9.94396551724138,998,9.91382765531062
769,229,9.8998699609883,9.93449781659389,998,9.90781563126252
767,232,9.89960886571056,9.93965517241379,999,9.90890890890891
782,217,9.89897698209719,9.93548387096774,999,9.90690690690691
779,218,9.89987163029525,9.93577981651376,997,9.90772316950853
788,211,9.89213197969543,9.94312796208531,999,9.9029029029029
775,223,9.89935483870968,9.92825112107623,998,9.90581162324649
778,220,9.89588688946015,9.93181818181818,998,9.90380761523046
774,224,9.89664082687339,9.92410714285714,998,9.90280561122244
773,224,9.90426908150065,9.91964285714286,997,9.90772316950853
774,224,9.89664082687339,9.90625,998,9.89879759519038
778,221,9.90102827763496,9.90497737556561,999,9.9019019019019
781,217,9.90396927016645,9.91244239631336,998,9.90581162324649
781,218,9.90268886043534,9.88990825688073,999,9.8998998998999
780,218,9.90384615384615,9.89908256880734,998,9.90280561122244
788,211,9.90862944162436,9.8957345971564,999,9.90590590590591
779,220,9.91014120667522,9.89090909090909,999,9.90590590590591
777,221,9.90990990990991,9.90045248868778,998,9.90781563126252
775,224,9.91096774193548,9.89285714285714,999,9.90690690690691
777,222,9.91248391248391,9.89189189189189,999,9.90790790790791
779,218,9.90885750962773,9.87614678899082,997,9.90170511534604
775,224,9.91096774193548,9.875,999,9.9029029029029
781,218,9.90653008962868,9.86238532110092,999,9.8968968968969
785,213,9.90828025477707,9.86384976525822,998,9.89879759519038
789,209,9.90367553865653,9.87081339712919,998,9.89679358717435
793,206,9.90290037831021,9.88349514563107,999,9.8988988988989
795,203,9.90314465408805,9.87192118226601,998,9.89679358717435
790,208,9.89493670886076,9.87019230769231,998,9.88977955911824
784,213,9.89158163265306,9.87323943661972,997,9.8876629889669
789,207,9.89226869455006,9.8743961352657,996,9.88855421686747
790,209,9.90126582278481,9.8755980861244,999,9.8958958958959
786,213,9.90458015267176,9.87323943661972,999,9.8978978978979
783,216,9.90421455938697,9.87962962962963,999,9.8988988988989
780,217,9.90512820512821,9.87557603686636,997,9.89869608826479
776,221,9.91494845360825,9.8868778280543,997,9.90872617853561
782,215,9.91687979539642,9.88372093023256,997,9.90972918756269
778,220,9.91773778920308,9.88636363636364,998,9.91082164328657
784,214,9.92091836734694,9.88785046728972,998,9.91382765531062
784,214,9.91454081632653,9.90654205607477,998,9.9128256513026
782,217,9.91687979539642,9.90322580645161,999,9.91391391391391
774,224,9.91602067183462,9.90625,998,9.91382765531062
770,229,9.91948051948052,9.91703056768559,999,9.91891891891892
767,232,9.91916558018253,9.91810344827586,999,9.91891891891892
771,228,9.92217898832685,9.92982456140351,999,9.92392392392392
765,234,9.92418300653595,9.91880341880342,999,9.92292292292292
770,228,9.92207792207792,9.91666666666667,998,9.92084168336673
772,227,9.92616580310881,9.91629955947137,999,9.92392392392392
762,235,9.92913385826772,9.91489361702128,997,9.92577733199599
762,236,9.93175853018373,9.91525423728813,998,9.92785571142285
757,241,9.93130779392338,9.90871369294606,998,9.92585170340681
751,247,9.92809587217044,9.91093117408907,998,9.92384769539078
748,251,9.9331550802139,9.90836653386454,999,9.92692692692693
746,253,9.93297587131367,9.91304347826087,999,9.92792792792793
743,256,9.93270524899058,9.90625,999,9.92592592592593
742,256,9.93261455525606,9.91015625,998,9.92685370741483
746,251,9.9343163538874,9.91633466135458,997,9.92978936810431
745,254,9.93422818791946,9.91732283464567,999,9.92992992992993
742,257,9.93126684636119,9.92217898832685,999,9.92892892892893
744,254,9.93010752688172,9.92913385826772,998,9.92985971943888
747,251,9.9330655957162,9.93227091633466,998,9.93286573146293
747,249,9.9330655957162,9.92771084337349,996,9.93172690763052
752,247,9.92952127659574,9.93522267206478,999,9.93093093093093
753,245,9.92563081009296,9.93469387755102,998,9.92785571142285
756,239,9.92592592592593,9.93305439330544,995,9.92763819095477
763,234,9.9305373525557,9.92735042735043,997,9.92978936810431
761,238,9.92378449408673,9.9327731092437,999,9.92592592592593
758,241,9.92084432717678,9.93360995850622,999,9.92392392392392
756,243,9.92592592592593,9.93827160493827,999,9.92892892892893
757,240,9.9220607661823,9.94166666666667,997,9.92678034102307
761,236,9.92247043363995,9.9364406779661,997,9.92577733199599
765,233,9.92287581699346,9.94420600858369,998,9.92785571142285
769,230,9.91937581274382,9.93478260869565,999,9.92292292292292
758,240,9.91820580474934,9.93333333333333,998,9.92184368737475
760,237,9.91710526315789,9.92827004219409,997,9.9197592778335
759,237,9.90777338603426,9.91983122362869,996,9.91064257028112
764,235,9.91099476439791,9.91914893617021,999,9.91291291291291
759,240,9.90909090909091,9.91666666666667,999,9.91091091091091
750,248,9.91333333333333,9.91532258064516,998,9.91382765531062
751,248,9.91078561917443,9.90725806451613,999,9.90990990990991
752,247,9.91356382978723,9.91497975708502,999,9.91391391391391
749,250,9.91855807743658,9.916,999,9.91791791791792
740,259,9.91621621621622,9.91119691119691,999,9.91491491491491
745,253,9.92348993288591,9.91699604743083,998,9.92184368737475
746,253,9.92091152815013,9.92490118577075,999,9.92192192192192
746,252,9.92225201072386,9.92460317460317,998,9.92284569138276
750,248,9.92133333333333,9.92338709677419,998,9.92184368737475
751,248,9.92809587217044,9.92338709677419,999,9.92692692692693
760,237,9.92894736842105,9.91561181434599,997,9.92577733199599
756,242,9.92724867724868,9.91735537190083,998,9.9248496993988
762,237,9.92782152230971,9.91561181434599,999,9.92492492492492
758,241,9.92480211081794,9.91701244813278,999,9.92292292292292
764,235,9.92801047120419,9.9063829787234,999,9.92292292292292
755,242,9.92317880794702,9.90909090909091,997,9.9197592778335
750,247,9.924,9.91902834008097,997,9.92276830491474
751,246,9.92276964047936,9.91463414634146,997,9.92076228686058
748,250,9.92513368983957,9.916,998,9.92284569138276
746,253,9.92895442359249,9.91304347826087,999,9.92492492492492
748,251,9.93181818181818,9.90438247011952,999,9.92492492492492
746,251,9.93163538873995,9.91633466135458,997,9.92778335005015
738,260,9.93360433604336,9.91538461538462,998,9.92885771543086
746,252,9.9343163538874,9.90873015873016,998,9.92785571142285
739,259,9.93369418132612,9.9034749034749,998,9.92585170340681
747,251,9.93172690763052,9.90836653386454,998,9.92585170340681
745,252,9.92885906040268,9.8968253968254,997,9.92076228686058
745,253,9.93020134228188,9.89723320158103,998,9.92184368737475
742,256,9.92991913746631,9.90625,998,9.92384769539078
737,261,9.92672998643148,9.89272030651341,998,9.91783567134268
734,264,9.92234332425068,9.88636363636364,998,9.9128256513026
730,269,9.92191780821918,9.88104089219331,999,9.91091091091091
735,264,9.92925170068027,9.88636363636364,999,9.91791791791792
731,267,9.92476060191519,9.88014981273408,998,9.9128256513026
733,266,9.92496589358799,9.8796992481203,999,9.91291291291291
732,266,9.92076502732241,9.89097744360902,998,9.9128256513026
741,257,9.91902834008097,9.88715953307393,998,9.91082164328657
744,255,9.91935483870968,9.87843137254902,999,9.90890890890891
741,257,9.91902834008097,9.88715953307393,998,9.91082164328657
735,264,9.92108843537415,9.89772727272727,999,9.91491491491491
737,262,9.921302578019,9.88549618320611,999,9.91191191191191
733,266,9.92223738062756,9.89097744360902,999,9.91391391391391
740,259,9.92027027027027,9.88803088803089,999,9.91191191191191
738,261,9.91734417344173,9.89272030651341,999,9.91091091091091
731,268,9.91928864569083,9.89925373134328,999,9.91391391391391
736,263,9.92255434782609,9.893536121673,999,9.91491491491491
744,255,9.92338709677419,9.89019607843137,999,9.91491491491491
749,249,9.92523364485981,9.90361445783133,998,9.91983967935872
756,243,9.92592592592593,9.89711934156379,999,9.91891891891892
753,246,9.92828685258964,9.90243902439024,999,9.92192192192192
755,243,9.93509933774834,9.89711934156379,998,9.92585170340681
755,244,9.93245033112583,9.89344262295082,999,9.92292292292292
753,246,9.933598937583,9.89430894308943,999,9.92392392392392
745,254,9.93020134228188,9.89370078740157,999,9.92092092092092
748,251,9.93181818181818,9.8804780876494,999,9.91891891891892
737,262,9.93080054274084,9.88549618320611,999,9.91891891891892
737,261,9.93080054274084,9.88505747126437,998,9.9188376753507
729,270,9.93689986282579,9.88518518518518,999,9.92292292292292
735,264,9.93061224489796,9.90151515151515,999,9.92292292292292
730,268,9.93287671232877,9.8955223880597,998,9.92284569138276
734,264,9.93324250681199,9.90530303030303,998,9.92585170340681
725,274,9.92965517241379,9.9014598540146,999,9.92192192192192
736,263,9.9320652173913,9.893536121673,999,9.92192192192192
735,264,9.93061224489796,9.89772727272727,999,9.92192192192192
737,262,9.93351424694708,9.88931297709924,999,9.92192192192192
747,250,9.92637215528782,9.9,997,9.9197592778335
742,255,9.92857142857143,9.89803921568627,997,9.92076228686058
750,249,9.932,9.91164658634538,999,9.92692692692693
747,251,9.92503346720214,9.91633466135458,998,9.92284569138276
748,251,9.92647058823529,9.91633466135458,999,9.92392392392392
748,250,9.92513368983957,9.92,998,9.92384769539078
750,248,9.924,9.91935483870968,998,9.92284569138276
757,239,9.91017173051519,9.92887029288703,996,9.91465863453815
754,244,9.90981432360743,9.93032786885246,998,9.91482965931864
752,246,9.90425531914894,9.92682926829268,998,9.90981963927856
748,249,9.89973262032086,9.93172690763052,997,9.90772316950853
757,241,9.89828269484808,9.9253112033195,998,9.90480961923848
756,243,9.89417989417989,9.93004115226337,999,9.9029029029029
761,237,9.90275952693824,9.92827004219409,998,9.90881763527054
764,234,9.90052356020942,9.92735042735043,998,9.90681362725451
766,232,9.90731070496084,9.92241379310345,998,9.91082164328657
768,230,9.90234375,9.9304347826087,998,9.90881763527054
764,234,9.90183246073298,9.92735042735043,998,9.90781563126252
767,230,9.90612777053455,9.9304347826087,997,9.91173520561685
764,235,9.9044502617801,9.92765957446809,999,9.90990990990991
763,235,9.91087811271298,9.92340425531915,998,9.91382765531062
766,232,9.90600522193212,9.93534482758621,998,9.9128256513026
760,239,9.91052631578947,9.92887029288703,999,9.91491491491491
756,243,9.90740740740741,9.93415637860082,999,9.91391391391391
752,246,9.91223404255319,9.92682926829268,998,9.91583166332665
758,240,9.90765171503958,9.92916666666667,998,9.9128256513026
759,240,9.90777338603426,9.92916666666667,999,9.91291291291291
748,249,9.91310160427808,9.93574297188755,997,9.91875626880642
759,239,9.90513833992095,9.93305439330544,998,9.91182364729459
765,234,9.90849673202614,9.93162393162393,999,9.91391391391391
761,238,9.89750328515112,9.92857142857143,999,9.9049049049049
760,238,9.9,9.93697478991597,998,9.90881763527054
764,234,9.90314136125654,9.94017094017094,998,9.91182364729459
771,228,9.89753566796368,9.92982456140351,999,9.9049049049049
771,227,9.8988326848249,9.9295154185022,998,9.90581162324649
772,227,9.89507772020725,9.92070484581498,999,9.9009009009009
770,229,9.9038961038961,9.92576419213974,999,9.90890890890891
782,216,9.90153452685422,9.91203703703704,998,9.90380761523046
781,218,9.91165172855314,9.91743119266055,999,9.91291291291291
788,211,9.90609137055838,9.92417061611374,999,9.90990990990991
786,213,9.9058524173028,9.91549295774648,999,9.90790790790791
784,215,9.90816326530612,9.92093023255814,999,9.91091091091091
778,221,9.90616966580977,9.9185520361991,999,9.90890890890891
777,222,9.90862290862291,9.91441441441441,999,9.90990990990991
777,222,9.90476190476191,9.90990990990991,999,9.90590590590591
775,224,9.90451612903226,9.91071428571429,999,9.90590590590591
768,230,9.90364583333333,9.9,998,9.90280561122244
769,230,9.90507152145644,9.9,999,9.9039039039039
762,235,9.90288713910761,9.8936170212766,997,9.90070210631896
767,231,9.89960886571056,9.8961038961039,998,9.89879759519038
766,233,9.90208877284595,9.87982832618026,999,9.8968968968969
762,233,9.90813648293963,9.87982832618026,995,9.90150753768844
768,231,9.91145833333333,9.88744588744589,999,9.90590590590591
767,231,9.91003911342894,9.88311688311688,998,9.90380761523046
763,234,9.91087811271298,9.88888888888889,997,9.90571715145436
770,229,9.90779220779221,9.89956331877729,999,9.90590590590591
767,231,9.91003911342894,9.90909090909091,998,9.90981963927856
770,229,9.91558441558442,9.90829694323144,999,9.91391391391391
776,223,9.9110824742268,9.91479820627803,999,9.91191191191191
772,226,9.91321243523316,9.91592920353982,998,9.91382765531062
774,225,9.9108527131783,9.91111111111111,999,9.91091091091091
775,224,9.9058064516129,9.91964285714286,999,9.90890890890891
770,229,9.90779220779221,9.91266375545852,999,9.90890890890891
773,224,9.90815006468305,9.91964285714286,997,9.91073219658977
770,229,9.90779220779221,9.91266375545852,999,9.90890890890891
776,221,9.9110824742268,9.9185520361991,997,9.91273821464393
774,224,9.91472868217054,9.91071428571429,998,9.91382765531062
778,220,9.91259640102828,9.90909090909091,998,9.91182364729459
772,226,9.90544041450777,9.92035398230088,998,9.90881763527054
775,224,9.90709677419355,9.91517857142857,999,9.90890890890891
771,226,9.90402075226978,9.92920353982301,997,9.90972918756269
765,234,9.90326797385621,9.91880341880342,999,9.90690690690691
757,240,9.90356671070013,9.92083333333333,997,9.90772316950853
753,246,9.9003984063745,9.91056910569106,999,9.9029029029029
750,248,9.89866666666667,9.8991935483871,998,9.89879759519038
747,252,9.904953145917,9.90079365079365,999,9.9039039039039
740,259,9.90540540540541,9.8957528957529,999,9.9029029029029
747,252,9.91298527443106,9.90079365079365,999,9.90990990990991
745,252,9.91140939597315,9.8968253968254,997,9.90772316950853
747,251,9.91298527443106,9.9003984063745,998,9.90981963927856
742,257,9.91374663072776,9.89105058365759,999,9.90790790790791
745,251,9.91812080536913,9.88844621513944,996,9.91064257028112
746,252,9.91957104557641,9.8968253968254,998,9.91382765531062
742,257,9.91239892183288,9.8988326848249,999,9.90890890890891
746,253,9.9142091152815,9.90118577075099,999,9.91091091091091
747,251,9.91298527443106,9.9003984063745,998,9.90981963927856
750,247,9.91333333333333,9.91093117408907,997,9.91273821464393
758,241,9.91029023746702,9.91701244813278,999,9.91191191191191
756,243,9.91402116402116,9.93004115226337,999,9.91791791791792
751,246,9.9121171770972,9.9349593495935,997,9.91775325977934
754,244,9.91114058355438,9.93852459016393,998,9.91783567134268
754,244,9.91511936339523,9.9344262295082,998,9.91983967935872
762,237,9.91338582677165,9.92405063291139,999,9.91591591591592
761,237,9.91852825229961,9.92405063291139,998,9.91983967935872
766,233,9.92167101827676,9.91845493562232,999,9.92092092092092
759,239,9.91963109354414,9.90794979079498,998,9.91683366733467
758,241,9.91952506596306,9.92116182572614,999,9.91991991991992
752,247,9.92021276595745,9.91902834008097,999,9.91991991991992
755,243,9.92317880794702,9.90946502057613,998,9.91983967935872
754,245,9.92307692307692,9.91428571428571,999,9.92092092092092
750,249,9.924,9.91164658634538,999,9.92092092092092
743,254,9.93270524899058,9.90551181102362,997,9.92577733199599
738,261,9.93631436314363,9.89655172413793,999,9.92592592592593
733,263,9.9331514324693,9.88973384030418,996,9.92168674698795
734,265,9.93596730245232,9.88301886792453,999,9.92192192192192
734,265,9.93324250681199,9.87924528301887,999,9.91891891891892
731,268,9.9343365253078,9.88432835820896,999,9.92092092092092
732,266,9.93989071038251,9.8796992481203,998,9.92384769539078
735,264,9.94285714285714,9.88257575757576,999,9.92692692692693
735,263,9.94557823129252,9.88973384030418,998,9.93086172344689
735,264,9.9469387755102,9.90151515151515,999,9.93493493493493
733,265,9.94270122783083,9.90943396226415,998,9.93386773547094
734,263,9.94277929155313,9.91634980988593,997,9.9358074222668
744,255,9.94220430107527,9.92156862745098,999,9.93693693693694
746,253,9.94369973190349,9.92490118577075,999,9.93893893893894
748,250,9.94117647058824,9.932,998,9.93887775551102
752,247,9.93882978723404,9.93117408906883,999,9.93693693693694
752,247,9.9375,9.92307692307692,999,9.93393393393393
