forward_num,reverse_num,forward_rate,reverse_rate,organism_num,organism_rate
500,500,5.5,5.5,1000,5.5
497,495,5.4989939637827,5.5030303030303,992,5.50100806451613
497,491,5.4989939637827,5.4887983706721,988,5.49392712550607
541,458,5.84288354898336,5.47161572052402,999,5.67267267267267
571,427,5.97022767075307,5.42388758782201,998,5.73647294589178
605,392,6.00165289256198,5.42857142857143,997,5.77632898696088
633,366,5.9652448657188,5.42896174863388,999,5.76876876876877
661,337,6.02723146747353,5.40652818991098,998,5.81763527054108
677,322,6.02806499261448,5.20807453416149,999,5.76376376376376
695,301,6.09640287769784,5.13953488372093,996,5.80722891566265
670,329,6.20746268656716,4.94224924012158,999,5.79079079079079
691,308,5.9739507959479,4.99675324675325,999,5.67267267267267
684,315,6.10964912280702,4.78095238095238,999,5.69069069069069
659,340,6.0834597875569,5.05,999,5.73173173173173
645,353,6.08527131782946,5.29461756373938,998,5.80561122244489
634,364,6.19400630914827,5.29395604395604,998,5.86573146292585
608,390,6.17269736842105,5.4025641025641,998,5.87174348697395
596,400,6.1241610738255,5.6725,996,5.94277108433735
627,372,6.19776714513557,5.65591397849462,999,5.995995995996
626,372,6.17092651757188,5.69354838709677,998,5.99298597194389
628,370,6.22929936305732,5.73783783783784,998,6.04709418837675
649,349,6.10169491525424,5.63610315186246,998,5.93887775551102
632,366,6.14556962025316,5.79781420765027,998,6.01803607214429
638,359,6.16457680250784,5.66016713091922,997,5.98294884653962
628,371,6.17197452229299,5.71698113207547,999,6.003003003003
636,362,6.24056603773585,5.72099447513812,998,6.05210420841683
647,352,6.27975270479134,5.76136363636364,999,6.0970970970971
637,361,6.28571428571429,5.78393351800554,998,6.10420841683367
638,361,6.23354231974922,5.83379501385042,999,6.08908908908909
648,351,6.27160493827161,5.94017094017094,999,6.15515515515516
652,347,6.32822085889571,6.0028818443804,999,6.21521521521522
651,347,6.35023041474654,6.04322766570605,998,6.2434869739479
651,347,6.34408602150538,5.96253602305475,998,6.21142284569138
653,345,6.34303215926493,5.95942028985507,998,6.21042084168337
660,337,6.37121212121212,6.04154302670623,997,6.25977933801404
655,344,6.37099236641221,6.09011627906977,999,6.27427427427427
654,345,6.33639143730887,6.11884057971015,999,6.26126126126126
662,335,6.37764350453172,6.16417910447761,997,6.30591775325978
659,338,6.39301972685888,6.21005917159763,997,6.33099297893681
661,338,6.40393343419062,6.21597633136095,999,6.34034034034034
666,332,6.38588588588589,6.22289156626506,998,6.33166332665331
669,330,6.37668161434978,6.25757575757576,999,6.33733733733734
669,329,6.39910313901345,6.2887537993921,998,6.3627254509018
674,324,6.42729970326409,6.26543209876543,998,6.374749498998
686,312,6.39795918367347,6.39102564102564,998,6.39579158316633
683,315,6.42313323572474,6.33650793650794,998,6.39579158316633
690,307,6.39565217391304,6.33550488599349,997,6.37713139418255
696,302,6.42097701149425,6.40397350993377,998,6.41583166332665
701,298,6.4151212553495,6.40268456375839,999,6.41141141141141
696,303,6.45833333333333,6.35973597359736,999,6.42842842842843
699,299,6.44778254649499,6.37458193979933,998,6.42585170340681
700,297,6.36428571428571,6.39057239057239,997,6.37211634904714
696,303,6.36925287356322,6.41914191419142,999,6.38438438438438
690,308,6.38550724637681,6.32792207792208,998,6.36773547094188
679,318,6.36082474226804,6.28930817610063,997,6.33801404212638
692,306,6.35549132947977,6.42483660130719,998,6.37675350701403
689,310,6.2699564586357,6.38709677419355,999,6.30630630630631
684,314,6.27046783625731,6.36305732484076,998,6.29959919839679
680,319,6.29558823529412,6.33855799373041,999,6.30930930930931
682,316,6.29618768328446,6.41455696202532,998,6.33366733466934
681,316,6.27312775330396,6.40822784810127,997,6.31594784353059
686,312,6.24052478134111,6.45833333333333,998,6.30861723446894
689,309,6.29462989840348,6.53398058252427,998,6.3687374749499
683,316,6.30893118594436,6.51582278481013,999,6.37437437437437
684,315,6.29093567251462,6.52698412698413,999,6.36536536536537
686,313,6.24198250728863,6.56869009584665,999,6.34434434434434
681,317,6.28340675477239,6.60567823343849,998,6.38577154308617
682,317,6.25953079178886,6.57413249211356,999,6.35935935935936
680,319,6.24411764705882,6.52037617554859,999,6.33233233233233
686,313,6.24344023323615,6.52715654952077,999,6.33233233233233
683,316,6.2606149341142,6.35443037974684,999,6.29029029029029
686,311,6.22886297376093,6.30546623794212,997,6.25275827482447
689,310,6.17851959361393,6.39354838709677,999,6.24524524524525
686,312,6.21574344023324,6.44230769230769,998,6.28657314629258
683,316,6.22108345534407,6.33227848101266,999,6.25625625625626
680,319,6.22058823529412,6.34796238244514,999,6.26126126126126
680,317,6.23088235294118,6.32807570977918,997,6.2617853560682
682,315,6.24486803519062,6.33968253968254,997,6.27482447342026
682,316,6.27565982404692,6.34177215189873,998,6.29659318637275
685,313,6.27153284671533,6.35143769968051,998,6.29659318637275
684,314,6.19590643274854,6.34076433121019,998,6.24148296593186
680,319,6.26176470588235,6.30407523510972,999,6.27527527527528
678,320,6.28466076696165,6.321875,998,6.29659318637275
686,313,6.33090379008746,6.35143769968051,999,6.33733733733734
691,308,6.31982633863965,6.30519480519481,999,6.31531531531532
689,310,6.3033381712627,6.23225806451613,999,6.28128128128128
689,309,6.32075471698113,6.21035598705502,998,6.28657314629258
690,307,6.31449275362319,6.15309446254072,997,6.26479438314945
703,295,6.34992887624467,6.09491525423729,998,6.27454909819639
702,296,6.36752136752137,6.15202702702703,998,6.30360721442886
706,291,6.37393767705382,6.19587628865979,997,6.32196589769308
709,290,6.42595204513399,6.23793103448276,999,6.37137137137137
714,285,6.42577030812325,6.22105263157895,999,6.36736736736737
713,285,6.42636746143058,6.15789473684211,998,6.3496993987976
709,290,6.40197461212976,6.07931034482759,999,6.30830830830831
711,288,6.42475386779184,6.04513888888889,999,6.31531531531532
707,289,6.42291371994342,5.9757785467128,996,6.29317269076305
717,282,6.38214783821478,6.00709219858156,999,6.27627627627628
717,282,6.37796373779637,5.93971631205674,999,6.25425425425425
710,289,6.4056338028169,6.01730103806228,999,6.29329329329329
715,283,6.37902097902098,6.02120141342756,998,6.27755511022044
706,292,6.41501416430595,6.05821917808219,998,6.31062124248497
700,298,6.38285714285714,6.09060402684564,998,6.29559118236473
696,302,6.36637931034483,6.11258278145695,998,6.28957915831663
693,306,6.36940836940837,6.10457516339869,999,6.28828828828829
684,315,6.40350877192982,6.15238095238095,999,6.32432432432432
690,309,6.36231884057971,6.22330097087379,999,6.31931931931932
682,316,6.38709677419355,6.20886075949367,998,6.33066132264529
686,313,6.38629737609329,6.29392971246006,999,6.35735735735736
685,313,6.41459854014599,6.27476038338658,998,6.37074148296593
679,320,6.47275405007364,6.321875,999,6.42442442442442
672,327,6.56398809523809,6.35168195718654,999,6.49449449449449
675,324,6.54666666666667,6.33641975308642,999,6.47847847847848
669,329,6.50074738415546,6.3434650455927,998,6.44889779559118
682,316,6.50439882697947,6.32278481012658,998,6.44689378757515
689,309,6.46008708272859,6.41100323624595,998,6.44488977955912
693,305,6.41991341991342,6.44918032786885,998,6.42885771543086
694,304,6.44668587896254,6.4375,998,6.4438877755511
691,307,6.44573082489146,6.40390879478827,998,6.43286573146293
690,309,6.47391304347826,6.37864077669903,999,6.44444444444444
682,317,6.46627565982405,6.48264984227129,999,6.47147147147147
680,318,6.48235294117647,6.62264150943396,998,6.52705410821643
671,326,6.46050670640835,6.69325153374233,997,6.53660982948847
669,330,6.42152466367713,6.8,999,6.54654654654655
672,327,6.40773809523809,6.71559633027523,999,6.50850850850851
656,342,6.38567073170732,6.72222222222222,998,6.50100200400802
657,342,6.37595129375951,6.78362573099415,999,6.51551551551552
655,343,6.37099236641221,6.81924198250729,998,6.5250501002004
658,341,6.39969604863222,6.7683284457478,999,6.52552552552553
657,342,6.4779299847793,6.67836257309941,999,6.54654654654655
662,336,6.49395770392749,6.75892857142857,998,6.58316633266533
656,341,6.50609756097561,6.70967741935484,997,6.57572718154463
654,344,6.53516819571865,6.7703488372093,998,6.61623246492986
662,337,6.51963746223565,6.7893175074184,999,6.61061061061061
671,328,6.52906110283159,6.76524390243902,999,6.60660660660661
674,325,6.54005934718101,6.80307692307692,999,6.62562562562563
679,320,6.55228276877761,6.684375,999,6.59459459459459
667,331,6.61469265367316,6.69486404833837,998,6.64128256513026
666,332,6.66966966966967,6.68975903614458,998,6.67635270541082
666,332,6.66666666666667,6.69578313253012,998,6.67635270541082
669,330,6.68011958146487,6.68484848484848,999,6.68168168168168
670,328,6.67164179104478,6.71951219512195,998,6.687374749499
676,320,6.70118343195266,6.671875,996,6.69176706827309
671,324,6.7123695976155,6.67283950617284,995,6.69949748743719
671,328,6.66616989567809,6.68292682926829,999,6.67167167167167
680,316,6.68235294117647,6.7246835443038,996,6.69578313253012
680,318,6.72647058823529,6.72012578616352,998,6.72444889779559
685,314,6.72846715328467,6.70063694267516,999,6.71971971971972
685,314,6.72554744525547,6.69745222929936,999,6.71671671671672
683,315,6.71888726207906,6.7047619047619,998,6.71442885771543
681,316,6.69309838472834,6.7373417721519,997,6.70712136409228
684,315,6.65643274853801,6.74920634920635,999,6.68568568568569
685,314,6.62043795620438,6.69426751592357,999,6.64364364364364
688,311,6.62645348837209,6.72990353697749,999,6.65865865865866
694,305,6.62391930835735,6.79672131147541,999,6.67667667667668
694,303,6.64697406340058,6.77887788778878,997,6.68706118355065
695,304,6.67482014388489,6.82894736842105,999,6.72172172172172
693,306,6.65512265512266,6.79411764705882,999,6.6976976976977
701,298,6.66904422253923,6.86241610738255,999,6.72672672672673
709,290,6.6558533145275,6.86206896551724,999,6.71571571571572
713,285,6.71388499298738,6.99649122807018,998,6.79458917835671
719,280,6.67872044506259,6.95357142857143,999,6.75575575575576
724,275,6.69198895027624,7.0,999,6.77677677677678
723,275,6.69986168741355,7.01818181818182,998,6.7875751503006
718,281,6.69777158774373,6.91814946619217,999,6.75975975975976
720,278,6.67083333333333,6.90647482014388,998,6.73647294589178
717,282,6.64853556485356,6.91489361702128,999,6.72372372372372
720,277,6.61666666666667,6.95667870036101,997,6.7111334002006
724,273,6.60911602209945,6.88644688644689,997,6.68505516549649
721,278,6.54368932038835,6.83093525179856,999,6.62362362362362
714,284,6.51120448179272,6.88732394366197,998,6.61823647294589
718,281,6.47075208913649,6.94661921708185,999,6.6046046046046
724,275,6.51795580110497,6.94181818181818,999,6.63463463463463
717,282,6.5536959553696,6.99645390070922,999,6.67867867867868
718,280,6.53760445682451,6.85714285714286,998,6.62725450901804
724,274,6.53867403314917,6.8978102189781,998,6.6372745490982
723,276,6.57123098201936,6.88768115942029,999,6.65865865865866
719,280,6.61474269819193,6.93214285714286,999,6.7037037037037
718,280,6.63649025069638,6.88571428571429,998,6.7064128256513
722,276,6.59141274238227,6.82608695652174,998,6.6563126252505
723,276,6.59059474412171,6.82608695652174,999,6.65565565565566
725,272,6.64413793103448,6.75367647058824,997,6.6740220661986
726,272,6.61707988980716,6.67647058823529,998,6.63326653306613
727,271,6.61760660247593,6.63468634686347,998,6.62224448897796
726,272,6.62396694214876,6.62132352941176,998,6.62324649298597
727,272,6.59559834938102,6.60661764705882,999,6.5985985985986
720,278,6.61111111111111,6.55755395683453,998,6.59619238476954
725,274,6.64,6.50729927007299,999,6.6036036036036
721,276,6.68238557558946,6.56884057971014,997,6.65095285857573
717,282,6.66108786610879,6.59929078014184,999,6.64364364364364
712,287,6.67134831460674,6.52961672473868,999,6.63063063063063
726,273,6.60330578512397,6.54212454212454,999,6.58658658658659
725,273,6.63862068965517,6.5970695970696,998,6.62725450901804
719,280,6.70653685674548,6.50714285714286,999,6.65065065065065
713,284,6.73352033660589,6.53521126760563,997,6.67703109327984
715,283,6.78041958041958,6.51236749116608,998,6.70440881763527
711,287,6.75386779184248,6.56794425087108,998,6.70040080160321
718,280,6.70612813370474,6.59285714285714,998,6.67434869739479
712,287,6.65870786516854,6.68641114982578,999,6.66666666666667
715,284,6.65314685314685,6.74647887323944,999,6.67967967967968
704,294,6.59943181818182,6.70748299319728,998,6.6312625250501
711,287,6.61181434599156,6.69686411149826,998,6.63627254509018
713,286,6.61290322580645,6.67832167832168,999,6.63163163163163
708,289,6.61016949152542,6.63321799307958,997,6.61685055165496
708,290,6.67231638418079,6.59310344827586,998,6.64929859719439
711,287,6.66947960618847,6.57491289198606,998,6.64228456913828
708,291,6.69774011299435,6.48797250859107,999,6.63663663663664
703,295,6.66287339971551,6.56949152542373,998,6.63527054108216
697,302,6.70731707317073,6.58609271523179,999,6.67067067067067
700,299,6.71,6.62207357859532,999,6.68368368368368
695,304,6.74532374100719,6.63157894736842,999,6.71071071071071
697,302,6.80918220946915,6.52980132450331,999,6.72472472472472
697,302,6.74892395982783,6.56622516556291,999,6.69369369369369
697,300,6.71305595408895,6.59,997,6.67602808425276
709,288,6.72214386459803,6.57638888888889,997,6.68004012036108
711,286,6.72995780590717,6.57692307692308,997,6.68605817452357
710,289,6.69859154929577,6.62283737024221,999,6.67667667667668
718,281,6.64345403899721,6.59786476868327,999,6.63063063063063
724,275,6.68370165745856,6.58909090909091,999,6.65765765765766
726,273,6.64325068870523,6.53113553113553,999,6.61261261261261
725,271,6.6951724137931,6.56088560885609,996,6.65863453815261
731,268,6.72640218878249,6.53358208955224,999,6.67467467467467
724,272,6.68370165745856,6.49264705882353,996,6.63152610441767
723,276,6.67081604426003,6.50724637681159,999,6.62562562562563
717,282,6.64435146443515,6.46099290780142,999,6.59259259259259
710,287,6.63098591549296,6.51219512195122,997,6.59679037111334
717,279,6.61506276150628,6.54838709677419,996,6.59638554216868
707,292,6.62234794908062,6.53424657534247,999,6.5965965965966
711,284,6.61462728551336,6.61971830985915,995,6.61608040201005
719,279,6.61196105702364,6.66308243727599,998,6.62625250501002
715,282,6.5986013986014,6.70921985815603,997,6.62988966900702
721,276,6.63938973647712,6.6231884057971,997,6.63490471414243
718,281,6.71030640668524,6.62633451957295,999,6.68668668668669
722,277,6.70914127423823,6.6028880866426,999,6.67967967967968
722,277,6.68698060941828,6.5884476534296,999,6.65965965965966
724,274,6.68922651933702,6.60583941605839,998,6.66633266533066
729,270,6.68587105624143,6.62962962962963,999,6.67067067067067
724,274,6.64779005524862,6.54014598540146,998,6.61823647294589
715,284,6.68951048951049,6.54577464788732,999,6.64864864864865
724,275,6.6671270718232,6.52,999,6.62662662662663
726,271,6.61707988980716,6.45018450184502,997,6.57171514543631
733,265,6.61664392905866,6.52830188679245,998,6.59318637274549
732,267,6.58469945355191,6.52059925093633,999,6.56756756756757
735,262,6.56734693877551,6.54198473282443,997,6.56068204613842
734,263,6.57629427792916,6.5171102661597,997,6.56068204613842
745,253,6.55167785234899,6.61264822134387,998,6.56713426853707
743,254,6.55720053835801,6.6259842519685,997,6.57472417251755
739,260,6.5426251691475,6.76923076923077,999,6.6016016016016
745,254,6.53557046979866,6.82677165354331,999,6.60960960960961
743,255,6.55316285329744,6.80392156862745,998,6.61723446893788
731,265,6.50068399452804,6.8188679245283,996,6.58534136546185
731,268,6.50068399452804,6.72388059701493,999,6.56056056056056
726,271,6.48209366391185,6.72324723247232,997,6.54764292878636
722,276,6.52770083102493,6.81159420289855,998,6.6062124248497
723,275,6.52558782849239,6.78909090909091,998,6.59819639278557
719,280,6.49791376912378,6.81785714285714,999,6.58758758758759
728,270,6.48351648351648,6.80740740740741,998,6.57114228456914
726,272,6.51790633608815,6.86764705882353,998,6.61322645290581
726,271,6.50826446280992,6.87453874538745,997,6.60782347041123
731,265,6.49794801641587,6.78490566037736,996,6.57429718875502
737,261,6.5359565807327,6.81992337164751,998,6.61022044088176
728,269,6.49313186813187,6.83271375464684,997,6.58475426278837
732,266,6.50546448087432,6.81203007518797,998,6.58717434869739
742,257,6.49326145552561,6.82879377431907,999,6.57957957957958
728,270,6.47252747252747,6.77407407407407,998,6.55410821643287
737,261,6.42198100407056,6.74329501915709,998,6.5060120240481
742,256,6.44609164420485,6.87109375,998,6.55511022044088
740,257,6.45405405405405,6.88326848249027,997,6.56469408224674
741,258,6.47908232118758,6.84496124031008,999,6.57357357357357
745,253,6.51140939597315,6.81818181818182,998,6.58917835671343
748,251,6.48262032085561,6.7609561752988,999,6.55255255255255
749,250,6.46328437917223,6.82,999,6.55255255255255
744,255,6.41532258064516,6.80392156862745,999,6.51451451451451
747,252,6.3855421686747,6.78968253968254,999,6.48748748748749
741,258,6.37651821862348,6.86434108527132,999,6.5025025025025
739,260,6.37483085250338,6.80384615384615,999,6.48648648648649
730,266,6.4013698630137,6.74812030075188,996,6.49397590361446
734,261,6.40735694822888,6.73180076628353,995,6.49246231155779
730,268,6.3972602739726,6.70149253731343,998,6.47895791583166
735,264,6.37006802721088,6.77272727272727,999,6.47647647647648
740,258,6.39054054054054,6.75581395348837,998,6.48496993987976
739,260,6.40866035182679,6.76923076923077,999,6.5025025025025
736,263,6.40217391304348,6.65779467680608,999,6.46946946946947
733,266,6.42428376534789,6.65789473684211,999,6.48648648648649
726,273,6.40495867768595,6.61538461538461,999,6.46246246246246
721,277,6.35644937586685,6.64620938628159,998,6.43687374749499
715,283,6.39300699300699,6.60424028268551,998,6.45290581162325
710,288,6.40281690140845,6.74652777777778,998,6.50200400801603
721,278,6.42995839112344,6.75539568345324,999,6.52052052052052
717,281,6.47838214783821,6.79715302491103,998,6.56813627254509
720,278,6.41944444444444,6.7158273381295,998,6.50200400801603
720,279,6.41944444444444,6.72401433691756,999,6.5045045045045
726,270,6.44077134986226,6.73333333333333,996,6.52008032128514
726,272,6.40495867768595,6.73161764705882,998,6.4939879759519
735,264,6.45170068027211,6.73863636363636,999,6.52752752752753
731,267,6.45964432284542,6.82397003745318,998,6.55711422845691
738,260,6.49051490514905,6.86538461538461,998,6.58817635270541
740,258,6.52702702702703,6.8953488372093,998,6.62224448897796
741,256,6.51012145748988,6.85546875,997,6.5987963891675
745,252,6.5248322147651,6.87698412698413,997,6.61384152457372
754,245,6.53315649867374,6.88163265306122,999,6.61861861861862
751,247,6.51664447403462,6.95546558704453,998,6.625250501002
756,242,6.51851851851852,6.95867768595041,998,6.625250501002
750,249,6.50666666666667,6.92771084337349,999,6.61161161161161
748,251,6.50534759358289,6.90438247011952,999,6.60560560560561
750,248,6.53466666666667,6.875,998,6.61923847695391
743,255,6.58815612382234,6.94509803921569,998,6.67935871743487
746,253,6.57640750670241,6.97233201581028,999,6.67667667667668
741,257,6.58569500674764,6.98443579766537,998,6.68837675350701
752,247,6.59973404255319,7.0080971659919,999,6.7007007007007
743,254,6.59757738896366,6.98425196850394,997,6.69608826479438
734,264,6.61444141689373,6.95833333333333,998,6.70541082164329
735,263,6.6,6.8745247148289,998,6.67234468937876
723,276,6.57952973720609,6.92753623188406,999,6.67567567567568
733,266,6.58253751705321,6.85338345864662,999,6.65465465465465
729,268,6.57750342935528,6.84701492537313,997,6.64994984954865
727,272,6.60660247592847,6.8125,999,6.66266266266266
726,270,6.57438016528926,6.84814814814815,996,6.64859437751004
729,270,6.57887517146776,6.87407407407407,999,6.65865865865866
729,269,6.51028806584362,6.88104089219331,998,6.61022044088176
733,265,6.48431105047749,6.92452830188679,998,6.60120240480962
736,263,6.52173913043478,6.96577946768061,999,6.63863863863864
736,263,6.52989130434783,6.92015209125475,999,6.63263263263263
740,259,6.5027027027027,6.86486486486486,999,6.5965965965966
744,255,6.49596774193548,6.91764705882353,999,6.6036036036036
738,259,6.53523035230352,6.84942084942085,997,6.61685055165496
738,259,6.54336043360434,6.72972972972973,997,6.59177532597793
741,258,6.58434547908232,6.80232558139535,999,6.64064064064064
737,262,6.52238805970149,6.87404580152672,999,6.61461461461461
730,264,6.45068493150685,6.84469696969697,994,6.55533199195171
738,260,6.38075880758808,6.86538461538461,998,6.50701402805611
734,264,6.4141689373297,6.78030303030303,998,6.51102204408818
732,267,6.48087431693989,6.78277153558052,999,6.56156156156156
736,262,6.49048913043478,6.83969465648855,998,6.58216432865731
734,265,6.4291553133515,6.8188679245283,999,6.53253253253253
739,259,6.45060893098782,6.84169884169884,998,6.55210420841683
737,262,6.43419267299864,6.85114503816794,999,6.54354354354354
733,265,6.46930422919509,6.73962264150943,998,6.54108216432866
740,259,6.43783783783784,6.67567567567568,999,6.4994994994995
741,257,6.44939271255061,6.69649805447471,998,6.51302605210421
733,265,6.43519781718963,6.68679245283019,998,6.50200400801603
722,276,6.46814404432133,6.77536231884058,998,6.55310621242485
726,272,6.47520661157025,6.72426470588235,998,6.54308617234469
740,259,6.50810810810811,6.83783783783784,999,6.59359359359359
737,262,6.55223880597015,6.8206106870229,999,6.62262262262262
724,275,6.48204419889503,6.82181818181818,999,6.57557557557558
729,269,6.49108367626886,6.8996282527881,998,6.60120240480962
728,270,6.47527472527473,6.88148148148148,998,6.58517034068136
720,279,6.45416666666667,6.82078853046595,999,6.55655655655656
722,276,6.51108033240997,6.73913043478261,998,6.57414829659319
717,282,6.44211994421199,6.74468085106383,999,6.52752752752753
715,284,6.3986013986014,6.71478873239437,999,6.48848848848849
721,277,6.4618585298197,6.74007220216606,998,6.53907815631263
728,271,6.47252747252747,6.71586715867159,999,6.53853853853854
735,264,6.49115646258503,6.6780303030303,999,6.54054054054054
742,257,6.46495956873315,6.65758754863813,999,6.51451451451451
740,259,6.44054054054054,6.63320463320463,999,6.49049049049049
737,261,6.42740841248304,6.6551724137931,998,6.48697394789579
735,264,6.37551020408163,6.61742424242424,999,6.43943943943944
733,265,6.40381991814461,6.60754716981132,998,6.45791583166333
724,274,6.33977900552486,6.64233576642336,998,6.42284569138277
721,278,6.36615811373093,6.65107913669065,999,6.44544544544545
714,284,6.34033613445378,6.67957746478873,998,6.43687374749499
707,292,6.32531824611033,6.73972602739726,999,6.44644644644645
700,299,6.31285714285714,6.69565217391304,999,6.42742742742743
696,303,6.22844827586207,6.67326732673267,999,6.36336336336336
697,301,6.23242467718795,6.77076411960133,998,6.39478957915832
695,303,6.28776978417266,6.82508250825083,998,6.45090180360721
705,294,6.26666666666667,6.79251700680272,999,6.42142142142142
703,295,6.2873399715505,6.70847457627119,998,6.41182364729459
703,295,6.29160739687056,6.66440677966102,998,6.40180360721443
708,291,6.33757062146893,6.68041237113402,999,6.43743743743744
708,290,6.34039548022599,6.74827586206897,998,6.45891783567134
714,284,6.28151260504202,6.76056338028169,998,6.41783567134269
715,284,6.24475524475525,6.73943661971831,999,6.38538538538539
714,284,6.24229691876751,6.74647887323944,998,6.38577154308617
710,289,6.30140845070423,6.75086505190311,999,6.43143143143143
711,287,6.34177215189873,6.71428571428571,998,6.44889779559118
712,287,6.41292134831461,6.78745644599303,999,6.52052052052052
715,284,6.34265734265734,6.75352112676056,999,6.45945945945946
706,293,6.38101983002833,6.74744027303754,999,6.48848848848849
711,288,6.38818565400844,6.79861111111111,999,6.50650650650651
705,293,6.38014184397163,6.74061433447099,998,6.48597194388778
699,300,6.34907010014306,6.7,999,6.45445445445445
699,300,6.34334763948498,6.71333333333333,999,6.45445445445445
689,309,6.37590711175617,6.75080906148867,998,6.49198396793587
688,310,6.36773255813953,6.80322580645161,998,6.50300601202405
689,309,6.41799709724238,6.7411003236246,998,6.51803607214429
686,313,6.39941690962099,6.68370607028754,999,6.48848848848849
685,314,6.33868613138686,6.73885350318471,999,6.46446446446446
678,321,6.28613569321534,6.6791277258567,999,6.41241241241241
673,326,6.29420505200594,6.73926380368098,999,6.43943943943944
677,322,6.35007385524372,6.78260869565217,999,6.48948948948949
676,323,6.32544378698225,6.85139318885449,999,6.4954954954955
669,329,6.35874439461883,6.86322188449848,998,6.5250501002004
663,336,6.30769230769231,6.80952380952381,999,6.47647647647648
669,329,6.26905829596413,6.83282674772036,998,6.45490981963928
668,331,6.26796407185629,6.77341389728097,999,6.43543543543544
673,324,6.32243684992571,6.75308641975309,997,6.46238716148445
678,321,6.33185840707965,6.85358255451713,999,6.4994994994995
683,315,6.33089311859444,6.84444444444444,998,6.49298597194389
673,326,6.37147102526003,6.90490797546012,999,6.54554554554555
671,328,6.3919523099851,6.99085365853659,999,6.58858858858859
677,322,6.4519940915805,7.04037267080745,999,6.64164164164164
665,332,6.51729323308271,6.96084337349398,997,6.66499498495486
670,327,6.4865671641791,6.92354740061162,997,6.62988966900702
665,334,6.52631578947368,6.91317365269461,999,6.65565565565566
652,346,6.55828220858896,6.85549132947977,998,6.66132264529058
661,338,6.55824508320726,6.91715976331361,999,6.67967967967968
662,335,6.53172205438066,6.88955223880597,997,6.65195586760281
663,336,6.54147812971342,6.88392857142857,999,6.65665665665666
663,336,6.57466063348416,6.85416666666667,999,6.66866866866867
664,334,6.61295180722892,6.89520958083832,998,6.70741482965932
666,333,6.57807807807808,6.91891891891892,999,6.69169169169169
663,336,6.57767722473605,6.89880952380952,999,6.68568568568569
657,340,6.62861491628615,6.93823529411765,997,6.73420260782347
666,333,6.6021021021021,6.81981981981982,999,6.67467467467467
677,319,6.57311669128508,6.87147335423198,996,6.66867469879518
666,333,6.57507507507508,6.9039039039039,999,6.68468468468468
668,330,6.60329341317365,6.87575757575758,998,6.69338677354709
667,331,6.56071964017991,6.90332326283988,998,6.67434869739479
662,334,6.57703927492447,6.89221556886228,996,6.68273092369478
667,332,6.52773613193403,6.84638554216868,999,6.63363363363363
662,336,6.55589123867069,6.85119047619048,998,6.65531062124249
657,340,6.60426179604262,6.76764705882353,997,6.65997993981946
656,342,6.59451219512195,6.74561403508772,998,6.64629258517034
649,349,6.61479198767334,6.75931232091691,998,6.66533066132265
647,352,6.61978361669243,6.76420454545455,999,6.67067067067067
647,351,6.62442040185471,6.77492877492877,998,6.67735470941884
635,362,6.56377952755906,6.75138121546961,997,6.63189568706118
627,371,6.53269537480064,6.82749326145553,998,6.64228456913828
623,374,6.48314606741573,6.78877005347594,997,6.59779338014042
624,373,6.54807692307692,6.81769436997319,997,6.64894684052156
615,384,6.56585365853658,6.8203125,999,6.66366366366366
610,389,6.55573770491803,6.83804627249357,999,6.66566566566567
609,387,6.5927750410509,6.81912144702842,996,6.68072289156626
614,385,6.6042345276873,6.80779220779221,999,6.68268268268268
618,380,6.61165048543689,6.84473684210526,998,6.70040080160321
618,380,6.63430420711974,6.81842105263158,998,6.70440881763527
614,383,6.60749185667752,6.83028720626632,997,6.69307923771314
615,384,6.54959349593496,6.8125,999,6.65065065065065
617,382,6.58346839546191,6.82460732984293,999,6.67567567567568
624,374,6.58974358974359,6.81283422459893,998,6.67334669338677
622,377,6.58199356913183,6.82228116710875,999,6.67267267267267
618,380,6.57119741100324,6.84473684210526,998,6.67535070140281
622,376,6.60771704180064,6.82446808510638,998,6.68937875751503
623,376,6.58747993579454,6.8031914893617,999,6.66866866866867
625,374,6.6128,6.85026737967914,999,6.7017017017017
632,367,6.61075949367089,6.77384196185286,999,6.67067067067067
630,369,6.58253968253968,6.70189701897019,999,6.62662662662663
640,358,6.615625,6.67597765363128,998,6.6372745490982
637,362,6.55729984301413,6.63812154696133,999,6.58658658658659
633,366,6.55292259083728,6.60109289617486,999,6.57057057057057
629,370,6.58823529411765,6.57297297297297,999,6.58258258258258
629,369,6.64546899841018,6.58265582655827,998,6.62224448897796
623,376,6.65329052969502,6.51329787234043,999,6.6006006006006
621,378,6.68438003220612,6.4973544973545,999,6.61361361361361
615,384,6.64065040650407,6.5546875,999,6.60760760760761
620,378,6.63064516129032,6.56349206349206,998,6.60521042084168
619,380,6.58319870759289,6.62631578947368,999,6.5995995995996
618,380,6.59223300970874,6.58684210526316,998,6.59018036072144
628,369,6.5812101910828,6.52032520325203,997,6.55867602808425
631,366,6.56576862123613,6.46174863387978,997,6.52758274824473
626,373,6.58945686900958,6.44235924932976,999,6.53453453453453
626,372,6.59744408945687,6.41397849462366,998,6.52905811623246
633,364,6.60979462875197,6.38736263736264,997,6.52858575727182
622,376,6.59163987138264,6.3031914893617,998,6.48296593186373
622,377,6.57234726688103,6.29708222811671,999,6.46846846846847
623,375,6.57784911717496,6.33066666666667,998,6.48496993987976
631,367,6.58795562599049,6.30517711171662,998,6.48396793587174
630,368,6.53333333333333,6.32880434782609,998,6.45791583166333
622,375,6.52733118971061,6.29333333333333,997,6.43931795386158
614,383,6.47557003257329,6.3289817232376,997,6.41925777331996
616,381,6.51623376623377,6.31233595800525,997,6.4383149448345
617,381,6.54132901134522,6.34383202099738,998,6.46593186372746
614,385,6.5,6.4,999,6.46146146146146
618,380,6.53559870550162,6.45789473684211,998,6.5060120240481
623,376,6.52808988764045,6.51329787234043,999,6.52252252252252
613,386,6.46166394779772,6.53108808290155,999,6.48848848848849
607,390,6.45304777594728,6.55897435897436,997,6.49448345035105
607,392,6.39538714991763,6.49234693877551,999,6.43343343343343
618,381,6.38187702265372,6.43307086614173,999,6.4014014014014
614,383,6.40065146579805,6.44386422976501,997,6.4172517552658
611,387,6.37315875613748,6.5297157622739,998,6.43386773547094
604,394,6.3294701986755,6.50761421319797,998,6.3997995991984
605,394,6.25289256198347,6.49746192893401,999,6.34934934934935
610,387,6.30655737704918,6.49612403100775,997,6.38014042126379
612,385,6.3562091503268,6.44155844155844,997,6.38916750250752
615,384,6.3219512195122,6.40885416666667,999,6.35535535535536
617,382,6.3322528363047,6.32460732984293,999,6.32932932932933
616,383,6.28084415584416,6.35509138381201,999,6.30930930930931
626,373,6.3258785942492,6.35656836461126,999,6.33733733733734
623,376,6.30497592295345,6.38031914893617,999,6.33333333333333
621,377,6.28502415458937,6.44297082228117,998,6.34468937875751
626,372,6.28594249201278,6.4247311827957,998,6.3376753507014
634,365,6.28864353312303,6.48493150684931,999,6.36036036036036
630,368,6.32380952380952,6.45923913043478,998,6.37374749498998
618,380,6.29611650485437,6.46315789473684,998,6.35971943887776
626,373,6.29233226837061,6.4343163538874,999,6.34534534534535
622,377,6.34726688102894,6.49602122015915,999,6.4034034034034
622,375,6.33279742765273,6.45333333333333,997,6.37813440320963
630,369,6.34444444444444,6.46341463414634,999,6.38838838838839
629,370,6.31955484896661,6.57297297297297,999,6.41341341341341
633,365,6.29857819905213,6.53424657534247,998,6.38476953907816
629,368,6.32114467408585,6.52173913043478,997,6.39518555667001
641,356,6.29017160686427,6.57865168539326,997,6.39317953861585
638,359,6.32758620689655,6.58217270194986,997,6.41925777331996
649,349,6.36825885978428,6.56446991404011,998,6.43687374749499
643,354,6.3452566096423,6.5225988700565,997,6.40822467402207
649,350,6.30046224961479,6.52,999,6.37737737737738
642,355,6.2398753894081,6.51830985915493,997,6.33901705115346
643,356,6.23950233281493,6.53932584269663,999,6.34634634634635
649,350,6.24653312788906,6.60285714285714,999,6.37137137137137
644,353,6.28571428571429,6.61473087818697,997,6.40220661985958
650,349,6.28461538461538,6.61318051575931,999,6.3993993993994
651,348,6.29032258064516,6.63505747126437,999,6.41041041041041
657,342,6.29984779299848,6.55847953216374,999,6.38838838838839
655,344,6.27022900763359,6.63662790697674,999,6.3963963963964
657,340,6.26940639269406,6.65882352941177,997,6.40220661985958
666,332,6.28078078078078,6.62951807228916,998,6.39679358717435
657,342,6.28767123287671,6.64327485380117,999,6.40940940940941
664,334,6.25753012048193,6.65269461077844,998,6.38977955911824
669,329,6.28998505231689,6.61702127659574,998,6.39779559118236
659,340,6.30349013657056,6.59411764705882,999,6.4024024024024
660,339,6.28636363636364,6.63126843657817,999,6.4034034034034
665,334,6.26616541353383,6.60479041916168,999,6.37937937937938
667,332,6.2263868065967,6.64156626506024,999,6.36436436436436
675,324,6.24592592592593,6.54938271604938,999,6.34434434434434
682,317,6.21994134897361,6.58990536277603,999,6.33733733733734
681,318,6.23201174743025,6.61320754716981,999,6.35335335335335
680,317,6.26176470588235,6.58990536277603,997,6.36609829488465
685,313,6.24379562043796,6.47603833865815,998,6.31663326653307
679,319,6.22533136966127,6.46708463949843,998,6.30260521042084
683,315,6.14348462664714,6.49206349206349,998,6.25350701402806
682,316,6.18328445747801,6.49683544303798,998,6.28256513026052
688,311,6.16424418604651,6.57877813504823,999,6.29329329329329
686,311,6.17638483965015,6.4951768488746,997,6.27582748244734
698,300,6.189111747851,6.6,998,6.312625250501
697,302,6.15925394548063,6.64900662251656,999,6.30730730730731
703,295,6.15931721194879,6.65423728813559,998,6.30561122244489
691,307,6.16497829232996,6.63192182410423,998,6.30861723446894
692,307,6.15028901734104,6.62214983713355,999,6.2952952952953
688,311,6.15988372093023,6.63987138263666,999,6.30930930930931
682,315,6.19648093841642,6.63174603174603,997,6.33400200601805
688,310,6.16860465116279,6.63548387096774,998,6.31362725450902
684,315,6.2266081871345,6.64444444444444,999,6.35835835835836
687,312,6.26346433770015,6.69230769230769,999,6.3973973973974
679,320,6.23416789396171,6.65625,999,6.36936936936937
674,325,6.24480712166172,6.57846153846154,999,6.35335335335335
677,321,6.24963072378139,6.5981308411215,998,6.36172344689379
684,315,6.2719298245614,6.58412698412698,999,6.37037037037037
670,329,6.31940298507463,6.65349544072948,999,6.42942942942943
660,339,6.28636363636364,6.58702064896755,999,6.38838838838839
650,349,6.35384615384615,6.51862464183381,999,6.41141141141141
648,351,6.31018518518519,6.44444444444444,999,6.35735735735736
664,334,6.34939759036145,6.49101796407186,998,6.39679358717435
666,332,6.37537537537538,6.53012048192771,998,6.42685370741483
657,341,6.36073059360731,6.51319648093842,998,6.41282565130261
658,341,6.36626139817629,6.50439882697947,999,6.41341341341341
660,339,6.3030303030303,6.54867256637168,999,6.38638638638639
655,344,6.30992366412214,6.56976744186047,999,6.3993993993994
658,341,6.30395136778116,6.59237536656892,999,6.4024024024024
657,341,6.29832572298326,6.51612903225806,998,6.37274549098196
665,334,6.2781954887218,6.47005988023952,999,6.34234234234234
666,333,6.26126126126126,6.4024024024024,999,6.30830830830831
671,327,6.2876304023845,6.43119266055046,998,6.33466933867735
664,334,6.3433734939759,6.46407185628743,998,6.38376753507014
665,333,6.29924812030075,6.46546546546547,998,6.35470941883768
659,338,6.39757207890744,6.41715976331361,997,6.40421263791374
659,339,6.33383915022762,6.46312684365782,998,6.37775551102204
657,342,6.39573820395738,6.46491228070175,999,6.41941941941942
653,345,6.34303215926493,6.55652173913044,998,6.41683366733467
656,343,6.35975609756098,6.65014577259475,999,6.45945945945946
660,339,6.31515151515152,6.55457227138643,999,6.3963963963964
659,339,6.2412746585736,6.50737463126844,998,6.33166332665331
654,343,6.26911314984709,6.51020408163265,997,6.35205616850552
650,348,6.28461538461538,6.48275862068965,998,6.35370741482966
655,344,6.28091603053435,6.51162790697674,999,6.36036036036036
653,346,6.29402756508423,6.45375722543353,999,6.34934934934935
651,348,6.30568356374808,6.54885057471264,999,6.39039039039039
640,356,6.390625,6.57303370786517,996,6.45582329317269
650,346,6.37230769230769,6.66473988439306,996,6.47389558232932
653,345,6.3843797856049,6.67536231884058,998,6.48496993987976
650,347,6.38769230769231,6.62824207492795,997,6.47141424272818
642,357,6.45482866043614,6.62745098039216,999,6.51651651651652
647,349,6.46367851622875,6.59312320916905,996,6.50903614457831
649,347,6.46070878274268,6.61959654178674,996,6.51606425702811
648,351,6.46450617283951,6.64672364672365,999,6.52852852852853
646,352,6.44272445820433,6.65909090909091,998,6.51903807615231
645,354,6.4093023255814,6.64971751412429,999,6.49449449449449
636,359,6.44654088050314,6.61559888579387,995,6.50753768844221
641,358,6.48517940717629,6.6536312849162,999,6.54554554554555
630,369,6.51428571428571,6.62330623306233,999,6.55455455455455
635,364,6.44094488188976,6.60989010989011,999,6.5025025025025
638,360,6.43887147335423,6.60833333333333,998,6.5
628,370,6.45859872611465,6.64324324324324,998,6.52705410821643
629,370,6.45945945945946,6.62972972972973,999,6.52252252252252
636,363,6.34119496855346,6.58402203856749,999,6.42942942942943
641,358,6.30577223088924,6.65083798882682,999,6.42942942942943
648,351,6.36574074074074,6.5982905982906,999,6.44744744744745
641,357,6.36817472698908,6.59663865546218,998,6.4498997995992
644,355,6.36490683229814,6.54929577464789,999,6.43043043043043
649,350,6.3497688751926,6.56,999,6.42342342342342
648,351,6.38734567901235,6.61823361823362,999,6.46846846846847
650,349,6.40307692307692,6.63323782234957,999,6.48348348348348
662,335,6.3987915407855,6.65671641791045,997,6.48545636910732
668,330,6.40119760479042,6.71818181818182,998,6.5060120240481
678,319,6.44395280235988,6.73667711598746,997,6.53761283851555
677,322,6.45347119645495,6.67701863354037,999,6.52552552552553
683,314,6.51244509516837,6.69108280254777,997,6.56870611835507
671,328,6.55141579731744,6.7530487804878,999,6.61761761761762
672,326,6.56696428571429,6.75766871165644,998,6.62925851703407
671,328,6.61847988077496,6.73780487804878,999,6.65765765765766
669,328,6.61136023916293,6.6859756097561,997,6.63590772316951
665,334,6.56390977443609,6.70359281437126,999,6.61061061061061
665,334,6.57894736842105,6.69161676646707,999,6.61661661661662
664,335,6.61746987951807,6.6865671641791,999,6.64064064064064
671,327,6.61400894187779,6.55351681957187,998,6.59418837675351
658,337,6.55775075987842,6.52818991097923,995,6.54773869346734
663,335,6.55505279034691,6.53134328358209,998,6.54709418837675
661,337,6.53252647503782,6.51928783382789,998,6.52805611222445
661,337,6.56580937972769,6.58753709198813,998,6.57314629258517
655,344,6.58320610687023,6.59011627906977,999,6.58558558558559
649,350,6.61325115562404,6.6,999,6.60860860860861
643,354,6.62519440124417,6.55367231638418,997,6.59979939819458
640,358,6.6234375,6.57262569832402,998,6.60521042084168
634,365,6.64984227129338,6.6027397260274,999,6.63263263263263
633,366,6.68562401263823,6.6120218579235,999,6.65865865865866
627,371,6.68102073365231,6.57681940700809,998,6.64228456913828
631,368,6.64659270998415,6.55978260869565,999,6.61461461461461
622,377,6.66559485530547,6.53050397877984,999,6.61461461461461
621,378,6.68276972624799,6.54761904761905,999,6.63163163163163
626,373,6.68210862619808,6.63270777479893,999,6.66366366366366
628,371,6.70382165605096,6.63072776280323,999,6.67667667667668
625,373,6.7248,6.67024128686327,998,6.70440881763527
620,378,6.75806451612903,6.65608465608466,998,6.71943887775551
617,382,6.78119935170178,6.63612565445026,999,6.72572572572573
616,383,6.77435064935065,6.59007832898172,999,6.7037037037037
623,375,6.81059390048154,6.68,998,6.76152304609218
631,368,6.75594294770206,6.63858695652174,999,6.71271271271271
640,357,6.771875,6.61904761904762,997,6.71715145436309
641,358,6.76755070202808,6.60055865921788,999,6.70770770770771
637,361,6.71899529042386,6.55124653739612,998,6.65831663326653
644,355,6.78105590062112,6.51267605633803,999,6.68568568568569
640,359,6.75625,6.54874651810585,999,6.68168168168168
647,351,6.74961360123648,6.54985754985755,998,6.67935871743487
648,351,6.72685185185185,6.6011396011396,999,6.68268268268268
650,349,6.73384615384615,6.58739255014327,999,6.68268268268268
650,349,6.75538461538462,6.5702005730659,999,6.69069069069069
653,345,6.72894333843798,6.5768115942029,998,6.67635270541082
654,345,6.73700305810398,6.58840579710145,999,6.68568568568569
665,333,6.69624060150376,6.55555555555556,998,6.64929859719439
662,336,6.66767371601208,6.61011904761905,998,6.64829659318637
665,334,6.65714285714286,6.53293413173653,999,6.61561561561562
663,335,6.67420814479638,6.59701492537313,998,6.64829659318637
659,339,6.66616084977238,6.5811209439528,998,6.6372745490982
652,346,6.76226993865031,6.59826589595376,998,6.70541082164329
658,341,6.75075987841945,6.61290322580645,999,6.7037037037037
664,335,6.76506024096386,6.54626865671642,999,6.69169169169169
668,331,6.73802395209581,6.53474320241692,999,6.67067067067067
663,335,6.72850678733032,6.4955223880597,998,6.6503006012024
673,326,6.77265973254086,6.5398773006135,999,6.6966966966967
682,317,6.78739002932551,6.50473186119874,999,6.6976976976977
684,315,6.77631578947368,6.47619047619048,999,6.68168168168168
691,308,6.79015918958032,6.42857142857143,999,6.67867867867868
687,312,6.80931586608443,6.35897435897436,999,6.66866866866867
684,314,6.80409356725146,6.42675159235669,998,6.68537074148297
693,306,6.82539682539683,6.38888888888889,999,6.69169169169169
688,311,6.80959302325581,6.41479099678457,999,6.68668668668669
682,316,6.76979472140762,6.45886075949367,998,6.67134268537074
688,311,6.77470930232558,6.36977491961415,999,6.64864864864865
689,310,6.644412191582,6.43870967741935,999,6.58058058058058
689,310,6.677793904209,6.49354838709677,999,6.62062062062062
684,315,6.70029239766082,6.49206349206349,999,6.63463463463463
679,320,6.60382916053019,6.44375,999,6.55255255255255
681,318,6.63876651982379,6.44968553459119,999,6.57857857857858
683,315,6.71303074670571,6.45396825396825,998,6.6312625250501
678,321,6.70501474926254,6.53271028037383,999,6.64964964964965
688,310,6.66860465116279,6.53870967741936,998,6.62825651302605
690,308,6.64492753623188,6.58116883116883,998,6.625250501002
693,306,6.63924963924964,6.6797385620915,999,6.65165165165165
687,312,6.68267831149927,6.69871794871795,999,6.68768768768769
689,309,6.72133526850508,6.6537216828479,998,6.70040080160321
693,306,6.75036075036075,6.65032679738562,999,6.71971971971972
698,300,6.73209169054441,6.70333333333333,998,6.72344689378758
712,286,6.74719101123596,6.72027972027972,998,6.73947895791583
705,292,6.72482269503546,6.6541095890411,997,6.70411233701103
709,289,6.61918194640339,6.58477508650519,998,6.60921843687375
714,284,6.61484593837535,6.5669014084507,998,6.60120240480962
720,277,6.62222222222222,6.55234657039711,997,6.60280842527583
719,279,6.6230876216968,6.53405017921147,998,6.59819639278557
717,280,6.64853556485356,6.53571428571429,997,6.61685055165496
714,285,6.62605042016807,6.54035087719298,999,6.6016016016016
699,299,6.60801144492132,6.55518394648829,998,6.59218436873747
705,294,6.60709219858156,6.59863945578231,999,6.6046046046046
709,289,6.6064880112835,6.69896193771626,998,6.63326653306613
714,285,6.54761904761905,6.69473684210526,999,6.58958958958959
720,279,6.56666666666667,6.67383512544803,999,6.5965965965966
714,281,6.58263305322129,6.72597864768683,995,6.62311557788945
729,270,6.55555555555556,6.67037037037037,999,6.58658658658659
725,274,6.53655172413793,6.64598540145985,999,6.56656656656657
724,275,6.53729281767956,6.65090909090909,999,6.56856856856857
724,275,6.53176795580111,6.70909090909091,999,6.58058058058058
721,278,6.53952843273232,6.69064748201439,999,6.58158158158158
719,280,6.53546592489569,6.75,999,6.5955955955956
716,282,6.57402234636872,6.70921985815603,998,6.6122244488978
708,290,6.52683615819209,6.74827586206897,998,6.59118236472946
707,290,6.53748231966054,6.78275862068966,997,6.60882647943832
712,287,6.57443820224719,6.85714285714286,999,6.65565565565566
704,294,6.53693181818182,6.92857142857143,998,6.65230460921844
704,293,6.52130681818182,6.87713310580205,997,6.6258776328987
695,304,6.5410071942446,6.88815789473684,999,6.64664664664665
697,302,6.54232424677188,6.91059602649007,999,6.65365365365365
700,298,6.57857142857143,6.89261744966443,998,6.67234468937876
700,297,6.56857142857143,6.81818181818182,997,6.64292878635908
709,289,6.51763046544429,6.81660899653979,998,6.60420841683367
718,281,6.53064066852368,6.79359430604982,999,6.6046046046046
721,277,6.54091539528433,6.75812274368231,998,6.60120240480962
729,269,6.5843621399177,6.68401486988848,998,6.61122244488978
737,262,6.62279511533243,6.64503816793893,999,6.62862862862863
735,262,6.61224489795918,6.67175572519084,997,6.62788365095286
734,265,6.58038147138965,6.73962264150943,999,6.62262262262262
736,263,6.57336956521739,6.70722433460076,999,6.60860860860861
737,262,6.58887381275441,6.71374045801527,999,6.62162162162162
736,263,6.58559782608696,6.73384030418251,999,6.62462462462462
730,269,6.5958904109589,6.77323420074349,999,6.64364364364364
726,273,6.57851239669422,6.68864468864469,999,6.60860860860861
734,264,6.58310626702997,6.69318181818182,998,6.6122244488978
731,267,6.55540355677155,6.64044943820225,998,6.57815631262525
733,264,6.52114597544338,6.63257575757576,997,6.5506519558676
729,270,6.50068587105624,6.65555555555556,999,6.54254254254254
734,265,6.44550408719346,6.61509433962264,999,6.49049049049049
733,266,6.48840381991814,6.64661654135338,999,6.53053053053053
733,264,6.5075034106412,6.61363636363636,997,6.53560682046138
743,256,6.53566621803499,6.61328125,999,6.55555555555556
741,258,6.51282051282051,6.67054263565892,999,6.55355355355355
739,259,6.53044654939107,6.64864864864865,998,6.56112224448898
737,259,6.53459972862958,6.66795366795367,996,6.56927710843374
736,261,6.53125,6.67049808429119,997,6.56770310932798
730,269,6.48219178082192,6.60594795539033,999,6.51551551551552
737,262,6.48303934871099,6.61832061068702,999,6.51851851851852
740,259,6.49189189189189,6.64092664092664,999,6.53053053053053
744,252,6.49327956989247,6.61904761904762,996,6.52510040160643
745,254,6.52885906040268,6.67322834645669,999,6.56556556556557
748,249,6.54010695187166,6.62650602409639,997,6.5616850551655
751,248,6.53395472703063,6.60483870967742,999,6.55155155155155
755,244,6.53774834437086,6.60245901639344,999,6.55355355355355
745,248,6.58389261744966,6.6008064516129,993,6.58811681772407
750,248,6.536,6.67741935483871,998,6.57114228456914
753,246,6.56308100929615,6.69918699186992,999,6.5965965965966
749,249,6.53404539385848,6.65060240963855,998,6.56312625250501
757,242,6.53236459709379,6.59917355371901,999,6.54854854854855
744,252,6.53629032258065,6.65079365079365,996,6.56526104417671
752,245,6.5718085106383,6.68163265306122,997,6.5987963891675
744,253,6.55645161290323,6.74308300395257,997,6.60381143430291
748,251,6.55614973262032,6.74900398406375,999,6.6046046046046
737,262,6.57123473541384,6.7175572519084,999,6.60960960960961
733,266,6.51296043656207,6.69548872180451,999,6.56156156156156
721,276,6.51595006934813,6.64130434782609,997,6.5506519558676
723,275,6.47856154910097,6.70909090909091,998,6.54208416833667
722,276,6.47368421052632,6.67753623188406,998,6.53006012024048
724,274,6.4378453038674,6.75182481751825,998,6.52404809619238
720,278,6.4875,6.77697841726619,998,6.56813627254509
720,279,6.48333333333333,6.73835125448029,999,6.55455455455455
722,276,6.44321329639889,6.69202898550725,998,6.51202404809619
712,287,6.4873595505618,6.76655052264808,999,6.56756756756757
714,284,6.49439775910364,6.79929577464789,998,6.5811623246493
711,288,6.49648382559775,6.82291666666667,999,6.59059059059059
716,282,6.4804469273743,6.78723404255319,998,6.56713426853707
709,287,6.50916784203103,6.77351916376307,996,6.58534136546185
715,282,6.52307692307692,6.71985815602837,997,6.57873620862588
722,277,6.51246537396122,6.70036101083033,999,6.56456456456456
719,279,6.52990264255911,6.73835125448029,998,6.58817635270541
722,277,6.55540166204986,6.74368231046931,999,6.60760760760761
725,272,6.49931034482759,6.70220588235294,997,6.55466399197593
718,279,6.52089136490251,6.79569892473118,997,6.59779338014042
719,280,6.53407510431154,6.77142857142857,999,6.6006006006006
714,283,6.50560224089636,6.71024734982332,997,6.56369107321966
714,284,6.53781512605042,6.73239436619718,998,6.59318637274549
704,295,6.61079545454545,6.73559322033898,999,6.64764764764765
694,304,6.63832853025937,6.75986842105263,998,6.67535070140281
692,305,6.60404624277457,6.8327868852459,997,6.6740220661986
688,311,6.55813953488372,6.79099678456592,999,6.63063063063063
695,304,6.54820143884892,6.80921052631579,999,6.62762762762763
688,310,6.54651162790698,6.79032258064516,998,6.62224448897796
689,309,6.58345428156749,6.74433656957929,998,6.63326653306613
684,314,6.54678362573099,6.72929936305732,998,6.60420841683367
684,314,6.57456140350877,6.71656050955414,998,6.61923847695391
681,316,6.60058737151248,6.84810126582278,997,6.679037111334
677,322,6.56573116691285,6.84782608695652,999,6.65665665665666
676,323,6.56065088757396,6.81114551083591,999,6.64164164164164
671,328,6.55737704918033,6.88414634146341,999,6.66466466466466
679,320,6.57879234167894,6.85,999,6.66566566566567
675,322,6.55703703703704,6.85403726708075,997,6.65295887662989
677,322,6.53914327917282,6.81366459627329,999,6.62762762762763
682,314,6.5425219941349,6.84713375796178,996,6.63855421686747
685,313,6.54744525547445,6.75079872204473,998,6.61122244488978
682,317,6.5791788856305,6.7602523659306,999,6.63663663663664
674,325,6.58308605341246,6.79692307692308,999,6.65265265265265
678,321,6.59439528023599,6.75077881619938,999,6.64464464464464
678,319,6.58997050147493,6.73667711598746,997,6.63691073219659
672,326,6.56696428571429,6.71472392638037,998,6.61523046092184
671,325,6.58420268256334,6.64,996,6.60240963855422
670,329,6.51791044776119,6.50151975683891,999,6.51251251251251
666,333,6.47597597597598,6.54654654654655,999,6.4994994994995
670,327,6.45223880597015,6.4954128440367,997,6.46639919759278
676,322,6.47485207100592,6.54968944099379,998,6.49899799599198
688,311,6.49854651162791,6.55627009646302,999,6.51651651651652
690,308,6.47971014492754,6.49675324675325,998,6.48496993987976
686,313,6.45918367346939,6.48562300319489,999,6.46746746746747
691,308,6.42836468885673,6.53246753246753,999,6.46046046046046
688,310,6.4375,6.56451612903226,998,6.47695390781563
685,314,6.38978102189781,6.51273885350319,999,6.42842842842843
690,309,6.45652173913043,6.51456310679612,999,6.47447447447447
688,309,6.40261627906977,6.49190938511327,997,6.43029087261785
698,301,6.34813753581662,6.48504983388704,999,6.38938938938939
692,307,6.35404624277457,6.4885993485342,999,6.3953953953954
692,307,6.38150289017341,6.55048859934853,999,6.43343343343343
701,297,6.38659058487874,6.55218855218855,998,6.43587174348697
696,302,6.35344827586207,6.51986754966887,998,6.40380761523046
688,310,6.36918604651163,6.47096774193548,998,6.40080160320641
695,304,6.32661870503597,6.5,999,6.37937937937938
691,307,6.30390738060782,6.50162866449511,998,6.36472945891784
684,314,6.28216374269006,6.54458598726115,998,6.36472945891784
678,321,6.21091445427729,6.47663551401869,999,6.2962962962963
689,310,6.19158200290276,6.47096774193548,999,6.27827827827828
684,315,6.19005847953216,6.42539682539683,999,6.26426426426426
671,327,6.274217585693,6.34556574923547,998,6.29759519038076
672,326,6.34821428571429,6.32822085889571,998,6.34168336673347
676,323,6.35798816568047,6.42724458204334,999,6.38038038038038
681,317,6.36123348017621,6.37854889589905,998,6.36673346693387
690,309,6.37536231884058,6.4368932038835,999,6.39439439439439
683,314,6.35285505124451,6.44904458598726,997,6.38314944834504
680,318,6.34264705882353,6.39308176100629,998,6.35871743486974
691,307,6.37192474674385,6.32247557003257,998,6.35671342685371
683,316,6.33528550512445,6.25,999,6.30830830830831
688,311,6.3343023255814,6.26366559485531,999,6.31231231231231
691,308,6.32127351664255,6.30844155844156,999,6.31731731731732
685,314,6.30510948905109,6.32165605095541,999,6.31031031031031
692,307,6.32947976878613,6.26384364820847,999,6.30930930930931
686,313,6.3134110787172,6.26837060702875,999,6.2992992992993
676,323,6.34763313609467,6.31269349845201,999,6.33633633633634
678,320,6.33333333333333,6.365625,998,6.3436873747495
669,326,6.30044843049327,6.38957055214724,995,6.32964824120603
673,325,6.26597325408618,6.4,998,6.30961923847695
678,320,6.23746312684366,6.440625,998,6.30260521042084
681,317,6.25403817914831,6.39747634069401,998,6.29959919839679
672,326,6.28869047619048,6.37730061349693,998,6.31763527054108
673,326,6.3075780089153,6.37423312883436,999,6.32932932932933
683,316,6.27232796486091,6.40506329113924,999,6.31431431431431
686,313,6.25655976676385,6.37060702875399,999,6.29229229229229
698,299,6.29512893982808,6.35117056856187,997,6.31193580742227
687,310,6.26783114992722,6.3258064516129,997,6.28585757271815
700,299,6.21714285714286,6.35117056856187,999,6.25725725725726
702,294,6.18233618233618,6.24489795918367,996,6.20080321285141
701,298,6.20542082738944,6.24832214765101,999,6.21821821821822
704,292,6.21448863636364,6.27739726027397,996,6.23293172690763
711,288,6.29535864978903,6.21875,999,6.27327327327327
703,296,6.30583214793741,6.21959459459459,999,6.28028028028028
711,285,6.29676511954993,6.30877192982456,996,6.30020080321285
718,281,6.32172701949861,6.24555160142349,999,6.3003003003003
714,283,6.29271708683473,6.29328621908127,997,6.29287863590772
712,287,6.27808988764045,6.19512195121951,999,6.25425425425425
719,278,6.23504867872045,6.32374100719424,997,6.25977933801404
715,282,6.21678321678322,6.36524822695035,997,6.25877632898696
719,278,6.2461752433936,6.38489208633094,997,6.28485456369107
715,284,6.24475524475525,6.36619718309859,999,6.27927927927928
703,296,6.26173541963016,6.35810810810811,999,6.29029029029029
702,295,6.25498575498576,6.3728813559322,997,6.28986960882648
695,303,6.23741007194245,6.26732673267327,998,6.24649298597194
695,303,6.2158273381295,6.23762376237624,998,6.22244488977956
683,316,6.27525622254758,6.23101265822785,999,6.26126126126126
687,312,6.32459970887918,6.23717948717949,999,6.2972972972973
682,317,6.3475073313783,6.25236593059937,999,6.31731731731732
673,325,6.34621099554235,6.22153846153846,998,6.30561122244489
677,322,6.32644017725258,6.22981366459627,999,6.2952952952953
671,327,6.29508196721311,6.30275229357798,998,6.29759519038076
668,330,6.31736526946108,6.31515151515152,998,6.31663326653307
664,335,6.32379518072289,6.24776119402985,999,6.2982982982983
666,332,6.3048048048048,6.1355421686747,998,6.24849699398798
664,334,6.31325301204819,6.1377245508982,998,6.25450901803607
666,333,6.33333333333333,6.21921921921922,999,6.2952952952953
660,339,6.37272727272727,6.25958702064897,999,6.33433433433433
665,334,6.33834586466165,6.30239520958084,999,6.32632632632633
669,329,6.35724962630792,6.36170212765957,998,6.35871743486974
664,335,6.39156626506024,6.33134328358209,999,6.37137137137137
665,333,6.38796992481203,6.32432432432432,998,6.36673346693387
664,334,6.38403614457831,6.3622754491018,998,6.37675350701403
666,332,6.33933933933934,6.27409638554217,998,6.31763527054108
665,332,6.36240601503759,6.20481927710843,997,6.3099297893681
655,343,6.39236641221374,6.28279883381924,998,6.35470941883768
665,334,6.41052631578947,6.27245508982036,999,6.36436436436436
662,337,6.40936555891239,6.23442136498516,999,6.35035035035035
657,342,6.40182648401827,6.26315789473684,999,6.35435435435435
662,337,6.44864048338369,6.26706231454006,999,6.38738738738739
674,324,6.37982195845697,6.29938271604938,998,6.35370741482966
677,320,6.37075332348597,6.328125,997,6.35707121364092
677,322,6.32939438700148,6.3416149068323,999,6.33333333333333
665,331,6.33684210526316,6.29909365558912,996,6.32429718875502
672,327,6.31845238095238,6.25993883792049,999,6.2992992992993
669,329,6.3034379671151,6.26443768996961,998,6.29058116232465
668,330,6.35179640718563,6.28181818181818,998,6.32865731462926
673,324,6.30609212481426,6.25925925925926,997,6.29087261785356
669,330,6.33931240657698,6.21818181818182,999,6.2992992992993
669,329,6.37219730941704,6.21580547112462,998,6.32064128256513
655,342,6.34045801526718,6.16959064327485,997,6.28184553660983
650,349,6.31692307692308,6.2378223495702,999,6.28928928928929
657,340,6.33028919330289,6.25882352941176,997,6.30591775325978
652,346,6.33128834355828,6.30057803468208,998,6.32064128256513
646,353,6.35603715170279,6.23512747875354,999,6.31331331331331
637,361,6.36263736263736,6.2797783933518,998,6.33266533066132
641,358,6.3603744149766,6.3463687150838,999,6.35535535535536
633,365,6.39652448657188,6.28767123287671,998,6.35671342685371
643,356,6.46034214618974,6.28932584269663,999,6.3993993993994
638,361,6.49216300940439,6.32686980609418,999,6.43243243243243
632,366,6.42405063291139,6.28415300546448,998,6.37274549098196
632,367,6.44620253164557,6.28337874659401,999,6.38638638638639
631,365,6.54833597464342,6.34520547945205,996,6.47389558232932
631,366,6.55309033280507,6.37704918032787,997,6.48846539618857
626,371,6.52396166134185,6.33692722371968,997,6.4543630892678
644,354,6.51863354037267,6.30790960451977,998,6.4438877755511
644,354,6.47826086956522,6.36158192090396,998,6.43687374749499
640,358,6.4515625,6.43854748603352,998,6.44689378757515
653,346,6.45329249617152,6.40462427745665,999,6.43643643643644
655,344,6.47480916030534,6.49418604651163,999,6.48148148148148
647,352,6.45285935085008,6.47443181818182,999,6.46046046046046
656,343,6.52134146341463,6.42857142857143,999,6.48948948948949
658,340,6.51063829787234,6.41176470588235,998,6.47695390781563
668,329,6.5314371257485,6.48328267477204,997,6.51554663991976
683,316,6.5900439238653,6.49367088607595,999,6.55955955955956
686,312,6.59620991253644,6.44551282051282,998,6.54909819639279
695,303,6.58705035971223,6.36303630363036,998,6.51903807615231
689,309,6.6066763425254,6.35598705501618,998,6.52905811623246
698,300,6.61604584527221,6.26,998,6.50901803607214
696,302,6.66666666666667,6.2682119205298,998,6.54609218436874
700,297,6.70714285714286,6.24579124579125,997,6.56970912738215
698,299,6.63753581661891,6.26086956521739,997,6.52457372116349
706,292,6.70396600566572,6.26712328767123,998,6.57615230460922
710,288,6.72676056338028,6.24305555555556,998,6.58717434869739
707,292,6.73125884016973,6.27397260273973,999,6.5975975975976
714,285,6.71848739495798,6.35789473684211,999,6.61561561561562
715,283,6.73426573426573,6.48056537102473,998,6.6623246492986
707,291,6.7015558698727,6.40893470790378,998,6.61623246492986
713,286,6.73772791023843,6.40909090909091,999,6.64364364364364
704,291,6.734375,6.47079037800687,995,6.6572864321608
711,288,6.74683544303798,6.48611111111111,999,6.67167167167167
713,285,6.7194950911641,6.44210526315789,998,6.64028056112224
708,291,6.73587570621469,6.48797250859107,999,6.66366366366366
715,284,6.71888111888112,6.53169014084507,999,6.66566566566567
708,291,6.7316384180791,6.50171821305842,999,6.66466466466466
708,290,6.76412429378531,6.51034482758621,998,6.69038076152305
717,281,6.71827057182706,6.53380782918149,998,6.66633266533066
712,287,6.70365168539326,6.52613240418119,999,6.65265265265265
708,289,6.6864406779661,6.51557093425606,997,6.63691073219659
708,291,6.64406779661017,6.48109965635739,999,6.5965965965966
710,289,6.64647887323944,6.45674740484429,999,6.59159159159159
718,280,6.66852367688022,6.44642857142857,998,6.6062124248497
717,281,6.70153417015342,6.48754448398576,998,6.64128256513026
732,267,6.69535519125683,6.50561797752809,999,6.64464464464464
729,269,6.64609053497942,6.50185873605948,998,6.60721442885772
730,268,6.63287671232877,6.49253731343284,998,6.59519038076152
737,261,6.60244233378562,6.54406130268199,998,6.58717434869739
729,270,6.62002743484225,6.51111111111111,999,6.59059059059059
730,266,6.63972602739726,6.46240601503759,996,6.59236947791165
737,262,6.640434192673,6.45038167938931,999,6.59059059059059
738,261,6.65176151761518,6.4367816091954,999,6.5955955955956
736,261,6.65217391304348,6.4367816091954,997,6.59578736208626
732,266,6.67349726775956,6.36466165413534,998,6.59118236472946
729,270,6.64746227709191,6.38518518518519,999,6.57657657657658
721,277,6.6504854368932,6.31407942238267,998,6.55711422845691
731,267,6.58686730506156,6.29962546816479,998,6.51002004008016
728,267,6.5782967032967,6.28089887640449,995,6.49849246231156
732,267,6.57103825136612,6.28464419475655,999,6.49449449449449
722,276,6.58171745152355,6.38405797101449,998,6.52705410821643
723,276,6.56846473029046,6.32608695652174,999,6.5015015015015
730,268,6.55342465753425,6.3134328358209,998,6.48897795591182
723,276,6.52005532503458,6.28623188405797,999,6.45545545545546
726,273,6.54820936639118,6.36996336996337,999,6.4994994994995
729,268,6.52949245541838,6.37686567164179,997,6.48846539618857
732,265,6.6051912568306,6.3811320754717,997,6.5456369107322
720,279,6.575,6.32616487455197,999,6.50550550550551
725,273,6.55172413793103,6.2967032967033,998,6.48196392785571
725,273,6.59172413793103,6.24908424908425,998,6.49799599198397
717,281,6.6234309623431,6.24555160142349,998,6.51703406813627
721,277,6.62968099861304,6.22743682310469,998,6.51803607214429
713,284,6.63534361851332,6.35211267605634,997,6.55466399197593
721,278,6.55339805825243,6.34532374100719,999,6.4954954954955
718,277,6.58077994428969,6.49819494584838,995,6.55778894472362
719,279,6.60917941585535,6.53405017921147,998,6.58817635270541
717,281,6.65969316596932,6.53380782918149,998,6.62424849699399
725,273,6.68275862068965,6.38461538461539,998,6.60120240480962
732,267,6.61748633879781,6.37827715355805,999,6.55355355355355
726,273,6.66253443526171,6.43223443223443,999,6.5995995995996
731,268,6.64705882352941,6.3955223880597,999,6.57957957957958
730,267,6.5986301369863,6.39700374531835,997,6.54463390170512
728,271,6.60851648351648,6.39114391143911,999,6.54954954954955
721,278,6.64493758668516,6.43884892086331,999,6.58758758758759
723,276,6.63485477178423,6.3695652173913,999,6.56156156156156
724,274,6.60911602209945,6.42335766423358,998,6.55811623246493
722,276,6.67728531855956,6.40217391304348,998,6.60120240480962
727,271,6.67125171939477,6.42435424354244,998,6.60420841683367
