forward_num,reverse_num,forward_rate,reverse_rate,organism_num,organism_rate
500,500,5.5,5.5,1000,5.5
494,496,5.48380566801619,5.52016129032258,990,5.5020202020202
491,494,5.4949083503055,5.52226720647773,985,5.50862944162437
542,454,5.99077490774908,5.47797356828194,996,5.7570281124498
577,421,6.1629116117851,5.50593824228029,998,5.88577154308617
620,379,6.35161290322581,5.46437994722955,999,6.01501501501502
655,344,6.37251908396947,5.52906976744186,999,6.08208208208208
655,343,6.33587786259542,5.41107871720117,998,6.01803607214429
681,318,6.47723935389134,5.52201257861635,999,6.17317317317317
705,291,6.50070921985816,5.55670103092783,996,6.22489959839357
671,328,6.54694485842027,5.38414634146341,999,6.16516516516517
697,301,6.31563845050215,5.35880398671096,998,6.02705410821643
701,298,6.49358059914408,5.10402684563758,999,6.07907907907908
680,318,6.53970588235294,5.10691823899371,998,6.08316633266533
672,327,6.58035714285714,5.3302752293578,999,6.17117117117117
666,333,6.64414414414414,5.68468468468468,999,6.32432432432432
683,316,6.75549048316252,5.75316455696202,999,6.43843843843844
668,331,6.80089820359281,5.8821752265861,999,6.4964964964965
651,347,6.82334869431644,6.14697406340058,998,6.58817635270541
666,333,6.88738738738739,6.13513513513514,999,6.63663663663664
652,347,6.94171779141104,6.40634005763689,999,6.75575575575576
669,330,6.7473841554559,6.37878787878788,999,6.62562562562563
668,329,6.93413173652695,6.41945288753799,997,6.76429287863591
653,345,6.93108728943338,6.35072463768116,998,6.73046092184369
649,347,6.91987673343606,6.39769452449568,996,6.73795180722892
666,331,7.01501501501502,6.55891238670695,997,6.86359077231695
663,334,7.01659125188537,6.60778443113772,997,6.87963891675025
670,329,7.05373134328358,6.54103343465046,999,6.88488488488488
676,323,6.98076923076923,6.65634674922601,999,6.87587587587588
670,329,7.07164179104478,6.5258358662614,999,6.89189189189189
651,348,7.14746543778802,6.5632183908046,999,6.94394394394394
668,330,7.09730538922156,6.52424242424242,998,6.90781563126253
675,321,7.15703703703704,6.62305295950156,996,6.98493975903614
675,321,7.20888888888889,6.57943925233645,996,7.00602409638554
667,331,7.23388305847076,6.66163141993958,998,7.04408817635271
665,334,7.2390977443609,6.75449101796407,999,7.07707707707708
655,344,7.31145038167939,6.78779069767442,999,7.13113113113113
649,350,7.24345146379045,6.8,999,7.08808808808809
662,336,7.24622356495468,6.86309523809524,998,7.11723446893788
649,348,7.36209553158706,6.91666666666667,997,7.20661985957874
649,350,7.46687211093991,6.88285714285714,999,7.26226226226226
653,346,7.37519142419602,6.85838150289017,999,7.1961961961962
654,344,7.41896024464832,6.93023255813953,998,7.25050100200401
651,348,7.47926267281106,6.94827586206897,999,7.29429429429429
650,348,7.46461538461538,6.95689655172414,998,7.2875751503006
657,340,7.45966514459665,6.97352941176471,997,7.2938816449348
660,338,7.45909090909091,6.94970414201183,998,7.28657314629258
649,349,7.44838212634823,6.87965616045845,998,7.24949899799599
662,337,7.49848942598187,6.92284866468843,999,7.3043043043043
662,337,7.5166163141994,7.0,999,7.34234234234234
660,338,7.6,7.03550295857988,998,7.40881763527054
647,350,7.629057187017,7.08571428571429,997,7.4383149448345
640,359,7.703125,7.05292479108635,999,7.46946946946947
633,364,7.76777251184834,7.12912087912088,997,7.5346038114343
640,358,7.7421875,7.20391061452514,998,7.54909819639279
638,360,7.71003134796238,7.24722222222222,998,7.54308617234469
640,359,7.7734375,7.27298050139276,999,7.59359359359359
631,367,7.77654516640254,7.26702997275204,998,7.58917835671343
642,357,7.73208722741433,7.33333333333333,999,7.58958958958959
643,356,7.75116640746501,7.38483146067416,999,7.62062062062062
632,367,7.75158227848101,7.32697547683924,999,7.5955955955956
640,358,7.7640625,7.32960893854749,998,7.60821643286573
649,349,7.78120184899846,7.38968481375358,998,7.64428857715431
650,348,7.81230769230769,7.35344827586207,998,7.65230460921844
647,352,7.81143740340031,7.35227272727273,999,7.64964964964965
645,353,7.84496124031008,7.3399433427762,998,7.66633266533066
652,345,7.84662576687117,7.34202898550725,997,7.67201604814443
653,346,7.84073506891271,7.39595375722543,999,7.68668668668669
654,345,7.90061162079511,7.39710144927536,999,7.72672672672673
652,347,7.88957055214724,7.44092219020173,999,7.73373373373373
639,358,7.93896713615023,7.39944134078212,997,7.74523570712136
643,353,7.9751166407465,7.40509915014164,996,7.77309236947791
649,349,7.97842835130971,7.45558739255014,998,7.79559118236473
648,351,8.00771604938272,7.52136752136752,999,7.83683683683684
649,350,7.97072419106317,7.55714285714286,999,7.82582582582583
644,355,7.95186335403727,7.6056338028169,999,7.82882882882883
644,355,7.97670807453416,7.67323943661972,999,7.86886886886887
647,351,8.0015455950541,7.7008547008547,998,7.89579158316633
636,362,7.96069182389937,7.73204419889503,998,7.87775551102204
639,359,7.96557120500782,7.74651810584958,998,7.88677354709419
631,365,7.98573692551506,7.79452054794521,996,7.91566265060241
641,358,8.02340093603744,7.77374301675978,999,7.93393393393393
640,359,8.05625,7.80779944289694,999,7.96696696696697
639,359,8.03599374021909,7.84958217270195,998,7.9689378757515
642,357,8.00311526479751,7.91316526610644,999,7.97097097097097
630,368,7.99365079365079,7.91847826086957,998,7.96593186372746
623,374,7.98234349919743,7.96791443850267,997,7.97693079237713
625,372,8.0,8.02688172043011,997,8.01003009027081
622,375,8.06270096463023,8.048,997,8.05717151454363
622,376,8.07073954983923,8.06117021276596,998,8.06713426853707
626,371,8.10543130990415,8.09703504043127,997,8.10230692076229
617,379,8.11021069692058,8.04485488126649,996,8.08534136546185
634,363,8.14511041009464,8.06887052341598,997,8.1173520561685
634,365,8.15772870662461,8.12876712328767,999,8.14714714714715
643,355,8.22395023328149,8.22535211267606,998,8.22444889779559
638,361,8.23824451410658,8.28254847645429,999,8.25425425425425
645,354,8.2062015503876,8.27683615819209,999,8.23123123123123
639,359,8.21596244131455,8.26462395543176,998,8.23346693386774
631,368,8.22503961965135,8.25271739130435,999,8.23523523523524
638,361,8.21316614420063,8.30747922437673,999,8.24724724724725
638,361,8.23667711598746,8.29639889196676,999,8.25825825825826
640,358,8.24375,8.3463687150838,998,8.28056112224449
634,365,8.23501577287066,8.41917808219178,999,8.3023023023023
637,360,8.22605965463108,8.44722222222222,997,8.30591775325978
626,373,8.21246006389776,8.46112600536193,999,8.30530530530531
626,370,8.18849840255591,8.4027027027027,996,8.26807228915663
634,365,8.2018927444795,8.38630136986301,999,8.26926926926927
641,355,8.23088923556942,8.40281690140845,996,8.29216867469879
647,352,8.22565687789799,8.44318181818182,999,8.3023023023023
649,350,8.28813559322034,8.37428571428571,999,8.31831831831832
642,356,8.27881619937695,8.40730337078652,998,8.32464929859719
650,348,8.27076923076923,8.39080459770115,998,8.312625250501
663,336,8.24585218702866,8.37202380952381,999,8.28828828828829
676,323,8.2810650887574,8.30340557275542,999,8.28828828828829
669,330,8.33931240657698,8.25757575757576,999,8.31231231231231
677,322,8.37223042836041,8.26086956521739,999,8.33633633633634
676,320,8.39644970414201,8.26875,996,8.35542168674699
686,313,8.39941690962099,8.29073482428115,999,8.36536536536537
684,314,8.40643274853801,8.37261146496815,998,8.39579158316633
693,306,8.45743145743146,8.43464052287582,999,8.45045045045045
691,307,8.4616497829233,8.47557003257329,998,8.46593186372746
689,309,8.4455732946299,8.50809061488673,998,8.46492985971944
692,305,8.46242774566474,8.55409836065574,997,8.49047141424273
690,309,8.51594202898551,8.55987055016181,999,8.52952952952953
694,305,8.5014409221902,8.55409836065574,999,8.51751751751752
702,296,8.49287749287749,8.59459459459459,998,8.52304609218437
698,301,8.49570200573066,8.59800664451827,999,8.52652652652653
697,302,8.48206599713056,8.66225165562914,999,8.53653653653654
695,303,8.47913669064748,8.59075907590759,998,8.51302605210421
688,311,8.47238372093023,8.57877813504823,999,8.50550550550551
693,306,8.48051948051948,8.60457516339869,999,8.51851851851852
680,319,8.50294117647059,8.63322884012539,999,8.54454454454454
673,326,8.55423476968796,8.67484662576687,999,8.59359359359359
671,326,8.54545454545454,8.65030674846626,997,8.57973921765296
679,318,8.58615611192931,8.63836477987421,997,8.60280842527583
687,312,8.6098981077147,8.6474358974359,999,8.62162162162162
688,311,8.59883720930233,8.64951768488746,999,8.61461461461461
687,311,8.64628820960699,8.64308681672026,998,8.64529058116232
690,308,8.65072463768116,8.63636363636364,998,8.64629258517034
685,314,8.69343065693431,8.58917197452229,999,8.66066066066066
683,315,8.7086383601757,8.53650793650794,998,8.65430861723447
689,309,8.71117561683599,8.6084142394822,998,8.67935871743487
684,315,8.75438596491228,8.59365079365079,999,8.7037037037037
680,318,8.78382352941176,8.55345911949686,998,8.71042084168337
681,317,8.80910425844347,8.61829652996845,998,8.74849699398798
685,313,8.83211678832117,8.60063897763578,998,8.75951903807615
689,308,8.8577648766328,8.6525974025974,997,8.79438314944835
687,309,8.86754002911208,8.61488673139159,996,8.78915662650602
691,307,8.83791606367583,8.67100977198697,998,8.78657314629259
685,314,8.86131386861314,8.63694267515924,999,8.79079079079079
676,321,8.87721893491124,8.62616822429907,997,8.79638916750251
694,304,8.88904899135447,8.71052631578947,998,8.83466933867735
689,310,8.88243831640058,8.67741935483871,999,8.81881881881882
690,309,8.92608695652174,8.68284789644013,999,8.85085085085085
693,306,8.92929292929293,8.71241830065359,999,8.86286286286286
688,311,8.92441860465116,8.72668810289389,999,8.86286286286286
696,302,8.90229885057471,8.71854304635762,998,8.84669338677355
691,308,8.91461649782923,8.75,999,8.86386386386386
689,310,8.90275761973875,8.76451612903226,999,8.85985985985986
691,308,8.90303907380608,8.7987012987013,999,8.87087087087087
696,302,8.8735632183908,8.8112582781457,998,8.85470941883768
695,304,8.8589928057554,8.83881578947368,999,8.85285285285285
695,304,8.87482014388489,8.9078947368421,999,8.88488488488488
697,301,8.8622668579627,8.96345514950166,998,8.89278557114229
698,298,8.82091690544413,8.98657718120805,996,8.87048192771084
692,305,8.83381502890173,9.05245901639344,997,8.90070210631896
694,305,8.85014409221902,9.03606557377049,999,8.90690690690691
680,319,8.85882352941177,9.02194357366771,999,8.91091091091091
681,318,8.87371512481645,9.03459119496855,999,8.92492492492492
675,324,8.88444444444444,9.05555555555556,999,8.93993993993994
671,327,8.90312965722802,9.04281345565749,998,8.94889779559118
665,333,8.88270676691729,9.07207207207207,998,8.94589178356713
672,327,8.875,9.07339449541284,999,8.93993993993994
670,329,8.92537313432836,9.08814589665653,999,8.97897897897898
677,320,8.96750369276219,9.06875,997,9.0
675,324,8.96444444444444,9.0462962962963,999,8.99099099099099
675,324,8.97777777777778,9.04320987654321,999,8.998998998999
676,323,8.97041420118343,9.06191950464396,999,9.0
673,326,8.9777117384844,9.0,999,8.98498498498498
673,326,9.0,9.00920245398773,999,9.003003003003
670,329,9.00149253731343,9.00911854103343,999,9.004004004004
669,330,9.00298953662182,9.05757575757576,999,9.02102102102102
668,329,9.01347305389222,9.07294832826748,997,9.03309929789368
663,334,8.98642533936652,9.04491017964072,997,9.00601805416249
653,345,8.99234303215927,9.03478260869565,998,9.00701402805611
655,344,9.01526717557252,9.10755813953488,999,9.04704704704705
647,352,9.01081916537867,9.13636363636364,999,9.05505505505506
647,352,8.99227202472952,9.17045454545454,999,9.05505505505506
643,356,8.98133748055988,9.1685393258427,999,9.04804804804805
641,357,8.96255850234009,9.17086834733893,998,9.03707414829659
639,359,8.96870109546166,9.13649025069638,998,9.02905811623246
639,360,8.95618153364632,9.13888888888889,999,9.02202202202202
640,359,8.9203125,9.13927576601671,999,8.998998998999
634,364,8.94479495268139,9.14285714285714,998,9.01703406813627
631,367,8.9635499207607,9.13896457765668,998,9.02805611222445
633,365,8.92259083728278,9.1972602739726,998,9.02304609218437
631,364,8.90015847860539,9.15934065934066,995,8.99497487437186
630,368,8.91904761904762,9.17119565217391,998,9.01202404809619
633,366,8.90521327014218,9.15846994535519,999,8.997997997998
627,372,8.95534290271132,9.15322580645161,999,9.02902902902903
632,367,8.93987341772152,9.20980926430518,999,9.03903903903904
634,362,8.98107255520505,9.24033149171271,996,9.07530120481928
630,369,8.97936507936508,9.26016260162602,999,9.08308308308308
628,368,8.98566878980892,9.2445652173913,996,9.08132530120482
635,363,8.97637795275591,9.20661157024793,998,9.06012024048096
641,358,8.98595943837753,9.17877094972067,999,9.05505505505506
625,372,9.024,9.18548387096774,997,9.08425275827482
641,358,9.02964118564743,9.20391061452514,999,9.09209209209209
633,366,9.00789889415482,9.21857923497268,999,9.08508508508509
642,357,9.00467289719626,9.20168067226891,999,9.07507507507508
633,366,9.00315955766193,9.23770491803279,999,9.08908908908909
623,376,9.00321027287319,9.21010638297872,999,9.08108108108108
614,385,9.01954397394137,9.24675324675325,999,9.10710710710711
612,387,9.01633986928105,9.24806201550388,999,9.10610610610611
604,392,9.00827814569536,9.25765306122449,996,9.10642570281125
611,388,9.02127659574468,9.25515463917526,999,9.11211211211211
619,380,9.04523424878837,9.25263157894737,999,9.12412412412412
627,372,9.03987240829346,9.23924731182796,999,9.11411411411411
631,367,9.04754358161648,9.22070844686649,998,9.11122244488978
646,353,9.04179566563467,9.19830028328612,999,9.0970970970971
635,362,9.06614173228346,9.18232044198895,997,9.10832497492477
630,368,9.04126984126984,9.17934782608696,998,9.09218436873748
629,370,9.05882352941176,9.22162162162162,999,9.11911911911912
631,368,9.06656101426307,9.22826086956522,999,9.12612612612613
629,369,9.08267090620032,9.26558265582656,998,9.1503006012024
628,371,9.09872611464968,9.25876010781671,999,9.15815815815816
627,372,9.08133971291866,9.24193548387097,999,9.14114114114114
633,366,9.13744075829384,9.27868852459016,999,9.18918918918919
629,368,9.12559618441971,9.28260869565217,997,9.18355065195587
628,371,9.12579617834395,9.28032345013477,999,9.18318318318318
635,364,9.1244094488189,9.29395604395604,999,9.18618618618619
653,346,9.13935681470138,9.28901734104046,999,9.19119119119119
656,343,9.16615853658537,9.28571428571429,999,9.20720720720721
658,339,9.16869300911854,9.32153392330384,997,9.22066198595787
654,345,9.1743119266055,9.31304347826087,999,9.22222222222222
651,347,9.20122887864823,9.31988472622478,998,9.24248496993988
645,353,9.18914728682171,9.31161473087819,998,9.23246492985972
654,345,9.18348623853211,9.32173913043478,999,9.23123123123123
651,348,9.18586789554531,9.33045977011494,999,9.23623623623624
658,340,9.19300911854103,9.32647058823529,998,9.23847695390782
643,354,9.19751166407465,9.30225988700565,997,9.23470411233701
647,351,9.15765069551778,9.32763532763533,998,9.21743486973948
651,347,9.17204301075269,9.34005763688761,998,9.23046092184369
650,349,9.17384615384615,9.32091690544413,999,9.22522522522523
645,352,9.17984496124031,9.34375,997,9.23771313941825
650,349,9.14461538461538,9.36389684813754,999,9.22122122122122
650,348,9.18769230769231,9.38793103448276,998,9.25751503006012
646,352,9.23839009287926,9.38636363636364,998,9.29058116232465
648,351,9.22376543209877,9.38461538461539,999,9.28028028028028
651,345,9.27188940092166,9.40579710144928,996,9.31827309236948
642,355,9.31775700934579,9.4056338028169,997,9.34904714142427
643,354,9.29237947122862,9.40960451977401,997,9.33400200601805
635,361,9.27874015748031,9.40720221606648,996,9.32530120481928
638,361,9.28996865203762,9.40443213296399,999,9.33133133133133
638,361,9.26802507836991,9.42382271468144,999,9.32432432432432
636,363,9.25786163522013,9.39944903581267,999,9.30930930930931
632,367,9.25949367088608,9.44141689373297,999,9.32632632632633
641,356,9.29953198127925,9.46629213483146,997,9.35907723169509
635,364,9.30393700787402,9.45879120879121,999,9.36036036036036
639,360,9.32707355242566,9.42777777777778,999,9.36336336336336
642,356,9.29439252336449,9.43820224719101,998,9.34569138276553
638,361,9.27899686520376,9.43213296398892,999,9.33433433433433
642,357,9.30373831775701,9.46778711484594,999,9.36236236236236
626,372,9.30031948881789,9.48118279569892,998,9.36773547094188
634,365,9.30441640378549,9.49315068493151,999,9.37337337337337
634,364,9.30914826498423,9.50274725274725,998,9.37975951903808
626,373,9.32268370607029,9.50134048257373,999,9.38938938938939
623,375,9.34831460674157,9.496,998,9.40380761523046
626,373,9.34664536741214,9.48793565683646,999,9.3993993993994
625,374,9.3504,9.47326203208556,999,9.3963963963964
620,379,9.32741935483871,9.45910290237467,999,9.37737737737738
625,374,9.3168,9.48395721925134,999,9.37937937937938
625,373,9.3152,9.4798927613941,998,9.37675350701403
617,382,9.33711507293355,9.49476439790576,999,9.3973973973974
617,382,9.31118314424635,9.49476439790576,999,9.38138138138138
613,385,9.32300163132137,9.4987012987013,998,9.39078156312625
608,389,9.32236842105263,9.49357326478149,997,9.38916750250752
598,401,9.31772575250836,9.49875311720698,999,9.39039039039039
584,413,9.32191780821918,9.49878934624697,997,9.39518555667001
581,418,9.32874354561102,9.51196172248804,999,9.40540540540541
575,423,9.32521739130435,9.50591016548463,998,9.40180360721443
579,420,9.32815198618307,9.51904761904762,999,9.40840840840841
579,420,9.30569948186528,9.53333333333333,999,9.4014014014014
592,406,9.32432432432432,9.48768472906404,998,9.39078156312625
594,405,9.31818181818182,9.50864197530864,999,9.3953953953954
587,412,9.32708688245315,9.49514563106796,999,9.3963963963964
593,405,9.34232715008432,9.48395061728395,998,9.3997995991984
597,401,9.33835845896147,9.50872817955112,998,9.40681362725451
590,406,9.34406779661017,9.48522167487685,996,9.40160642570281
597,402,9.35510887772194,9.49751243781095,999,9.41241241241241
599,399,9.35392320534224,9.51629072681704,998,9.4188376753507
601,396,9.34276206322795,9.52272727272727,997,9.41424272818455
597,401,9.34338358458962,9.5286783042394,998,9.41783567134268
611,388,9.34533551554828,9.55670103092783,999,9.42742742742743
608,388,9.35032894736842,9.55412371134021,996,9.42971887550201
610,389,9.34262295081967,9.54755784061697,999,9.42242242242242
605,393,9.35206611570248,9.57251908396947,998,9.43887775551102
613,386,9.35399673735726,9.55181347150259,999,9.43043043043043
613,384,9.31973898858075,9.53125,997,9.4012036108325
622,377,9.31832797427653,9.50397877984085,999,9.38838838838839
623,376,9.30818619582664,9.51595744680851,999,9.38638638638639
624,374,9.29807692307692,9.52941176470588,998,9.38476953907816
599,398,9.30717863105175,9.52010050251256,997,9.39217652958877
604,395,9.31456953642384,9.51392405063291,999,9.39339339339339
597,400,9.31658291457286,9.4975,997,9.38916750250752
599,400,9.32888146911519,9.4625,999,9.38238238238238
596,403,9.32214765100671,9.49131513647643,999,9.39039039039039
597,402,9.34338358458962,9.47512437810945,999,9.3963963963964
582,415,9.38144329896907,9.46024096385542,997,9.41424272818455
586,412,9.38225255972696,9.47330097087379,998,9.41983967935872
586,413,9.35665529010239,9.47215496368039,999,9.4044044044044
581,417,9.38898450946644,9.46762589928058,998,9.42184368737475
574,425,9.37979094076655,9.49176470588235,999,9.42742742742743
581,417,9.39070567986231,9.4916067146283,998,9.43286573146293
582,416,9.39175257731959,9.48798076923077,998,9.43186372745491
586,413,9.39419795221843,9.49394673123487,999,9.43543543543544
586,412,9.40273037542662,9.49029126213592,998,9.43887775551102
587,412,9.41737649063032,9.52669902912621,999,9.46246246246246
588,411,9.42006802721088,9.51094890510949,999,9.45745745745746
587,411,9.4412265758092,9.5352798053528,998,9.47995991983968
596,403,9.43120805369128,9.55831265508685,999,9.48248248248248
589,410,9.44142614601019,9.59024390243902,999,9.5025025025025
589,408,9.45331069609508,9.60539215686275,997,9.51554663991976
582,417,9.45189003436426,9.60671462829736,999,9.51651651651652
584,415,9.45890410958904,9.6,999,9.51751751751752
585,414,9.43931623931624,9.58937198067633,999,9.5015015015015
581,418,9.41480206540447,9.59090909090909,999,9.48848848848849
571,427,9.41330998248687,9.58782201405152,998,9.48797595190381
572,424,9.44755244755245,9.56603773584906,996,9.49799196787149
564,435,9.4645390070922,9.57931034482759,999,9.51451451451451
563,436,9.46714031971581,9.59403669724771,999,9.52252252252252
557,440,9.45062836624776,9.58181818181818,997,9.50852557673019
553,445,9.46835443037975,9.59101123595506,998,9.52304609218437
548,450,9.46350364963504,9.59555555555556,998,9.52304609218437
550,449,9.42727272727273,9.59688195991091,999,9.5035035035035
543,455,9.4475138121547,9.58901098901099,998,9.51202404809619
543,456,9.47329650092081,9.58771929824561,999,9.52552552552553
538,460,9.45539033457249,9.59347826086957,998,9.5190380761523
532,466,9.44548872180451,9.59656652360515,998,9.51603206412826
533,464,9.4390243902439,9.61637931034483,997,9.52156469408225
543,456,9.39410681399632,9.61842105263158,999,9.4964964964965
545,454,9.37981651376147,9.6057268722467,999,9.48248248248248
542,457,9.40590405904059,9.62144420131291,999,9.5045045045045
540,459,9.40925925925926,9.63398692810457,999,9.51251251251251
541,457,9.43253234750462,9.62800875273523,998,9.52204408817635
532,466,9.44548872180451,9.61802575107296,998,9.52605210420842
535,462,9.42803738317757,9.60606060606061,997,9.51053159478435
530,467,9.43207547169811,9.62312633832977,997,9.52156469408225
534,464,9.40074906367041,9.61637931034483,998,9.50100200400802
526,472,9.42775665399239,9.6271186440678,998,9.52204408817635
530,467,9.4377358490566,9.61027837259101,997,9.518555667001
533,465,9.43339587242026,9.61720430107527,998,9.5190380761523
537,460,9.43016759776536,9.65217391304348,997,9.53259779338014
547,452,9.43510054844607,9.6283185840708,999,9.52252252252252
554,445,9.41516245487365,9.63595505617977,999,9.51351351351351
548,448,9.43978102189781,9.60714285714286,996,9.51506024096386
559,439,9.45438282647585,9.60136674259681,998,9.5190380761523
572,426,9.44755244755245,9.63145539906103,998,9.52605210420842
571,426,9.43607705779334,9.64553990610329,997,9.52557673019057
578,421,9.44982698961938,9.6437054631829,999,9.53153153153153
573,426,9.43455497382199,9.64319248826291,999,9.52352352352352
582,417,9.43642611683849,9.63549160671463,999,9.51951951951952
575,422,9.43826086956522,9.64454976303318,997,9.52557673019057
580,419,9.46034482758621,9.63245823389022,999,9.53253253253253
584,415,9.43835616438356,9.63373493975904,999,9.51951951951952
593,405,9.44182124789207,9.63703703703704,998,9.52104208416834
599,400,9.4457429048414,9.655,999,9.52952952952953
595,404,9.45882352941176,9.66089108910891,999,9.54054054054054
604,393,9.45198675496689,9.66412213740458,997,9.53560682046138
597,400,9.44723618090452,9.675,997,9.53861584754263
594,404,9.43771043771044,9.65346534653465,998,9.5250501002004
583,416,9.45283018867925,9.66346153846154,999,9.54054054054054
584,414,9.42465753424658,9.67874396135266,998,9.53006012024048
583,416,9.46826758147513,9.71634615384615,999,9.57157157157157
574,423,9.45296167247387,9.70685579196217,997,9.56068204613842
569,430,9.43409490333919,9.69767441860465,999,9.54754754754755
570,428,9.44912280701754,9.70560747663551,998,9.55911823647295
570,429,9.44035087719298,9.7039627039627,999,9.55355355355355
569,430,9.45869947275923,9.73720930232558,999,9.57857857857858
564,435,9.45567375886525,9.72873563218391,999,9.57457457457457
571,427,9.430823117338,9.71428571428571,998,9.55210420841683
570,429,9.44561403508772,9.72027972027972,999,9.56356356356356
569,430,9.42179261862917,9.71395348837209,999,9.54754754754755
567,432,9.39153439153439,9.71990740740741,999,9.53353353353353
565,433,9.38407079646018,9.72055427251732,998,9.53006012024048
555,444,9.4036036036036,9.72747747747748,999,9.54754754754755
561,438,9.41532976827095,9.70547945205479,999,9.54254254254254
557,442,9.42190305206463,9.69683257918552,999,9.54354354354354
557,441,9.45062836624776,9.72108843537415,998,9.57014028056112
551,448,9.46279491833031,9.72991071428571,999,9.58258258258258
544,453,9.47242647058824,9.70860927152318,997,9.57973921765296
546,452,9.45238095238095,9.69690265486726,998,9.56312625250501
547,451,9.45703839122486,9.70288248337029,998,9.56813627254509
545,454,9.45321100917431,9.70484581497797,999,9.56756756756757
552,446,9.46195652173913,9.72421524663677,998,9.57915831663327
548,450,9.48905109489051,9.72444444444444,998,9.59519038076152
548,450,9.46897810218978,9.72888888888889,998,9.58617234468938
544,454,9.49080882352941,9.73348017621145,998,9.60120240480962
558,440,9.48745519713262,9.73863636363636,998,9.59819639278557
554,444,9.47833935018051,9.75675675675676,998,9.60220440881764
559,440,9.48479427549195,9.75454545454545,999,9.6036036036036
551,448,9.50453720508167,9.77232142857143,999,9.62462462462462
562,437,9.48754448398576,9.77803203661327,999,9.61461461461461
566,433,9.49469964664311,9.77829099307159,999,9.61761761761762
569,430,9.49736379613357,9.77209302325581,999,9.61561561561562
567,432,9.51146384479718,9.75694444444444,999,9.61761761761762
571,426,9.50087565674256,9.78403755868545,997,9.62186559679037
566,431,9.49646643109541,9.78422273781903,997,9.62086258776329
571,427,9.50262697022767,9.7751756440281,998,9.61923847695391
571,428,9.46234676007005,9.7803738317757,999,9.5985985985986
567,431,9.47619047619048,9.79350348027842,998,9.61322645290581
562,435,9.4644128113879,9.79080459770115,997,9.60682046138415
547,449,9.47349177330896,9.79955456570156,996,9.62048192771084
555,444,9.45765765765766,9.79954954954955,999,9.60960960960961
544,454,9.47794117647059,9.80616740088106,998,9.62725450901804
543,455,9.50276243093923,9.80879120879121,998,9.64228456913828
534,465,9.49438202247191,9.81290322580645,999,9.64264264264264
543,454,9.51012891344383,9.80837004405286,997,9.64593781344032
547,450,9.50639853747715,9.8,997,9.63891675025075
549,450,9.48998178506375,9.81555555555556,999,9.63663663663664
547,451,9.48994515539305,9.81152993348115,998,9.63527054108216
548,451,9.51459854014599,9.81152993348115,999,9.64864864864865
553,442,9.50452079566004,9.80769230769231,995,9.6391959798995
559,440,9.52057245080501,9.81136363636364,999,9.64864864864865
559,438,9.50983899821109,9.80593607305936,997,9.63991975927783
557,441,9.5278276481149,9.80725623582766,998,9.65130260521042
554,443,9.51805054151625,9.80361173814898,997,9.64493480441324
564,435,9.51595744680851,9.78850574712644,999,9.63463463463463
564,435,9.52659574468085,9.8,999,9.64564564564565
559,438,9.52772808586762,9.78767123287671,997,9.641925777332
563,436,9.53108348134991,9.78440366972477,999,9.64164164164164
563,434,9.53108348134991,9.78571428571429,997,9.641925777332
560,439,9.5125,9.79271070615034,999,9.63563563563564
557,442,9.48653500897666,9.78280542986425,999,9.61761761761762
546,451,9.48168498168498,9.78048780487805,997,9.61685055165496
548,450,9.50729927007299,9.78222222222222,998,9.6312625250501
543,456,9.49171270718232,9.7609649122807,999,9.61461461461461
550,447,9.50545454545455,9.75167785234899,997,9.61584754262788
544,454,9.52941176470588,9.74449339207048,998,9.62725450901804
539,460,9.53617810760668,9.74782608695652,999,9.63363363363363
545,453,9.53394495412844,9.73730684326711,998,9.62625250501002
539,460,9.52133580705009,9.74782608695652,999,9.62562562562563
533,466,9.52908067542214,9.74678111587983,999,9.63063063063063
529,470,9.5406427221172,9.74042553191489,999,9.63463463463463
522,477,9.53831417624521,9.75890985324948,999,9.64364364364364
531,468,9.52919020715631,9.76495726495727,999,9.63963963963964
537,461,9.54934823091248,9.77006507592191,998,9.65130260521042
542,457,9.53505535055351,9.74617067833698,999,9.63163163163163
536,461,9.5615671641791,9.74837310195228,997,9.64794383149448
542,455,9.58487084870849,9.75824175824176,997,9.66399197592778
543,455,9.56721915285451,9.74285714285714,998,9.64729458917836
546,451,9.57692307692308,9.76718403547672,997,9.6629889669007
542,456,9.5830258302583,9.7609649122807,998,9.66432865731463
540,458,9.57777777777778,9.76855895196507,998,9.66533066132265
534,465,9.56179775280899,9.76774193548387,999,9.65765765765766
533,466,9.55722326454034,9.78111587982833,999,9.66166166166166
538,460,9.57620817843866,9.7804347826087,998,9.67034068136273
539,459,9.55658627087199,9.7843137254902,998,9.66132264529058
543,456,9.57274401473297,9.78508771929824,999,9.66966966966967
543,455,9.56721915285451,9.78021978021978,998,9.66432865731463
544,454,9.55330882352941,9.79735682819383,998,9.66432865731463
537,462,9.54934823091248,9.78787878787879,999,9.65965965965966
542,456,9.56088560885609,9.78508771929824,998,9.66332665330661
541,458,9.56746765249538,9.78384279475983,999,9.66666666666667
543,456,9.55985267034991,9.78508771929824,999,9.66266266266266
550,449,9.56363636363636,9.7706013363029,999,9.65665665665666
550,449,9.58181818181818,9.77505567928731,999,9.66866866866867
554,445,9.55595667870036,9.76404494382022,999,9.64864864864865
555,444,9.57837837837838,9.77252252252252,999,9.66466466466466
560,439,9.59285714285714,9.78587699316629,999,9.67767767767768
563,436,9.58792184724689,9.77752293577982,999,9.67067067067067
571,428,9.60070052539405,9.7803738317757,999,9.67767767767768
578,421,9.59861591695502,9.77672209026128,999,9.67367367367367
590,407,9.59322033898305,9.78378378378378,997,9.67101303911735
584,414,9.60787671232877,9.78502415458937,998,9.6813627254509
591,407,9.61252115059222,9.78624078624079,998,9.68336673346693
586,412,9.61262798634812,9.79854368932039,998,9.68937875751503
595,404,9.62857142857143,9.80940594059406,999,9.7017017017017
588,409,9.62755102040816,9.82151589242054,997,9.70712136409228
591,408,9.63959390862944,9.82352941176471,999,9.71471471471471
596,403,9.6493288590604,9.8287841191067,999,9.72172172172172
604,395,9.64900662251656,9.82278481012658,999,9.71771771771772
606,393,9.64191419141914,9.82188295165394,999,9.71271271271271
609,390,9.64203612479475,9.82051282051282,999,9.71171171171171
613,385,9.6394779771615,9.81298701298701,998,9.7064128256513
622,376,9.64790996784566,9.81648936170213,998,9.71142284569138
624,375,9.65544871794872,9.80533333333333,999,9.71171171171171
625,374,9.6496,9.79946524064171,999,9.70570570570571
625,374,9.6624,9.80748663101604,999,9.71671671671672
626,372,9.67571884984025,9.8010752688172,998,9.72244488977956
625,374,9.6816,9.79946524064171,999,9.72572572572573
618,379,9.68122977346278,9.81002638522427,997,9.73019057171514
615,383,9.68455284552845,9.80939947780679,998,9.73246492985972
617,382,9.69205834683955,9.79842931937173,999,9.73273273273273
608,391,9.69736842105263,9.80306905370844,999,9.73873873873874
604,395,9.70364238410596,9.79746835443038,999,9.74074074074074
602,396,9.72591362126246,9.8030303030303,998,9.7565130260521
603,396,9.7363184079602,9.79545454545454,999,9.75975975975976
599,399,9.73455759599332,9.80701754385965,998,9.76352705410822
597,402,9.7319932998325,9.80348258706468,999,9.76076076076076
585,414,9.74358974358974,9.79468599033816,999,9.76476476476476
587,410,9.75298126064736,9.80243902439024,997,9.77331995987964
585,413,9.74188034188034,9.80145278450363,998,9.76653306613226
584,415,9.74143835616438,9.80481927710843,999,9.76776776776777
576,422,9.74305555555556,9.79620853080569,998,9.76553106212425
575,423,9.75652173913043,9.79905437352246,998,9.77454909819639
574,425,9.74564459930314,9.79529411764706,999,9.76676676676677
565,434,9.73805309734513,9.79723502304148,999,9.76376376376376
568,430,9.72711267605634,9.80697674418605,998,9.76152304609218
561,438,9.72905525846702,9.79908675799087,999,9.75975975975976
557,441,9.73608617594255,9.79818594104308,998,9.76352705410822
547,450,9.73857404021938,9.79333333333333,997,9.76328986960883
540,457,9.74074074074074,9.80087527352298,997,9.76830491474423
538,459,9.74907063197026,9.79738562091503,997,9.77131394182548
532,465,9.75751879699248,9.80430107526882,997,9.77933801404213
533,465,9.75046904315197,9.80645161290323,998,9.77655310621243
541,458,9.75785582255083,9.80786026200873,999,9.78078078078078
547,452,9.73857404021938,9.79867256637168,999,9.76576576576577
555,442,9.75135135135135,9.80090497737557,997,9.77331995987964
553,446,9.73960216998192,9.80044843049327,999,9.76676676676677
554,444,9.73826714801444,9.79279279279279,998,9.7625250501002
558,441,9.74731182795699,9.78004535147392,999,9.76176176176176
559,440,9.73166368515206,9.78409090909091,999,9.75475475475475
553,446,9.73236889692586,9.78699551569507,999,9.75675675675676
554,443,9.72202166064982,9.78781038374718,997,9.75125376128385
563,435,9.7335701598579,9.78390804597701,998,9.75551102204409
558,441,9.7258064516129,9.78684807256236,999,9.75275275275275
550,449,9.74,9.79064587973274,999,9.76276276276276
540,459,9.74074074074074,9.78649237472767,999,9.76176176176176
541,458,9.72273567467652,9.79694323144105,999,9.75675675675676
536,463,9.73694029850746,9.79481641468682,999,9.76376376376376
539,458,9.72356215213358,9.80349344978166,997,9.76028084252758
535,464,9.71214953271028,9.79956896551724,999,9.75275275275275
542,457,9.70110701107011,9.81400437636762,999,9.75275275275275
543,456,9.69981583793738,9.81578947368421,999,9.75275275275275
547,452,9.70749542961609,9.80973451327434,999,9.75375375375375
550,448,9.70545454545455,9.81473214285714,998,9.75450901803607
546,452,9.70695970695971,9.82300884955752,998,9.75951903807615
548,449,9.70620437956204,9.8173719376392,997,9.75626880641926
546,453,9.7032967032967,9.8167770419426,999,9.75475475475475
548,451,9.69890510948905,9.82261640798226,999,9.75475475475475
550,449,9.71272727272727,9.82628062360802,999,9.76376376376376
558,441,9.72401433691756,9.82312925170068,999,9.76776776776777
557,442,9.7342908438061,9.82579185520362,999,9.77477477477477
566,430,9.73498233215548,9.82093023255814,996,9.77208835341365
558,439,9.74014336917563,9.81321184510251,997,9.77231695085256
564,435,9.74113475177305,9.81609195402299,999,9.77377377377377
554,442,9.75270758122744,9.80995475113122,996,9.7781124497992
549,450,9.75956284153006,9.80666666666667,999,9.78078078078078
556,442,9.75719424460432,9.81447963800905,998,9.78256513026052
560,439,9.75357142857143,9.81321184510251,999,9.77977977977978
555,443,9.75855855855856,9.81489841986456,998,9.78356713426854
557,441,9.75763016157989,9.8140589569161,998,9.78256513026052
557,442,9.754039497307,9.82352941176471,999,9.78478478478478
562,437,9.74555160142349,9.82151029748284,999,9.77877877877878
564,434,9.73049645390071,9.82488479262673,998,9.77154308617235
569,430,9.72231985940246,9.83023255813954,999,9.76876876876877
560,436,9.71607142857143,9.83256880733945,996,9.76706827309237
556,442,9.71043165467626,9.8393665158371,998,9.76753507014028
554,445,9.72021660649819,9.8314606741573,999,9.76976976976977
553,445,9.72151898734177,9.83370786516854,998,9.77154308617235
559,440,9.72271914132379,9.825,999,9.76776776776777
562,437,9.73843416370107,9.83295194508009,999,9.77977977977978
554,445,9.73104693140794,9.82696629213483,999,9.77377377377377
558,440,9.72222222222222,9.83409090909091,998,9.77154308617235
562,437,9.72241992882562,9.83295194508009,999,9.77077077077077
567,432,9.7283950617284,9.83101851851852,999,9.77277277277277
573,425,9.72774869109948,9.82117647058823,998,9.76753507014028
573,426,9.72251308900524,9.81220657276995,999,9.76076076076076
574,425,9.71254355400697,9.8,999,9.74974974974975
583,415,9.71012006861064,9.79518072289157,998,9.74549098196393
587,412,9.70357751277683,9.79611650485437,999,9.74174174174174
594,405,9.7020202020202,9.8,999,9.74174174174174
587,412,9.70698466780238,9.79611650485437,999,9.74374374374374
588,409,9.6921768707483,9.77750611246944,997,9.7271815446339
594,405,9.68013468013468,9.78765432098765,999,9.72372372372372
603,395,9.67495854063018,9.79746835443038,998,9.72344689378757
592,405,9.67567567567568,9.80740740740741,997,9.72918756268806
592,406,9.67398648648649,9.81773399014778,998,9.73246492985972
593,405,9.67959527824621,9.81234567901235,998,9.73346693386774
588,411,9.68197278911565,9.81508515815085,999,9.73673673673674
586,413,9.68600682593857,9.82082324455206,999,9.74174174174174
578,420,9.68685121107266,9.82619047619048,998,9.74549098196393
574,425,9.68641114982578,9.83058823529412,999,9.74774774774775
566,433,9.68374558303887,9.82678983833718,999,9.74574574574575
558,439,9.67383512544803,9.83826879271071,997,9.74623871614845
560,438,9.68392857142857,9.83561643835616,998,9.75050100200401
562,437,9.69039145907473,9.82379862700229,999,9.74874874874875
564,435,9.68617021276596,9.82528735632184,999,9.74674674674675
554,445,9.6913357400722,9.82921348314607,999,9.75275275275275
556,443,9.69064748201439,9.81941309255079,999,9.74774774774775
551,448,9.6950998185118,9.82142857142857,999,9.75175175175175
550,449,9.68909090909091,9.80846325167038,999,9.74274274274274
552,447,9.69202898550725,9.8076062639821,999,9.74374374374374
549,449,9.69216757741348,9.78841870824053,998,9.73547094188377
547,452,9.69835466179159,9.78539823008849,999,9.73773773773774
547,450,9.69835466179159,9.77777777777778,997,9.73420260782347
548,449,9.69160583941606,9.77728285077951,997,9.73019057171514
547,452,9.68738574040219,9.78318584070797,999,9.73073073073073
553,446,9.68173598553345,9.78026905829596,999,9.72572572572573
555,443,9.69009009009009,9.79006772009029,998,9.73446893787575
558,440,9.68458781362007,9.79090909090909,998,9.7314629258517
564,435,9.67730496453901,9.79080459770115,999,9.72672672672673
563,435,9.67317939609236,9.80229885057471,998,9.72945891783567
560,439,9.67857142857143,9.81321184510251,999,9.73773773773774
562,436,9.6779359430605,9.80733944954128,998,9.73446893787575
566,433,9.68021201413428,9.81062355658199,999,9.73673673673674
560,438,9.67321428571429,9.81735159817352,998,9.73647294589178
557,441,9.66965888689407,9.82086167800454,998,9.73647294589178
555,443,9.66486486486487,9.81489841986456,998,9.7314629258517
549,450,9.65209471766849,9.81555555555556,999,9.72572572572573
552,447,9.65036231884058,9.81879194630872,999,9.72572572572573
552,445,9.65036231884058,9.80674157303371,997,9.72016048144433
544,455,9.65257352941176,9.8,999,9.71971971971972
536,462,9.65111940298507,9.79004329004329,998,9.71543086172345
536,463,9.6455223880597,9.78185745140389,999,9.70870870870871
528,471,9.64015151515152,9.78768577494692,999,9.70970970970971
523,475,9.63479923518164,9.78947368421053,998,9.70841683366733
517,481,9.63249516441006,9.7983367983368,998,9.7124248496994
513,486,9.63937621832359,9.7880658436214,999,9.71171171171171
508,490,9.65157480314961,9.78979591836735,998,9.71943887775551
503,496,9.66998011928429,9.79233870967742,999,9.73073073073073
496,503,9.6875,9.78330019880716,999,9.73573573573574
500,499,9.698,9.78156312625251,999,9.73973973973974
491,506,9.69042769857434,9.77667984189723,997,9.73420260782347
493,505,9.69168356997972,9.77227722772277,998,9.73246492985972
497,502,9.69014084507042,9.77888446215139,999,9.73473473473473
497,502,9.69416498993964,9.77689243027888,999,9.73573573573574
490,509,9.69591836734694,9.79174852652259,999,9.74474474474474
486,513,9.69958847736626,9.79142300194932,999,9.74674674674675
487,511,9.70020533880903,9.79647749510763,998,9.74949899799599
488,511,9.70081967213115,9.79843444227006,999,9.75075075075075
487,510,9.70020533880903,9.79607843137255,997,9.74924774322969
491,507,9.70061099796334,9.80078895463511,998,9.75150300601202
498,501,9.70080321285141,9.79241516966068,999,9.74674674674675
495,504,9.69494949494949,9.78769841269841,999,9.74174174174174
492,507,9.70528455284553,9.78698224852071,999,9.74674674674675
484,514,9.70247933884298,9.79182879377432,998,9.74849699398798
493,506,9.7079107505071,9.7905138339921,999,9.74974974974975
495,501,9.6969696969697,9.77844311377246,996,9.73795180722892
503,496,9.7037773359841,9.77822580645161,999,9.74074074074074
500,499,9.718,9.78957915831663,999,9.75375375375375
497,502,9.71830985915493,9.79083665338645,999,9.75475475475475
499,500,9.71543086172345,9.778,999,9.74674674674675
505,493,9.71287128712871,9.77281947261663,998,9.74248496993988
500,499,9.728,9.76152304609218,999,9.74474474474474
504,495,9.7281746031746,9.76565656565657,999,9.74674674674675
502,496,9.73705179282869,9.77620967741935,998,9.7565130260521
509,488,9.74459724950884,9.77868852459016,997,9.76128385155466
514,485,9.75486381322957,9.77319587628866,999,9.76376376376376
511,488,9.75342465753425,9.78688524590164,999,9.76976976976977
506,492,9.75691699604743,9.78861788617886,998,9.77254509018036
498,501,9.7429718875502,9.77245508982036,999,9.75775775775776
503,495,9.7455268389662,9.78787878787879,998,9.76653306613226
493,505,9.74036511156187,9.78415841584158,998,9.7625250501002
494,504,9.73481781376518,9.77976190476191,998,9.75751503006012
491,507,9.73523421588595,9.77317554240631,998,9.75450901803607
496,503,9.74193548387097,9.78330019880716,999,9.76276276276276
495,504,9.74747474747475,9.77579365079365,999,9.76176176176176
489,509,9.74642126789366,9.78192534381139,998,9.76452905811623
480,519,9.73958333333333,9.77456647398844,999,9.75775775775776
491,508,9.72708757637475,9.76377952755906,999,9.74574574574575
483,515,9.74327122153209,9.78252427184466,998,9.76352705410822
477,522,9.74633123689727,9.77969348659004,999,9.76376376376376
474,524,9.72995780590717,9.7824427480916,998,9.75751503006012
472,527,9.71398305084746,9.78178368121442,999,9.74974974974975
476,523,9.70798319327731,9.77055449330784,999,9.74074074074074
479,520,9.69311064718163,9.78076923076923,999,9.73873873873874
470,528,9.68723404255319,9.77462121212121,998,9.73346693386774
468,529,9.69444444444444,9.76937618147448,997,9.73420260782347
467,531,9.68736616702355,9.77024482109228,998,9.7314629258517
471,527,9.67940552016985,9.78937381404175,998,9.7374749498998
466,532,9.6824034334764,9.78759398496241,998,9.73847695390782
469,529,9.6865671641791,9.78638941398866,998,9.73947895791583
478,519,9.69037656903766,9.79576107899807,997,9.74523570712136
473,526,9.6892177589852,9.79277566539924,999,9.74374374374374
470,528,9.69787234042553,9.79924242424242,998,9.75150300601202
464,533,9.69396551724138,9.79362101313321,997,9.74724172517553
464,534,9.69396551724138,9.79213483146067,998,9.74649298597194
463,536,9.6976241900648,9.80410447761194,999,9.75475475475475
458,539,9.70524017467249,9.80705009276438,997,9.76028084252758
455,542,9.7054945054945,9.79889298892989,997,9.75626880641926
445,553,9.70112359550562,9.79385171790235,998,9.75250501002004
446,553,9.70179372197309,9.80108499095841,999,9.75675675675676
446,553,9.69058295964126,9.78842676311031,999,9.74474474474474
451,548,9.70509977827051,9.79744525547445,999,9.75575575575576
448,549,9.69419642857143,9.78506375227687,997,9.74423269809428
445,554,9.69213483146067,9.79241877256318,999,9.74774774774775
446,550,9.7085201793722,9.78545454545455,996,9.75100401606426
444,553,9.71846846846847,9.77938517179023,997,9.75225677031093
450,548,9.71777777777778,9.77737226277372,998,9.75050100200401
444,553,9.71396396396396,9.78119349005425,997,9.75125376128385
442,555,9.72398190045249,9.78378378378378,997,9.75727181544634
450,547,9.72444444444444,9.79341864716636,997,9.76228686058175
441,558,9.72562358276644,9.78853046594982,999,9.76076076076076
430,568,9.72558139534884,9.79401408450704,998,9.76452905811623
425,574,9.72941176470588,9.80487804878049,999,9.77277277277277
426,573,9.73474178403756,9.80453752181501,999,9.77477477477477
422,574,9.72037914691943,9.80662020905923,996,9.77008032128514
427,571,9.73067915690867,9.80385288966725,998,9.77254509018036
430,569,9.72558139534884,9.81195079086116,999,9.77477477477477
427,572,9.73770491803279,9.80944055944056,999,9.77877877877878
427,571,9.72365339578454,9.8108581436077,998,9.77354709418838
434,564,9.73271889400922,9.81382978723404,998,9.77855711422846
433,564,9.71593533487298,9.81382978723404,997,9.77131394182548
435,564,9.72413793103448,9.81914893617021,999,9.77777777777778
436,563,9.72247706422018,9.81172291296625,999,9.77277277277277
418,580,9.69856459330144,9.81551724137931,998,9.76653306613226
431,567,9.70533642691415,9.81305114638448,998,9.76653306613226
423,574,9.69267139479905,9.82229965156794,997,9.76730190571715
430,569,9.69767441860465,9.8207381370826,999,9.76776776776777
422,577,9.68483412322275,9.82322357019064,999,9.76476476476476
428,571,9.68691588785047,9.8108581436077,999,9.75775775775776
424,575,9.69103773584906,9.82434782608696,999,9.76776776776777
431,567,9.69141531322506,9.82716049382716,998,9.7685370741483
429,567,9.69463869463869,9.82539682539683,996,9.76907630522088
423,576,9.70685579196217,9.82291666666667,999,9.77377377377377
427,572,9.69086651053864,9.81993006993007,999,9.76476476476476
421,578,9.68646080760095,9.82179930795848,999,9.76476476476476
426,572,9.68544600938967,9.82342657342657,998,9.76452905811623
438,561,9.68721461187215,9.83422459893048,999,9.76976976976977
439,559,9.69020501138952,9.83363148479428,998,9.77054108216433
450,548,9.69777777777778,9.83759124087591,998,9.77454909819639
448,551,9.69196428571429,9.84392014519056,999,9.77577577577578
449,548,9.70155902004454,9.84671532846715,997,9.78134403209629
450,548,9.70444444444444,9.8485401459854,998,9.78356713426854
453,546,9.68432671081678,9.84249084249084,999,9.77077077077077
451,547,9.68292682926829,9.84826325411334,998,9.77354709418838
452,547,9.68141592920354,9.84095063985375,999,9.76876876876877
442,556,9.68778280542986,9.85071942446043,998,9.77855711422846
441,558,9.70521541950113,9.8405017921147,999,9.78078078078078
437,562,9.70938215102975,9.83629893238434,999,9.78078078078078
441,557,9.70521541950113,9.84380610412926,998,9.78256513026052
440,558,9.71363636363636,9.83333333333333,998,9.78056112224449
443,556,9.71106094808126,9.83992805755396,999,9.78278278278278
432,564,9.70833333333333,9.84042553191489,996,9.78313253012048
430,568,9.70232558139535,9.84859154929577,998,9.78557114228457
434,564,9.71658986175115,9.84751773049645,998,9.79058116232465
418,580,9.7177033492823,9.84310344827586,998,9.79058116232465
420,578,9.72619047619048,9.84256055363322,998,9.7935871743487
412,586,9.72330097087379,9.84300341296928,998,9.7935871743487
403,595,9.73697270471464,9.85546218487395,998,9.80761523046092
395,604,9.74683544303798,9.85430463576159,999,9.81181181181181
390,609,9.74615384615385,9.85878489326765,999,9.81481481481481
389,607,9.73778920308483,9.87149917627677,996,9.81927710843373
396,603,9.73989898989899,9.87728026533997,999,9.82282282282282
399,599,9.74436090225564,9.87979966611018,998,9.82565130260521
405,593,9.73827160493827,9.87689713322091,998,9.82064128256513
403,595,9.72704714640198,9.86890756302521,998,9.81162324649299
416,582,9.73798076923077,9.8659793814433,998,9.812625250501
419,580,9.74224343675418,9.86034482758621,999,9.81081081081081
419,580,9.75417661097852,9.8551724137931,999,9.81281281281281
423,575,9.75413711583924,9.85565217391304,998,9.812625250501
430,569,9.75813953488372,9.84885764499121,999,9.80980980980981
427,572,9.75644028103044,9.84965034965035,999,9.80980980980981
431,567,9.76566125290023,9.84832451499118,998,9.812625250501
432,566,9.75925925925926,9.84275618374558,998,9.80661322645291
432,567,9.75694444444444,9.83597883597884,999,9.8018018018018
434,564,9.75576036866359,9.8386524822695,998,9.80260521042084
440,559,9.75909090909091,9.83720930232558,999,9.8028028028028
441,557,9.75963718820862,9.84560143626571,998,9.80761523046092
450,547,9.76,9.82815356489945,997,9.79739217652959
445,553,9.77078651685393,9.8372513562387,998,9.80761523046092
438,561,9.77853881278539,9.83957219251337,999,9.81281281281281
434,564,9.76958525345622,9.84929078014184,998,9.81462925851703
434,565,9.76958525345622,9.85309734513274,999,9.81681681681682
427,571,9.7751756440281,9.85464098073555,998,9.82064128256513
435,563,9.77241379310345,9.85968028419183,998,9.82164328657315
430,568,9.77906976744186,9.85739436619718,998,9.82364729458918
434,564,9.7741935483871,9.85992907801418,998,9.82264529058116
435,564,9.77011494252874,9.86524822695035,999,9.82382382382382
436,562,9.76376146788991,9.87188612099644,998,9.82464929859719
442,556,9.76923076923077,9.87410071942446,998,9.82765531062124
437,560,9.76887871853547,9.86785714285714,997,9.82447342026078
440,559,9.77045454545454,9.86762075134168,999,9.82482482482482
433,565,9.78290993071593,9.86371681415929,998,9.82865731462926
428,570,9.79439252336449,9.85789473684211,998,9.83066132264529
423,573,9.78959810874704,9.86038394415358,996,9.83032128514056
428,571,9.79672897196262,9.86164623467601,999,9.83383383383383
429,570,9.78554778554779,9.86315789473684,999,9.82982982982983
425,573,9.77882352941177,9.86212914485166,998,9.82665330661323
437,561,9.77574370709382,9.8698752228164,998,9.82865731462926
431,567,9.77726218097448,9.87477954144621,998,9.83266533066132
437,562,9.77116704805492,9.88078291814947,999,9.83283283283283
437,560,9.75743707093821,9.88571428571429,997,9.82948846539619
441,557,9.75283446712018,9.88689407540395,998,9.82765531062124
442,556,9.7420814479638,9.89388489208633,998,9.82665330661323
445,554,9.75280898876404,9.89169675090253,999,9.82982982982983
450,548,9.74444444444444,9.88686131386861,998,9.82264529058116
455,542,9.74065934065934,9.88376383763838,997,9.81845536609829
451,545,9.74944567627495,9.88073394495413,996,9.82128514056225
448,549,9.75892857142857,9.87613843351548,997,9.8234704112337
450,549,9.76666666666667,9.87249544626594,999,9.82482482482482
447,551,9.76286353467562,9.86932849364791,998,9.82164328657315
444,555,9.76576576576577,9.88108108108108,999,9.82982982982983
445,554,9.77078651685393,9.87364620938628,999,9.82782782782783
448,551,9.77008928571429,9.87114337568058,999,9.82582582582583
446,551,9.76008968609865,9.87295825771325,997,9.82246740220662
443,555,9.76975169300226,9.87027027027027,998,9.82565130260521
441,556,9.77097505668934,9.87230215827338,997,9.82748244734203
442,557,9.77828054298643,9.8689407540395,999,9.82882882882883
438,561,9.78310502283105,9.8698752228164,999,9.83183183183183
442,555,9.77828054298643,9.86666666666667,997,9.82748244734203
426,573,9.7887323943662,9.8673647469459,999,9.83383383383383
422,576,9.78909952606635,9.86631944444444,998,9.83366733466934
416,583,9.78365384615385,9.86277873070326,999,9.82982982982983
420,578,9.78333333333333,9.87024221453287,998,9.83366733466934
416,583,9.77644230769231,9.87478559176672,999,9.83383383383383
411,588,9.7712895377129,9.88265306122449,999,9.83683683683684
404,593,9.77475247524752,9.87183811129848,997,9.83249749247743
403,596,9.7741935483871,9.8741610738255,999,9.83383383383383
409,590,9.75305623471883,9.8728813559322,999,9.82382382382382
407,592,9.75675675675676,9.86655405405405,999,9.82182182182182
415,584,9.75421686746988,9.87328767123288,999,9.82382382382382
404,594,9.75990099009901,9.87037037037037,998,9.82565130260521
405,594,9.75802469135802,9.87037037037037,999,9.82482482482482
399,600,9.7593984962406,9.87333333333333,999,9.82782782782783
396,601,9.75757575757576,9.88186356073211,997,9.83249749247743
402,596,9.74378109452736,9.88087248322148,998,9.82565130260521
412,585,9.75970873786408,9.88717948717949,997,9.8345035105316
409,589,9.75794621026895,9.87775891341256,998,9.82865731462926
411,587,9.76642335766423,9.87734241908007,998,9.83166332665331
413,586,9.75060532687651,9.87883959044369,999,9.82582582582583
408,591,9.77450980392157,9.87817258883249,999,9.83583583583584
408,590,9.77205882352941,9.87966101694915,998,9.83567134268537
408,591,9.77450980392157,9.87140439932318,999,9.83183183183183
409,589,9.76528117359413,9.87606112054329,998,9.83066132264529
421,578,9.7624703087886,9.88235294117647,999,9.83183183183183
413,583,9.75786924939467,9.87478559176672,996,9.82630522088353
414,585,9.75845410628019,9.86666666666667,999,9.82182182182182
413,582,9.75544794188862,9.8573883161512,995,9.81507537688442
418,581,9.76076555023923,9.85542168674699,999,9.81581581581582
422,575,9.760663507109,9.85739130434783,997,9.81644934804413
421,578,9.75771971496437,9.85813148788927,999,9.81581581581582
429,569,9.75990675990676,9.85940246045694,998,9.81663326653307
432,567,9.76388888888889,9.85890652557319,999,9.81781781781782
435,563,9.75172413793103,9.86145648312611,998,9.81362725450902
435,564,9.74712643678161,9.85992907801418,999,9.81081081081081
437,562,9.74828375286041,9.86298932384342,999,9.81281281281281
434,563,9.76036866359447,9.85968028419183,997,9.81644934804413
427,569,9.75644028103044,9.87170474516696,996,9.82228915662651
425,574,9.75058823529412,9.87630662020906,999,9.82282282282282
427,571,9.75409836065574,9.87740805604203,998,9.82464929859719
429,569,9.75757575757576,9.87873462214411,998,9.82665330661323
427,571,9.75644028103044,9.88791593695271,998,9.83166332665331
425,574,9.76941176470588,9.87804878048781,999,9.83183183183183
417,581,9.77458033573141,9.88296041308089,998,9.8376753507014
423,574,9.78250591016548,9.88501742160279,997,9.84152457372116
421,577,9.79334916864608,9.87694974003466,998,9.84168336673347
417,580,9.79616306954436,9.87931034482759,997,9.84453360080241
407,590,9.78624078624079,9.8728813559322,997,9.83751253761284
411,584,9.79075425790754,9.87157534246575,995,9.83819095477387
409,589,9.78484107579462,9.88794567062818,998,9.84569138276553
408,589,9.78921568627451,9.88624787775891,997,9.84653961885657
406,593,9.78817733990148,9.89881956155143,999,9.85385385385385
403,596,9.7741935483871,9.89765100671141,999,9.84784784784785
405,594,9.77530864197531,9.9006734006734,999,9.84984984984985
409,589,9.7799511002445,9.91171477079796,998,9.85771543086172
410,587,9.77073170731707,9.91311754684838,997,9.85456369107322
413,585,9.78692493946731,9.91111111111111,998,9.85971943887776
418,581,9.7799043062201,9.90017211703959,999,9.84984984984985
418,579,9.77511961722488,9.9119170984456,997,9.85456369107322
428,571,9.76869158878505,9.91243432574431,999,9.85085085085085
419,580,9.77565632458234,9.90689655172414,999,9.85185185185185
418,580,9.7799043062201,9.9051724137931,998,9.85270541082164
422,576,9.77488151658768,9.90277777777778,998,9.84869739478958
422,574,9.78199052132701,9.90418118466899,996,9.85240963855422
430,568,9.77674418604651,9.89964788732394,998,9.84669338677355
438,560,9.78082191780822,9.90357142857143,998,9.8496993987976
438,561,9.78995433789954,9.89839572192513,999,9.85085085085085
438,561,9.78538812785388,9.89661319073084,999,9.84784784784785
445,554,9.77752808988764,9.89350180505415,999,9.84184184184184
447,552,9.77181208053691,9.89492753623188,999,9.83983983983984
443,556,9.7765237020316,9.88848920863309,999,9.83883883883884
441,558,9.76643990929705,9.88172043010753,999,9.83083083083083
445,554,9.7685393258427,9.88628158844765,999,9.83383383383383
451,548,9.75388026607539,9.88503649635036,999,9.82582582582583
445,553,9.76179775280899,9.89330922242315,998,9.83466933867735
446,551,9.76681614349776,9.89110707803993,997,9.83550651955868
445,554,9.75955056179775,9.88447653429603,999,9.82882882882883
443,555,9.7607223476298,9.89009009009009,998,9.83266533066132
441,555,9.74829931972789,9.88288288288288,996,9.82329317269076
445,552,9.74606741573034,9.88586956521739,997,9.8234704112337
456,542,9.74122807017544,9.87453874538745,998,9.81362725450902
454,543,9.74669603524229,9.88397790055249,997,9.82146439317954
449,549,9.74164810690423,9.88706739526412,998,9.82164328657315
447,551,9.74944071588367,9.8929219600726,998,9.82865731462926
437,562,9.75057208237986,9.89679715302491,999,9.83283283283283
428,570,9.76168224299065,9.89824561403509,998,9.83967935871743
416,583,9.75961538461539,9.89193825042882,999,9.83683683683684
422,577,9.77014218009479,9.89428076256499,999,9.84184184184184
411,587,9.7712895377129,9.89267461669506,998,9.84268537074148
417,582,9.76258992805755,9.89347079037801,999,9.83883883883884
419,579,9.77804295942721,9.89464594127807,998,9.84569138276553
419,580,9.77326968973747,9.89655172413793,999,9.84484484484484
413,586,9.77481840193705,9.90102389078498,999,9.84884884884885
405,592,9.78518518518518,9.89527027027027,997,9.85055165496489
413,586,9.77966101694915,9.89761092150171,999,9.84884884884885
412,584,9.77427184466019,9.89212328767123,996,9.8433734939759
412,586,9.75970873786408,9.89761092150171,998,9.84068136272545
426,572,9.76760563380282,9.89685314685315,998,9.84168336673347
424,573,9.75707547169811,9.89877835951134,997,9.83851554663992
425,574,9.76,9.9006968641115,999,9.84084084084084
425,573,9.75294117647059,9.89179755671902,998,9.83266533066132
436,562,9.75917431192661,9.88967971530249,998,9.83266533066132
430,569,9.76046511627907,9.88927943760984,999,9.83383383383383
427,570,9.76112412177986,9.8859649122807,997,9.83249749247743
428,571,9.76168224299065,9.88266199649737,999,9.83083083083083
423,574,9.77068557919622,9.87979094076655,997,9.83350050150451
419,580,9.77326968973747,9.87931034482759,999,9.83483483483483
422,576,9.77488151658768,9.875,998,9.83266533066132
414,585,9.79227053140097,9.87692307692308,999,9.84184184184184
407,592,9.79115479115479,9.87668918918919,999,9.84184184184184
410,588,9.79024390243903,9.87755102040816,998,9.84168336673347
417,582,9.77697841726619,9.8659793814433,999,9.82882882882883
413,586,9.77966101694915,9.86860068259386,999,9.83183183183183
411,588,9.78832116788321,9.8656462585034,999,9.83383383383383
420,578,9.78333333333333,9.87024221453287,998,9.83366733466934
419,578,9.78520286396181,9.87024221453287,997,9.8345035105316
420,578,9.79285714285714,9.86332179930796,998,9.83366733466934
412,587,9.80582524271845,9.86371379897785,999,9.83983983983984
421,577,9.80047505938242,9.86481802426343,998,9.8376753507014
419,578,9.79713603818616,9.87024221453287,997,9.839518555667
423,574,9.80141843971631,9.86062717770035,997,9.83550651955868
422,575,9.80568720379147,9.85739130434783,997,9.83550651955868
423,575,9.81087470449173,9.85739130434783,998,9.8376753507014
418,581,9.80861244019139,9.86230636833047,999,9.83983983983984
417,581,9.82973621103118,9.8605851979346,998,9.84769539078156
433,566,9.81986143187067,9.86749116607774,999,9.84684684684685
432,566,9.82407407407407,9.86925795053004,998,9.8496993987976
438,561,9.81278538812785,9.8680926916221,999,9.84384384384384
426,572,9.81924882629108,9.87062937062937,998,9.84869739478958
420,577,9.82619047619048,9.8734835355286,997,9.85356068204614
433,566,9.83140877598152,9.86749116607774,999,9.85185185185185
429,570,9.82983682983683,9.87894736842105,999,9.85785785785786
434,564,9.82027649769585,9.88120567375887,998,9.85470941883768
434,564,9.80875576036866,9.89539007092199,998,9.85771543086172
436,563,9.80045871559633,9.89520426287744,999,9.85385385385385
442,556,9.80316742081448,9.89568345323741,998,9.85470941883768
448,550,9.79464285714286,9.89454545454545,998,9.8496993987976
443,556,9.79232505643341,9.88489208633094,999,9.84384384384384
437,562,9.79405034324943,9.8914590747331,999,9.84884884884885
437,562,9.79633867276888,9.88434163701068,999,9.84584584584585
438,561,9.79680365296804,9.88235294117647,999,9.84484484484484
436,562,9.78899082568807,9.88434163701068,998,9.84268537074148
438,560,9.78995433789954,9.88392857142857,998,9.84268537074148
443,554,9.78555304740406,9.88086642599278,997,9.83851554663992
442,556,9.79185520361991,9.8794964028777,998,9.84068136272545
445,554,9.79775280898876,9.87184115523466,999,9.83883883883884
455,543,9.7956043956044,9.86740331491713,998,9.83466933867735
453,545,9.7924944812362,9.86788990825688,998,9.83366733466934
459,540,9.79302832244009,9.87037037037037,999,9.83483483483483
454,544,9.78854625550661,9.87316176470588,998,9.83466933867735
456,543,9.78508771929824,9.86924493554328,999,9.83083083083083
460,539,9.79565217391304,9.87012987012987,999,9.83583583583584
461,537,9.77223427331887,9.86778398510242,998,9.82364729458918
461,537,9.77440347071584,9.87150837988827,998,9.82665330661323
465,533,9.7741935483871,9.87054409005628,998,9.82565130260521
463,534,9.76889848812095,9.86704119850187,997,9.82146439317954
466,532,9.76394849785408,9.86842105263158,998,9.81963927855711
466,533,9.75751072961373,9.87429643527205,999,9.81981981981982
466,533,9.75965665236052,9.87617260787992,999,9.82182182182182
454,545,9.75550660792952,9.87155963302752,999,9.81881881881882
457,542,9.76148796498906,9.86531365313653,999,9.81781781781782
457,541,9.7527352297593,9.86691312384473,998,9.81462925851703
454,544,9.75770925110132,9.86029411764706,998,9.81362725450902
450,549,9.74666666666667,9.85428051001822,999,9.80580580580581
448,551,9.74330357142857,9.85480943738657,999,9.8048048048048
450,549,9.74444444444444,9.86703096539162,999,9.81181181181181
449,550,9.73942093541203,9.87090909090909,999,9.81181181181181
450,548,9.73777777777778,9.87043795620438,998,9.81062124248497
446,552,9.72869955156951,9.8713768115942,998,9.80761523046092
445,554,9.73483146067416,9.87545126353791,999,9.81281281281281
447,552,9.73601789709172,9.88586956521739,999,9.81881881881882
447,552,9.72930648769575,9.89492753623188,999,9.82082082082082
457,542,9.73741794310722,9.89483394833948,999,9.82282282282282
457,542,9.75054704595186,9.8929889298893,999,9.82782782782783
465,532,9.75483870967742,9.89285714285714,997,9.82848545636911
469,530,9.76119402985075,9.88490566037736,999,9.82682682682683
466,533,9.76609442060086,9.89305816135084,999,9.83383383383383
470,528,9.75744680851064,9.89015151515152,998,9.82765531062124
466,533,9.75321888412017,9.88180112570356,999,9.82182182182182
472,525,9.75635593220339,9.88952380952381,997,9.82647943831494
475,523,9.74947368421053,9.89292543021032,998,9.82464929859719
475,523,9.75578947368421,9.89483747609943,998,9.82865731462926
479,520,9.75156576200417,9.89230769230769,999,9.82482482482482
480,518,9.74791666666667,9.88996138996139,998,9.82164328657315
487,511,9.75359342915811,9.89041095890411,998,9.82364729458918
484,514,9.75826446280992,9.8852140077821,998,9.82364729458918
493,506,9.74645030425964,9.87944664031621,999,9.81381381381381
493,506,9.74847870182556,9.87944664031621,999,9.81481481481481
482,516,9.74688796680498,9.87790697674419,998,9.81462925851703
488,511,9.74590163934426,9.87279843444227,999,9.81081081081081
479,519,9.74112734864301,9.86897880539499,998,9.80761523046092
476,522,9.72899159663866,9.8735632183908,998,9.80460921843687
472,526,9.71822033898305,9.87262357414449,998,9.79959919839679
472,527,9.70974576271187,9.87096774193548,999,9.79479479479479
473,526,9.71035940803383,9.8745247148289,999,9.7967967967968
465,534,9.71827956989247,9.88202247191011,999,9.80580580580581
466,533,9.71673819742489,9.8874296435272,999,9.80780780780781
462,537,9.73809523809524,9.88454376163873,999,9.81681681681682
