forward_num,reverse_num,forward_rate,reverse_rate,organism_num,organism_rate
50,50,5.5,5.5,100,5.5
61,61,5.78688524590164,5.78688524590164,122,5.78688524590164
76,75,6.02631578947368,6.16,151,6.09271523178808
94,90,6.40425531914894,6.26666666666667,184,6.33695652173913
115,119,6.49565217391304,6.53781512605042,234,6.51709401709402
151,139,6.81456953642384,6.67625899280576,290,6.74827586206897
184,180,6.97826086956522,6.96666666666667,364,6.97252747252747
240,229,7.27083333333333,7.14847161572052,469,7.21108742004264
288,291,7.36805555555556,7.37800687285223,579,7.37305699481865
417,389,7.71462829736211,7.56555269922879,806,7.64267990074442
488,466,7.76229508196721,7.67167381974249,954,7.71802935010482
501,498,7.83832335329341,7.74899598393574,999,7.79379379379379
499,498,7.82364729458918,7.69277108433735,997,7.75827482447342
506,492,7.79446640316206,7.71747967479675,998,7.7565130260521
513,485,7.79142300194932,7.76082474226804,998,7.77655310621242
495,503,7.89292929292929,7.76938369781312,998,7.83066132264529
495,502,7.89292929292929,7.77091633466135,997,7.83149448345035
495,504,7.87070707070707,7.81349206349206,999,7.84184184184184
487,511,7.84394250513347,7.8238747553816,998,7.83366733466934
491,507,7.92057026476578,7.82248520710059,998,7.87074148296593
495,504,7.96767676767677,7.92261904761905,999,7.94494494494494
499,498,7.90781563126253,7.96586345381526,997,7.93681043129388
500,498,7.918,8.04216867469879,998,7.97995991983968
497,502,7.93360160965795,8.10358565737052,999,8.01901901901902
488,511,7.94262295081967,8.14285714285714,999,8.04504504504505
490,509,7.87755102040816,8.20039292730845,999,8.04204204204204
480,515,7.92708333333333,8.16893203883495,995,8.05226130653266
478,521,7.96443514644352,8.20153550863724,999,8.08808808808809
478,521,8.0020920502092,8.28214971209213,999,8.14814814814815
483,516,7.99585921325052,8.30813953488372,999,8.15715715715716
477,522,8.0398322851153,8.34865900383142,999,8.2012012012012
479,520,7.99582463465553,8.38846153846154,999,8.2002002002002
485,514,7.96494845360825,8.43385214007782,999,8.20620620620621
474,525,8.00632911392405,8.48190476190476,999,8.25625625625626
482,516,8.03734439834025,8.5484496124031,998,8.30160320641283
480,519,8.04166666666667,8.54720616570328,999,8.3043043043043
472,527,8.08474576271187,8.58254269449715,999,8.34734734734735
464,534,8.11422413793103,8.58801498127341,998,8.36773547094188
470,529,8.14468085106383,8.59546313799622,999,8.38338338338338
465,533,8.09247311827957,8.58161350844278,998,8.35370741482966
474,524,8.17932489451477,8.61259541984733,998,8.40681362725451
462,536,8.18181818181818,8.65485074626866,998,8.43587174348697
465,533,8.22795698924731,8.62851782363978,998,8.44188376753507
467,530,8.21199143468951,8.66037735849057,997,8.45035105315948
475,524,8.21684210526316,8.65648854961832,999,8.44744744744745
476,522,8.19747899159664,8.71264367816092,998,8.46693386773547
484,515,8.2396694214876,8.69514563106796,999,8.47447447447447
478,521,8.30543933054393,8.64299424184261,999,8.48148148148148
472,527,8.34322033898305,8.72865275142315,999,8.54654654654655
467,532,8.33190578158458,8.7406015037594,999,8.54954954954955
467,531,8.3661670235546,8.77212806026365,998,8.58216432865732
463,536,8.37796976241901,8.7705223880597,999,8.58858858858859
455,543,8.41758241758242,8.73664825046041,998,8.59118236472946
453,546,8.47019867549669,8.73992673992674,999,8.61761761761762
463,536,8.50539956803456,8.76305970149254,999,8.64364364364364
467,531,8.51605995717345,8.80225988700565,998,8.66833667334669
474,525,8.4957805907173,8.81333333333333,999,8.66266266266266
476,523,8.52310924369748,8.77629063097514,999,8.65565565565566
486,513,8.4917695473251,8.80116959064327,999,8.65065065065065
485,513,8.50721649484536,8.81481481481481,998,8.66533066132265
490,509,8.56734693877551,8.84086444007858,999,8.70670670670671
487,512,8.58110882956879,8.845703125,999,8.71671671671672
494,504,8.58906882591093,8.82936507936508,998,8.71042084168337
499,499,8.56513026052104,8.83166332665331,998,8.69839679358717
499,499,8.53907815631263,8.7935871743487,998,8.66633266533066
497,502,8.53521126760563,8.84462151394422,999,8.69069069069069
498,500,8.48795180722892,8.858,998,8.67334669338677
493,505,8.50709939148073,8.87722772277228,998,8.69438877755511
498,499,8.49598393574297,8.85971943887776,997,8.67803410230692
499,500,8.49699398797595,8.91,999,8.7037037037037
498,500,8.5,8.924,998,8.7124248496994
493,506,8.47667342799189,8.86561264822134,999,8.67367367367367
491,507,8.4989816700611,8.87376725838264,998,8.68937875751503
484,515,8.54132231404959,8.87184466019417,999,8.71171171171171
486,513,8.51234567901234,8.90058479532164,999,8.71171171171171
489,509,8.52147239263804,8.92927308447937,998,8.72945891783567
481,517,8.54469854469854,8.90715667311412,998,8.73246492985972
484,514,8.56198347107438,8.89688715953307,998,8.73446893787575
487,511,8.57905544147844,8.96673189823875,998,8.77755511022044
486,512,8.6440329218107,8.96875,998,8.81062124248497
477,522,8.63312368972746,8.99616858237548,999,8.82282282282282
485,514,8.6701030927835,8.98832684824903,999,8.83383383383383
484,515,8.67768595041322,8.99223300970874,999,8.83983983983984
497,502,8.6841046277666,9.00199203187251,999,8.84384384384384
503,496,8.69184890656064,9.01612903225806,999,8.85285285285285
502,497,8.72509960159362,9.01408450704225,999,8.86886886886887
504,495,8.77777777777778,8.9979797979798,999,8.88688688688689
502,497,8.8207171314741,9.01408450704225,999,8.91691691691692
513,485,8.80896686159844,9.02061855670103,998,8.91182364729459
513,486,8.80896686159844,9.02674897119342,999,8.91491491491491
514,485,8.79961089494163,9.02474226804124,999,8.90890890890891
513,486,8.79922027290448,9.04732510288066,999,8.91991991991992
505,492,8.77821782178218,9.02642276422764,997,8.90070210631896
511,484,8.78473581213307,9.0495867768595,995,8.91356783919598
524,474,8.74618320610687,9.02320675105485,998,8.87775551102204
508,489,8.73818897637795,9.01635991820041,997,8.87462387161484
502,496,8.77888446215139,9.0,998,8.88877755511022
512,486,8.740234375,9.03086419753086,998,8.88176352705411
506,492,8.72727272727273,9.02235772357723,998,8.87274549098196
504,495,8.79166666666667,9.03434343434343,999,8.91191191191191
499,497,8.7434869739479,9.06841046277666,996,8.90562248995984
497,501,8.71428571428571,9.07984031936128,998,8.89779559118236
484,514,8.75,9.07782101167315,998,8.9188376753507
477,520,8.79245283018868,9.08846153846154,997,8.94684052156469
486,513,8.77572016460905,9.07992202729045,999,8.93193193193193
481,517,8.78170478170478,9.07543520309478,998,8.93386773547094
482,515,8.79875518672199,9.08155339805825,997,8.94483450351053
487,512,8.7864476386037,9.08203125,999,8.93793793793794
488,511,8.80122950819672,9.06066536203523,999,8.93393393393393
485,513,8.82268041237113,9.08576998050682,998,8.95791583166333
491,508,8.80651731160896,9.09055118110236,999,8.95095095095095
492,507,8.84552845528455,9.07889546351085,999,8.96396396396396
499,500,8.81763527054108,9.088,999,8.95295295295295
509,490,8.78388998035363,9.08979591836735,999,8.93393393393393
508,491,8.78543307086614,9.08350305498982,999,8.93193193193193
503,495,8.83101391650099,9.05454545454545,998,8.94188376753507
499,500,8.80160320641283,9.076,999,8.93893893893894
505,493,8.76831683168317,9.08924949290061,998,8.92685370741483
495,500,8.8040404040404,9.076,995,8.94070351758794
503,495,8.78528827037773,9.04848484848485,998,8.91583166332665
505,494,8.72871287128713,9.0748987854251,999,8.8998998998999
502,496,8.75697211155378,9.07459677419355,998,8.91482965931864
502,496,8.74501992031873,9.08467741935484,998,8.91382765531062
515,482,8.75922330097087,9.0850622406639,997,8.91675025075226
516,482,8.73255813953488,9.09128630705394,998,8.90581162324649
520,478,8.74615384615385,9.07112970711297,998,8.90180360721443
518,481,8.77220077220077,9.06444906444906,999,8.91291291291291
512,487,8.775390625,9.08624229979466,999,8.92692692692693
506,493,8.79644268774704,9.09533468559838,999,8.94394394394394
503,496,8.83101391650099,9.08064516129032,999,8.95495495495495
508,491,8.7992125984252,9.07739307535642,999,8.93593593593594
502,497,8.79282868525896,9.12474849094567,999,8.95795795795796
497,502,8.79275653923541,9.11354581673307,999,8.95395395395395
486,512,8.81275720164609,9.130859375,998,8.97595190380762
492,507,8.78455284552846,9.13214990138067,999,8.96096096096096
491,507,8.80448065173116,9.13214990138067,998,8.97094188376754
490,507,8.79591836734694,9.14003944773176,997,8.97091273821464
485,513,8.79381443298969,9.21832358674464,998,9.01202404809619
490,509,8.83469387755102,9.2475442043222,999,9.04504504504505
490,506,8.86530612244898,9.24901185770751,996,9.06024096385542
500,499,8.88,9.26052104208417,999,9.07007007007007
492,507,8.90243902439024,9.28205128205128,999,9.0950950950951
488,510,8.93852459016393,9.26666666666667,998,9.1062124248497
494,505,8.96356275303644,9.28910891089109,999,9.12812812812813
491,506,8.97556008146639,9.28656126482213,997,9.13340020060181
499,500,9.00400801603206,9.3,999,9.15215215215215
491,508,9.04684317718941,9.29133858267716,999,9.17117117117117
504,495,9.04563492063492,9.29090909090909,999,9.16716716716717
503,494,9.06361829025845,9.33198380566802,997,9.19658976930792
502,497,9.05577689243028,9.2897384305835,999,9.17217217217217
494,503,9.04251012145749,9.2962226640159,997,9.17051153460381
498,501,9.03012048192771,9.34131736526946,999,9.18618618618619
493,506,9.02839756592292,9.32608695652174,999,9.17917917917918
486,513,9.05555555555556,9.30994152046784,999,9.18618618618619
490,508,9.04081632653061,9.2992125984252,998,9.17234468937876
485,513,9.03711340206186,9.30604288499025,998,9.17535070140281
471,527,9.05732484076433,9.29222011385199,998,9.1813627254509
473,526,9.05496828752643,9.30228136882129,999,9.18518518518519
466,533,9.01287553648069,9.30206378986867,999,9.16716716716717
466,531,9.03218884120172,9.29378531073446,997,9.17151454363089
470,529,9.01914893617021,9.28544423440454,999,9.16016016016016
478,520,9.03347280334728,9.29038461538462,998,9.16733466933868
465,534,9.02365591397849,9.312734082397,999,9.17817817817818
471,528,9.01273885350319,9.33712121212121,999,9.18418418418418
457,541,9.04157549234136,9.36044362292052,998,9.21442885771543
456,542,9.03947368421053,9.38191881918819,998,9.22545090180361
453,545,9.03090507726269,9.36146788990826,998,9.21142284569138
461,538,9.01952277657267,9.37174721189591,999,9.20920920920921
452,544,9.03318584070797,9.37867647058824,996,9.2218875502008
454,544,9.07488986784141,9.38235294117647,998,9.24248496993988
460,537,9.05869565217391,9.39851024208566,997,9.24172517552658
470,528,9.07872340425532,9.41666666666667,998,9.25751503006012
469,530,9.07036247334755,9.44716981132076,999,9.27027027027027
472,526,9.08050847457627,9.42205323193916,998,9.26052104208417
466,533,9.10515021459227,9.41651031894934,999,9.27127127127127
470,529,9.07872340425532,9.4234404536862,999,9.26126126126126
466,533,9.12660944206009,9.4108818011257,999,9.27827827827828
464,532,9.12931034482759,9.40977443609023,996,9.27911646586345
464,534,9.09913793103448,9.4250936329588,998,9.27354709418838
454,545,9.12555066079295,9.42385321100917,999,9.28828828828829
463,535,9.12526997840173,9.41682242990654,998,9.28156312625251
462,536,9.12554112554113,9.42350746268657,998,9.28557114228457
463,536,9.09503239740821,9.3955223880597,999,9.25625625625626
468,531,9.08333333333333,9.37664783427495,999,9.23923923923924
458,538,9.13973799126638,9.39405204460967,996,9.27710843373494
469,528,9.16417910447761,9.38825757575758,997,9.28284854563691
458,540,9.14847161572052,9.37222222222222,998,9.26953907815631
464,533,9.14224137931035,9.36397748592871,997,9.26078234704112
461,536,9.15401301518438,9.39925373134328,997,9.28585757271815
454,544,9.18942731277533,9.40808823529412,998,9.30861723446894
449,549,9.17371937639198,9.40255009107468,998,9.29959919839679
437,562,9.19221967963387,9.39679715302491,999,9.30730730730731
431,568,9.19721577726218,9.39084507042254,999,9.30730730730731
428,569,9.20794392523364,9.39015817223199,997,9.31193580742227
415,583,9.16867469879518,9.39451114922813,998,9.30060120240481
413,585,9.15496368038741,9.41196581196581,998,9.30561122244489
417,580,9.13669064748201,9.42241379310345,997,9.30290872617854
423,575,9.1016548463357,9.43826086956522,998,9.29559118236473
420,579,9.12380952380952,9.42487046632124,999,9.2982982982983
422,577,9.1563981042654,9.42980935875217,999,9.31431431431431
416,581,9.12740384615385,9.43545611015491,997,9.30692076228686
432,566,9.15740740740741,9.4434628975265,998,9.31963927855711
422,577,9.14928909952607,9.44367417677643,999,9.31931931931932
434,564,9.16820276497696,9.44148936170213,998,9.32264529058116
438,561,9.15981735159817,9.45098039215686,999,9.32332332332332
441,557,9.17006802721088,9.45421903052065,998,9.32865731462926
437,561,9.17848970251716,9.45632798573975,998,9.33466933867735
432,567,9.19675925925926,9.45502645502646,999,9.34334334334334
431,567,9.24361948955917,9.44973544973545,998,9.36072144288577
431,567,9.22505800464037,9.44091710758377,998,9.34769539078156
420,577,9.25,9.44887348353553,997,9.36509528585757
417,582,9.22062350119904,9.45017182130584,999,9.35435435435435
405,593,9.22469135802469,9.44013490725126,998,9.35270541082164
406,593,9.2487684729064,9.43001686340641,999,9.35635635635636
409,590,9.25427872860636,9.43559322033898,999,9.36136136136136
407,592,9.27027027027027,9.44425675675676,999,9.37337337337337
404,594,9.2970297029703,9.43097643097643,998,9.37675350701403
410,589,9.31219512195122,9.44821731748727,999,9.39239239239239
407,591,9.34152334152334,9.45516074450085,998,9.40881763527054
404,595,9.30940594059406,9.45210084033613,999,9.39439439439439
404,593,9.32920792079208,9.45868465430017,997,9.4062186559679
406,592,9.32266009852217,9.44763513513514,998,9.39679358717435
405,594,9.32592592592593,9.45959595959596,999,9.40540540540541
401,598,9.31172069825436,9.46655518394649,999,9.4044044044044
409,590,9.33007334963325,9.47796610169492,999,9.41741741741742
396,600,9.34343434343434,9.48,996,9.42570281124498
404,595,9.34653465346535,9.4890756302521,999,9.43143143143143
399,599,9.31328320802005,9.51252086811352,998,9.43286573146293
398,600,9.34673366834171,9.50833333333333,998,9.4438877755511
394,605,9.35532994923858,9.51900826446281,999,9.45445445445445
386,613,9.37046632124352,9.5089722675367,999,9.45545545545546
380,615,9.41315789473684,9.49268292682927,995,9.46231155778895
383,616,9.4177545691906,9.5,999,9.46846846846847
377,622,9.45623342175066,9.4967845659164,999,9.48148148148148
381,618,9.44619422572178,9.49676375404531,999,9.47747747747748
382,617,9.45811518324607,9.48298217179903,999,9.47347347347347
378,619,9.44179894179894,9.48142164781906,997,9.46639919759278
378,621,9.46031746031746,9.47342995169082,999,9.46846846846847
378,621,9.46296296296296,9.47181964573269,999,9.46846846846847
382,617,9.46335078534031,9.47325769854133,999,9.46946946946947
373,624,9.45844504021448,9.47275641025641,997,9.46740220661986
383,614,9.4934725848564,9.47557003257329,997,9.48244734202608
380,616,9.43157894736842,9.4788961038961,996,9.46084337349398
378,621,9.44973544973545,9.47020933977456,999,9.46246246246246
384,614,9.44010416666667,9.47394136807818,998,9.46092184368737
385,614,9.45194805194805,9.46254071661238,999,9.45845845845846
374,625,9.43850267379679,9.4752,999,9.46146146146146
384,615,9.421875,9.47479674796748,999,9.45445445445445
386,613,9.40932642487047,9.47634584013051,999,9.45045045045045
391,607,9.43222506393862,9.47446457990115,998,9.45791583166333
382,613,9.41884816753927,9.47797716150082,995,9.45527638190955
385,614,9.44675324675325,9.48534201954397,999,9.47047047047047
382,616,9.46335078534031,9.5,998,9.48597194388778
383,616,9.46475195822454,9.49837662337662,999,9.48548548548549
376,623,9.49202127659574,9.51203852327448,999,9.5045045045045
374,624,9.48663101604278,9.50641025641026,998,9.49899799599198
366,631,9.49180327868852,9.513470681458,997,9.50551654964895
365,632,9.48219178082192,9.5126582278481,997,9.50150451354062
368,631,9.50271739130435,9.49603803486529,999,9.4984984984985
371,626,9.49595687331536,9.50638977635783,997,9.5025075225677
368,631,9.53532608695652,9.48335974643423,999,9.5025025025025
367,632,9.54223433242507,9.49367088607595,999,9.51151151151151
369,630,9.5609756097561,9.46984126984127,999,9.5035035035035
370,629,9.57297297297297,9.47376788553259,999,9.51051051051051
375,622,9.57866666666667,9.47909967845659,997,9.51654964894684
369,629,9.57181571815718,9.47058823529412,998,9.50801603206413
383,616,9.58485639686684,9.48863636363636,999,9.52552552552553
385,613,9.57402597402597,9.47960848287113,998,9.51603206412826
391,608,9.58312020460358,9.48684210526316,999,9.52452452452452
397,602,9.56926952141058,9.48837209302326,999,9.52052052052052
393,605,9.56488549618321,9.48429752066116,998,9.51603206412826
387,611,9.56589147286822,9.48936170212766,998,9.5190380761523
390,609,9.57948717948718,9.5008210180624,999,9.53153153153153
393,604,9.5852417302799,9.49668874172185,997,9.53159478435306
382,617,9.58900523560209,9.50729335494327,999,9.53853853853854
387,611,9.55555555555556,9.50572831423895,998,9.5250501002004
380,619,9.55,9.50565428109855,999,9.52252252252252
378,620,9.53968253968254,9.5,998,9.51503006012024
377,622,9.52519893899204,9.51607717041801,999,9.51951951951952
376,622,9.54255319148936,9.53054662379421,998,9.53507014028056
383,615,9.52480417754569,9.52520325203252,998,9.5250501002004
384,614,9.5390625,9.54234527687296,998,9.54108216432866
387,608,9.51937984496124,9.54276315789474,995,9.53366834170854
381,617,9.54330708661417,9.54457050243112,998,9.54408817635271
388,609,9.5798969072165,9.52873563218391,997,9.54864593781344
398,601,9.55527638190955,9.55074875207987,999,9.55255255255255
400,598,9.5725,9.55016722408027,998,9.55911823647295
397,602,9.56423173803526,9.54983388704319,999,9.55555555555556
395,603,9.56708860759494,9.56053067993366,998,9.56312625250501
397,602,9.55667506297229,9.55647840531561,999,9.55655655655656
400,599,9.5375,9.54257095158598,999,9.54054054054054
401,597,9.56608478802993,9.5427135678392,998,9.55210420841683
398,601,9.54773869346734,9.5657237936772,999,9.55855855855856
395,604,9.54177215189873,9.56788079470199,999,9.55755755755756
388,611,9.54896907216495,9.57283142389525,999,9.56356356356356
398,600,9.5251256281407,9.58166666666667,998,9.55911823647295
408,590,9.50980392156863,9.56610169491525,998,9.54308617234469
401,598,9.53117206982544,9.561872909699,999,9.54954954954955
410,587,9.5,9.56218057921635,997,9.53660982948847
405,594,9.52345679012346,9.56397306397306,999,9.54754754754755
399,600,9.52130325814536,9.56166666666667,999,9.54554554554555
406,591,9.51724137931035,9.58037225042301,997,9.55466399197593
410,588,9.52439024390244,9.56802721088435,998,9.5501002004008
412,586,9.53640776699029,9.56484641638225,998,9.55310621242485
411,587,9.55717761557178,9.56899488926746,998,9.56412825651303
412,587,9.58495145631068,9.57580919931857,999,9.57957957957958
416,580,9.58413461538461,9.56896551724138,996,9.57530120481928
408,591,9.56127450980392,9.57698815566836,999,9.57057057057057
401,598,9.5785536159601,9.57859531772575,999,9.57857857857858
402,594,9.56965174129353,9.57407407407407,996,9.57228915662651
403,595,9.55831265508685,9.56974789915966,998,9.56513026052104
401,598,9.55610972568579,9.57357859531773,999,9.56656656656657
398,601,9.54522613065327,9.59234608985025,999,9.57357357357357
399,600,9.54135338345865,9.58833333333333,999,9.56956956956957
404,593,9.56683168316832,9.60370994940978,997,9.58876629889669
407,592,9.56511056511057,9.60304054054054,999,9.58758758758759
413,586,9.54721549636804,9.61092150170649,999,9.58458458458458
416,583,9.54326923076923,9.61578044596913,999,9.58558558558559
411,584,9.53771289537713,9.6027397260274,995,9.57587939698493
408,590,9.50490196078431,9.60677966101695,998,9.56513026052104
409,590,9.49144254278729,9.60508474576271,999,9.55855855855856
413,585,9.47941888619855,9.60683760683761,998,9.55410821643287
407,592,9.47174447174447,9.60810810810811,999,9.55255255255255
402,596,9.46517412935323,9.62751677852349,998,9.56212424849699
397,600,9.43073047858942,9.62666666666667,997,9.54864593781344
400,598,9.4475,9.6304347826087,998,9.55711422845691
404,594,9.41831683168317,9.63973063973064,998,9.5501002004008
407,592,9.44226044226044,9.6402027027027,999,9.55955955955956
398,600,9.43969849246231,9.63833333333333,998,9.55911823647295
398,600,9.44974874371859,9.625,998,9.55511022044088
396,601,9.47727272727273,9.64392678868552,997,9.5777331995988
399,598,9.48872180451128,9.62207357859532,997,9.56870611835507
400,598,9.4725,9.64046822742475,998,9.57314629258517
402,597,9.50746268656716,9.63316582914573,999,9.58258258258258
404,595,9.50990099009901,9.63529411764706,999,9.58458458458458
411,588,9.5352798053528,9.63775510204082,999,9.5955955955956
402,597,9.51990049751244,9.63819095477387,999,9.59059059059059
408,591,9.5171568627451,9.64467005076142,999,9.59259259259259
397,601,9.53652392947103,9.65058236272879,998,9.60521042084168
401,598,9.51870324189526,9.65217391304348,999,9.5985985985986
393,606,9.51399491094148,9.64686468646865,999,9.59459459459459
394,605,9.51015228426396,9.65289256198347,999,9.5965965965966
393,605,9.50127226463104,9.65785123966942,998,9.59619238476954
396,603,9.51262626262626,9.64676616915423,999,9.59359359359359
395,604,9.51392405063291,9.64735099337748,999,9.59459459459459
405,594,9.4962962962963,9.64478114478115,999,9.58458458458458
406,592,9.49753694581281,9.64189189189189,998,9.58316633266533
406,590,9.51231527093596,9.65084745762712,996,9.59437751004016
411,588,9.51581508515815,9.65136054421769,999,9.5955955955956
409,589,9.51344743276284,9.6553480475382,998,9.59719438877756
399,600,9.51127819548872,9.65333333333333,999,9.5965965965966
407,591,9.51597051597052,9.64805414551607,998,9.59418837675351
407,589,9.53562653562654,9.65874363327674,996,9.60843373493976
420,579,9.53809523809524,9.6545768566494,999,9.60560560560561
415,584,9.58313253012048,9.66438356164384,999,9.63063063063063
409,588,9.58435207823961,9.66836734693878,997,9.63390170511535
413,584,9.58353510895884,9.69349315068493,997,9.64794383149448
426,572,9.58450704225352,9.70629370629371,998,9.65430861723447
433,566,9.5796766743649,9.71024734982332,999,9.65365365365365
447,552,9.59060402684564,9.70833333333333,999,9.65565565565566
443,555,9.61851015801354,9.7027027027027,998,9.66533066132265
444,555,9.60585585585586,9.7027027027027,999,9.65965965965966
443,556,9.59819413092551,9.69964028776978,999,9.65465465465465
450,548,9.57555555555555,9.69890510948905,998,9.64328657314629
443,555,9.59142212189616,9.69549549549549,998,9.64929859719439
444,553,9.61036036036036,9.6998191681736,997,9.65997993981946
441,558,9.60090702947846,9.6989247311828,999,9.65565565565566
443,556,9.60496613995485,9.70323741007194,999,9.65965965965966
435,563,9.57241379310345,9.69449378330373,998,9.64128256513026
435,564,9.54942528735632,9.68971631205674,999,9.62862862862863
431,567,9.51972157772622,9.68430335097002,998,9.61322645290581
431,568,9.51508120649652,9.68133802816901,999,9.60960960960961
430,568,9.52790697674419,9.68661971830986,998,9.61823647294589
420,578,9.52619047619048,9.68858131487889,998,9.62024048096192
418,580,9.51674641148325,9.69137931034483,998,9.61823647294589
419,580,9.50596658711217,9.7,999,9.61861861861862
424,574,9.5188679245283,9.69163763066202,998,9.61823647294589
421,578,9.53206650831354,9.68512110726644,999,9.62062062062062
424,574,9.52830188679245,9.69337979094077,998,9.62324649298597
423,576,9.54137115839243,9.71006944444444,999,9.63863863863864
439,559,9.56036446469248,9.71377459749553,998,9.64629258517034
439,558,9.56719817767654,9.71326164874552,997,9.64894684052156
440,559,9.56590909090909,9.71377459749553,999,9.64864864864865
447,552,9.57718120805369,9.71557971014493,999,9.65365365365365
445,551,9.58426966292135,9.72776769509982,996,9.6636546184739
444,554,9.60135135135135,9.72924187725632,998,9.67234468937876
439,560,9.60592255125285,9.72321428571429,999,9.67167167167167
434,565,9.61059907834101,9.73097345132743,999,9.67867867867868
429,570,9.63403263403263,9.72105263157895,999,9.68368368368368
437,562,9.62471395881007,9.7153024911032,999,9.67567567567568
428,569,9.6285046728972,9.71528998242531,997,9.67803410230692
433,564,9.64203233256351,9.71099290780142,997,9.68104312938816
430,569,9.64651162790698,9.701230228471,999,9.67767767767768
428,570,9.64018691588785,9.70526315789474,998,9.67735470941884
434,564,9.63364055299539,9.71631205673759,998,9.68036072144289
429,568,9.62703962703963,9.72359154929577,997,9.68204613841525
422,576,9.62322274881517,9.71875,998,9.67835671342685
423,576,9.6241134751773,9.73784722222222,999,9.68968968968969
424,574,9.625,9.73170731707317,998,9.68637274549098
416,582,9.63461538461539,9.74570446735395,998,9.69939879759519
424,575,9.60141509433962,9.75304347826087,999,9.68868868868869
424,575,9.59198113207547,9.75652173913043,999,9.68668668668669
428,570,9.5911214953271,9.75789473684211,998,9.68637274549098
412,586,9.5752427184466,9.74914675767918,998,9.67735470941884
410,588,9.58048780487805,9.75510204081633,998,9.68336673346693
412,587,9.57281553398058,9.75127768313458,999,9.67767767767768
411,585,9.57177615571776,9.75213675213675,996,9.67771084337349
421,578,9.57007125890736,9.7439446366782,999,9.67067067067067
416,583,9.57692307692308,9.74442538593482,999,9.67467467467467
414,584,9.58695652173913,9.73972602739726,998,9.67635270541082
415,583,9.58795180722892,9.74442538593482,998,9.67935871743487
414,584,9.59420289855072,9.73972602739726,998,9.67935871743487
421,577,9.5938242280285,9.73483535528596,998,9.67535070140281
422,577,9.58530805687204,9.7313691507799,999,9.66966966966967
424,575,9.58018867924528,9.73217391304348,999,9.66766766766767
415,582,9.57349397590361,9.73024054982818,997,9.66499498495486
413,584,9.57384987893463,9.74657534246575,997,9.67502507522568
407,592,9.56511056511057,9.73986486486486,999,9.66866866866867
403,595,9.56575682382134,9.7327731092437,998,9.66533066132265
390,606,9.56153846153846,9.73927392739274,996,9.66967871485944
394,605,9.57106598984772,9.73057851239669,999,9.66766766766767
395,604,9.5620253164557,9.7317880794702,999,9.66466466466466
392,606,9.57142857142857,9.73762376237624,998,9.67234468937876
394,604,9.54568527918782,9.74006622516556,998,9.66332665330661
404,594,9.53960396039604,9.73400673400673,998,9.65531062124249
404,594,9.54207920792079,9.74747474747475,998,9.66432865731463
410,589,9.55121951219512,9.75551782682513,999,9.67167167167167
418,581,9.55980861244019,9.75903614457831,999,9.67567567567568
424,574,9.57547169811321,9.75609756097561,998,9.67935871743487
431,568,9.55916473317865,9.75352112676056,999,9.66966966966967
442,556,9.56561085972851,9.75179856115108,998,9.66933867735471
438,560,9.55022831050228,9.7375,998,9.65531062124249
437,562,9.51945080091533,9.74199288256228,999,9.64464464464464
432,566,9.53703703703704,9.73851590106007,998,9.65130260521042
433,566,9.51270207852194,9.73851590106007,999,9.64064064064064
439,560,9.52847380410023,9.73214285714286,999,9.64264264264264
438,561,9.53881278538813,9.73262032085561,999,9.64764764764765
442,557,9.52488687782805,9.72710951526032,999,9.63763763763764
429,570,9.52680652680653,9.7140350877193,999,9.63363363363363
430,568,9.51627906976744,9.72007042253521,998,9.63226452905812
427,571,9.50585480093677,9.71278458844133,998,9.62424849699399
421,578,9.51781472684086,9.70761245674741,999,9.62762762762763
419,579,9.51073985680191,9.70984455958549,998,9.62625250501002
410,587,9.53414634146341,9.71039182282794,997,9.63791374122367
412,587,9.51699029126214,9.71379897785349,999,9.63263263263263
410,588,9.52439024390244,9.71428571428571,998,9.63627254509018
407,592,9.55036855036855,9.71959459459459,999,9.65065065065065
406,592,9.53694581280788,9.72466216216216,998,9.64829659318637
400,599,9.5425,9.73288814691152,999,9.65665665665666
395,603,9.51898734177215,9.72802653399668,998,9.64529058116232
397,602,9.54911838790932,9.74086378737542,999,9.66466466466466
394,604,9.55329949238579,9.72847682119205,998,9.65931863727455
386,611,9.54922279792746,9.73158756137479,997,9.66098294884654
382,616,9.54712041884817,9.73214285714286,998,9.66132264529058
387,612,9.53488372093023,9.73366013071895,999,9.65665665665666
384,613,9.54166666666667,9.73572593800979,997,9.66098294884654
389,610,9.54755784061697,9.72131147540984,999,9.65365365365365
397,600,9.55415617128464,9.735,997,9.6629889669007
395,603,9.55949367088608,9.73300165837479,998,9.66432865731463
395,602,9.57215189873418,9.74418604651163,997,9.67602808425276
398,600,9.57035175879397,9.75166666666667,998,9.67935871743487
395,604,9.57215189873418,9.76158940397351,999,9.68668668668669
388,610,9.5979381443299,9.77213114754098,998,9.70440881763527
392,606,9.60459183673469,9.76567656765677,998,9.70240480961924
383,616,9.6266318537859,9.7711038961039,999,9.71571571571572
386,612,9.62435233160622,9.76633986928105,998,9.71142284569138
374,623,9.62299465240642,9.76725521669342,997,9.71313941825476
379,620,9.62532981530343,9.76451612903226,999,9.71171171171171
374,624,9.61497326203209,9.76442307692308,998,9.70841683366733
380,617,9.63157894736842,9.77147487844409,997,9.71815446339017
374,625,9.63636363636364,9.7584,999,9.71271271271271
379,620,9.63852242744063,9.7758064516129,999,9.72372372372372
379,619,9.63324538258575,9.76252019386107,998,9.71342685370741
376,622,9.64095744680851,9.7604501607717,998,9.71543086172345
368,631,9.64945652173913,9.76228209191759,999,9.72072072072072
375,624,9.62133333333333,9.76923076923077,999,9.71371371371371
375,624,9.62666666666667,9.76602564102564,999,9.71371371371371
376,622,9.6063829787234,9.7620578778135,998,9.70340681362725
380,618,9.62631578947368,9.77022653721683,998,9.71543086172345
384,615,9.65364583333333,9.75934959349594,999,9.71871871871872
390,609,9.64102564102564,9.77339901477833,999,9.72172172172172
386,612,9.65284974093264,9.76470588235294,998,9.72144288577154
387,611,9.65633074935401,9.76432078559738,998,9.72244488977956
377,622,9.64986737400531,9.76848874598071,999,9.72372372372372
377,622,9.6604774535809,9.77813504823151,999,9.73373373373373
380,617,9.67368421052632,9.78444084278768,997,9.74222668004012
376,623,9.66755319148936,9.78651685393258,999,9.74174174174174
378,620,9.67989417989418,9.80322580645161,998,9.7565130260521
379,619,9.68073878627968,9.80452342487884,998,9.75751503006012
379,620,9.67018469656992,9.80967741935484,999,9.75675675675676
387,612,9.65633074935401,9.81045751633987,999,9.75075075075075
379,620,9.62796833773087,9.81612903225806,999,9.74474474474474
380,617,9.64736842105263,9.81361426256078,997,9.75025075225677
372,626,9.63709677419355,9.81629392971246,998,9.74949899799599
377,621,9.62334217506631,9.82447665056361,998,9.74849699398798
364,634,9.61813186813187,9.82492113564669,998,9.74949899799599
366,633,9.62021857923497,9.81832543443918,999,9.74574574574575
355,644,9.63943661971831,9.81366459627329,999,9.75175175175175
362,636,9.63812154696133,9.80974842767296,998,9.74749498997996
364,635,9.62912087912088,9.81574803149606,999,9.74774774774775
377,622,9.62068965517241,9.80546623794212,999,9.73573573573574
369,628,9.59891598915989,9.80254777070064,997,9.7271815446339
372,626,9.58870967741935,9.79712460063898,998,9.71943887775551
372,626,9.56720430107527,9.80351437699681,998,9.71543086172345
368,631,9.55978260869565,9.79556259904913,999,9.70870870870871
363,635,9.55371900826446,9.79527559055118,998,9.70741482965932
361,635,9.57617728531856,9.79842519685039,996,9.71787148594377
360,639,9.55555555555556,9.79499217527387,999,9.70870870870871
351,647,9.55270655270655,9.79289026275116,998,9.70841683366733
345,653,9.56231884057971,9.79326186830015,998,9.71342685370741
353,646,9.57223796033994,9.79411764705882,999,9.71571571571572
350,649,9.56571428571429,9.80123266563944,999,9.71871871871872
355,642,9.57183098591549,9.81308411214953,997,9.7271815446339
350,648,9.59714285714286,9.80864197530864,998,9.73446893787575
360,637,9.61111111111111,9.8021978021978,997,9.73319959879639
358,641,9.60055865921788,9.801872074883,999,9.72972972972973
359,640,9.60445682451254,9.7921875,999,9.72472472472472
362,636,9.59668508287293,9.7877358490566,998,9.71843687374749
357,642,9.63305322128851,9.78816199376947,999,9.73273273273273
354,645,9.62429378531074,9.7953488372093,999,9.73473473473473
351,648,9.62678062678063,9.79475308641975,999,9.73573573573574
347,651,9.61383285302594,9.80184331797235,998,9.73647294589178
351,648,9.61823361823362,9.80401234567901,999,9.73873873873874
352,647,9.60795454545454,9.80525502318393,999,9.73573573573574
367,632,9.60490463215259,9.80379746835443,999,9.73073073073073
363,635,9.61707988980716,9.79842519685039,998,9.73246492985972
371,627,9.63072776280323,9.79904306220096,998,9.73647294589178
366,631,9.62841530054645,9.79873217115689,997,9.73620862587763
373,622,9.63538873994638,9.80385852090032,995,9.74070351758794
365,633,9.62739726027397,9.81832543443918,998,9.74849699398798
362,637,9.59668508287293,9.81475667189953,999,9.73573573573574
352,646,9.57386363636364,9.81269349845201,998,9.72845691382765
358,640,9.60055865921788,9.8140625,998,9.7374749498998
353,645,9.58073654390935,9.81860465116279,998,9.73446893787575
348,651,9.56609195402299,9.82027649769585,999,9.73173173173173
345,652,9.5768115942029,9.8159509202454,997,9.73319959879639
342,656,9.57894736842105,9.8140243902439,998,9.73346693386774
350,649,9.60285714285714,9.81201848998459,999,9.73873873873874
351,647,9.58119658119658,9.8145285935085,998,9.73246492985972
345,653,9.5768115942029,9.80857580398162,998,9.72845691382765
351,647,9.58689458689459,9.8145285935085,998,9.73446893787575
349,650,9.59312320916905,9.81692307692308,999,9.73873873873874
339,660,9.6047197640118,9.83484848484848,999,9.75675675675676
336,663,9.60714285714286,9.84012066365008,999,9.76176176176176
328,670,9.61280487804878,9.84328358208955,998,9.76753507014028
327,671,9.60550458715596,9.84351713859911,998,9.76553106212425
328,671,9.60670731707317,9.84649776453055,999,9.76776776776777
323,674,9.57275541795666,9.8486646884273,997,9.7592778335005
323,676,9.58204334365325,9.84171597633136,999,9.75775775775776
322,677,9.59627329192547,9.83899556868538,999,9.76076076076076
327,672,9.6085626911315,9.83630952380952,999,9.76176176176176
333,665,9.58858858858859,9.8390977443609,998,9.75551102204409
337,661,9.59643916913947,9.84720121028744,998,9.7625250501002
340,659,9.59411764705882,9.84218512898331,999,9.75775775775776
342,656,9.60818713450292,9.84146341463415,998,9.76152304609218
353,645,9.63456090651558,9.83565891472868,998,9.76452905811623
356,642,9.64606741573034,9.83021806853583,998,9.76452905811623
352,645,9.67045454545454,9.82635658914729,997,9.77131394182548
351,647,9.62678062678063,9.81761978361669,998,9.75050100200401
350,648,9.65428571428571,9.81944444444444,998,9.76152304609218
354,643,9.64406779661017,9.81804043545879,997,9.75626880641926
357,642,9.64985994397759,9.81308411214953,999,9.75475475475475
354,643,9.65254237288136,9.81804043545879,997,9.7592778335005
352,645,9.67045454545454,9.82170542635659,997,9.76830491474423
349,647,9.67335243553009,9.83153013910355,996,9.77610441767068
350,649,9.68285714285714,9.83050847457627,999,9.77877877877878
356,643,9.68820224719101,9.82270606531882,999,9.77477477477477
359,640,9.67130919220056,9.8171875,999,9.76476476476476
365,633,9.6986301369863,9.81674565560821,998,9.77354709418838
366,633,9.69125683060109,9.80726698262243,999,9.76476476476476
357,642,9.69187675070028,9.81152647975078,999,9.76876876876877
356,643,9.66011235955056,9.81337480559876,999,9.75875875875876
355,644,9.65352112676056,9.81832298136646,999,9.75975975975976
355,644,9.64788732394366,9.81987577639751,999,9.75875875875876
355,644,9.64507042253521,9.82142857142857,999,9.75875875875876
347,652,9.63400576368876,9.82208588957055,999,9.75675675675676
352,647,9.64772727272727,9.81916537867079,999,9.75875875875876
353,646,9.63456090651558,9.8328173374613,999,9.76276276276276
350,648,9.65714285714286,9.83179012345679,998,9.77054108216433
350,647,9.65714285714286,9.83771251931994,997,9.77432296890672
355,642,9.65070422535211,9.85046728971963,997,9.77933801404213
352,647,9.63352272727273,9.84234930448222,999,9.76876876876877
343,655,9.64431486880467,9.84885496183206,998,9.77855711422846
343,656,9.66180758017493,9.85060975609756,999,9.78578578578579
343,655,9.67055393586006,9.85038167938931,998,9.78857715430862
338,660,9.68047337278107,9.84545454545455,998,9.78957915831663
333,666,9.67867867867868,9.84234234234234,999,9.78778778778779
338,661,9.67751479289941,9.83812405446293,999,9.78378378378378
329,670,9.69908814589666,9.83880597014925,999,9.79279279279279
328,669,9.70426829268293,9.8355754857997,997,9.79237713139418
326,673,9.6840490797546,9.84398216939079,999,9.79179179179179
325,673,9.69538461538462,9.84101040118871,998,9.7935871743487
324,673,9.69753086419753,9.83952451708767,997,9.79338014042126
325,673,9.68615384615385,9.84398216939079,998,9.79258517034068
336,661,9.69047619047619,9.85022692889561,997,9.79638916750251
340,659,9.68529411764706,9.85280728376328,999,9.7957957957958
344,654,9.71220930232558,9.84862385321101,998,9.80160320641283
352,647,9.71875,9.84389489953632,999,9.7997997997998
354,643,9.70621468926554,9.84447900466563,997,9.79538615847543
358,640,9.70111731843575,9.8453125,998,9.7935871743487
359,640,9.6991643454039,9.8421875,999,9.79079079079079
361,638,9.70914127423823,9.8448275862069,999,9.7957957957958
348,650,9.70402298850575,9.85384615384615,998,9.80160320641283
345,652,9.70724637681159,9.84815950920245,997,9.79939819458375
342,655,9.70175438596491,9.85038167938931,997,9.79939819458375
342,655,9.69298245614035,9.85343511450382,997,9.79839518555667
344,654,9.70639534883721,9.85168195718654,998,9.80160320641283
340,657,9.70588235294118,9.86301369863014,997,9.80942828485456
344,654,9.70348837209302,9.86544342507645,998,9.80961923847695
338,661,9.70118343195266,9.86686838124055,999,9.81081081081081
343,656,9.68221574344023,9.8765243902439,999,9.80980980980981
340,658,9.7,9.87082066869301,998,9.812625250501
338,660,9.71005917159763,9.86969696969697,998,9.81563126252505
340,659,9.72352941176471,9.86646433990895,999,9.81781781781782
342,654,9.71637426900585,9.86850152905199,996,9.81626506024096
338,661,9.72485207100592,9.86232980332829,999,9.81581581581582
343,653,9.73760932944606,9.87442572741194,996,9.82730923694779
347,649,9.74063400576369,9.87673343605547,996,9.82931726907631
353,645,9.75920679886686,9.86976744186047,998,9.83066132264529
350,647,9.75428571428571,9.87326120556414,997,9.83149448345035
345,653,9.7768115942029,9.88208269525268,998,9.84569138276553
341,655,9.7683284457478,9.88549618320611,996,9.84538152610442
336,663,9.78273809523809,9.88838612368024,999,9.85285285285285
331,667,9.79456193353474,9.88605697151424,998,9.85571142284569
333,665,9.78978978978979,9.89924812030075,998,9.8627254509018
333,665,9.78378378378378,9.89624060150376,998,9.85871743486974
325,674,9.79076923076923,9.89910979228487,999,9.86386386386386
327,672,9.80428134556575,9.89732142857143,999,9.86686686686687
327,672,9.78899082568807,9.90327380952381,999,9.86586586586587
323,674,9.79876160990712,9.90356083086053,997,9.86960882647944
319,680,9.79623824451411,9.90441176470588,999,9.86986986986987
316,683,9.81962025316456,9.900439238653,999,9.87487487487487
315,684,9.81587301587302,9.89766081871345,999,9.87187187187187
314,685,9.81210191082802,9.8992700729927,999,9.87187187187187
311,688,9.80707395498392,9.8953488372093,999,9.86786786786787
315,682,9.7968253968254,9.89882697947214,997,9.86659979939819
310,689,9.79032258064516,9.89840348330914,999,9.86486486486486
313,686,9.79872204472843,9.9067055393586,999,9.87287287287287
308,691,9.81168831168831,9.90159189580318,999,9.87387387387387
313,684,9.80511182108626,9.90497076023392,997,9.87362086258776
311,686,9.79099678456592,9.91545189504373,997,9.87662988966901
312,686,9.80769230769231,9.91690962099125,998,9.88276553106212
306,692,9.78758169934641,9.91763005780347,998,9.87775551102204
296,702,9.82094594594595,9.91452991452991,998,9.88677354709419
295,703,9.81694915254237,9.91322901849218,998,9.88476953907816
293,705,9.82252559726962,9.9177304964539,998,9.88977955911824
282,716,9.83333333333333,9.91061452513966,998,9.88877755511022
283,716,9.81625441696113,9.90782122905028,999,9.88188188188188
277,720,9.82671480144404,9.90694444444444,997,9.88465396188566
281,718,9.83985765124555,9.90389972144847,999,9.88588588588589
280,718,9.83928571428571,9.90389972144847,998,9.88577154308617
286,712,9.83916083916084,9.90168539325843,998,9.88376753507014
287,712,9.82578397212544,9.89747191011236,999,9.87687687687688
281,717,9.82918149466192,9.9023709902371,998,9.88176352705411
287,711,9.85365853658537,9.90857946554149,998,9.89278557114229
288,711,9.82986111111111,9.90717299578059,999,9.88488488488488
292,706,9.86301369863014,9.90934844192635,998,9.89579158316633
302,697,9.87417218543046,9.91104734576757,999,9.8998998998999
306,692,9.87581699346405,9.91618497109827,998,9.90380761523046
305,694,9.87213114754098,9.9193083573487,999,9.9049049049049
308,691,9.86363636363636,9.9232995658466,999,9.9049049049049
309,689,9.85760517799353,9.9288824383164,998,9.90681362725451
306,692,9.85294117647059,9.92341040462428,998,9.90180360721443
300,699,9.83666666666667,9.92703862660944,999,9.8998998998999
298,701,9.8489932885906,9.92296718972896,999,9.9009009009009
298,701,9.83892617449664,9.92154065620542,999,9.8968968968969
294,705,9.83333333333333,9.92340425531915,999,9.8968968968969
293,704,9.8259385665529,9.92897727272727,997,9.89869608826479
290,709,9.83448275862069,9.93370944992948,999,9.9049049049049
281,716,9.8220640569395,9.93296089385475,997,9.90170511534604
290,707,9.84137931034483,9.93493635077794,997,9.90772316950853
287,712,9.8397212543554,9.93398876404494,999,9.90690690690691
295,704,9.83050847457627,9.93323863636364,999,9.9029029029029
293,706,9.84641638225256,9.93484419263456,999,9.90890890890891
296,702,9.85472972972973,9.93162393162393,998,9.90881763527054
307,692,9.85342019543974,9.93208092485549,999,9.90790790790791
311,687,9.85209003215434,9.92867540029112,998,9.90480961923848
312,687,9.85576923076923,9.92721979621543,999,9.9049049049049
312,685,9.85576923076923,9.93138686131387,997,9.90772316950853
310,688,9.85483870967742,9.93168604651163,998,9.90781563126252
308,690,9.86688311688312,9.9304347826087,998,9.91082164328657
301,698,9.87375415282392,9.93266475644699,999,9.91491491491491
305,693,9.88196721311475,9.93506493506493,998,9.9188376753507
311,688,9.88745980707395,9.94040697674419,999,9.92392392392392
300,699,9.89666666666667,9.93848354792561,999,9.92592592592593
298,701,9.8758389261745,9.93865905848788,999,9.91991991991992
291,708,9.87628865979381,9.93785310734463,999,9.91991991991992
293,706,9.8703071672355,9.94617563739377,999,9.92392392392392
297,702,9.86531986531987,9.94871794871795,999,9.92392392392392
301,698,9.86378737541528,9.94842406876791,999,9.92292292292292
294,704,9.85714285714286,9.95028409090909,998,9.92284569138276
294,704,9.85714285714286,9.94744318181818,998,9.92084168336673
291,707,9.8659793814433,9.94342291371994,998,9.92084168336673
285,714,9.85614035087719,9.94117647058824,999,9.91691691691692
286,713,9.85664335664336,9.94109396914446,999,9.91691691691692
286,711,9.84965034965035,9.93389592123769,997,9.90972918756269
293,703,9.84982935153584,9.93172119487909,996,9.90763052208835
287,709,9.83623693379791,9.92806770098731,996,9.90160642570281
296,703,9.83783783783784,9.92887624466572,999,9.9019019019019
298,700,9.83557046979866,9.92857142857143,998,9.90080160320641
304,695,9.83223684210526,9.93093525179856,999,9.9009009009009
302,697,9.83112582781457,9.92826398852224,999,9.8988988988989
303,696,9.82178217821782,9.92959770114943,999,9.8968968968969
294,704,9.85034013605442,9.93039772727273,998,9.90681362725451
296,703,9.85135135135135,9.92603129445235,999,9.9039039039039
288,708,9.85069444444444,9.93220338983051,996,9.90863453815261
292,707,9.8527397260274,9.92927864214993,999,9.90690690690691
283,716,9.86572438162544,9.93575418994413,999,9.91591591591592
281,718,9.88612099644128,9.94289693593315,999,9.92692692692693
271,728,9.88929889298893,9.9478021978022,999,9.93193193193193
270,729,9.8962962962963,9.9519890260631,999,9.93693693693694
269,730,9.8996282527881,9.95205479452055,999,9.93793793793794
279,718,9.89605734767025,9.95682451253482,997,9.93981945837513
275,724,9.90181818181818,9.95580110497237,999,9.94094094094094
285,714,9.89473684210526,9.95518207282913,999,9.93793793793794
289,710,9.90657439446367,9.95774647887324,999,9.94294294294294
295,702,9.89830508474576,9.95156695156695,997,9.9358074222668
292,705,9.90753424657534,9.95460992907801,997,9.94082246740221
296,703,9.91554054054054,9.94736842105263,999,9.93793793793794
303,696,9.92079207920792,9.95689655172414,999,9.94594594594595
302,697,9.91390728476821,9.95121951219512,999,9.93993993993994
294,704,9.90476190476191,9.95596590909091,998,9.94088176352705
292,707,9.9041095890411,9.95190947666195,999,9.93793793793794
290,707,9.91724137931035,9.95332390381895,997,9.94282848545637
289,709,9.92041522491349,9.95486600846262,998,9.94488977955912
287,711,9.9198606271777,9.9592123769339,998,9.94789579158317
283,715,9.92226148409894,9.95804195804196,998,9.94789579158317
286,713,9.92307692307692,9.95932678821879,999,9.94894894894895
281,718,9.93238434163701,9.96100278551532,999,9.95295295295295
286,712,9.93356643356643,9.96769662921348,998,9.95791583166333
289,710,9.93425605536332,9.96760563380282,999,9.95795795795796
294,705,9.93537414965986,9.96879432624113,999,9.95895895895896
279,720,9.93906810035842,9.96805555555556,999,9.95995995995996
289,708,9.94117647058824,9.96610169491525,997,9.95887662988967
283,716,9.9469964664311,9.96927374301676,999,9.96296296296296
292,707,9.94520547945205,9.96746817538897,999,9.96096096096096
294,705,9.94897959183673,9.97021276595745,999,9.96396396396396
291,707,9.93814432989691,9.96746817538897,998,9.95891783567134
282,716,9.93262411347518,9.97206703910615,998,9.96092184368737
272,726,9.93014705882353,9.96831955922865,998,9.95791583166333
280,717,9.92857142857143,9.96652719665272,997,9.95586760280842
281,717,9.93238434163701,9.96652719665272,998,9.95691382765531
281,717,9.93238434163701,9.96652719665272,998,9.95691382765531
279,720,9.93189964157706,9.96805555555556,999,9.95795795795796
274,724,9.93065693430657,9.96685082872928,998,9.95691382765531
275,724,9.92727272727273,9.96961325966851,999,9.95795795795796
275,724,9.92727272727273,9.96685082872928,999,9.95595595595596
270,729,9.93333333333333,9.96707818930041,999,9.95795795795796
270,729,9.93703703703704,9.96844993141289,999,9.95995995995996
275,723,9.94181818181818,9.97233748271093,998,9.96392785571142
279,719,9.93906810035842,9.97218358831711,998,9.96292585170341
275,724,9.95272727272727,9.96961325966851,999,9.96496496496496
272,726,9.95588235294118,9.96969696969697,998,9.96593186372746
268,731,9.96268656716418,9.96990424076607,999,9.96796796796797
258,739,9.96899224806202,9.96887686062246,997,9.96890672016048
256,742,9.96875,9.96765498652291,998,9.96793587174349
251,746,9.97211155378486,9.97319034852547,997,9.97291875626881
252,747,9.96825396825397,9.97590361445783,999,9.97397397397397
244,753,9.97131147540984,9.9734395750332,997,9.97291875626881
245,754,9.96734693877551,9.97612732095491,999,9.97397397397397
239,760,9.97489539748954,9.97763157894737,999,9.97697697697698
237,762,9.9746835443038,9.97769028871391,999,9.97697697697698
230,769,9.97826086956522,9.98049414824447,999,9.97997997997998
220,777,9.97727272727273,9.97812097812098,997,9.97793380140421
214,785,9.97663551401869,9.97707006369427,999,9.97697697697698
218,780,9.98165137614679,9.97692307692308,998,9.97795591182365
209,790,9.98086124401914,9.97341772151899,999,9.97497497497497
216,782,9.97685185185185,9.97314578005115,998,9.97394789579158
214,783,9.97663551401869,9.9757343550447,997,9.97592778335005
222,777,9.97747747747748,9.97683397683398,999,9.97697697697698
222,775,9.98198198198198,9.97548387096774,997,9.97693079237713
224,775,9.97767857142857,9.97548387096774,999,9.97597597597598
225,774,9.97777777777778,9.97286821705426,999,9.97397397397397
224,774,9.98214285714286,9.97416020671835,998,9.97595190380762
221,778,9.98190045248869,9.97172236503856,999,9.97397397397397
223,776,9.98206278026906,9.97036082474227,999,9.97297297297297
225,773,9.98222222222222,9.97283311772316,998,9.9749498997996
228,771,9.98245614035088,9.97405966277562,999,9.97597597597598
231,767,9.98268398268398,9.97522816166884,998,9.97695390781563
233,765,9.98712446351931,9.97254901960784,998,9.97595190380762
234,764,9.98717948717949,9.9738219895288,998,9.97695390781563
219,780,9.98630136986301,9.97692307692308,999,9.97897897897898
213,785,9.98591549295775,9.97197452229299,998,9.9749498997996
207,791,9.98550724637681,9.97471554993679,998,9.97695390781563
203,796,9.98522167487685,9.97110552763819,999,9.97397397397397
203,796,9.98522167487685,9.96984924623116,999,9.97297297297297
205,793,9.98048780487805,9.96847414880202,998,9.97094188376754
209,789,9.98086124401914,9.96704689480355,998,9.96993987975952
207,791,9.97584541062802,9.96713021491782,998,9.9689378757515
196,802,9.97448979591837,9.96758104738155,998,9.9689378757515
195,801,9.97948717948718,9.96878901373283,996,9.97088353413655
193,806,9.97927461139896,9.96774193548387,999,9.96996996996997
196,803,9.98469387755102,9.96762141967621,999,9.97097097097097
189,809,9.98412698412698,9.96662546353523,998,9.96993987975952
201,797,9.98009950248756,9.96361355081556,998,9.96693386773547
203,796,9.98522167487685,9.96482412060302,999,9.96896896896897
207,791,9.98550724637681,9.96586599241467,998,9.96993987975952
210,788,9.98095238095238,9.96954314720812,998,9.97194388777555
208,789,9.98076923076923,9.96704689480355,997,9.96990972918756
207,792,9.98067632850242,9.96464646464647,999,9.96796796796797
209,790,9.98564593301435,9.9620253164557,999,9.96696696696697
203,795,9.98029556650246,9.96100628930818,998,9.96492985971944
204,793,9.99019607843137,9.96216897856242,997,9.9679037111334
199,798,9.98994974874372,9.95989974937343,997,9.96589769307924
204,795,9.99019607843137,9.96477987421384,999,9.96996996996997
203,796,9.99014778325123,9.96482412060302,999,9.96996996996997
208,790,9.99519230769231,9.9620253164557,998,9.9689378757515
202,796,10.0,9.95979899497488,998,9.96793587174349
208,791,10.0,9.95701643489254,999,9.96596596596597
201,796,10.0,9.95477386934673,997,9.96389167502508
205,793,10.0,9.95838587641866,998,9.96693386773547
199,800,10.0,9.95625,999,9.96496496496496
207,792,10.0,9.95707070707071,999,9.96596596596597
198,801,10.0,9.96004993757803,999,9.96796796796797
199,799,10.0,9.95869837296621,998,9.96693386773547
191,808,10.0,9.96039603960396,999,9.96796796796797
194,803,10.0,9.95765877957659,997,9.96589769307924
195,804,10.0,9.96268656716418,999,9.96996996996997
193,805,10.0,9.95776397515528,998,9.96593186372746
191,808,10.0,9.95915841584158,999,9.96696696696697
185,814,10.0,9.95823095823096,999,9.96596596596597
183,813,10.0,9.95817958179582,996,9.96586345381526
186,813,10.0,9.95817958179582,999,9.96596596596597
188,808,10.0,9.95420792079208,996,9.96285140562249
191,807,10.0,9.95786864931846,998,9.96593186372746
196,803,10.0,9.95641344956413,999,9.96496496496496
194,805,10.0,9.95652173913044,999,9.96496496496496
181,817,10.0,9.9547123623011,998,9.96292585170341
179,820,10.0,9.95853658536585,999,9.96596596596597
181,816,10.0,9.95098039215686,997,9.95987963891675
182,816,10.0,9.95710784313725,998,9.96492985971944
179,819,10.0,9.95482295482295,998,9.96292585170341
176,821,10.0,9.9537149817296,997,9.96188565697091
180,817,10.0,9.9547123623011,997,9.96288866599799
172,826,10.0,9.95399515738499,998,9.96192384769539
166,832,10.0,9.953125,998,9.96092184368737
158,838,10.0,9.95584725536993,996,9.96285140562249
157,842,10.0,9.95724465558195,999,9.96396396396396
157,842,10.0,9.95605700712589,999,9.96296296296296
152,846,10.0,9.95271867612293,998,9.95991983967936
151,848,10.0,9.95165094339623,999,9.95895895895896
146,852,10.0,9.95422535211268,998,9.96092184368737
148,851,10.0,9.95534665099883,999,9.96196196196196
149,849,10.0,9.95524146054181,998,9.96192384769539
155,843,10.0,9.95610913404508,998,9.96292585170341
157,841,10.0,9.95481569560047,998,9.96192384769539
163,836,10.0,9.95813397129187,999,9.96496496496496
160,838,10.0,9.9618138424821,998,9.96793587174349
152,847,10.0,9.96340023612751,999,9.96896896896897
155,844,10.0,9.96208530805687,999,9.96796796796797
151,848,10.0,9.96108490566038,999,9.96696696696697
156,841,10.0,9.95957193816885,997,9.96589769307924
151,847,10.0,9.96340023612751,998,9.9689378757515
156,843,10.0,9.9632265717675,999,9.96896896896897
157,842,10.0,9.96555819477435,999,9.97097097097097
167,831,10.0,9.96389891696751,998,9.96993987975952
164,835,10.0,9.95928143712575,999,9.96596596596597
167,832,10.0,9.95913461538461,999,9.96596596596597
163,836,10.0,9.95574162679426,999,9.96296296296296
156,843,10.0,9.95373665480427,999,9.96096096096096
150,847,10.0,9.95749704840614,997,9.96389167502508
151,846,10.0,9.95390070921986,997,9.96088264794383
148,850,10.0,9.95411764705882,998,9.96092184368737
148,850,10.0,9.95176470588235,998,9.95891783567134
147,852,10.0,9.95422535211268,999,9.96096096096096
146,853,10.0,9.95310668229777,999,9.95995995995996
149,850,10.0,9.95294117647059,999,9.95995995995996
140,858,10.0,9.95337995337995,998,9.95991983967936
141,857,10.0,9.95332555425904,998,9.95991983967936
136,863,10.0,9.95365005793743,999,9.95995995995996
142,855,10.0,9.95438596491228,997,9.96088264794383
142,857,10.0,9.95215869311552,999,9.95895895895896
146,851,10.0,9.95652173913044,997,9.96288866599799
148,851,10.0,9.95534665099883,999,9.96196196196196
146,852,10.0,9.95422535211268,998,9.96092184368737
138,861,10.0,9.95586527293844,999,9.96196196196196
146,853,10.0,9.95779601406799,999,9.96396396396396
145,854,10.0,9.95316159250586,999,9.95995995995996
144,855,10.0,9.95321637426901,999,9.95995995995996
146,853,10.0,9.95427901524033,999,9.96096096096096
147,852,10.0,9.95305164319249,999,9.95995995995996
141,857,10.0,9.95215869311552,998,9.95891783567134
137,861,10.0,9.95005807200929,998,9.95691382765531
140,859,10.0,9.9464493597206,999,9.95395395395395
141,858,10.0,9.94755244755245,999,9.95495495495495
141,858,10.0,9.94755244755245,999,9.95495495495495
149,849,10.0,9.94817432273263,998,9.95591182364729
143,855,10.0,9.94269005847953,998,9.95090180360721
142,857,10.0,9.94749124854142,999,9.95495495495495
145,853,10.0,9.94841735052755,998,9.95591182364729
146,851,10.0,9.94712103407756,997,9.95486459378134
149,848,10.0,9.94575471698113,997,9.95386158475426
155,841,10.0,9.94292508917955,996,9.95180722891566
157,840,10.0,9.94523809523809,997,9.95386158475426
158,839,10.0,9.94159713945173,997,9.95085255767302
163,835,10.0,9.9437125748503,998,9.95290581162325
164,835,10.0,9.94011976047904,999,9.94994994994995
166,833,10.0,9.93997599039616,999,9.94994994994995
169,828,10.0,9.94323671497585,997,9.95285857572718
172,827,10.0,9.93954050785973,999,9.94994994994995
171,826,10.0,9.94309927360775,997,9.95285857572718
174,824,10.0,9.93446601941748,998,9.94589178356713
178,820,10.0,9.94024390243902,998,9.95090180360721
181,818,10.0,9.93643031784841,999,9.94794794794795
172,825,10.0,9.93939393939394,997,9.94984954864594
187,810,10.0,9.93703703703704,997,9.94884653961886
181,816,10.0,9.93137254901961,997,9.94383149448345
186,813,10.0,9.93726937269373,999,9.94894894894895
182,816,10.0,9.92892156862745,998,9.94188376753507
180,818,10.0,9.9278728606357,998,9.94088176352705
180,819,10.0,9.92918192918193,999,9.94194194194194
187,811,10.0,9.92478421701603,998,9.93887775551102
179,818,10.0,9.92665036674817,997,9.93981945837513
184,814,10.0,9.92506142506143,998,9.93887775551102
184,814,10.0,9.93243243243243,998,9.94488977955912
183,814,10.0,9.93611793611794,997,9.94784353059178
187,809,10.0,9.93695920889988,996,9.94879518072289
193,805,10.0,9.93540372670807,998,9.94789579158317
195,803,10.0,9.93524283935243,998,9.94789579158317
202,797,10.0,9.93851944792974,999,9.95095095095095
203,796,10.0,9.93592964824121,999,9.94894894894895
201,796,10.0,9.93718592964824,997,9.94984954864594
204,795,10.0,9.93459119496855,999,9.94794794794795
203,795,10.0,9.93710691823899,998,9.9498997995992
207,791,10.0,9.93552465233881,998,9.94889779559118
205,793,10.0,9.93820933165195,998,9.95090180360721
204,795,10.0,9.94088050314465,999,9.95295295295295
199,799,10.0,9.93491864831039,998,9.94789579158317
199,800,10.0,9.935,999,9.94794794794795
202,796,10.0,9.9321608040201,998,9.94589178356713
207,790,10.0,9.93037974683544,997,9.94483450351053
213,786,10.0,9.92493638676845,999,9.94094094094094
213,785,10.0,9.92738853503185,998,9.94288577154309
220,779,10.0,9.92811296534018,999,9.94394394394394
224,775,10.0,9.92516129032258,999,9.94194194194194
228,771,10.0,9.92996108949416,999,9.94594594594595
224,774,10.0,9.93152454780362,998,9.94689378757515
223,773,10.0,9.92626131953428,996,9.94277108433735
209,790,10.0,9.92911392405063,999,9.94394394394394
213,786,10.0,9.93002544529262,999,9.94494494494494
210,788,10.0,9.92766497461929,998,9.94288577154309
212,787,10.0,9.92376111817027,999,9.93993993993994
215,784,10.0,9.92729591836735,999,9.94294294294294
219,779,10.0,9.92554557124519,998,9.94188376753507
221,778,10.0,9.9293059125964,999,9.94494494494494
225,774,10.0,9.92635658914729,999,9.94294294294294
228,770,10.0,9.92337662337662,998,9.94088176352705
231,766,10.0,9.9242819843342,997,9.94182547642929
230,767,10.0,9.92698826597132,997,9.94383149448345
237,762,10.0,9.9251968503937,999,9.94294294294294
237,762,10.0,9.9238845144357,999,9.94194194194194
239,759,10.0,9.92490118577075,998,9.94288577154309
238,760,10.0,9.91842105263158,998,9.93787575150301
235,763,10.0,9.9213630406291,998,9.93987975951904
240,758,10.0,9.91952506596306,998,9.93887775551102
241,757,10.0,9.91941875825627,998,9.93887775551102
239,759,10.0,9.91963109354414,998,9.93887775551102
236,763,10.0,9.92005242463958,999,9.93893893893894
225,774,10.0,9.91860465116279,999,9.93693693693694
214,785,10.0,9.91592356687898,999,9.93393393393393
217,779,10.0,9.91784338896021,996,9.93574297188755
210,789,10.0,9.91128010139417,999,9.92992992992993
211,788,10.0,9.91243654822335,999,9.93093093093093
209,790,10.0,9.91392405063291,999,9.93193193193193
201,798,10.0,9.91102756892231,999,9.92892892892893
199,800,10.0,9.915,999,9.93193193193193
196,802,10.0,9.91895261845386,998,9.93486973947896
196,803,10.0,9.92029887920299,999,9.93593593593594
201,797,10.0,9.92471769134253,998,9.93987975951904
199,800,10.0,9.92375,999,9.93893893893894
196,802,10.0,9.92518703241895,998,9.93987975951904
192,806,10.0,9.92555831265509,998,9.93987975951904
194,804,10.0,9.93034825870647,998,9.9438877755511
196,803,10.0,9.93026151930261,999,9.94394394394394
197,800,10.0,9.93375,997,9.94684052156469
192,807,10.0,9.9368029739777,999,9.94894894894895
197,800,10.0,9.9425,997,9.95386158475426
197,801,10.0,9.93757802746567,998,9.9498997995992
206,791,10.0,9.94184576485461,997,9.95386158475426
207,792,10.0,9.93686868686869,999,9.94994994994995
201,798,10.0,9.94110275689223,999,9.95295295295295
201,797,10.0,9.93475533249686,998,9.94789579158317
193,805,10.0,9.93913043478261,998,9.95090180360721
193,805,10.0,9.94285714285714,998,9.95390781563126
191,806,10.0,9.94416873449132,997,9.95486459378134
193,806,10.0,9.94044665012407,999,9.95195195195195
184,815,10.0,9.93619631901841,999,9.94794794794795
189,810,10.0,9.9320987654321,999,9.94494494494494
185,814,10.0,9.92997542997543,999,9.94294294294294
176,822,10.0,9.92700729927007,998,9.93987975951904
177,822,10.0,9.9294403892944,999,9.94194194194194
169,829,10.0,9.93003618817853,998,9.94188376753507
172,827,10.0,9.9310761789601,999,9.94294294294294
171,827,10.0,9.92744860943168,998,9.93987975951904
180,819,10.0,9.93162393162393,999,9.94394394394394
182,816,10.0,9.93014705882353,998,9.94288577154309
192,807,10.0,9.93060718711276,999,9.94394394394394
191,806,10.0,9.9317617866005,997,9.94483450351053
200,798,10.0,9.93107769423559,998,9.94488977955912
199,799,10.0,9.9261576971214,998,9.94088176352705
200,797,10.0,9.92346298619824,997,9.93881644934804
