forward_num,reverse_num,forward_rate,reverse_rate,organism_num,organism_rate
5,5,5.0,5.0,10,5.0
5,4,5.0,4.5,9,4.77777777777778
5,4,5.0,4.5,9,4.77777777777778
6,4,5.33333333333333,4.5,10,5.0
7,5,5.42857142857143,4.8,12,5.16666666666667
8,6,5.375,4.83333333333333,14,5.14285714285714
11,7,5.54545454545455,4.71428571428571,18,5.22222222222222
14,10,5.42857142857143,4.8,24,5.16666666666667
14,10,5.42857142857143,4.8,24,5.16666666666667
20,12,5.7,4.83333333333333,32,5.375
20,12,5.7,4.83333333333333,32,5.375
26,18,5.61538461538461,5.0,44,5.36363636363636
34,17,5.94117647058824,5.0,51,5.62745098039216
38,20,5.84210526315789,5.0,58,5.55172413793103
48,30,5.75,5.13333333333333,78,5.51282051282051
64,30,6.0625,5.13333333333333,94,5.76595744680851
68,34,5.94117647058824,5.0,102,5.62745098039216
92,56,5.8695652173913,5.28571428571429,148,5.64864864864865
124,56,6.16129032258065,5.28571428571429,180,5.88888888888889
124,56,6.16129032258065,5.28571428571429,180,5.88888888888889
124,55,6.16129032258065,5.27272727272727,179,5.88826815642458
248,110,6.16129032258065,5.27272727272727,358,5.88826815642458
248,110,6.16129032258065,5.27272727272727,358,5.88826815642458
248,110,6.16129032258065,5.27272727272727,358,5.88826815642458
440,171,6.38181818181818,5.53216374269006,611,6.14402618657938
472,195,6.28813559322034,5.46666666666667,667,6.047976011994
581,211,6.33907056798623,5.35545023696682,792,6.0770202020202
763,234,6.44167758846658,5.32905982905983,997,6.18054162487462
747,252,6.41231593038822,5.39285714285714,999,6.15515515515516
730,269,6.36575342465753,5.40520446096654,999,6.10710710710711
756,243,6.43386243386243,5.37860082304527,999,6.17717717717718
750,249,6.38266666666667,5.40160642570281,999,6.13813813813814
747,252,6.40428380187416,5.45238095238095,999,6.16416416416416
753,245,6.41965471447543,5.43673469387755,998,6.17835671342685
753,245,6.40637450199203,5.41224489795918,998,6.1623246492986
748,250,6.42513368983957,5.464,998,6.18436873747495
761,238,6.45729303547963,5.50840336134454,999,6.23123123123123
748,251,6.42379679144385,5.50597609561753,999,6.19319319319319
749,250,6.42323097463284,5.548,999,6.2042042042042
754,245,6.44297082228117,5.51836734693878,999,6.21621621621622
751,248,6.47536617842876,5.52016129032258,999,6.23823823823824
752,246,6.46808510638298,5.48780487804878,998,6.22645290581162
758,241,6.48812664907652,5.53112033195021,999,6.25725725725726
768,229,6.52083333333333,5.51965065502183,997,6.29087261785356
764,234,6.5065445026178,5.52564102564103,998,6.27655310621242
762,237,6.51574803149606,5.50632911392405,999,6.27627627627628
763,235,6.52817824377457,5.51489361702128,998,6.28957915831663
772,227,6.51295336787565,5.51541850220264,999,6.28628628628629
770,227,6.51948051948052,5.52422907488987,997,6.29287863590772
772,223,6.53626943005181,5.55605381165919,995,6.31658291457286
773,226,6.53428201811125,5.51327433628319,999,6.3033033033033
763,235,6.51114023591088,5.53617021276596,998,6.2815631262525
766,231,6.53133159268929,5.56277056277056,997,6.30692076228686
771,227,6.52140077821012,5.56387665198238,998,6.30360721442886
766,232,6.51436031331593,5.56465517241379,998,6.2935871743487
763,236,6.52817824377457,5.58474576271186,999,6.30530530530531
767,231,6.55541069100391,5.55411255411255,998,6.32364729458918
762,237,6.54199475065617,5.55274261603375,999,6.30730730730731
762,236,6.5249343832021,5.5635593220339,998,6.29759519038076
766,232,6.5509138381201,5.57758620689655,998,6.32464929859719
767,232,6.54367666232073,5.55603448275862,999,6.31431431431431
762,236,6.55511811023622,5.55084745762712,998,6.31763527054108
758,240,6.56860158311346,5.55416666666667,998,6.32464929859719
757,241,6.58520475561427,5.54771784232365,998,6.33466933867735
762,236,6.56824146981627,5.5635593220339,998,6.33066132264529
763,235,6.58191349934469,5.56595744680851,998,6.34268537074148
771,228,6.60181582360571,5.53508771929825,999,6.35835835835836
772,227,6.5880829015544,5.54625550660793,999,6.35135135135135
766,233,6.57702349869452,5.56223175965665,999,6.34034034034034
775,224,6.61806451612903,5.58928571428571,999,6.38738738738739
766,232,6.60835509138381,5.57758620689655,998,6.3687374749499
770,227,6.59220779220779,5.56387665198238,997,6.358074222668
771,228,6.59792477302205,5.59649122807018,999,6.36936936936937
774,221,6.61757105943152,5.58371040723982,995,6.38793969849246
784,214,6.60076530612245,5.61214953271028,998,6.38877755511022
784,214,6.5905612244898,5.5981308411215,998,6.37775551102204
789,210,6.62230671736375,5.56190476190476,999,6.3993993993994
783,216,6.62324393358876,5.56481481481481,999,6.39439439439439
784,214,6.62372448979592,5.57009345794393,998,6.39779559118236
794,205,6.64231738035264,5.57073170731707,999,6.42242242242242
786,212,6.6412213740458,5.5377358490566,998,6.40681362725451
784,215,6.63010204081633,5.53023255813954,999,6.39339339339339
790,209,6.63417721518987,5.55980861244019,999,6.40940940940941
791,207,6.63843236409608,5.54106280193237,998,6.41082164328657
795,204,6.62389937106918,5.54901960784314,999,6.4044044044044
804,195,6.61940298507463,5.56923076923077,999,6.41441441441441
796,201,6.64824120603015,5.60199004975124,997,6.43731193580742
798,201,6.64035087719298,5.59203980099502,999,6.42942942942943
805,194,6.64347826086957,5.61855670103093,999,6.44444444444444
811,187,6.6596794081381,5.62032085561497,998,6.46492985971944
806,191,6.64764267990074,5.65968586387435,997,6.45837512537613
810,188,6.64567901234568,5.68617021276596,998,6.46492985971944
811,188,6.64488286066584,5.70212765957447,999,6.46746746746747
809,189,6.63906056860321,5.6984126984127,998,6.46092184368737
807,189,6.63692688971499,5.69312169312169,996,6.45783132530121
810,188,6.63456790123457,5.68085106382979,998,6.45490981963928
816,183,6.63480392156863,5.63934426229508,999,6.45245245245245
814,185,6.63636363636364,5.65945945945946,999,6.45545545545546
820,178,6.64146341463415,5.66292134831461,998,6.46693386773547
829,167,6.64294330518697,5.65868263473054,996,6.47791164658635
832,166,6.62740384615385,5.63855421686747,998,6.46292585170341
835,164,6.63233532934132,5.64634146341463,999,6.47047047047047
832,165,6.640625,5.67878787878788,997,6.481444332999
834,165,6.63669064748201,5.69090909090909,999,6.48048048048048
832,165,6.63701923076923,5.69090909090909,997,6.48044132397192
835,162,6.65748502994012,5.67901234567901,997,6.49849548645938
838,161,6.67064439140811,5.68944099378882,999,6.51251251251251
839,160,6.65911799761621,5.66875,999,6.5005005005005
842,157,6.66152019002375,5.69426751592357,999,6.50950950950951
846,152,6.65839243498818,5.70394736842105,998,6.51302605210421
849,150,6.65724381625442,5.72,999,6.51651651651652
848,151,6.65801886792453,5.70198675496689,999,6.51351351351351
842,156,6.66983372921615,5.70512820512821,998,6.51903807615231
839,158,6.66150178784267,5.74050632911392,997,6.51554663991976
845,153,6.67455621301775,5.72549019607843,998,6.52905811623246
842,157,6.67577197149644,5.7515923566879,999,6.53053053053053
846,153,6.65721040189125,5.75816993464052,999,6.51951951951952
849,148,6.66195524146054,5.73648648648649,997,6.52457372116349
849,150,6.66666666666667,5.74,999,6.52752752752753
845,152,6.66745562130177,5.72368421052632,997,6.52357071213641
852,147,6.66431924882629,5.74829931972789,999,6.52952952952953
846,151,6.65011820330969,5.77483443708609,997,6.51755265797392
851,148,6.65569917743831,5.77702702702703,999,6.52552552552553
857,141,6.65227537922987,5.79432624113475,998,6.5310621242485
856,143,6.66004672897196,5.7972027972028,999,6.53653653653654
858,140,6.65850815850816,5.8,998,6.53807615230461
859,140,6.65308498253783,5.81428571428571,999,6.53553553553554
864,134,6.6412037037037,5.79850746268657,998,6.52805611222445
863,136,6.65469293163384,5.83088235294118,999,6.54254254254254
864,135,6.65625,5.84444444444444,999,6.54654654654655
861,138,6.65156794425087,5.83333333333333,999,6.53853853853854
860,138,6.63953488372093,5.83333333333333,998,6.52805611222445
860,138,6.64186046511628,5.84057971014493,998,6.5310621242485
857,140,6.63943990665111,5.81428571428571,997,6.52357071213641
865,134,6.64277456647399,5.8134328358209,999,6.53153153153153
864,134,6.66782407407407,5.85074626865672,998,6.55811623246493
868,131,6.67165898617511,5.87786259541985,999,6.56756756756757
869,130,6.66283084004603,5.86923076923077,999,6.55955955955956
872,127,6.66169724770642,5.8740157480315,999,6.56156156156156
872,126,6.67775229357798,5.88095238095238,998,6.57715430861723
873,126,6.69072164948454,5.8968253968254,999,6.59059059059059
873,126,6.69988545246277,5.90476190476191,999,6.5995995995996
877,122,6.7115165336374,5.90983606557377,999,6.61361361361361
873,126,6.71019473081329,5.92857142857143,999,6.61161161161161
873,126,6.71477663230241,5.91269841269841,999,6.61361361361361
876,122,6.7203196347032,5.92622950819672,998,6.62324649298597
879,120,6.71899886234357,5.925,999,6.62362362362362
879,120,6.72013651877133,5.925,999,6.62462462462462
881,117,6.73098751418842,5.91452991452991,998,6.63527054108216
879,119,6.73947667804323,5.90756302521008,998,6.64028056112224
873,125,6.74455899198167,5.912,998,6.64028056112224
869,129,6.74798619102417,5.91472868217054,998,6.64028056112224
870,127,6.76206896551724,5.91338582677165,997,6.65396188565697
869,129,6.76064441887227,5.91472868217054,998,6.65130260521042
869,129,6.76064441887227,5.91472868217054,998,6.65130260521042
876,122,6.77511415525114,5.9016393442623,998,6.66833667334669
872,127,6.77064220183486,5.88976377952756,999,6.65865865865866
866,132,6.77367205542725,5.89393939393939,998,6.65731462925852
868,129,6.77764976958525,5.89147286821705,997,6.6629889669007
867,132,6.7843137254902,5.89393939393939,999,6.66666666666667
868,131,6.79377880184332,5.90076335877863,999,6.67667667667668
869,128,6.79976985040276,5.890625,997,6.68304914744233
873,126,6.79495990836197,5.90476190476191,999,6.68268268268268
872,127,6.78899082568807,5.90551181102362,999,6.67667667667668
873,126,6.78579610538373,5.91269841269841,999,6.67567567567568
877,120,6.77537058152794,5.90833333333333,997,6.67101303911735
885,114,6.77853107344633,5.91228070175439,999,6.67967967967968
879,119,6.78498293515358,5.91596638655462,998,6.6813627254509
880,119,6.79204545454545,5.92436974789916,999,6.68868868868869
876,120,6.79680365296804,5.93333333333333,996,6.69277108433735
884,115,6.78846153846154,5.93913043478261,999,6.69069069069069
885,114,6.79322033898305,5.92982456140351,999,6.69469469469469
876,120,6.79566210045662,5.925,996,6.69076305220884
877,122,6.79589509692132,5.92622950819672,999,6.68968968968969
877,122,6.79475484606613,5.9344262295082,999,6.68968968968969
881,117,6.79455164585698,5.92307692307692,998,6.69238476953908
878,120,6.7995444191344,5.91666666666667,998,6.69338677354709
886,112,6.79909706546275,5.90178571428571,998,6.69839679358717
889,110,6.79752530933633,5.89090909090909,999,6.6976976976977
885,113,6.8,5.89380530973451,998,6.69739478957916
887,109,6.79706877113867,5.90825688073395,996,6.69979919678715
889,110,6.79077615298088,5.9,999,6.69269269269269
889,109,6.79977502812149,5.89908256880734,998,6.70140280561122
890,107,6.79550561797753,5.91588785046729,997,6.70110330992979
895,104,6.79553072625698,5.92307692307692,999,6.7047047047047
901,95,6.7968923418424,5.89473684210526,996,6.71084337349398
901,98,6.78468368479467,5.90816326530612,999,6.6986986986987
897,102,6.79487179487179,5.91176470588235,999,6.7047047047047
902,97,6.79379157427938,5.88659793814433,999,6.70570570570571
899,98,6.7908787541713,5.89795918367347,997,6.70310932798395
896,102,6.78125,5.91176470588235,998,6.69238476953908
901,98,6.78135405105438,5.90816326530612,999,6.6956956956957
896,102,6.78683035714286,5.90196078431373,998,6.69639278557114
893,106,6.78723404255319,5.90566037735849,999,6.69369369369369
890,108,6.78876404494382,5.90740740740741,998,6.69338677354709
894,102,6.78523489932886,5.90196078431373,996,6.69477911646586
893,105,6.78499440089586,5.8952380952381,998,6.69138276553106
893,104,6.78275475923852,5.95192307692308,997,6.69608826479438
896,102,6.77678571428571,5.96078431372549,998,6.69338677354709
901,98,6.78801331853496,5.96938775510204,999,6.70770770770771
896,101,6.7890625,5.97029702970297,997,6.7061183550652
895,104,6.79441340782123,5.97115384615385,999,6.70870870870871
897,101,6.79264214046823,5.97029702970297,998,6.70941883767535
894,105,6.80648769574944,5.97142857142857,999,6.71871871871872
900,99,6.80555555555556,5.96969696969697,999,6.72272272272272
903,96,6.8062015503876,5.95833333333333,999,6.72472472472472
912,87,6.80811403508772,5.95402298850575,999,6.73373373373373
907,92,6.80154355016538,5.95652173913043,999,6.72372372372372
910,88,6.80549450549451,5.96590909090909,998,6.7314629258517
911,88,6.80680570801317,5.95454545454545,999,6.73173173173173
907,88,6.80595369349504,5.95454545454545,995,6.73065326633166
913,85,6.80832420591457,5.95294117647059,998,6.73547094188377
915,84,6.80765027322404,5.96428571428571,999,6.73673673673674
916,82,6.81004366812227,5.96341463414634,998,6.74048096192385
917,82,6.80916030534351,5.96341463414634,999,6.73973973973974
913,86,6.81270536692223,5.96511627906977,999,6.73973973973974
913,85,6.80284775465498,5.96470588235294,998,6.7314629258517
910,89,6.80659340659341,5.95505617977528,999,6.73073073073073
911,87,6.81997804610318,5.95402298850575,998,6.74448897795591
912,84,6.81907894736842,5.96428571428571,996,6.74698795180723
912,87,6.81907894736842,5.96551724137931,999,6.74474474474474
922,76,6.82212581344902,5.94736842105263,998,6.75551102204409
920,79,6.81630434782609,5.93670886075949,999,6.74674674674675
920,77,6.81304347826087,5.94805194805195,997,6.74623871614845
921,77,6.8099891422367,5.94805194805195,998,6.7434869739479
920,78,6.81195652173913,5.93589743589744,998,6.7434869739479
920,77,6.81739130434783,5.94805194805195,997,6.75025075225677
918,80,6.81481481481481,5.95,998,6.74549098196393
916,83,6.8089519650655,5.95180722891566,999,6.73773773773774
911,86,6.80790340285401,5.94186046511628,997,6.73319959879639
914,85,6.81291028446389,5.94117647058824,999,6.73873873873874
915,82,6.81639344262295,5.9390243902439,997,6.74423269809428
915,84,6.81092896174863,5.95238095238095,999,6.73873873873874
917,80,6.8113413304253,5.95,997,6.74222668004012
915,83,6.81420765027322,5.95180722891566,998,6.74248496993988
914,85,6.81619256017505,5.95294117647059,999,6.74274274274274
920,78,6.82065217391304,5.94871794871795,998,6.75250501002004
918,80,6.81154684095861,5.95,998,6.74248496993988
916,82,6.81331877729258,5.95121951219512,998,6.74248496993988
918,81,6.82135076252723,5.93827160493827,999,6.74974974974975
915,84,6.82185792349727,5.92857142857143,999,6.74674674674675
921,77,6.82519001085776,5.93506493506494,998,6.7565130260521
921,77,6.82519001085776,5.93506493506494,998,6.7565130260521
924,74,6.83116883116883,5.93243243243243,998,6.76452905811623
925,74,6.82378378378378,5.91891891891892,999,6.75675675675676
930,67,6.8247311827957,5.92537313432836,997,6.76429287863591
928,70,6.83728448275862,5.92857142857143,998,6.77354709418838
926,72,6.82613390928726,5.93055555555556,998,6.76152304609218
922,77,6.82863340563991,5.90909090909091,999,6.75775775775776
920,78,6.83478260869565,5.91025641025641,998,6.7625250501002
923,76,6.84723726977248,5.90789473684211,999,6.77577577577578
917,80,6.84078516902944,5.9125,997,6.76629889669007
917,82,6.83860414394766,5.90243902439024,999,6.76176176176176
913,86,6.84446878422782,5.90697674418605,999,6.76376376376376
912,85,6.84758771929825,5.92941176470588,997,6.76930792377131
918,77,6.84531590413943,5.92207792207792,995,6.77386934673367
922,76,6.84924078091106,5.90789473684211,998,6.77755511022044
918,80,6.85403050108932,5.9125,998,6.77855711422846
920,79,6.84891304347826,5.92405063291139,999,6.77577577577578
918,79,6.8562091503268,5.93670886075949,997,6.78335005015045
921,78,6.85884907709012,5.93589743589744,999,6.78678678678679
921,76,6.85124864277959,5.92105263157895,997,6.78034102306921
924,73,6.8517316017316,5.91780821917808,997,6.78335005015045
926,73,6.85421166306695,5.91780821917808,999,6.78578578578579
923,72,6.85590465872156,5.91666666666667,995,6.78793969849246
931,66,6.85499462943072,5.90909090909091,997,6.79237713139418
932,66,6.84442060085837,5.90909090909091,998,6.78256513026052
933,66,6.85316184351554,5.92424242424242,999,6.79179179179179
928,70,6.85775862068965,5.91428571428571,998,6.79158316633267
929,70,6.85468245425188,5.9,999,6.78778778778779
925,74,6.85297297297297,5.90540540540541,999,6.78278278278278
919,79,6.8487486398259,5.92405063291139,998,6.77555110220441
920,79,6.85108695652174,5.91139240506329,999,6.77677677677678
917,81,6.84732824427481,5.91358024691358,998,6.77154308617235
918,79,6.84095860566449,5.89873417721519,997,6.76629889669007
926,72,6.84341252699784,5.91666666666667,998,6.77655310621242
929,70,6.84284176533907,5.91428571428571,999,6.77777777777778
928,70,6.84590517241379,5.9,998,6.77955911823647
930,69,6.84193548387097,5.89855072463768,999,6.77677677677678
929,68,6.83638320775027,5.89705882352941,997,6.77231695085256
929,69,6.84284176533907,5.89855072463768,998,6.77755511022044
929,69,6.84714747039828,5.94202898550725,998,6.78456913827655
937,61,6.84525080042689,5.9344262295082,998,6.78957915831663
940,59,6.84468085106383,5.93220338983051,999,6.79079079079079
934,64,6.84475374732334,5.9375,998,6.78657314629258
937,61,6.83991462113127,5.9344262295082,998,6.78456913827655
943,55,6.83881230116649,5.92727272727273,998,6.78857715430862
944,53,6.84427966101695,5.94339622641509,997,6.79638916750251
942,57,6.83970276008493,5.94736842105263,999,6.78878878878879
943,56,6.83138918345705,5.94642857142857,999,6.78178178178178
944,55,6.83368644067797,5.94545454545455,999,6.78478478478478
942,56,6.82908704883227,5.94642857142857,998,6.77955911823647
947,52,6.82154171066526,5.94230769230769,999,6.77577577577578
945,52,6.82116402116402,5.94230769230769,997,6.7753259779338
950,48,6.82947368421053,5.9375,998,6.78657314629258
953,46,6.83210912906611,5.91304347826087,999,6.78978978978979
957,42,6.83176593521421,5.90476190476191,999,6.79279279279279
957,41,6.83594566353187,5.90243902439024,998,6.79759519038076
955,43,6.83769633507853,5.90697674418605,998,6.79759519038076
956,42,6.84100418410042,5.88095238095238,998,6.80060120240481
957,41,6.84326018808777,5.90243902439024,998,6.80460921843687
954,44,6.83962264150943,5.93181818181818,998,6.79959919839679
958,41,6.83820459290188,5.92682926829268,999,6.8008008008008
957,40,6.84012539184953,5.9,997,6.802407221665
959,38,6.84045881126173,5.92105263157895,997,6.80541624874624
960,37,6.83854166666667,5.91891891891892,997,6.80441323971916
967,32,6.83867631851086,5.90625,999,6.80880880880881
968,31,6.84297520661157,5.90322580645161,999,6.81381381381381
966,33,6.84368530020704,5.87878787878788,999,6.81181181181181
965,31,6.84663212435233,5.90322580645161,996,6.81726907630522
966,32,6.84057971014493,5.90625,998,6.81062124248497
964,35,6.84439834024896,5.91428571428571,999,6.81181181181181
965,33,6.84559585492228,5.96969696969697,998,6.81663326653307
964,35,6.8454356846473,5.97142857142857,999,6.81481481481481
965,32,6.84455958549223,5.96875,997,6.81644934804413
967,31,6.85108583247156,5.96774193548387,998,6.82364729458918
967,32,6.85108583247156,5.96875,999,6.82282282282282
971,28,6.84654994850669,6.0,999,6.82282282282282
972,26,6.84876543209877,6.0,998,6.82665330661323
974,24,6.84496919917864,6.0,998,6.82464929859719
976,23,6.84118852459016,6.0,999,6.82182182182182
976,23,6.84733606557377,6.0,999,6.82782782782783
974,24,6.84086242299795,6.0,998,6.82064128256513
973,26,6.84686536485098,6.0,999,6.82482482482482
972,27,6.84465020576132,6.0,999,6.82182182182182
972,25,6.84156378600823,6.0,997,6.82046138415246
975,23,6.83794871794872,6.0,998,6.8186372745491
978,20,6.83742331288344,6.0,998,6.82064128256513
974,24,6.83572895277207,6.0,998,6.81563126252505
979,20,6.83656792645557,6.0,999,6.81981981981982
979,19,6.83963227783453,6.0,998,6.82364729458918
976,19,6.84016393442623,6.0,995,6.82412060301507
979,20,6.83248212461696,6.0,999,6.81581581581582
978,19,6.83844580777096,6.0,997,6.82246740220662
980,18,6.83673469387755,6.0,998,6.82164328657315
978,21,6.83946830265849,6.0,999,6.82182182182182
978,20,6.83435582822086,6.0,998,6.81763527054108
975,21,6.83589743589744,6.0,996,6.81827309236948
976,21,6.83606557377049,6.0,997,6.81845536609829
977,22,6.84237461617195,6.0,999,6.82382382382382
976,22,6.84733606557377,6.0,998,6.82865731462926
979,20,6.84371807967314,6.0,999,6.82682682682683
978,21,6.84355828220859,6.0,999,6.82582582582583
976,22,6.84016393442623,6.0,998,6.82164328657315
972,26,6.84156378600823,6.0,998,6.81963927855711
973,26,6.83967112024666,6.0,999,6.81781781781782
974,25,6.84188911704312,6.0,999,6.82082082082082
973,26,6.84172661870504,6.0,999,6.81981981981982
973,25,6.84686536485098,6.0,998,6.82565130260521
971,26,6.8475798146241,6.0,997,6.82547642928786
972,27,6.84876543209877,6.0,999,6.82582582582583
976,23,6.85040983606557,6.0,999,6.83083083083083
978,21,6.85071574642127,6.0,999,6.83283283283283
976,22,6.84938524590164,6.0,998,6.83066132264529
978,21,6.85173824130879,6.0,999,6.83383383383383
981,18,6.85626911314985,6.0,999,6.84084084084084
983,16,6.85350966429298,6.0,999,6.83983983983984
978,19,6.86196319018405,6.0,997,6.84553660982949
980,18,6.85612244897959,6.0,998,6.84068136272545
978,20,6.85787321063395,6.0,998,6.84068136272545
980,19,6.86020408163265,6.0,999,6.84384384384384
979,20,6.85699693564862,6.0,999,6.83983983983984
978,21,6.8558282208589,6.0,999,6.83783783783784
977,21,6.85670419651996,6.0,998,6.83867735470942
974,23,6.85523613963039,6.0,997,6.83550651955868
977,22,6.8474923234391,6.0,999,6.82882882882883
976,21,6.8483606557377,6.0,997,6.83049147442327
977,22,6.86386898669396,6.0,999,6.84484484484484
977,22,6.86693961105425,6.0,999,6.84784784784785
977,22,6.87103377686796,6.0,999,6.85185185185185
978,21,6.87423312883436,6.0,999,6.85585585585586
978,21,6.87116564417178,6.0,999,6.85285285285285
977,21,6.87205731832139,6.0,998,6.85370741482966
977,21,6.87512794268168,6.0,998,6.85671342685371
976,22,6.8719262295082,6.0,998,6.85270541082164
976,22,6.87295081967213,6.0,998,6.85370741482966
978,20,6.88139059304704,6.0,998,6.86372745490982
974,24,6.88398357289528,6.0,998,6.8627254509018
978,21,6.87934560327198,6.0,999,6.86086086086086
980,19,6.87959183673469,6.0,999,6.86286286286286
977,21,6.87819856704197,6.0,998,6.85971943887776
980,16,6.88571428571429,6.0,996,6.8714859437751
983,15,6.88911495422177,6.0,998,6.87575150300601
986,13,6.88235294117647,6.0,999,6.87087087087087
983,13,6.88504577822991,6.0,996,6.87349397590361
988,11,6.88056680161943,6.0,999,6.87087087087087
985,13,6.88020304568528,6.0,998,6.8687374749499
984,15,6.8739837398374,6.0,999,6.86086086086086
985,13,6.8761421319797,6.0,998,6.86472945891784
985,14,6.87106598984772,6.0,999,6.85885885885886
987,12,6.87335359675785,6.0,999,6.86286286286286
984,14,6.8739837398374,6.0,998,6.86172344689379
984,15,6.86788617886179,6.0,999,6.85485485485485
984,15,6.86890243902439,6.0,999,6.85585585585586
980,15,6.87040816326531,6.0,995,6.8572864321608
986,13,6.8630831643002,6.0,999,6.85185185185185
985,13,6.85888324873096,6.0,998,6.84769539078156
986,12,6.86105476673428,6.0,998,6.85070140280561
986,11,6.87423935091278,6.0,997,6.86459378134403
986,10,6.87018255578093,6.0,996,6.86144578313253
988,10,6.87449392712551,6.0,998,6.86573146292585
989,10,6.87664307381193,6.0,999,6.86786786786787
987,11,6.8774062816616,6.0,998,6.86773547094188
988,10,6.87651821862348,6.0,998,6.86773547094188
991,8,6.87790110998991,6.0,999,6.87087087087087
990,9,6.88080808080808,6.0,999,6.87287287287287
990,9,6.88282828282828,6.0,999,6.87487487487487
991,8,6.87991927346115,6.0,999,6.87287287287287
987,9,6.88956433637285,6.0,996,6.88152610441767
987,10,6.88956433637285,6.0,997,6.88064192577733
990,9,6.88383838383838,6.0,999,6.87587587587588
992,6,6.88407258064516,6.0,998,6.87875751503006
992,7,6.88911290322581,6.0,999,6.88288288288288
991,8,6.8920282542886,6.0,999,6.88488488488488
990,8,6.88787878787879,6.0,998,6.88076152304609
989,9,6.88473205257836,6.0,998,6.87675350701403
990,8,6.88484848484848,6.0,998,6.87775551102204
988,9,6.8836032388664,6.0,997,6.87562688064193
989,10,6.88776541961577,6.0,999,6.87887887887888
991,7,6.87790110998991,6.0,998,6.87174348697395
992,7,6.88407258064516,6.0,999,6.87787787787788
991,7,6.8920282542886,6.0,998,6.88577154308617
991,8,6.89303733602422,6.0,999,6.88588588588589
990,8,6.89292929292929,6.0,998,6.88577154308617
991,8,6.8920282542886,6.0,999,6.88488488488488
991,8,6.89404641775984,6.0,999,6.88688688688689
992,7,6.89717741935484,6.0,999,6.89089089089089
994,5,6.89738430583501,6.0,999,6.89289289289289
994,5,6.90543259557344,6.0,999,6.9009009009009
993,5,6.90634441087613,6.0,998,6.90180360721443
995,4,6.91356783919598,6.0,999,6.90990990990991
994,4,6.90643863179074,6.0,998,6.90280561122244
994,5,6.90744466800805,6.0,999,6.9029029029029
993,6,6.91137965760322,6.0,999,6.90590590590591
993,6,6.9103726082578,6.0,999,6.9049049049049
991,7,6.90817356205853,6.0,998,6.90180360721443
990,6,6.90909090909091,6.0,996,6.90361445783132
991,7,6.91120080726539,6.0,998,6.90480961923848
990,8,6.91313131313131,6.0,998,6.90581162324649
989,8,6.91102123356926,6.0,997,6.9037111334002
990,7,6.91010101010101,6.0,997,6.9037111334002
989,8,6.90899898887765,6.0,997,6.90170511534604
989,9,6.91405460060667,6.0,998,6.90581162324649
991,7,6.92028254288597,6.0,998,6.91382765531062
992,7,6.92036290322581,6.0,999,6.91391391391391
989,8,6.91607684529828,6.0,997,6.90872617853561
991,7,6.91422805247225,6.0,998,6.90781563126253
993,6,6.91440080563948,6.0,999,6.90890890890891
992,6,6.92036290322581,6.0,998,6.91482965931864
994,4,6.91851106639839,6.0,998,6.91482965931864
995,4,6.92060301507538,6.0,999,6.91691691691692
994,4,6.920523138833,6.0,998,6.91683366733467
993,4,6.91742195367573,6.0,997,6.91374122367101
997,2,6.91775325977934,6.0,999,6.91591591591592
995,3,6.91959798994975,6.0,998,6.91683366733467
996,3,6.9206827309237,6.0,999,6.91791791791792
995,3,6.91758793969849,6.0,998,6.91482965931864
996,3,6.91465863453815,6.0,999,6.91191191191191
994,3,6.91549295774648,6.0,997,6.91273821464393
995,3,6.91959798994975,6.0,998,6.91683366733467
994,3,6.91851106639839,6.0,997,6.91574724172518
996,3,6.91666666666667,6.0,999,6.91391391391391
994,3,6.920523138833,6.0,997,6.91775325977934
996,3,6.91666666666667,6.0,999,6.91391391391391
994,3,6.91549295774648,6.0,997,6.91273821464393
995,4,6.91457286432161,6.0,999,6.91091091091091
995,4,6.91356783919598,6.0,999,6.90990990990991
996,3,6.91465863453815,6.0,999,6.91191191191191
995,4,6.91557788944724,6.0,999,6.91191191191191
993,4,6.91842900302115,6.0,997,6.91474423269809
994,4,6.9215291750503,6.0,998,6.91783567134269
994,5,6.92354124748491,6.0,999,6.91891891891892
990,6,6.92727272727273,6.0,996,6.92168674698795
993,5,6.92749244712991,6.0,998,6.92284569138277
994,5,6.92655935613682,6.0,999,6.92192192192192
993,4,6.92447129909366,6.0,997,6.92076228686058
995,4,6.92261306532663,6.0,999,6.91891891891892
996,3,6.92570281124498,6.0,999,6.92292292292292
996,3,6.91767068273092,6.0,999,6.91491491491491
996,3,6.91767068273092,6.0,999,6.91491491491491
996,2,6.9136546184739,6.0,998,6.91182364729459
997,2,6.91273821464393,6.0,999,6.91091091091091
996,2,6.91465863453815,6.0,998,6.91282565130261
997,2,6.91775325977934,6.0,999,6.91591591591592
996,2,6.91666666666667,6.0,998,6.91482965931864
998,1,6.91783567134269,6.0,999,6.91691691691692
998,1,6.91482965931864,6.0,999,6.91391391391391
997,1,6.91675025075226,6.0,998,6.91583166332665
997,1,6.91574724172518,6.0,998,6.91482965931864
997,1,6.91374122367101,6.0,998,6.91282565130261
998,1,6.91683366733467,6.0,999,6.91591591591592
998,1,6.91182364729459,6.0,999,6.91091091091091
998,1,6.90981963927856,6.0,999,6.90890890890891
996,2,6.90763052208835,6.0,998,6.90581162324649
997,1,6.90471414242728,6.0,998,6.90380761523046
998,1,6.90280561122244,6.0,999,6.9019019019019
997,1,6.90170511534604,6.0,998,6.90080160320641
998,1,6.89879759519038,6.0,999,6.8978978978979
998,1,6.90480961923848,6.0,999,6.9039039039039
998,1,6.91282565130261,6.0,999,6.91191191191191
997,1,6.91574724172518,6.0,998,6.91482965931864
997,1,6.91775325977934,6.0,998,6.91683366733467
998,1,6.91783567134269,6.0,999,6.91691691691692
997,1,6.9197592778335,6.0,998,6.9188376753507
997,1,6.91574724172518,6.0,998,6.91482965931864
997,1,6.91474423269809,6.0,998,6.91382765531062
998,1,6.91482965931864,6.0,999,6.91391391391391
997,1,6.91474423269809,6.0,998,6.91382765531062
997,1,6.90972918756269,6.0,998,6.90881763527054
997,1,6.90972918756269,6.0,998,6.90881763527054
997,2,6.91474423269809,6.0,999,6.91291291291291
996,1,6.90562248995984,6.0,997,6.90471414242728
998,1,6.90180360721443,6.0,999,6.9009009009009
994,2,6.90845070422535,6.0,996,6.9066265060241
996,2,6.90562248995984,6.0,998,6.90380761523046
997,1,6.89769307923771,6.0,998,6.89679358717435
997,1,6.89769307923771,6.0,998,6.89679358717435
998,1,6.90280561122244,6.0,999,6.9019019019019
996,1,6.8995983935743,6.0,997,6.89869608826479
997,1,6.89568706118355,6.0,998,6.89478957915832
997,1,6.89969909729188,6.0,998,6.89879759519038
996,1,6.90261044176707,6.0,997,6.90170511534604
997,1,6.90170511534604,6.0,998,6.90080160320641
998,1,6.90180360721443,6.0,999,6.9009009009009
998,1,6.90280561122244,6.0,999,6.9019019019019
998,1,6.89879759519038,6.0,999,6.8978978978979
997,1,6.89969909729188,6.0,998,6.89879759519038
996,1,6.90261044176707,6.0,997,6.90170511534604
997,1,6.9037111334002,6.0,998,6.90280561122244
997,1,6.91374122367101,6.0,998,6.91282565130261
998,1,6.91282565130261,6.0,999,6.91191191191191
998,1,6.91082164328657,6.0,999,6.90990990990991
996,1,6.90863453815261,6.0,997,6.90772316950853
999,0,6.9009009009009,NaN,999,6.9009009009009
997,0,6.90270812437312,NaN,997,6.90270812437312
998,0,6.90581162324649,NaN,998,6.90581162324649
999,0,6.90790790790791,NaN,999,6.90790790790791
999,0,6.9049049049049,NaN,999,6.9049049049049
999,0,6.9019019019019,NaN,999,6.9019019019019
997,0,6.9037111334002,NaN,997,6.9037111334002
999,0,6.9029029029029,NaN,999,6.9029029029029
999,0,6.9019019019019,NaN,999,6.9019019019019
999,0,6.9009009009009,NaN,999,6.9009009009009
999,0,6.9009009009009,NaN,999,6.9009009009009
998,0,6.8997995991984,NaN,998,6.8997995991984
998,0,6.89478957915832,NaN,998,6.89478957915832
999,0,6.89489489489489,NaN,999,6.89489489489489
999,0,6.8958958958959,NaN,999,6.8958958958959
999,0,6.8978978978979,NaN,999,6.8978978978979
998,0,6.89078156312625,NaN,998,6.89078156312625
997,0,6.89969909729188,NaN,997,6.89969909729188
994,0,6.90040241448692,NaN,994,6.90040241448692
998,0,6.89478957915832,NaN,998,6.89478957915832
999,0,6.88888888888889,NaN,999,6.88888888888889
998,0,6.87975951903808,NaN,998,6.87975951903808
998,0,6.88476953907816,NaN,998,6.88476953907816
999,0,6.87887887887888,NaN,999,6.87887887887888
999,0,6.88188188188188,NaN,999,6.88188188188188
995,0,6.88040201005025,NaN,995,6.88040201005025
998,0,6.88176352705411,NaN,998,6.88176352705411
997,0,6.88966900702106,NaN,997,6.88966900702106
999,0,6.88088088088088,NaN,999,6.88088088088088
998,0,6.87975951903808,NaN,998,6.87975951903808
999,0,6.88488488488488,NaN,999,6.88488488488488
997,0,6.89267803410231,NaN,997,6.89267803410231
998,0,6.88577154308617,NaN,998,6.88577154308617
999,0,6.88388388388388,NaN,999,6.88388388388388
999,0,6.88488488488488,NaN,999,6.88488488488488
999,0,6.88788788788789,NaN,999,6.88788788788789
999,0,6.88788788788789,NaN,999,6.88788788788789
999,0,6.88688688688689,NaN,999,6.88688688688689
999,0,6.88088088088088,NaN,999,6.88088088088088
999,0,6.87987987987988,NaN,999,6.87987987987988
998,0,6.87875751503006,NaN,998,6.87875751503006
998,0,6.874749498998,NaN,998,6.874749498998
997,0,6.87061183550652,NaN,997,6.87061183550652
999,0,6.87387387387387,NaN,999,6.87387387387387
999,0,6.87387387387387,NaN,999,6.87387387387387
997,0,6.87662988966901,NaN,997,6.87662988966901
999,0,6.87787787787788,NaN,999,6.87787787787788
998,0,6.87675350701403,NaN,998,6.87675350701403
999,0,6.88288288288288,NaN,999,6.88288288288288
999,0,6.87787787787788,NaN,999,6.87787787787788
998,0,6.87875751503006,NaN,998,6.87875751503006
999,0,6.88488488488488,NaN,999,6.88488488488488
999,0,6.88688688688689,NaN,999,6.88688688688689
998,0,6.89178356713427,NaN,998,6.89178356713427
999,0,6.88588588588589,NaN,999,6.88588588588589
999,0,6.88988988988989,NaN,999,6.88988988988989
999,0,6.89389389389389,NaN,999,6.89389389389389
999,0,6.88888888888889,NaN,999,6.88888888888889
999,0,6.88588588588589,NaN,999,6.88588588588589
997,0,6.87863590772317,NaN,997,6.87863590772317
998,0,6.87575150300601,NaN,998,6.87575150300601
999,0,6.87687687687688,NaN,999,6.87687687687688
998,0,6.87775551102204,NaN,998,6.87775551102204
998,0,6.87575150300601,NaN,998,6.87575150300601
999,0,6.87587587587588,NaN,999,6.87587587587588
999,0,6.87687687687688,NaN,999,6.87687687687688
999,0,6.86986986986987,NaN,999,6.86986986986987
997,0,6.87061183550652,NaN,997,6.87061183550652
999,0,6.86686686686687,NaN,999,6.86686686686687
998,0,6.86472945891784,NaN,998,6.86472945891784
999,0,6.87387387387387,NaN,999,6.87387387387387
998,0,6.87274549098196,NaN,998,6.87274549098196
998,0,6.8687374749499,NaN,998,6.8687374749499
999,0,6.88188188188188,NaN,999,6.88188188188188
998,0,6.87274549098196,NaN,998,6.87274549098196
997,0,6.87061183550652,NaN,997,6.87061183550652
999,0,6.86886886886887,NaN,999,6.86886886886887
999,0,6.87587587587588,NaN,999,6.87587587587588
998,0,6.87675350701403,NaN,998,6.87675350701403
998,0,6.87675350701403,NaN,998,6.87675350701403
997,0,6.88164493480441,NaN,997,6.88164493480441
999,0,6.88588588588589,NaN,999,6.88588588588589
998,0,6.88276553106212,NaN,998,6.88276553106212
999,0,6.88688688688689,NaN,999,6.88688688688689
999,0,6.88188188188188,NaN,999,6.88188188188188
999,0,6.88188188188188,NaN,999,6.88188188188188
999,0,6.87887887887888,NaN,999,6.87887887887888
999,0,6.88388388388388,NaN,999,6.88388388388388
999,0,6.88288288288288,NaN,999,6.88288288288288
999,0,6.88688688688689,NaN,999,6.88688688688689
999,0,6.89189189189189,NaN,999,6.89189189189189
998,0,6.89178356713427,NaN,998,6.89178356713427
997,0,6.88465396188566,NaN,997,6.88465396188566
999,0,6.88888888888889,NaN,999,6.88888888888889
998,0,6.89278557114228,NaN,998,6.89278557114228
998,0,6.88877755511022,NaN,998,6.88877755511022
999,0,6.87887887887888,NaN,999,6.87887887887888
998,0,6.88276553106212,NaN,998,6.88276553106212
998,0,6.88176352705411,NaN,998,6.88176352705411
999,0,6.87687687687688,NaN,999,6.87687687687688
997,0,6.88064192577733,NaN,997,6.88064192577733
999,0,6.88388388388388,NaN,999,6.88388388388388
998,0,6.88376753507014,NaN,998,6.88376753507014
999,0,6.88688688688689,NaN,999,6.88688688688689
997,0,6.8876629889669,NaN,997,6.8876629889669
997,0,6.87963891675025,NaN,997,6.87963891675025
997,0,6.87763289869609,NaN,997,6.87763289869609
999,0,6.87187187187187,NaN,999,6.87187187187187
998,0,6.87074148296593,NaN,998,6.87074148296593
999,0,6.87687687687688,NaN,999,6.87687687687688
999,0,6.88388388388388,NaN,999,6.88388388388388
999,0,6.88288288288288,NaN,999,6.88288288288288
999,0,6.88188188188188,NaN,999,6.88188188188188
997,0,6.88064192577733,NaN,997,6.88064192577733
999,0,6.88488488488488,NaN,999,6.88488488488488
997,0,6.88565697091274,NaN,997,6.88565697091274
998,0,6.88476953907816,NaN,998,6.88476953907816
999,0,6.89389389389389,NaN,999,6.89389389389389
997,0,6.89568706118355,NaN,997,6.89568706118355
999,0,6.8968968968969,NaN,999,6.8968968968969
998,0,6.89879759519038,NaN,998,6.89879759519038
999,0,6.9029029029029,NaN,999,6.9029029029029
999,0,6.9039039039039,NaN,999,6.9039039039039
999,0,6.9049049049049,NaN,999,6.9049049049049
998,0,6.90781563126253,NaN,998,6.90781563126253
999,0,6.90790790790791,NaN,999,6.90790790790791
999,0,6.90990990990991,NaN,999,6.90990990990991
999,0,6.90790790790791,NaN,999,6.90790790790791
998,0,6.90981963927856,NaN,998,6.90981963927856
999,0,6.90890890890891,NaN,999,6.90890890890891
998,0,6.91182364729459,NaN,998,6.91182364729459
998,0,6.91182364729459,NaN,998,6.91182364729459
998,0,6.90581162324649,NaN,998,6.90581162324649
999,0,6.91291291291291,NaN,999,6.91291291291291
999,0,6.90890890890891,NaN,999,6.90890890890891
998,0,6.91182364729459,NaN,998,6.91182364729459
999,0,6.91291291291291,NaN,999,6.91291291291291
998,0,6.91182364729459,NaN,998,6.91182364729459
998,0,6.91182364729459,NaN,998,6.91182364729459
999,0,6.90890890890891,NaN,999,6.90890890890891
999,0,6.91191191191191,NaN,999,6.91191191191191
999,0,6.91291291291291,NaN,999,6.91291291291291
999,0,6.90990990990991,NaN,999,6.90990990990991
999,0,6.91291291291291,NaN,999,6.91291291291291
999,0,6.90890890890891,NaN,999,6.90890890890891
999,0,6.91191191191191,NaN,999,6.91191191191191
999,0,6.90890890890891,NaN,999,6.90890890890891
998,0,6.90781563126253,NaN,998,6.90781563126253
999,0,6.91191191191191,NaN,999,6.91191191191191
999,0,6.91091091091091,NaN,999,6.91091091091091
998,0,6.91282565130261,NaN,998,6.91282565130261
999,0,6.91691691691692,NaN,999,6.91691691691692
998,0,6.91482965931864,NaN,998,6.91482965931864
998,0,6.92184368737475,NaN,998,6.92184368737475
998,0,6.92184368737475,NaN,998,6.92184368737475
999,0,6.92792792792793,NaN,999,6.92792792792793
999,0,6.92792792792793,NaN,999,6.92792792792793
999,0,6.92592592592593,NaN,999,6.92592592592593
998,0,6.92885771543086,NaN,998,6.92885771543086
999,0,6.92892892892893,NaN,999,6.92892892892893
999,0,6.93393393393393,NaN,999,6.93393393393393
998,0,6.93286573146293,NaN,998,6.93286573146293
999,0,6.93293293293293,NaN,999,6.93293293293293
999,0,6.93793793793794,NaN,999,6.93793793793794
997,0,6.93981945837513,NaN,997,6.93981945837513
999,0,6.93893893893894,NaN,999,6.93893893893894
998,0,6.93887775551102,NaN,998,6.93887775551102
998,0,6.94188376753507,NaN,998,6.94188376753507
999,0,6.94094094094094,NaN,999,6.94094094094094
997,0,6.94082246740221,NaN,997,6.94082246740221
999,0,6.94494494494494,NaN,999,6.94494494494494
999,0,6.93993993993994,NaN,999,6.93993993993994
999,0,6.94194194194194,NaN,999,6.94194194194194
999,0,6.94194194194194,NaN,999,6.94194194194194
997,0,6.94182547642929,NaN,997,6.94182547642929
998,0,6.9438877755511,NaN,998,6.9438877755511
998,0,6.9438877755511,NaN,998,6.9438877755511
999,0,6.94294294294294,NaN,999,6.94294294294294
998,0,6.94288577154309,NaN,998,6.94288577154309
998,0,6.94288577154309,NaN,998,6.94288577154309
998,0,6.94589178356713,NaN,998,6.94589178356713
999,0,6.94594594594595,NaN,999,6.94594594594595
998,0,6.94488977955912,NaN,998,6.94488977955912
997,0,6.94583751253761,NaN,997,6.94583751253761
999,0,6.94594594594595,NaN,999,6.94594594594595
999,0,6.94394394394394,NaN,999,6.94394394394394
999,0,6.94694694694695,NaN,999,6.94694694694695
998,0,6.94488977955912,NaN,998,6.94488977955912
997,0,6.94483450351053,NaN,997,6.94483450351053
999,0,6.94294294294294,NaN,999,6.94294294294294
999,0,6.94094094094094,NaN,999,6.94094094094094
999,0,6.93693693693694,NaN,999,6.93693693693694
998,0,6.93587174348697,NaN,998,6.93587174348697
999,0,6.93993993993994,NaN,999,6.93993993993994
999,0,6.93793793793794,NaN,999,6.93793793793794
996,0,6.93574297188755,NaN,996,6.93574297188755
999,0,6.93693693693694,NaN,999,6.93693693693694
999,0,6.93693693693694,NaN,999,6.93693693693694
999,0,6.94094094094094,NaN,999,6.94094094094094
999,0,6.94094094094094,NaN,999,6.94094094094094
998,0,6.94188376753507,NaN,998,6.94188376753507
999,0,6.94494494494494,NaN,999,6.94494494494494
999,0,6.94594594594595,NaN,999,6.94594594594595
999,0,6.94894894894895,NaN,999,6.94894894894895
998,0,6.95390781563126,NaN,998,6.95390781563126
998,0,6.95190380761523,NaN,998,6.95190380761523
998,0,6.95390781563126,NaN,998,6.95390781563126
999,0,6.95795795795796,NaN,999,6.95795795795796
995,0,6.95577889447236,NaN,995,6.95577889447236
999,0,6.95195195195195,NaN,999,6.95195195195195
995,0,6.95075376884422,NaN,995,6.95075376884422
999,0,6.95095095095095,NaN,999,6.95095095095095
999,0,6.94694694694695,NaN,999,6.94694694694695
998,0,6.94488977955912,NaN,998,6.94488977955912
999,0,6.94594594594595,NaN,999,6.94594594594595
999,0,6.94894894894895,NaN,999,6.94894894894895
998,0,6.9438877755511,NaN,998,6.9438877755511
999,0,6.94794794794795,NaN,999,6.94794794794795
999,0,6.94894894894895,NaN,999,6.94894894894895
999,0,6.94794794794795,NaN,999,6.94794794794795
998,0,6.9498997995992,NaN,998,6.9498997995992
996,0,6.94879518072289,NaN,996,6.94879518072289
999,0,6.94494494494494,NaN,999,6.94494494494494
998,0,6.94188376753507,NaN,998,6.94188376753507
999,0,6.94194194194194,NaN,999,6.94194194194194
999,0,6.94094094094094,NaN,999,6.94094094094094
999,0,6.93993993993994,NaN,999,6.93993993993994
999,0,6.93793793793794,NaN,999,6.93793793793794
997,0,6.93781344032096,NaN,997,6.93781344032096
998,0,6.9438877755511,NaN,998,6.9438877755511
997,0,6.94483450351053,NaN,997,6.94483450351053
997,0,6.93981945837513,NaN,997,6.93981945837513
998,0,6.94088176352705,NaN,998,6.94088176352705
998,0,6.94188376753507,NaN,998,6.94188376753507
998,0,6.94088176352705,NaN,998,6.94088176352705
998,0,6.94288577154309,NaN,998,6.94288577154309
995,0,6.95075376884422,NaN,995,6.95075376884422
997,0,6.94784353059178,NaN,997,6.94784353059178
999,0,6.95095095095095,NaN,999,6.95095095095095
999,0,6.94994994994995,NaN,999,6.94994994994995
997,0,6.94684052156469,NaN,997,6.94684052156469
998,0,6.94689378757515,NaN,998,6.94689378757515
999,0,6.95095095095095,NaN,999,6.95095095095095
998,0,6.94789579158317,NaN,998,6.94789579158317
998,0,6.94689378757515,NaN,998,6.94689378757515
998,0,6.94889779559118,NaN,998,6.94889779559118
998,0,6.94589178356713,NaN,998,6.94589178356713
998,0,6.94589178356713,NaN,998,6.94589178356713
999,0,6.94494494494494,NaN,999,6.94494494494494
999,0,6.94294294294294,NaN,999,6.94294294294294
999,0,6.94294294294294,NaN,999,6.94294294294294
995,0,6.94773869346734,NaN,995,6.94773869346734
999,0,6.94994994994995,NaN,999,6.94994994994995
999,0,6.94994994994995,NaN,999,6.94994994994995
998,0,6.9498997995992,NaN,998,6.9498997995992
999,0,6.95395395395395,NaN,999,6.95395395395395
995,0,6.95376884422111,NaN,995,6.95376884422111
999,0,6.95695695695696,NaN,999,6.95695695695696
999,0,6.95895895895896,NaN,999,6.95895895895896
999,0,6.96296296296296,NaN,999,6.96296296296296
999,0,6.96296296296296,NaN,999,6.96296296296296
999,0,6.96296296296296,NaN,999,6.96296296296296
999,0,6.96596596596597,NaN,999,6.96596596596597
998,0,6.96593186372746,NaN,998,6.96593186372746
998,0,6.96392785571142,NaN,998,6.96392785571142
999,0,6.96396396396396,NaN,999,6.96396396396396
998,0,6.96392785571142,NaN,998,6.96392785571142
998,0,6.96392785571142,NaN,998,6.96392785571142
999,0,6.96596596596597,NaN,999,6.96596596596597
999,0,6.96696696696697,NaN,999,6.96696696696697
999,0,6.96896896896897,NaN,999,6.96896896896897
999,0,6.97197197197197,NaN,999,6.97197197197197
998,0,6.96793587174349,NaN,998,6.96793587174349
998,0,6.9689378757515,NaN,998,6.9689378757515
998,0,6.97094188376754,NaN,998,6.97094188376754
996,0,6.97088353413655,NaN,996,6.97088353413655
999,0,6.97097097097097,NaN,999,6.97097097097097
999,0,6.96996996996997,NaN,999,6.96996996996997
996,0,6.97088353413655,NaN,996,6.97088353413655
998,0,6.97194388777555,NaN,998,6.97194388777555
999,0,6.97097097097097,NaN,999,6.97097097097097
999,0,6.97297297297297,NaN,999,6.97297297297297
999,0,6.97097097097097,NaN,999,6.97097097097097
998,0,6.96993987975952,NaN,998,6.96993987975952
999,0,6.97197197197197,NaN,999,6.97197197197197
998,0,6.97094188376754,NaN,998,6.97094188376754
999,0,6.96796796796797,NaN,999,6.96796796796797
998,0,6.96793587174349,NaN,998,6.96793587174349
999,0,6.96996996996997,NaN,999,6.96996996996997
999,0,6.96796796796797,NaN,999,6.96796796796797
999,0,6.96896896896897,NaN,999,6.96896896896897
998,0,6.96693386773547,NaN,998,6.96693386773547
997,0,6.96690070210632,NaN,997,6.96690070210632
998,0,6.96593186372746,NaN,998,6.96593186372746
999,0,6.96596596596597,NaN,999,6.96596596596597
998,0,6.96693386773547,NaN,998,6.96693386773547
999,0,6.96796796796797,NaN,999,6.96796796796797
999,0,6.97097097097097,NaN,999,6.97097097097097
998,0,6.97194388777555,NaN,998,6.97194388777555
996,0,6.9718875502008,NaN,996,6.9718875502008
997,0,6.97693079237713,NaN,997,6.97693079237713
999,0,6.97897897897898,NaN,999,6.97897897897898
998,0,6.97995991983968,NaN,998,6.97995991983968
997,0,6.97893681043129,NaN,997,6.97893681043129
999,0,6.97897897897898,NaN,999,6.97897897897898
998,0,6.97795591182365,NaN,998,6.97795591182365
998,0,6.97695390781563,NaN,998,6.97695390781563
999,0,6.97497497497497,NaN,999,6.97497497497497
999,0,6.97497497497497,NaN,999,6.97497497497497
999,0,6.97497497497497,NaN,999,6.97497497497497
999,0,6.97697697697698,NaN,999,6.97697697697698
998,0,6.97995991983968,NaN,998,6.97995991983968
999,0,6.97897897897898,NaN,999,6.97897897897898
999,0,6.97997997997998,NaN,999,6.97997997997998
999,0,6.98298298298298,NaN,999,6.98298298298298
999,0,6.98198198198198,NaN,999,6.98198198198198
999,0,6.98398398398398,NaN,999,6.98398398398398
999,0,6.98498498498498,NaN,999,6.98498498498498
999,0,6.98698698698699,NaN,999,6.98698698698699
997,0,6.98495486459378,NaN,997,6.98495486459378
999,0,6.98398398398398,NaN,999,6.98398398398398
997,0,6.98595787362086,NaN,997,6.98595787362086
998,0,6.98396793587174,NaN,998,6.98396793587174
998,0,6.98296593186373,NaN,998,6.98296593186373
999,0,6.98298298298298,NaN,999,6.98298298298298
999,0,6.98098098098098,NaN,999,6.98098098098098
997,0,6.98094282848546,NaN,997,6.98094282848546
999,0,6.98098098098098,NaN,999,6.98098098098098
999,0,6.97797797797798,NaN,999,6.97797797797798
999,0,6.97997997997998,NaN,999,6.97997997997998
999,0,6.98098098098098,NaN,999,6.98098098098098
999,0,6.98198198198198,NaN,999,6.98198198198198
996,0,6.97991967871486,NaN,996,6.97991967871486
999,0,6.98198198198198,NaN,999,6.98198198198198
999,0,6.98298298298298,NaN,999,6.98298298298298
999,0,6.98398398398398,NaN,999,6.98398398398398
999,0,6.98398398398398,NaN,999,6.98398398398398
999,0,6.98398398398398,NaN,999,6.98398398398398
999,0,6.98398398398398,NaN,999,6.98398398398398
997,0,6.98094282848546,NaN,997,6.98094282848546
999,0,6.97997997997998,NaN,999,6.97997997997998
999,0,6.97997997997998,NaN,999,6.97997997997998
999,0,6.97897897897898,NaN,999,6.97897897897898
998,0,6.97795591182365,NaN,998,6.97795591182365
999,0,6.97697697697698,NaN,999,6.97697697697698
999,0,6.97697697697698,NaN,999,6.97697697697698
998,0,6.97595190380762,NaN,998,6.97595190380762
999,0,6.97597597597598,NaN,999,6.97597597597598
998,0,6.97595190380762,NaN,998,6.97595190380762
999,0,6.97597597597598,NaN,999,6.97597597597598
999,0,6.97597597597598,NaN,999,6.97597597597598
997,0,6.97893681043129,NaN,997,6.97893681043129
999,0,6.97897897897898,NaN,999,6.97897897897898
998,0,6.98096192384769,NaN,998,6.98096192384769
998,0,6.98296593186373,NaN,998,6.98296593186373
999,0,6.98398398398398,NaN,999,6.98398398398398
998,0,6.98597194388778,NaN,998,6.98597194388778
998,0,6.98697394789579,NaN,998,6.98697394789579
999,0,6.98898898898899,NaN,999,6.98898898898899
998,0,6.98997995991984,NaN,998,6.98997995991984
997,0,6.98996990972919,NaN,997,6.98996990972919
998,0,6.98997995991984,NaN,998,6.98997995991984
998,0,6.98797595190381,NaN,998,6.98797595190381
998,0,6.98597194388778,NaN,998,6.98597194388778
999,0,6.98698698698699,NaN,999,6.98698698698699
999,0,6.98798798798799,NaN,999,6.98798798798799
999,0,6.98798798798799,NaN,999,6.98798798798799
997,0,6.98796389167503,NaN,997,6.98796389167503
998,0,6.98697394789579,NaN,998,6.98697394789579
998,0,6.98597194388778,NaN,998,6.98597194388778
999,0,6.98398398398398,NaN,999,6.98398398398398
998,0,6.98396793587174,NaN,998,6.98396793587174
999,0,6.98598598598599,NaN,999,6.98598598598599
998,0,6.98597194388778,NaN,998,6.98597194388778
999,0,6.98898898898899,NaN,999,6.98898898898899
999,0,6.98798798798799,NaN,999,6.98798798798799
999,0,6.98698698698699,NaN,999,6.98698698698699
999,0,6.98798798798799,NaN,999,6.98798798798799
998,0,6.98897795591182,NaN,998,6.98897795591182
998,0,6.99098196392786,NaN,998,6.99098196392786
999,0,6.98998998998999,NaN,999,6.98998998998999
999,0,6.98998998998999,NaN,999,6.98998998998999
999,0,6.98998998998999,NaN,999,6.98998998998999
998,0,6.98897795591182,NaN,998,6.98897795591182
998,0,6.98697394789579,NaN,998,6.98697394789579
998,0,6.98697394789579,NaN,998,6.98697394789579
999,0,6.98698698698699,NaN,999,6.98698698698699
997,0,6.98495486459378,NaN,997,6.98495486459378
995,0,6.98291457286432,NaN,995,6.98291457286432
998,0,6.98296593186373,NaN,998,6.98296593186373
999,0,6.98598598598599,NaN,999,6.98598598598599
999,0,6.98698698698699,NaN,999,6.98698698698699
998,0,6.98697394789579,NaN,998,6.98697394789579
998,0,6.98597194388778,NaN,998,6.98597194388778
999,0,6.98498498498498,NaN,999,6.98498498498498
998,0,6.98496993987976,NaN,998,6.98496993987976
999,0,6.98798798798799,NaN,999,6.98798798798799
998,0,6.98597194388778,NaN,998,6.98597194388778
999,0,6.98598598598599,NaN,999,6.98598598598599
999,0,6.98598598598599,NaN,999,6.98598598598599
997,0,6.98696088264794,NaN,997,6.98696088264794
999,0,6.98598598598599,NaN,999,6.98598598598599
999,0,6.98798798798799,NaN,999,6.98798798798799
998,0,6.98997995991984,NaN,998,6.98997995991984
998,0,6.98897795591182,NaN,998,6.98897795591182
999,0,6.98898898898899,NaN,999,6.98898898898899
998,0,6.98697394789579,NaN,998,6.98697394789579
998,0,6.98597194388778,NaN,998,6.98597194388778
999,0,6.98598598598599,NaN,999,6.98598598598599
999,0,6.98798798798799,NaN,999,6.98798798798799
999,0,6.98998998998999,NaN,999,6.98998998998999
995,0,6.99095477386935,NaN,995,6.99095477386935
999,0,6.99099099099099,NaN,999,6.99099099099099
999,0,6.99199199199199,NaN,999,6.99199199199199
998,0,6.9939879759519,NaN,998,6.9939879759519
998,0,6.99298597194389,NaN,998,6.99298597194389
999,0,6.995995995996,NaN,999,6.995995995996
999,0,6.99499499499499,NaN,999,6.99499499499499
999,0,6.995995995996,NaN,999,6.995995995996
999,0,6.99499499499499,NaN,999,6.99499499499499
999,0,6.995995995996,NaN,999,6.995995995996
999,0,6.995995995996,NaN,999,6.995995995996
999,0,6.99499499499499,NaN,999,6.99499499499499
999,0,6.995995995996,NaN,999,6.995995995996
999,0,6.99499499499499,NaN,999,6.99499499499499
998,0,6.9939879759519,NaN,998,6.9939879759519
999,0,6.99399399399399,NaN,999,6.99399399399399
997,0,6.99398194583751,NaN,997,6.99398194583751
999,0,6.99299299299299,NaN,999,6.99299299299299
998,0,6.99298597194389,NaN,998,6.99298597194389
998,0,6.99298597194389,NaN,998,6.99298597194389
999,0,6.99299299299299,NaN,999,6.99299299299299
998,0,6.99198396793587,NaN,998,6.99198396793587
998,0,6.99198396793587,NaN,998,6.99198396793587
999,0,6.99199199199199,NaN,999,6.99199199199199
999,0,6.99199199199199,NaN,999,6.99199199199199
997,0,6.99297893681043,NaN,997,6.99297893681043
997,0,6.99297893681043,NaN,997,6.99297893681043
998,0,6.99198396793587,NaN,998,6.99198396793587
998,0,6.99298597194389,NaN,998,6.99298597194389
998,0,6.9939879759519,NaN,998,6.9939879759519
999,0,6.99299299299299,NaN,999,6.99299299299299
997,0,6.99297893681043,NaN,997,6.99297893681043
995,0,6.9929648241206,NaN,995,6.9929648241206
997,0,6.99398194583751,NaN,997,6.99398194583751
999,0,6.99399399399399,NaN,999,6.99399399399399
998,0,6.99298597194389,NaN,998,6.99298597194389
996,0,6.9929718875502,NaN,996,6.9929718875502
997,0,6.99297893681043,NaN,997,6.99297893681043
999,0,6.99099099099099,NaN,999,6.99099099099099
997,0,6.99197592778335,NaN,997,6.99197592778335
997,0,6.99398194583751,NaN,997,6.99398194583751
997,0,6.99297893681043,NaN,997,6.99297893681043
998,0,6.99298597194389,NaN,998,6.99298597194389
998,0,6.99298597194389,NaN,998,6.99298597194389
999,0,6.99399399399399,NaN,999,6.99399399399399
999,0,6.99299299299299,NaN,999,6.99299299299299
999,0,6.99299299299299,NaN,999,6.99299299299299
998,0,6.99298597194389,NaN,998,6.99298597194389
998,0,6.99198396793587,NaN,998,6.99198396793587
998,0,6.99198396793587,NaN,998,6.99198396793587
999,0,6.99199199199199,NaN,999,6.99199199199199
999,0,6.99199199199199,NaN,999,6.99199199199199
998,0,6.98997995991984,NaN,998,6.98997995991984
999,0,6.98998998998999,NaN,999,6.98998998998999
999,0,6.99099099099099,NaN,999,6.99099099099099
999,0,6.99399399399399,NaN,999,6.99399399399399
998,0,6.9939879759519,NaN,998,6.9939879759519
