forward_num,reverse_num,forward_rate,reverse_rate,organism_num,organism_rate
500,500,5.5,5.5,1000,5.5
495,497,5.4989898989899,5.51106639839034,992,5.50504032258065
492,494,5.48780487804878,5.51821862348178,986,5.50304259634888
540,458,5.98888888888889,5.53711790393013,998,5.7815631262525
573,426,6.1064572425829,5.5962441314554,999,5.88888888888889
606,391,6.23927392739274,5.63427109974425,997,6.00200601805416
645,353,6.27441860465116,5.64589235127479,998,6.05210420841683
662,335,6.32477341389728,5.56716417910448,997,6.07021063189569
685,313,6.49489051094891,5.50159744408946,998,6.18336673346693
711,287,6.61884669479606,5.45296167247387,998,6.28356713426854
680,318,6.67647058823529,5.20440251572327,998,6.20741482965932
703,295,6.40540540540541,5.11864406779661,998,6.0250501002004
696,303,6.61925287356322,4.87128712871287,999,6.08908908908909
664,334,6.69277108433735,5.2814371257485,998,6.22044088176353
667,331,6.67316341829085,5.59818731117825,998,6.31663326653307
655,342,6.78320610687023,5.6374269005848,997,6.3901705115346
647,351,6.87326120556414,5.81196581196581,998,6.5
645,353,6.92558139534884,5.91218130311615,998,6.56713426853707
653,345,7.00153139356815,6.1536231884058,998,6.70841683366733
658,340,7.05015197568389,6.18235294117647,998,6.75450901803607
627,372,7.10207336523126,6.4005376344086,999,6.84084084084084
650,348,6.80769230769231,6.43965517241379,998,6.67935871743487
629,370,6.90620031796502,6.41891891891892,999,6.72572572572573
622,376,6.91157556270096,6.35372340425532,998,6.70140280561122
642,357,6.95482866043614,6.32773109243697,999,6.73073073073073
631,368,6.94294770206022,6.42934782608696,999,6.75375375375375
649,350,7.04006163328197,6.38857142857143,999,6.81181181181181
647,351,6.96599690880989,6.49287749287749,998,6.79959919839679
656,342,7.08841463414634,6.51169590643275,998,6.89078156312625
645,353,7.04961240310078,6.5070821529745,998,6.85771543086172
632,364,7.11550632911392,6.52197802197802,996,6.89859437751004
645,354,7.13023255813953,6.6045197740113,999,6.94394394394394
644,355,7.19099378881988,6.50140845070423,999,6.94594594594595
647,352,7.17465224111283,6.55965909090909,999,6.95795795795796
638,358,7.17868338557994,6.60893854748603,996,6.97389558232932
646,352,7.26160990712074,6.66193181818182,998,7.0501002004008
644,355,7.36335403726708,6.73802816901408,999,7.14114114114114
634,364,7.3186119873817,6.83791208791209,998,7.14328657314629
648,350,7.2962962962963,6.79714285714286,998,7.12124248496994
637,362,7.3265306122449,6.81491712707182,999,7.14114114114114
627,371,7.3652312599681,6.81132075471698,998,7.15931863727455
642,357,7.32398753894081,6.93557422969188,999,7.18518518518519
648,351,7.34567901234568,6.85185185185185,999,7.17217217217217
642,357,7.34423676012461,6.88795518207283,999,7.18118118118118
648,351,7.35339506172839,6.8005698005698,999,7.15915915915916
644,355,7.37732919254658,6.89295774647887,999,7.20520520520521
644,355,7.41149068322981,6.91830985915493,999,7.23623623623624
632,366,7.47310126582278,6.98907103825137,998,7.29559118236473
631,368,7.41521394611727,7.02173913043478,999,7.27027027027027
634,365,7.47160883280757,7.0958904109589,999,7.33433433433433
634,365,7.45741324921136,7.17260273972603,999,7.35335335335335
635,363,7.50551181102362,7.16528925619835,998,7.38176352705411
641,357,7.52730109204368,7.26050420168067,998,7.43186372745491
638,360,7.56739811912226,7.32777777777778,998,7.48096192384769
637,362,7.59968602825746,7.34254143646409,999,7.50650650650651
638,361,7.6551724137931,7.40997229916897,999,7.56656656656657
640,358,7.6515625,7.3854748603352,998,7.5561122244489
626,372,7.70766773162939,7.43010752688172,998,7.60420841683367
629,370,7.72655007949126,7.42432432432432,999,7.61461461461461
638,361,7.75548589341693,7.45706371191136,999,7.64764764764765
642,357,7.8006230529595,7.48459383753501,999,7.68768768768769
634,364,7.81388012618297,7.46978021978022,998,7.68837675350701
635,362,7.92283464566929,7.51657458563536,997,7.7753259779338
643,356,7.91757387247278,7.53932584269663,999,7.78278278278278
645,354,7.95193798449612,7.56214689265537,999,7.81381381381381
639,360,7.96713615023474,7.52777777777778,999,7.80880880880881
657,339,7.98477929984779,7.53687315634218,996,7.83232931726908
654,343,7.98012232415902,7.533527696793,997,7.82647943831495
650,348,8.00769230769231,7.55459770114942,998,7.8496993987976
655,342,8.00610687022901,7.50584795321637,997,7.83450351053159
663,334,8.04072398190045,7.47904191616766,997,7.85255767301906
660,339,8.02121212121212,7.51622418879056,999,7.84984984984985
661,337,8.04538577912254,7.55192878338279,998,7.87875751503006
655,344,8.03969465648855,7.56104651162791,999,7.87487487487487
650,348,8.07692307692308,7.63793103448276,998,7.92384769539078
647,352,8.10819165378671,7.66193181818182,999,7.95095095095095
647,351,8.08191653786708,7.75213675213675,998,7.96593186372746
634,362,8.06782334384858,7.74861878453039,996,7.95180722891566
632,367,8.14398734177215,7.74386920980926,999,7.996996996997
630,369,8.17460317460317,7.81842818428184,999,8.04304304304304
637,362,8.1679748822606,7.91160220994475,999,8.07507507507508
631,365,8.17274167987322,7.91506849315068,996,8.07831325301205
629,369,8.18918918918919,7.94579945799458,998,8.09919839679359
639,360,8.15805946791862,7.93611111111111,999,8.07807807807808
630,368,8.16031746031746,7.88858695652174,998,8.06012024048096
632,367,8.22943037974684,7.94550408719346,999,8.12512512512513
636,363,8.19496855345912,7.99173553719008,999,8.12112112112112
638,360,8.20219435736677,8.03611111111111,998,8.14228456913828
641,357,8.22620904836193,8.00560224089636,998,8.14729458917836
631,367,8.23454833597464,7.98092643051771,998,8.14128256513026
627,371,8.26634768740032,7.98652291105121,998,8.1623246492986
633,365,8.25908372827804,7.94246575342466,998,8.14328657314629
626,371,8.28753993610224,7.92183288409703,997,8.15145436308927
627,371,8.29984051036683,7.95956873315364,998,8.17334669338677
624,375,8.34134615384615,7.93866666666667,999,8.19019019019019
627,371,8.38118022328549,8.00808625336927,998,8.24248496993988
624,375,8.41185897435897,8.05333333333333,999,8.27727727727728
620,379,8.39354838709677,8.04749340369393,999,8.26226226226226
619,378,8.39579967689822,8.05555555555556,997,8.26680040120361
613,386,8.39967373572594,8.04145077720207,999,8.26126126126126
611,386,8.38461538461539,8.0699481865285,997,8.26278836509529
594,404,8.36531986531987,8.11633663366337,998,8.26452905811623
598,400,8.4314381270903,8.155,998,8.32064128256513
585,414,8.42735042735043,8.14492753623188,999,8.31031031031031
592,403,8.4222972972973,8.16625310173697,995,8.31859296482412
590,408,8.43898305084746,8.22058823529412,998,8.3496993987976
582,416,8.44501718213058,8.22836538461539,998,8.35470941883768
584,415,8.45719178082192,8.24096385542169,999,8.36736736736737
586,412,8.45563139931741,8.17233009708738,998,8.33867735470942
580,419,8.50689655172414,8.17661097852029,999,8.36836836836837
577,422,8.52859618717504,8.18483412322275,999,8.38338338338338
582,417,8.5085910652921,8.20863309352518,999,8.38338338338338
583,414,8.51286449399657,8.22705314009662,997,8.39418254764293
585,413,8.52991452991453,8.28813559322034,998,8.42985971943888
582,417,8.53092783505155,8.32374100719425,999,8.44444444444444
576,422,8.56076388888889,8.38625592417062,998,8.48697394789579
576,423,8.53125,8.44208037825059,999,8.49349349349349
581,418,8.5249569707401,8.48325358851675,999,8.50750750750751
572,426,8.52972027972028,8.49530516431925,998,8.51503006012024
568,431,8.54049295774648,8.52668213457077,999,8.53453453453453
560,439,8.56428571428571,8.56036446469248,999,8.56256256256256
554,445,8.5884476534296,8.51460674157303,999,8.55555555555556
550,447,8.62,8.51006711409396,997,8.57071213640923
551,445,8.6551724137931,8.53707865168539,996,8.60240963855422
548,451,8.68065693430657,8.54323725055432,999,8.61861861861862
548,450,8.70985401459854,8.53555555555556,998,8.6312625250501
548,449,8.71715328467153,8.48997772828508,997,8.6148445336008
557,441,8.71095152603232,8.54195011337868,998,8.63627254509018
559,438,8.72450805008945,8.62557077625571,997,8.68104312938816
557,442,8.75224416517056,8.57692307692308,999,8.67467467467467
559,439,8.76744186046512,8.57403189066059,998,8.68236472945892
572,427,8.77622377622378,8.55737704918033,999,8.68268268268268
562,437,8.79893238434164,8.59038901601831,999,8.70770770770771
567,432,8.81128747795414,8.60185185185185,999,8.72072072072072
557,440,8.81508078994614,8.59318181818182,997,8.71715145436309
560,439,8.84107142857143,8.65375854214123,999,8.75875875875876
559,440,8.82826475849732,8.70909090909091,999,8.77577577577578
562,435,8.83451957295374,8.72873563218391,997,8.78836509528586
575,423,8.84173913043478,8.725768321513,998,8.79258517034068
581,418,8.85025817555938,8.77511961722488,999,8.81881881881882
584,414,8.84246575342466,8.80917874396135,998,8.82865731462926
584,414,8.83219178082192,8.82125603864734,998,8.82765531062124
584,415,8.81164383561644,8.86987951807229,999,8.83583583583584
592,407,8.79222972972973,8.92874692874693,999,8.84784784784785
591,407,8.80033840947547,8.93611793611794,998,8.85571142284569
590,409,8.82033898305085,8.95843520782396,999,8.87687687687688
593,405,8.80101180438449,9.00493827160494,998,8.88376753507014
586,413,8.8037542662116,9.01694915254237,999,8.89189189189189
599,399,8.81302170283806,9.03258145363409,998,8.90080160320641
605,392,8.83801652892562,9.0484693877551,997,8.92076228686058
610,388,8.87049180327869,9.05154639175258,998,8.94088176352705
602,395,8.87707641196013,9.17974683544304,997,8.99699097291876
598,401,8.88294314381271,9.17206982543641,999,8.998998998999
592,405,8.87837837837838,9.14320987654321,997,8.98595787362086
585,412,8.88034188034188,9.1504854368932,997,8.99197592778335
588,411,8.9030612244898,9.1654501216545,999,9.01101101101101
586,413,8.93344709897611,9.16222760290557,999,9.02802802802803
597,400,8.93299832495812,9.1525,997,9.02106318956871
602,397,8.90199335548173,9.17884130982368,999,9.01201201201201
595,404,8.90924369747899,9.14356435643564,999,9.004004004004
597,402,8.89112227805695,9.12189054726368,999,8.98398398398398
614,385,8.88762214983713,9.15064935064935,999,8.98898898898899
610,388,8.91639344262295,9.15463917525773,998,9.00901803607214
616,382,8.91883116883117,9.16753926701571,998,9.01402805611222
615,384,8.91056910569106,9.1953125,999,9.02002002002002
602,397,8.92857142857143,9.23425692695214,999,9.05005005005005
603,396,8.92537313432836,9.20707070707071,999,9.03703703703704
600,397,8.95666666666667,9.24685138539043,997,9.07221664994985
594,405,8.95959595959596,9.2716049382716,999,9.08608608608609
600,399,8.965,9.29824561403509,999,9.0980980980981
596,403,8.98489932885906,9.31761786600496,999,9.11911911911912
593,405,8.96627318718381,9.31851851851852,998,9.10921843687375
586,413,8.97610921501706,9.31234866828087,999,9.11511511511512
589,408,8.99490662139219,9.2843137254902,997,9.11334002006018
589,410,8.96434634974533,9.30975609756098,999,9.10610610610611
585,414,8.96410256410256,9.30917874396135,999,9.10710710710711
597,402,8.96482412060302,9.30348258706468,999,9.1011011011011
595,404,8.95294117647059,9.31435643564356,999,9.0990990990991
591,408,8.96277495769882,9.33578431372549,999,9.11511511511512
585,412,9.00683760683761,9.33252427184466,997,9.14142427281845
588,411,9.00850340136054,9.31630170316302,999,9.13513513513514
576,422,9.01736111111111,9.32464454976303,998,9.14729458917836
578,421,9.02076124567474,9.32066508313539,999,9.14714714714715
579,419,9.02417962003454,9.29832935560859,998,9.13927855711423
567,431,9.02292768959436,9.31554524361949,998,9.14929859719439
578,421,9.03287197231834,9.31353919239905,999,9.15115115115115
571,428,9.01401050788091,9.29205607476636,999,9.13313313313313
592,407,9.01351351351351,9.30958230958231,999,9.13413413413413
581,417,8.99655765920826,9.32134292565947,998,9.13226452905812
581,417,9.00344234079174,9.30215827338129,998,9.12825651302605
580,418,8.98448275862069,9.29904306220096,998,9.11623246492986
591,408,8.98815566835871,9.30882352941176,999,9.11911911911912
587,410,9.02385008517887,9.30731707317073,997,9.14042126379137
595,403,9.03529411764706,9.31265508684863,998,9.14729458917836
603,396,9.01824212271973,9.36616161616162,999,9.15615615615616
604,392,9.04304635761589,9.38775510204082,996,9.17871485943775
603,395,9.03316749585406,9.3620253164557,998,9.16332665330661
599,399,9.0550918196995,9.33834586466165,998,9.16833667334669
609,389,9.04433497536946,9.36760925449872,998,9.17034068136273
603,395,9.0547263681592,9.36708860759494,998,9.17835671342685
604,394,9.0546357615894,9.40609137055838,998,9.19338677354709
603,396,9.06799336650083,9.38131313131313,999,9.19219219219219
605,393,9.06776859504132,9.39185750636132,998,9.19539078156313
609,390,9.06896551724138,9.4025641025641,999,9.1991991991992
605,394,9.08099173553719,9.43401015228426,999,9.22022022022022
612,386,9.09803921568627,9.41450777202073,998,9.22044088176353
620,379,9.09838709677419,9.44591029023747,999,9.23023023023023
618,381,9.12621359223301,9.43044619422572,999,9.24224224224224
616,383,9.13798701298701,9.4490861618799,999,9.25725725725726
607,390,9.11861614497529,9.45384615384615,997,9.24974924774323
604,395,9.13907284768212,9.46329113924051,999,9.26726726726727
605,394,9.12892561983471,9.43908629441624,999,9.25125125125125
609,390,9.12972085385879,9.44615384615385,999,9.25325325325325
596,402,9.13422818791946,9.48507462686567,998,9.27555110220441
599,399,9.12687813021703,9.45112781954887,998,9.2565130260521
596,403,9.11073825503356,9.48387096774194,999,9.26126126126126
602,397,9.11129568106312,9.50629722921914,999,9.26826826826827
590,409,9.08474576271187,9.51100244498778,999,9.25925925925926
598,401,9.07859531772575,9.53615960099751,999,9.26226226226226
593,406,9.07419898819562,9.56403940886699,999,9.27327327327327
593,406,9.07419898819562,9.55665024630542,999,9.27027027027027
587,411,9.07155025553663,9.56204379562044,998,9.27354709418838
590,406,9.0864406779661,9.55911330049261,996,9.27911646586345
579,418,9.1174438687392,9.5933014354067,997,9.31695085255767
580,419,9.13275862068966,9.62291169451074,999,9.33833833833834
573,425,9.12565445026178,9.61411764705882,998,9.33366733466934
568,431,9.14964788732394,9.61716937354988,999,9.35135135135135
569,430,9.15817223198594,9.60697674418605,999,9.35135135135135
560,438,9.14464285714286,9.6027397260274,998,9.34569138276553
557,442,9.14901256732496,9.59954751131222,999,9.34834834834835
551,447,9.13793103448276,9.62192393736018,998,9.35470941883768
552,446,9.13224637681159,9.6390134529148,998,9.35871743486974
541,456,9.14417744916821,9.6359649122807,997,9.3691073219659
532,467,9.14473684210526,9.61456102783726,999,9.36436436436436
525,474,9.12380952380952,9.60759493670886,999,9.35335335335335
523,476,9.1434034416826,9.60294117647059,999,9.36236236236236
518,481,9.15057915057915,9.59459459459459,999,9.36436436436436
512,487,9.138671875,9.564681724846,999,9.34634634634635
513,486,9.12670565302144,9.5679012345679,999,9.34134134134134
506,492,9.12055335968379,9.57926829268293,998,9.34669338677355
508,488,9.12007874015748,9.58401639344262,996,9.34738955823293
512,487,9.10546875,9.56262833675565,999,9.32832832832833
514,484,9.11867704280156,9.59917355371901,998,9.35170340681363
509,490,9.1139489194499,9.59795918367347,999,9.35135135135135
509,489,9.09823182711198,9.60736196319018,998,9.34769539078156
514,483,9.1147859922179,9.63354037267081,997,9.36609829488465
509,490,9.13555992141454,9.63469387755102,999,9.38038038038038
511,487,9.12915851272016,9.65708418891171,998,9.38677354709419
503,496,9.14115308151093,9.67741935483871,999,9.40740740740741
508,490,9.15551181102362,9.67142857142857,998,9.40881763527054
497,502,9.14084507042254,9.67729083665339,999,9.41041041041041
497,499,9.14889336016097,9.67735470941884,996,9.4136546184739
499,498,9.15230460921844,9.68072289156627,997,9.41624874623872
512,487,9.169921875,9.6652977412731,999,9.41141141141141
507,490,9.19132149901381,9.67551020408163,997,9.42928786359077
512,486,9.18359375,9.66460905349794,998,9.41783567134268
512,487,9.185546875,9.6694045174538,999,9.42142142142142
508,491,9.19488188976378,9.65580448065173,999,9.42142142142142
509,490,9.19449901768173,9.65102040816327,999,9.41841841841842
507,492,9.19921104536489,9.65447154471545,999,9.42342342342342
507,492,9.21104536489152,9.66666666666667,999,9.43543543543544
493,505,9.23123732251521,9.67722772277228,998,9.45691382765531
495,502,9.23030303030303,9.65537848605578,997,9.44433299899699
484,515,9.21900826446281,9.66601941747573,999,9.44944944944945
487,511,9.22792607802875,9.64774951076321,998,9.44288577154309
485,514,9.24742268041237,9.64785992217899,999,9.45345345345345
493,506,9.25963488843813,9.66403162055336,999,9.46446446446446
490,509,9.26734693877551,9.68172888015717,999,9.47847847847848
489,510,9.29447852760736,9.68823529411765,999,9.4954954954955
481,517,9.29521829521829,9.70406189555126,998,9.50701402805611
482,516,9.33817427385892,9.67635658914729,998,9.51302605210421
481,517,9.30977130977131,9.69052224371373,998,9.50701402805611
497,500,9.30985915492958,9.678,997,9.49448345035105
498,501,9.31526104417671,9.69860279441118,999,9.50750750750751
500,499,9.328,9.69138276553106,999,9.50950950950951
493,506,9.34685598377282,9.6897233201581,999,9.52052052052052
502,497,9.36852589641434,9.69416498993964,999,9.53053053053053
495,503,9.36363636363636,9.69980119284294,998,9.53306613226453
496,502,9.37096774193548,9.699203187251,998,9.53607214428858
497,500,9.37424547283702,9.722,997,9.54864593781344
499,499,9.36472945891784,9.72344689378757,998,9.54408817635271
497,500,9.37223340040241,9.736,997,9.55466399197593
504,495,9.35515873015873,9.73535353535354,999,9.54354354354354
502,497,9.34462151394422,9.74044265593561,999,9.54154154154154
503,496,9.34791252485089,9.73387096774194,999,9.53953953953954
488,510,9.33606557377049,9.75294117647059,998,9.54909819639279
497,499,9.33199195171026,9.75751503006012,996,9.54518072289157
485,512,9.3319587628866,9.755859375,997,9.54964894684052
483,516,9.34575569358178,9.75581395348837,999,9.55755755755756
475,524,9.36,9.74809160305344,999,9.56356356356356
471,526,9.37367303609342,9.76045627376426,997,9.5777331995988
465,534,9.35698924731183,9.75842696629213,999,9.57157157157157
458,541,9.37117903930131,9.77634011090573,999,9.59059059059059
455,543,9.39340659340659,9.78268876611418,998,9.60521042084168
456,543,9.40131578947368,9.77900552486188,999,9.60660660660661
456,542,9.41447368421053,9.77859778597786,998,9.61222444889779
469,530,9.40938166311301,9.77924528301887,999,9.60560560560561
467,532,9.38758029978587,9.78383458646617,999,9.5985985985986
480,519,9.40416666666667,9.80154142581888,999,9.61061061061061
486,512,9.41975308641975,9.8046875,998,9.61723446893788
497,500,9.42857142857143,9.81,997,9.61985957873621
493,506,9.46247464503043,9.82411067193676,999,9.64564564564565
487,511,9.45995893223819,9.83365949119374,998,9.65130260521042
505,494,9.45742574257426,9.83805668016194,999,9.64564564564565
506,493,9.47430830039526,9.85395537525355,999,9.66166166166166
512,487,9.4609375,9.85010266940452,999,9.65065065065065
516,482,9.45348837209302,9.850622406639,998,9.64529058116232
516,483,9.45542635658915,9.83643892339544,999,9.63963963963964
518,480,9.44594594594595,9.8375,998,9.63426853707415
520,477,9.44615384615385,9.83857442348008,997,9.63390170511535
528,471,9.42613636363636,9.84501061571125,999,9.62362362362362
525,474,9.42857142857143,9.86075949367089,999,9.63363363363363
522,476,9.44827586206897,9.84033613445378,998,9.63527054108216
514,485,9.45525291828794,9.83711340206186,999,9.64064064064064
515,484,9.44854368932039,9.83884297520661,999,9.63763763763764
512,486,9.447265625,9.83127572016461,998,9.63426853707415
500,499,9.434,9.8376753507014,999,9.63563563563564
497,501,9.42454728370221,9.82435129740519,998,9.625250501002
498,499,9.42168674698795,9.82364729458918,997,9.62286860581745
499,499,9.41683366733467,9.82965931863727,998,9.62324649298597
498,499,9.40963855421687,9.82765531062124,997,9.61885656970913
509,489,9.43614931237721,9.83231083844581,998,9.63026052104208
513,486,9.45614035087719,9.83127572016461,999,9.63863863863864
518,481,9.43822393822394,9.82744282744283,999,9.62562562562563
514,485,9.43968871595331,9.83917525773196,999,9.63363363363363
516,483,9.43023255813953,9.84265010351967,999,9.62962962962963
509,490,9.41453831041257,9.84285714285714,999,9.62462462462462
509,490,9.41453831041257,9.83265306122449,999,9.61961961961962
506,492,9.41106719367589,9.82520325203252,998,9.61523046092184
507,491,9.41222879684418,9.83910386965377,998,9.62224448897796
508,491,9.42125984251969,9.82688391038696,999,9.62062062062062
511,487,9.43052837573386,9.83983572895277,998,9.63026052104208
505,493,9.41782178217822,9.85598377281947,998,9.63426853707415
506,492,9.45454545454546,9.84146341463415,998,9.64529058116232
504,495,9.43055555555556,9.84848484848485,999,9.63763763763764
500,497,9.432,9.82696177062374,997,9.62888665997994
496,503,9.43145161290323,9.82703777335984,999,9.63063063063063
506,493,9.41699604743083,9.83772819472617,999,9.62462462462462
501,498,9.43712574850299,9.84738955823293,999,9.64164164164164
509,489,9.41650294695481,9.84662576687117,998,9.62725450901804
500,499,9.432,9.83366733466934,999,9.63263263263263
506,493,9.42094861660079,9.83367139959432,999,9.62462462462462
507,491,9.43195266272189,9.84317718940937,998,9.63426853707415
509,490,9.45776031434185,9.84897959183673,999,9.64964964964965
508,490,9.45275590551181,9.8530612244898,998,9.64929859719439
506,493,9.43280632411067,9.8498985801217,999,9.63863863863864
507,490,9.42603550295858,9.84285714285714,997,9.6308926780341
505,494,9.43564356435644,9.85627530364373,999,9.64364364364364
511,486,9.42465753424658,9.8477366255144,997,9.6308926780341
510,489,9.4078431372549,9.84662576687117,999,9.62262262262262
510,489,9.42352941176471,9.84458077709611,999,9.62962962962963
509,490,9.42632612966601,9.83673469387755,999,9.62762762762763
516,482,9.43992248062015,9.84439834024896,998,9.63527054108216
508,491,9.46062992125984,9.84317718940937,999,9.64864864864865
507,492,9.47337278106509,9.84959349593496,999,9.65865865865866
495,500,9.47474747474747,9.822,995,9.64924623115578
499,497,9.49699398797595,9.83702213279678,996,9.66666666666667
493,506,9.49087221095335,9.81818181818182,999,9.65665665665666
500,499,9.486,9.81362725450902,999,9.64964964964965
502,497,9.46613545816733,9.83098591549296,999,9.64764764764765
504,493,9.46825396825397,9.81744421906694,997,9.64092276830491
504,493,9.48809523809524,9.82352941176471,997,9.65396188565697
483,515,9.46997929606625,9.82330097087379,998,9.65230460921844
486,513,9.47736625514403,9.82066276803119,999,9.65365365365365
473,522,9.47780126849894,9.83333333333333,995,9.6643216080402
477,521,9.48637316561845,9.83301343570058,998,9.66733466933868
473,526,9.47780126849894,9.82699619771863,999,9.66166166166166
475,522,9.48421052631579,9.83141762452107,997,9.66599799398195
477,522,9.46331236897275,9.82183908045977,999,9.65065065065065
478,520,9.49163179916318,9.83076923076923,998,9.66833667334669
469,530,9.49040511727079,9.84528301886792,999,9.67867867867868
473,526,9.47357293868922,9.83079847908745,999,9.66166166166166
463,536,9.47948164146868,9.83582089552239,999,9.67067067067067
465,534,9.49247311827957,9.82022471910112,999,9.66766766766767
457,541,9.4945295404814,9.81515711645102,998,9.66833667334669
468,531,9.51282051282051,9.81920903954802,999,9.67567567567568
463,536,9.52483801295896,9.81529850746269,999,9.68068068068068
473,525,9.51797040169133,9.81333333333333,998,9.67334669338677
466,532,9.52789699570815,9.80827067669173,998,9.67735470941884
463,536,9.53131749460043,9.79664179104478,999,9.67367367367367
471,528,9.53503184713376,9.79924242424242,999,9.67467467467467
468,528,9.57051282051282,9.78787878787879,996,9.68574297188755
470,528,9.58723404255319,9.79545454545454,998,9.69739478957916
466,532,9.56652360515021,9.7781954887218,998,9.67935871743487
458,541,9.56768558951965,9.76524953789279,999,9.67467467467467
456,542,9.55701754385965,9.77306273062731,998,9.67434869739479
455,543,9.57142857142857,9.76795580110497,998,9.67835671342685
446,553,9.58520179372197,9.77757685352622,999,9.69169169169169
449,549,9.56792873051225,9.75409836065574,998,9.67034068136273
454,545,9.57929515418502,9.75596330275229,999,9.67567567567568
457,541,9.58424507658643,9.7634011090573,998,9.6813627254509
463,536,9.57451403887689,9.74626865671642,999,9.66666666666667
470,528,9.56808510638298,9.75189393939394,998,9.66533066132265
470,529,9.57446808510638,9.75803402646503,999,9.67167167167167
470,528,9.55106382978723,9.74242424242424,998,9.65230460921844
467,532,9.55460385438972,9.76127819548872,999,9.66466466466466
464,535,9.56465517241379,9.75327102803738,999,9.66566566566567
465,533,9.55483870967742,9.76735459662289,998,9.66833667334669
464,535,9.57974137931035,9.76635514018692,999,9.67967967967968
461,538,9.57917570498915,9.76579925650558,999,9.67967967967968
456,543,9.56140350877193,9.75506445672191,999,9.66666666666667
462,537,9.55411255411255,9.76536312849162,999,9.66766766766767
459,539,9.57080610021787,9.76066790352505,998,9.67334669338677
458,541,9.55676855895197,9.7634011090573,999,9.66866866866867
459,539,9.54030501089325,9.77179962894249,998,9.66533066132265
456,541,9.54166666666667,9.78373382624769,997,9.67301905717151
456,543,9.52850877192983,9.79005524861878,999,9.67067067067067
454,545,9.52643171806167,9.79082568807339,999,9.67067067067067
457,542,9.54048140043764,9.79335793357934,999,9.67767767767768
456,542,9.51973684210526,9.78413284132841,998,9.66332665330661
452,546,9.53982300884956,9.78205128205128,998,9.67234468937876
462,536,9.55627705627706,9.76865671641791,998,9.67034068136273
457,541,9.55579868708972,9.78003696857671,998,9.67735470941884
460,538,9.56304347826087,9.79553903345725,998,9.68837675350701
457,542,9.54704595185996,9.79520295202952,999,9.68168168168168
460,539,9.57173913043478,9.79406307977736,999,9.69169169169169
449,549,9.55011135857461,9.80327868852459,998,9.68937875751503
446,553,9.54708520179372,9.80470162748644,999,9.68968968968969
443,554,9.5665914221219,9.81407942238267,997,9.70411233701103
446,553,9.55605381165919,9.81555153707052,999,9.6996996996997
452,544,9.54646017699115,9.82352941176471,996,9.69779116465863
446,553,9.55829596412556,9.83363471971067,999,9.71071071071071
448,550,9.55803571428571,9.84,998,9.71342685370741
451,547,9.56319290465632,9.84095063985375,998,9.71543086172345
435,560,9.54252873563218,9.85,995,9.71557788944724
440,557,9.53863636363636,9.85637342908438,997,9.71614844533601
438,561,9.53881278538813,9.85383244206774,999,9.71571571571572
440,557,9.53636363636364,9.84201077199282,997,9.70712136409228
438,561,9.54109589041096,9.83957219251337,999,9.70870870870871
446,552,9.53811659192825,9.84057971014493,998,9.70541082164329
455,544,9.54945054945055,9.84375,999,9.70970970970971
455,541,9.54945054945055,9.85027726432532,996,9.71285140562249
470,529,9.55957446808511,9.84877126654064,999,9.71271271271271
469,530,9.57995735607676,9.83962264150943,999,9.71771771771772
479,520,9.59290187891441,9.83461538461538,999,9.71871871871872
475,524,9.6,9.82251908396947,999,9.71671671671672
481,518,9.61538461538461,9.82625482625483,999,9.72472472472472
492,507,9.60975609756098,9.82642998027613,999,9.71971971971972
494,505,9.60931174089069,9.82376237623762,999,9.71771771771772
502,497,9.62948207171315,9.82293762575453,999,9.72572572572573
494,505,9.6336032388664,9.81386138613861,999,9.72472472472472
497,501,9.64185110663984,9.81037924151697,998,9.72645290581162
491,507,9.64765784114053,9.81065088757397,998,9.73046092184369
489,507,9.66871165644172,9.80473372781065,996,9.73795180722892
496,503,9.67338709677419,9.81908548707754,999,9.74674674674675
500,499,9.682,9.81162324649299,999,9.74674674674675
497,501,9.69215291750503,9.81836327345309,998,9.75551102204409
495,503,9.6989898989899,9.81312127236581,998,9.7565130260521
485,514,9.70103092783505,9.80933852140078,999,9.75675675675676
497,501,9.70623742454728,9.812375249501,998,9.75951903807615
498,501,9.70281124497992,9.80239520958084,999,9.75275275275275
504,495,9.70436507936508,9.80606060606061,999,9.75475475475475
495,503,9.7010101010101,9.80318091451292,998,9.75250501002004
497,500,9.69818913480885,9.8,997,9.74924774322969
495,504,9.6989898989899,9.80753968253968,999,9.75375375375375
492,507,9.69105691056911,9.7810650887574,999,9.73673673673674
488,511,9.67418032786885,9.79452054794521,999,9.73573573573574
495,504,9.66060606060606,9.78373015873016,999,9.72272272272272
485,513,9.65979381443299,9.78947368421053,998,9.72645290581162
489,505,9.66871165644172,9.8019801980198,994,9.7364185110664
481,518,9.68191268191268,9.7972972972973,999,9.74174174174174
488,511,9.67622950819672,9.80821917808219,999,9.74374374374374
490,509,9.68367346938776,9.81139489194499,999,9.74874874874875
496,502,9.66532258064516,9.81474103585657,998,9.74048096192385
497,501,9.67002012072435,9.82235528942116,998,9.74649298597194
496,501,9.69153225806452,9.81037924151697,997,9.75125376128385
496,503,9.68548387096774,9.81113320079523,999,9.74874874874875
487,512,9.69404517453799,9.80859375,999,9.75275275275275
490,508,9.68775510204082,9.79724409448819,998,9.7434869739479
487,512,9.69609856262834,9.798828125,999,9.74874874874875
490,508,9.70204081632653,9.78937007874016,998,9.74649298597194
485,514,9.69484536082474,9.79961089494163,999,9.74874874874875
484,515,9.70661157024793,9.80582524271845,999,9.75775775775776
472,527,9.70550847457627,9.80834914611006,999,9.75975975975976
480,518,9.70208333333333,9.80694980694981,998,9.7565130260521
464,535,9.70689655172414,9.8018691588785,999,9.75775775775776
465,534,9.72043010752688,9.79026217228464,999,9.75775775775776
460,535,9.71521739130435,9.8018691588785,995,9.76180904522613
470,529,9.72127659574468,9.78071833648393,999,9.75275275275275
463,536,9.71274298056156,9.79291044776119,999,9.75575575575576
471,527,9.70063694267516,9.78937381404175,998,9.74749498997996
468,529,9.69871794871795,9.79206049149338,997,9.74824473420261
474,524,9.70042194092827,9.78625954198473,998,9.74549098196393
474,525,9.68987341772152,9.79238095238095,999,9.74374374374374
481,517,9.6985446985447,9.80077369439072,998,9.75150300601202
468,530,9.69871794871795,9.80566037735849,998,9.75551102204409
479,520,9.69519832985386,9.81923076923077,999,9.75975975975976
474,524,9.68565400843882,9.8206106870229,998,9.7565130260521
475,523,9.68631578947368,9.82217973231358,998,9.75751503006012
471,528,9.70700636942675,9.84090909090909,999,9.77777777777778
468,530,9.70940170940171,9.82075471698113,998,9.7685370741483
460,539,9.71086956521739,9.82374768089054,999,9.77177177177177
472,525,9.70338983050847,9.8152380952381,997,9.76228686058175
466,532,9.70600858369099,9.81578947368421,998,9.76452905811623
473,526,9.70190274841438,9.80988593155894,999,9.75875875875876
469,530,9.70362473347548,9.81509433962264,999,9.76276276276276
475,524,9.70315789473684,9.81106870229008,999,9.75975975975976
474,523,9.69831223628692,9.80879541108987,997,9.75626880641926
470,529,9.70851063829787,9.80718336483932,999,9.76076076076076
481,518,9.71309771309771,9.82625482625483,999,9.77177177177177
474,524,9.72151898734177,9.81679389312977,998,9.77154308617235
479,519,9.73695198329854,9.83622350674374,998,9.78857715430862
474,523,9.72784810126582,9.83173996175908,997,9.78234704112337
475,524,9.72421052631579,9.83396946564885,999,9.78178178178178
471,528,9.73460721868365,9.84659090909091,999,9.79379379379379
476,521,9.73529411764706,9.85796545105566,997,9.79939819458375
470,528,9.75531914893617,9.85416666666667,998,9.80761523046092
479,518,9.75991649269311,9.86100386100386,997,9.81243731193581
482,517,9.75933609958506,9.8568665377176,999,9.80980980980981
486,512,9.75102880658436,9.859375,998,9.80661322645291
491,508,9.75356415478615,9.86023622047244,999,9.80780780780781
492,506,9.75,9.8596837944664,998,9.80561122244489
491,508,9.75560081466395,9.86220472440945,999,9.80980980980981
487,512,9.76180698151951,9.86328125,999,9.81381381381381
493,505,9.74645030425964,9.86138613861386,998,9.80460921843687
482,517,9.74688796680498,9.8568665377176,999,9.8038038038038
482,515,9.73858921161826,9.85242718446602,997,9.79739217652959
486,513,9.73045267489712,9.85964912280702,999,9.7967967967968
479,519,9.73903966597077,9.85356454720617,998,9.79859719438878
482,516,9.72821576763485,9.86434108527132,998,9.79859719438878
485,512,9.71134020618557,9.85546875,997,9.78535606820461
496,503,9.69959677419355,9.8648111332008,999,9.78278278278278
489,509,9.70143149284254,9.85068762278978,998,9.77755511022044
493,506,9.71196754563895,9.84584980237154,999,9.77977977977978
491,506,9.71486761710794,9.83794466403162,997,9.77733199598796
483,516,9.71428571428571,9.82558139534884,999,9.77177177177177
485,513,9.71958762886598,9.82261208576998,998,9.77254509018036
488,510,9.73360655737705,9.81764705882353,998,9.77655310621243
482,517,9.73029045643153,9.8220502901354,999,9.77777777777778
479,518,9.73695198329854,9.82046332046332,997,9.78034102306921
485,514,9.73814432989691,9.82490272373541,999,9.78278278278278
483,516,9.74327122153209,9.83139534883721,999,9.78878878878879
490,508,9.74081632653061,9.83267716535433,998,9.7875751503006
487,511,9.74743326488706,9.81996086105675,998,9.78456913827655
487,512,9.74743326488706,9.806640625,999,9.77777777777778
481,518,9.75467775467775,9.80501930501931,999,9.78078078078078
476,523,9.74789915966386,9.79541108986616,999,9.77277277277277
471,528,9.74097664543524,9.79545454545454,999,9.76976976976977
469,530,9.73134328358209,9.79433962264151,999,9.76476476476476
469,528,9.727078891258,9.78598484848485,997,9.75827482447342
466,532,9.72103004291846,9.78759398496241,998,9.7565130260521
462,536,9.72077922077922,9.78917910447761,998,9.75751503006012
464,535,9.70258620689655,9.8,999,9.75475475475475
465,533,9.71397849462366,9.79924953095685,998,9.75951903807615
458,540,9.71615720524017,9.8,998,9.76152304609218
469,529,9.70575692963753,9.81474480151229,998,9.76352705410822
463,536,9.69978401727862,9.81902985074627,999,9.76376376376376
472,527,9.69491525423729,9.8292220113852,999,9.76576576576577
468,531,9.6965811965812,9.83050847457627,999,9.76776776776777
469,530,9.70575692963753,9.83018867924528,999,9.77177177177177
471,527,9.70063694267516,9.82542694497154,998,9.76653306613226
470,529,9.71276595744681,9.82041587901701,999,9.76976976976977
470,528,9.72127659574468,9.82007575757576,998,9.77354709418838
471,527,9.723991507431,9.82732447817837,998,9.77855711422846
474,523,9.73417721518987,9.82982791586998,997,9.78435305917753
474,525,9.72573839662447,9.82476190476191,999,9.77777777777778
468,529,9.74786324786325,9.82797731568998,997,9.79037111334002
471,528,9.75371549893843,9.8219696969697,999,9.78978978978979
478,521,9.75941422594142,9.81957773512476,999,9.79079079079079
475,524,9.75578947368421,9.81106870229008,999,9.78478478478478
482,517,9.76348547717842,9.8220502901354,999,9.79379379379379
482,516,9.7655601659751,9.81976744186047,998,9.7935871743487
476,522,9.76260504201681,9.82950191570881,998,9.79759519038076
483,516,9.76190476190476,9.82558139534884,999,9.79479479479479
472,525,9.75847457627119,9.82095238095238,997,9.7913741223671
473,526,9.74418604651163,9.83079847908745,999,9.78978978978979
473,526,9.74630021141649,9.82889733840304,999,9.78978978978979
474,525,9.75316455696202,9.83619047619048,999,9.7967967967968
467,530,9.75160599571734,9.83207547169811,997,9.79438314944835
466,533,9.76394849785408,9.83302063789869,999,9.8008008008008
471,527,9.76008492569002,9.85199240986717,998,9.80861723446894
462,533,9.75757575757576,9.84803001876173,995,9.80603015075377
469,529,9.76545842217484,9.85255198487713,998,9.81162324649299
464,534,9.76293103448276,9.84831460674157,998,9.80861723446894
463,534,9.76025917926566,9.8501872659176,997,9.80842527582748
468,531,9.75213675213675,9.85875706214689,999,9.80880880880881
473,526,9.75898520084567,9.86121673003802,999,9.81281281281281
479,519,9.75365344467641,9.85934489402698,998,9.80861723446894
466,533,9.75536480686695,9.86679174484052,999,9.81481481481481
469,530,9.75479744136461,9.86037735849057,999,9.81081081081081
472,526,9.76694915254237,9.86121673003802,998,9.81663326653307
466,532,9.75965665236052,9.85902255639098,998,9.812625250501
467,532,9.76231263383298,9.86466165413534,999,9.81681681681682
474,525,9.77215189873418,9.86285714285714,999,9.81981981981982
478,521,9.76778242677824,9.85796545105566,999,9.81481481481481
481,517,9.77754677754678,9.85880077369439,998,9.81963927855711
476,520,9.76680672268908,9.86346153846154,996,9.81726907630522
487,511,9.76796714579056,9.85714285714286,998,9.81362725450902
493,504,9.75862068965517,9.87896825396825,997,9.81945837512538
499,500,9.75951903807615,9.88,999,9.81981981981982
490,509,9.76122448979592,9.88015717092338,999,9.82182182182182
495,504,9.76363636363636,9.88293650793651,999,9.82382382382382
497,502,9.7625754527163,9.88446215139442,999,9.82382382382382
494,504,9.76113360323887,9.88095238095238,998,9.82164328657315
495,504,9.75757575757576,9.88492063492063,999,9.82182182182182
486,512,9.75925925925926,9.884765625,998,9.82364729458918
494,503,9.75303643724696,9.88469184890656,997,9.81945837512538
492,506,9.75406504065041,9.88735177865613,998,9.82164328657315
490,508,9.75714285714286,9.87992125984252,998,9.81963927855711
489,508,9.75460122699386,9.87795275590551,997,9.81745235707121
478,520,9.76150627615063,9.88076923076923,998,9.82364729458918
476,523,9.75210084033614,9.88145315487572,999,9.81981981981982
474,523,9.75316455696202,9.88336520076482,997,9.82146439317954
477,522,9.75262054507338,9.88314176245211,999,9.82082082082082
467,530,9.76873661670236,9.87547169811321,997,9.82547642928786
454,545,9.75770925110132,9.86422018348624,999,9.81581581581582
453,546,9.77483443708609,9.86446886446886,999,9.82382382382382
445,553,9.75955056179775,9.86980108499096,998,9.82064128256513
451,548,9.76718403547672,9.86678832116788,999,9.82182182182182
454,545,9.75770925110132,9.86605504587156,999,9.81681681681682
445,554,9.75730337078652,9.86642599277978,999,9.81781781781782
441,558,9.75963718820862,9.86917562724014,999,9.82082082082082
447,550,9.75391498881432,9.86909090909091,997,9.81745235707121
437,559,9.76430205949657,9.86762075134168,996,9.82228915662651
441,557,9.76417233560091,9.86535008976661,998,9.82064128256513
445,553,9.77752808988764,9.86618444846293,998,9.82665330661323
446,552,9.77130044843049,9.85326086956522,998,9.81663326653307
454,544,9.784140969163,9.86397058823529,998,9.82765531062124
457,542,9.78336980306346,9.85977859778598,999,9.82482482482482
462,537,9.78571428571429,9.85288640595903,999,9.82182182182182
454,544,9.77973568281938,9.85661764705882,998,9.82164328657315
451,548,9.78270509977827,9.85583941605839,999,9.82282282282282
443,556,9.77426636568849,9.85251798561151,999,9.81781781781782
445,552,9.79101123595506,9.85869565217391,997,9.82848545636911
428,570,9.78504672897196,9.85964912280702,998,9.82765531062124
430,569,9.78837209302326,9.86291739894552,999,9.83083083083083
421,578,9.78147268408551,9.8598615916955,999,9.82682682682683
425,573,9.78823529411765,9.8586387434555,998,9.82865731462926
417,582,9.77458033573141,9.8659793814433,999,9.82782782782783
420,579,9.78095238095238,9.86528497409326,999,9.82982982982983
406,592,9.78571428571429,9.86824324324324,998,9.83466933867735
416,583,9.78365384615385,9.87135506003431,999,9.83483483483483
402,597,9.78855721393035,9.87604690117253,999,9.84084084084084
411,588,9.78588807785888,9.87074829931973,999,9.83583583583584
399,598,9.79448621553885,9.87123745819398,997,9.84052156469408
403,595,9.79652605459057,9.87058823529412,998,9.84068136272545
399,599,9.80451127819549,9.86310517529215,998,9.83967935871743
413,585,9.80145278450363,9.85811965811966,998,9.83466933867735
405,594,9.81234567901235,9.85353535353535,999,9.83683683683684
422,576,9.81516587677725,9.84548611111111,998,9.83266533066132
427,570,9.81733021077283,9.85087719298246,997,9.83650952858576
434,563,9.82258064516129,9.8436944937833,997,9.8345035105316
433,565,9.83833718244804,9.83716814159292,998,9.8376753507014
439,560,9.84282460136674,9.84464285714286,999,9.84384384384384
440,559,9.84318181818182,9.84257602862254,999,9.84284284284284
436,563,9.84633027522936,9.83303730017762,999,9.83883883883884
424,573,9.85141509433962,9.83420593368237,997,9.84152457372116
428,570,9.85514018691589,9.84385964912281,998,9.84869739478958
434,565,9.85253456221198,9.84247787610619,999,9.84684684684685
431,567,9.8538283062645,9.8342151675485,998,9.84268537074148
434,565,9.84331797235023,9.83185840707965,999,9.83683683683684
430,568,9.84651162790698,9.83978873239437,998,9.84268537074148
425,572,9.85176470588235,9.83391608391608,997,9.84152457372116
429,570,9.86013986013986,9.84561403508772,999,9.85185185185185
430,569,9.85581395348837,9.8365553602812,999,9.84484484484484
438,559,9.85616438356164,9.84615384615385,997,9.85055165496489
440,558,9.86136363636364,9.84229390681004,998,9.85070140280561
449,550,9.85968819599109,9.83818181818182,999,9.84784784784785
460,539,9.86086956521739,9.84415584415584,999,9.85185185185185
465,533,9.86021505376344,9.83677298311445,998,9.84769539078156
466,533,9.86051502145923,9.84240150093809,999,9.85085085085085
467,532,9.86295503211992,9.82894736842105,999,9.84484484484484
466,533,9.86051502145923,9.83677298311445,999,9.84784784784785
462,534,9.85714285714286,9.8314606741573,996,9.8433734939759
460,537,9.85652173913043,9.83054003724395,997,9.84252758274824
459,540,9.86274509803922,9.83148148148148,999,9.84584584584585
458,540,9.8646288209607,9.82962962962963,998,9.84569138276553
453,544,9.86313465783664,9.82720588235294,997,9.84353059177533
454,545,9.85462555066079,9.8256880733945,999,9.83883883883884
454,545,9.84801762114537,9.81651376146789,999,9.83083083083083
466,533,9.8412017167382,9.81050656660413,999,9.82482482482482
459,539,9.83442265795207,9.81632653061224,998,9.82464929859719
466,532,9.8412017167382,9.82142857142857,998,9.83066132264529
465,533,9.83440860215054,9.82176360225141,998,9.82765531062124
468,530,9.84188034188034,9.8188679245283,998,9.82965931863727
469,526,9.83582089552239,9.82509505703422,995,9.83015075376884
468,530,9.85042735042735,9.81698113207547,998,9.83266533066132
471,527,9.85138004246284,9.81593927893738,998,9.83266533066132
469,529,9.85501066098081,9.81663516068053,998,9.83466933867735
469,527,9.86140724946695,9.81593927893738,996,9.83734939759036
471,528,9.85987261146497,9.82007575757576,999,9.83883883883884
475,524,9.86105263157895,9.81679389312977,999,9.83783783783784
472,526,9.85593220338983,9.80798479087452,998,9.83066132264529
474,525,9.86708860759494,9.81142857142857,999,9.83783783783784
472,526,9.86652542372881,9.79277566539924,998,9.82765531062124
485,514,9.87216494845361,9.79961089494163,999,9.83483483483483
485,513,9.87010309278351,9.81286549707602,998,9.84068136272545
485,513,9.87422680412371,9.80311890838207,998,9.8376753507014
494,505,9.87854251012146,9.80594059405941,999,9.84184184184184
495,502,9.87070707070707,9.79880478087649,997,9.8345035105316
491,507,9.87576374745418,9.7948717948718,998,9.83466933867735
497,502,9.88732394366197,9.79880478087649,999,9.84284284284284
494,503,9.88663967611336,9.80318091451292,997,9.84453360080241
491,507,9.88798370672098,9.80078895463511,998,9.8436873747495
482,517,9.88381742738589,9.80270793036751,999,9.84184184184184
483,515,9.88198757763975,9.79611650485437,998,9.8376753507014
485,514,9.87628865979381,9.79377431906615,999,9.83383383383383
483,516,9.8695652173913,9.78682170542636,999,9.82682682682683
481,518,9.86902286902287,9.78764478764479,999,9.82682682682683
484,514,9.8801652892562,9.79571984435798,998,9.83667334669339
495,504,9.88282828282828,9.79166666666667,999,9.83683683683684
490,509,9.87959183673469,9.79174852652259,999,9.83483483483483
493,506,9.88235294117647,9.78853754940712,999,9.83483483483483
495,504,9.88686868686869,9.79166666666667,999,9.83883883883884
504,495,9.88293650793651,9.8,999,9.84184184184184
495,504,9.88686868686869,9.78769841269841,999,9.83683683683684
498,501,9.8855421686747,9.78043912175649,999,9.83283283283283
504,494,9.88095238095238,9.78744939271255,998,9.83466933867735
497,502,9.87927565392354,9.79482071713147,999,9.83683683683684
504,495,9.875,9.7979797979798,999,9.83683683683684
499,499,9.88577154308617,9.80561122244489,998,9.84569138276553
503,496,9.88071570576541,9.80645161290323,999,9.84384384384384
505,493,9.88712871287129,9.80324543610548,998,9.84569138276553
503,495,9.88270377733598,9.81212121212121,998,9.84769539078156
501,496,9.89021956087824,9.80846774193548,997,9.84954864593781
506,493,9.88735177865613,9.80933062880325,999,9.84884884884885
504,495,9.88095238095238,9.81616161616162,999,9.84884884884885
498,499,9.88755020080321,9.81763527054108,997,9.85255767301906
507,491,9.89151873767258,9.81873727087576,998,9.85571142284569
503,496,9.89463220675944,9.81854838709677,999,9.85685685685686
503,496,9.88866799204771,9.82056451612903,999,9.85485485485485
496,501,9.88709677419355,9.81636726546906,997,9.85155466399198
499,500,9.88376753507014,9.814,999,9.84884884884885
498,501,9.88353413654619,9.82235528942116,999,9.85285285285285
501,496,9.88822355289421,9.82056451612903,997,9.85456369107322
509,490,9.88998035363458,9.82040816326531,999,9.85585585585586
500,499,9.886,9.82565130260521,999,9.85585585585586
496,503,9.88306451612903,9.83101391650099,999,9.85685685685686
497,500,9.88329979879276,9.836,997,9.85957873620863
495,503,9.88888888888889,9.82902584493042,998,9.85871743486974
500,499,9.894,9.83967935871743,999,9.86686686686687
503,496,9.88866799204771,9.84274193548387,999,9.86586586586587
504,494,9.90079365079365,9.8421052631579,998,9.87174348697395
501,498,9.89620758483034,9.8433734939759,999,9.86986986986987
502,497,9.9003984063745,9.85311871227364,999,9.87687687687688
502,497,9.91035856573705,9.84909456740443,999,9.87987987987988
501,498,9.91017964071856,9.85341365461847,999,9.88188188188188
486,512,9.91358024691358,9.853515625,998,9.88276553106212
487,511,9.91375770020534,9.86105675146771,998,9.88677354709419
490,509,9.91428571428571,9.8565815324165,999,9.88488488488488
488,511,9.90573770491803,9.85518590998043,999,9.87987987987988
487,511,9.90965092402464,9.85714285714286,998,9.88276553106212
481,517,9.91476091476092,9.86073500967118,998,9.88677354709419
488,511,9.91598360655738,9.86105675146771,999,9.88788788788789
488,510,9.91803278688525,9.86470588235294,998,9.89078156312625
493,505,9.91683569979716,9.87128712871287,998,9.8937875751503
483,516,9.92339544513458,9.86046511627907,999,9.89089089089089
490,509,9.9265306122449,9.8664047151277,999,9.8958958958959
481,517,9.93555093555094,9.86847195357834,998,9.90080160320641
475,523,9.93473684210526,9.86998087954111,998,9.90080160320641
471,527,9.93842887473461,9.87096774193548,998,9.90280561122244
479,519,9.94780793319415,9.85934489402698,998,9.90180360721443
483,516,9.94409937888199,9.87403100775194,999,9.90790790790791
496,502,9.94556451612903,9.86852589641434,998,9.90681362725451
500,499,9.946,9.87575150300601,999,9.91091091091091
502,495,9.94820717131474,9.87070707070707,997,9.90972918756269
506,492,9.95256916996047,9.87195121951219,998,9.9128256513026
510,488,9.94705882352941,9.86885245901639,998,9.90881763527054
512,487,9.94921875,9.86858316221766,999,9.90990990990991
512,487,9.943359375,9.87268993839836,999,9.90890890890891
508,491,9.93110236220472,9.87169042769857,999,9.9019019019019
505,493,9.93465346534654,9.87423935091278,998,9.90480961923848
502,497,9.93027888446215,9.86116700201207,999,9.8958958958959
504,495,9.92063492063492,9.86666666666667,999,9.89389389389389
504,495,9.92460317460317,9.86464646464646,999,9.89489489489489
505,494,9.92673267326733,9.86234817813765,999,9.89489489489489
512,486,9.921875,9.87654320987654,998,9.8997995991984
509,488,9.91748526522593,9.87090163934426,997,9.89468405215647
499,499,9.91583166332665,9.86973947895792,998,9.89278557114229
500,498,9.916,9.86947791164659,998,9.89278557114229
502,496,9.91832669322709,9.87298387096774,998,9.89579158316633
496,502,9.92943548387097,9.87250996015936,998,9.90080160320641
488,511,9.92827868852459,9.87671232876712,999,9.9019019019019
484,515,9.93595041322314,9.88155339805825,999,9.90790790790791
478,518,9.93514644351465,9.88803088803089,996,9.91064257028112
486,513,9.93621399176955,9.88499025341131,999,9.90990990990991
488,511,9.93237704918033,9.89236790606654,999,9.91191191191191
479,519,9.92693110647182,9.89595375722543,998,9.91082164328657
477,522,9.92452830188679,9.90038314176245,999,9.91191191191191
479,519,9.92275574112735,9.90558766859345,998,9.91382765531062
477,522,9.92452830188679,9.91187739463602,999,9.91791791791792
472,526,9.91949152542373,9.9106463878327,998,9.91482965931864
482,516,9.92738589211618,9.91472868217054,998,9.92084168336673
486,512,9.9238683127572,9.916015625,998,9.91983967935872
492,505,9.93089430894309,9.90693069306931,997,9.91875626880642
496,502,9.93346774193548,9.90836653386454,998,9.92084168336673
497,502,9.93561368209255,9.90239043824701,999,9.91891891891892
504,495,9.93452380952381,9.8989898989899,999,9.91691691691692
505,494,9.94059405940594,9.90688259109312,999,9.92392392392392
498,501,9.94578313253012,9.90219560878243,999,9.92392392392392
495,502,9.94747474747475,9.90637450199203,997,9.92678034102307
482,516,9.94813278008299,9.90116279069767,998,9.92384769539078
485,514,9.94845360824742,9.89494163424125,999,9.92092092092092
479,519,9.94989561586639,9.89210019267823,998,9.91983967935872
466,533,9.95278969957081,9.89493433395872,999,9.92192192192192
453,545,9.9514348785872,9.88990825688073,998,9.91783567134268
443,556,9.94808126410835,9.89748201438849,999,9.91991991991992
434,563,9.94930875576037,9.89520426287744,997,9.91875626880642
444,554,9.94144144144144,9.90252707581227,998,9.91983967935872
444,555,9.94369369369369,9.90630630630631,999,9.92292292292292
439,560,9.94533029612756,9.90714285714286,999,9.92392392392392
446,552,9.94394618834081,9.90579710144928,998,9.92284569138276
451,548,9.94678492239468,9.91423357664234,999,9.92892892892893
454,544,9.94933920704846,9.91176470588235,998,9.92885771543086
455,544,9.95604395604396,9.90992647058824,999,9.93093093093093
453,545,9.9514348785872,9.90825688073394,998,9.92785571142285
451,548,9.95787139689579,9.90693430656934,999,9.92992992992993
456,543,9.95833333333333,9.91160220994475,999,9.93293293293293
468,531,9.9551282051282,9.90772128060264,999,9.92992992992993
471,527,9.95329087048832,9.91650853889943,998,9.93386773547094
473,526,9.94714587737844,9.91825095057034,999,9.93193193193193
479,520,9.95824634655532,9.91923076923077,999,9.93793793793794
478,521,9.9560669456067,9.92130518234165,999,9.93793793793794
474,524,9.95569620253165,9.9236641221374,998,9.93887775551102
470,526,9.95744680851064,9.92775665399239,996,9.94176706827309
461,538,9.95661605206074,9.93122676579926,999,9.94294294294294
464,533,9.95905172413793,9.9343339587242,997,9.94583751253761
447,551,9.95302013422819,9.93829401088929,998,9.94488977955912
442,556,9.95927601809955,9.94064748201439,998,9.94889779559118
444,554,9.96171171171171,9.94223826714801,998,9.95090180360721
436,563,9.96100917431193,9.94316163410302,999,9.95095095095095
428,571,9.96261682242991,9.94570928196147,999,9.95295295295295
423,576,9.96926713947991,9.94097222222222,999,9.95295295295295
424,573,9.96462264150943,9.94589877835951,997,9.95386158475426
422,577,9.95971563981043,9.94800693240901,999,9.95295295295295
420,578,9.95952380952381,9.94636678200692,998,9.95190380761523
415,584,9.96867469879518,9.94006849315068,999,9.95195195195195
419,580,9.96897374701671,9.93620689655172,999,9.94994994994995
418,580,9.96411483253589,9.94137931034483,998,9.95090180360721
413,586,9.9636803874092,9.9419795221843,999,9.95095095095095
411,587,9.95863746958637,9.94037478705281,998,9.94789579158317
417,582,9.9568345323741,9.94329896907217,999,9.94894894894895
418,580,9.96172248803828,9.94827586206897,998,9.95390781563126
414,585,9.96376811594203,9.94358974358974,999,9.95195195195195
409,589,9.96577017114914,9.95076400679117,998,9.95691382765531
420,577,9.96190476190476,9.95147313691508,997,9.95586760280842
423,575,9.9645390070922,9.95130434782609,998,9.95691382765531
424,575,9.95990566037736,9.94782608695652,999,9.95295295295295
424,574,9.95518867924528,9.94947735191638,998,9.95190380761523
435,562,9.95402298850575,9.95551601423488,997,9.95486459378134
434,565,9.95161290322581,9.95044247787611,999,9.95095095095095
436,561,9.95412844036697,9.95365418894831,997,9.95386158475426
440,558,9.95227272727273,9.95340501792115,998,9.95290581162325
443,556,9.95033860045147,9.95323741007194,999,9.95195195195195
433,565,9.95381062355658,9.96106194690265,998,9.95791583166333
433,565,9.94919168591224,9.96283185840708,998,9.95691382765531
428,571,9.94158878504673,9.96672504378284,999,9.95595595595596
433,565,9.94919168591224,9.96991150442478,998,9.96092184368737
431,568,9.94663573085847,9.97183098591549,999,9.96096096096096
429,568,9.95337995337995,9.97007042253521,997,9.96288866599799
433,565,9.94919168591224,9.96991150442478,998,9.96092184368737
427,571,9.95316159250586,9.97022767075307,998,9.96292585170341
424,575,9.94811320754717,9.9704347826087,999,9.96096096096096
435,563,9.95172413793103,9.96980461811723,998,9.96192384769539
436,562,9.95183486238532,9.96975088967972,998,9.96192384769539
438,561,9.95205479452055,9.96791443850267,999,9.96096096096096
443,555,9.95259593679458,9.97297297297297,998,9.96392785571142
449,548,9.95100222717149,9.97445255474453,997,9.96389167502508
449,549,9.95100222717149,9.97449908925319,998,9.96392785571142
441,558,9.94784580498866,9.97670250896057,999,9.96396396396396
440,559,9.94318181818182,9.97853309481216,999,9.96296296296296
442,555,9.94343891402715,9.97657657657658,997,9.96188565697091
452,547,9.95132743362832,9.97623400365631,999,9.96496496496496
456,542,9.95394736842105,9.9760147601476,998,9.96593186372746
461,537,9.95227765726681,9.97579143389199,998,9.96492985971944
457,540,9.95185995623632,9.97407407407407,997,9.96389167502508
451,547,9.95121951219512,9.97440585009141,998,9.96392785571142
461,538,9.95227765726681,9.97397769516729,999,9.96396396396396
457,540,9.95404814004376,9.97222222222222,997,9.96389167502508
461,536,9.95227765726681,9.97574626865672,997,9.96489468405216
457,540,9.95404814004376,9.97962962962963,997,9.9679037111334
466,533,9.9549356223176,9.97936210131332,999,9.96796796796797
463,535,9.95464362850972,9.98317757009346,998,9.96993987975952
458,539,9.95851528384279,9.98330241187384,997,9.97191574724173
460,539,9.95434782608696,9.98886827458256,999,9.97297297297297
462,535,9.95454545454546,9.98504672897196,997,9.97091273821464
459,540,9.95642701525055,9.98703703703704,999,9.97297297297297
458,540,9.95633187772926,9.98703703703704,998,9.97294589178357
463,536,9.95896328293736,9.98507462686567,999,9.97297297297297
461,537,9.9587852494577,9.98510242085661,998,9.97294589178357
463,536,9.95680345572354,9.98507462686567,999,9.97197197197197
460,538,9.95217391304348,9.98698884758364,998,9.97094188376754
464,532,9.95689655172414,9.98684210526316,996,9.97289156626506
473,526,9.95348837209302,9.98669201520913,999,9.97097097097097
469,530,9.95309168443497,9.98679245283019,999,9.97097097097097
466,533,9.95278969957081,9.98311444652908,999,9.96896896896897
460,536,9.96304347826087,9.98320895522388,996,9.97389558232932
473,526,9.96194503171247,9.98098859315589,999,9.97197197197197
474,525,9.96413502109705,9.98095238095238,999,9.97297297297297
487,512,9.96919917864476,9.982421875,999,9.97597597597598
477,520,9.9748427672956,9.98076923076923,997,9.97793380140421
486,511,9.97530864197531,9.98238747553816,997,9.97893681043129
479,519,9.97703549060543,9.98073217726397,998,9.97895791583166
487,511,9.98357289527721,9.98043052837573,998,9.98196392785571
472,527,9.98516949152542,9.97722960151803,999,9.98098098098098
478,521,9.98744769874477,9.978886756238,999,9.98298298298298
467,532,9.99143468950749,9.97932330827068,999,9.98498498498498
474,522,9.98945147679325,9.98084291187739,996,9.98493975903614
475,524,9.98947368421053,9.98091603053435,999,9.98498498498498
467,529,9.99143468950749,9.98298676748582,996,9.98694779116466
467,532,9.99143468950749,9.98684210526316,999,9.98898898898899
467,532,9.99357601713062,9.98496240601504,999,9.98898898898899
461,538,9.99566160520607,9.98327137546468,999,9.98898898898899
465,533,9.99569892473118,9.98311444652908,998,9.98897795591182
472,526,9.99576271186441,9.97908745247148,998,9.98697394789579
466,531,9.99570815450644,9.98116760828625,997,9.98796389167503
464,533,9.99568965517241,9.98311444652908,997,9.98896690070211
469,530,9.99573560767591,9.98301886792453,999,9.98898898898899
464,534,9.99568965517241,9.98501872659176,998,9.98997995991984
467,531,9.99357601713062,9.98305084745763,998,9.98797595190381
456,543,9.99561403508772,9.98526703499079,999,9.98998998998999
465,532,9.99569892473118,9.9812030075188,997,9.98796389167503
462,536,9.99350649350649,9.98320895522388,998,9.98797595190381
468,530,9.99358974358974,9.98301886792453,998,9.98797595190381
465,533,9.99569892473118,9.98311444652908,998,9.98897795591182
483,516,9.99585921325052,9.98255813953488,999,9.98898898898899
481,518,9.995841995842,9.98262548262548,999,9.98898898898899
493,504,9.99797160243408,9.98412698412698,997,9.99097291875627
480,517,9.99791666666667,9.9825918762089,997,9.98996990972919
484,515,9.99793388429752,9.98252427184466,999,9.98998998998999
485,513,9.9979381443299,9.98050682261209,998,9.98897795591182
491,508,9.9979633401222,9.98031496062992,999,9.98898898898899
489,509,9.99795501022495,9.98231827111984,998,9.98997995991984
490,509,9.99795918367347,9.98428290766208,999,9.99099099099099
489,510,9.99795501022495,9.98823529411765,999,9.99299299299299
510,488,9.99803921568627,9.98565573770492,998,9.99198396793587
510,489,9.99803921568627,9.98773006134969,999,9.99299299299299
507,491,9.99802761341223,9.9857433808554,998,9.99198396793587
522,477,9.99808429118774,9.9853249475891,999,9.99199199199199
530,469,9.99811320754717,9.98507462686567,999,9.99199199199199
548,450,9.99817518248175,9.98222222222222,998,9.99098196392786
547,452,9.9981718464351,9.98008849557522,999,9.98998998998999
555,444,9.9981981981982,9.97972972972973,999,9.98998998998999
549,449,9.99817850637523,9.97995545657016,998,9.98997995991984
552,446,9.9981884057971,9.97757847533632,998,9.98897795591182
546,450,9.9981684981685,9.97555555555556,996,9.98795180722892
551,448,9.99637023593466,9.97544642857143,999,9.98698698698699
548,451,9.99817518248175,9.97782705099778,999,9.98898898898899
550,448,9.99818181818182,9.97767857142857,998,9.98897795591182
552,446,9.9963768115942,9.97982062780269,998,9.98897795591182
542,456,9.99630996309963,9.9780701754386,998,9.98797595190381
547,452,9.9945155393053,9.97566371681416,999,9.98598598598599
557,441,9.99461400359066,9.97278911564626,998,9.98496993987976
561,437,9.99286987522282,9.97482837528604,998,9.98496993987976
555,441,9.99279279279279,9.97278911564626,996,9.98393574297189
558,440,9.99283154121864,9.97954545454546,998,9.98697394789579
550,448,9.99272727272727,9.98214285714286,998,9.98797595190381
545,452,9.99266055045872,9.98230088495575,997,9.98796389167503
544,454,9.99264705882353,9.98458149779736,998,9.98897795591182
548,451,9.99452554744525,9.98447893569845,999,9.98998998998999
544,454,9.99264705882353,9.98237885462555,998,9.98797595190381
553,443,9.99276672694394,9.98194130925508,996,9.98795180722892
557,442,9.99281867145422,9.97963800904977,999,9.98698698698699
550,447,9.99272727272727,9.9821029082774,997,9.98796389167503
555,443,9.99279279279279,9.97968397291196,998,9.98697394789579
566,432,9.99116607773852,9.98611111111111,998,9.98897795591182
575,423,9.99130434782609,9.98581560283688,998,9.98897795591182
574,425,9.99303135888502,9.98352941176471,999,9.98898898898899
570,429,9.99298245614035,9.98601398601399,999,9.98998998998999
573,426,9.99476439790576,9.98826291079812,999,9.99199199199199
582,417,9.99484536082474,9.98800959232614,999,9.99199199199199
579,420,9.99481865284974,9.99047619047619,999,9.99299299299299
574,422,9.99477351916376,9.99052132701422,996,9.9929718875502
580,417,9.99827586206897,9.99040767386091,997,9.99498495486459
584,415,9.99828767123288,9.99036144578313,999,9.99499499499499
586,410,9.99829351535836,9.99024390243902,996,9.99497991967871
588,411,9.99829931972789,9.99026763990268,999,9.99499499499499
595,404,9.99831932773109,9.99009900990099,999,9.99499499499499
590,406,9.99830508474576,9.99014778325123,996,9.99497991967871
594,404,9.9983164983165,9.99009900990099,998,9.99498997995992
588,410,9.99829931972789,9.98780487804878,998,9.9939879759519
592,405,9.99831081081081,9.99012345679012,997,9.99498495486459
598,401,9.99832775919733,9.99002493765586,999,9.99499499499499
610,389,9.9983606557377,9.98971722365039,999,9.99499499499499
607,392,10.0,9.99234693877551,999,9.996996996997
609,390,10.0,9.98974358974359,999,9.995995995996
605,393,10.0,9.98727735368957,998,9.99498997995992
606,392,10.0,9.98469387755102,998,9.9939879759519
606,392,10.0,9.98724489795918,998,9.99498997995992
605,394,10.0,9.98223350253807,999,9.99299299299299
597,401,10.0,9.98254364089776,998,9.99298597194389
604,394,10.0,9.98223350253807,998,9.99298597194389
604,394,10.0,9.98223350253807,998,9.99298597194389
606,391,10.0,9.97953964194373,997,9.99197592778335
611,387,10.0,9.97932816537468,998,9.99198396793587
615,384,10.0,9.9765625,999,9.99099099099099
612,387,10.0,9.97674418604651,999,9.99099099099099
611,388,10.0,9.97680412371134,999,9.99099099099099
616,383,10.0,9.97911227154047,999,9.99199199199199
618,381,10.0,9.97637795275591,999,9.99099099099099
615,383,10.0,9.97650130548303,998,9.99098196392786
617,382,10.0,9.97643979057592,999,9.99099099099099
619,379,10.0,9.97625329815303,998,9.99098196392786
614,385,10.0,9.97662337662338,999,9.99099099099099
615,384,10.0,9.9765625,999,9.99099099099099
618,379,10.0,9.97889182058048,997,9.99197592778335
623,376,10.0,9.97606382978723,999,9.99099099099099
619,380,10.0,9.97894736842105,999,9.99199199199199
622,376,10.0,9.97872340425532,998,9.99198396793587
616,383,10.0,9.97650130548303,999,9.99099099099099
618,380,10.0,9.97631578947368,998,9.99098196392786
