forward_num,reverse_num,forward_rate,reverse_rate,organism_num,organism_rate
5,5,5.0,5.0,10,5.0
5,5,5.0,5.0,10,5.0
5,5,5.0,5.0,10,5.0
6,6,5.33333333333333,5.33333333333333,12,5.33333333333333
7,7,5.42857142857143,5.42857142857143,14,5.42857142857143
8,8,5.375,5.375,16,5.375
11,11,5.54545454545455,5.54545454545455,22,5.54545454545455
14,14,5.42857142857143,5.42857142857143,28,5.42857142857143
14,14,5.42857142857143,5.42857142857143,28,5.42857142857143
20,20,5.7,5.7,40,5.7
20,20,5.7,5.7,40,5.7
26,26,5.61538461538461,5.61538461538461,52,5.61538461538461
34,34,5.94117647058824,5.94117647058824,68,5.94117647058824
38,38,5.84210526315789,5.84210526315789,76,5.84210526315789
48,48,5.75,5.75,96,5.75
64,64,6.0625,6.0625,128,6.0625
68,68,5.94117647058824,5.94117647058824,136,5.94117647058824
92,92,5.8695652173913,5.8695652173913,184,5.8695652173913
124,124,6.16129032258065,6.16129032258065,248,6.16129032258065
124,123,6.16129032258065,6.16260162601626,247,6.16194331983806
124,123,6.16129032258065,6.16260162601626,247,6.16194331983806
248,246,6.16129032258065,6.16260162601626,494,6.16194331983806
248,246,6.16129032258065,6.16260162601626,494,6.16194331983806
248,246,6.16129032258065,6.16260162601626,494,6.16194331983806
440,436,6.38181818181818,6.38532110091743,876,6.38356164383562
470,468,6.28936170212766,6.29059829059829,938,6.28997867803838
514,485,6.26264591439689,6.21649484536082,999,6.24024024024024
515,484,6.29514563106796,6.23140495867769,999,6.26426426426426
506,490,6.30434782608696,6.23265306122449,996,6.26907630522088
515,483,6.27184466019417,6.18426501035197,998,6.22945891783567
515,483,6.30873786407767,6.22567287784679,998,6.2685370741483
518,481,6.28378378378378,6.17671517671518,999,6.23223223223223
508,491,6.29724409448819,6.21995926680244,999,6.25925925925926
512,487,6.326171875,6.217659137577,999,6.27327327327327
513,486,6.33528265107212,6.21399176954733,999,6.27627627627628
512,487,6.35546875,6.25051334702259,999,6.3043043043043
526,473,6.38022813688213,6.25581395348837,999,6.32132132132132
532,467,6.3796992481203,6.22483940042827,999,6.30730730730731
532,467,6.3984962406015,6.23126338329764,999,6.32032032032032
528,471,6.44128787878788,6.28025477707006,999,6.36536536536537
537,462,6.45810055865922,6.27489177489177,999,6.37337337337337
538,460,6.43308550185874,6.24565217391304,998,6.34669338677355
527,470,6.44781783681214,6.28297872340426,997,6.37011033099298
531,467,6.43879472693032,6.29336188436831,998,6.37074148296593
532,466,6.42293233082707,6.28326180257511,998,6.35771543086172
524,474,6.4675572519084,6.30168776371308,998,6.38877755511022
533,466,6.45403377110694,6.30472103004292,999,6.38438438438438
529,470,6.44234404536862,6.28936170212766,999,6.37037037037037
515,484,6.47184466019417,6.33677685950413,999,6.40640640640641
524,475,6.45419847328244,6.31578947368421,999,6.38838838838839
527,472,6.4573055028463,6.32838983050847,999,6.3963963963964
515,484,6.44271844660194,6.33264462809917,999,6.38938938938939
522,477,6.4367816091954,6.34381551362683,999,6.39239239239239
533,465,6.46153846153846,6.36559139784946,998,6.41683366733467
518,481,6.44208494208494,6.34719334719335,999,6.3963963963964
507,489,6.45956607495069,6.36196319018405,996,6.41164658634538
520,478,6.47692307692308,6.36610878661088,998,6.42384769539078
513,485,6.46978557504873,6.42268041237113,998,6.44689378757515
513,483,6.49707602339181,6.40372670807453,996,6.45180722891566
517,482,6.50096711798839,6.38589211618257,999,6.44544544544545
516,483,6.47286821705426,6.3871635610766,999,6.43143143143143
522,477,6.48275862068965,6.36477987421384,999,6.42642642642643
522,477,6.5,6.39203354297694,999,6.44844844844845
524,474,6.46374045801527,6.38607594936709,998,6.42685370741483
516,480,6.47480620155039,6.38125,996,6.42971887550201
520,479,6.50192307692308,6.36534446764092,999,6.43643643643644
514,484,6.50389105058366,6.35123966942149,998,6.42985971943888
522,477,6.48084291187739,6.39203354297694,999,6.43843843843844
522,477,6.48275862068965,6.42976939203354,999,6.45745745745746
522,476,6.5,6.44747899159664,998,6.4749498997996
518,481,6.49420849420849,6.43659043659044,999,6.46646646646647
512,487,6.513671875,6.4394250513347,999,6.47747747747748
523,475,6.53154875717017,6.46315789473684,998,6.49899799599198
520,479,6.55,6.47181628392484,999,6.51251251251251
519,480,6.5606936416185,6.47916666666667,999,6.52152152152152
519,479,6.58574181117534,6.45511482254697,998,6.52304609218437
518,481,6.58108108108108,6.43866943866944,999,6.51251251251251
520,478,6.575,6.43305439330544,998,6.50701402805611
525,473,6.57904761904762,6.44820295983087,998,6.51703406813627
520,479,6.59038461538462,6.4446764091858,999,6.52052052052052
520,478,6.58269230769231,6.44560669456067,998,6.51703406813627
528,469,6.58143939393939,6.45628997867804,997,6.52256770310933
513,484,6.5906432748538,6.44421487603306,997,6.51955867602808
512,487,6.572265625,6.4435318275154,999,6.50950950950951
505,491,6.57425742574257,6.42769857433809,996,6.50200803212851
502,495,6.59163346613546,6.44646464646465,997,6.51955867602808
512,487,6.580078125,6.46201232032854,999,6.52252252252252
505,491,6.58613861386139,6.4765784114053,996,6.53212851405623
505,494,6.58811881188119,6.48380566801619,999,6.53653653653654
510,488,6.5843137254902,6.48565573770492,998,6.53607214428858
507,492,6.59171597633136,6.47764227642276,999,6.53553553553554
509,490,6.60314341846758,6.46734693877551,999,6.53653653653654
509,490,6.60707269155206,6.46530612244898,999,6.53753753753754
505,494,6.58811881188119,6.47368421052632,999,6.53153153153153
507,492,6.59763313609467,6.48780487804878,999,6.54354354354354
503,495,6.60039761431412,6.50909090909091,998,6.55511022044088
501,498,6.58882235528942,6.52610441767068,999,6.55755755755756
515,484,6.60194174757282,6.52479338842975,999,6.56456456456456
506,492,6.60869565217391,6.52642276422764,998,6.56813627254509
501,495,6.59680638722555,6.53535353535354,996,6.56626506024096
505,493,6.58019801980198,6.54158215010142,998,6.56112224448898
501,498,6.58083832335329,6.55622489959839,999,6.56856856856857
496,501,6.59072580645161,6.54491017964072,997,6.56770310932798
499,500,6.57715430861723,6.544,999,6.56056056056056
495,504,6.58181818181818,6.5734126984127,999,6.57757757757758
490,508,6.58163265306122,6.58661417322835,998,6.58416833667335
487,511,6.58932238193018,6.5812133072407,998,6.58517034068136
486,513,6.5843621399177,6.59259259259259,999,6.58858858858859
479,518,6.60751565762004,6.6003861003861,997,6.60381143430291
479,520,6.61795407098121,6.59423076923077,999,6.60560560560561
475,523,6.60210526315789,6.58891013384321,998,6.59519038076152
480,518,6.61041666666667,6.61003861003861,998,6.61022044088176
475,524,6.63157894736842,6.59923664122137,999,6.61461461461461
475,523,6.63157894736842,6.5697896749522,998,6.59919839679359
486,513,6.6358024691358,6.5692007797271,999,6.6016016016016
481,518,6.65488565488566,6.57528957528958,999,6.61361361361361
477,521,6.64360587002096,6.56621880998081,998,6.60320641282565
484,515,6.63842975206612,6.55145631067961,999,6.59359359359359
494,505,6.6417004048583,6.52277227722772,999,6.58158158158158
485,514,6.64948453608247,6.54474708171206,999,6.5955955955956
480,519,6.65833333333333,6.54720616570328,999,6.6006006006006
484,513,6.64256198347107,6.5458089668616,997,6.59277833500501
483,513,6.64389233954451,6.54775828460039,996,6.59437751004016
480,518,6.67916666666667,6.54054054054054,998,6.60721442885772
488,507,6.68237704918033,6.51873767258383,995,6.59899497487437
487,510,6.67145790554415,6.53921568627451,997,6.60381143430291
491,508,6.67006109979633,6.52755905511811,999,6.5975975975976
500,499,6.674,6.51703406813627,999,6.5955955955956
501,498,6.6626746506986,6.52008032128514,999,6.59159159159159
504,495,6.68253968253968,6.51111111111111,999,6.5975975975976
508,491,6.67322834645669,6.4867617107943,999,6.58158158158158
510,488,6.68627450980392,6.50204918032787,998,6.59619238476954
516,483,6.67441860465116,6.49689440993789,999,6.58858858858859
524,473,6.67557251908397,6.51374207188161,997,6.5987963891675
532,466,6.67669172932331,6.5,998,6.59418837675351
532,467,6.66917293233083,6.49464668094218,999,6.58758758758759
542,455,6.66974169741697,6.48791208791209,997,6.58676028084253
544,455,6.65992647058824,6.49230769230769,999,6.58358358358358
542,457,6.66420664206642,6.48577680525164,999,6.58258258258258
550,448,6.66545454545455,6.48214285714286,998,6.58316633266533
564,434,6.66489361702128,6.49308755760369,998,6.59018036072144
560,439,6.67142857142857,6.49658314350797,999,6.59459459459459
555,442,6.68108108108108,6.5,997,6.60080240722167
566,433,6.68727915194346,6.48498845265589,999,6.5995995995996
561,438,6.68092691622103,6.49315068493151,999,6.5985985985986
557,442,6.6983842010772,6.52714932126697,999,6.62262262262262
562,437,6.69750889679715,6.51945080091533,999,6.61961961961962
572,427,6.69230769230769,6.52693208430913,999,6.62162162162162
570,429,6.69298245614035,6.52680652680653,999,6.62162162162162
570,428,6.6859649122807,6.52570093457944,998,6.61723446893788
577,422,6.6949740034662,6.52132701421801,999,6.62162162162162
573,424,6.69458987783595,6.52122641509434,997,6.62086258776329
576,421,6.69791666666667,6.54394299287411,997,6.63289869608827
573,425,6.69109947643979,6.52941176470588,998,6.62224448897796
572,425,6.69755244755245,6.52235294117647,997,6.62286860581745
570,429,6.70701754385965,6.51981351981352,999,6.62662662662663
574,424,6.69686411149826,6.51650943396226,998,6.62024048096192
564,435,6.71099290780142,6.51954022988506,999,6.62762762762763
564,435,6.73049645390071,6.52873563218391,999,6.64264264264264
567,432,6.7336860670194,6.52546296296296,999,6.64364364364364
569,430,6.72934973637961,6.53720930232558,999,6.64664664664665
567,428,6.72134038800705,6.53738317757009,995,6.64221105527638
568,430,6.72183098591549,6.53488372093023,998,6.64128256513026
576,423,6.72916666666667,6.54137115839243,999,6.64964964964965
579,420,6.73575129533679,6.53571428571429,999,6.65165165165165
580,419,6.73620689655172,6.52744630071599,999,6.64864864864865
576,422,6.73784722222222,6.5260663507109,998,6.64829659318637
574,424,6.75261324041812,6.5377358490566,998,6.66132264529058
587,408,6.75979557069847,6.54411764705882,995,6.6713567839196
591,407,6.7580372250423,6.53562653562654,998,6.66733466933868
592,407,6.76182432432432,6.52334152334152,999,6.66466466466466
601,398,6.77038269550749,6.51005025125628,999,6.66666666666667
604,395,6.75827814569536,6.51392405063291,999,6.66166166166166
608,389,6.77138157894737,6.52185089974293,997,6.6740220661986
611,386,6.7708674304419,6.51036269430052,997,6.67001003009027
603,395,6.77446102819237,6.50632911392405,998,6.66833667334669
606,393,6.77062706270627,6.50636132315522,999,6.66666666666667
607,391,6.77265238879736,6.49616368286445,998,6.66432865731463
607,391,6.78418451400329,6.52173913043478,998,6.6813627254509
607,392,6.77924217462932,6.51785714285714,999,6.67667667667668
609,390,6.77668308702791,6.53333333333333,999,6.68168168168168
610,388,6.77868852459016,6.56701030927835,998,6.69639278557114
619,379,6.79159935379645,6.54881266490765,998,6.69939879759519
605,393,6.7900826446281,6.52162849872774,998,6.68436873747495
600,399,6.8,6.50375939849624,999,6.68168168168168
602,396,6.79568106312292,6.51262626262626,998,6.68336673346693
600,399,6.79666666666667,6.52380952380952,999,6.68768768768769
591,406,6.80541455160744,6.49753694581281,997,6.68004012036108
595,402,6.80168067226891,6.5,997,6.68004012036108
590,409,6.79830508474576,6.52322738386308,999,6.68568568568569
586,412,6.8122866894198,6.50242718446602,998,6.68436873747495
589,409,6.81324278438031,6.48166259168704,998,6.67735470941884
592,404,6.82094594594595,6.5049504950495,996,6.69277108433735
592,406,6.81925675675676,6.51231527093596,998,6.69438877755511
586,413,6.81740614334471,6.50121065375303,999,6.68668668668669
587,410,6.81090289608177,6.51463414634146,997,6.68906720160481
587,410,6.81260647359455,6.51219512195122,997,6.68906720160481
595,404,6.79663865546218,6.49257425742574,999,6.67367367367367
594,403,6.79124579124579,6.49379652605459,997,6.67101303911735
597,402,6.79061976549414,6.49502487562189,999,6.67167167167167
593,405,6.79932546374368,6.48888888888889,998,6.67334669338677
596,402,6.7986577181208,6.49004975124378,998,6.67434869739479
606,393,6.7953795379538,6.51908396946565,999,6.68668668668669
608,391,6.79605263157895,6.51662404092072,999,6.68668668668669
611,387,6.7986906710311,6.49612403100775,998,6.6813627254509
616,381,6.79545454545455,6.49343832020997,997,6.68004012036108
621,377,6.79710144927536,6.49071618037135,998,6.6813627254509
627,372,6.8006379585327,6.51612903225806,999,6.69469469469469
626,369,6.80511182108626,6.5230352303523,995,6.70050251256281
639,359,6.81377151799687,6.53203342618384,998,6.7124248496994
641,358,6.81435257410296,6.53351955307263,999,6.71371371371371
641,357,6.81435257410296,6.54341736694678,998,6.71743486973948
647,351,6.81761978361669,6.53276353276353,998,6.71743486973948
640,359,6.8203125,6.51532033426184,999,6.71071071071071
640,359,6.828125,6.51810584958217,999,6.71671671671672
645,354,6.82480620155039,6.51129943502825,999,6.71371371371371
630,368,6.82222222222222,6.52717391304348,998,6.71342685370742
624,373,6.81730769230769,6.53351206434316,997,6.7111334002006
633,366,6.82148499210111,6.54644808743169,999,6.72072072072072
627,372,6.8213716108453,6.56182795698925,999,6.72472472472472
628,370,6.82802547770701,6.54864864864865,998,6.72444889779559
636,363,6.82861635220126,6.52617079889807,999,6.71871871871872
632,367,6.81962025316456,6.55858310626703,999,6.72372372372372
643,356,6.81181959564541,6.5252808988764,999,6.70970970970971
648,350,6.82098765432099,6.51714285714286,998,6.71442885771543
651,347,6.82181259600614,6.49279538904899,998,6.70741482965932
656,343,6.82774390243902,6.51603498542274,999,6.72072072072072
660,339,6.81969696969697,6.53097345132743,999,6.72172172172172
655,344,6.82595419847328,6.51453488372093,999,6.71871871871872
660,339,6.83181818181818,6.53097345132743,999,6.72972972972973
667,330,6.84107946026987,6.52727272727273,997,6.73721163490471
670,328,6.83880597014925,6.53658536585366,998,6.73947895791583
667,331,6.83958020989505,6.54078549848943,998,6.74048096192385
666,333,6.85135135135135,6.4984984984985,999,6.73373373373373
664,334,6.85090361445783,6.53592814371257,998,6.74549098196393
664,334,6.8433734939759,6.55389221556886,998,6.74649298597194
670,328,6.84328358208955,6.53963414634146,998,6.7434869739479
664,335,6.83584337349398,6.51044776119403,999,6.72672672672673
664,332,6.83885542168675,6.51506024096386,996,6.73092369477912
668,330,6.84730538922156,6.51212121212121,998,6.73647294589178
652,347,6.84509202453988,6.53025936599424,999,6.73573573573574
652,347,6.84815950920245,6.51585014409222,999,6.73273273273273
653,346,6.8468606431853,6.50578034682081,999,6.72872872872873
657,342,6.84170471841705,6.50584795321637,999,6.72672672672673
660,339,6.83787878787879,6.53392330383481,999,6.73473473473473
659,337,6.84522003034901,6.52522255192878,996,6.73694779116466
658,340,6.83586626139818,6.53529411764706,998,6.73346693386774
664,333,6.84036144578313,6.52552552552553,997,6.73520561685055
669,330,6.85201793721973,6.54848484848485,999,6.75175175175175
670,328,6.85074626865672,6.53048780487805,998,6.74549098196393
678,321,6.84955752212389,6.51090342679128,999,6.74074074074074
683,316,6.86676427525622,6.5,999,6.75075075075075
682,316,6.86950146627566,6.5,998,6.75250501002004
694,305,6.87031700288184,6.48524590163934,999,6.75275275275275
685,314,6.86277372262774,6.47133757961783,999,6.73973973973974
679,320,6.86745213549337,6.475,999,6.74174174174174
681,318,6.86637298091043,6.47798742138365,999,6.74274274274274
685,312,6.87883211678832,6.50320512820513,997,6.76128385155466
681,318,6.8928046989721,6.5188679245283,999,6.77377377377377
680,319,6.89411764705882,6.52037617554859,999,6.77477477477477
678,321,6.89675516224189,6.50778816199377,999,6.77177177177177
678,321,6.90412979351032,6.52647975077882,999,6.78278278278278
680,319,6.89852941176471,6.50783699059561,999,6.77377377377377
678,321,6.89675516224189,6.51090342679128,999,6.77277277277277
673,326,6.89747399702823,6.49693251533742,999,6.76676676676677
675,322,6.9037037037037,6.50931677018634,997,6.77632898696088
675,324,6.89333333333333,6.51543209876543,999,6.77077077077077
674,325,6.89910979228487,6.51384615384615,999,6.77377377377377
678,321,6.90265486725664,6.50778816199377,999,6.77577577577578
672,324,6.90029761904762,6.52160493827161,996,6.77710843373494
673,325,6.89301634472511,6.52307692307692,998,6.77254509018036
676,321,6.89644970414201,6.53894080996885,997,6.78134403209629
673,326,6.90638930163447,6.55828220858896,999,6.79279279279279
670,326,6.90298507462687,6.58282208588957,996,6.79819277108434
662,336,6.90332326283988,6.57142857142857,998,6.79158316633267
656,342,6.90853658536585,6.59649122807018,998,6.80160320641283
656,343,6.91768292682927,6.5801749271137,999,6.8018018018018
653,345,6.91883614088821,6.57971014492754,998,6.80160320641283
660,339,6.92272727272727,6.55162241887906,999,6.7967967967968
651,348,6.91858678955453,6.57471264367816,999,6.7987987987988
662,337,6.91993957703928,6.58456973293769,999,6.80680680680681
659,340,6.92109256449165,6.59411764705882,999,6.80980980980981
651,347,6.92626728110599,6.61959654178674,998,6.81963927855711
652,346,6.92331288343558,6.60693641618497,998,6.81362725450902
657,342,6.92694063926941,6.60233918128655,999,6.81581581581582
652,344,6.93098159509202,6.61918604651163,996,6.82329317269076
663,336,6.92458521870287,6.61309523809524,999,6.81981981981982
664,334,6.91867469879518,6.60778443113772,998,6.81462925851703
655,344,6.9206106870229,6.61918604651163,999,6.81681681681682
654,345,6.91437308868502,6.61159420289855,999,6.80980980980981
651,347,6.91705069124424,6.60518731988473,998,6.80861723446894
647,350,6.91344667697063,6.61714285714286,997,6.80942828485456
642,356,6.91277258566978,6.60955056179775,998,6.80460921843687
635,364,6.91496062992126,6.62637362637363,999,6.80980980980981
624,374,6.91826923076923,6.6283422459893,998,6.80961923847695
626,371,6.91693290734824,6.60916442048518,997,6.802407221665
630,369,6.91111111111111,6.61246612466125,999,6.8008008008008
627,372,6.91387559808612,6.62634408602151,999,6.80680680680681
631,368,6.91442155309033,6.63315217391304,999,6.81081081081081
634,365,6.9179810725552,6.61917808219178,999,6.80880880880881
634,364,6.91640378548896,6.64285714285714,998,6.81663326653307
637,362,6.91522762951334,6.65469613259669,999,6.82082082082082
630,367,6.91587301587302,6.67302452316076,997,6.82647943831495
633,365,6.91785150078989,6.68219178082192,998,6.83166332665331
629,370,6.92050874403816,6.67837837837838,999,6.83083083083083
630,367,6.92380952380952,6.69209809264305,997,6.83851554663992
635,364,6.92283464566929,6.68131868131868,999,6.83483483483483
640,358,6.921875,6.69832402234637,998,6.84168336673347
642,357,6.92367601246106,6.68347338935574,999,6.83783783783784
635,363,6.9244094488189,6.68870523415978,998,6.83867735470942
643,355,6.92690513219285,6.70704225352113,998,6.84869739478958
650,349,6.92769230769231,6.70200573065903,999,6.84884884884885
648,351,6.92438271604938,6.71225071225071,999,6.84984984984985
656,342,6.92530487804878,6.69590643274854,998,6.84669338677355
655,342,6.92671755725191,6.69298245614035,997,6.84653961885657
658,341,6.93009118541033,6.69794721407625,999,6.85085085085085
653,345,6.92802450229709,6.68695652173913,998,6.84468937875751
655,344,6.92824427480916,6.69476744186047,999,6.84784784784785
659,340,6.92564491654021,6.67352941176471,999,6.83983983983984
664,335,6.93072289156626,6.69253731343284,999,6.85085085085085
674,325,6.92878338278932,6.69230769230769,999,6.85185185185185
673,325,6.92570579494799,6.70153846153846,998,6.85270541082164
671,326,6.92846497764531,6.71779141104294,997,6.85957873620863
678,321,6.92625368731563,6.71651090342679,999,6.85885885885886
684,314,6.92690058479532,6.72611464968153,998,6.86372745490982
676,321,6.93047337278106,6.72897196261682,997,6.86559679037111
681,318,6.93098384728341,6.72327044025157,999,6.86486486486486
681,317,6.92511013215859,6.72239747634069,998,6.86072144288577
690,309,6.92028985507246,6.72815533980583,999,6.86086086086086
696,302,6.91379310344828,6.74172185430464,998,6.86172344689379
692,306,6.91763005780347,6.72222222222222,998,6.85771543086172
693,303,6.92207792207792,6.71947194719472,996,6.86044176706827
686,313,6.91836734693878,6.71246006389776,999,6.85385385385385
685,314,6.91970802919708,6.71337579617834,999,6.85485485485485
692,307,6.91907514450867,6.70358306188925,999,6.85285285285285
688,311,6.91860465116279,6.71382636655949,999,6.85485485485485
684,315,6.92397660818713,6.7047619047619,999,6.85485485485485
681,317,6.92511013215859,6.70347003154574,998,6.85470941883768
681,317,6.92364170337739,6.70347003154574,998,6.85370741482966
680,319,6.92205882352941,6.69278996865204,999,6.84884884884885
677,322,6.92023633677991,6.67701863354037,999,6.84184184184184
677,322,6.92466765140325,6.69875776397516,999,6.85185185185185
671,327,6.92846497764531,6.70948012232416,998,6.85671342685371
675,323,6.92444444444444,6.69969040247678,998,6.85170340681363
679,319,6.92636229749632,6.69278996865204,998,6.85170340681363
674,324,6.93026706231454,6.7037037037037,998,6.85671342685371
673,324,6.93164933135215,6.68827160493827,997,6.85255767301906
667,332,6.928035982009,6.69277108433735,999,6.84984984984985
669,328,6.92825112107623,6.69512195121951,997,6.85155466399198
671,327,6.93293591654247,6.70642201834862,998,6.85871743486974
670,328,6.93432835820896,6.71646341463415,998,6.8627254509018
674,323,6.93471810089021,6.70588235294118,997,6.86058174523571
670,329,6.94179104477612,6.69604863221884,999,6.86086086086086
674,325,6.94658753709199,6.69538461538462,999,6.86486486486486
676,323,6.95118343195266,6.68111455108359,999,6.86386386386386
679,319,6.95287187039764,6.66144200626959,998,6.85971943887776
675,324,6.95555555555556,6.66666666666667,999,6.86186186186186
679,319,6.95287187039764,6.67711598746082,998,6.86472945891784
673,324,6.95096582466568,6.66049382716049,997,6.85656970912738
681,318,6.95007342143906,6.65094339622642,999,6.85485485485485
689,310,6.95645863570392,6.67741935483871,999,6.86986986986987
686,313,6.95626822157434,6.68051118210863,999,6.86986986986987
686,312,6.95481049562682,6.66666666666667,998,6.86472945891784
678,320,6.95427728613569,6.684375,998,6.86773547094188
684,313,6.95760233918129,6.68051118210863,997,6.87061183550652
683,316,6.95900439238653,6.68037974683544,999,6.87087087087087
679,318,6.95876288659794,6.66352201257862,997,6.86459378134403
687,312,6.95924308588064,6.65384615384615,999,6.86386386386386
680,319,6.95882352941176,6.63949843260188,999,6.85685685685686
692,306,6.95953757225434,6.65359477124183,998,6.86573146292585
680,315,6.95882352941176,6.65396825396825,995,6.86231155778894
684,314,6.9546783625731,6.6687898089172,998,6.86472945891784
700,299,6.95428571428571,6.66555183946488,999,6.86786786786787
692,307,6.95664739884393,6.67100977198697,999,6.86886886886887
690,307,6.95507246376812,6.67752442996743,997,6.86960882647944
690,308,6.95217391304348,6.69480519480519,998,6.87274549098196
694,305,6.94956772334294,6.68196721311475,999,6.86786786786787
684,315,6.95175438596491,6.6952380952381,999,6.87087087087087
681,318,6.94860499265786,6.68867924528302,999,6.86586586586587
676,323,6.94970414201183,6.68421052631579,999,6.86386386386386
668,330,6.95059880239521,6.69090909090909,998,6.86472945891784
667,332,6.94902548725637,6.71084337349398,999,6.86986986986987
670,329,6.94925373134328,6.69604863221884,999,6.86586586586587
665,334,6.94887218045113,6.68862275449102,999,6.86186186186186
670,328,6.94925373134328,6.69817073170732,998,6.86673346693387
679,319,6.94845360824742,6.73040752351097,998,6.87875751503006
677,322,6.94682422451994,6.74534161490683,999,6.88188188188188
679,317,6.94698085419735,6.73817034700315,996,6.88052208835341
687,312,6.94614264919942,6.74358974358974,999,6.88288288288288
683,316,6.93850658857979,6.7626582278481,999,6.88288288288288
687,312,6.94323144104804,6.75320512820513,999,6.88388388388388
693,304,6.94083694083694,6.75,997,6.88264794383149
696,303,6.93390804597701,6.76237623762376,999,6.88188188188188
696,302,6.93390804597701,6.77152317880795,998,6.88476953907816
698,301,6.93982808022923,6.77740863787375,999,6.89089089089089
685,314,6.93576642335766,6.76433121019108,999,6.88188188188188
697,302,6.9325681492109,6.79139072847682,999,6.88988988988989
701,297,6.93295292439372,6.7979797979798,998,6.89278557114228
693,305,6.93362193362193,6.78360655737705,998,6.8877755511022
696,303,6.92816091954023,6.78217821782178,999,6.88388388388388
700,298,6.93,6.77852348993289,998,6.88476953907816
698,301,6.9297994269341,6.78405315614618,999,6.88588588588589
702,296,6.93447293447293,6.77702702702703,998,6.8877755511022
694,305,6.93371757925072,6.78032786885246,999,6.88688688688689
690,306,6.93768115942029,6.79084967320261,996,6.8925702811245
693,306,6.94227994227994,6.80065359477124,999,6.8988988988989
687,310,6.93886462882096,6.80645161290323,997,6.89769307923771
678,318,6.94395280235988,6.81446540880503,996,6.90261044176707
683,316,6.94289897510981,6.81962025316456,999,6.9039039039039
680,319,6.94411764705882,6.8307210031348,999,6.90790790790791
672,325,6.93452380952381,6.84,997,6.9037111334002
673,326,6.93759286775632,6.83742331288344,999,6.9049049049049
658,338,6.93920972644377,6.86094674556213,996,6.91265060240964
657,341,6.93455098934551,6.8475073313783,998,6.90480961923848
661,338,6.93645990922844,6.85207100591716,999,6.90790790790791
649,350,6.93836671802774,6.85714285714286,999,6.90990990990991
648,350,6.9429012345679,6.85428571428571,998,6.91182364729459
648,350,6.93827160493827,6.85142857142857,998,6.90781563126253
654,344,6.9388379204893,6.84593023255814,998,6.90681362725451
651,348,6.93701996927803,6.85057471264368,999,6.90690690690691
655,343,6.93282442748092,6.8600583090379,998,6.90781563126253
651,346,6.94623655913978,6.8728323699422,997,6.92076228686058
650,347,6.95076923076923,6.89337175792507,997,6.93079237713139
652,347,6.95092024539877,6.87896253602305,999,6.92592592592593
644,355,6.94875776397516,6.87887323943662,999,6.92392392392392
642,357,6.95171339563863,6.89915966386555,999,6.93293293293293
638,359,6.95141065830721,6.9025069637883,997,6.93380140421264
637,361,6.95290423861852,6.88642659279778,998,6.92885771543086
644,354,6.95496894409938,6.8954802259887,998,6.93386773547094
639,360,6.95618153364632,6.89444444444444,999,6.93393393393393
633,366,6.95260663507109,6.89890710382514,999,6.93293293293293
635,362,6.95275590551181,6.88674033149171,997,6.92878635907723
630,368,6.95396825396825,6.90489130434783,998,6.93587174348697
629,368,6.95230524642289,6.91304347826087,997,6.93781344032096
637,362,6.95133437990581,6.91160220994475,999,6.93693693693694
637,362,6.95290423861852,6.92265193370166,999,6.94194194194194
630,369,6.95396825396825,6.92682926829268,999,6.94394394394394
637,361,6.94976452119309,6.93628808864266,998,6.94488977955912
633,366,6.94944707740916,6.94262295081967,999,6.94694694694695
634,365,6.95583596214511,6.95342465753425,999,6.95495495495495
644,355,6.95652173913043,6.95211267605634,999,6.95495495495495
642,356,6.95171339563863,6.95505617977528,998,6.95290581162325
637,362,6.95447409733124,6.95303867403315,999,6.95395395395395
643,355,6.96267496111975,6.94929577464789,998,6.95791583166333
649,349,6.95531587057011,6.9541547277937,998,6.95490981963928
647,352,6.95208655332303,6.95738636363636,999,6.95395395395395
651,348,6.95698924731183,6.96551724137931,999,6.95995995995996
646,353,6.95665634674923,6.96600566572238,999,6.95995995995996
652,347,6.95705521472393,6.96829971181556,999,6.96096096096096
647,352,6.95672333848532,6.97159090909091,999,6.96196196196196
642,357,6.95327102803738,6.96638655462185,999,6.95795795795796
650,347,6.95230769230769,6.96541786743516,997,6.95687061183551
644,355,6.95341614906832,6.96619718309859,999,6.95795795795796
634,365,6.95268138801262,6.96438356164384,999,6.95695695695696
647,351,6.95363214837713,6.96866096866097,998,6.95891783567134
652,346,6.95245398773006,6.97398843930636,998,6.95991983967936
641,358,6.95475819032761,6.97486033519553,999,6.96196196196196
646,353,6.95046439628483,6.97167138810198,999,6.95795795795796
655,344,6.94809160305344,6.96511627906977,999,6.95395395395395
639,359,6.9452269170579,6.96657381615599,998,6.95290581162325
645,353,6.94573643410853,6.96317280453258,998,6.95190380761523
649,350,6.94761171032357,6.96,999,6.95195195195195
638,361,6.94514106583072,6.9612188365651,999,6.95095095095095
644,351,6.94099378881988,6.96296296296296,995,6.94874371859297
651,348,6.94009216589862,6.97126436781609,999,6.95095095095095
650,347,6.93692307692308,6.97406340057637,997,6.94984954864594
657,342,6.93607305936073,6.97953216374269,999,6.95095095095095
664,334,6.93825301204819,6.98203592814371,998,6.95290581162325
658,341,6.93920972644377,6.97947214076246,999,6.95295295295295
660,338,6.93939393939394,6.9792899408284,998,6.95290581162325
664,334,6.94126506024096,6.97904191616766,998,6.95390781563126
666,331,6.94294294294294,6.97583081570997,997,6.95386158475426
657,340,6.93911719939117,6.97647058823529,997,6.9518555667001
655,343,6.94045801526718,6.97667638483965,998,6.95290581162325
661,336,6.9409984871407,6.97321428571429,997,6.9518555667001
662,337,6.9380664652568,6.97329376854599,999,6.94994994994995
661,336,6.93797276853253,6.97321428571429,997,6.94984954864594
665,334,6.94135338345865,6.96706586826347,999,6.94994994994995
663,335,6.94570135746606,6.97014925373134,998,6.95390781563126
664,335,6.93975903614458,6.97014925373134,999,6.94994994994995
670,329,6.94477611940299,6.96656534954407,999,6.95195195195195
669,329,6.94618834080717,6.96352583586626,998,6.95190380761523
664,335,6.94578313253012,6.96417910447761,999,6.95195195195195
666,332,6.94594594594595,6.96686746987952,998,6.95290581162325
667,332,6.94902548725637,6.97289156626506,999,6.95695695695696
663,336,6.94871794871795,6.97321428571429,999,6.95695695695696
675,324,6.95407407407407,6.97530864197531,999,6.96096096096096
672,325,6.96130952380952,6.97538461538462,997,6.96589769307924
664,335,6.96234939759036,6.97611940298507,999,6.96696696696697
667,332,6.96101949025487,6.98192771084337,999,6.96796796796797
664,335,6.96234939759036,6.98208955223881,999,6.96896896896897
661,338,6.96369137670197,6.97633136094675,999,6.96796796796797
660,338,6.96212121212121,6.9792899408284,998,6.96793587174349
667,331,6.9640179910045,6.97885196374622,998,6.9689378757515
663,336,6.97134238310709,6.97916666666667,999,6.97397397397397
663,334,6.96681749622926,6.98203592814371,997,6.97191574724173
662,335,6.96827794561934,6.98208955223881,997,6.97291875626881
658,339,6.96960486322188,6.98230088495575,997,6.97392176529589
657,342,6.96955859969559,6.97953216374269,999,6.97297297297297
660,338,6.96666666666667,6.98224852071006,998,6.97194388777555
661,337,6.96974281391831,6.98219584569733,998,6.97394789579158
663,334,6.97134238310709,6.98203592814371,997,6.97492477432297
668,330,6.97155688622755,6.98484848484848,998,6.97595190380762
674,324,6.97032640949555,6.98765432098765,998,6.97595190380762
678,321,6.97197640117994,6.98442367601246,999,6.97597597597598
681,318,6.97209985315712,6.98427672955975,999,6.97597597597598
684,315,6.97222222222222,6.98730158730159,999,6.97697697697698
687,312,6.97234352256186,6.98717948717949,999,6.97697697697698
691,308,6.9739507959479,6.99025974025974,999,6.97897897897898
688,311,6.97093023255814,6.9903536977492,999,6.97697697697698
693,306,6.97113997113997,6.99346405228758,999,6.97797797797798
693,305,6.96825396825397,6.99344262295082,998,6.97595190380762
690,309,6.96811594202899,6.99352750809062,999,6.97597597597598
691,307,6.96816208393632,6.99674267100977,998,6.97695390781563
697,302,6.96987087517934,6.99668874172185,999,6.97797797797798
692,306,6.97398843930636,6.99673202614379,998,6.98096192384769
687,312,6.97671033478894,6.99679487179487,999,6.98298298298298
681,318,6.97797356828194,6.99685534591195,999,6.98398398398398
674,323,6.97774480712166,6.9969040247678,997,6.9839518555667
675,324,6.9762962962963,6.99691358024691,999,6.98298298298298
676,323,6.97633136094675,6.9938080495356,999,6.98198198198198
670,329,6.97761194029851,6.99392097264438,999,6.98298298298298
666,332,6.97597597597598,6.99397590361446,998,6.98196392785571
678,321,6.98082595870206,6.99376947040498,999,6.98498498498498
680,318,6.97941176470588,6.9937106918239,998,6.98396793587174
675,324,6.97925925925926,6.99382716049383,999,6.98398398398398
677,322,6.97488921713442,6.99378881987578,999,6.98098098098098
667,331,6.97901049475262,6.99093655589124,998,6.98296593186373
659,340,6.98027314112291,6.99117647058824,999,6.98398398398398
663,336,6.97737556561086,6.99107142857143,999,6.98198198198198
659,340,6.98179059180577,6.98823529411765,999,6.98398398398398
660,339,6.98030303030303,6.9882005899705,999,6.98298298298298
654,344,6.97859327217125,6.98837209302326,998,6.98196392785571
655,342,6.98015267175573,6.99122807017544,997,6.9839518555667
653,345,6.98162327718224,6.98840579710145,998,6.98396793587174
653,345,6.98315467075038,6.98840579710145,998,6.98496993987976
651,346,6.9815668202765,6.99132947976879,997,6.98495486459378
653,345,6.98315467075038,6.99710144927536,998,6.98797595190381
649,350,6.98151001540832,6.99714285714286,999,6.98698698698699
646,353,6.98142414860681,6.9971671388102,999,6.98698698698699
648,351,6.97993827160494,6.99430199430199,999,6.98498498498498
639,357,6.981220657277,6.99439775910364,996,6.9859437751004
648,351,6.98456790123457,6.99430199430199,999,6.98798798798799
650,348,6.98153846153846,6.99425287356322,998,6.98597194388778
643,356,6.98133748055988,6.99438202247191,999,6.98598598598599
645,353,6.98294573643411,6.9943342776204,998,6.98697394789579
654,345,6.98012232415902,6.99420289855072,999,6.98498498498498
660,339,6.97727272727273,7.0,999,6.98498498498498
657,342,6.98173515981735,7.0,999,6.98798798798799
653,344,6.98009188361409,7.0,997,6.98696088264794
651,347,6.97081413210445,7.0,998,6.98096192384769
652,346,6.97085889570552,7.0,998,6.98096192384769
654,345,6.97094801223242,7.0,999,6.98098098098098
657,341,6.96955859969559,7.0,998,6.97995991983968
660,337,6.96969696969697,7.0,997,6.97993981945837
658,340,6.96808510638298,7.0,998,6.97895791583166
664,334,6.96987951807229,7.0,998,6.97995991983968
672,327,6.96428571428571,7.0,999,6.97597597597598
669,330,6.96562032884903,7.0,999,6.97697697697698
663,335,6.9683257918552,7.0,998,6.97895791583166
666,332,6.96396396396396,7.0,998,6.97595190380762
666,332,6.96546546546547,7.0,998,6.97695390781563
655,342,6.96641221374046,7.0,997,6.97793380140421
661,338,6.96822995461422,7.0,999,6.97897897897898
665,333,6.96541353383459,7.0,998,6.97695390781563
662,336,6.96827794561934,7.0,998,6.97895791583166
668,329,6.97305389221557,7.0,997,6.98194583751254
664,335,6.96536144578313,7.0,999,6.97697697697698
663,336,6.96530920060332,7.0,999,6.97697697697698
668,330,6.9685628742515,7.0,998,6.97895791583166
677,322,6.96602658788774,7.0,999,6.97697697697698
680,319,6.96323529411765,7.0,999,6.97497497497497
680,319,6.96470588235294,7.0,999,6.97597597597598
679,319,6.96759941089838,7.0,998,6.97795591182365
679,320,6.96318114874816,7.0,999,6.97497497497497
693,306,6.96392496392496,7.0,999,6.97497497497497
692,307,6.96676300578035,7.0,999,6.97697697697698
681,317,6.96769456681351,7.0,998,6.97795591182365
690,308,6.96666666666667,7.0,998,6.97695390781563
693,304,6.96825396825397,7.0,997,6.97793380140421
689,309,6.97097242380261,7.0,998,6.97995991983968
702,297,6.96866096866097,7.0,999,6.97797797797798
697,300,6.96987087517934,7.0,997,6.97893681043129
690,308,6.9695652173913,7.0,998,6.97895791583166
699,300,6.97138769670959,7.0,999,6.97997997997998
694,305,6.97118155619597,7.0,999,6.97997997997998
683,313,6.9692532942899,7.0,996,6.9789156626506
688,311,6.96511627906977,7.0,999,6.97597597597598
688,311,6.96656976744186,7.0,999,6.97697697697698
681,317,6.96916299559471,7.0,998,6.97895791583166
687,312,6.97234352256186,7.0,999,6.98098098098098
681,318,6.97209985315712,7.0,999,6.98098098098098
670,328,6.97014925373134,7.0,998,6.97995991983968
670,327,6.97313432835821,7.0,997,6.98194583751254
672,326,6.97470238095238,7.0,998,6.98296593186373
677,321,6.97341211225997,7.0,998,6.98196392785571
684,315,6.9780701754386,7.0,999,6.98498498498498
682,316,6.97947214076246,7.0,998,6.98597194388778
673,325,6.97473997028232,7.0,998,6.98296593186373
677,322,6.97341211225997,7.0,999,6.98198198198198
673,321,6.97325408618128,7.0,994,6.98189134808853
676,322,6.97485207100592,7.0,998,6.98296593186373
673,322,6.97325408618128,7.0,995,6.98190954773869
669,330,6.9745889387145,7.0,999,6.98298298298298
674,324,6.97626112759644,7.0,998,6.98396793587174
669,330,6.97757847533632,7.0,999,6.98498498498498
665,333,6.97593984962406,7.0,998,6.98396793587174
666,333,6.97897897897898,7.0,999,6.98598598598599
667,332,6.98050974512744,7.0,999,6.98698698698699
671,328,6.97913561847988,7.0,999,6.98598598598599
677,322,6.98227474150665,7.0,999,6.98798798798799
678,321,6.98377581120944,7.0,999,6.98898898898899
674,323,6.986646884273,7.0,997,6.99097291875627
680,318,6.98676470588235,7.0,998,6.99098196392786
679,320,6.98674521354934,7.0,999,6.99099099099099
679,320,6.98527245949926,7.0,999,6.98998998998999
684,314,6.98684210526316,7.0,998,6.99098196392786
672,327,6.98660714285714,7.0,999,6.99099099099099
670,329,6.9865671641791,7.0,999,6.99099099099099
679,319,6.98232695139912,7.0,998,6.98797595190381
674,325,6.98516320474777,7.0,999,6.98998998998999
658,339,6.98632218844985,7.0,997,6.99097291875627
677,322,6.98670605612998,7.0,999,6.99099099099099
668,329,6.98353293413174,7.0,997,6.98896690070211
669,329,6.98355754857997,7.0,998,6.98897795591182
672,327,6.98363095238095,7.0,999,6.98898898898899
657,342,6.98325722983257,7.0,999,6.98898898898899
670,329,6.98507462686567,7.0,999,6.98998998998999
669,330,6.98505231689088,7.0,999,6.98998998998999
659,339,6.98330804248862,7.0,998,6.98897795591182
657,341,6.98630136986301,7.0,998,6.99098196392786
663,333,6.98491704374057,7.0,996,6.98995983935743
665,333,6.98195488721804,7.0,998,6.98797595190381
663,333,6.98039215686275,7.0,996,6.98694779116466
668,330,6.98353293413174,7.0,998,6.98897795591182
663,336,6.98793363499246,7.0,999,6.99199199199199
664,334,6.98644578313253,7.0,998,6.99098196392786
658,341,6.98936170212766,7.0,999,6.99299299299299
660,339,6.99090909090909,7.0,999,6.99399399399399
658,340,6.98936170212766,7.0,998,6.99298597194389
654,344,6.98929663608563,7.0,998,6.99298597194389
652,346,6.98926380368098,7.0,998,6.99298597194389
646,353,6.98761609907121,7.0,999,6.99199199199199
636,362,6.98584905660377,7.0,998,6.99098196392786
636,362,6.98899371069182,7.0,998,6.99298597194389
633,366,6.99210110584518,7.0,999,6.99499499499499
622,376,6.991961414791,7.0,998,6.99498997995992
620,379,6.99032258064516,7.0,999,6.99399399399399
623,374,6.99518459069021,7.0,997,6.99699097291876
623,376,6.99678972712681,7.0,999,6.997997997998
632,367,6.99683544303798,7.0,999,6.997997997998
635,363,6.99685039370079,7.0,998,6.99799599198397
627,371,6.99681020733652,7.0,998,6.99799599198397
635,363,6.99685039370079,7.0,998,6.99799599198397
648,348,6.99691358024691,7.0,996,6.99799196787149
646,351,6.9969040247678,7.0,997,6.99799398194584
642,356,6.99844236760125,7.0,998,6.99899799599198
653,346,6.99846860643185,7.0,999,6.998998998999
647,351,6.9984544049459,7.0,998,6.99899799599198
649,349,6.99845916795069,7.0,998,6.99899799599198
657,339,6.99847792998478,7.0,996,6.99899598393574
660,339,6.99848484848485,7.0,999,6.998998998999
659,337,7.0,7.0,996,7.0
663,335,7.0,7.0,998,7.0
650,349,7.0,7.0,999,7.0
642,354,7.0,7.0,996,7.0
641,357,7.0,7.0,998,7.0
635,363,7.0,7.0,998,7.0
639,359,7.0,7.0,998,7.0
646,353,7.0,7.0,999,7.0
640,359,7.0,7.0,999,7.0
649,349,7.0,7.0,998,7.0
648,351,7.0,7.0,999,7.0
644,355,7.0,7.0,999,7.0
646,351,7.0,7.0,997,7.0
639,356,7.0,7.0,995,7.0
641,358,7.0,7.0,999,7.0
651,348,7.0,7.0,999,7.0
648,350,7.0,7.0,998,7.0
644,351,7.0,7.0,995,7.0
649,350,7.0,7.0,999,7.0
649,349,7.0,7.0,998,7.0
650,349,7.0,7.0,999,7.0
648,350,7.0,7.0,998,7.0
648,350,7.0,7.0,998,7.0
647,350,7.0,7.0,997,7.0
652,346,7.0,7.0,998,7.0
660,339,7.0,7.0,999,7.0
666,331,7.0,7.0,997,7.0
666,332,7.0,7.0,998,7.0
665,334,7.0,7.0,999,7.0
661,337,7.0,7.0,998,7.0
671,328,7.0,7.0,999,7.0
669,330,7.0,7.0,999,7.0
679,319,7.0,7.0,998,7.0
679,320,7.0,7.0,999,7.0
676,323,7.0,7.0,999,7.0
668,331,7.0,7.0,999,7.0
674,324,7.0,7.0,998,7.0
677,321,7.0,7.0,998,7.0
667,331,7.0,7.0,998,7.0
673,325,7.0,7.0,998,7.0
675,324,7.0,7.0,999,7.0
670,328,7.0,7.0,998,7.0
679,320,7.0,7.0,999,7.0
688,311,7.0,7.0,999,7.0
679,320,7.0,7.0,999,7.0
684,315,7.0,7.0,999,7.0
691,308,7.0,7.0,999,7.0
684,314,7.0,7.0,998,7.0
691,306,7.0,7.0,997,7.0
688,310,7.0,7.0,998,7.0
687,311,7.0,7.0,998,7.0
698,300,7.0,7.0,998,7.0
703,295,7.0,7.0,998,7.0
707,291,7.0,7.0,998,7.0
716,283,7.0,7.0,999,7.0
719,280,7.0,7.0,999,7.0
715,284,7.0,7.0,999,7.0
716,283,7.0,7.0,999,7.0
711,286,7.0,7.0,997,7.0
709,288,7.0,7.0,997,7.0
726,272,7.0,7.0,998,7.0
714,285,7.0,7.0,999,7.0
709,290,7.0,7.0,999,7.0
715,282,7.0,7.0,997,7.0
713,286,7.0,7.0,999,7.0
717,282,7.0,7.0,999,7.0
715,284,7.0,7.0,999,7.0
708,291,7.0,7.0,999,7.0
703,295,7.0,7.0,998,7.0
709,289,7.0,7.0,998,7.0
711,288,7.0,7.0,999,7.0
706,293,7.0,7.0,999,7.0
725,274,7.0,7.0,999,7.0
718,280,7.0,7.0,998,7.0
718,281,7.0,7.0,999,7.0
728,271,7.0,7.0,999,7.0
720,279,7.0,7.0,999,7.0
715,284,7.0,7.0,999,7.0
712,286,7.0,7.0,998,7.0
708,291,7.0,7.0,999,7.0
700,298,7.0,7.0,998,7.0
702,297,7.0,7.0,999,7.0
698,299,7.0,7.0,997,7.0
704,295,7.0,7.0,999,7.0
697,302,7.0,7.0,999,7.0
689,309,7.0,7.0,998,7.0
690,307,7.0,7.0,997,7.0
685,313,7.0,7.0,998,7.0
676,323,7.0,7.0,999,7.0
681,318,7.0,7.0,999,7.0
674,325,7.0,7.0,999,7.0
660,337,7.0,7.0,997,7.0
676,322,7.0,7.0,998,7.0
678,320,7.0,7.0,998,7.0
671,328,7.0,7.0,999,7.0
678,321,7.0,7.0,999,7.0
671,327,7.0,7.0,998,7.0
667,332,7.0,7.0,999,7.0
666,333,7.0,7.0,999,7.0
658,339,7.0,7.0,997,7.0
654,345,7.0,7.0,999,7.0
651,347,7.0,7.0,998,7.0
655,344,7.0,7.0,999,7.0
656,343,7.0,7.0,999,7.0
656,342,7.0,7.0,998,7.0
649,348,7.0,7.0,997,7.0
660,339,7.0,7.0,999,7.0
649,349,7.0,7.0,998,7.0
648,351,7.0,7.0,999,7.0
656,342,7.0,7.0,998,7.0
662,337,7.0,7.0,999,7.0
656,343,7.0,7.0,999,7.0
656,343,7.0,7.0,999,7.0
658,341,7.0,7.0,999,7.0
655,344,7.0,7.0,999,7.0
660,338,7.0,7.0,998,7.0
656,342,7.0,7.0,998,7.0
655,344,7.0,7.0,999,7.0
657,342,7.0,7.0,999,7.0
656,343,7.0,7.0,999,7.0
650,348,7.0,7.0,998,7.0
658,340,7.0,7.0,998,7.0
662,337,7.0,7.0,999,7.0
658,341,7.0,7.0,999,7.0
667,332,7.0,7.0,999,7.0
667,332,7.0,7.0,999,7.0
658,340,7.0,7.0,998,7.0
658,339,7.0,7.0,997,7.0
662,336,7.0,7.0,998,7.0
648,351,7.0,7.0,999,7.0
647,351,7.0,7.0,998,7.0
648,350,7.0,7.0,998,7.0
640,359,7.0,7.0,999,7.0
641,358,7.0,7.0,999,7.0
647,352,7.0,7.0,999,7.0
639,358,7.0,7.0,997,7.0
644,355,7.0,7.0,999,7.0
648,350,7.0,7.0,998,7.0
638,359,7.0,7.0,997,7.0
644,355,7.0,7.0,999,7.0
651,348,7.0,7.0,999,7.0
648,351,7.0,7.0,999,7.0
652,347,7.0,7.0,999,7.0
648,350,7.0,7.0,998,7.0
644,355,7.0,7.0,999,7.0
647,352,7.0,7.0,999,7.0
650,349,7.0,7.0,999,7.0
653,345,7.0,7.0,998,7.0
661,338,7.0,7.0,999,7.0
660,338,7.0,7.0,998,7.0
669,330,7.0,7.0,999,7.0
670,329,7.0,7.0,999,7.0
660,337,7.0,7.0,997,7.0
655,344,7.0,7.0,999,7.0
655,344,7.0,7.0,999,7.0
654,342,7.0,7.0,996,7.0
654,345,7.0,7.0,999,7.0
654,345,7.0,7.0,999,7.0
657,340,7.0,7.0,997,7.0
651,348,7.0,7.0,999,7.0
658,339,7.0,7.0,997,7.0
655,342,7.0,7.0,997,7.0
654,345,7.0,7.0,999,7.0
655,344,7.0,7.0,999,7.0
649,349,7.0,7.0,998,7.0
654,344,7.0,7.0,998,7.0
658,341,7.0,7.0,999,7.0
651,348,7.0,7.0,999,7.0
645,352,7.0,7.0,997,7.0
646,353,7.0,7.0,999,7.0
648,349,7.0,7.0,997,7.0
648,350,7.0,7.0,998,7.0
651,348,7.0,7.0,999,7.0
665,333,7.0,7.0,998,7.0
669,330,7.0,7.0,999,7.0
670,328,7.0,7.0,998,7.0
666,332,7.0,7.0,998,7.0
673,325,7.0,7.0,998,7.0
670,329,7.0,7.0,999,7.0
670,328,7.0,7.0,998,7.0
665,334,7.0,7.0,999,7.0
663,336,7.0,7.0,999,7.0
667,332,7.0,7.0,999,7.0
659,339,7.0,7.0,998,7.0
664,333,7.0,7.0,997,7.0
662,336,7.0,7.0,998,7.0
669,328,7.0,7.0,997,7.0
674,325,7.0,7.0,999,7.0
677,321,7.0,7.0,998,7.0
662,336,7.0,7.0,998,7.0
663,334,7.0,7.0,997,7.0
663,335,7.0,7.0,998,7.0
656,343,7.0,7.0,999,7.0
656,342,7.0,7.0,998,7.0
660,339,7.0,7.0,999,7.0
651,347,7.0,7.0,998,7.0
648,351,7.0,7.0,999,7.0
649,350,7.0,7.0,999,7.0
652,347,7.0,7.0,999,7.0
646,353,7.0,7.0,999,7.0
654,344,7.0,7.0,998,7.0
650,349,7.0,7.0,999,7.0
654,344,7.0,7.0,998,7.0
657,342,7.0,7.0,999,7.0
660,338,7.0,7.0,998,7.0
653,346,7.0,7.0,999,7.0
651,348,7.0,7.0,999,7.0
653,345,7.0,7.0,998,7.0
660,339,7.0,7.0,999,7.0
655,341,7.0,7.0,996,7.0
658,340,7.0,7.0,998,7.0
661,338,7.0,7.0,999,7.0
655,343,7.0,7.0,998,7.0
648,351,7.0,7.0,999,7.0
660,339,7.0,7.0,999,7.0
650,348,7.0,7.0,998,7.0
639,360,7.0,7.0,999,7.0
653,345,7.0,7.0,998,7.0
655,344,7.0,7.0,999,7.0
652,346,7.0,7.0,998,7.0
653,343,7.0,7.0,996,7.0
665,333,7.0,7.0,998,7.0
660,339,7.0,7.0,999,7.0
666,333,7.0,7.0,999,7.0
665,333,7.0,7.0,998,7.0
659,339,7.0,7.0,998,7.0
658,341,7.0,7.0,999,7.0
654,345,7.0,7.0,999,7.0
646,353,7.0,7.0,999,7.0
644,354,7.0,7.0,998,7.0
644,354,7.0,7.0,998,7.0
635,364,7.0,7.0,999,7.0
628,371,7.0,7.0,999,7.0
621,378,7.0,7.0,999,7.0
617,380,7.0,7.0,997,7.0
607,389,7.0,7.0,996,7.0
605,394,7.0,7.0,999,7.0
597,402,7.0,7.0,999,7.0
598,400,7.0,7.0,998,7.0
601,398,7.0,7.0,999,7.0
603,396,7.0,7.0,999,7.0
615,382,7.0,7.0,997,7.0
615,384,7.0,7.0,999,7.0
602,397,7.0,7.0,999,7.0
603,396,7.0,7.0,999,7.0
601,397,7.0,7.0,998,7.0
608,390,7.0,7.0,998,7.0
608,391,7.0,7.0,999,7.0
619,380,7.0,7.0,999,7.0
615,384,7.0,7.0,999,7.0
630,369,7.0,7.0,999,7.0
622,375,7.0,7.0,997,7.0
616,381,7.0,7.0,997,7.0
622,375,7.0,7.0,997,7.0
610,388,7.0,7.0,998,7.0
612,386,7.0,7.0,998,7.0
611,387,7.0,7.0,998,7.0
611,388,7.0,7.0,999,7.0
617,382,7.0,7.0,999,7.0
620,378,7.0,7.0,998,7.0
625,374,7.0,7.0,999,7.0
634,364,7.0,7.0,998,7.0
627,372,7.0,7.0,999,7.0
627,372,7.0,7.0,999,7.0
638,360,7.0,7.0,998,7.0
639,360,7.0,7.0,999,7.0
626,373,7.0,7.0,999,7.0
638,359,7.0,7.0,997,7.0
640,359,7.0,7.0,999,7.0
642,356,7.0,7.0,998,7.0
654,344,7.0,7.0,998,7.0
645,354,7.0,7.0,999,7.0
637,362,7.0,7.0,999,7.0
638,359,7.0,7.0,997,7.0
628,371,7.0,7.0,999,7.0
623,374,7.0,7.0,997,7.0
626,372,7.0,7.0,998,7.0
625,373,7.0,7.0,998,7.0
621,378,7.0,7.0,999,7.0
623,376,7.0,7.0,999,7.0
623,376,7.0,7.0,999,7.0
617,380,7.0,7.0,997,7.0
630,369,7.0,7.0,999,7.0
629,369,7.0,7.0,998,7.0
625,372,7.0,7.0,997,7.0
627,372,7.0,7.0,999,7.0
625,371,7.0,7.0,996,7.0
621,378,7.0,7.0,999,7.0
625,371,7.0,7.0,996,7.0
628,370,7.0,7.0,998,7.0
626,371,7.0,7.0,997,7.0
631,368,7.0,7.0,999,7.0
636,363,7.0,7.0,999,7.0
633,366,7.0,7.0,999,7.0
627,371,7.0,7.0,998,7.0
623,376,7.0,7.0,999,7.0
623,376,7.0,7.0,999,7.0
627,371,7.0,7.0,998,7.0
624,374,7.0,7.0,998,7.0
629,370,7.0,7.0,999,7.0
625,374,7.0,7.0,999,7.0
631,368,7.0,7.0,999,7.0
633,365,7.0,7.0,998,7.0
625,373,7.0,7.0,998,7.0
638,361,7.0,7.0,999,7.0
642,356,7.0,7.0,998,7.0
642,357,7.0,7.0,999,7.0
649,349,7.0,7.0,998,7.0
651,348,7.0,7.0,999,7.0
661,337,7.0,7.0,998,7.0
669,330,7.0,7.0,999,7.0
674,325,7.0,7.0,999,7.0
674,324,7.0,7.0,998,7.0
675,323,7.0,7.0,998,7.0
675,324,7.0,7.0,999,7.0
669,330,7.0,7.0,999,7.0
668,331,7.0,7.0,999,7.0
668,331,7.0,7.0,999,7.0
678,321,7.0,7.0,999,7.0
685,311,7.0,7.0,996,7.0
689,310,7.0,7.0,999,7.0
702,296,7.0,7.0,998,7.0
691,308,7.0,7.0,999,7.0
691,306,7.0,7.0,997,7.0
706,293,7.0,7.0,999,7.0
695,304,7.0,7.0,999,7.0
698,300,7.0,7.0,998,7.0
708,288,7.0,7.0,996,7.0
697,301,7.0,7.0,998,7.0
695,304,7.0,7.0,999,7.0
700,299,7.0,7.0,999,7.0
689,308,7.0,7.0,997,7.0
693,304,7.0,7.0,997,7.0
699,299,7.0,7.0,998,7.0
694,305,7.0,7.0,999,7.0
694,305,7.0,7.0,999,7.0
694,305,7.0,7.0,999,7.0
695,304,7.0,7.0,999,7.0
691,308,7.0,7.0,999,7.0
