forward_num,reverse_num,forward_rate,reverse_rate,organism_num,organism_rate
5,5,5.0,5.0,10,5.0
5,5,5.0,5.0,10,5.0
5,5,5.0,5.0,10,5.0
6,4,5.33333333333333,4.5,10,5.0
7,5,5.42857142857143,4.8,12,5.16666666666667
8,6,5.375,4.83333333333333,14,5.14285714285714
11,7,5.54545454545455,4.71428571428571,18,5.22222222222222
14,10,5.42857142857143,4.8,24,5.16666666666667
14,10,5.42857142857143,4.8,24,5.16666666666667
20,12,5.7,4.83333333333333,32,5.375
20,11,5.7,4.81818181818182,31,5.38709677419355
26,17,5.61538461538461,5.0,43,5.37209302325581
34,16,5.94117647058824,5.0,50,5.64
38,18,5.84210526315789,5.0,56,5.57142857142857
48,28,5.75,5.14285714285714,76,5.52631578947368
64,28,6.0625,5.14285714285714,92,5.78260869565217
68,32,5.94117647058824,5.0,100,5.64
92,52,5.8695652173913,5.30769230769231,144,5.66666666666667
124,52,6.16129032258065,5.30769230769231,176,5.90909090909091
124,52,6.16129032258065,5.30769230769231,176,5.90909090909091
123,52,6.15447154471545,5.30769230769231,175,5.90285714285714
246,104,6.15447154471545,5.30769230769231,350,5.90285714285714
246,104,6.15447154471545,5.30769230769231,350,5.90285714285714
246,104,6.15447154471545,5.30769230769231,350,5.90285714285714
436,168,6.37614678899083,5.57142857142857,604,6.1523178807947
468,184,6.28205128205128,5.52173913043478,652,6.06748466257669
551,200,6.30308529945554,5.4,751,6.06258322237017
787,211,6.41677255400254,5.33175355450237,998,6.187374749499
759,240,6.38735177865613,5.475,999,6.16816816816817
757,240,6.33949801849406,5.48333333333333,997,6.13340020060181
771,227,6.40077821011673,5.47577092511013,998,6.19038076152305
765,233,6.36732026143791,5.50643776824034,998,6.16633266533066
759,237,6.37549407114625,5.51476793248945,996,6.1706827309237
776,222,6.39690721649485,5.51351351351351,998,6.20040080160321
783,213,6.40613026819923,5.46478873239437,996,6.20481927710843
781,217,6.40845070422535,5.51152073732719,998,6.21342685370742
791,207,6.44627054361568,5.51207729468599,998,6.25250501002004
783,215,6.42401021711367,5.51627906976744,998,6.22845691382765
782,216,6.41304347826087,5.51388888888889,998,6.2184368737475
786,212,6.45801526717557,5.5188679245283,998,6.25851703406814
796,202,6.48994974874372,5.52970297029703,998,6.29559118236473
799,198,6.48936170212766,5.48484848484848,997,6.28986960882648
806,192,6.48759305210918,5.5,998,6.29759519038076
820,178,6.50609756097561,5.50561797752809,998,6.32765531062124
823,174,6.49574726609964,5.51149425287356,997,6.32397191574724
819,180,6.48962148962149,5.53888888888889,999,6.31831831831832
830,166,6.50120481927711,5.58433734939759,996,6.34839357429719
831,167,6.47653429602888,5.62275449101796,998,6.33366733466934
825,173,6.48,5.65895953757225,998,6.3376753507014
825,173,6.48969696969697,5.63005780346821,998,6.34068136272545
829,170,6.48854041013269,5.62352941176471,999,6.34134134134134
822,176,6.49270072992701,5.63068181818182,998,6.34068136272545
827,172,6.50665054413543,5.61627906976744,999,6.35335335335335
823,176,6.52369380315917,5.61363636363636,999,6.36336336336336
813,186,6.49692496924969,5.61827956989247,999,6.33333333333333
815,184,6.51411042944785,5.63586956521739,999,6.35235235235235
825,173,6.55878787878788,5.65317919075145,998,6.40180360721443
821,178,6.53349573690621,5.65168539325843,999,6.37637637637638
813,185,6.53751537515375,5.63783783783784,998,6.37074148296593
834,165,6.56115107913669,5.63636363636364,999,6.40840840840841
829,170,6.56091676718938,5.67647058823529,999,6.41041041041041
824,175,6.5618932038835,5.70285714285714,999,6.41141141141141
828,171,6.55676328502415,5.66666666666667,999,6.4044044044044
820,179,6.5609756097561,5.67039106145251,999,6.4014014014014
807,192,6.56257744733581,5.73958333333333,999,6.4044044044044
813,186,6.56949569495695,5.73118279569892,999,6.41341341341341
820,178,6.5780487804878,5.70786516853933,998,6.42284569138277
810,189,6.58024691358025,5.72486772486772,999,6.41841841841842
810,189,6.58765432098765,5.73015873015873,999,6.42542542542543
815,180,6.61104294478528,5.71111111111111,995,6.44824120603015
819,180,6.61294261294261,5.71666666666667,999,6.45145145145145
813,185,6.61008610086101,5.74054054054054,998,6.44889779559118
821,178,6.62971985383678,5.75842696629214,999,6.47447447447447
812,186,6.61083743842365,5.76881720430108,998,6.45390781563126
805,193,6.61863354037267,5.78238341968912,998,6.45691382765531
808,191,6.6299504950495,5.7696335078534,999,6.46546546546547
816,183,6.63235294117647,5.76502732240437,999,6.47347347347347
808,191,6.62376237623762,5.79581151832461,999,6.46546546546547
805,193,6.62111801242236,5.79274611398964,998,6.46092184368737
813,186,6.61746617466175,5.7741935483871,999,6.46046046046046
807,192,6.62081784386617,5.77083333333333,999,6.45745745745746
804,194,6.61691542288557,5.80412371134021,998,6.45891783567134
810,189,6.61975308641975,5.80952380952381,999,6.46646646646647
815,183,6.62331288343558,5.83606557377049,998,6.47895791583166
804,195,6.63805970149254,5.83076923076923,999,6.48048048048048
805,192,6.65341614906832,5.84375,997,6.4974924774323
814,185,6.65847665847666,5.85945945945946,999,6.51051051051051
807,192,6.67657992565056,5.85416666666667,999,6.51851851851852
813,186,6.71094710947109,5.84408602150538,999,6.54954954954955
817,181,6.72215422276622,5.83977900552486,998,6.56212424849699
819,178,6.70940170940171,5.85955056179775,997,6.55767301905717
817,181,6.71970624235006,5.85635359116022,998,6.56312625250501
824,174,6.72330097087379,5.86781609195402,998,6.57414829659319
827,172,6.71946795646917,5.8953488372093,999,6.57757757757758
823,176,6.71567436208992,5.86931818181818,999,6.56656656656657
832,167,6.72115384615385,5.87425149700599,999,6.57957957957958
833,166,6.72268907563025,5.86746987951807,999,6.58058058058058
827,172,6.72551390568319,5.88372093023256,999,6.58058058058058
827,172,6.72430471584039,5.88372093023256,999,6.57957957957958
840,159,6.71547619047619,5.89937106918239,999,6.58558558558559
830,169,6.71204819277108,5.87573964497041,999,6.57057057057057
832,167,6.70913461538461,5.88023952095808,999,6.57057057057057
832,166,6.70913461538461,5.90963855421687,998,6.57615230460922
828,170,6.70772946859903,5.94117647058824,998,6.57715430861723
827,172,6.70133010882709,5.94186046511628,999,6.57057057057057
828,171,6.70893719806763,5.92397660818713,999,6.57457457457457
833,165,6.71428571428571,5.93939393939394,998,6.58617234468938
831,168,6.71480144404332,5.94642857142857,999,6.58558558558559
833,166,6.72629051620648,5.95783132530121,999,6.5985985985986
830,168,6.73012048192771,5.95833333333333,998,6.6002004008016
831,168,6.73766546329723,5.94047619047619,999,6.6036036036036
836,163,6.73564593301435,5.93865030674847,999,6.60560560560561
833,165,6.73469387755102,5.93939393939394,998,6.60320641282565
836,163,6.74043062200957,5.96319018404908,999,6.61361361361361
836,163,6.72727272727273,5.95705521472393,999,6.6016016016016
838,159,6.736276849642,5.9622641509434,997,6.61283851554664
844,155,6.72511848341232,5.96774193548387,999,6.60760760760761
828,168,6.73188405797101,5.97619047619048,996,6.60441767068273
828,170,6.7463768115942,5.97058823529412,998,6.61422845691383
834,165,6.74940047961631,5.98181818181818,999,6.62262262262262
823,175,6.74726609963548,5.98285714285714,998,6.61322645290581
827,172,6.74848851269649,5.98255813953488,999,6.61661661661662
815,182,6.7521472392638,5.97802197802198,997,6.61083249749248
820,178,6.75,5.97752808988764,998,6.6122244488978
819,179,6.74236874236874,5.97765363128492,998,6.60521042084168
819,178,6.74236874236874,5.97752808988764,997,6.60581745235707
821,178,6.75517661388551,5.97191011235955,999,6.61561561561562
809,190,6.7540173053152,5.96842105263158,999,6.6046046046046
809,189,6.75278121137206,5.97354497354497,998,6.60521042084168
814,185,6.76658476658477,5.97297297297297,999,6.61961961961962
811,185,6.75955610357583,5.96756756756757,996,6.61244979919679
816,181,6.76225490196078,5.96685082872928,997,6.61785356068205
815,183,6.76441717791411,5.9672131147541,998,6.61823647294589
814,182,6.76044226044226,5.97252747252747,996,6.61646586345381
819,180,6.76312576312576,5.96666666666667,999,6.61961961961962
820,179,6.76707317073171,5.96648044692737,999,6.62362362362362
828,171,6.76570048309179,5.96491228070175,999,6.62862862862863
822,177,6.76155717761557,5.96610169491525,999,6.62062062062062
817,182,6.77233782129743,5.97802197802198,999,6.62762762762763
817,182,6.77723378212974,5.97252747252747,999,6.63063063063063
814,184,6.78378378378378,5.98369565217391,998,6.63627254509018
814,185,6.78746928746929,5.98918918918919,999,6.63963963963964
808,190,6.7759900990099,5.98421052631579,998,6.625250501002
804,194,6.77985074626866,5.98453608247423,998,6.625250501002
811,188,6.78545006165228,5.98404255319149,999,6.63463463463463
811,187,6.77805178791615,5.98930481283422,998,6.63026052104208
813,184,6.77736777367774,5.98369565217391,997,6.6308926780341
805,194,6.78136645962733,5.98453608247423,999,6.62662662662663
799,200,6.78848560700876,5.985,999,6.62762762762763
804,194,6.78482587064677,5.98453608247423,998,6.62925851703407
808,191,6.78465346534653,5.98952879581152,999,6.63263263263263
801,197,6.78651685393258,5.98984771573604,998,6.62925851703407
799,198,6.78598247809762,5.98989898989899,997,6.62788365095286
807,192,6.77819083023544,5.98958333333333,999,6.62662662662663
807,192,6.77942998760843,5.98958333333333,999,6.62762762762763
802,197,6.78428927680798,5.98984771573604,999,6.62762762762763
801,197,6.78776529338327,5.98984771573604,998,6.63026052104208
803,196,6.78829389788294,5.98979591836735,999,6.63163163163163
792,206,6.78914141414141,5.98543689320388,998,6.62324649298597
796,203,6.79145728643216,5.98522167487685,999,6.62762762762763
793,205,6.80075662042875,5.99024390243902,998,6.63426853707415
797,201,6.78795483061481,5.99004975124378,998,6.62725450901804
796,202,6.78643216080402,5.98514851485149,998,6.62424849699399
794,205,6.80226700251889,5.99024390243902,999,6.63563563563564
791,207,6.80530973451327,5.99033816425121,998,6.63627254509018
791,206,6.80151706700379,5.99514563106796,997,6.63490471414243
789,210,6.79467680608365,5.9952380952381,999,6.62662662662663
796,202,6.80025125628141,5.9950495049505,998,6.6372745490982
805,194,6.82111801242236,5.99484536082474,999,6.66066066066066
804,194,6.82587064676617,5.99484536082474,998,6.66432865731463
806,192,6.83622828784119,5.99479166666667,998,6.67434869739479
808,191,6.83044554455446,5.99476439790576,999,6.67067067067067
809,190,6.83683559950556,5.99473684210526,999,6.67667667667668
809,188,6.8442521631644,5.99468085106383,997,6.68405215646941
810,188,6.84691358024691,5.99468085106383,998,6.68637274549098
811,186,6.84340320591862,5.99462365591398,997,6.68505516549649
816,182,6.85049019607843,6.0,998,6.69539078156313
816,183,6.86397058823529,6.0,999,6.70570570570571
815,183,6.86748466257669,6.0,998,6.70841683366733
821,178,6.87697929354446,6.0,999,6.72072072072072
812,186,6.88793103448276,6.0,998,6.72244488977956
809,189,6.88380716934487,6.0,998,6.71643286573146
810,188,6.88395061728395,6.0,998,6.71743486973948
813,185,6.88806888068881,6.0,998,6.72344689378758
813,186,6.88068880688807,6.0,999,6.71671671671672
812,187,6.87807881773399,6.0,999,6.71371371371371
812,186,6.87931034482759,6.0,998,6.71543086172345
815,184,6.88466257668712,6.0,999,6.72172172172172
814,185,6.88943488943489,6.0,999,6.72472472472472
812,187,6.89408866995074,6.0,999,6.72672672672673
812,187,6.88669950738916,6.0,999,6.72072072072072
817,181,6.88861689106487,6.0,998,6.72745490981964
812,186,6.88916256157635,6.0,998,6.72344689378758
813,185,6.88929889298893,6.0,998,6.72444889779559
812,186,6.88669950738916,6.0,998,6.72144288577154
810,187,6.88518518518519,6.0,997,6.71915747241725
818,180,6.88508557457213,6.0,998,6.72545090180361
815,184,6.89325153374233,6.0,999,6.72872872872873
818,181,6.8960880195599,6.0,999,6.73373373373373
814,185,6.8980343980344,6.0,999,6.73173173173173
814,184,6.89434889434889,6.0,998,6.72945891783567
816,183,6.8921568627451,6.0,999,6.72872872872873
812,185,6.89285714285714,6.0,997,6.7271815446339
814,185,6.88697788697789,6.0,999,6.72272272272272
821,176,6.89403166869671,6.0,997,6.73620862587763
816,182,6.88970588235294,6.0,998,6.72745490981964
818,180,6.88875305623472,6.0,998,6.72845691382765
819,179,6.89133089133089,6.0,998,6.7314629258517
816,183,6.89705882352941,6.0,999,6.73273273273273
818,181,6.89731051344743,6.0,999,6.73473473473473
820,178,6.90121951219512,6.0,998,6.74048096192385
818,180,6.90586797066015,6.0,998,6.74248496993988
818,181,6.90464547677262,6.0,999,6.74074074074074
820,178,6.90121951219512,6.0,998,6.74048096192385
818,181,6.90464547677262,6.0,999,6.74074074074074
819,180,6.90842490842491,6.0,999,6.74474474474474
823,175,6.90157958687728,6.0,998,6.7434869739479
822,176,6.90875912408759,6.0,998,6.74849699398798
823,176,6.91251518833536,6.0,999,6.75175175175175
838,161,6.91408114558473,6.0,999,6.76676676676677
833,166,6.91356542617047,6.0,999,6.76176176176176
831,168,6.91095066185319,6.0,999,6.75775775775776
839,160,6.91537544696067,6.0,999,6.76876876876877
839,160,6.91418355184744,6.0,999,6.76776776776777
842,156,6.91330166270784,6.0,998,6.77054108216433
844,155,6.91232227488152,6.0,999,6.77077077077077
847,152,6.90909090909091,6.0,999,6.77077077077077
847,152,6.90672963400236,6.0,999,6.76876876876877
844,155,6.90047393364929,6.0,999,6.76076076076076
848,151,6.8997641509434,6.0,999,6.76376376376376
847,150,6.90082644628099,6.0,997,6.76529588766299
845,154,6.89704142011834,6.0,999,6.75875875875876
840,159,6.9,6.0,999,6.75675675675676
844,155,6.90047393364929,6.0,999,6.76076076076076
852,147,6.89319248826291,6.0,999,6.76176176176176
846,151,6.8936170212766,6.0,997,6.75827482447342
851,147,6.89659224441833,6.0,998,6.76452905811623
846,152,6.88888888888889,6.0,998,6.75350701402806
842,156,6.89192399049881,6.0,998,6.75250501002004
852,147,6.88967136150235,6.0,999,6.75875875875876
854,144,6.89344262295082,6.0,998,6.76452905811623
849,149,6.89988221436985,6.0,998,6.76553106212425
861,138,6.90708478513357,6.0,999,6.78178178178178
859,140,6.90570430733411,6.0,999,6.77877877877878
857,141,6.90665110851809,6.0,998,6.77855711422846
857,142,6.90781796966161,6.0,999,6.77877877877878
864,135,6.90625,6.0,999,6.78378378378378
865,134,6.90982658959538,6.0,999,6.78778778778779
864,134,6.91435185185185,6.0,998,6.79158316633267
863,135,6.9188876013905,6.0,998,6.79458917835671
868,130,6.9147465437788,6.0,998,6.79559118236473
867,132,6.91464821222607,6.0,999,6.79379379379379
869,130,6.90794016110472,6.0,999,6.78978978978979
870,128,6.90804597701149,6.0,998,6.79158316633267
870,129,6.90804597701149,6.0,999,6.79079079079079
864,135,6.90740740740741,6.0,999,6.78478478478478
862,137,6.90951276102088,6.0,999,6.78478478478478
861,136,6.91056910569106,6.0,997,6.78635907723169
859,139,6.91152502910361,6.0,998,6.78456913827655
859,140,6.90454016298021,6.0,999,6.77777777777778
862,137,6.90719257540603,6.0,999,6.78278278278278
866,131,6.90877598152425,6.0,997,6.78936810431294
857,138,6.90898483080513,6.0,995,6.78291457286432
866,133,6.91224018475751,6.0,999,6.79079079079079
860,138,6.91511627906977,6.0,998,6.78857715430862
860,137,6.91860465116279,6.0,997,6.79237713139418
860,138,6.92209302325581,6.0,998,6.79458917835671
859,140,6.92433061699651,6.0,999,6.79479479479479
859,140,6.93131548311991,6.0,999,6.8008008008008
856,142,6.9357476635514,6.0,998,6.80260521042084
861,138,6.94541231126597,6.0,999,6.81481481481481
863,135,6.94438006952491,6.0,998,6.81663326653307
863,136,6.94090382387022,6.0,999,6.81281281281281
862,136,6.93967517401392,6.0,998,6.81162324649299
865,134,6.93872832369942,6.0,999,6.81281281281281
867,131,6.93540945790081,6.0,998,6.812625250501
860,139,6.93255813953488,6.0,999,6.8028028028028
856,143,6.93341121495327,6.0,999,6.7997997997998
861,136,6.93379790940767,6.0,997,6.80641925777332
864,135,6.93287037037037,6.0,999,6.80680680680681
866,133,6.93764434180139,6.0,999,6.81281281281281
875,124,6.93942857142857,6.0,999,6.82282282282282
879,120,6.94084186575654,6.0,999,6.82782782782783
882,116,6.93877551020408,6.0,998,6.82965931863727
885,114,6.94237288135593,6.0,999,6.83483483483483
886,112,6.94356659142212,6.0,998,6.8376753507014
885,113,6.94576271186441,6.0,998,6.83867735470942
887,110,6.94588500563698,6.0,997,6.84152457372116
896,103,6.94754464285714,6.0,999,6.84984984984985
897,102,6.95094760312152,6.0,999,6.85385385385385
895,103,6.95083798882682,6.0,998,6.85270541082164
890,109,6.95280898876404,6.0,999,6.84884884884885
895,104,6.94525139664804,6.0,999,6.84684684684685
886,111,6.94356659142212,6.0,997,6.83851554663992
889,110,6.94938132733408,6.0,999,6.84484484484484
894,105,6.94295302013423,6.0,999,6.84384384384384
893,106,6.9451287793953,6.0,999,6.84484484484484
890,109,6.94494382022472,6.0,999,6.84184184184184
889,108,6.94488188976378,6.0,997,6.84252758274824
895,103,6.94860335195531,6.0,998,6.85070140280561
893,105,6.95296752519597,6.0,998,6.85270541082164
891,108,6.95286195286195,6.0,999,6.84984984984985
890,108,6.95280898876404,6.0,998,6.8496993987976
895,104,6.95530726256983,6.0,999,6.85585585585586
892,107,6.96076233183857,6.0,999,6.85785785785786
894,105,6.96085011185682,6.0,999,6.85985985985986
895,103,6.96424581005587,6.0,998,6.86472945891784
888,108,6.96283783783784,6.0,996,6.85843373493976
889,109,6.95950506186727,6.0,998,6.85470941883768
893,106,6.95744680851064,6.0,999,6.85585585585586
896,102,6.95982142857143,6.0,998,6.86172344689379
895,104,6.96536312849162,6.0,999,6.86486486486486
899,99,6.96329254727475,6.0,998,6.86773547094188
904,95,6.95796460176991,6.0,999,6.86686686686687
898,101,6.96213808463252,6.0,999,6.86486486486486
891,108,6.95847362514029,6.0,999,6.85485485485485
894,104,6.95302013422819,6.0,998,6.85370741482966
889,108,6.95500562429696,6.0,997,6.85155466399198
885,113,6.95367231638418,6.0,998,6.84569138276553
891,107,6.95286195286195,6.0,998,6.85070140280561
898,101,6.95100222717149,6.0,999,6.85485485485485
885,111,6.95706214689266,6.0,996,6.8504016064257
885,114,6.95706214689266,6.0,999,6.84784784784785
893,105,6.95632698768197,6.0,998,6.85571142284569
887,110,6.95941375422773,6.0,997,6.85356068204614
879,120,6.95449374288965,6.0,999,6.83983983983984
886,113,6.95711060948081,6.0,999,6.84884884884885
888,111,6.95833333333333,6.0,999,6.85185185185185
881,118,6.95800227014756,6.0,999,6.84484484484484
882,116,6.95804988662131,6.0,998,6.84669338677355
892,107,6.95627802690583,6.0,999,6.85385385385385
891,107,6.95959595959596,6.0,998,6.85671342685371
896,102,6.95982142857143,6.0,998,6.86172344689379
905,94,6.95469613259668,6.0,999,6.86486486486486
901,98,6.95449500554939,6.0,999,6.86086086086086
895,104,6.95530726256983,6.0,999,6.85585585585586
902,97,6.95676274944568,6.0,999,6.86386386386386
903,95,6.95459579180509,6.0,998,6.86372745490982
898,101,6.95991091314031,6.0,999,6.86286286286286
898,101,6.95991091314031,6.0,999,6.86286286286286
904,95,6.96128318584071,6.0,999,6.86986986986987
895,104,6.96312849162011,6.0,999,6.86286286286286
890,108,6.96292134831461,6.0,998,6.85871743486974
893,103,6.96080627099664,6.0,996,6.86144578313253
895,104,6.96201117318436,6.0,999,6.86186186186186
886,113,6.96162528216704,6.0,999,6.85285285285285
887,111,6.96166854565953,6.0,998,6.85470941883768
891,108,6.96071829405163,6.0,999,6.85685685685686
881,118,6.96140749148695,6.0,999,6.84784784784785
885,114,6.95819209039548,6.0,999,6.84884884884885
888,110,6.95608108108108,6.0,998,6.85070140280561
892,107,6.95739910313901,6.0,999,6.85485485485485
887,110,6.95941375422773,6.0,997,6.85356068204614
891,108,6.95735129068462,6.0,999,6.85385385385385
892,106,6.96188340807175,6.0,998,6.85971943887776
883,114,6.96489241223103,6.0,997,6.85456369107322
884,113,6.96380090497738,6.0,997,6.85456369107322
888,111,6.96283783783784,6.0,999,6.85585585585586
889,109,6.96400449943757,6.0,998,6.85871743486974
885,114,6.96610169491525,6.0,999,6.85585585585586
888,111,6.96509009009009,6.0,999,6.85785785785786
887,112,6.96166854565953,6.0,999,6.85385385385385
880,118,6.96363636363636,6.0,998,6.8496993987976
882,117,6.96485260770975,6.0,999,6.85185185185185
886,113,6.96501128668172,6.0,999,6.85585585585586
880,114,6.96363636363636,6.0,994,6.85311871227364
881,117,6.96140749148695,6.0,998,6.84869739478958
883,116,6.95809739524349,6.0,999,6.84684684684685
882,115,6.95691609977324,6.0,997,6.84653961885657
882,116,6.95918367346939,6.0,998,6.84769539078156
881,116,6.95800227014756,6.0,997,6.84653961885657
888,110,6.96171171171171,6.0,998,6.85571142284569
883,116,6.96149490373726,6.0,999,6.84984984984985
882,117,6.96371882086168,6.0,999,6.85085085085085
887,110,6.96279594137542,6.0,997,6.85656970912738
882,114,6.96485260770975,6.0,996,6.85441767068273
887,110,6.96617812852311,6.0,997,6.85957873620863
885,113,6.96610169491525,6.0,998,6.85671342685371
888,110,6.96846846846847,6.0,998,6.86172344689379
892,107,6.96748878923767,6.0,999,6.86386386386386
894,105,6.9675615212528,6.0,999,6.86586586586587
893,104,6.96416573348264,6.0,997,6.86359077231695
898,101,6.96770601336303,6.0,999,6.86986986986987
893,105,6.96752519596865,6.0,998,6.86573146292585
893,106,6.96304591265398,6.0,999,6.86086086086086
899,100,6.96551724137931,6.0,999,6.86886886886887
896,103,6.97098214285714,6.0,999,6.87087087087087
891,108,6.9685746352413,6.0,999,6.86386386386386
894,103,6.97091722595078,6.0,997,6.87061183550652
895,104,6.97094972067039,6.0,999,6.86986986986987
889,109,6.97300337457818,6.0,998,6.86673346693387
896,102,6.97544642857143,6.0,998,6.87575150300601
893,105,6.97536394176932,6.0,998,6.87274549098196
883,115,6.97848244620612,6.0,998,6.86573146292585
883,115,6.97395243488109,6.0,998,6.86172344689379
890,109,6.97415730337079,6.0,999,6.86786786786787
895,102,6.97430167597765,6.0,997,6.87462387161484
895,104,6.97541899441341,6.0,999,6.87387387387387
900,96,6.97666666666667,6.0,996,6.88253012048193
901,98,6.97669256381798,6.0,999,6.88088088088088
897,102,6.97770345596433,6.0,999,6.87787787787788
901,98,6.97558268590455,6.0,999,6.87987987987988
902,96,6.97782705099778,6.0,998,6.88376753507014
901,97,6.9811320754717,6.0,998,6.88577154308617
901,97,6.97669256381798,6.0,998,6.88176352705411
911,88,6.97804610318332,6.0,999,6.89189189189189
908,90,6.97797356828194,6.0,998,6.88977955911824
905,94,6.97569060773481,6.0,999,6.88388388388388
912,87,6.98026315789474,6.0,999,6.89489489489489
906,90,6.98233995584989,6.0,996,6.89357429718875
903,95,6.97895902547065,6.0,998,6.88577154308617
907,91,6.97905181918412,6.0,998,6.88977955911824
911,86,6.98133918770582,6.0,997,6.89669007021063
908,89,6.98237885462555,6.0,997,6.89468405215647
911,87,6.98024149286498,6.0,998,6.89478957915832
917,82,6.98255179934569,6.0,999,6.9019019019019
911,87,6.98572996706915,6.0,998,6.8997995991984
909,90,6.98349834983498,6.0,999,6.89489489489489
914,85,6.9835886214442,6.0,999,6.8998998998999
912,87,6.98464912280702,6.0,999,6.8988988988989
914,85,6.9835886214442,6.0,999,6.8998998998999
915,83,6.98469945355191,6.0,998,6.90280561122244
915,82,6.98579234972678,6.0,997,6.90471414242728
916,82,6.98799126637555,6.0,998,6.90681362725451
910,87,6.98681318681319,6.0,997,6.90070210631896
911,88,6.98792535675082,6.0,999,6.9009009009009
907,92,6.98787210584344,6.0,999,6.8968968968969
907,91,6.98566703417861,6.0,998,6.89579158316633
910,87,6.98461538461538,6.0,997,6.89869608826479
909,89,6.98569856985699,6.0,998,6.89779559118236
907,89,6.98346196251378,6.0,996,6.89558232931727
911,87,6.97914379802415,6.0,998,6.8937875751503
916,83,6.98034934497817,6.0,999,6.8988988988989
917,80,6.98364231188659,6.0,997,6.90471414242728
916,82,6.98034934497817,6.0,998,6.8997995991984
915,83,6.98032786885246,6.0,998,6.89879759519038
918,81,6.98148148148148,6.0,999,6.9019019019019
912,83,6.98245614035088,6.0,995,6.90050251256281
918,81,6.98039215686275,6.0,999,6.9009009009009
919,79,6.98476605005441,6.0,998,6.90681362725451
921,77,6.98371335504886,6.0,998,6.90781563126253
927,72,6.98381877022654,6.0,999,6.91291291291291
932,66,6.98390557939914,6.0,998,6.9188376753507
931,68,6.98388829215897,6.0,999,6.91691691691692
928,67,6.98275862068965,6.0,995,6.91658291457286
928,69,6.98168103448276,6.0,997,6.91374122367101
931,68,6.98603651987111,6.0,999,6.91891891891892
927,71,6.98274002157497,6.0,998,6.91282565130261
929,70,6.97954790096878,6.0,999,6.91091091091091
932,66,6.98175965665236,6.0,998,6.91683366733467
937,62,6.98185699039488,6.0,999,6.92092092092092
935,62,6.9807486631016,6.0,997,6.9197592778335
934,65,6.98394004282655,6.0,999,6.91991991991992
934,64,6.98608137044968,6.0,998,6.92284569138277
935,64,6.98395721925134,6.0,999,6.92092092092092
930,68,6.98279569892473,6.0,998,6.91583166332665
930,69,6.98602150537634,6.0,999,6.91791791791792
929,68,6.98708288482239,6.0,997,6.9197592778335
928,71,6.98491379310345,6.0,999,6.91491491491491
923,74,6.98591549295775,6.0,997,6.91273821464393
926,73,6.98596112311015,6.0,999,6.91391391391391
928,70,6.98599137931035,6.0,998,6.91683366733467
926,73,6.98488120950324,6.0,999,6.91291291291291
927,72,6.98381877022654,6.0,999,6.91291291291291
928,71,6.98383620689655,6.0,999,6.91391391391391
928,71,6.98060344827586,6.0,999,6.91091091091091
930,69,6.98387096774194,6.0,999,6.91591591591592
930,68,6.98602150537634,6.0,998,6.9188376753507
928,70,6.98491379310345,6.0,998,6.91583166332665
927,71,6.9848975188781,6.0,998,6.91482965931864
927,72,6.98381877022654,6.0,999,6.91291291291291
928,71,6.98275862068965,6.0,999,6.91291291291291
924,74,6.98160173160173,6.0,998,6.90881763527054
930,69,6.98494623655914,6.0,999,6.91691691691692
926,73,6.98704103671706,6.0,999,6.91491491491491
934,65,6.98715203426124,6.0,999,6.92292292292292
928,69,6.98706896551724,6.0,997,6.91875626880642
929,70,6.98708288482239,6.0,999,6.91791791791792
925,72,6.98594594594595,6.0,997,6.91474423269809
927,72,6.98705501618123,6.0,999,6.91591591591592
928,70,6.98814655172414,6.0,998,6.9188376753507
929,68,6.98923573735199,6.0,997,6.92176529588766
930,68,6.98817204301075,6.0,998,6.92084168336673
929,68,6.98708288482239,6.0,997,6.9197592778335
927,71,6.98813376483279,6.0,998,6.91783567134269
930,68,6.98817204301075,6.0,998,6.92084168336673
930,69,6.98924731182796,6.0,999,6.92092092092092
927,72,6.98813376483279,6.0,999,6.91691691691692
930,68,6.98817204301075,6.0,998,6.92084168336673
930,68,6.98817204301075,6.0,998,6.92084168336673
930,69,6.98602150537634,6.0,999,6.91791791791792
934,65,6.98501070663812,6.0,999,6.92092092092092
930,68,6.98494623655914,6.0,998,6.91783567134269
927,70,6.98274002157497,6.0,997,6.91374122367101
929,70,6.98600645855759,6.0,999,6.91691691691692
929,69,6.98600645855759,6.0,998,6.91783567134269
936,63,6.98824786324786,6.0,999,6.92592592592593
938,61,6.98720682302772,6.0,999,6.92692692692693
935,64,6.98716577540107,6.0,999,6.92392392392392
938,61,6.98720682302772,6.0,999,6.92692692692693
938,59,6.98933901918977,6.0,997,6.93079237713139
941,58,6.99149840595112,6.0,999,6.93393393393393
939,59,6.99041533546326,6.0,998,6.93186372745491
942,56,6.98938428874735,6.0,998,6.93386773547094
948,51,6.99050632911392,6.0,999,6.93993993993994
948,50,6.98945147679325,6.0,998,6.93987975951904
948,51,6.98945147679325,6.0,999,6.93893893893894
952,47,6.98949579831933,6.0,999,6.94294294294294
950,48,6.99052631578947,6.0,998,6.94288577154309
951,48,6.98948475289169,6.0,999,6.94194194194194
950,46,6.98842105263158,6.0,996,6.94277108433735
951,46,6.99053627760252,6.0,997,6.94483450351053
951,48,6.98948475289169,6.0,999,6.94194194194194
951,48,6.99053627760252,6.0,999,6.94294294294294
951,48,6.98948475289169,6.0,999,6.94194194194194
953,45,6.98950682056663,6.0,998,6.94488977955912
950,48,6.99052631578947,6.0,998,6.94288577154309
950,48,6.98947368421053,6.0,998,6.94188376753507
955,44,6.99057591623037,6.0,999,6.94694694694695
955,44,6.98952879581152,6.0,999,6.94594594594595
953,46,6.98740818467996,6.0,999,6.94194194194194
956,43,6.98953974895398,6.0,999,6.94694694694695
954,45,6.99266247379455,6.0,999,6.94794794794795
954,45,6.99056603773585,6.0,999,6.94594594594595
953,46,6.98950682056663,6.0,999,6.94394394394394
951,48,6.98843322818086,6.0,999,6.94094094094094
947,51,6.98732840549102,6.0,998,6.93687374749499
952,47,6.98529411764706,6.0,999,6.93893893893894
952,47,6.98424369747899,6.0,999,6.93793793793794
950,47,6.98315789473684,6.0,997,6.93681043129388
954,45,6.9832285115304,6.0,999,6.93893893893894
954,43,6.98427672955975,6.0,997,6.94182547642929
955,43,6.98324607329843,6.0,998,6.94088176352705
951,47,6.98317560462671,6.0,998,6.93687374749499
952,47,6.98529411764706,6.0,999,6.93893893893894
954,45,6.98637316561845,6.0,999,6.94194194194194
953,44,6.98530954879328,6.0,997,6.94182547642929
956,43,6.98430962343096,6.0,999,6.94194194194194
955,43,6.98429319371728,6.0,998,6.94188376753507
955,43,6.98324607329843,6.0,998,6.94088176352705
956,42,6.98640167364017,6.0,998,6.94488977955912
954,45,6.9874213836478,6.0,999,6.94294294294294
959,40,6.98748696558915,6.0,999,6.94794794794795
957,42,6.98746081504702,6.0,999,6.94594594594595
955,42,6.98638743455497,6.0,997,6.94483450351053
958,39,6.98643006263048,6.0,997,6.94784353059178
959,40,6.98852971845673,6.0,999,6.94894894894895
956,41,6.98953974895398,6.0,997,6.94884653961886
958,40,6.98956158663883,6.0,998,6.9498997995992
960,39,6.990625,6.0,999,6.95195195195195
959,40,6.99061522419187,6.0,999,6.95095095095095
961,38,6.98959417273673,6.0,999,6.95195195195195
961,38,6.99063475546306,6.0,999,6.95295295295295
962,37,6.99168399168399,6.0,999,6.95495495495495
960,39,6.98958333333333,6.0,999,6.95095095095095
960,39,6.98958333333333,6.0,999,6.95095095095095
961,36,6.98959417273673,6.0,997,6.95386158475426
964,34,6.99066390041494,6.0,998,6.95691382765531
964,35,6.98858921161826,6.0,999,6.95395395395395
965,34,6.98860103626943,6.0,999,6.95495495495495
963,34,6.99065420560748,6.0,997,6.95687061183551
963,33,6.98753894080997,6.0,996,6.95481927710843
965,34,6.99067357512953,6.0,999,6.95695695695696
966,33,6.98964803312629,6.0,999,6.95695695695696
973,26,6.98869475847893,6.0,999,6.96296296296296
968,28,6.98760330578512,6.0,996,6.95983935742972
969,28,6.98864809081527,6.0,997,6.96088264794383
968,29,6.98863636363636,6.0,997,6.95987963891675
968,31,6.9896694214876,6.0,999,6.95895895895896
964,31,6.9896265560166,6.0,995,6.95879396984925
970,28,6.98969072164948,6.0,998,6.96192384769539
973,26,6.98972250770812,6.0,999,6.96396396396396
971,27,6.98867147270855,6.0,998,6.96192384769539
970,28,6.98969072164948,6.0,998,6.96192384769539
973,26,6.98869475847893,6.0,999,6.96296296296296
971,27,6.99073120494336,6.0,998,6.96392785571142
971,28,6.98970133882595,6.0,999,6.96196196196196
971,27,6.99073120494336,6.0,998,6.96392785571142
974,24,6.9917864476386,6.0,998,6.96793587174349
972,27,6.99279835390946,6.0,999,6.96596596596597
971,27,6.99176107106076,6.0,998,6.96492985971944
974,24,6.9917864476386,6.0,998,6.96793587174349
969,27,6.99277605779154,6.0,996,6.96586345381526
971,28,6.99382080329557,6.0,999,6.96596596596597
972,25,6.99382716049383,6.0,997,6.96890672016048
972,27,6.99382716049383,6.0,999,6.96696696696697
970,27,6.99381443298969,6.0,997,6.96690070210632
974,25,6.99383983572895,6.0,999,6.96896896896897
976,23,6.99282786885246,6.0,999,6.96996996996997
975,24,6.99282051282051,6.0,999,6.96896896896897
976,23,6.99385245901639,6.0,999,6.97097097097097
979,20,6.99284984678243,6.0,999,6.97297297297297
980,18,6.99489795918367,6.0,998,6.97695390781563
977,21,6.99488229273286,6.0,998,6.97394789579158
978,21,6.99386503067485,6.0,999,6.97297297297297
979,20,6.99387129724208,6.0,999,6.97397397397397
979,20,6.99387129724208,6.0,999,6.97397397397397
979,19,6.99591419816139,6.0,998,6.97695390781563
983,16,6.99491353001017,6.0,999,6.97897897897898
983,16,6.99593082400814,6.0,999,6.97997997997998
982,17,6.9959266802444,6.0,999,6.97897897897898
983,15,6.99389623601221,6.0,998,6.97895791583166
982,14,6.9928716904277,6.0,996,6.9789156626506
984,13,6.99288617886179,6.0,997,6.97993981945837
987,12,6.99290780141844,6.0,999,6.98098098098098
988,11,6.98987854251012,6.0,999,6.97897897897898
989,10,6.98988877654196,6.0,999,6.97997997997998
986,11,6.99290060851927,6.0,997,6.98194583751254
988,11,6.9919028340081,6.0,999,6.98098098098098
988,11,6.99291497975709,6.0,999,6.98198198198198
988,11,6.99291497975709,6.0,999,6.98198198198198
986,11,6.99290060851927,6.0,997,6.98194583751254
987,11,6.99290780141844,6.0,998,6.98196392785571
986,12,6.99391480730223,6.0,998,6.98196392785571
984,14,6.99491869918699,6.0,998,6.98096192384769
985,13,6.99492385786802,6.0,998,6.98196392785571
985,12,6.99390862944162,6.0,997,6.98194583751254
986,13,6.99391480730223,6.0,999,6.98098098098098
986,13,6.99492900608519,6.0,999,6.98198198198198
988,11,6.99392712550607,6.0,999,6.98298298298298
989,10,6.99191102123357,6.0,999,6.98198198198198
987,11,6.9918946301925,6.0,998,6.98096192384769
990,8,6.99090909090909,6.0,998,6.98296593186373
991,8,6.98990918264379,6.0,999,6.98198198198198
991,8,6.98890010090817,6.0,999,6.98098098098098
990,8,6.99090909090909,6.0,998,6.98296593186373
991,7,6.99091826437941,6.0,998,6.98396793587174
991,8,6.99091826437941,6.0,999,6.98298298298298
990,9,6.99292929292929,6.0,999,6.98398398398398
989,9,6.99191102123357,6.0,998,6.98296593186373
989,9,6.99089989888777,6.0,998,6.98196392785571
990,9,6.99292929292929,6.0,999,6.98398398398398
992,7,6.9929435483871,6.0,999,6.98598598598599
991,6,6.99394550958628,6.0,997,6.98796389167503
992,6,6.99495967741935,6.0,998,6.98897795591182
993,5,6.99597180261833,6.0,998,6.99098196392786
995,4,6.99597989949749,6.0,999,6.99199199199199
991,4,6.99596367305752,6.0,995,6.99195979899497
994,4,6.99496981891348,6.0,998,6.99098196392786
995,4,6.99497487437186,6.0,999,6.99099099099099
996,3,6.99497991967872,6.0,999,6.99199199199199
996,3,6.99497991967872,6.0,999,6.99199199199199
996,3,6.99397590361446,6.0,999,6.99099099099099
995,3,6.99497487437186,6.0,998,6.99198396793587
996,3,6.99497991967872,6.0,999,6.99199199199199
993,4,6.99295065458207,6.0,997,6.98896690070211
995,3,6.99195979899497,6.0,998,6.98897795591182
995,3,6.99195979899497,6.0,998,6.98897795591182
996,3,6.99196787148594,6.0,999,6.98898898898899
995,3,6.98994974874372,6.0,998,6.98697394789579
994,3,6.99195171026157,6.0,997,6.98896690070211
997,2,6.99297893681043,6.0,999,6.99099099099099
997,2,6.99197592778335,6.0,999,6.98998998998999
996,2,6.99397590361446,6.0,998,6.99198396793587
996,2,6.99397590361446,6.0,998,6.99198396793587
996,2,6.9929718875502,6.0,998,6.99098196392786
998,1,6.9939879759519,6.0,999,6.99299299299299
997,1,6.99498495486459,6.0,998,6.9939879759519
997,1,6.99598796389168,6.0,998,6.99498997995992
998,1,6.99599198396794,6.0,999,6.99499499499499
998,1,6.99599198396794,6.0,999,6.99499499499499
998,1,6.99699398797595,6.0,999,6.995995995996
998,1,6.99599198396794,6.0,999,6.99499499499499
997,2,6.99598796389168,6.0,999,6.99399399399399
997,2,6.99598796389168,6.0,999,6.99399399399399
996,2,6.99598393574297,6.0,998,6.9939879759519
995,3,6.99698492462312,6.0,998,6.9939879759519
995,3,6.99698492462312,6.0,998,6.9939879759519
996,3,6.99598393574297,6.0,999,6.99299299299299
997,2,6.99598796389168,6.0,999,6.99399399399399
994,3,6.99496981891348,6.0,997,6.99197592778335
996,3,6.99497991967872,6.0,999,6.99199199199199
995,3,6.99396984924623,6.0,998,6.99098196392786
992,4,6.99495967741935,6.0,996,6.99096385542169
994,4,6.99597585513078,6.0,998,6.99198396793587
995,4,6.99597989949749,6.0,999,6.99199199199199
994,5,6.99597585513078,6.0,999,6.99099099099099
994,4,6.99698189134809,6.0,998,6.99298597194389
994,3,6.99698189134809,6.0,997,6.99398194583751
996,3,6.99799196787149,6.0,999,6.99499499499499
996,3,6.99799196787149,6.0,999,6.99499499499499
996,3,6.99799196787149,6.0,999,6.99499499499499
994,3,6.9989939637827,6.0,997,6.99598796389168
995,4,6.99798994974874,6.0,999,6.99399399399399
995,4,6.99798994974874,6.0,999,6.99399399399399
994,3,6.99798792756539,6.0,997,6.99498495486459
994,4,6.99798792756539,6.0,998,6.9939879759519
997,2,6.99799398194584,6.0,999,6.995995995996
997,2,6.99799398194584,6.0,999,6.995995995996
997,2,6.99799398194584,6.0,999,6.995995995996
996,3,6.99899598393574,6.0,999,6.995995995996
995,3,6.99899497487437,6.0,998,6.99599198396794
996,3,6.99899598393574,6.0,999,6.995995995996
994,4,6.9989939637827,6.0,998,6.99498997995992
994,3,6.9989939637827,6.0,997,6.99598796389168
996,3,6.99899598393574,6.0,999,6.995995995996
994,3,6.9989939637827,6.0,997,6.99598796389168
993,3,6.99899295065458,6.0,996,6.99598393574297
994,3,6.9989939637827,6.0,997,6.99598796389168
995,3,6.99899497487437,6.0,998,6.99599198396794
998,1,6.99899799599198,6.0,999,6.997997997998
998,1,6.99899799599198,6.0,999,6.997997997998
999,0,6.998998998999,NaN,999,6.998998998999
998,0,6.99899799599198,NaN,998,6.99899799599198
997,0,6.99799398194584,NaN,997,6.99799398194584
998,0,6.99799599198397,NaN,998,6.99799599198397
997,0,6.99799398194584,NaN,997,6.99799398194584
998,0,6.99699398797595,NaN,998,6.99699398797595
999,0,6.996996996997,NaN,999,6.996996996997
999,0,6.997997997998,NaN,999,6.997997997998
998,0,6.99899799599198,NaN,998,6.99899799599198
998,0,6.99899799599198,NaN,998,6.99899799599198
997,0,6.99899699097292,NaN,997,6.99899699097292
998,0,6.99899799599198,NaN,998,6.99899799599198
999,0,6.998998998999,NaN,999,6.998998998999
998,0,6.99899799599198,NaN,998,6.99899799599198
997,0,6.99899699097292,NaN,997,6.99899699097292
998,0,7.0,NaN,998,7.0
998,0,7.0,NaN,998,7.0
999,0,7.0,NaN,999,7.0
997,0,7.0,NaN,997,7.0
997,0,7.0,NaN,997,7.0
998,0,7.0,NaN,998,7.0
999,0,7.0,NaN,999,7.0
998,0,7.0,NaN,998,7.0
999,0,7.0,NaN,999,7.0
997,0,7.0,NaN,997,7.0
999,0,7.0,NaN,999,7.0
999,0,7.0,NaN,999,7.0
997,0,7.0,NaN,997,7.0
999,0,7.0,NaN,999,7.0
997,0,7.0,NaN,997,7.0
997,0,7.0,NaN,997,7.0
998,0,7.0,NaN,998,7.0
999,0,7.0,NaN,999,7.0
999,0,7.0,NaN,999,7.0
996,0,7.0,NaN,996,7.0
999,0,7.0,NaN,999,7.0
998,0,7.0,NaN,998,7.0
999,0,7.0,NaN,999,7.0
998,0,7.0,NaN,998,7.0
999,0,7.0,NaN,999,7.0
999,0,7.0,NaN,999,7.0
998,0,7.0,NaN,998,7.0
998,0,7.0,NaN,998,7.0
999,0,7.0,NaN,999,7.0
997,0,7.0,NaN,997,7.0
999,0,7.0,NaN,999,7.0
999,0,7.0,NaN,999,7.0
999,0,7.0,NaN,999,7.0
999,0,7.0,NaN,999,7.0
999,0,7.0,NaN,999,7.0
999,0,7.0,NaN,999,7.0
998,0,7.0,NaN,998,7.0
999,0,7.0,NaN,999,7.0
999,0,7.0,NaN,999,7.0
998,0,7.0,NaN,998,7.0
999,0,7.0,NaN,999,7.0
997,0,7.0,NaN,997,7.0
998,0,7.0,NaN,998,7.0
996,0,7.0,NaN,996,7.0
996,0,7.0,NaN,996,7.0
999,0,7.0,NaN,999,7.0
998,0,7.0,NaN,998,7.0
999,0,7.0,NaN,999,7.0
999,0,7.0,NaN,999,7.0
999,0,7.0,NaN,999,7.0
999,0,7.0,NaN,999,7.0
998,0,7.0,NaN,998,7.0
999,0,7.0,NaN,999,7.0
998,0,7.0,NaN,998,7.0
998,0,7.0,NaN,998,7.0
999,0,7.0,NaN,999,7.0
999,0,7.0,NaN,999,7.0
999,0,7.0,NaN,999,7.0
998,0,7.0,NaN,998,7.0
999,0,7.0,NaN,999,7.0
999,0,7.0,NaN,999,7.0
998,0,7.0,NaN,998,7.0
998,0,7.0,NaN,998,7.0
998,0,7.0,NaN,998,7.0
998,0,7.0,NaN,998,7.0
998,0,7.0,NaN,998,7.0
999,0,7.0,NaN,999,7.0
999,0,7.0,NaN,999,7.0
998,0,7.0,NaN,998,7.0
999,0,7.0,NaN,999,7.0
997,0,7.0,NaN,997,7.0
998,0,7.0,NaN,998,7.0
999,0,7.0,NaN,999,7.0
998,0,7.0,NaN,998,7.0
998,0,7.0,NaN,998,7.0
996,0,7.0,NaN,996,7.0
998,0,7.0,NaN,998,7.0
998,0,7.0,NaN,998,7.0
998,0,7.0,NaN,998,7.0
997,0,7.0,NaN,997,7.0
999,0,7.0,NaN,999,7.0
997,0,7.0,NaN,997,7.0
998,0,7.0,NaN,998,7.0
999,0,7.0,NaN,999,7.0
998,0,7.0,NaN,998,7.0
999,0,7.0,NaN,999,7.0
999,0,7.0,NaN,999,7.0
998,0,7.0,NaN,998,7.0
999,0,7.0,NaN,999,7.0
999,0,7.0,NaN,999,7.0
998,0,7.0,NaN,998,7.0
998,0,7.0,NaN,998,7.0
997,0,7.0,NaN,997,7.0
997,0,7.0,NaN,997,7.0
996,0,7.0,NaN,996,7.0
999,0,7.0,NaN,999,7.0
997,0,7.0,NaN,997,7.0
999,0,7.0,NaN,999,7.0
998,0,7.0,NaN,998,7.0
998,0,7.0,NaN,998,7.0
998,0,7.0,NaN,998,7.0
998,0,7.0,NaN,998,7.0
997,0,7.0,NaN,997,7.0
999,0,7.0,NaN,999,7.0
998,0,7.0,NaN,998,7.0
997,0,7.0,NaN,997,7.0
998,0,7.0,NaN,998,7.0
999,0,7.0,NaN,999,7.0
999,0,7.0,NaN,999,7.0
998,0,7.0,NaN,998,7.0
997,0,7.0,NaN,997,7.0
997,0,7.0,NaN,997,7.0
998,0,7.0,NaN,998,7.0
999,0,7.0,NaN,999,7.0
999,0,7.0,NaN,999,7.0
998,0,7.0,NaN,998,7.0
998,0,7.0,NaN,998,7.0
998,0,7.0,NaN,998,7.0
999,0,7.0,NaN,999,7.0
998,0,7.0,NaN,998,7.0
998,0,7.0,NaN,998,7.0
999,0,7.0,NaN,999,7.0
997,0,7.0,NaN,997,7.0
997,0,7.0,NaN,997,7.0
999,0,7.0,NaN,999,7.0
999,0,7.0,NaN,999,7.0
996,0,7.0,NaN,996,7.0
999,0,7.0,NaN,999,7.0
997,0,7.0,NaN,997,7.0
998,0,7.0,NaN,998,7.0
997,0,7.0,NaN,997,7.0
999,0,7.0,NaN,999,7.0
999,0,7.0,NaN,999,7.0
999,0,7.0,NaN,999,7.0
999,0,7.0,NaN,999,7.0
999,0,7.0,NaN,999,7.0
999,0,7.0,NaN,999,7.0
999,0,7.0,NaN,999,7.0
999,0,7.0,NaN,999,7.0
999,0,7.0,NaN,999,7.0
999,0,7.0,NaN,999,7.0
999,0,7.0,NaN,999,7.0
999,0,7.0,NaN,999,7.0
998,0,7.0,NaN,998,7.0
996,0,7.0,NaN,996,7.0
999,0,7.0,NaN,999,7.0
996,0,7.0,NaN,996,7.0
999,0,7.0,NaN,999,7.0
999,0,7.0,NaN,999,7.0
996,0,7.0,NaN,996,7.0
998,0,7.0,NaN,998,7.0
999,0,7.0,NaN,999,7.0
999,0,7.0,NaN,999,7.0
999,0,7.0,NaN,999,7.0
999,0,7.0,NaN,999,7.0
999,0,7.0,NaN,999,7.0
999,0,7.0,NaN,999,7.0
999,0,7.0,NaN,999,7.0
999,0,7.0,NaN,999,7.0
997,0,7.0,NaN,997,7.0
996,0,7.0,NaN,996,7.0
999,0,7.0,NaN,999,7.0
999,0,7.0,NaN,999,7.0
999,0,7.0,NaN,999,7.0
998,0,7.0,NaN,998,7.0
998,0,7.0,NaN,998,7.0
999,0,7.0,NaN,999,7.0
999,0,7.0,NaN,999,7.0
999,0,7.0,NaN,999,7.0
999,0,7.0,NaN,999,7.0
999,0,7.0,NaN,999,7.0
999,0,7.0,NaN,999,7.0
998,0,7.0,NaN,998,7.0
999,0,7.0,NaN,999,7.0
999,0,7.0,NaN,999,7.0
999,0,7.0,NaN,999,7.0
999,0,7.0,NaN,999,7.0
999,0,7.0,NaN,999,7.0
998,0,7.0,NaN,998,7.0
997,0,7.0,NaN,997,7.0
999,0,7.0,NaN,999,7.0
998,0,7.0,NaN,998,7.0
999,0,7.0,NaN,999,7.0
999,0,7.0,NaN,999,7.0
997,0,7.0,NaN,997,7.0
998,0,7.0,NaN,998,7.0
999,0,7.0,NaN,999,7.0
998,0,7.0,NaN,998,7.0
999,0,7.0,NaN,999,7.0
998,0,7.0,NaN,998,7.0
999,0,7.0,NaN,999,7.0
997,0,7.0,NaN,997,7.0
999,0,7.0,NaN,999,7.0
998,0,7.0,NaN,998,7.0
999,0,7.0,NaN,999,7.0
999,0,7.0,NaN,999,7.0
997,0,7.0,NaN,997,7.0
999,0,7.0,NaN,999,7.0
999,0,7.0,NaN,999,7.0
997,0,7.0,NaN,997,7.0
998,0,7.0,NaN,998,7.0
997,0,7.0,NaN,997,7.0
998,0,7.0,NaN,998,7.0
999,0,7.0,NaN,999,7.0
999,0,7.0,NaN,999,7.0
999,0,7.0,NaN,999,7.0
998,0,7.0,NaN,998,7.0
999,0,7.0,NaN,999,7.0
998,0,7.0,NaN,998,7.0
999,0,7.0,NaN,999,7.0
999,0,7.0,NaN,999,7.0
999,0,7.0,NaN,999,7.0
998,0,7.0,NaN,998,7.0
998,0,7.0,NaN,998,7.0
997,0,7.0,NaN,997,7.0
999,0,7.0,NaN,999,7.0
998,0,7.0,NaN,998,7.0
999,0,7.0,NaN,999,7.0
997,0,7.0,NaN,997,7.0
999,0,7.0,NaN,999,7.0
998,0,7.0,NaN,998,7.0
997,0,7.0,NaN,997,7.0
997,0,7.0,NaN,997,7.0
999,0,7.0,NaN,999,7.0
997,0,7.0,NaN,997,7.0
998,0,7.0,NaN,998,7.0
997,0,7.0,NaN,997,7.0
999,0,7.0,NaN,999,7.0
998,0,7.0,NaN,998,7.0
999,0,7.0,NaN,999,7.0
999,0,7.0,NaN,999,7.0
999,0,7.0,NaN,999,7.0
999,0,7.0,NaN,999,7.0
999,0,7.0,NaN,999,7.0
998,0,7.0,NaN,998,7.0
998,0,7.0,NaN,998,7.0
998,0,7.0,NaN,998,7.0
998,0,7.0,NaN,998,7.0
998,0,7.0,NaN,998,7.0
997,0,7.0,NaN,997,7.0
998,0,7.0,NaN,998,7.0
997,0,7.0,NaN,997,7.0
998,0,7.0,NaN,998,7.0
998,0,7.0,NaN,998,7.0
998,0,7.0,NaN,998,7.0
997,0,7.0,NaN,997,7.0
997,0,7.0,NaN,997,7.0
998,0,7.0,NaN,998,7.0
997,0,7.0,NaN,997,7.0
996,0,7.0,NaN,996,7.0
998,0,7.0,NaN,998,7.0
999,0,7.0,NaN,999,7.0
997,0,7.0,NaN,997,7.0
996,0,7.0,NaN,996,7.0
999,0,7.0,NaN,999,7.0
997,0,7.0,NaN,997,7.0
999,0,7.0,NaN,999,7.0
999,0,7.0,NaN,999,7.0
999,0,7.0,NaN,999,7.0
998,0,7.0,NaN,998,7.0
999,0,7.0,NaN,999,7.0
999,0,7.0,NaN,999,7.0
999,0,7.0,NaN,999,7.0
997,0,7.0,NaN,997,7.0
999,0,7.0,NaN,999,7.0
998,0,7.0,NaN,998,7.0
998,0,7.0,NaN,998,7.0
997,0,7.0,NaN,997,7.0
996,0,7.0,NaN,996,7.0
997,0,7.0,NaN,997,7.0
998,0,7.0,NaN,998,7.0
998,0,7.0,NaN,998,7.0
997,0,7.0,NaN,997,7.0
999,0,7.0,NaN,999,7.0
997,0,7.0,NaN,997,7.0
999,0,7.0,NaN,999,7.0
997,0,7.0,NaN,997,7.0
997,0,7.0,NaN,997,7.0
998,0,7.0,NaN,998,7.0
999,0,7.0,NaN,999,7.0
998,0,7.0,NaN,998,7.0
998,0,7.0,NaN,998,7.0
998,0,7.0,NaN,998,7.0
998,0,7.0,NaN,998,7.0
