forward_num,reverse_num,forward_rate,reverse_rate,organism_num,organism_rate
500,500,5.5,5.5,1000,5.5
494,494,5.49797570850202,5.50404858299595,988,5.50101214574899
494,493,5.49797570850202,5.50912778904665,987,5.50354609929078
549,448,5.96174863387978,5.60491071428571,997,5.80140421263791
592,407,6.03209459459459,5.57002457002457,999,5.84384384384384
619,379,6.04200323101777,5.50395778364116,998,5.8376753507014
646,352,6.05263157894737,5.44886363636364,998,5.83967935871743
671,327,6.13263785394933,5.38837920489297,998,5.88877755511022
684,314,6.16374269005848,5.2484076433121,998,5.87575150300601
701,296,6.15263908701855,5.17905405405405,997,5.86359077231695
698,301,6.33094555873925,5.0265780730897,999,5.93793793793794
714,285,6.11204481792717,4.99298245614035,999,5.79279279279279
715,284,6.27552447552448,5.02464788732394,999,5.91991991991992
695,304,6.2978417266187,4.94736842105263,999,5.88688688688689
688,311,6.26453488372093,5.47266881028939,999,6.01801801801802
690,308,6.38550724637681,5.54545454545455,998,6.12625250501002
676,322,6.35798816568047,5.60248447204969,998,6.11422845691383
662,336,6.49395770392749,5.73214285714286,998,6.2374749498998
679,319,6.53460972017673,5.81818181818182,998,6.30561122244489
692,307,6.63728323699422,5.88925081433225,999,6.40740740740741
685,312,6.81459854014598,5.98717948717949,997,6.55566700100301
694,304,6.59365994236311,5.99342105263158,998,6.41082164328657
696,301,6.6235632183908,6.06644518272425,997,6.45536609829488
705,293,6.64113475177305,6.00341296928328,998,6.45390781563126
700,298,6.69,5.9496644295302,998,6.4689378757515
709,290,6.79689703808181,5.97241379310345,999,6.55755755755756
703,295,6.83357041251778,5.94576271186441,998,6.57114228456914
710,288,6.7943661971831,5.98611111111111,998,6.56112224448898
719,280,6.86230876216968,5.92142857142857,999,6.5985985985986
713,285,6.87237026647966,6.11578947368421,998,6.6563126252505
715,282,6.89510489510489,6.14893617021277,997,6.68405215646941
725,274,6.95172413793103,6.14233576642336,999,6.72972972972973
726,271,6.92699724517906,6.25092250922509,997,6.7432296890672
725,272,6.96551724137931,6.25367647058824,997,6.77131394182548
730,269,7.03287671232877,6.26765799256506,999,6.82682682682683
723,275,6.99170124481328,6.40363636363636,998,6.82965931863727
725,273,7.03172413793103,6.41025641025641,998,6.86172344689379
725,274,6.95172413793103,6.5036496350365,999,6.82882882882883
727,272,6.94635488308116,6.57352941176471,999,6.84484484484484
733,266,6.96862210095498,6.61278195488722,999,6.87387387387387
730,268,6.96849315068493,6.55970149253731,998,6.85871743486974
730,269,6.93013698630137,6.56133828996283,999,6.83083083083083
726,273,6.95730027548209,6.55677655677656,999,6.84784784784785
728,268,6.94642857142857,6.57835820895522,996,6.84738955823293
739,259,6.9404600811908,6.6988416988417,998,6.87775551102204
744,254,6.9502688172043,6.73228346456693,998,6.89478957915832
745,254,6.93691275167785,6.73622047244094,999,6.88588588588589
750,248,6.97866666666667,6.74193548387097,998,6.91983967935872
755,243,6.9841059602649,6.73251028806584,998,6.92284569138277
754,242,6.9867374005305,6.80578512396694,996,6.94277108433735
759,239,6.97628458498024,6.71966527196653,998,6.91482965931864
761,236,6.97766097240473,6.67796610169492,997,6.90672016048144
762,237,6.9238845144357,6.72573839662447,999,6.87687687687688
766,233,6.94255874673629,6.74678111587983,999,6.8968968968969
766,232,6.93603133159269,6.75862068965517,998,6.89478957915832
769,230,6.96618985695709,6.82173913043478,999,6.93293293293293
761,237,6.94086727989488,6.86919831223629,998,6.92384769539078
762,237,6.97375328083989,6.79746835443038,999,6.93193193193193
761,238,6.96452036793692,6.81932773109244,999,6.92992992992993
766,233,6.95691906005222,6.73390557939914,999,6.9049049049049
763,236,6.97903014416776,6.79237288135593,999,6.93493493493493
765,234,6.98169934640523,6.87606837606838,999,6.95695695695696
772,226,6.92227979274611,6.7787610619469,998,6.88977955911824
769,230,6.84135240572172,6.8304347826087,999,6.83883883883884
773,226,6.86416558861578,6.9646017699115,999,6.88688688688689
776,223,6.85051546391753,6.91479820627803,999,6.86486486486486
777,221,6.83140283140283,6.92307692307692,998,6.85170340681363
770,229,6.87792207792208,6.92139737991266,999,6.88788788788789
779,220,6.89602053915276,6.84090909090909,999,6.88388388388388
784,215,6.88647959183673,6.81860465116279,999,6.87187187187187
769,229,6.92847854356307,6.78165938864629,998,6.89478957915832
776,223,6.96134020618557,6.92825112107623,999,6.95395395395395
781,216,6.97439180537772,7.02314814814815,997,6.98495486459378
789,210,6.96324461343473,6.99047619047619,999,6.96896896896897
786,211,6.93002544529262,7.02369668246445,997,6.94984954864594
788,211,6.9492385786802,6.99526066350711,999,6.95895895895896
778,220,7.0012853470437,6.99090909090909,998,6.99899799599198
781,218,6.98847631241997,6.9954128440367,999,6.98998998998999
788,211,7.02157360406091,7.08530805687204,999,7.03503503503504
782,217,6.99104859335038,7.18433179723502,999,7.03303303303303
789,208,7.02788339670469,7.17307692307692,997,7.05817452357071
787,210,7.03557814485388,7.22380952380952,997,7.07522567703109
790,209,7.02911392405063,7.15789473684211,999,7.05605605605606
785,213,7.01910828025478,7.03755868544601,998,7.02304609218437
788,211,7.02284263959391,7.03791469194313,999,7.02602602602603
791,207,7.00758533501896,7.03864734299517,998,7.01402805611222
791,207,7.01137800252844,7.1207729468599,998,7.03406813627254
795,204,6.98867924528302,7.03921568627451,999,6.998998998999
791,206,7.0543615676359,7.06796116504854,997,7.05717151454363
788,209,7.0761421319797,7.07655502392345,997,7.07622868605817
798,200,7.08897243107769,7.08,998,7.08717434869739
788,210,7.14086294416244,7.13809523809524,998,7.14028056112224
785,213,7.14649681528662,7.21596244131455,998,7.16132264529058
782,216,7.0997442455243,7.21296296296296,998,7.12424849699399
780,219,7.07820512820513,7.20547945205479,999,7.10610610610611
773,225,7.08020698576973,7.18222222222222,998,7.10320641282565
771,228,7.07263294422827,7.1359649122807,999,7.08708708708709
766,233,7.05613577023499,7.20600858369099,999,7.09109109109109
768,231,7.06510416666667,7.31601731601732,999,7.12312312312312
769,229,7.07282184655397,7.34934497816594,998,7.13627254509018
768,231,7.0859375,7.40692640692641,999,7.16016016016016
769,228,7.06501950585176,7.5,997,7.16449348044132
764,235,7.07068062827225,7.57872340425532,999,7.19019019019019
768,230,7.04036458333333,7.53913043478261,998,7.15531062124249
770,229,7.02337662337662,7.5938864628821,999,7.15415415415415
773,226,7.03492884864166,7.61061946902655,999,7.16516516516517
774,224,7.01291989664083,7.61160714285714,998,7.14729458917836
774,225,6.99870801033592,7.62222222222222,999,7.13913913913914
769,227,7.06501950585176,7.66079295154185,996,7.20080321285141
767,232,7.08996088657106,7.68103448275862,999,7.22722722722723
768,230,7.11588541666667,7.69130434782609,998,7.24849699398798
771,228,7.10505836575875,7.65789473684211,999,7.23123123123123
770,228,7.07792207792208,7.67105263157895,998,7.21342685370742
771,226,7.1011673151751,7.70796460176991,997,7.23871614844534
775,224,7.11354838709677,7.80803571428571,999,7.26926926926927
773,224,7.124191461837,7.79464285714286,997,7.27482447342026
778,221,7.0745501285347,7.7737556561086,999,7.22922922922923
770,228,7.07012987012987,7.74122807017544,998,7.22344689378758
771,227,7.10765239948119,7.7136563876652,998,7.24549098196393
769,230,7.13524057217165,7.73478260869565,999,7.27327327327327
773,225,7.15912031047865,7.72888888888889,998,7.2875751503006
774,224,7.1046511627907,7.71875,998,7.24248496993988
774,225,7.12273901808785,7.71111111111111,999,7.25525525525526
764,234,7.13350785340314,7.7008547008547,998,7.26653306613226
765,234,7.09411764705882,7.67948717948718,999,7.23123123123123
757,242,7.09775429326288,7.66115702479339,999,7.23423423423423
755,242,7.14834437086093,7.71074380165289,997,7.28485456369107
757,242,7.15719947159841,7.7396694214876,999,7.2982982982983
751,247,7.14114513981358,7.64372469635628,998,7.26553106212425
760,238,7.09868421052632,7.65966386554622,998,7.23246492985972
763,236,7.14941022280472,7.67796610169492,999,7.27427427427427
764,234,7.18586387434555,7.73931623931624,998,7.31563126252505
762,237,7.19160104986877,7.72151898734177,999,7.31731731731732
763,235,7.1821756225426,7.71063829787234,998,7.30661322645291
764,234,7.21204188481675,7.69230769230769,998,7.32464929859719
761,236,7.2772667542707,7.69491525423729,997,7.37612838515547
763,236,7.28309305373526,7.77542372881356,999,7.3993993993994
769,230,7.27438231469441,7.83913043478261,999,7.4044044044044
771,228,7.28793774319066,7.81578947368421,999,7.40840840840841
772,227,7.29922279792746,7.75770925110132,999,7.4034034034034
771,228,7.31647211413748,7.78070175438596,999,7.42242242242242
766,233,7.31201044386423,7.72103004291846,999,7.40740740740741
770,227,7.31038961038961,7.72687224669604,997,7.40521564694082
778,221,7.34061696658098,7.71493212669683,999,7.42342342342342
773,224,7.30789133247089,7.65625,997,7.38615847542628
778,221,7.30591259640103,7.63800904977376,999,7.37937937937938
781,218,7.30985915492958,7.58715596330275,999,7.37037037037037
783,216,7.30140485312899,7.64351851851852,999,7.37537537537538
781,217,7.32010243277849,7.63594470046083,998,7.38877755511022
779,218,7.27214377406932,7.59633027522936,997,7.34302908726178
779,219,7.31578947368421,7.62100456621005,998,7.38276553106212
780,217,7.30769230769231,7.65437788018433,997,7.38314944834504
777,221,7.28314028314028,7.63348416289593,998,7.36072144288577
783,216,7.2911877394636,7.67592592592593,999,7.37437437437437
794,205,7.28715365239295,7.6780487804878,999,7.36736736736737
790,209,7.29746835443038,7.64593301435407,999,7.37037037037037
782,217,7.30051150895141,7.66359447004608,999,7.37937937937938
786,213,7.26844783715013,7.60093896713615,999,7.33933933933934
786,213,7.25572519083969,7.57276995305164,999,7.32332332332332
785,213,7.27006369426752,7.64319248826291,998,7.3496993987976
783,216,7.30651340996169,7.5787037037037,999,7.36536536536537
781,218,7.27912932138284,7.60091743119266,999,7.34934934934935
774,224,7.24677002583979,7.61160714285714,998,7.32865731462926
773,226,7.26131953428202,7.63274336283186,999,7.34534534534535
767,232,7.27249022164276,7.63362068965517,999,7.35635635635636
769,229,7.31209362808843,7.66812227074236,998,7.3937875751503
765,233,7.31372549019608,7.66523605150215,998,7.39579158316633
757,241,7.34742404227213,7.62655601659751,998,7.41482965931864
763,235,7.35517693315858,7.66382978723404,998,7.42785571142285
761,237,7.3377135348226,7.63291139240506,998,7.40781563126253
765,233,7.33071895424837,7.6480686695279,998,7.40480961923848
765,233,7.36862745098039,7.63090128755365,998,7.42985971943888
769,229,7.39011703511053,7.68558951965066,998,7.45791583166333
759,239,7.38076416337286,7.61924686192469,998,7.43787575150301
764,235,7.37041884816754,7.56170212765957,999,7.41541541541542
768,230,7.36197916666667,7.53913043478261,998,7.40280561122244
775,224,7.35354838709677,7.5,999,7.38638638638639
772,227,7.36658031088083,7.49339207048458,999,7.3953953953954
783,216,7.34993614303959,7.52314814814815,999,7.38738738738739
776,223,7.33118556701031,7.43946188340807,999,7.35535535535536
777,222,7.35263835263835,7.43243243243243,999,7.37037037037037
783,215,7.37803320561941,7.50232558139535,998,7.40480961923848
784,214,7.39285714285714,7.51401869158879,998,7.4188376753507
787,210,7.42566709021601,7.44285714285714,997,7.42928786359077
792,206,7.46212121212121,7.35436893203883,998,7.43987975951904
798,201,7.45238095238095,7.46766169154229,999,7.45545545545546
799,200,7.4793491864831,7.435,999,7.47047047047047
801,198,7.48439450686642,7.33838383838384,999,7.45545545545546
807,190,7.45848822800496,7.28421052631579,997,7.42527582748245
815,184,7.43312883435583,7.30978260869565,999,7.41041041041041
815,184,7.47484662576687,7.29347826086957,999,7.44144144144144
810,189,7.49382716049383,7.26455026455026,999,7.45045045045045
815,184,7.48098159509202,7.31521739130435,999,7.45045045045045
808,190,7.50618811881188,7.30526315789474,998,7.46793587174349
811,188,7.53390875462392,7.3031914893617,999,7.49049049049049
811,186,7.52034525277435,7.32258064516129,997,7.48345035105316
812,187,7.52339901477832,7.3475935828877,999,7.49049049049049
807,192,7.52788104089219,7.34895833333333,999,7.49349349349349
803,196,7.53175591531756,7.33163265306122,999,7.49249249249249
812,187,7.55788177339902,7.35828877005348,999,7.52052052052052
809,190,7.59208899876391,7.34736842105263,999,7.54554554554555
806,193,7.58560794044665,7.43523316062176,999,7.55655655655656
816,183,7.59558823529412,7.46448087431694,999,7.57157157157157
822,177,7.56569343065693,7.53107344632768,999,7.55955955955956
819,180,7.61172161172161,7.45555555555556,999,7.58358358358358
807,189,7.62577447335812,7.42857142857143,996,7.58835341365462
813,186,7.5830258302583,7.47849462365591,999,7.56356356356356
811,187,7.58692971639951,7.40106951871658,998,7.55210420841683
809,190,7.55871446229914,7.45263157894737,999,7.53853853853854
810,189,7.56913580246914,7.44973544973545,999,7.54654654654655
810,189,7.60617283950617,7.43915343915344,999,7.57457457457457
809,190,7.59456118665019,7.42105263157895,999,7.56156156156156
810,188,7.58641975308642,7.49468085106383,998,7.56913827655311
808,191,7.58663366336634,7.49738219895288,999,7.56956956956957
808,191,7.58663366336634,7.53403141361257,999,7.57657657657658
806,193,7.58064516129032,7.51813471502591,999,7.56856856856857
803,196,7.57036114570361,7.56632653061224,999,7.56956956956957
807,191,7.54399008674102,7.55497382198953,998,7.54609218436874
808,188,7.51113861386139,7.52127659574468,996,7.51305220883534
804,194,7.53109452736318,7.44845360824742,998,7.51503006012024
805,194,7.49068322981366,7.45876288659794,999,7.48448448448448
810,188,7.50740740740741,7.52127659574468,998,7.51002004008016
811,188,7.51048088779285,7.42553191489362,999,7.49449449449449
808,189,7.4950495049505,7.5026455026455,997,7.49648946840522
811,188,7.43526510480888,7.57446808510638,999,7.46146146146146
809,188,7.45241038318912,7.55851063829787,997,7.47241725175527
813,185,7.4489544895449,7.53513513513514,998,7.46492985971944
818,181,7.45476772616137,7.59116022099448,999,7.47947947947948
811,184,7.43773119605425,7.64673913043478,995,7.47638190954774
812,184,7.45689655172414,7.66304347826087,996,7.49497991967872
812,187,7.44950738916256,7.6096256684492,999,7.47947947947948
814,185,7.48034398034398,7.6,999,7.5025025025025
819,180,7.48840048840049,7.65,999,7.51751751751752
825,174,7.46424242424242,7.58620689655172,999,7.48548548548549
824,175,7.46116504854369,7.65714285714286,999,7.4954954954955
828,171,7.47101449275362,7.61988304093567,999,7.4964964964965
822,177,7.47323600973236,7.65536723163842,999,7.50550550550551
825,173,7.47878787878788,7.60115606936416,998,7.5
833,166,7.49339735894358,7.52409638554217,999,7.4984984984985
845,154,7.47100591715976,7.49350649350649,999,7.47447447447447
847,152,7.48996458087367,7.51315789473684,999,7.49349349349349
853,146,7.46776084407972,7.47260273972603,999,7.46846846846847
857,142,7.4585764294049,7.53521126760563,999,7.46946946946947
860,138,7.43488372093023,7.52173913043478,998,7.44689378757515
859,140,7.49592549476135,7.64285714285714,999,7.51651651651652
861,137,7.49709639953542,7.60583941605839,998,7.51202404809619
862,136,7.54524361948956,7.55147058823529,998,7.54609218436874
856,141,7.56308411214953,7.60992907801418,997,7.56970912738215
863,136,7.58748551564311,7.69852941176471,999,7.6026026026026
868,130,7.58755760368664,7.83076923076923,998,7.61923847695391
862,136,7.59744779582367,7.73529411764706,998,7.61623246492986
865,134,7.61271676300578,7.7910447761194,999,7.63663663663664
871,126,7.59242250287026,7.84126984126984,997,7.62387161484453
869,129,7.59608745684695,7.86821705426357,998,7.6312625250501
868,130,7.6036866359447,7.86923076923077,998,7.63827655310621
868,130,7.61405529953917,7.86153846153846,998,7.64629258517034
871,128,7.6142365097589,7.84375,999,7.64364364364364
870,128,7.57701149425287,7.734375,998,7.59719438877756
866,133,7.5796766743649,7.75187969924812,999,7.6026026026026
867,132,7.55709342560554,7.77272727272727,999,7.58558558558559
868,131,7.58179723502304,7.70992366412214,999,7.5985985985986
868,131,7.56566820276498,7.77099236641221,999,7.59259259259259
869,130,7.56501726121979,7.75384615384615,999,7.58958958958959
872,126,7.55848623853211,7.77777777777778,998,7.58617234468938
866,133,7.53695150115473,7.80451127819549,999,7.57257257257257
867,132,7.53171856978085,7.89393939393939,999,7.57957957957958
864,135,7.51736111111111,7.8962962962963,999,7.56856856856857
863,136,7.53765932792584,7.86029411764706,999,7.58158158158158
868,131,7.5668202764977,7.82442748091603,999,7.6006006006006
860,138,7.57906976744186,7.82608695652174,998,7.61322645290581
860,138,7.57325581395349,7.89130434782609,998,7.61723446893788
863,136,7.55967555040556,7.86029411764706,999,7.6006006006006
860,138,7.55813953488372,7.8695652173913,998,7.60120240480962
860,139,7.57093023255814,7.9136690647482,999,7.61861861861862
853,145,7.5369284876905,7.84827586206897,998,7.58216432865731
853,145,7.52403282532239,7.86206896551724,998,7.57314629258517
850,148,7.48352941176471,7.9527027027027,998,7.55310621242485
852,147,7.48943661971831,7.95918367346939,999,7.55855855855856
848,151,7.51061320754717,7.91390728476821,999,7.57157157157157
843,156,7.47093712930012,7.88461538461539,999,7.53553553553554
837,162,7.4778972520908,7.91975308641975,999,7.54954954954955
842,157,7.49287410926366,7.89808917197452,999,7.55655655655656
836,162,7.52153110047847,7.87654320987654,998,7.57915831663327
841,157,7.51010701545779,7.89808917197452,998,7.57114228456914
851,148,7.49353701527615,7.89189189189189,999,7.55255255255255
849,150,7.50294464075383,7.89333333333333,999,7.56156156156156
853,145,7.52520515826495,7.93793103448276,998,7.58517034068136
857,141,7.52042007001167,7.97872340425532,998,7.58517034068136
858,141,7.5011655011655,8.0,999,7.57157157157157
859,140,7.46682188591385,7.95714285714286,999,7.53553553553554
854,143,7.45550351288056,7.94405594405594,997,7.52557673019057
851,147,7.46533490011751,7.84353741496599,998,7.52104208416834
855,143,7.45263157894737,7.8041958041958,998,7.50300601202405
854,144,7.43091334894614,8.00694444444444,998,7.51402805611222
854,142,7.4344262295082,8.04929577464789,996,7.52208835341365
859,140,7.43538998835856,8.13571428571429,999,7.53353353353353
854,145,7.38290398126464,8.15172413793104,999,7.49449449449449
855,144,7.41169590643275,8.11111111111111,999,7.51251251251251
854,143,7.41217798594848,8.00699300699301,997,7.4974924774323
852,147,7.44483568075117,7.95238095238095,999,7.51951951951952
849,148,7.43227326266196,7.9527027027027,997,7.50952858575727
848,149,7.41981132075472,7.93288590604027,997,7.49648946840522
852,146,7.42605633802817,8.01369863013699,998,7.51202404809619
848,150,7.44457547169811,8.02,998,7.5310621242485
848,151,7.4186320754717,8.01324503311258,999,7.50850850850851
846,152,7.40189125295508,8.00657894736842,998,7.4939879759519
844,154,7.38862559241706,7.97402597402597,998,7.47895791583166
846,153,7.36761229314421,8.03267973856209,999,7.46946946946947
842,157,7.35035629453682,8.09554140127389,999,7.46746746746747
838,161,7.35680190930788,8.1304347826087,999,7.48148148148148
835,161,7.38083832335329,8.08695652173913,996,7.49497991967872
844,155,7.40402843601896,8.09032258064516,999,7.51051051051051
839,160,7.40047675804529,8.03125,999,7.5015015015015
843,154,7.38908659549229,8.06493506493507,997,7.49348044132397
850,149,7.43529411764706,8.03355704697987,999,7.52452452452452
849,149,7.45229681978799,7.90604026845638,998,7.52004008016032
852,147,7.45422535211268,8.07482993197279,999,7.54554554554555
861,138,7.45876887340302,8.08695652173913,999,7.54554554554555
861,137,7.45876887340302,8.17518248175183,998,7.55711422845691
859,139,7.45401629802095,8.1294964028777,998,7.54809619238477
863,132,7.46002317497103,8.20454545454546,995,7.55879396984925
866,133,7.46651270207852,8.23308270676692,999,7.56856856856857
864,135,7.4837962962963,8.22222222222222,999,7.58358358358358
864,133,7.5,8.21804511278195,997,7.59578736208626
861,138,7.49361207897793,8.22463768115942,999,7.59459459459459
863,135,7.49130938586327,8.12592592592593,998,7.57715430861723
868,131,7.49769585253456,8.09923664122137,999,7.57657657657658
867,131,7.47635524798155,8.06870229007634,998,7.55410821643287
872,126,7.47362385321101,8.02380952380952,998,7.54308617234469
868,130,7.47350230414747,8.07692307692308,998,7.55210420841683
873,126,7.45933562428408,8.12698412698413,999,7.54354354354354
864,135,7.50925925925926,8.13333333333333,999,7.59359359359359
868,131,7.53341013824885,8.16030534351145,999,7.61561561561562
867,132,7.51787773933103,8.17424242424242,999,7.6046046046046
866,132,7.55773672055427,8.21969696969697,998,7.64529058116232
869,130,7.58573072497123,8.23846153846154,999,7.67067067067067
870,129,7.59885057471264,8.18604651162791,999,7.67467467467467
872,127,7.60321100917431,8.19685039370079,999,7.67867867867868
870,128,7.55977011494253,8.1640625,998,7.6372745490982
870,127,7.55632183908046,8.14173228346457,997,7.6308926780341
867,130,7.55940023068051,8.23076923076923,997,7.6469408224674
868,131,7.59562211981567,8.22137404580153,999,7.67767767767768
876,123,7.57990867579909,8.1869918699187,999,7.65465465465465
876,123,7.59360730593607,8.1869918699187,999,7.66666666666667
877,121,7.57126567844926,8.19834710743802,998,7.64729458917836
880,118,7.53409090909091,8.11016949152542,998,7.60220440881764
880,118,7.53522727272727,8.05084745762712,998,7.59619238476954
879,120,7.52673492605233,8.05,999,7.58958958958959
882,116,7.52040816326531,8.03448275862069,998,7.58016032064128
879,118,7.4835039817975,7.88983050847458,997,7.53159478435306
880,119,7.50568181818182,7.88235294117647,999,7.55055055055055
881,117,7.54370034052213,7.81196581196581,998,7.5751503006012
880,119,7.52954545454545,7.78151260504202,999,7.55955955955956
875,124,7.52228571428571,7.76612903225806,999,7.55255255255255
869,128,7.50402761795167,7.7265625,997,7.53259779338014
876,123,7.54908675799087,7.7479674796748,999,7.57357357357357
873,125,7.50515463917526,7.776,998,7.53907815631263
871,127,7.53960964408726,7.89763779527559,998,7.58517034068136
870,127,7.57356321839081,7.88188976377953,997,7.61283851554664
875,124,7.616,7.87096774193548,999,7.64764764764765
880,119,7.65681818181818,7.94957983193277,999,7.69169169169169
882,116,7.67460317460317,7.95689655172414,998,7.70741482965932
874,122,7.67505720823799,8.00819672131148,996,7.71586345381526
877,122,7.65222348916762,8.01639344262295,999,7.6966966966967
880,118,7.65227272727273,8.07627118644068,998,7.70240480961924
877,122,7.63968072976055,8.12295081967213,999,7.6986986986987
876,122,7.60159817351598,8.02459016393443,998,7.65330661322645
872,127,7.60779816513761,7.97637795275591,999,7.65465465465465
871,128,7.61768082663605,7.9375,999,7.65865865865866
867,132,7.61707035755479,7.93939393939394,999,7.65965965965966
862,137,7.61948955916473,7.87591240875912,999,7.65465465465465
865,133,7.67745664739884,7.84962406015038,998,7.70040080160321
861,138,7.69686411149826,7.84782608695652,999,7.71771771771772
867,131,7.66089965397924,7.81679389312977,998,7.6813627254509
864,135,7.66782407407407,7.76296296296296,999,7.68068068068068
864,135,7.68518518518519,7.74814814814815,999,7.69369369369369
867,132,7.66320645905421,7.77272727272727,999,7.67767767767768
864,135,7.69907407407407,7.74074074074074,999,7.7047047047047
860,139,7.70348837209302,7.66187050359712,999,7.6976976976977
858,137,7.73310023310023,7.70802919708029,995,7.72964824120603
855,144,7.74619883040936,7.65972222222222,999,7.73373373373373
864,135,7.7662037037037,7.65185185185185,999,7.75075075075075
861,138,7.76074332171893,7.68115942028986,999,7.74974974974975
866,132,7.79099307159353,7.62121212121212,998,7.7685370741483
864,133,7.74305555555556,7.65413533834586,997,7.73119358074223
864,133,7.74074074074074,7.67669172932331,997,7.73219658976931
864,135,7.68634259259259,7.65925925925926,999,7.68268268268268
863,136,7.65121668597914,7.70588235294118,999,7.65865865865866
867,132,7.60092272202999,7.58333333333333,999,7.5985985985986
862,135,7.60904872389791,7.61481481481481,997,7.6098294884654
867,131,7.63667820069204,7.59541984732824,998,7.6312625250501
860,139,7.60813953488372,7.46762589928058,999,7.58858858858859
866,131,7.58314087759815,7.48854961832061,997,7.57071213640923
868,130,7.60483870967742,7.55384615384615,998,7.59819639278557
866,132,7.59006928406466,7.53030303030303,998,7.58216432865731
870,129,7.58275862068966,7.38759689922481,999,7.55755755755756
867,131,7.5836216839677,7.35114503816794,998,7.55310621242485
872,125,7.57683486238532,7.392,997,7.55366098294885
875,124,7.60914285714286,7.33064516129032,999,7.57457457457457
880,119,7.59204545454545,7.41176470588235,999,7.57057057057057
880,119,7.59431818181818,7.31932773109244,999,7.56156156156156
880,119,7.65,7.34453781512605,999,7.61361361361361
882,116,7.65532879818594,7.4051724137931,998,7.62625250501002
884,115,7.6210407239819,7.4,999,7.5955955955956
883,114,7.64099660249151,7.32456140350877,997,7.60481444332999
881,118,7.62315550510783,7.30508474576271,999,7.58558558558559
884,115,7.60633484162896,7.30434782608696,999,7.57157157157157
887,112,7.58624577226607,7.27678571428571,999,7.55155155155155
888,110,7.54279279279279,7.27272727272727,998,7.51302605210421
885,113,7.58757062146893,7.19469026548673,998,7.54308617234469
885,113,7.62146892655367,7.23893805309735,998,7.57815631262525
892,107,7.61883408071749,7.36448598130841,999,7.59159159159159
890,108,7.60674157303371,7.46296296296296,998,7.59118236472946
886,111,7.58916478555305,7.4954954954955,997,7.57873620862588
887,110,7.59188275084555,7.51818181818182,997,7.58375125376128
886,111,7.6038374717833,7.42342342342342,997,7.58375125376128
886,112,7.57787810383747,7.44642857142857,998,7.56312625250501
883,116,7.60362400906002,7.41379310344828,999,7.58158158158158
882,116,7.59183673469388,7.36206896551724,998,7.56513026052104
882,117,7.62131519274376,7.38461538461539,999,7.59359359359359
879,118,7.58475540386803,7.49152542372881,997,7.57372116349047
881,118,7.58229284903519,7.47457627118644,999,7.56956956956957
881,118,7.60726447219069,7.45762711864407,999,7.58958958958959
876,121,7.61187214611872,7.47933884297521,997,7.59578736208626
881,116,7.59818388195233,7.39655172413793,997,7.57472417251755
883,115,7.60362400906002,7.43478260869565,998,7.58416833667335
880,119,7.61818181818182,7.41176470588235,999,7.59359359359359
875,123,7.632,7.43089430894309,998,7.60721442885772
874,125,7.67276887871854,7.416,999,7.64064064064064
873,125,7.65750286368843,7.536,998,7.64228456913828
871,127,7.67049368541906,7.61417322834646,998,7.66332665330661
877,122,7.65678449258837,7.70491803278689,999,7.66266266266266
875,122,7.64914285714286,7.82786885245902,997,7.67101303911735
875,124,7.66285714285714,7.73387096774194,999,7.67167167167167
877,122,7.64310148232611,7.68032786885246,999,7.64764764764765
870,127,7.63793103448276,7.71653543307087,997,7.64794383149448
870,129,7.60689655172414,7.64341085271318,999,7.61161161161161
870,128,7.60689655172414,7.6328125,998,7.61022044088176
864,134,7.57060185185185,7.57462686567164,998,7.57114228456914
870,128,7.57471264367816,7.5546875,998,7.57214428857715
869,130,7.56156501726122,7.53846153846154,999,7.55855855855856
868,131,7.53801843317972,7.41984732824428,999,7.52252252252252
874,124,7.49656750572082,7.38709677419355,998,7.48296593186373
876,122,7.52853881278539,7.32786885245902,998,7.50400801603206
877,122,7.54732041049031,7.36065573770492,999,7.52452452452452
878,121,7.55125284738041,7.30578512396694,999,7.52152152152152
876,123,7.54223744292237,7.34959349593496,999,7.51851851851852
882,116,7.56689342403628,7.41379310344828,998,7.54909819639279
874,122,7.54805491990847,7.37704918032787,996,7.52710843373494
874,124,7.56064073226545,7.29838709677419,998,7.52805611222445
871,128,7.57290470723307,7.3203125,999,7.54054054054054
873,126,7.5922107674685,7.33333333333333,999,7.55955955955956
870,128,7.57011494252874,7.296875,998,7.53507014028056
874,124,7.56521739130435,7.2741935483871,998,7.52905811623246
874,125,7.558352402746,7.2,999,7.51351351351351
878,120,7.55466970387244,7.24166666666667,998,7.51703406813627
878,121,7.54100227790433,7.26446280991736,999,7.50750750750751
877,122,7.54732041049031,7.34426229508197,999,7.52252252252252
876,122,7.56164383561644,7.28688524590164,998,7.52805611222445
880,119,7.53863636363636,7.41176470588235,999,7.52352352352352
885,114,7.55706214689266,7.2719298245614,999,7.52452452452452
885,113,7.53220338983051,7.24778761061947,998,7.5
882,114,7.52380952380952,7.34210526315789,996,7.50301204819277
879,120,7.55403868031854,7.33333333333333,999,7.52752752752753
883,115,7.50736126840317,7.37391304347826,998,7.49198396793587
889,110,7.50618672665917,7.41818181818182,999,7.4964964964965
888,110,7.46621621621622,7.45454545454545,998,7.46492985971944
883,116,7.49377123442809,7.39655172413793,999,7.48248248248248
881,118,7.50737797956867,7.39830508474576,999,7.49449449449449
878,121,7.53302961275626,7.51239669421488,999,7.53053053053053
870,129,7.49310344827586,7.47286821705426,999,7.49049049049049
865,134,7.52138728323699,7.48507462686567,999,7.51651651651652
857,141,7.52975495915986,7.4822695035461,998,7.52304609218437
856,140,7.53504672897196,7.52142857142857,996,7.53313253012048
862,137,7.53248259860789,7.51824817518248,999,7.53053053053053
861,138,7.56445993031359,7.49275362318841,999,7.55455455455455
865,133,7.57456647398844,7.42857142857143,998,7.55511022044088
868,130,7.59101382488479,7.39230769230769,998,7.56513026052104
863,133,7.59675550405562,7.33834586466165,996,7.56224899598394
865,131,7.60924855491329,7.3587786259542,996,7.57630522088353
862,137,7.55336426914153,7.38686131386861,999,7.53053053053053
865,134,7.56763005780347,7.40298507462687,999,7.54554554554555
861,137,7.54471544715447,7.40875912408759,998,7.52605210420842
864,135,7.53935185185185,7.5037037037037,999,7.53453453453453
863,136,7.52723059096176,7.52941176470588,999,7.52752752752753
866,133,7.55311778290993,7.52631578947368,999,7.54954954954955
870,129,7.58045977011494,7.52713178294574,999,7.57357357357357
865,134,7.55260115606936,7.57462686567164,999,7.55555555555556
863,135,7.5260718424102,7.54074074074074,998,7.52805611222445
866,133,7.52424942263279,7.49624060150376,999,7.52052052052052
876,123,7.53082191780822,7.50406504065041,999,7.52752752752753
874,123,7.54576659038902,7.49593495934959,997,7.53961885656971
877,122,7.59749144811859,7.52459016393443,999,7.58858858858859
879,120,7.59044368600683,7.50833333333333,999,7.58058058058058
876,121,7.59703196347032,7.52892561983471,997,7.58876629889669
883,116,7.59569648924122,7.61206896551724,999,7.5975975975976
885,114,7.5819209039548,7.60526315789474,999,7.58458458458458
892,107,7.60650224215247,7.55140186915888,999,7.6006006006006
895,104,7.66256983240223,7.59615384615385,999,7.65565565565566
901,97,7.63706992230855,7.54639175257732,998,7.62825651302605
901,98,7.62597114317425,7.5,999,7.61361361361361
905,94,7.6353591160221,7.46808510638298,999,7.61961961961962
905,94,7.68397790055249,7.59574468085106,999,7.67567567567568
905,94,7.65966850828729,7.58510638297872,999,7.65265265265265
901,98,7.66370699223085,7.57142857142857,999,7.65465465465465
900,99,7.65777777777778,7.58585858585859,999,7.65065065065065
898,100,7.66146993318486,7.57,998,7.65230460921844
896,103,7.60602678571429,7.55339805825243,999,7.6006006006006
895,104,7.65810055865922,7.56730769230769,999,7.64864864864865
899,100,7.67741935483871,7.62,999,7.67167167167167
895,102,7.6659217877095,7.65686274509804,997,7.66499498495486
892,107,7.6322869955157,7.61682242990654,999,7.63063063063063
891,106,7.62289562289562,7.64150943396226,997,7.62487462387161
887,110,7.61894024802706,7.60909090909091,997,7.61785356068205
885,114,7.61468926553672,7.53508771929825,999,7.60560560560561
884,115,7.60633484162896,7.54782608695652,999,7.5995995995996
878,121,7.59453302961276,7.57851239669422,999,7.59259259259259
886,112,7.59029345372461,7.5,998,7.58016032064128
885,114,7.6,7.49122807017544,999,7.58758758758759
879,120,7.62571103526735,7.51666666666667,999,7.61261261261261
879,120,7.64732650739477,7.45833333333333,999,7.62462462462462
877,122,7.65336374002281,7.4672131147541,999,7.63063063063063
875,124,7.65828571428571,7.40322580645161,999,7.62662662662663
880,118,7.66477272727273,7.44915254237288,998,7.63927855711423
886,113,7.64672686230248,7.49557522123894,999,7.62962962962963
881,116,7.6572077185017,7.45689655172414,997,7.63390170511535
881,117,7.64699205448354,7.47863247863248,998,7.62725450901804
882,116,7.65873015873016,7.49137931034483,998,7.63927855711423
878,120,7.65375854214123,7.49166666666667,998,7.63426853707415
880,119,7.68863636363636,7.46218487394958,999,7.66166166166166
879,120,7.6382252559727,7.49166666666667,999,7.62062062062062
871,128,7.58553386911596,7.4296875,999,7.56556556556557
871,128,7.59357060849598,7.3828125,999,7.56656656656657
878,120,7.59225512528474,7.35833333333333,998,7.56412825651303
877,120,7.65678449258837,7.4,997,7.6258776328987
881,117,7.66174801362089,7.35897435897436,998,7.62625250501002
884,115,7.68665158371041,7.42608695652174,999,7.65665665665666
883,116,7.68289920724802,7.43103448275862,999,7.65365365365365
883,116,7.69875424688562,7.50862068965517,999,7.67667667667668
874,124,7.68077803203661,7.43548387096774,998,7.6503006012024
876,122,7.68150684931507,7.45901639344262,998,7.65430861723447
877,122,7.6636259977195,7.54918032786885,999,7.64964964964965
879,119,7.65870307167236,7.53781512605042,998,7.64428857715431
870,127,7.6816091954023,7.5511811023622,997,7.66499498495486
869,128,7.68239355581128,7.5390625,997,7.66399197592778
869,130,7.65592635212888,7.59230769230769,999,7.64764764764765
863,135,7.65005793742758,7.51851851851852,998,7.63226452905812
872,127,7.64564220183486,7.50393700787402,999,7.62762762762763
868,131,7.66359447004608,7.47328244274809,999,7.63863863863864
864,133,7.63888888888889,7.45864661654135,997,7.6148445336008
862,137,7.65429234338747,7.44525547445255,999,7.62562562562563
857,142,7.65460910151692,7.42957746478873,999,7.62262262262262
853,145,7.64361078546307,7.4,998,7.60821643286573
850,148,7.69764705882353,7.45945945945946,998,7.6623246492986
849,150,7.68433451118964,7.52,999,7.65965965965966
843,156,7.6785290628707,7.58974358974359,999,7.66466466466466
845,154,7.67573964497041,7.49350649350649,999,7.64764764764765
841,157,7.66349583828775,7.56687898089172,998,7.64829659318637
841,158,7.66230677764566,7.65189873417722,999,7.66066066066066
846,150,7.65602836879433,7.66666666666667,996,7.65763052208835
850,148,7.63058823529412,7.62837837837838,998,7.63026052104208
855,143,7.60233918128655,7.62937062937063,998,7.6062124248497
858,141,7.61888111888112,7.68794326241135,999,7.62862862862863
859,138,7.60768335273574,7.71014492753623,997,7.62186559679037
863,135,7.59559675550406,7.77037037037037,998,7.61923847695391
862,137,7.61136890951276,7.8978102189781,999,7.65065065065065
855,144,7.6233918128655,7.95138888888889,999,7.67067067067067
849,149,7.6301531213192,7.93288590604027,998,7.67535070140281
848,150,7.63325471698113,7.92666666666667,998,7.67735470941884
848,148,7.66037735849057,7.92567567567568,996,7.69979919678715
850,149,7.67529411764706,7.91946308724832,999,7.71171171171171
853,146,7.68229777256741,7.96575342465753,999,7.72372372372372
851,146,7.69565217391304,8.02739726027397,997,7.74423269809428
852,145,7.71478873239437,8.08965517241379,997,7.76930792377131
852,146,7.73826291079812,8.02054794520548,998,7.77955911823647
858,141,7.77389277389277,8.0709219858156,999,7.81581581581582
864,135,7.78356481481481,8.07407407407407,999,7.82282282282282
861,136,7.78513356562137,8.01470588235294,997,7.81644934804413
862,137,7.76218097447796,7.98540145985401,999,7.79279279279279
858,140,7.75407925407925,7.95,998,7.7815631262525
854,143,7.77049180327869,7.97202797202797,997,7.79939819458375
854,145,7.77049180327869,7.99310344827586,999,7.8028028028028
853,146,7.76670574443142,8.01369863013699,999,7.8028028028028
857,142,7.77479579929988,7.97887323943662,999,7.8038038038038
860,139,7.78604651162791,7.94244604316547,999,7.80780780780781
865,134,7.77687861271676,7.93283582089552,999,7.7977977977978
867,130,7.75547866205306,7.87692307692308,997,7.77131394182548
871,127,7.72675086107922,7.88976377952756,998,7.74749498997996
874,125,7.71739130434783,7.848,999,7.73373373373373
873,126,7.7262313860252,7.88888888888889,999,7.74674674674675
877,121,7.71949828962372,7.93388429752066,998,7.74549098196393
871,127,7.71297359357061,7.92125984251969,998,7.73947895791583
871,128,7.7256027554535,7.859375,999,7.74274274274274
874,125,7.73798627002288,7.904,999,7.75875875875876
873,126,7.76174112256586,7.84126984126984,999,7.77177177177177
880,119,7.76136363636364,7.82352941176471,999,7.76876876876877
881,115,7.75028376844495,7.83478260869565,996,7.76004016064257
876,123,7.73744292237443,7.89430894308943,999,7.75675675675676
872,125,7.72821100917431,7.928,997,7.75325977933801
871,127,7.73019517795637,7.95275590551181,998,7.75851703406814
877,122,7.6921322690992,7.9344262295082,999,7.72172172172172
878,120,7.71526195899772,7.93333333333333,998,7.74148296593186
874,124,7.73340961098398,8.01612903225806,998,7.7685370741483
878,121,7.71070615034169,8.11570247933884,999,7.75975975975976
873,125,7.73883161512027,8.168,998,7.79258517034068
877,122,7.73888255416192,8.19672131147541,999,7.79479479479479
871,127,7.75774971297359,8.16535433070866,998,7.80961923847695
885,114,7.78531073446328,8.2719298245614,999,7.84084084084084
882,117,7.79931972789116,8.31623931623932,999,7.85985985985986
882,116,7.84353741496599,8.25862068965517,998,7.89178356713427
882,116,7.82312925170068,8.25862068965517,998,7.87374749498998
880,117,7.8375,8.24786324786325,997,7.88565697091274
881,117,7.83654937570942,8.18803418803419,998,7.87775551102204
885,112,7.79435028248588,8.15178571428571,997,7.83450351053159
886,113,7.78893905191874,8.1858407079646,999,7.83383383383383
887,112,7.77903043968433,8.15178571428571,999,7.82082082082082
893,106,7.76707726763718,8.18867924528302,999,7.81181181181181
894,105,7.78187919463087,8.22857142857143,999,7.82882882882883
890,109,7.73820224719101,8.24770642201835,999,7.79379379379379
892,106,7.76233183856502,8.21698113207547,998,7.81062124248497
888,110,7.78603603603604,8.19090909090909,998,7.83066132264529
879,119,7.79067121729238,8.25210084033614,998,7.84569138276553
880,119,7.80227272727273,8.2436974789916,999,7.85485485485485
878,120,7.75170842824601,8.325,998,7.82064128256513
878,119,7.75284738041002,8.35294117647059,997,7.82447342026078
878,120,7.71412300683371,8.36666666666667,998,7.79258517034068
880,118,7.75340909090909,8.33050847457627,998,7.82164328657315
876,122,7.75228310502283,8.40163934426229,998,7.83166332665331
878,118,7.76423690205011,8.41525423728813,996,7.84136546184739
873,125,7.77777777777778,8.368,998,7.85170340681363
872,127,7.78211009174312,8.45669291338583,999,7.86786786786787
868,130,7.73963133640553,8.46153846153846,998,7.83366733466934
869,129,7.74683544303798,8.38759689922481,998,7.82965931863727
874,124,7.72654462242563,8.42741935483871,998,7.81362725450902
872,126,7.72591743119266,8.35714285714286,998,7.80561122244489
870,129,7.73103448275862,8.34883720930233,999,7.81081081081081
872,126,7.71788990825688,8.34126984126984,998,7.79659318637275
872,125,7.69495412844037,8.448,997,7.78936810431294
861,137,7.72706155632985,8.4014598540146,998,7.81963927855711
866,133,7.71478060046189,8.42105263157895,999,7.80880880880881
866,131,7.73094688221709,8.3206106870229,997,7.80842527582748
870,128,7.74252873563218,8.25,998,7.80761523046092
873,126,7.73424971363116,8.26190476190476,999,7.8008008008008
867,131,7.74163783160323,8.22137404580153,998,7.80460921843687
870,129,7.73333333333333,8.17829457364341,999,7.79079079079079
872,126,7.69839449541284,8.20634920634921,998,7.7625250501002
869,129,7.68354430379747,8.23255813953488,998,7.75450901803607
868,131,7.69930875576037,8.2824427480916,999,7.77577577577578
864,133,7.68287037037037,8.22556390977444,997,7.75526579739218
863,136,7.71378910776362,8.27205882352941,999,7.78978978978979
870,129,7.71034482758621,8.27906976744186,999,7.78378378378378
868,131,7.71889400921659,8.23664122137404,999,7.78678678678679
870,129,7.70114942528736,8.16279069767442,999,7.76076076076076
872,127,7.7144495412844,8.23622047244094,999,7.78078078078078
869,129,7.76179516685846,8.26356589147287,998,7.82665330661323
872,127,7.73050458715596,8.25984251968504,999,7.7977977977978
867,131,7.73471741637832,8.23664122137404,998,7.80060120240481
870,128,7.7448275862069,8.1328125,998,7.79458917835671
867,132,7.70472895040369,8.21212121212121,999,7.77177177177177
866,133,7.7066974595843,8.20300751879699,999,7.77277277277277
863,136,7.67323290845886,8.19852941176471,999,7.74474474474474
862,136,7.67285382830626,8.27205882352941,998,7.75450901803607
863,136,7.65469293163384,8.23529411764706,999,7.73373373373373
861,137,7.68873403019744,8.24087591240876,998,7.76452905811623
856,141,7.7161214953271,8.20567375886525,997,7.78535606820461
861,137,7.72357723577236,8.13138686131387,998,7.77955911823647
865,132,7.75260115606936,8.20454545454546,997,7.81243731193581
863,135,7.74044032444959,8.16296296296296,998,7.79759519038076
861,138,7.74099883855981,8.10144927536232,999,7.79079079079079
860,138,7.71627906976744,8.16666666666667,998,7.77855711422846
858,140,7.74941724941725,8.16428571428571,998,7.80761523046092
861,137,7.79907084785134,8.02189781021898,998,7.82965931863727
872,126,7.79357798165138,8.07142857142857,998,7.82865731462926
875,124,7.80571428571429,8.05645161290323,999,7.83683683683684
870,126,7.80574712643678,8.06349206349206,996,7.83835341365462
871,127,7.77267508610792,7.99212598425197,998,7.80060120240481
873,126,7.70790378006873,8.03174603174603,999,7.74874874874875
876,123,7.71917808219178,7.95934959349593,999,7.74874874874875
878,121,7.71526195899772,7.95867768595041,999,7.74474474474474
877,122,7.69099201824401,7.95901639344262,999,7.72372372372372
876,123,7.65639269406393,7.9349593495935,999,7.69069069069069
872,127,7.6651376146789,7.92913385826772,999,7.6986986986987
871,128,7.699196326062,7.875,999,7.72172172172172
866,130,7.69284064665127,7.93076923076923,996,7.72389558232932
869,130,7.66858457997698,8.0,999,7.71171171171171
866,133,7.65704387990762,8.05263157894737,999,7.70970970970971
869,130,7.63406214039125,8.06923076923077,999,7.69069069069069
869,129,7.67548906789413,8.06976744186047,998,7.72645290581162
865,133,7.64971098265896,8.06766917293233,998,7.70541082164329
867,131,7.61937716262976,8.06870229007634,998,7.67835671342685
865,132,7.65895953757225,8.04545454545454,997,7.71013039117352
865,134,7.64971098265896,7.91044776119403,999,7.68468468468468
862,136,7.6508120649652,7.94117647058824,998,7.69038076152305
859,139,7.62281722933644,8.01438848920863,998,7.67735470941884
864,135,7.59953703703704,8.02222222222222,999,7.65665665665666
854,144,7.65456674473068,8.0,998,7.70440881763527
848,151,7.62971698113208,7.98013245033113,999,7.68268268268268
850,148,7.64705882352941,8.00675675675676,998,7.70040080160321
852,147,7.65962441314554,7.97278911564626,999,7.70570570570571
845,153,7.6603550295858,8.0,998,7.7124248496994
842,152,7.6686460807601,8.00657894736842,994,7.72032193158954
841,157,7.65279429250892,8.04458598726115,998,7.71442885771543
841,158,7.67300832342449,7.9873417721519,999,7.72272272272272
844,154,7.64336492890995,8.01298701298701,998,7.70040080160321
839,159,7.64243146603099,8.07547169811321,998,7.71142284569138
841,158,7.68252080856124,8.0253164556962,999,7.73673673673674
834,165,7.70743405275779,7.97575757575758,999,7.75175175175175
837,162,7.69772998805257,7.94444444444444,999,7.73773773773774
842,156,7.71140142517815,7.91666666666667,998,7.7434869739479
844,154,7.71563981042654,7.93506493506494,998,7.74949899799599
836,162,7.73564593301435,7.91358024691358,998,7.76452905811623
828,171,7.69927536231884,7.94736842105263,999,7.74174174174174
834,162,7.73621103117506,7.95061728395062,996,7.7710843373494
834,165,7.74220623501199,7.95151515151515,999,7.77677677677678
825,172,7.76606060606061,7.92441860465116,997,7.79338014042126
835,164,7.75688622754491,7.88414634146341,999,7.77777777777778
843,156,7.77461447212337,7.88461538461539,999,7.79179179179179
842,156,7.78028503562945,7.88461538461539,998,7.79659318637275
841,156,7.78953626634958,7.8525641025641,997,7.79939819458375
839,160,7.79976162097735,7.86875,999,7.81081081081081
841,157,7.79548156956005,7.85987261146497,998,7.80561122244489
842,156,7.80285035629454,7.82051282051282,998,7.80561122244489
844,155,7.81635071090047,7.78709677419355,999,7.81181181181181
847,151,7.84061393152302,7.8476821192053,998,7.84168336673347
852,145,7.81338028169014,7.89655172413793,997,7.82547642928786
857,142,7.8144690781797,7.86619718309859,999,7.82182182182182
852,145,7.79577464788732,7.84137931034483,997,7.802407221665
850,149,7.76941176470588,7.84563758389262,999,7.78078078078078
848,151,7.77004716981132,7.90728476821192,999,7.79079079079079
849,149,7.73498233215548,7.9261744966443,998,7.76352705410822
845,153,7.72189349112426,7.92156862745098,998,7.75250501002004
846,152,7.68794326241135,7.92763157894737,998,7.72444889779559
851,147,7.67215041128085,7.97278911564626,998,7.71643286573146
851,147,7.70035252643948,8.00680272108844,998,7.74549098196393
855,144,7.71228070175439,7.91666666666667,999,7.74174174174174
851,147,7.7262044653349,7.87755102040816,998,7.74849699398798
853,146,7.72801875732708,7.86301369863014,999,7.74774774774775
854,145,7.74121779859485,7.88275862068966,999,7.76176176176176
852,147,7.74413145539906,7.90476190476191,999,7.76776776776777
857,141,7.77362893815636,7.86524822695035,998,7.78657314629258
855,144,7.78830409356725,7.88194444444444,999,7.8018018018018
867,132,7.80968858131488,8.03787878787879,999,7.83983983983984
855,142,7.79766081871345,8.09859154929577,997,7.84052156469408
854,145,7.79859484777518,8.17931034482759,999,7.85385385385385
859,140,7.80558789289872,8.17857142857143,999,7.85785785785786
860,138,7.8093023255814,8.18840579710145,998,7.86172344689379
859,140,7.80558789289872,8.15,999,7.85385385385385
864,135,7.77083333333333,8.12592592592593,999,7.81881881881882
857,141,7.74679113185531,8.21276595744681,998,7.812625250501
861,138,7.76538908246225,8.15942028985507,999,7.81981981981982
855,144,7.72865497076023,8.1875,999,7.79479479479479
856,143,7.73481308411215,8.13986013986014,999,7.79279279279279
864,134,7.77662037037037,8.05223880597015,998,7.81362725450902
863,135,7.74739281575898,8.11111111111111,998,7.79659318637275
862,137,7.76102088167053,8.08759124087591,999,7.80580580580581
866,131,7.77367205542725,8.05343511450382,997,7.81043129388164
866,133,7.77367205542725,8.00751879699248,999,7.8048048048048
868,131,7.76958525345622,7.96946564885496,999,7.7957957957958
872,127,7.73853211009174,8.03149606299213,999,7.77577577577578
875,123,7.73485714285714,7.9349593495935,998,7.75951903807615
869,129,7.73647871116226,7.96899224806202,998,7.76653306613226
872,125,7.70412844036697,8.032,997,7.74523570712136
877,122,7.69099201824401,8.0655737704918,999,7.73673673673674
871,126,7.699196326062,7.98412698412698,997,7.73520561685055
873,125,7.66552119129439,8.0,998,7.70741482965932
868,130,7.66129032258065,8.02307692307692,998,7.70841683366733
866,130,7.65357967667437,8.1,996,7.71184738955823
874,125,7.61784897025172,8.064,999,7.67367367367367
868,130,7.66013824884793,8.04615384615385,998,7.71042084168337
864,134,7.64699074074074,8.04477611940299,998,7.70040080160321
865,133,7.67745664739884,7.99248120300752,998,7.71943887775551
869,130,7.65592635212888,8.06153846153846,999,7.70870870870871
865,131,7.66127167630058,8.0,996,7.70582329317269
866,132,7.63625866050808,8.01515151515152,998,7.68637274549098
865,134,7.63815028901734,8.05223880597015,999,7.69369369369369
866,133,7.65011547344111,8.0,999,7.6966966966967
871,126,7.66704936854191,7.88095238095238,997,7.69408224674022
874,125,7.68764302059497,7.928,999,7.71771771771772
871,128,7.69115958668197,7.9921875,999,7.72972972972973
867,132,7.68166089965398,8.03787878787879,999,7.72872872872873
866,132,7.71362586605081,7.95454545454545,998,7.74549098196393
861,135,7.73519163763066,7.91851851851852,996,7.76004016064257
861,137,7.71544715447155,7.97810218978102,998,7.75150300601202
857,140,7.69544924154026,7.91428571428571,997,7.72617853560682
860,139,7.69767441860465,7.85611510791367,999,7.71971971971972
858,141,7.7027972027972,7.95035460992908,999,7.73773773773774
863,136,7.70567786790266,7.94852941176471,999,7.73873873873874
863,136,7.69640787949015,7.92647058823529,999,7.72772772772773
854,143,7.6615925058548,7.83916083916084,997,7.68706118355065
863,136,7.64889918887601,7.86029411764706,999,7.67767767767768
864,135,7.64351851851852,7.73333333333333,999,7.65565565565566
863,136,7.67323290845886,7.75735294117647,999,7.68468468468468
868,131,7.63364055299539,7.69465648854962,999,7.64164164164164
866,132,7.59584295612009,7.70454545454545,998,7.61022044088176
864,134,7.60763888888889,7.67910447761194,998,7.61723446893788
862,137,7.63457076566125,7.56204379562044,999,7.62462462462462
859,139,7.60651920838184,7.49640287769784,998,7.59118236472946
857,142,7.6242707117853,7.59154929577465,999,7.61961961961962
854,144,7.67096018735363,7.5625,998,7.65531062124249
863,136,7.66743916570104,7.60294117647059,999,7.65865865865866
868,129,7.67165898617511,7.45736434108527,997,7.64393179538616
871,126,7.65327210103329,7.5,997,7.63390170511535
867,132,7.67820069204152,7.5,999,7.65465465465465
875,124,7.64342857142857,7.4758064516129,999,7.62262262262262
872,126,7.63073394495413,7.45238095238095,998,7.60821643286573
876,123,7.62785388127854,7.46341463414634,999,7.60760760760761
874,125,7.60640732265446,7.368,999,7.57657657657658
878,121,7.62072892938497,7.50413223140496,999,7.60660660660661
874,125,7.59725400457666,7.544,999,7.59059059059059
880,119,7.59545454545455,7.56302521008403,999,7.59159159159159
888,111,7.57882882882883,7.54054054054054,999,7.57457457457457
888,110,7.61486486486486,7.67272727272727,998,7.62124248496994
884,113,7.6210407239819,7.71681415929203,997,7.63189568706118
885,114,7.61242937853107,7.66666666666667,999,7.61861861861862
886,112,7.63205417607224,7.71428571428571,998,7.64128256513026
893,106,7.64277715565509,7.77358490566038,999,7.65665665665666
895,104,7.6413407821229,7.77884615384615,999,7.65565565565566
890,108,7.63258426966292,7.75925925925926,998,7.64629258517034
892,106,7.64910313901345,7.83018867924528,998,7.66833667334669
898,101,7.64922048997773,7.83168316831683,999,7.66766766766767
889,109,7.6636670416198,7.81651376146789,998,7.68036072144289
891,107,7.67227833894501,7.81308411214953,998,7.687374749499
895,103,7.64692737430168,7.85436893203883,998,7.66833667334669
891,106,7.68013468013468,7.83962264150943,997,7.69709127382146
895,104,7.64916201117318,7.88461538461539,999,7.67367367367367
896,102,7.63169642857143,7.82352941176471,998,7.65130260521042
898,99,7.58463251670379,7.77777777777778,997,7.60381143430291
898,101,7.56570155902004,7.83168316831683,999,7.59259259259259
902,96,7.54767184035477,7.89583333333333,998,7.5811623246493
903,93,7.562569213732,7.83870967741935,996,7.58835341365462
905,93,7.55469613259669,7.89247311827957,998,7.58617234468938
904,95,7.56194690265487,7.82105263157895,999,7.58658658658659
906,92,7.53973509933775,7.92391304347826,998,7.5751503006012
909,90,7.53245324532453,7.97777777777778,999,7.57257257257257
909,90,7.52695269526953,7.96666666666667,999,7.56656656656657
905,93,7.55801104972376,7.90322580645161,998,7.59018036072144
899,98,7.54060066740823,7.96938775510204,997,7.5827482447342
897,102,7.55518394648829,7.90196078431373,999,7.59059059059059
897,100,7.54515050167224,7.94,997,7.58475426278837
895,104,7.55307262569832,7.94230769230769,999,7.59359359359359
897,101,7.54626532887402,7.85148514851485,998,7.57715430861723
894,105,7.53131991051454,7.82857142857143,999,7.56256256256256
892,106,7.52242152466368,7.84905660377358,998,7.55711422845691
895,104,7.48491620111732,7.82692307692308,999,7.52052052052052
897,101,7.50947603121516,7.72277227722772,998,7.5310621242485
898,101,7.51002227171492,7.74257425742574,999,7.53353353353353
894,105,7.51901565995526,7.7047619047619,999,7.53853853853854
892,105,7.49775784753363,7.76190476190476,997,7.52557673019057
889,108,7.45669291338583,7.75925925925926,997,7.48946840521565
888,111,7.44932432432432,7.72972972972973,999,7.48048048048048
879,119,7.44596131968146,7.70588235294118,998,7.47695390781563
879,118,7.4254835039818,7.69491525423729,997,7.45737211634905
880,118,7.41363636363636,7.61864406779661,998,7.43787575150301
877,121,7.4036488027366,7.60330578512397,998,7.42785571142285
873,126,7.41809851088202,7.56349206349206,999,7.43643643643644
879,120,7.43344709897611,7.60833333333333,999,7.45445445445445
872,127,7.45642201834862,7.5511811023622,999,7.46846846846847
873,126,7.47766323024055,7.5,999,7.48048048048048
876,123,7.46689497716895,7.42276422764228,999,7.46146146146146
878,121,7.45444191343964,7.37190082644628,999,7.44444444444444
884,115,7.42533936651584,7.3304347826087,999,7.41441441441441
884,115,7.42194570135747,7.27826086956522,999,7.40540540540541
885,114,7.4180790960452,7.2719298245614,999,7.4014014014014
888,111,7.4222972972973,7.25225225225225,999,7.4034034034034
883,114,7.45979614949037,7.23684210526316,997,7.43430290872618
890,109,7.47977528089888,7.29357798165138,999,7.45945945945946
891,108,7.47699214365881,7.2962962962963,999,7.45745745745746
893,105,7.47704367301232,7.42857142857143,998,7.47194388777555
900,97,7.47444444444444,7.4020618556701,997,7.46740220661986
903,94,7.48172757475083,7.41489361702128,997,7.47542627883651
907,91,7.49062844542448,7.36263736263736,998,7.47895791583166
906,91,7.51766004415011,7.3956043956044,997,7.50651955867603
910,89,7.52747252747253,7.47191011235955,999,7.52252252252252
911,87,7.53018660812294,7.45977011494253,998,7.52404809619238
916,81,7.55458515283843,7.4320987654321,997,7.54463390170512
914,83,7.59080962800875,7.48192771084337,997,7.58174523570712
918,81,7.62636165577342,7.28395061728395,999,7.5985985985986
918,79,7.60566448801743,7.29113924050633,997,7.58074222668004
916,82,7.55676855895196,7.32926829268293,998,7.53807615230461
915,84,7.52131147540984,7.26190476190476,999,7.4994994994995
915,84,7.51803278688525,7.33333333333333,999,7.5025025025025
915,83,7.53661202185792,7.32530120481928,998,7.51903807615231
912,86,7.54276315789474,7.43023255813953,998,7.53306613226453
913,84,7.51150054764513,7.52380952380952,997,7.51253761283852
912,84,7.47916666666667,7.51190476190476,996,7.48192771084337
911,87,7.50274423710209,7.48275862068965,998,7.50100200400802
913,85,7.55312157721796,7.44705882352941,998,7.54408817635271
910,88,7.54945054945055,7.52272727272727,998,7.54709418837675
910,89,7.55934065934066,7.61797752808989,999,7.56456456456456
916,83,7.54257641921397,7.53012048192771,999,7.54154154154154
915,83,7.52349726775956,7.59036144578313,998,7.52905811623246
917,80,7.52235550708833,7.5,997,7.52056168505517
918,79,7.52614379084967,7.53164556962025,997,7.52657973921765
922,77,7.50976138828633,7.64935064935065,999,7.52052052052052
918,81,7.51089324618736,7.58024691358025,999,7.51651651651652
916,83,7.49672489082969,7.57831325301205,999,7.5035035035035
915,84,7.49398907103825,7.53571428571429,999,7.4974974974975
918,81,7.49019607843137,7.5679012345679,999,7.4964964964965
921,77,7.49402823018458,7.55844155844156,998,7.49899799599198
928,71,7.50754310344828,7.49295774647887,999,7.50650650650651
923,76,7.53521126760563,7.44736842105263,999,7.52852852852853
922,76,7.529284164859,7.39473684210526,998,7.51903807615231
923,75,7.55254604550379,7.44,998,7.54408817635271
923,75,7.54604550379198,7.52,998,7.54408817635271
922,76,7.58026030368764,7.55263157894737,998,7.57815631262525
925,74,7.56324324324324,7.47297297297297,999,7.55655655655656
921,78,7.60586319218241,7.51282051282051,999,7.5985985985986
917,80,7.62922573609597,7.55,997,7.62286860581745
917,82,7.65866957470011,7.57317073170732,999,7.65165165165165
914,85,7.65864332603939,7.55294117647059,999,7.64964964964965
912,87,7.66337719298246,7.5632183908046,999,7.65465465465465
911,88,7.66520307354555,7.48863636363636,999,7.64964964964965
914,84,7.64770240700219,7.54761904761905,998,7.63927855711423
915,84,7.65901639344262,7.53571428571429,999,7.64864864864865
913,85,7.6407447973713,7.54117647058824,998,7.63226452905812
912,86,7.69736842105263,7.63953488372093,998,7.69238476953908
909,90,7.68096809680968,7.58888888888889,999,7.67267267267267
906,93,7.68984547461369,7.59139784946237,999,7.68068068068068
908,90,7.68722466960352,7.56666666666667,998,7.67635270541082
909,90,7.67766776677668,7.7,999,7.67967967967968
907,92,7.69349503858875,7.76086956521739,999,7.6996996996997
905,93,7.72044198895028,7.73118279569892,998,7.72144288577154
904,94,7.69800884955752,7.73404255319149,998,7.70140280561122
903,96,7.66777408637874,7.83333333333333,999,7.68368368368368
893,103,7.6528555431131,7.70873786407767,996,7.65863453815261
893,105,7.63045912653975,7.8,998,7.64829659318637
900,99,7.59444444444444,7.85858585858586,999,7.62062062062062
890,108,7.60898876404494,7.87962962962963,998,7.63827655310621
894,105,7.6510067114094,7.94285714285714,999,7.68168168168168
892,107,7.6457399103139,7.8785046728972,999,7.67067067067067
883,116,7.63759909399773,7.94827586206897,999,7.67367367367367
887,111,7.62006764374295,7.94594594594595,998,7.6563126252505
888,110,7.64414414414414,7.96363636363636,998,7.67935871743487
881,116,7.64472190692395,7.88793103448276,997,7.67301905717151
883,112,7.65571913929785,7.8125,995,7.67336683417085
880,116,7.66477272727273,7.83620689655172,996,7.68473895582329
880,119,7.63409090909091,7.89075630252101,999,7.66466466466466
879,118,7.63936291240045,7.83050847457627,997,7.66198595787362
880,119,7.6625,7.83193277310924,999,7.68268268268268
872,123,7.62385321100917,7.78048780487805,995,7.64321608040201
881,117,7.57321225879682,7.77777777777778,998,7.59719438877756
868,130,7.56221198156682,7.80769230769231,998,7.59418837675351
874,125,7.54576659038902,7.824,999,7.58058058058058
873,126,7.54524627720504,7.80952380952381,999,7.57857857857858
866,133,7.53464203233256,7.81954887218045,999,7.57257257257257
862,137,7.54872389791183,7.78102189781022,999,7.58058058058058
862,137,7.54524361948956,7.75182481751825,999,7.57357357357357
866,132,7.53579676674365,7.75,998,7.56412825651303
867,132,7.54325259515571,7.72727272727273,999,7.56756756756757
872,127,7.51720183486239,7.74015748031496,999,7.54554554554555
868,130,7.52304147465438,7.76153846153846,998,7.55410821643287
870,129,7.5448275862069,7.83720930232558,999,7.58258258258258
863,135,7.56894553881808,7.82222222222222,998,7.60320641282565
862,136,7.54408352668213,7.80147058823529,998,7.57915831663327
860,138,7.56279069767442,7.81159420289855,998,7.59719438877756
861,136,7.60278745644599,7.83823529411765,997,7.63490471414243
863,136,7.59907300115875,7.86764705882353,999,7.63563563563564
857,140,7.62777129521587,7.84285714285714,997,7.6579739217653
862,136,7.61136890951276,7.81617647058824,998,7.63927855711423
861,137,7.60394889663182,7.83211678832117,998,7.63527054108216
859,139,7.61001164144354,7.84892086330935,998,7.64328657314629
852,147,7.60798122065728,7.83673469387755,999,7.64164164164164
850,146,7.59529411764706,7.88356164383562,996,7.63755020080321
854,145,7.54566744730679,7.89655172413793,999,7.5965965965966
857,140,7.52042007001167,7.90714285714286,997,7.57472417251755
853,145,7.50762016412661,7.9448275862069,998,7.57114228456914
849,150,7.51236749116608,7.92,999,7.57357357357357
849,150,7.52532391048292,7.87333333333333,999,7.57757757757758
845,154,7.55266272189349,7.87662337662338,999,7.6026026026026
850,148,7.56,7.86486486486486,998,7.60521042084168
848,151,7.56014150943396,7.89403973509934,999,7.61061061061061
843,156,7.56820877817319,7.8974358974359,999,7.61961961961962
844,155,7.55450236966825,7.89032258064516,999,7.60660660660661
841,157,7.58620689655172,7.88535031847134,998,7.63326653306613
842,157,7.59857482185273,7.9171974522293,999,7.64864864864865
838,161,7.55608591885442,7.91304347826087,999,7.61361361361361
833,166,7.54621848739496,7.97590361445783,999,7.61761761761762
830,169,7.59036144578313,7.9112426035503,999,7.64464464464464
822,177,7.55596107055961,7.88700564971751,999,7.61461461461461
830,169,7.58433734939759,7.92899408284024,999,7.64264264264264
828,171,7.60144927536232,7.8187134502924,999,7.63863863863864
829,170,7.58624849215923,7.90588235294118,999,7.64064064064064
842,157,7.57482185273159,7.93630573248408,999,7.63163163163163
838,161,7.53699284009547,7.87577639751553,999,7.59159159159159
831,168,7.57521058965102,7.83928571428571,999,7.61961961961962
832,165,7.546875,7.86060606060606,997,7.5987963891675
832,165,7.56971153846154,7.87272727272727,997,7.61985957873621
836,163,7.60406698564593,7.87116564417178,999,7.64764764764765
826,172,7.59322033898305,7.87209302325581,998,7.64128256513026
826,172,7.6089588377724,7.86627906976744,998,7.65330661322645
826,173,7.60653753026634,7.79768786127168,999,7.63963963963964
827,171,7.62756952841596,7.88888888888889,998,7.67234468937876
832,167,7.64423076923077,7.8622754491018,999,7.68068068068068
837,161,7.61768219832736,7.80124223602484,998,7.64729458917836
842,156,7.60688836104513,7.86538461538461,998,7.64729458917836
844,154,7.62322274881517,7.84415584415584,998,7.65731462925852
848,150,7.59080188679245,7.78,998,7.61923847695391
852,147,7.59976525821596,7.81632653061224,999,7.63163163163163
853,144,7.61781946072685,7.88194444444444,997,7.65596790371113
861,136,7.62253193960511,7.91911764705882,997,7.6629889669007
862,137,7.63805104408353,7.8029197080292,999,7.66066066066066
