forward_num,reverse_num,forward_rate,reverse_rate,organism_num,organism_rate
500,500,5.5,5.5,1000,5.5
496,496,5.49596774193548,5.47983870967742,992,5.48790322580645
495,493,5.5030303030303,5.47870182555781,988,5.49089068825911
537,461,5.37988826815642,5.52494577006508,998,5.44689378757515
573,424,5.24083769633508,5.53066037735849,997,5.36409227683049
606,393,5.12046204620462,5.55725190839695,999,5.29229229229229
630,368,4.97777777777778,5.59239130434783,998,5.20440881763527
629,370,4.97297297297297,5.42702702702703,999,5.14114114114114
644,354,5.03726708074534,5.4180790960452,998,5.17234468937876
652,346,5.05828220858896,5.41329479768786,998,5.1813627254509
628,371,4.97292993630573,5.34231805929919,999,5.11011011011011
653,346,4.86064318529862,5.39017341040462,999,5.04404404404404
647,351,4.80216383307573,5.26495726495726,998,4.96492985971944
630,368,4.77460317460317,5.1929347826087,998,4.92885771543086
616,383,4.81980519480519,5.12793733681462,999,4.93793793793794
603,396,4.82587064676617,5.06313131313131,999,4.91991991991992
599,399,4.80133555926544,5.03258145363409,998,4.8937875751503
614,385,4.80456026058632,5.03636363636364,999,4.89389389389389
627,372,4.7719298245614,4.98924731182796,999,4.85285285285285
613,385,4.76019575856444,4.96883116883117,998,4.84068136272545
619,379,4.75121163166397,4.9868073878628,998,4.84068136272545
641,356,4.61154446177847,5.03932584269663,997,4.76429287863591
647,350,4.5919629057187,5.02857142857143,997,4.74523570712136
636,363,4.60691823899371,5.00550964187328,999,4.75175175175175
649,350,4.54083204930663,4.95142857142857,999,4.68468468468468
653,345,4.53292496171516,4.97391304347826,998,4.68537074148297
642,357,4.47819314641745,4.93557422969188,999,4.64164164164164
643,356,4.46500777604977,5.0,999,4.65565565565566
641,357,4.42433697347894,4.91596638655462,998,4.6002004008016
645,354,4.47751937984496,4.83050847457627,999,4.6026026026026
655,343,4.42748091603053,4.72886297376093,998,4.5310621242485
643,356,4.39813374805599,4.71629213483146,999,4.51151151151151
640,356,4.4703125,4.69101123595506,996,4.54919678714859
653,345,4.46707503828484,4.65217391304348,998,4.5310621242485
657,342,4.48401826484018,4.67251461988304,999,4.54854854854855
657,341,4.53576864535769,4.73313782991202,998,4.60320641282565
656,342,4.47713414634146,4.66374269005848,998,4.54108216432866
660,339,4.60909090909091,4.6283185840708,999,4.61561561561562
662,336,4.55438066465257,4.56845238095238,998,4.55911823647295
676,322,4.57988165680473,4.65527950310559,998,4.60420841683367
668,329,4.5374251497006,4.66565349544073,997,4.57973921765296
673,326,4.5334323922734,4.5920245398773,999,4.55255255255255
676,322,4.59023668639053,4.49689440993789,998,4.56012024048096
663,336,4.58220211161388,4.51488095238095,999,4.55955955955956
647,352,4.5177743431221,4.46590909090909,999,4.4994994994995
660,338,4.49090909090909,4.47633136094675,998,4.48597194388778
645,352,4.49302325581395,4.51988636363636,997,4.5025075225677
644,355,4.55745341614907,4.47323943661972,999,4.52752752752753
647,352,4.46831530139104,4.48579545454545,999,4.47447447447447
655,344,4.44274809160305,4.52325581395349,999,4.47047047047047
660,338,4.48787878787879,4.54437869822485,998,4.50701402805611
650,349,4.54153846153846,4.5730659025788,999,4.55255255255255
655,344,4.52213740458015,4.55523255813953,999,4.53353353353353
662,335,4.5785498489426,4.59701492537313,997,4.58475426278837
669,330,4.4932735426009,4.6,999,4.52852852852853
663,335,4.48567119155354,4.54626865671642,998,4.5060120240481
664,334,4.50903614457831,4.52994011976048,998,4.51603206412826
669,328,4.50373692077728,4.56707317073171,997,4.52457372116349
688,311,4.48837209302326,4.63987138263666,999,4.53553553553554
690,308,4.46666666666667,4.63311688311688,998,4.51803607214429
687,312,4.53275109170306,4.66987179487179,999,4.57557557557558
676,323,4.49260355029586,4.61919504643963,999,4.53353353353353
675,323,4.48888888888889,4.68421052631579,998,4.55210420841683
677,322,4.51550960118168,4.70807453416149,999,4.57757757757758
687,311,4.41630276564774,4.69131832797428,998,4.50200400801603
685,313,4.43357664233577,4.76357827476038,998,4.53707414829659
678,318,4.45870206489676,4.76415094339623,996,4.55622489959839
694,305,4.55619596541787,4.90491803278689,999,4.66266266266266
690,308,4.48115942028986,4.9025974025974,998,4.61122244488978
688,311,4.46656976744186,4.80385852090032,999,4.57157157157157
691,308,4.48914616497829,4.71753246753247,999,4.55955955955956
686,312,4.56997084548105,4.67307692307692,998,4.60220440881764
678,321,4.64011799410029,4.6417445482866,999,4.64064064064064
673,325,4.65824665676077,4.66769230769231,998,4.66132264529058
670,327,4.60149253731343,4.6085626911315,997,4.60381143430291
687,311,4.63173216885007,4.78778135048232,998,4.68036072144289
686,312,4.65597667638484,4.84294871794872,998,4.71442885771543
690,309,4.62898550724638,4.84789644012945,999,4.6966966966967
690,309,4.63768115942029,4.88673139158576,999,4.71471471471471
691,308,4.63241678726483,4.87337662337662,999,4.70670670670671
694,304,4.62968299711816,4.73684210526316,998,4.6623246492986
694,304,4.59654178674352,4.60197368421053,998,4.59819639278557
691,306,4.59913169319826,4.54248366013072,997,4.58174523570712
687,312,4.56768558951965,4.58653846153846,999,4.57357357357357
689,310,4.48911465892598,4.51935483870968,999,4.4984984984985
692,307,4.47976878612717,4.51791530944625,999,4.49149149149149
696,303,4.5316091954023,4.57095709570957,999,4.54354354354354
694,303,4.51873198847262,4.59405940594059,997,4.54162487462387
694,304,4.51873198847262,4.63486842105263,998,4.55410821643287
692,307,4.49277456647399,4.61237785016287,999,4.52952952952953
696,303,4.47844827586207,4.56435643564356,999,4.5045045045045
701,297,4.52781740370899,4.62289562289562,998,4.5561122244489
695,304,4.51510791366906,4.59868421052632,999,4.54054054054054
702,297,4.51994301994302,4.57239057239057,999,4.53553553553554
700,299,4.53,4.52842809364549,999,4.52952952952953
700,299,4.53,4.51170568561873,999,4.52452452452452
689,309,4.46734397677794,4.58899676375405,998,4.50501002004008
693,306,4.51803751803752,4.62745098039216,999,4.55155155155155
699,300,4.49070100143062,4.62666666666667,999,4.53153153153153
694,305,4.56484149855908,4.60327868852459,999,4.57657657657658
697,302,4.55236728837877,4.56622516556291,999,4.55655655655656
704,294,4.58806818181818,4.56802721088435,998,4.58216432865731
703,295,4.56330014224751,4.57966101694915,998,4.56813627254509
698,300,4.5730659025788,4.61333333333333,998,4.58517034068136
701,296,4.54778887303852,4.63513513513514,997,4.57372116349047
698,299,4.47707736389685,4.49163879598662,997,4.481444332999
703,296,4.45234708392603,4.45945945945946,999,4.45445445445445
700,298,4.47428571428571,4.50335570469799,998,4.48296593186373
702,297,4.54985754985755,4.41750841750842,999,4.51051051051051
701,296,4.54493580599144,4.38513513513514,997,4.4974924774323
708,290,4.54519774011299,4.31034482758621,998,4.47695390781563
715,284,4.56923076923077,4.32746478873239,999,4.5005005005005
725,273,4.57931034482759,4.24542124542125,998,4.48797595190381
730,269,4.61369863013699,4.34200743494424,999,4.54054054054054
731,266,4.66894664842681,4.37218045112782,997,4.58976930792377
741,257,4.62618083670715,4.39688715953307,998,4.56713426853707
742,256,4.62803234501348,4.453125,998,4.58316633266533
741,258,4.57894736842105,4.36046511627907,999,4.52252252252252
741,257,4.53711201079622,4.36186770428016,998,4.49198396793587
743,253,4.58681022880215,4.3596837944664,996,4.52911646586345
747,252,4.60642570281125,4.34126984126984,999,4.53953953953954
746,253,4.59249329758713,4.41106719367589,999,4.54654654654655
757,242,4.60898282694848,4.57438016528926,999,4.6006006006006
763,235,4.5478374836173,4.56170212765957,998,4.55110220440882
759,239,4.4901185770751,4.48535564853557,998,4.48897795591182
761,236,4.42838370565046,4.46186440677966,997,4.43630892678034
770,226,4.3961038961039,4.48230088495575,996,4.41566265060241
772,227,4.41062176165803,4.51982378854626,999,4.43543543543544
769,228,4.39011703511053,4.54824561403509,997,4.42627883650953
774,225,4.3733850129199,4.65333333333333,999,4.43643643643644
778,221,4.38174807197943,4.65610859728507,999,4.44244244244244
772,227,4.37564766839378,4.62995594713656,999,4.43343343343343
759,239,4.36363636363636,4.77824267782427,998,4.46292585170341
758,237,4.4353562005277,4.81012658227848,995,4.52462311557789
755,243,4.45165562913907,4.7037037037037,998,4.51302605210421
763,236,4.48361730013106,4.6271186440678,999,4.51751751751752
756,240,4.53703703703704,4.62083333333333,996,4.55722891566265
760,237,4.56973684210526,4.66244725738397,997,4.59177532597793
767,232,4.61408083441982,4.56034482758621,999,4.6016016016016
766,231,4.55221932114882,4.55411255411255,997,4.55265797392177
771,228,4.61089494163424,4.51315789473684,999,4.58858858858859
772,227,4.5699481865285,4.60352422907489,999,4.57757757757758
767,232,4.54367666232073,4.61206896551724,999,4.55955955955956
772,226,4.48316062176166,4.58849557522124,998,4.50701402805611
777,220,4.46718146718147,4.56363636363636,997,4.48846539618857
771,228,4.40337224383917,4.61842105263158,999,4.45245245245245
770,227,4.35714285714286,4.66519823788546,997,4.42728184553661
780,219,4.37564102564103,4.65296803652968,999,4.43643643643644
776,222,4.37886597938144,4.74324324324324,998,4.45991983967936
776,223,4.43298969072165,4.75336322869955,999,4.5045045045045
779,220,4.40949935815148,4.79545454545455,999,4.49449449449449
779,219,4.43260590500642,4.84474885844749,998,4.52304609218437
778,221,4.44344473007712,4.81900452488688,999,4.52652652652653
777,222,4.41827541827542,4.77027027027027,999,4.4964964964965
779,220,4.46213093709884,4.76363636363636,999,4.52852852852853
779,220,4.46469833119384,4.66818181818182,999,4.50950950950951
780,218,4.51794871794872,4.65137614678899,998,4.54709418837675
781,215,4.50960307298335,4.76279069767442,996,4.56425702811245
780,218,4.52435897435897,4.55045871559633,998,4.53006012024048
784,214,4.47704081632653,4.58878504672897,998,4.50100200400802
781,217,4.41869398207426,4.5668202764977,998,4.45090180360721
785,214,4.40127388535032,4.55607476635514,999,4.43443443443443
788,210,4.40228426395939,4.42857142857143,998,4.40781563126253
792,206,4.41035353535354,4.35436893203883,998,4.39879759519038
794,205,4.44584382871537,4.31219512195122,999,4.41841841841842
790,208,4.45696202531646,4.19230769230769,998,4.40180360721443
785,214,4.54267515923567,4.14018691588785,999,4.45645645645646
788,211,4.49365482233503,4.24644549763033,999,4.44144144144144
796,203,4.48241206030151,4.17241379310345,999,4.41941941941942
799,199,4.51314142678348,4.15075376884422,998,4.44088176352705
803,195,4.50435865504359,4.23076923076923,998,4.45090180360721
797,202,4.45545796737767,4.23267326732673,999,4.41041041041041
797,200,4.46173149309912,4.185,997,4.4062186559679
799,199,4.44055068836045,4.25125628140704,998,4.40280561122244
804,195,4.42039800995025,4.17435897435897,999,4.37237237237237
808,191,4.41955445544554,4.22513089005236,999,4.38238238238238
818,181,4.46210268948655,4.22651933701657,999,4.41941941941942
817,182,4.43818849449204,4.3021978021978,999,4.41341341341341
806,190,4.40446650124069,4.32105263157895,996,4.38855421686747
816,182,4.41544117647059,4.31868131868132,998,4.39779559118236
812,187,4.44950738916256,4.27807486631016,999,4.41741741741742
816,183,4.38970588235294,4.20765027322404,999,4.35635635635636
813,185,4.39237392373924,4.22702702702703,998,4.36172344689379
807,192,4.38413878562577,4.1875,999,4.34634634634635
808,189,4.39727722772277,4.24867724867725,997,4.3691073219659
810,189,4.41111111111111,4.26984126984127,999,4.38438438438438
810,188,4.42839506172839,4.30851063829787,998,4.40581162324649
805,194,4.4360248447205,4.41752577319588,999,4.43243243243243
801,198,4.42571785268415,4.50505050505051,999,4.44144144144144
802,197,4.4002493765586,4.50253807106599,999,4.42042042042042
803,195,4.37982565379826,4.49230769230769,998,4.40180360721443
802,195,4.35536159600997,4.52307692307692,997,4.38816449348044
804,193,4.34328358208955,4.45077720207254,997,4.36409227683049
807,190,4.34696406443618,4.33684210526316,997,4.34503510531595
808,189,4.35891089108911,4.42328042328042,997,4.37111334002006
806,193,4.35483870967742,4.4300518134715,999,4.36936936936937
803,196,4.37359900373599,4.36224489795918,999,4.37137137137137
809,188,4.40791100123609,4.42021276595745,997,4.41023069207623
817,182,4.39779681762546,4.47252747252747,999,4.41141141141141
812,187,4.45935960591133,4.49197860962567,999,4.46546546546547
812,186,4.47660098522168,4.46774193548387,998,4.4749498997996
812,187,4.43965517241379,4.48663101604278,999,4.44844844844845
807,192,4.46840148698885,4.546875,999,4.48348348348348
807,190,4.45229244114002,4.5,997,4.46138415245737
807,192,4.44361833952912,4.5,999,4.45445445445445
801,198,4.50312109862672,4.51515151515152,999,4.50550550550551
799,199,4.48811013767209,4.51758793969849,998,4.4939879759519
798,199,4.50250626566416,4.65829145728643,997,4.53360080240722
813,185,4.52152521525215,4.71351351351351,998,4.55711422845691
808,190,4.49009900990099,4.77894736842105,998,4.54509018036072
808,188,4.46410891089109,4.75,996,4.51807228915663
813,186,4.49692496924969,4.8010752688172,999,4.55355355355355
816,183,4.55637254901961,4.7431693989071,999,4.59059059059059
820,179,4.54024390243902,4.63128491620112,999,4.55655655655656
821,178,4.52618757612667,4.63483146067416,999,4.54554554554555
812,186,4.51108374384236,4.63440860215054,998,4.53406813627254
815,184,4.55705521472393,4.53260869565217,999,4.55255255255255
822,177,4.56447688564477,4.55367231638418,999,4.56256256256256
814,183,4.54422604422604,4.44262295081967,997,4.52557673019057
812,184,4.55295566502463,4.47826086956522,996,4.53915662650602
821,177,4.55542021924482,4.51977401129944,998,4.54909819639279
829,169,4.55126658624849,4.57988165680473,998,4.5561122244489
830,169,4.51084337349398,4.6508875739645,999,4.53453453453453
826,172,4.52663438256659,4.59883720930233,998,4.53907815631263
826,172,4.47699757869249,4.55813953488372,998,4.49098196392786
830,169,4.46867469879518,4.6094674556213,999,4.49249249249249
827,171,4.45102781136638,4.61988304093567,998,4.47995991983968
829,170,4.46320868516285,4.6,999,4.48648648648649
822,176,4.46228710462287,4.60227272727273,998,4.48697394789579
827,171,4.44256348246675,4.6140350877193,998,4.47194388777555
820,179,4.55975609756098,4.62011173184358,999,4.57057057057057
826,173,4.55205811138015,4.69364161849711,999,4.57657657657658
832,166,4.52163461538461,4.8433734939759,998,4.5751503006012
839,160,4.51489868891538,4.7375,999,4.55055055055055
836,161,4.52511961722488,4.68944099378882,997,4.55165496489468
836,162,4.48086124401914,4.68518518518519,998,4.51402805611222
840,158,4.47380952380952,4.60759493670886,998,4.49498997995992
841,158,4.48275862068965,4.70253164556962,999,4.51751751751752
844,154,4.45260663507109,4.7987012987013,998,4.5060120240481
845,153,4.4792899408284,4.83006535947712,998,4.53306613226453
843,156,4.4282325029656,4.82051282051282,999,4.48948948948949
843,156,4.44602609727165,4.72435897435897,999,4.48948948948949
849,149,4.4982332155477,4.75838926174497,998,4.53707414829659
851,148,4.47826086956522,4.62162162162162,999,4.4994994994995
837,161,4.49701314217443,4.58385093167702,998,4.51102204408818
841,157,4.50653983353151,4.70063694267516,998,4.53707414829659
842,154,4.4667458432304,4.62987012987013,996,4.49196787148594
845,152,4.5207100591716,4.69736842105263,997,4.54764292878636
842,155,4.51543942992874,4.68387096774194,997,4.54162487462387
845,154,4.49940828402367,4.69480519480519,999,4.52952952952953
845,154,4.52189349112426,4.64935064935065,999,4.54154154154154
843,156,4.49466192170819,4.6474358974359,999,4.51851851851852
847,152,4.44273907910272,4.65131578947368,999,4.47447447447447
846,153,4.43735224586288,4.60130718954248,999,4.46246246246246
846,153,4.40898345153664,4.49673202614379,999,4.42242242242242
851,148,4.42068155111633,4.57432432432432,999,4.44344344344344
859,138,4.44121071012806,4.53623188405797,997,4.4543630892678
853,144,4.49003516998828,4.32638888888889,997,4.46639919759278
857,142,4.47724620770128,4.26760563380282,999,4.44744744744745
863,136,4.53186558516802,4.16911764705882,999,4.48248248248248
864,133,4.54166666666667,4.21804511278195,997,4.49849548645938
863,135,4.59212050984936,4.19259259259259,998,4.53807615230461
858,140,4.59324009324009,4.27142857142857,998,4.54809619238477
863,135,4.55388180764774,4.25925925925926,998,4.51402805611222
862,137,4.5614849187935,4.24817518248175,999,4.51851851851852
863,136,4.59559675550406,4.44117647058824,999,4.57457457457457
868,130,4.59907834101382,4.59230769230769,998,4.59819639278557
869,127,4.61680092059839,4.7007874015748,996,4.62751004016064
867,131,4.59400230680508,4.66412213740458,998,4.60320641282565
864,134,4.58680555555556,4.71641791044776,998,4.60420841683367
862,136,4.65313225058005,4.74264705882353,998,4.66533066132265
866,132,4.62009237875289,4.75,998,4.6372745490982
870,128,4.56896551724138,4.8515625,998,4.60521042084168
872,127,4.56307339449541,4.77165354330709,999,4.58958958958959
878,120,4.56605922551253,4.875,998,4.60320641282565
880,118,4.56136363636364,4.8135593220339,998,4.59118236472946
877,120,4.58266818700114,4.725,997,4.59979939819458
877,122,4.63511972633979,4.80327868852459,999,4.65565565565566
883,116,4.60022650056625,4.66379310344828,999,4.60760760760761
882,116,4.5827664399093,4.6551724137931,998,4.59118236472946
883,116,4.65458663646659,4.86206896551724,999,4.67867867867868
889,110,4.62204724409449,4.70909090909091,999,4.63163163163163
891,108,4.5712682379349,4.60185185185185,999,4.57457457457457
888,111,4.55630630630631,4.45945945945946,999,4.54554554554555
887,112,4.5772266065389,4.48214285714286,999,4.56656656656657
886,112,4.58577878103837,4.60714285714286,998,4.58817635270541
887,112,4.62344983089064,4.58928571428571,999,4.61961961961962
890,108,4.62359550561798,4.47222222222222,998,4.60721442885772
884,112,4.63348416289593,4.33928571428571,996,4.6004016064257
892,106,4.56165919282511,4.33018867924528,998,4.53707414829659
887,112,4.5456595264938,4.33035714285714,999,4.52152152152152
894,103,4.51342281879195,4.32038834951456,997,4.49348044132397
891,107,4.5364758698092,4.20560747663551,998,4.50100200400802
892,106,4.55717488789238,4.26415094339623,998,4.52605210420842
891,107,4.58024691358025,4.28971962616822,998,4.54909819639279
891,107,4.59483726150393,4.42990654205607,998,4.57715430861723
897,102,4.66555183946488,4.45098039215686,999,4.64364364364364
898,99,4.62806236080178,4.71717171717172,997,4.63691073219659
901,98,4.61154273029967,4.51020408163265,999,4.6016016016016
901,97,4.62375138734739,4.57731958762887,998,4.61923847695391
896,103,4.63950892857143,4.50485436893204,999,4.62562562562563
904,95,4.63495575221239,4.62105263157895,999,4.63363363363363
907,92,4.63836824696803,4.6195652173913,999,4.63663663663664
902,95,4.62527716186253,4.58947368421053,997,4.62186559679037
900,99,4.58111111111111,4.77777777777778,999,4.6006006006006
899,100,4.54282536151279,4.77,999,4.56556556556557
902,97,4.52217294900222,4.55670103092783,999,4.52552552552553
908,90,4.55616740088106,4.65555555555556,998,4.56513026052104
913,86,4.50711938663746,4.61627906976744,999,4.51651651651652
912,87,4.54385964912281,4.49425287356322,999,4.53953953953954
909,89,4.56875687568757,4.57303370786517,998,4.56913827655311
911,88,4.50493962678375,4.60227272727273,999,4.51351351351351
907,91,4.54244762954796,4.59340659340659,998,4.54709418837675
910,89,4.58901098901099,4.50561797752809,999,4.58158158158158
904,94,4.53097345132743,4.67021276595745,998,4.54408817635271
906,93,4.57505518763797,4.53763440860215,999,4.57157157157157
908,89,4.60352422907489,4.47191011235955,997,4.59177532597793
906,93,4.63576158940397,4.31182795698925,999,4.60560560560561
903,96,4.64562569213732,4.27083333333333,999,4.60960960960961
898,101,4.60801781737194,4.33663366336634,999,4.58058058058058
905,92,4.5414364640884,4.22826086956522,997,4.51253761283852
911,88,4.4840834248079,4.44318181818182,999,4.48048048048048
907,91,4.44873208379272,4.34065934065934,998,4.43887775551102
907,92,4.43660418963616,4.29347826086957,999,4.42342342342342
901,98,4.43507214206437,4.38775510204082,999,4.43043043043043
900,96,4.45111111111111,4.375,996,4.44377510040161
905,93,4.42983425414365,4.38709677419355,998,4.42585170340681
907,91,4.47629547960309,4.41758241758242,998,4.47094188376754
908,91,4.46916299559471,4.3956043956044,999,4.46246246246246
903,95,4.42635658914729,4.44210526315789,998,4.42785571142285
912,86,4.42324561403509,4.41860465116279,998,4.42284569138277
914,85,4.43873085339168,4.44705882352941,999,4.43943943943944
917,82,4.41112322791712,4.5,999,4.41841841841842
913,86,4.41292442497262,4.38372093023256,999,4.41041041041041
919,80,4.41131664853101,4.5875,999,4.42542542542543
924,75,4.43181818181818,4.48,999,4.43543543543544
927,72,4.44120819848975,4.5,999,4.44544544544545
929,70,4.48977395048439,4.52857142857143,999,4.49249249249249
929,70,4.52529601722282,4.38571428571429,999,4.51551551551552
927,71,4.58576051779935,4.26760563380282,998,4.56312625250501
923,76,4.59804983748646,4.13157894736842,999,4.56256256256256
922,76,4.61388286334056,4.03947368421053,998,4.57014028056112
922,77,4.56724511930586,4.14285714285714,999,4.53453453453453
920,77,4.57608695652174,4.1038961038961,997,4.53961885656971
922,76,4.60195227765727,4.13157894736842,998,4.56613226452906
922,76,4.65509761388286,3.94736842105263,998,4.60120240480962
926,73,4.57775377969762,3.98630136986301,999,4.53453453453453
917,81,4.53762268266085,3.98765432098765,998,4.49298597194389
918,81,4.51960784313725,3.90123456790123,999,4.46946946946947
927,71,4.46925566343042,3.85915492957746,998,4.42585170340681
930,69,4.48279569892473,3.76811594202899,999,4.43343343343343
939,60,4.50372736954207,3.6,999,4.44944944944945
935,63,4.52513368983957,3.49206349206349,998,4.45991983967936
936,62,4.53739316239316,3.53225806451613,998,4.4749498997996
940,58,4.54893617021277,3.58620689655172,998,4.49298597194389
944,54,4.5,3.57407407407407,998,4.4498997995992
946,52,4.48942917547569,3.55769230769231,998,4.44088176352705
947,51,4.50897571277719,3.49019607843137,998,4.45691382765531
949,48,4.52370916754478,3.5,997,4.47442326980943
950,48,4.49368421052632,3.39583333333333,998,4.44088176352705
950,46,4.52210526315789,3.41304347826087,996,4.47088353413655
951,47,4.50578338590957,3.4468085106383,998,4.45591182364729
951,46,4.46056782334385,3.73913043478261,997,4.42728184553661
949,49,4.45943097997892,3.71428571428571,998,4.42284569138277
943,55,4.4305408271474,3.6,998,4.38476953907816
944,54,4.35911016949153,3.53703703703704,998,4.31462925851703
944,53,4.36334745762712,3.62264150943396,997,4.32397191574724
945,52,4.35238095238095,3.69230769230769,997,4.31795386158475
950,49,4.37263157894737,3.75510204081633,999,4.34234234234234
947,50,4.36642027455121,3.62,997,4.32898696088265
949,50,4.34984193888303,3.76,999,4.32032032032032
951,48,4.37118822292324,3.85416666666667,999,4.34634634634635
947,50,4.37592397043295,3.88,997,4.35105315947844
945,53,4.42645502645503,4.0,998,4.40380761523046
949,50,4.42887249736565,4.04,999,4.40940940940941
949,50,4.40358271865121,3.96,999,4.38138138138138
949,50,4.38461538461539,4.2,999,4.37537537537538
948,51,4.43670886075949,4.17647058823529,999,4.42342342342342
945,53,4.39047619047619,4.43396226415094,998,4.39278557114228
950,49,4.38842105263158,4.55102040816327,999,4.3963963963964
952,47,4.42542016806723,4.34042553191489,999,4.42142142142142
947,51,4.41921858500528,4.11764705882353,998,4.40380761523046
952,46,4.41386554621849,4.10869565217391,998,4.3997995991984
953,46,4.38929695697796,3.97826086956522,999,4.37037037037037
949,50,4.38672286617492,4.0,999,4.36736736736737
953,46,4.33788037775446,4.41304347826087,999,4.34134134134134
954,44,4.38469601677149,4.29545454545455,998,4.38076152304609
956,41,4.29916317991632,4.51219512195122,997,4.30792377131394
952,47,4.34033613445378,4.34042553191489,999,4.34034034034034
949,48,4.36248682824025,4.33333333333333,997,4.36108324974925
958,41,4.37787056367432,4.21951219512195,999,4.37137137137137
958,40,4.3705636743215,4.125,998,4.36072144288577
955,44,4.36125654450262,4.04545454545455,999,4.34734734734735
953,43,4.40608604407135,4.2093023255814,996,4.39759036144578
956,43,4.36610878661088,4.25581395348837,999,4.36136136136136
954,45,4.38993710691824,4.15555555555556,999,4.37937937937938
954,44,4.40775681341719,4.20454545454545,998,4.39879759519038
952,46,4.44957983193277,4.41304347826087,998,4.44789579158317
952,46,4.44327731092437,4.26086956521739,998,4.43486973947896
954,45,4.40251572327044,4.2,999,4.39339339339339
956,43,4.44560669456067,4.18604651162791,999,4.43443443443443
957,42,4.47126436781609,4.23809523809524,999,4.46146146146146
953,46,4.53934942287513,4.23913043478261,999,4.52552552552553
954,45,4.4685534591195,4.22222222222222,999,4.45745745745746
952,46,4.44852941176471,4.28260869565217,998,4.44088176352705
955,43,4.40418848167539,4.37209302325581,998,4.40280561122244
955,44,4.41256544502618,4.25,999,4.40540540540541
955,43,4.44607329842932,4.55813953488372,998,4.45090180360721
957,42,4.45245559038662,4.52380952380952,999,4.45545545545546
956,43,4.47384937238494,4.53488372093023,999,4.47647647647648
953,46,4.45540398740818,4.56521739130435,999,4.46046046046046
953,45,4.44805876180483,4.73333333333333,998,4.46092184368737
952,45,4.49054621848739,4.66666666666667,997,4.49849548645938
948,51,4.52637130801688,4.52941176470588,999,4.52652652652653
946,52,4.52219873150106,4.55769230769231,998,4.52404809619238
946,51,4.55919661733615,4.3921568627451,997,4.5506519558676
949,50,4.54478398314015,4.46,999,4.54054054054054
953,46,4.49842602308499,4.34782608695652,999,4.49149149149149
949,50,4.54478398314015,4.34,999,4.53453453453453
945,52,4.47936507936508,4.23076923076923,997,4.46639919759278
943,56,4.45811240721103,4.26785714285714,999,4.44744744744745
948,51,4.45886075949367,4.43137254901961,999,4.45745745745746
949,50,4.43308746048472,4.54,999,4.43843843843844
949,49,4.42676501580611,4.55102040816327,998,4.43286573146293
950,48,4.37052631578947,4.58333333333333,998,4.38076152304609
950,49,4.39578947368421,4.53061224489796,999,4.4024024024024
950,47,4.37684210526316,4.27659574468085,997,4.37211634904714
950,49,4.37157894736842,4.36734693877551,999,4.37137137137137
952,47,4.30882352941176,4.23404255319149,999,4.30530530530531
950,48,4.37157894736842,4.35416666666667,998,4.37074148296593
952,46,4.36974789915966,4.71739130434783,998,4.38577154308617
953,46,4.36831059811123,4.78260869565217,999,4.38738738738739
950,48,4.40105263157895,5.0625,998,4.43286573146293
951,48,4.40904311251314,5.02083333333333,999,4.43843843843844
947,52,4.41288278775079,4.76923076923077,999,4.43143143143143
945,53,4.41587301587302,5.0,998,4.44689378757515
944,54,4.41843220338983,5.07407407407407,998,4.45390781563126
942,55,4.37791932059448,5.05454545454545,997,4.41524573721163
946,52,4.42600422832981,5.01923076923077,998,4.45691382765531
946,53,4.41754756871036,4.84905660377358,999,4.44044044044044
944,54,4.35699152542373,4.53703703703704,998,4.36673346693387
948,51,4.33649789029536,4.50980392156863,999,4.34534534534535
942,57,4.37685774946921,4.43859649122807,999,4.38038038038038
940,59,4.37872340425532,4.45762711864407,999,4.38338338338338
944,54,4.40889830508475,4.48148148148148,998,4.41282565130261
946,53,4.4291754756871,4.45283018867925,999,4.43043043043043
948,51,4.4789029535865,4.45098039215686,999,4.47747747747748
952,46,4.4453781512605,4.65217391304348,998,4.45490981963928
952,47,4.3813025210084,4.5531914893617,999,4.38938938938939
949,46,4.37618545837724,4.5,995,4.38190954773869
953,46,4.33263378803778,4.39130434782609,999,4.33533533533534
954,45,4.36163522012579,4.28888888888889,999,4.35835835835836
954,45,4.39098532494759,4.4,999,4.39139139139139
956,42,4.37970711297071,4.33333333333333,998,4.37775551102204
954,45,4.37421383647799,4.46666666666667,999,4.37837837837838
950,49,4.35157894736842,4.42857142857143,999,4.35535535535536
953,46,4.36411332633788,4.28260869565217,999,4.36036036036036
951,47,4.37644584647739,4.25531914893617,998,4.37074148296593
948,51,4.38502109704641,4.33333333333333,999,4.38238238238238
948,51,4.35337552742616,4.05882352941176,999,4.33833833833834
945,54,4.39259259259259,4.03703703703704,999,4.37337337337337
947,51,4.40232312565998,4.15686274509804,998,4.38977955911824
944,55,4.45656779661017,4.23636363636364,999,4.44444444444444
947,52,4.41605068637804,4.30769230769231,999,4.41041041041041
949,49,4.40569020021075,4.51020408163265,998,4.41082164328657
950,48,4.39894736842105,4.625,998,4.40981963927856
952,47,4.31512605042017,4.65957446808511,999,4.33133133133133
948,49,4.30379746835443,4.77551020408163,997,4.32698094282849
953,46,4.26337880377754,4.58695652173913,999,4.27827827827828
954,44,4.25366876310273,4.56818181818182,998,4.26753507014028
952,46,4.22584033613445,4.67391304347826,998,4.24649298597194
953,44,4.21825813221406,4.75,997,4.24172517552658
955,44,4.26073298429319,4.88636363636364,999,4.28828828828829
957,41,4.34796238244514,4.97560975609756,998,4.37374749498998
960,39,4.36145833333333,5.05128205128205,999,4.38838838838839
957,41,4.36259143155695,4.95121951219512,998,4.38677354709419
955,43,4.38010471204189,4.72093023255814,998,4.39478957915832
956,43,4.39330543933054,4.7906976744186,999,4.41041041041041
960,38,4.384375,5.05263157894737,998,4.40981963927856
961,38,4.40166493236212,4.89473684210526,999,4.42042042042042
960,39,4.43229166666667,5.05128205128205,999,4.45645645645646
956,42,4.46338912133891,4.66666666666667,998,4.47194388777555
953,46,4.51311647429171,4.32608695652174,999,4.5045045045045
955,43,4.482722513089,4.11627906976744,998,4.46693386773547
956,40,4.46025104602511,3.925,996,4.43875502008032
958,41,4.42901878914405,3.85365853658537,999,4.40540540540541
958,40,4.39561586638831,3.9,998,4.37575150300601
962,37,4.42723492723493,3.94594594594595,999,4.40940940940941
963,35,4.43613707165109,4.0,998,4.42084168336673
963,34,4.4527518172378,3.97058823529412,997,4.43630892678034
964,35,4.42738589211618,3.77142857142857,999,4.4044044044044
962,36,4.4002079002079,3.94444444444444,998,4.38376753507014
965,34,4.39481865284974,3.97058823529412,999,4.38038038038038
963,36,4.40083073727934,3.88888888888889,999,4.38238238238238
963,36,4.42367601246106,3.75,999,4.3993993993994
960,39,4.40625,4.1025641025641,999,4.39439439439439
962,36,4.3991683991684,4.22222222222222,998,4.39278557114228
963,35,4.38110072689512,4.2,998,4.374749498998
965,33,4.42590673575129,4.06060606060606,998,4.41382765531062
970,29,4.45670103092784,4.03448275862069,999,4.44444444444444
970,29,4.5,4.27586206896552,999,4.49349349349349
970,29,4.51855670103093,3.96551724137931,999,4.5025025025025
968,30,4.47623966942149,4.03333333333333,998,4.46292585170341
969,29,4.48503611971104,4.31034482758621,998,4.47995991983968
969,30,4.47678018575851,4.4,999,4.47447447447447
966,32,4.56004140786749,4.25,998,4.5501002004008
966,33,4.52898550724638,4.33333333333333,999,4.52252252252252
962,36,4.54885654885655,4.41666666666667,998,4.54408817635271
966,33,4.52587991718427,4.3030303030303,999,4.51851851851852
967,32,4.47569803516029,4.46875,999,4.47547547547548
966,32,4.45031055900621,4.40625,998,4.44889779559118
968,31,4.45867768595041,4.45161290322581,999,4.45845845845846
966,32,4.4296066252588,4.5,998,4.43186372745491
967,32,4.37745604963806,4.40625,999,4.37837837837838
965,33,4.38134715025907,4.51515151515152,998,4.38577154308617
963,35,4.39460020768432,4.51428571428571,998,4.39879759519038
966,33,4.38198757763975,4.36363636363636,999,4.38138138138138
964,35,4.38070539419087,4.25714285714286,999,4.37637637637638
965,32,4.3720207253886,4.15625,997,4.36509528585757
965,33,4.37512953367876,4.24242424242424,998,4.37074148296593
965,34,4.40829015544041,4.26470588235294,999,4.4034034034034
963,35,4.39460020768432,4.2,998,4.3877755511022
961,37,4.36420395421436,4.18918918918919,998,4.35771543086172
960,38,4.40625,4.18421052631579,998,4.39779559118236
962,36,4.43347193347193,4.27777777777778,998,4.42785571142285
963,36,4.39148494288681,4.25,999,4.38638638638639
964,34,4.40663900414938,4.35294117647059,998,4.40480961923848
957,40,4.37931034482759,4.225,997,4.37311935807422
956,42,4.39435146443515,4.38095238095238,998,4.3937875751503
952,46,4.39285714285714,4.45652173913043,998,4.39579158316633
952,47,4.48004201680672,4.53191489361702,999,4.48248248248248
954,45,4.47379454926625,4.55555555555556,999,4.47747747747748
954,43,4.46540880503145,4.7906976744186,997,4.47943831494483
958,41,4.46242171189979,4.85365853658537,999,4.47847847847848
956,42,4.48849372384937,4.88095238095238,998,4.50501002004008
956,42,4.44246861924686,4.76190476190476,998,4.45591182364729
958,40,4.47390396659708,4.475,998,4.47394789579158
955,42,4.46073298429319,4.47619047619048,997,4.46138415245737
953,44,4.40083945435467,4.56818181818182,997,4.40822467402207
950,48,4.36315789473684,4.39583333333333,998,4.36472945891784
951,47,4.36803364879075,4.4468085106383,998,4.37174348697395
952,47,4.34033613445378,4.57446808510638,999,4.35135135135135
953,45,4.3704092339979,4.44444444444444,998,4.37374749498998
955,43,4.38848167539267,4.2093023255814,998,4.38076152304609
956,43,4.39748953974895,4.58139534883721,999,4.40540540540541
960,39,4.4,4.64102564102564,999,4.40940940940941
962,37,4.35758835758836,4.75675675675676,999,4.37237237237237
961,38,4.33402705515088,4.71052631578947,999,4.34834834834835
959,40,4.31178310740355,4.525,999,4.32032032032032
959,40,4.26485922836288,4.675,999,4.28128128128128
958,41,4.24112734864301,4.53658536585366,999,4.25325325325325
959,39,4.29301355578728,4.48717948717949,998,4.30060120240481
957,42,4.29258098223615,4.66666666666667,999,4.30830830830831
960,39,4.33541666666667,4.97435897435897,999,4.36036036036036
961,35,4.35171696149844,4.94285714285714,996,4.37248995983936
963,35,4.36240913811007,4.91428571428571,998,4.38176352705411
962,37,4.37837837837838,5.08108108108108,999,4.4044044044044
961,38,4.37044745057232,5.02631578947368,999,4.3953953953954
960,39,4.33854166666667,4.61538461538461,999,4.34934934934935
957,40,4.34273772204807,4.95,997,4.36710130391173
960,39,4.35833333333333,4.69230769230769,999,4.37137137137137
956,42,4.34518828451883,4.59523809523809,998,4.35571142284569
956,43,4.40167364016736,4.23255813953488,999,4.39439439439439
959,40,4.42127215849844,4.375,999,4.41941941941942
964,35,4.36307053941909,4.37142857142857,999,4.36336336336336
969,30,4.38802889576883,4.5,999,4.39139139139139
970,29,4.38144329896907,4.24137931034483,999,4.37737737737738
970,29,4.40927835051546,4.3448275862069,999,4.40740740740741
965,32,4.42072538860104,4.375,997,4.41925777331996
968,30,4.40082644628099,4.26666666666667,998,4.39679358717435
968,31,4.40289256198347,4.54838709677419,999,4.40740740740741
968,31,4.44421487603306,4.80645161290323,999,4.45545545545546
963,32,4.44652128764278,4.84375,995,4.45929648241206
967,32,4.47776628748707,4.84375,999,4.48948948948949
964,35,4.50311203319502,4.85714285714286,999,4.51551551551552
967,32,4.50465356773526,4.6875,999,4.51051051051051
965,34,4.52020725388601,4.38235294117647,999,4.51551551551552
968,30,4.53409090909091,4.5,998,4.53306613226453
965,33,4.55440414507772,4.60606060606061,998,4.5561122244489
965,31,4.48497409326425,4.70967741935484,996,4.49196787148594
967,32,4.49741468459152,4.78125,999,4.50650650650651
966,33,4.49585921325052,4.78787878787879,999,4.50550550550551
968,30,4.54028925619835,4.46666666666667,998,4.53807615230461
967,32,4.52223371251293,4.84375,999,4.53253253253253
966,33,4.55590062111801,4.84848484848485,999,4.56556556556557
965,34,4.52849740932642,4.85294117647059,999,4.53953953953954
962,35,4.51039501039501,4.68571428571429,997,4.51654964894684
961,36,4.4942767950052,4.44444444444444,997,4.49247743229689
968,31,4.4896694214876,4.64516129032258,999,4.49449449449449
969,30,4.47162022703818,4.4,999,4.46946946946947
969,30,4.47574819401445,4.73333333333333,999,4.48348348348348
966,32,4.48964803312629,4.75,998,4.49799599198397
963,36,4.44340602284528,4.88888888888889,999,4.45945945945946
963,35,4.44963655244029,5.02857142857143,998,4.46993987975952
967,32,4.5129265770424,4.8125,999,4.52252252252252
965,33,4.50569948186529,4.78787878787879,998,4.51503006012024
967,32,4.50672182006205,4.875,999,4.51851851851852
968,31,4.5547520661157,5.41935483870968,999,4.58158158158158
967,32,4.58014477766288,5.46875,999,4.60860860860861
965,33,4.55336787564767,5.27272727272727,998,4.57715430861723
966,32,4.57763975155279,5.25,998,4.59919839679359
967,31,4.58324715615305,5.12903225806452,998,4.6002004008016
965,33,4.63523316062176,5.3030303030303,998,4.65731462925852
966,33,4.59730848861284,5.09090909090909,999,4.61361361361361
965,33,4.59378238341969,5.09090909090909,998,4.61022044088176
966,33,4.58281573498965,5.3030303030303,999,4.60660660660661
963,34,4.5877466251298,5.47058823529412,997,4.61785356068205
961,36,4.57856399583767,5.33333333333333,997,4.60581745235707
963,36,4.59086188992731,5.27777777777778,999,4.61561561561562
960,39,4.53541666666667,5.15384615384615,999,4.55955955955956
958,40,4.53340292275574,5.2,998,4.56012024048096
959,38,4.58498435870699,5.15789473684211,997,4.60682046138415
956,40,4.62238493723849,5.35,996,4.65160642570281
957,42,4.62382445141066,5.30952380952381,999,4.65265265265265
955,42,4.58638743455497,5.21428571428571,997,4.61283851554664
958,41,4.55323590814196,5.07317073170732,999,4.57457457457457
957,40,4.54440961337513,5.375,997,4.5777331995988
955,42,4.59162303664921,5.45238095238095,997,4.62788365095286
956,43,4.58577405857741,5.55813953488372,999,4.62762762762763
954,44,4.58176100628931,5.47727272727273,998,4.62124248496994
955,43,4.59895287958115,5.62790697674419,998,4.64328657314629
956,43,4.59518828451883,5.48837209302326,999,4.63363363363363
952,47,4.63760504201681,5.65957446808511,999,4.68568568568569
953,46,4.64218258132214,5.89130434782609,999,4.6996996996997
956,42,4.668410041841,6.02380952380952,998,4.72545090180361
954,44,4.59538784067086,6.02272727272727,998,4.65831663326653
956,42,4.5836820083682,6.33333333333333,998,4.65731462925852
957,42,4.54858934169279,5.97619047619048,999,4.60860860860861
953,43,4.57397691500525,6.0,996,4.6355421686747
953,46,4.55403987408185,5.89130434782609,999,4.61561561561562
957,42,4.55381400208986,5.73809523809524,999,4.6036036036036
957,41,4.55694879832811,6.14634146341463,998,4.62224448897796
955,43,4.55811518324607,6.11627906976744,998,4.625250501002
956,43,4.54497907949791,5.95348837209302,999,4.60560560560561
950,48,4.53578947368421,5.72916666666667,998,4.59318637274549
950,48,4.52210526315789,5.27083333333333,998,4.55811623246493
952,47,4.55357142857143,5.36170212765957,999,4.59159159159159
952,47,4.57878151260504,5.48936170212766,999,4.62162162162162
948,50,4.56751054852321,5.46,998,4.6122244488978
948,50,4.62236286919831,5.32,998,4.65731462925852
948,50,4.68670886075949,5.48,998,4.72645290581162
945,54,4.71534391534392,5.42592592592593,999,4.75375375375375
947,52,4.67581837381204,5.40384615384615,999,4.71371371371371
946,53,4.71035940803383,5.35849056603774,999,4.74474474474474
947,52,4.70855332629356,5.36538461538461,999,4.74274274274274
940,57,4.6968085106383,5.50877192982456,997,4.7432296890672
946,53,4.71564482029598,5.32075471698113,999,4.74774774774775
943,55,4.7592788971368,5.34545454545455,998,4.79158316633267
942,55,4.7515923566879,5.07272727272727,997,4.76930792377131
943,56,4.73488865323436,5.17857142857143,999,4.75975975975976
947,52,4.73178458289335,5.53846153846154,999,4.77377377377377
945,54,4.73544973544974,5.51851851851852,999,4.77777777777778
940,58,4.75425531914894,5.41379310344828,998,4.79258517034068
940,59,4.74787234042553,5.3728813559322,999,4.78478478478478
940,59,4.69148936170213,5.25423728813559,999,4.72472472472472
941,58,4.65993623804463,5.3448275862069,999,4.6996996996997
939,59,4.67944621938232,5.23728813559322,998,4.7124248496994
937,60,4.68303094983991,5.18333333333333,997,4.71313941825476
939,60,4.69542066027689,5.2,999,4.72572572572573
940,59,4.65851063829787,5.20338983050847,999,4.69069069069069
942,57,4.68471337579618,5.17543859649123,999,4.71271271271271
940,59,4.67234042553191,5.33898305084746,999,4.71171171171171
942,57,4.70169851380042,5.15789473684211,999,4.72772772772773
944,54,4.69703389830508,5.01851851851852,998,4.71442885771543
942,55,4.70276008492569,5.16363636363636,997,4.72818455366098
936,58,4.70512820512821,4.93103448275862,994,4.71830985915493
942,56,4.65286624203822,4.83928571428571,998,4.66332665330661
946,53,4.62050739957717,4.77358490566038,999,4.62862862862863
949,50,4.61116965226554,4.74,999,4.61761761761762
946,53,4.58350951374207,4.73584905660377,999,4.59159159159159
944,53,4.63347457627119,4.73584905660377,997,4.63891675025075
945,54,4.56402116402116,4.68518518518519,999,4.57057057057057
944,54,4.58580508474576,4.87037037037037,998,4.60120240480962
941,57,4.56004250797024,4.92982456140351,998,4.5811623246493
946,52,4.51902748414376,5.19230769230769,998,4.55410821643287
945,53,4.52592592592593,5.28301886792453,998,4.56613226452906
941,56,4.53878852284803,5.125,997,4.57171514543631
941,57,4.50903294367694,5.2280701754386,998,4.5501002004008
942,56,4.49575371549894,5.16071428571429,998,4.53306613226453
945,53,4.45925925925926,5.22641509433962,998,4.5
947,49,4.50052798310454,5.06122448979592,996,4.5281124497992
949,49,4.54373024236038,5.38775510204082,998,4.58517034068136
953,46,4.49108079748164,5.28260869565217,999,4.52752752752753
953,46,4.45330535152151,5.26086956521739,999,4.49049049049049
955,43,4.49109947643979,5.44186046511628,998,4.53206412825651
955,44,4.51832460732984,5.43181818181818,999,4.55855855855856
954,44,4.49685534591195,5.5,998,4.54108216432866
955,43,4.49109947643979,5.65116279069767,998,4.54108216432866
952,46,4.51155462184874,5.54347826086957,998,4.55911823647295
949,49,4.46786090621707,5.55102040816327,998,4.52104208416834
948,51,4.46729957805907,5.52941176470588,999,4.52152152152152
951,48,4.48054679284963,5.22916666666667,999,4.51651651651652
945,50,4.50687830687831,5.4,995,4.55175879396985
946,53,4.56342494714588,5.32075471698113,999,4.6036036036036
945,54,4.58730158730159,5.61111111111111,999,4.64264264264264
944,54,4.59216101694915,5.46296296296296,998,4.63927855711423
942,56,4.57749469214437,5.57142857142857,998,4.63326653306613
944,54,4.59639830508475,5.51851851851852,998,4.64629258517034
944,53,4.55614406779661,5.52830188679245,997,4.60782347041123
947,50,4.52375923970433,5.42,997,4.56870611835507
947,52,4.51214361140443,5.36538461538461,999,4.55655655655656
943,56,4.45705196182397,5.14285714285714,999,4.4954954954955
942,57,4.46178343949045,5.07017543859649,999,4.4964964964965
946,53,4.45983086680761,5.13207547169811,999,4.4954954954955
941,56,4.45377258235919,5.03571428571429,997,4.4864593781344
944,55,4.40889830508475,5.23636363636364,999,4.45445445445445
938,60,4.42217484008529,5.41666666666667,998,4.48196392785571
939,60,4.46645367412141,5.45,999,4.52552552552553
938,61,4.50213219616205,5.50819672131148,999,4.56356356356356
934,65,4.4796573875803,5.52307692307692,999,4.54754754754755
932,66,4.51931330472103,5.66666666666667,998,4.59519038076152
933,66,4.4941050375134,5.62121212121212,999,4.56856856856857
935,64,4.48449197860963,5.703125,999,4.56256256256256
934,63,4.58029978586724,5.58730158730159,997,4.64393179538616
937,62,4.53895410885806,5.58064516129032,999,4.6036036036036
936,61,4.4957264957265,5.50819672131148,997,4.55767301905717
941,58,4.49309245483528,5.3448275862069,999,4.54254254254254
940,58,4.5,5.1551724137931,998,4.53807615230461
942,57,4.51273885350319,4.92982456140351,999,4.53653653653654
938,59,4.50426439232409,4.76271186440678,997,4.51955867602808
939,60,4.50053248136315,4.68333333333333,999,4.51151151151151
938,60,4.54584221748401,4.58333333333333,998,4.54809619238477
941,58,4.53878852284803,4.55172413793103,999,4.53953953953954
938,58,4.57995735607676,4.53448275862069,996,4.57730923694779
936,63,4.52564102564103,4.55555555555556,999,4.52752752752753
935,64,4.55187165775401,4.703125,999,4.56156156156156
931,68,4.53168635875403,4.48529411764706,999,4.52852852852853
931,67,4.54672395273899,4.46268656716418,998,4.54108216432866
933,64,4.63129689174705,4.34375,997,4.61283851554664
937,59,4.61686232657417,4.35593220338983,996,4.60140562248996
935,63,4.66737967914438,4.22222222222222,998,4.63927855711423
934,65,4.68415417558886,4.33846153846154,999,4.66166166166166
933,65,4.57020364415863,4.4,998,4.55911823647295
929,69,4.46716899892357,4.40579710144928,998,4.46292585170341
927,70,4.46170442286947,4.41428571428571,997,4.45837512537613
929,69,4.43595263724435,4.49275362318841,998,4.43987975951904
931,68,4.40923737916219,4.5,999,4.41541541541542
930,67,4.41290322580645,4.44776119402985,997,4.41524573721163
926,71,4.45356371490281,4.32394366197183,997,4.44433299899699
928,71,4.45150862068965,4.29577464788732,999,4.44044044044044
927,69,4.48651564185545,4.04347826086957,996,4.45582329317269
934,63,4.49571734475375,4.0,997,4.46439317953862
935,63,4.48449197860963,3.98412698412698,998,4.45290581162325
935,64,4.50053475935829,3.953125,999,4.46546546546547
934,65,4.54175588865096,4.03076923076923,999,4.50850850850851
933,65,4.62057877813505,4.04615384615385,998,4.58316633266533
934,64,4.60064239828694,4.203125,998,4.5751503006012
930,67,4.61290322580645,4.2089552238806,997,4.58575727181545
932,65,4.61909871244635,4.01538461538462,997,4.57973921765296
939,59,4.66560170394036,4.06779661016949,998,4.63026052104208
942,57,4.61889596602972,4.07017543859649,999,4.58758758758759
940,59,4.63723404255319,3.89830508474576,999,4.59359359359359
943,56,4.66702014846235,4.17857142857143,999,4.63963963963964
940,57,4.65851063829787,4.14035087719298,997,4.62888665997994
947,51,4.62302006335797,4.27450980392157,998,4.60521042084168
946,52,4.6183932346723,4.19230769230769,998,4.59619238476954
943,55,4.5949098621421,4.34545454545455,998,4.5811623246493
945,54,4.54814814814815,4.42592592592593,999,4.54154154154154
946,53,4.54334038054968,4.28301886792453,999,4.52952952952953
949,50,4.56902002107482,4.18,999,4.54954954954955
945,54,4.55132275132275,4.12962962962963,999,4.52852852852853
946,52,4.56553911205074,4.19230769230769,998,4.54609218436874
949,49,4.56164383561644,4.20408163265306,998,4.54408817635271
950,48,4.57263157894737,4.3125,998,4.56012024048096
953,45,4.61385099685205,4.51111111111111,998,4.60921843687375
952,47,4.53781512605042,4.27659574468085,999,4.52552552552553
954,45,4.54088050314465,4.26666666666667,999,4.52852852852853
950,49,4.56842105263158,4.28571428571429,999,4.55455455455455
945,53,4.57883597883598,4.39622641509434,998,4.56913827655311
943,53,4.53446447507953,4.32075471698113,996,4.52309236947791
945,53,4.53756613756614,4.47169811320755,998,4.53406813627254
943,56,4.51325556733828,4.35714285714286,999,4.5045045045045
940,59,4.60425531914894,4.30508474576271,999,4.58658658658659
941,58,4.61424017003188,4.41379310344828,999,4.6026026026026
945,54,4.61587301587302,4.37037037037037,999,4.6026026026026
946,53,4.64482029598309,4.37735849056604,999,4.63063063063063
943,55,4.6033934252386,4.34545454545455,998,4.58917835671343
940,59,4.62872340425532,4.38983050847458,999,4.61461461461461
941,58,4.61211477151966,4.55172413793103,999,4.60860860860861
941,58,4.61955366631243,4.60344827586207,999,4.61861861861862
939,59,4.61448349307774,4.72881355932203,998,4.62124248496994
938,60,4.61940298507463,4.6,998,4.61823647294589
941,58,4.66950053134963,4.70689655172414,999,4.67167167167167
942,57,4.64968152866242,4.50877192982456,999,4.64164164164164
944,54,4.63347457627119,4.35185185185185,998,4.61823647294589
945,53,4.63280423280423,4.37735849056604,998,4.61923847695391
940,58,4.67446808510638,4.37931034482759,998,4.65731462925852
945,54,4.63915343915344,4.33333333333333,999,4.62262262262262
946,53,4.58139534883721,4.60377358490566,999,4.58258258258258
951,48,4.58254468980021,4.35416666666667,999,4.57157157157157
952,47,4.5672268907563,4.34042553191489,999,4.55655655655656
952,47,4.58088235294118,4.27659574468085,999,4.56656656656657
947,51,4.57338965153115,3.96078431372549,998,4.54208416833667
948,50,4.59388185654008,3.98,998,4.56312625250501
950,49,4.56421052631579,4.28571428571429,999,4.55055055055055
947,51,4.63885955649419,4.27450980392157,998,4.62024048096192
948,51,4.66877637130802,4.35294117647059,999,4.65265265265265
947,51,4.66525871172122,4.37254901960784,998,4.6503006012024
941,56,4.65037194473964,4.21428571428571,997,4.6258776328987
944,55,4.63135593220339,4.30909090909091,999,4.61361361361361
938,59,4.68336886993603,4.27118644067797,997,4.65897693079238
938,61,4.6183368869936,4.18032786885246,999,4.59159159159159
946,52,4.59302325581395,4.07692307692308,998,4.56613226452906
947,51,4.60295670538543,4.01960784313725,998,4.57314629258517
950,48,4.62947368421053,4.20833333333333,998,4.60921843687375
948,50,4.62025316455696,4.28,998,4.60320641282565
947,49,4.65892291446674,4.36734693877551,996,4.64457831325301
950,49,4.65789473684211,4.30612244897959,999,4.64064064064064
951,47,4.63406940063091,4.17021276595745,998,4.6122244488978
954,44,4.63312368972746,4.31818181818182,998,4.61923847695391
953,46,4.61804826862539,4.1304347826087,999,4.5955955955956
952,46,4.59768907563025,3.78260869565217,998,4.56012024048096
952,46,4.63550420168067,3.84782608695652,998,4.59919839679359
952,47,4.64810924369748,4.04255319148936,999,4.61961961961962
951,46,4.63301787592008,3.93478260869565,997,4.60080240722167
952,47,4.6796218487395,3.97872340425532,999,4.64664664664665
954,45,4.71488469601677,4.04444444444444,999,4.68468468468468
958,41,4.77348643006263,3.78048780487805,999,4.73273273273273
954,44,4.77358490566038,3.63636363636364,998,4.72344689378758
958,39,4.78079331941545,3.84615384615385,997,4.74423269809428
956,41,4.78765690376569,4.0,997,4.75526579739218
957,41,4.80146290491118,4.07317073170732,998,4.77154308617235
963,36,4.81100726895119,4.08333333333333,999,4.78478478478478
962,36,4.81288981288981,4.33333333333333,998,4.79559118236473
959,38,4.84462982273201,4.36842105263158,997,4.82647943831495
962,36,4.83991683991684,4.25,998,4.8186372745491
963,36,4.82242990654206,4.19444444444444,999,4.7997997997998
962,35,4.82536382536383,4.14285714285714,997,4.80140421263791
962,36,4.83991683991684,4.05555555555556,998,4.81162324649299
961,38,4.73985431841831,4.07894736842105,999,4.71471471471471
958,38,4.72755741127349,4.18421052631579,996,4.70682730923695
963,36,4.78193146417445,4.05555555555556,999,4.75575575575576
959,39,4.74244004171011,4.33333333333333,998,4.72645290581162
966,33,4.77018633540373,4.24242424242424,999,4.75275275275275
965,34,4.74922279792746,4.35294117647059,999,4.73573573573574
967,32,4.74663908996898,4.5,999,4.73873873873874
963,33,4.73416407061267,4.27272727272727,996,4.71887550200803
966,33,4.67391304347826,4.36363636363636,999,4.66366366366366
959,39,4.70907194994786,4.17948717948718,998,4.68837675350701
958,37,4.75991649269311,4.2972972972973,995,4.7427135678392
959,39,4.73514077163712,4.53846153846154,998,4.72745490981964
958,40,4.73695198329854,4.5,998,4.72745490981964
957,41,4.7251828631139,4.51219512195122,998,4.71643286573146
963,36,4.71443406022845,4.52777777777778,999,4.70770770770771
961,34,4.67637877211238,4.67647058823529,995,4.67638190954774
961,38,4.71904266389178,4.55263157894737,999,4.71271271271271
963,34,4.72170301142264,4.67647058823529,997,4.72016048144433
965,34,4.64766839378238,4.67647058823529,999,4.64864864864865
964,35,4.64626556016598,4.48571428571429,999,4.64064064064064
966,33,4.675983436853,4.57575757575758,999,4.67267267267267
966,33,4.67391304347826,4.84848484848485,999,4.67967967967968
963,34,4.60436137071651,5.0,997,4.61785356068205
965,34,4.63523316062176,4.88235294117647,999,4.64364364364364
965,33,4.68290155440415,4.93939393939394,998,4.69138276553106
967,32,4.6794208893485,4.90625,999,4.68668668668669
963,35,4.68224299065421,4.77142857142857,998,4.68537074148297
966,33,4.62939958592133,4.72727272727273,999,4.63263263263263
966,33,4.63457556935818,4.63636363636364,999,4.63463463463463
967,31,4.63288521199586,4.7741935483871,998,4.6372745490982
966,33,4.6231884057971,4.75757575757576,999,4.62762762762763
967,32,4.58428128231644,4.875,999,4.59359359359359
966,33,4.62215320910973,4.6969696969697,999,4.62462462462462
964,35,4.59958506224066,4.6,999,4.5995995995996
965,34,4.59170984455959,4.94117647058824,999,4.6036036036036
967,32,4.62254395036194,5.09375,999,4.63763763763764
965,33,4.59170984455959,5.12121212121212,998,4.60921843687375
962,34,4.57172557172557,5.08823529411765,996,4.58935742971888
970,28,4.54639175257732,5.35714285714286,998,4.56913827655311
969,29,4.4984520123839,5.24137931034483,998,4.52004008016032
966,32,4.48964803312629,5.0625,998,4.50801603206413
968,31,4.51136363636364,5.03225806451613,999,4.52752752752753
969,30,4.52425180598555,5.03333333333333,999,4.53953953953954
973,26,4.54162384378212,4.92307692307692,999,4.55155155155155
969,29,4.60371517027864,4.96551724137931,998,4.61422845691383
967,31,4.61633919338159,4.7741935483871,998,4.62124248496994
971,28,4.62100926879506,4.64285714285714,999,4.62162162162162
970,29,4.6298969072165,4.75862068965517,999,4.63363363363363
969,28,4.60990712074303,4.78571428571429,997,4.6148445336008
968,29,4.6404958677686,4.82758620689655,997,4.64593781344032
969,27,4.68111455108359,4.7037037037037,996,4.68172690763052
971,26,4.67765190525232,4.76923076923077,997,4.68004012036108
973,25,4.66598150051387,4.76,998,4.66833667334669
974,25,4.68788501026694,5.12,999,4.6986986986987
971,25,4.68177136972194,4.88,996,4.68674698795181
971,28,4.70030895983522,4.75,999,4.7017017017017
970,29,4.70618556701031,4.6551724137931,999,4.7047047047047
970,28,4.68969072164948,4.89285714285714,998,4.69539078156313
973,26,4.61870503597122,4.80769230769231,999,4.62362362362362
975,24,4.57230769230769,4.79166666666667,999,4.57757757757758
974,24,4.56570841889117,4.66666666666667,998,4.56813627254509
972,27,4.60082304526749,4.74074074074074,999,4.6046046046046
973,26,4.56937307297019,4.76923076923077,999,4.57457457457457
972,26,4.51748971193416,4.61538461538461,998,4.52004008016032
976,22,4.48975409836066,4.36363636363636,998,4.48697394789579
974,23,4.48562628336756,4.21739130434783,997,4.47943831494483
977,22,4.51279426816786,4.40909090909091,999,4.51051051051051
977,22,4.50153531218014,4.54545454545455,999,4.5025025025025
973,24,4.50976361767729,4.625,997,4.51253761283852
973,25,4.48715313463515,4.64,998,4.49098196392786
976,23,4.53688524590164,4.26086956521739,999,4.53053053053053
976,23,4.53176229508197,3.95652173913043,999,4.51851851851852
972,26,4.47942386831276,3.76923076923077,998,4.46092184368737
969,29,4.46852425180599,3.79310344827586,998,4.44889779559118
971,27,4.49021627188465,3.96296296296296,998,4.47595190380762
976,22,4.5891393442623,4.22727272727273,998,4.5811623246493
975,24,4.60820512820513,4.08333333333333,999,4.5955955955956
972,27,4.63991769547325,4.66666666666667,999,4.64064064064064
971,26,4.65602471678682,4.53846153846154,997,4.65295887662989
977,21,4.63664278403275,4.66666666666667,998,4.6372745490982
980,19,4.61530612244898,4.36842105263158,999,4.61061061061061
981,18,4.64729867482161,4.33333333333333,999,4.64164164164164
978,21,4.61963190184049,4.47619047619048,999,4.61661661661662
976,22,4.60245901639344,4.45454545454545,998,4.59919839679359
976,22,4.63217213114754,4.5,998,4.62925851703407
977,22,4.65916069600819,4.63636363636364,999,4.65865865865866
977,22,4.60798362333674,4.86363636363636,999,4.61361361361361
979,20,4.6220633299285,5.1,999,4.63163163163163
976,23,4.59016393442623,4.95652173913043,999,4.5985985985986
977,22,4.60388945752303,4.95454545454545,999,4.61161161161161
978,21,4.57770961145194,4.90476190476191,999,4.58458458458458
975,24,4.56,4.79166666666667,999,4.56556556556557
975,23,4.56615384615385,4.91304347826087,998,4.57414829659319
978,19,4.58077709611452,4.73684210526316,997,4.58375125376128
977,20,4.63050153531218,4.5,997,4.62788365095286
976,23,4.63934426229508,4.30434782608696,999,4.63163163163163
977,22,4.61514841351075,4.31818181818182,999,4.60860860860861
974,23,4.60780287474333,4.56521739130435,997,4.60682046138415
976,23,4.61168032786885,4.65217391304348,999,4.61261261261261
978,21,4.64723926380368,4.85714285714286,999,4.65165165165165
977,22,4.63971340839304,4.5,999,4.63663663663664
976,22,4.60553278688525,4.27272727272727,998,4.59819639278557
977,21,4.59467758444217,4.28571428571429,998,4.58817635270541
978,21,4.59509202453988,4.19047619047619,999,4.58658658658659
978,21,4.61758691206544,4.19047619047619,999,4.60860860860861
976,22,4.58606557377049,4.31818181818182,998,4.58016032064128
975,22,4.5425641025641,4.27272727272727,997,4.53660982948847
974,23,4.55441478439425,4.21739130434783,997,4.54663991975928
976,23,4.56967213114754,4.21739130434783,999,4.56156156156156
972,26,4.57716049382716,4.34615384615385,998,4.57114228456914
972,25,4.58950617283951,4.2,997,4.57973921765296
970,27,4.62371134020619,4.2962962962963,997,4.6148445336008
976,23,4.67930327868852,4.56521739130435,999,4.67667667667668
975,23,4.58564102564103,4.69565217391304,998,4.58817635270541
973,25,4.6032887975334,4.56,998,4.60220440881764
972,27,4.61213991769547,4.62962962962963,999,4.61261261261261
971,27,4.59938208032956,4.40740740740741,998,4.59418837675351
972,27,4.61728395061728,4.40740740740741,999,4.61161161161161
971,27,4.62306900102987,4.48148148148148,998,4.61923847695391
969,29,4.6171310629515,4.58620689655172,998,4.61623246492986
973,25,4.58684480986639,4.08,998,4.57414829659319
972,26,4.60288065843621,4.46153846153846,998,4.59919839679359
973,26,4.56628982528263,4.26923076923077,999,4.55855855855856
975,23,4.50358974358974,3.8695652173913,998,4.48897795591182
975,23,4.52410256410256,3.95652173913043,998,4.51102204408818
973,25,4.52723535457348,3.88,998,4.51102204408818
970,28,4.53298969072165,4.07142857142857,998,4.52004008016032
973,26,4.56628982528263,3.92307692307692,999,4.54954954954955
974,24,4.5441478439425,4.125,998,4.53406813627254
972,27,4.5679012345679,4.0,999,4.55255255255255
973,25,4.52517985611511,3.84,998,4.50801603206413
974,24,4.49691991786448,4.20833333333333,998,4.48997995991984
974,24,4.47433264887064,4.25,998,4.4689378757515
977,22,4.42988741044012,4.04545454545455,999,4.42142142142142
975,24,4.3774358974359,4.16666666666667,999,4.37237237237237
971,27,4.36457260556128,4.22222222222222,998,4.36072144288577
972,27,4.33950617283951,4.14814814814815,999,4.33433433433433
971,27,4.32131822863028,4.14814814814815,998,4.31663326653307
969,29,4.34674922600619,4.20689655172414,998,4.34268537074148
965,33,4.43108808290155,4.0,998,4.41683366733467
966,32,4.44409937888199,4.15625,998,4.43486973947896
970,29,4.51340206185567,4.41379310344828,999,4.51051051051051
970,29,4.47319587628866,4.10344827586207,999,4.46246246246246
969,29,4.42311661506708,4.03448275862069,998,4.41182364729459
972,27,4.44238683127572,4.0,999,4.43043043043043
973,26,4.4141829393628,3.80769230769231,999,4.3983983983984
969,30,4.3921568627451,3.83333333333333,999,4.37537537537538
969,29,4.41795665634675,3.86206896551724,998,4.40180360721443
974,25,4.44455852156057,3.84,999,4.42942942942943
973,26,4.41932168550874,3.88461538461538,999,4.40540540540541
973,26,4.36896197327852,3.61538461538462,999,4.34934934934935
971,28,4.36045314109166,3.5,999,4.33633633633634
973,25,4.43679342240493,3.6,998,4.41583166332665
969,29,4.39009287925697,3.62068965517241,998,4.36773547094188
970,28,4.45257731958763,3.85714285714286,998,4.43587174348697
969,29,4.45407636738906,3.79310344827586,998,4.43486973947896
962,35,4.40852390852391,3.97142857142857,997,4.39317953861585
964,35,4.37759336099585,4.0,999,4.36436436436436
963,36,4.46209761163032,4.05555555555556,999,4.44744744744745
963,35,4.50051921079958,3.97142857142857,998,4.48196392785571
965,34,4.50466321243523,3.88235294117647,999,4.48348348348348
965,33,4.55233160621762,4.06060606060606,998,4.53607214428858
971,27,4.55303810504634,4.33333333333333,998,4.54709418837675
966,32,4.55072463768116,4.34375,998,4.54408817635271
971,28,4.54788877445932,4.17857142857143,999,4.53753753753754
972,27,4.55864197530864,4.44444444444444,999,4.55555555555556
972,27,4.61316872427984,4.48148148148148,999,4.60960960960961
971,27,4.60350154479918,4.22222222222222,998,4.59318637274549
973,25,4.59095580678315,4.08,998,4.57815631262525
973,26,4.56217882836588,4.15384615384615,999,4.55155155155155
974,25,4.51642710472279,4.32,999,4.51151151151151
969,29,4.54385964912281,3.96551724137931,998,4.52705410821643
