forward_num,reverse_num,forward_rate,reverse_rate,organism_num,organism_rate
500,500,5.5,5.5,1000,5.5
497,492,5.49094567404427,5.48780487804878,989,5.48938321536906
497,490,5.49094567404427,5.48979591836735,987,5.4903748733536
560,439,6.10535714285714,5.49202733485194,999,5.83583583583584
599,399,6.16360601001669,5.48872180451128,998,5.8937875751503
638,360,6.3448275862069,5.525,998,6.04909819639279
669,330,6.30792227204783,5.52121212121212,999,6.04804804804805
684,315,6.28801169590643,5.44126984126984,999,6.02102102102102
700,299,6.37714285714286,5.41471571906354,999,6.08908908908909
728,266,6.47252747252747,5.4812030075188,994,6.20724346076459
709,290,6.60789844851904,5.2551724137931,999,6.21521521521522
731,267,6.3406292749658,5.25093632958801,998,6.04909819639279
715,283,6.48951048951049,5.02826855123675,998,6.0751503006012
698,301,6.48710601719198,5.1063122923588,999,6.07107107107107
693,305,6.45887445887446,5.28852459016393,998,6.10120240480962
683,316,6.54172767203514,5.54113924050633,999,6.22522522522523
680,319,6.60294117647059,5.78369905956113,999,6.34134134134134
667,329,6.56521739130435,5.65957446808511,996,6.26606425702811
645,354,6.61240310077519,6.03389830508475,999,6.40740740740741
657,341,6.70776255707763,6.09970674486804,998,6.5
654,345,6.81498470948012,6.33333333333333,999,6.64864864864865
672,327,6.44345238095238,6.1651376146789,999,6.35235235235235
644,355,6.56832298136646,6.27887323943662,999,6.46546546546547
647,352,6.6306027820711,6.26988636363636,999,6.5035035035035
659,337,6.60546282245827,6.33234421364985,996,6.51305220883534
655,343,6.62137404580153,6.45772594752187,998,6.56513026052104
663,336,6.72549019607843,6.33333333333333,999,6.59359359359359
674,323,6.76261127596439,6.47368421052632,997,6.66900702106319
671,328,6.81967213114754,6.42682926829268,999,6.69069069069069
675,324,6.85037037037037,6.49074074074074,999,6.73373373373373
672,327,6.91369047619048,6.53822629969419,999,6.79079079079079
664,334,6.88704819277108,6.52395209580838,998,6.76553106212425
666,332,6.92192192192192,6.51807228915663,998,6.7875751503006
671,328,6.97317436661699,6.60060975609756,999,6.85085085085085
665,334,6.95187969924812,6.65868263473054,999,6.85385385385385
680,319,6.97941176470588,6.69905956112853,999,6.88988988988989
673,326,6.85586924219911,6.73926380368098,999,6.81781781781782
676,323,6.82544378698225,6.74922600619195,999,6.8008008008008
675,324,6.88592592592593,6.76543209876543,999,6.84684684684685
655,342,6.94198473282443,6.83040935672515,997,6.9037111334002
666,333,7.003003003003,6.82582582582583,999,6.94394394394394
672,327,6.84077380952381,6.7737003058104,999,6.81881881881882
666,333,6.95195195195195,6.78978978978979,999,6.8978978978979
660,338,7.0,6.84615384615385,998,6.94789579158317
664,335,7.07530120481928,6.85671641791045,999,7.002002002002
665,332,7.0796992481203,6.93072289156626,997,7.03009027081244
671,328,7.13114754098361,7.00914634146341,999,7.09109109109109
657,342,7.19482496194825,6.92690058479532,999,7.1031031031031
662,337,7.24622356495468,6.91988130563798,999,7.13613613613614
661,338,7.29198184568835,6.92899408284024,999,7.16916916916917
665,334,7.34586466165414,7.02994011976048,999,7.24024024024024
669,329,7.39162929745889,7.03343465045593,998,7.27354709418838
686,311,7.42857142857143,7.01607717041801,997,7.29989969909729
690,307,7.47826086956522,7.05211726384365,997,7.34704112337011
696,303,7.5301724137931,7.04950495049505,999,7.38438438438438
691,306,7.47178002894356,7.07516339869281,997,7.35005015045135
694,305,7.50720461095101,7.11475409836066,999,7.38738738738739
692,307,7.52601156069364,7.13355048859935,999,7.40540540540541
698,300,7.59169054441261,7.18666666666667,998,7.46993987975952
696,303,7.59051724137931,7.15841584158416,999,7.45945945945946
693,305,7.63203463203463,7.18688524590164,998,7.49599198396794
686,313,7.66763848396501,7.09584664536741,999,7.48848848848849
674,323,7.62166172106825,7.10216718266254,997,7.45336008024072
682,316,7.62463343108504,7.27215189873418,998,7.51302605210421
676,321,7.60798816568047,7.33644859813084,997,7.52056168505517
665,330,7.71428571428571,7.30909090909091,995,7.57989949748744
665,331,7.7218045112782,7.41993957703928,996,7.6214859437751
672,324,7.73660714285714,7.4537037037037,996,7.64457831325301
678,321,7.73746312684366,7.51401869158879,999,7.66566566566567
685,314,7.8014598540146,7.54140127388535,999,7.71971971971972
691,308,7.83212735166425,7.54545454545455,999,7.74374374374374
695,304,7.88057553956835,7.51973684210526,999,7.77077077077077
696,303,7.92385057471264,7.49174917491749,999,7.79279279279279
693,304,7.94660894660895,7.57565789473684,997,7.83350050150451
700,299,7.95285714285714,7.62207357859532,999,7.85385385385385
700,298,7.95,7.60738255033557,998,7.84769539078156
706,293,7.94900849858357,7.74061433447099,999,7.88788788788789
712,287,7.98033707865169,7.68292682926829,999,7.89489489489489
708,291,7.96327683615819,7.68041237113402,999,7.88088088088088
710,288,7.97183098591549,7.71527777777778,998,7.89779559118236
700,297,7.98285714285714,7.75420875420875,997,7.91474423269809
703,295,8.02844950213371,7.7728813559322,998,7.95290581162325
705,294,8.01702127659575,7.79931972789116,999,7.95295295295295
704,295,8.02130681818182,7.86779661016949,999,7.97597597597598
700,299,8.09428571428571,7.87959866220736,999,8.03003003003003
709,289,8.14668547249647,7.80968858131488,998,8.04909819639279
708,291,8.18361581920904,7.88659793814433,999,8.0970970970971
711,288,8.23206751054852,7.88888888888889,999,8.13313313313313
717,282,8.2649930264993,7.90425531914894,999,8.16316316316316
715,284,8.2951048951049,7.89084507042254,999,8.18018018018018
718,281,8.31754874651811,7.85409252669039,999,8.18718718718719
723,275,8.31396957123098,7.77454545454545,998,8.16533066132265
730,267,8.32054794520548,7.7752808988764,997,8.17452357071214
731,265,8.3406292749658,7.8,996,8.19678714859438
742,257,8.34097035040431,7.84046692607004,999,8.21221221221221
751,247,8.30892143808256,7.80971659919028,998,8.18537074148297
746,251,8.35254691689008,7.81274900398406,997,8.21664994984955
752,247,8.36170212765957,7.77327935222672,999,8.21621621621622
762,236,8.34645669291339,7.74152542372881,998,8.20340681362725
760,238,8.35657894736842,7.70168067226891,998,8.20040080160321
756,243,8.40740740740741,7.71604938271605,999,8.23923923923924
758,241,8.41292875989446,7.74273858921162,999,8.25125125125125
765,234,8.40522875816993,7.82478632478632,999,8.26926926926927
760,239,8.46973684210526,7.82426778242678,999,8.31531531531532
769,230,8.46163849154746,7.9,999,8.33233233233233
768,230,8.45182291666667,7.91304347826087,998,8.32765531062124
763,236,8.48623853211009,7.91949152542373,999,8.35235235235235
758,240,8.47757255936675,8.02916666666667,998,8.36973947895792
754,243,8.4867374005305,8.03703703703704,997,8.37713139418255
758,241,8.5131926121372,8.10373443983402,999,8.41441441441441
759,238,8.53754940711462,8.09663865546218,997,8.43229689067202
756,243,8.56084656084656,8.14814814814815,999,8.46046046046046
755,243,8.60132450331126,8.18106995884774,998,8.49899799599198
764,235,8.59424083769633,8.13191489361702,999,8.48548548548549
763,236,8.60943643512451,8.1228813559322,999,8.49449449449449
774,222,8.64599483204134,8.18018018018018,996,8.54216867469879
770,227,8.67402597402597,8.19823788546256,997,8.56569709127382
768,231,8.68359375,8.25974025974026,999,8.58558558558559
764,234,8.69109947643979,8.29059829059829,998,8.59719438877756
768,231,8.70182291666667,8.32900432900433,999,8.61561561561562
767,231,8.71707953063885,8.35064935064935,998,8.63226452905812
767,232,8.73402868318123,8.39224137931035,999,8.65465465465465
770,229,8.72597402597403,8.32751091703057,999,8.63463463463463
767,232,8.70925684485007,8.34051724137931,999,8.62362362362362
767,231,8.71707953063885,8.32467532467532,998,8.62625250501002
764,234,8.70680628272251,8.33760683760684,998,8.62024048096192
765,233,8.73071895424837,8.30472103004292,998,8.6312625250501
756,242,8.73148148148148,8.35123966942149,998,8.63927855711423
759,240,8.71277997364954,8.37083333333333,999,8.63063063063063
768,231,8.81380208333333,8.41991341991342,999,8.72272272272272
761,238,8.80683311432326,8.32352941176471,999,8.69169169169169
764,235,8.82068062827225,8.32340425531915,999,8.7037037037037
757,241,8.8560105680317,8.35269709543569,998,8.73446893787575
761,238,8.87385019710907,8.38235294117647,999,8.75675675675676
758,241,8.87203166226913,8.38174273858921,999,8.75375375375375
751,247,8.88282290279627,8.48178137651822,998,8.78356713426854
742,256,8.90566037735849,8.4921875,998,8.79959919839679
738,259,8.91327913279133,8.48648648648649,997,8.80240722166499
741,258,8.91497975708502,8.51937984496124,999,8.81281281281281
741,258,8.91093117408907,8.52325581395349,999,8.81081081081081
746,252,8.92895442359249,8.53571428571429,998,8.82965931863727
756,243,8.99074074074074,8.51851851851852,999,8.87587587587588
752,245,8.98936170212766,8.55510204081633,997,8.8826479438315
754,243,8.96021220159151,8.55144032921811,997,8.86058174523571
754,244,8.97082228116711,8.62295081967213,998,8.88577154308617
755,244,8.99205298013245,8.63934426229508,999,8.90590590590591
756,242,9.005291005291,8.65289256198347,998,8.91983967935872
758,239,9.00527704485488,8.67364016736402,997,8.92577733199599
760,238,9.00657894736842,8.66806722689076,998,8.92585170340681
750,247,9.02666666666667,8.7004048582996,997,8.94583751253761
752,246,9.01462765957447,8.73577235772358,998,8.94589178356713
747,252,9.02677376171352,8.72619047619048,999,8.95095095095095
754,245,9.05702917771883,8.83265306122449,999,9.002002002002
751,248,9.07057256990679,8.86693548387097,999,9.02002002002002
751,248,9.06258322237017,8.81854838709677,999,9.002002002002
741,257,9.07287449392713,8.84824902723735,998,9.01503006012024
745,254,9.08187919463087,8.88582677165354,999,9.03203203203203
740,257,9.09459459459459,8.92217898832685,997,9.05015045135406
745,254,9.08053691275168,8.93307086614173,999,9.04304304304304
749,249,9.06275033377837,8.94377510040161,998,9.03306613226453
758,241,9.0778364116095,8.94190871369295,999,9.04504504504505
750,248,9.08666666666667,8.95564516129032,998,9.05410821643287
747,252,9.06961178045515,8.94047619047619,999,9.03703703703704
745,253,9.07785234899329,8.95652173913044,998,9.04709418837675
742,257,9.0633423180593,8.98443579766537,999,9.04304304304304
751,248,9.06657789613848,9.04032258064516,999,9.06006006006006
757,242,9.06472919418758,8.98347107438017,999,9.04504504504505
757,242,9.06208718626156,8.97520661157025,999,9.04104104104104
761,238,9.05781865965834,8.97899159663866,999,9.03903903903904
765,234,9.06666666666667,8.94871794871795,999,9.03903903903904
773,225,9.0620957309185,9.00444444444445,998,9.04909819639279
771,227,9.06614785992218,8.99118942731278,998,9.04909819639279
773,226,9.08408796895213,9.03097345132743,999,9.07207207207207
778,221,9.08097686375321,9.04524886877828,999,9.07307307307307
765,234,9.08627450980392,9.08547008547009,999,9.08608608608609
774,225,9.10335917312661,9.09777777777778,999,9.1021021021021
778,221,9.09511568123393,9.14027149321267,999,9.10510510510511
780,219,9.09102564102564,9.1689497716895,999,9.10810810810811
782,214,9.11253196930946,9.18691588785047,996,9.1285140562249
781,215,9.1190781049936,9.1906976744186,996,9.13453815261044
776,223,9.10567010309278,9.18385650224215,999,9.12312312312312
786,211,9.12468193384224,9.17061611374408,997,9.13440320962889
783,215,9.12771392081737,9.16744186046512,998,9.13627254509018
780,218,9.1474358974359,9.15137614678899,998,9.14829659318637
774,225,9.15116279069767,9.19555555555556,999,9.16116116116116
778,221,9.11953727506427,9.20361990950226,999,9.13813813813814
776,222,9.14561855670103,9.24324324324324,998,9.16733466933868
770,228,9.16493506493507,9.2719298245614,998,9.18937875751503
773,226,9.17335058214748,9.29646017699115,999,9.2012012012012
780,218,9.18333333333333,9.28899082568807,998,9.2064128256513
778,221,9.15938303341902,9.25339366515837,999,9.18018018018018
782,216,9.17135549872123,9.20833333333333,998,9.17935871743487
775,222,9.17290322580645,9.23423423423423,997,9.18655967903711
773,225,9.16429495472186,9.24444444444444,998,9.18236472945892
778,220,9.13239074550128,9.25454545454545,998,9.15931863727455
780,217,9.15,9.26728110599078,997,9.17552657973922
782,217,9.18030690537084,9.26267281105991,999,9.1981981981982
780,219,9.17692307692308,9.25570776255708,999,9.19419419419419
777,217,9.19176319176319,9.25345622119816,994,9.20523138832998
783,215,9.21328224776501,9.24186046511628,998,9.21943887775551
784,213,9.25,9.28169014084507,997,9.2567703109328
787,211,9.25540025412961,9.28436018957346,998,9.26152304609218
787,212,9.26810673443456,9.33018867924528,999,9.28128128128128
785,214,9.2968152866242,9.33177570093458,999,9.3043043043043
772,225,9.29274611398964,9.35555555555556,997,9.30692076228686
772,227,9.29015544041451,9.33480176211454,999,9.3003003003003
766,232,9.30156657963446,9.33189655172414,998,9.30861723446894
768,231,9.30598958333333,9.32900432900433,999,9.31131131131131
767,232,9.30378096479791,9.36206896551724,999,9.31731731731732
764,232,9.31413612565445,9.33189655172414,996,9.31827309236948
768,230,9.31640625,9.33478260869565,998,9.32064128256513
777,222,9.34362934362934,9.33333333333333,999,9.34134134134134
773,226,9.34928848641656,9.35840707964602,999,9.35135135135135
776,223,9.33505154639175,9.41704035874439,999,9.35335335335335
783,215,9.33461047254151,9.44186046511628,998,9.35771543086172
784,215,9.3469387755102,9.47906976744186,999,9.37537537537538
779,219,9.34403080872914,9.47488584474886,998,9.37274549098196
775,224,9.32,9.50446428571429,999,9.36136136136136
771,226,9.32814526588846,9.47787610619469,997,9.36208625877633
764,233,9.33638743455497,9.47639484978541,997,9.3691073219659
770,228,9.34285714285714,9.49122807017544,998,9.37675350701403
759,239,9.32411067193676,9.48953974895398,998,9.36372745490982
763,235,9.33813892529489,9.48085106382979,998,9.37174348697395
760,239,9.35921052631579,9.46443514644352,999,9.38438438438438
765,234,9.38169934640523,9.44017094017094,999,9.3953953953954
761,237,9.38896189224704,9.43037974683544,998,9.39879759519038
760,238,9.40131578947368,9.44117647058824,998,9.41082164328657
762,235,9.4238845144357,9.4468085106383,997,9.42928786359077
762,237,9.42913385826772,9.43459915611814,999,9.43043043043043
763,235,9.44692005242464,9.42978723404255,998,9.44288577154309
765,234,9.45359477124183,9.42735042735043,999,9.44744744744745
763,235,9.45609436435124,9.42127659574468,998,9.44789579158317
766,232,9.46605744125326,9.4051724137931,998,9.45190380761523
774,225,9.47803617571059,9.40444444444444,999,9.46146146146146
774,225,9.49741602067184,9.36888888888889,999,9.46846846846847
768,230,9.5,9.39130434782609,998,9.4749498997996
763,232,9.50065530799476,9.38793103448276,995,9.47437185929648
759,238,9.48616600790514,9.40756302521008,997,9.46740220661986
767,231,9.4993481095176,9.4025974025974,998,9.47695390781563
768,230,9.48697916666667,9.4304347826087,998,9.47394789579158
769,230,9.47854356306892,9.43478260869565,999,9.46846846846847
766,233,9.48172323759791,9.46781115879828,999,9.47847847847848
764,233,9.5,9.45064377682403,997,9.48846539618857
767,231,9.50325945241199,9.43290043290043,998,9.48697394789579
770,228,9.4987012987013,9.42105263157895,998,9.4809619238477
774,225,9.51033591731266,9.43111111111111,999,9.49249249249249
768,231,9.53255208333333,9.40692640692641,999,9.5035035035035
773,224,9.52005174644243,9.39732142857143,997,9.49247743229689
771,228,9.52140077821012,9.3640350877193,999,9.48548548548549
768,231,9.51692708333333,9.38528138528138,999,9.48648648648649
776,223,9.52963917525773,9.34529147982063,999,9.48848848848849
775,224,9.5341935483871,9.34821428571429,999,9.49249249249249
773,226,9.52652005174644,9.34513274336283,999,9.48548548548549
778,220,9.53984575835476,9.34090909090909,998,9.49599198396794
774,224,9.54521963824289,9.33035714285714,998,9.49699398797595
775,223,9.53677419354839,9.33632286995516,998,9.49198396793587
781,216,9.52112676056338,9.33333333333333,997,9.48044132397191
778,221,9.51285347043702,9.30769230769231,999,9.46746746746747
785,214,9.50445859872612,9.32710280373832,999,9.46646646646647
784,215,9.50127551020408,9.29767441860465,999,9.45745745745746
784,215,9.49107142857143,9.26046511627907,999,9.44144144144144
781,218,9.49295774647887,9.29816513761468,999,9.45045045045045
772,226,9.48963730569948,9.29203539823009,998,9.44488977955912
777,222,9.48648648648649,9.31081081081081,999,9.44744744744745
772,226,9.46761658031088,9.33185840707965,998,9.43687374749499
774,225,9.46640826873385,9.33333333333333,999,9.43643643643644
769,229,9.45253576072822,9.32314410480349,998,9.42284569138276
773,226,9.4372574385511,9.30973451327434,999,9.40840840840841
769,229,9.43823146944083,9.34061135371179,998,9.41583166332665
761,238,9.44152431011826,9.29831932773109,999,9.40740740740741
750,247,9.46533333333333,9.30769230769231,997,9.42627883650953
763,235,9.45085190039318,9.32765957446808,998,9.42184368737475
756,242,9.47222222222222,9.36776859504132,998,9.44689378757515
764,233,9.4869109947644,9.32188841201717,997,9.44834503510532
764,234,9.47905759162304,9.32051282051282,998,9.44188376753507
774,224,9.50129198966408,9.26785714285714,998,9.44889779559118
774,224,9.4922480620155,9.26785714285714,998,9.44188376753507
772,225,9.48575129533679,9.27111111111111,997,9.43731193580742
777,222,9.46589446589447,9.22972972972973,999,9.41341341341341
773,223,9.46313065976714,9.20627802690583,996,9.40562248995984
771,227,9.47341115434501,9.15859030837004,998,9.40180360721443
764,235,9.48298429319372,9.14893617021277,999,9.4044044044044
780,219,9.47948717948718,9.16438356164384,999,9.41041041041041
784,214,9.49489795918367,9.20093457943925,998,9.43186372745491
783,215,9.48786717752235,9.14418604651163,998,9.41382765531062
787,211,9.49047013977128,9.17061611374408,998,9.42284569138276
787,212,9.50571791613723,9.14150943396226,999,9.42842842842843
794,204,9.49496221662469,9.1421568627451,998,9.42284569138276
794,205,9.50125944584383,9.15121951219512,999,9.42942942942943
787,211,9.49936467598475,9.16587677725119,998,9.42885771543086
782,217,9.50511508951407,9.14746543778802,999,9.42742742742743
776,223,9.49484536082474,9.15246636771301,999,9.41841841841842
775,224,9.49935483870968,9.1875,999,9.42942942942943
768,231,9.5,9.16017316017316,999,9.42142142142142
769,229,9.50845253576073,9.17030567685589,998,9.43086172344689
763,235,9.51769331585845,9.18723404255319,998,9.43987975951904
763,234,9.52293577981651,9.13675213675214,997,9.43229689067202
759,240,9.52437417654809,9.15,999,9.43443443443443
765,233,9.53986928104575,9.15450643776824,998,9.4498997995992
761,238,9.54139290407359,9.18067226890756,999,9.45545545545546
767,232,9.53324641460235,9.18534482758621,999,9.45245245245245
765,234,9.5359477124183,9.18803418803419,999,9.45445445445445
770,229,9.53896103896104,9.15720524017467,999,9.45145145145145
773,226,9.53169469598965,9.19911504424779,999,9.45645645645646
781,217,9.52496798975672,9.17972350230415,998,9.4498997995992
779,220,9.5211810012837,9.16818181818182,999,9.44344344344344
777,221,9.52638352638353,9.18552036199095,998,9.45090180360721
776,223,9.52061855670103,9.17040358744395,999,9.44244244244244
775,223,9.50967741935484,9.12556053811659,998,9.42384769539078
784,214,9.50382653061224,9.1214953271028,998,9.42184368737475
782,214,9.51023017902813,9.10280373831776,996,9.42269076305221
781,217,9.51728553137004,9.06912442396313,998,9.41983967935872
785,213,9.50063694267516,9.09859154929577,998,9.41482965931864
793,206,9.51702395964691,9.07766990291262,999,9.42642642642643
793,206,9.51450189155107,9.03398058252427,999,9.41541541541542
790,207,9.5,9.02898550724638,997,9.40220661985958
792,206,9.51388888888889,9.01456310679612,998,9.41082164328657
796,203,9.51381909547739,8.99014778325123,999,9.40740740740741
794,204,9.49874055415617,9.0,998,9.39679358717435
795,203,9.50314465408805,8.96551724137931,998,9.3937875751503
792,206,9.50252525252525,8.98543689320388,998,9.39579158316633
791,208,9.52718078381795,8.97596153846154,999,9.41241241241241
794,201,9.53904282115869,8.96019900497512,995,9.42211055276382
796,203,9.54899497487437,9.01970443349754,999,9.44144144144144
793,206,9.53341740226986,9.02427184466019,999,9.42842842842843
795,203,9.52955974842767,9.0,998,9.42184368737475
790,207,9.53164556962025,9.00966183574879,997,9.42326980942829
792,207,9.54671717171717,9.06763285024155,999,9.44744744744745
790,209,9.54936708860759,9.03827751196172,999,9.44244244244244
792,207,9.56313131313131,9.03381642512077,999,9.45345345345345
783,213,9.58492975734355,9.02347417840376,996,9.464859437751
782,214,9.60230179028133,9.02336448598131,996,9.47791164658635
775,224,9.60387096774194,9.0,999,9.46846846846847
781,218,9.6145966709347,8.9954128440367,999,9.47947947947948
782,217,9.61892583120205,8.97695852534562,999,9.47947947947948
773,226,9.60931435963778,8.92035398230088,999,9.45345345345345
769,229,9.59947984395319,8.94323144104803,998,9.44889779559118
774,225,9.60981912144703,8.95111111111111,999,9.46146146146146
784,214,9.59311224489796,8.94859813084112,998,9.45490981963928
793,206,9.58764186633039,8.92718446601942,999,9.45145145145145
795,204,9.58867924528302,8.93137254901961,999,9.45445445445445
792,203,9.60227272727273,8.94088669950739,995,9.46733668341709
791,208,9.61314791403287,8.95192307692308,999,9.47547547547548
784,214,9.59438775510204,8.95794392523364,998,9.45791583166333
789,209,9.60456273764258,8.92344497607655,998,9.46192384769539
792,206,9.60606060606061,8.92718446601942,998,9.46593186372746
796,203,9.60929648241206,8.92118226600985,999,9.46946946946947
788,211,9.61548223350254,8.91469194312796,999,9.46746746746747
792,207,9.60353535353535,8.93236714975845,999,9.46446446446446
793,205,9.61664564943253,8.9219512195122,998,9.47394789579158
798,201,9.61528822055138,8.86567164179104,999,9.46446446446446
799,200,9.61451814768461,8.94,999,9.47947947947948
798,200,9.62907268170426,8.96,998,9.49498997995992
797,202,9.62986198243413,8.98019801980198,999,9.4984984984985
803,194,9.63013698630137,8.97938144329897,997,9.50351053159478
802,196,9.6359102244389,8.96428571428571,998,9.50400801603206
805,194,9.63726708074534,8.97422680412371,999,9.50850850850851
801,198,9.63670411985019,8.98484848484848,999,9.50750750750751
804,194,9.62935323383085,8.96907216494845,998,9.50100200400802
806,192,9.63399503722084,8.96875,998,9.5060120240481
796,200,9.63065326633166,9.055,996,9.51506024096386
797,202,9.63111668757842,8.99009900990099,999,9.5015015015015
796,201,9.63819095477387,8.99502487562189,997,9.50852557673019
801,197,9.65043695380774,8.99492385786802,998,9.52104208416834
807,192,9.63692688971499,8.99479166666667,999,9.51351351351351
814,185,9.64619164619165,8.9945945945946,999,9.52552552552553
809,189,9.65265760197775,8.98941798941799,998,9.52705410821643
817,181,9.6438188494492,8.89502762430939,998,9.50801603206413
812,185,9.64778325123153,8.90810810810811,997,9.51053159478435
811,186,9.65598027127004,8.90860215053763,997,9.51654964894684
810,187,9.66296296296296,8.88770053475936,997,9.51755265797392
816,183,9.67279411764706,8.85792349726776,999,9.52352352352352
814,183,9.66953316953317,8.90710382513661,997,9.5295887662989
815,184,9.67852760736196,8.90217391304348,999,9.53553553553554
820,179,9.67560975609756,8.88268156424581,999,9.53353353353353
824,175,9.6747572815534,8.86285714285714,999,9.53253253253253
826,173,9.67554479418886,8.8150289017341,999,9.52652652652653
830,169,9.6710843373494,8.83431952662722,999,9.52952952952953
832,167,9.66947115384615,8.80838323353293,999,9.52552552552553
825,173,9.6630303030303,8.79768786127168,998,9.51302605210421
825,173,9.65090909090909,8.85549132947977,998,9.51302605210421
823,175,9.64277035236938,8.86285714285714,998,9.5060120240481
819,180,9.63980463980464,8.83333333333333,999,9.49449449449449
822,177,9.6374695863747,8.84745762711864,999,9.4974974974975
822,176,9.62895377128954,8.82954545454546,998,9.48797595190381
817,182,9.64259485924113,8.86263736263736,999,9.5005005005005
818,181,9.64058679706601,8.89502762430939,999,9.50550550550551
812,186,9.64901477832512,8.88709677419355,998,9.50701402805611
814,184,9.64619164619165,8.89673913043478,998,9.50801603206413
817,182,9.65116279069767,8.95604395604396,999,9.52452452452452
816,181,9.6421568627451,8.92265193370166,997,9.51153460381143
816,183,9.6421568627451,8.9344262295082,999,9.51251251251251
813,185,9.65067650676507,8.98918918918919,998,9.52805611222445
810,187,9.65308641975309,9.0,997,9.53059177532598
818,180,9.65647921760391,8.98333333333333,998,9.53507014028056
818,179,9.67970660146699,9.00558659217877,997,9.55867602808425
828,170,9.68599033816425,8.97058823529412,998,9.56412825651303
823,176,9.70230862697448,8.94318181818182,999,9.56856856856857
823,175,9.69987849331713,8.98857142857143,998,9.5751503006012
824,175,9.70873786407767,8.96,999,9.57757757757758
819,179,9.70695970695971,8.93296089385475,998,9.56813627254509
825,174,9.70909090909091,8.91954022988506,999,9.57157157157157
824,172,9.71601941747573,8.87790697674419,996,9.57128514056225
836,162,9.71172248803828,8.89506172839506,998,9.57915831663327
829,169,9.72255729794934,8.9112426035503,998,9.58517034068136
840,158,9.70833333333333,8.86075949367089,998,9.57414829659319
847,152,9.71192443919717,8.82894736842105,999,9.57757757757758
841,157,9.71581450653983,8.80891719745223,998,9.57314629258517
847,152,9.71428571428571,8.77631578947368,999,9.57157157157157
845,154,9.71479289940828,8.74675324675325,999,9.56556556556557
850,149,9.71882352941176,8.79194630872483,999,9.58058058058058
849,150,9.71849234393404,8.74666666666667,999,9.57257257257257
851,146,9.70740305522914,8.70547945205479,997,9.56068204613842
851,148,9.71680376028202,8.72297297297297,999,9.56956956956957
845,154,9.71834319526627,8.71428571428571,999,9.56356356356356
843,155,9.71767497034401,8.70322580645161,998,9.56012024048096
848,151,9.71580188679245,8.66887417218543,999,9.55755755755756
843,156,9.71648873072361,8.64102564102564,999,9.54854854854855
848,151,9.71698113207547,8.66887417218543,999,9.55855855855856
853,146,9.70339976553341,8.68493150684932,999,9.55455455455455
854,145,9.71077283372365,8.67586206896552,999,9.56056056056056
859,138,9.70314318975553,8.65217391304348,997,9.55767301905717
858,139,9.7051282051282,8.69784172661871,997,9.56469408224674
860,138,9.69883720930233,8.70289855072464,998,9.56112224448898
863,136,9.69524913093859,8.69852941176471,999,9.55955955955956
858,140,9.7016317016317,8.70714285714286,998,9.56212424849699
856,142,9.70093457943925,8.7112676056338,998,9.56012024048096
862,137,9.7169373549884,8.65693430656934,999,9.57157157157157
860,136,9.71860465116279,8.65441176470588,996,9.57329317269076
859,139,9.72759022118743,8.64748201438849,998,9.57715430861724
863,136,9.71263035921205,8.66176470588235,999,9.56956956956957
863,133,9.72885283893395,8.72932330827068,996,9.59538152610442
862,137,9.71925754060325,8.73722627737226,999,9.58458458458458
856,143,9.72196261682243,8.75524475524475,999,9.58358358358358
855,143,9.72982456140351,8.77622377622378,998,9.59318637274549
855,142,9.71578947368421,8.80985915492958,997,9.58676028084253
852,146,9.72769953051643,8.78082191780822,998,9.58917835671343
850,148,9.72117647058823,8.78378378378378,998,9.58216432865732
855,143,9.71695906432748,8.76223776223776,998,9.58016032064128
844,154,9.72630331753554,8.73376623376623,998,9.57314629258517
849,150,9.73616018845701,8.74,999,9.58658658658659
845,152,9.73491124260355,8.76315789473684,997,9.58676028084253
845,154,9.73491124260355,8.72727272727273,999,9.57957957957958
846,153,9.72931442080378,8.73202614379085,999,9.57657657657658
851,148,9.73913043478261,8.67567567567568,999,9.58158158158158
849,147,9.74793875147232,8.70068027210884,996,9.5933734939759
855,143,9.74269005847953,8.73426573426574,998,9.59819639278557
858,140,9.74242424242424,8.65,998,9.58917835671343
859,140,9.74272409778813,8.62857142857143,999,9.58658658658659
858,141,9.75291375291375,8.63120567375887,999,9.59459459459459
856,142,9.75700934579439,8.59859154929577,998,9.59218436873748
860,138,9.76511627906977,8.6231884057971,998,9.60721442885771
863,136,9.76013904982619,8.69852941176471,999,9.61561561561562
862,136,9.76450116009281,8.68382352941176,998,9.61723446893788
861,137,9.77119628339141,8.69343065693431,998,9.62324649298597
864,135,9.75115740740741,8.75555555555556,999,9.61661661661662
855,144,9.74970760233918,8.73611111111111,999,9.6036036036036
861,138,9.74332171893147,8.78985507246377,999,9.61161161161161
861,137,9.74332171893147,8.81021897810219,998,9.61523046092184
863,135,9.74623406720742,8.76296296296296,998,9.61322645290581
869,129,9.74108170310702,8.76744186046512,998,9.61523046092184
867,132,9.73933102652826,8.78030303030303,999,9.61261261261261
873,126,9.73539518900344,8.76190476190476,999,9.61261261261261
872,127,9.73623853211009,8.83464566929134,999,9.62162162162162
877,121,9.73432155074116,8.85123966942149,998,9.62725450901804
876,123,9.74086757990868,8.86991869918699,999,9.63363363363363
877,121,9.74116305587229,8.87603305785124,998,9.63627254509018
872,127,9.74311926605505,8.89763779527559,999,9.63563563563564
873,126,9.74455899198167,8.88095238095238,999,9.63563563563564
876,123,9.74200913242009,8.90243902439024,999,9.63863863863864
877,120,9.72633979475485,8.88333333333333,997,9.62487462387161
878,120,9.7380410022779,8.83333333333333,998,9.62925851703407
875,123,9.73942857142857,8.90243902439024,998,9.63627254509018
881,117,9.73439273552781,8.88888888888889,998,9.63527054108216
877,122,9.73432155074116,8.85245901639344,999,9.62662662662663
877,122,9.73318129988598,8.86065573770492,999,9.62662662662663
873,126,9.71821305841924,8.87301587301587,999,9.61161161161161
876,123,9.72260273972603,8.82113821138211,999,9.61161161161161
872,127,9.72247706422018,8.8503937007874,999,9.61161161161161
872,125,9.71674311926606,8.848,997,9.60782347041123
877,121,9.71607753705815,8.81818181818182,998,9.60721442885771
875,124,9.72457142857143,8.83870967741935,999,9.61461461461461
871,127,9.73134328358209,8.86614173228346,998,9.62124248496994
870,129,9.73563218390805,8.87596899224806,999,9.62462462462462
868,131,9.73617511520737,8.89312977099237,999,9.62562562562563
869,129,9.73417721518987,8.89922480620155,998,9.62625250501002
868,131,9.74423963133641,8.88549618320611,999,9.63163163163163
863,134,9.74507531865585,8.8955223880597,997,9.6308926780341
875,123,9.744,8.89430894308943,998,9.63927855711423
879,120,9.74744027303754,8.86666666666667,999,9.64164164164164
883,116,9.7519818799547,8.82758620689655,999,9.64464464464464
885,113,9.75141242937853,8.80530973451327,998,9.64428857715431
886,113,9.74153498871332,8.79646017699115,999,9.63463463463463
886,113,9.74492099322799,8.78761061946903,999,9.63663663663664
881,115,9.74801362088536,8.77391304347826,996,9.6355421686747
878,119,9.75170842824601,8.80672268907563,997,9.63891675025075
872,127,9.75229357798165,8.80314960629921,999,9.63163163163163
879,120,9.75085324232082,8.81666666666667,999,9.63863863863864
882,117,9.75283446712018,8.81196581196581,999,9.64264264264264
876,121,9.75799086757991,8.8099173553719,997,9.64292878635908
881,118,9.7627695800227,8.8135593220339,999,9.65065065065065
876,121,9.7648401826484,8.83471074380165,997,9.65195586760281
885,114,9.76158192090396,8.82456140350877,999,9.65465465465465
884,115,9.76357466063348,8.86086956521739,999,9.65965965965966
881,118,9.76049943246311,8.88983050847458,999,9.65765765765766
877,121,9.75712656784493,8.88429752066116,998,9.65130260521042
881,118,9.74914869466515,8.89830508474576,999,9.64864864864865
883,116,9.75764439411098,8.88793103448276,999,9.65665665665666
881,118,9.76163450624291,8.86440677966102,999,9.65565565565566
879,119,9.76109215017065,8.81512605042017,998,9.64829659318637
883,116,9.76330690826727,8.80172413793103,999,9.65165165165165
888,111,9.76013513513514,8.8018018018018,999,9.65365365365365
888,111,9.76238738738739,8.79279279279279,999,9.65465465465465
889,109,9.74690663667042,8.80733944954128,998,9.64428857715431
887,112,9.74633596392334,8.79464285714286,999,9.63963963963964
885,114,9.74915254237288,8.85087719298246,999,9.64664664664665
881,115,9.7377979568672,8.83478260869565,996,9.63353413654619
877,122,9.73546180159635,8.81147540983607,999,9.62262262262262
881,116,9.73439273552781,8.79310344827586,997,9.62487462387161
876,120,9.72945205479452,8.75833333333333,996,9.61244979919679
881,117,9.73098751418842,8.74358974358974,998,9.61523046092184
881,118,9.72871736662883,8.82203389830508,999,9.62162162162162
888,111,9.72297297297297,8.79279279279279,999,9.61961961961962
885,114,9.72090395480226,8.78070175438597,999,9.61361361361361
878,118,9.71867881548975,8.77118644067797,996,9.60642570281125
882,117,9.72562358276644,8.73504273504273,999,9.60960960960961
882,116,9.7233560090703,8.75,998,9.61022044088176
881,117,9.72077185017026,8.78632478632479,998,9.61122244488978
878,120,9.72323462414579,8.76666666666667,998,9.60821643286573
878,119,9.73006833712984,8.69747899159664,997,9.60682046138415
878,121,9.71981776765376,8.71074380165289,999,9.5975975975976
881,118,9.72531214528944,8.71186440677966,999,9.60560560560561
879,120,9.72810011376564,8.69166666666667,999,9.6036036036036
884,115,9.72511312217195,8.70434782608696,999,9.60760760760761
879,118,9.72241183162685,8.70338983050847,997,9.60180541624875
883,115,9.71913929784824,8.70434782608696,998,9.60220440881764
885,114,9.72655367231638,8.69298245614035,999,9.60860860860861
883,114,9.71800679501699,8.67543859649123,997,9.5987963891675
888,110,9.72522522522523,8.74545454545455,998,9.61723446893788
890,107,9.73033707865168,8.72897196261682,997,9.62286860581745
889,108,9.72328458942632,8.7037037037037,997,9.61283851554664
888,111,9.74099099099099,8.71171171171171,999,9.62662662662663
884,115,9.75,8.71304347826087,999,9.63063063063063
886,112,9.75620767494357,8.73214285714286,998,9.64128256513026
881,115,9.75936435868331,8.73913043478261,996,9.64156626506024
895,104,9.7608938547486,8.75961538461539,999,9.65665665665666
889,108,9.76490438695163,8.76851851851852,997,9.65697091273822
889,110,9.75928008998875,8.84545454545455,999,9.65865865865866
889,109,9.75815523059618,8.8256880733945,998,9.6563126252505
891,107,9.7631874298541,8.83177570093458,998,9.66332665330661
891,105,9.76543209876543,8.82857142857143,996,9.66666666666667
901,98,9.76248612652608,8.81632653061224,999,9.66966966966967
902,96,9.76718403547672,8.79166666666667,998,9.67334669338677
905,93,9.77127071823204,8.75268817204301,998,9.67635270541082
908,91,9.76762114537445,8.74725274725275,999,9.67467467467467
906,93,9.77924944812362,8.7741935483871,999,9.68568568568569
898,98,9.77505567928731,8.76530612244898,996,9.67570281124498
912,86,9.77302631578947,8.80232558139535,998,9.68937875751503
913,84,9.76889375684556,8.77380952380952,997,9.68505516549649
912,87,9.76864035087719,8.77011494252874,999,9.68168168168168
915,84,9.7672131147541,8.75,999,9.68168168168168
911,87,9.77716794731065,8.81609195402299,998,9.69338677354709
914,85,9.77571115973742,8.8,999,9.69269269269269
911,87,9.77387486278814,8.77011494252874,998,9.68637274549098
913,86,9.78094194961665,8.74418604651163,999,9.69169169169169
914,85,9.77133479212254,8.81176470588235,999,9.68968968968969
910,89,9.76263736263736,8.8314606741573,999,9.67967967967968
908,90,9.75991189427313,8.83333333333333,998,9.67635270541082
907,91,9.75192943770672,8.86813186813187,998,9.67134268537074
910,89,9.75274725274725,8.86516853932584,999,9.67367367367367
910,88,9.75274725274725,8.82954545454546,998,9.67134268537074
912,87,9.74671052631579,8.83908045977011,999,9.66766766766767
908,89,9.75440528634361,8.84269662921348,997,9.67301905717151
914,83,9.75711159737418,8.83132530120482,997,9.68004012036108
916,83,9.75873362445415,8.81927710843373,999,9.68068068068068
914,85,9.75601750547046,8.83529411764706,999,9.67767767767768
911,88,9.75850713501647,8.86363636363636,999,9.67967967967968
910,87,9.75934065934066,8.8735632183908,997,9.68204613841525
910,89,9.75384615384615,8.8314606741573,999,9.67167167167167
916,83,9.75218340611354,8.92771084337349,999,9.68368368368368
920,78,9.75108695652174,8.92307692307692,998,9.68637274549098
917,82,9.74591057797165,8.90243902439024,999,9.67667667667668
915,80,9.7431693989071,8.95,995,9.67939698492462
924,75,9.74458874458874,8.93333333333333,999,9.68368368368368
923,75,9.75081256771398,8.90666666666667,998,9.687374749499
924,75,9.754329004329,8.92,999,9.69169169169169
922,77,9.7472885032538,8.92207792207792,999,9.68368368368368
923,76,9.75081256771398,8.9078947368421,999,9.68668668668669
919,78,9.76496191512514,8.8974358974359,997,9.69709127382146
922,77,9.75596529284165,8.92207792207792,999,9.69169169169169
919,80,9.7714907508161,8.925,999,9.7037037037037
921,78,9.7557003257329,8.92307692307692,999,9.69069069069069
926,73,9.76025917926566,8.9041095890411,999,9.6976976976977
923,75,9.76489707475623,8.89333333333333,998,9.69939879759519
925,73,9.75675675675676,8.89041095890411,998,9.69338677354709
926,72,9.76025917926566,8.90277777777778,998,9.69839679358717
924,73,9.75324675324675,8.89041095890411,997,9.6900702106319
925,74,9.75567567567568,8.90540540540541,999,9.69269269269269
923,75,9.76056338028169,8.90666666666667,998,9.69639278557114
920,79,9.76304347826087,8.89873417721519,999,9.69469469469469
919,80,9.76496191512514,8.8875,999,9.69469469469469
917,81,9.76881134133042,8.87654320987654,998,9.69639278557114
914,85,9.7691466083151,8.88235294117647,999,9.69369369369369
910,87,9.77252747252747,8.89655172413793,997,9.69608826479438
914,84,9.77899343544858,8.88095238095238,998,9.70340681362725
915,83,9.78032786885246,8.8433734939759,998,9.70240480961924
911,86,9.77387486278814,8.84883720930233,997,9.69408224674022
904,92,9.76991150442478,8.83695652173913,996,9.68373493975904
907,92,9.76846747519294,8.83695652173913,999,9.68268268268268
901,96,9.77247502774695,8.80208333333333,997,9.679037111334
901,98,9.77580466148724,8.81632653061224,999,9.68168168168168
903,94,9.77519379844961,8.81914893617021,997,9.68505516549649
898,98,9.7728285077951,8.78571428571429,996,9.67570281124498
902,97,9.76385809312639,8.79381443298969,999,9.66966966966967
906,92,9.77041942604857,8.77173913043478,998,9.67835671342685
898,100,9.78396436525613,8.78,998,9.68336673346693
899,99,9.78197997775306,8.76767676767677,998,9.6813627254509
900,99,9.78111111111111,8.81818181818182,999,9.68568568568569
904,93,9.7787610619469,8.82795698924731,997,9.6900702106319
906,92,9.77483443708609,8.83695652173913,998,9.68837675350701
914,85,9.7800875273523,8.82352941176471,999,9.6986986986987
915,84,9.77158469945355,8.83333333333333,999,9.69269269269269
913,85,9.77875136911281,8.83529411764706,998,9.69839679358717
924,75,9.77597402597403,8.88,999,9.70870870870871
928,70,9.77586206896552,8.84285714285714,998,9.71042084168337
928,71,9.77370689655172,8.85915492957746,999,9.70870870870871
924,74,9.77164502164502,8.85135135135135,998,9.70340681362725
925,73,9.76864864864865,8.86301369863014,998,9.70240480961924
925,74,9.76648648648649,8.89189189189189,999,9.7017017017017
929,70,9.76641550053821,8.95714285714286,999,9.70970970970971
930,68,9.7752688172043,8.94117647058824,998,9.71843687374749
928,71,9.77047413793103,8.94366197183099,999,9.71171171171171
928,71,9.77478448275862,8.92957746478873,999,9.71471471471471
921,78,9.76981541802389,8.91025641025641,999,9.7027027027027
922,77,9.76572668112798,8.90909090909091,999,9.6996996996997
922,74,9.76247288503254,8.90540540540541,996,9.69879518072289
930,67,9.7494623655914,8.85074626865672,997,9.68906720160481
927,68,9.75728155339806,8.83823529411765,995,9.69447236180905
931,67,9.75510204081633,8.82089552238806,998,9.69238476953908
932,67,9.76394849785408,8.7910447761194,999,9.6986986986987
931,66,9.77013963480129,8.78787878787879,997,9.70511534603811
931,68,9.76691729323308,8.77941176470588,999,9.6996996996997
926,72,9.7645788336933,8.76388888888889,998,9.69238476953908
930,67,9.7741935483871,8.74626865671642,997,9.70511534603811
931,68,9.78088077336198,8.75,999,9.71071071071071
927,72,9.77669902912621,8.70833333333333,999,9.6996996996997
928,71,9.76939655172414,8.74647887323944,999,9.6966966966967
929,70,9.77610333692142,8.7,999,9.7007007007007
930,68,9.7752688172043,8.69117647058824,998,9.70140280561122
930,69,9.7741935483871,8.72463768115942,999,9.7017017017017
930,66,9.7752688172043,8.62121212121212,996,9.69879518072289
932,66,9.78004291845494,8.62121212121212,998,9.70340681362725
935,63,9.79144385026738,8.63492063492063,998,9.71843687374749
926,69,9.79373650107991,8.57971014492754,995,9.70954773869347
933,66,9.79742765273312,8.62121212121212,999,9.71971971971972
933,65,9.79635584137192,8.56923076923077,998,9.71643286573146
935,64,9.79893048128342,8.65625,999,9.72572572572573
935,64,9.80427807486631,8.6875,999,9.73273273273273
933,66,9.80707395498392,8.6969696969697,999,9.73373373373373
931,68,9.80665950590763,8.73529411764706,999,9.73373373373373
935,64,9.80427807486631,8.71875,999,9.73473473473473
936,62,9.81623931623932,8.7741935483871,998,9.75150300601202
933,65,9.81672025723473,8.75384615384615,998,9.74749498997996
936,62,9.81410256410256,8.74193548387097,998,9.74749498997996
936,63,9.80555555555556,8.74603174603175,999,9.73873873873874
939,60,9.80830670926518,8.73333333333333,999,9.74374374374374
937,60,9.8153681963714,8.76666666666667,997,9.75225677031093
939,58,9.80085197018104,8.75862068965517,997,9.74022066198596
939,60,9.79872204472843,8.73333333333333,999,9.73473473473473
937,62,9.80149413020277,8.7741935483871,999,9.73773773773774
937,62,9.80042689434365,8.7741935483871,999,9.73673673673674
934,64,9.78907922912206,8.78125,998,9.72444889779559
936,62,9.79594017094017,8.74193548387097,998,9.73046092184369
931,66,9.80128893662728,8.75757575757576,997,9.73219658976931
935,63,9.79786096256685,8.71428571428571,998,9.72945891783567
932,65,9.79399141630901,8.69230769230769,997,9.7221664994985
933,66,9.79314040728832,8.6969696969697,999,9.72072072072072
933,65,9.79099678456592,8.66153846153846,998,9.71743486973948
934,65,9.79336188436831,8.63076923076923,999,9.71771771771772
935,64,9.80320855614973,8.65625,999,9.72972972972973
935,64,9.80855614973262,8.65625,999,9.73473473473473
935,63,9.80748663101604,8.65079365079365,998,9.73446893787575
933,66,9.81672025723473,8.66666666666667,999,9.74074074074074
935,64,9.82032085561497,8.6875,999,9.74774774774775
932,66,9.818669527897,8.66666666666667,998,9.74248496993988
929,69,9.81270182992465,8.71014492753623,998,9.73647294589178
932,65,9.81008583690987,8.72307692307692,997,9.73921765295888
929,70,9.80839612486545,8.71428571428571,999,9.73173173173173
933,64,9.80385852090032,8.65625,997,9.73019057171514
932,65,9.80150214592275,8.66153846153846,997,9.7271815446339
933,66,9.80385852090032,8.63636363636364,999,9.72672672672673
931,67,9.80558539205156,8.64179104477612,998,9.72745490981964
938,61,9.81023454157783,8.63934426229508,999,9.73873873873874
939,60,9.81150159744409,8.56666666666667,999,9.73673673673674
935,62,9.80748663101604,8.58064516129032,997,9.73119358074223
937,62,9.81003201707577,8.54838709677419,999,9.73173173173173
929,70,9.80301399354144,8.51428571428571,999,9.71271271271271
928,70,9.79956896551724,8.51428571428571,998,9.70941883767535
926,73,9.80993520518359,8.47945205479452,999,9.71271271271271
923,76,9.81148429035753,8.44736842105263,999,9.70770770770771
927,72,9.80690399137001,8.44444444444444,999,9.70870870870871
926,72,9.81425485961123,8.47222222222222,998,9.71743486973948
923,75,9.82015167930661,8.41333333333333,998,9.71442885771543
922,76,9.81127982646421,8.44736842105263,998,9.70741482965932
927,72,9.81661272923409,8.47222222222222,999,9.71971971971972
925,72,9.81945945945946,8.47222222222222,997,9.7221664994985
933,66,9.82422293676313,8.45454545454546,999,9.73373373373373
927,71,9.82955771305286,8.46478873239437,998,9.73246492985972
927,72,9.83495145631068,8.47222222222222,999,9.73673673673674
927,72,9.84250269687163,8.47222222222222,999,9.74374374374374
929,70,9.83961248654467,8.48571428571429,999,9.74474474474474
931,68,9.83673469387755,8.55882352941176,999,9.74974974974975
927,71,9.84358144552319,8.57746478873239,998,9.75350701402806
932,66,9.84656652360515,8.54545454545454,998,9.76052104208417
929,70,9.84284176533907,8.57142857142857,999,9.75375375375375
925,74,9.84864864864865,8.56756756756757,999,9.75375375375375
919,79,9.84657236126224,8.56962025316456,998,9.74549098196393
916,83,9.84934497816594,8.6144578313253,999,9.74674674674675
912,87,9.84758771929824,8.60919540229885,999,9.73973973973974
907,91,9.84895259095921,8.58241758241758,998,9.73346693386774
910,89,9.84945054945055,8.61797752808989,999,9.73973973973974
904,93,9.85066371681416,8.63440860215054,997,9.73721163490471
903,96,9.85271317829457,8.60416666666667,999,9.73273273273273
901,98,9.84905660377358,8.6530612244898,999,9.73173173173173
901,97,9.85016648168701,8.6701030927835,998,9.73547094188377
896,103,9.85267857142857,8.70873786407767,999,9.73473473473473
895,103,9.84692737430168,8.70873786407767,998,9.72945891783567
896,102,9.84486607142857,8.70588235294118,998,9.72845691382765
898,101,9.84743875278396,8.74257425742574,999,9.73573573573574
897,102,9.84726867335563,8.74509803921569,999,9.73473473473473
891,108,9.84848484848485,8.75925925925926,999,9.73073073073073
897,101,9.84615384615385,8.72277227722772,998,9.73246492985972
895,103,9.84804469273743,8.72815533980583,998,9.73246492985972
893,106,9.85106382978723,8.73584905660377,999,9.73273273273273
897,101,9.85841694537347,8.7029702970297,998,9.74148296593186
898,100,9.85968819599109,8.72,998,9.74549098196393
902,97,9.85587583148559,8.75257731958763,999,9.74874874874875
901,98,9.8534961154273,8.77551020408163,999,9.74774774774775
896,101,9.85267857142857,8.82178217821782,997,9.74824473420261
893,105,9.8521836506159,8.80952380952381,998,9.74248496993988
900,97,9.85333333333333,8.87628865979381,997,9.75827482447342
908,91,9.85132158590308,8.89010989010989,999,9.76376376376376
908,89,9.84581497797357,8.8876404494382,997,9.76028084252758
908,90,9.83590308370044,8.91111111111111,998,9.75250501002004
908,91,9.83920704845815,8.91208791208791,999,9.75475475475475
910,89,9.84395604395604,8.93258426966292,999,9.76276276276276
909,90,9.84928492849285,8.93333333333333,999,9.76676676676677
910,89,9.84615384615385,8.93258426966292,999,9.76476476476476
907,90,9.85226019845645,8.95555555555556,997,9.77131394182548
907,91,9.85777287761852,8.95604395604396,998,9.77555110220441
903,95,9.86157253599114,8.95789473684211,998,9.77555110220441
901,97,9.86681465038846,8.93814432989691,998,9.77655310621243
901,98,9.86903440621532,8.93877551020408,999,9.77777777777778
900,99,9.87666666666667,8.93939393939394,999,9.78378378378378
898,100,9.87973273942094,8.92,998,9.78356713426854
898,101,9.88752783964365,8.92079207920792,999,9.78978978978979
892,106,9.88677130044843,8.92452830188679,998,9.78456913827655
891,108,9.89225589225589,8.92592592592593,999,9.78778778778779
891,108,9.8956228956229,8.94444444444444,999,9.79279279279279
893,106,9.89473684210526,8.94339622641509,999,9.79379379379379
890,107,9.89550561797753,8.92523364485981,997,9.7913741223671
889,110,9.89201349831271,8.94545454545455,999,9.78778778778779
890,108,9.89775280898876,8.94444444444444,998,9.79458917835671
887,112,9.89064261555806,8.92857142857143,999,9.78278278278278
883,114,9.89014722536806,8.94736842105263,997,9.78234704112337
886,113,9.89164785553047,8.94690265486726,999,9.78478478478478
882,116,9.89115646258503,8.93103448275862,998,9.77955911823647
881,117,9.8955732122588,8.93162393162393,998,9.78256513026052
881,118,9.88989784335982,8.93220338983051,999,9.77677677677678
878,118,9.89293849658314,8.94915254237288,996,9.78112449799197
879,120,9.88623435722412,8.95,999,9.77377377377377
875,123,9.888,8.98373983739837,998,9.77655310621243
876,123,9.87899543378995,8.98373983739837,999,9.76876876876877
871,127,9.8886337543054,8.98425196850394,998,9.77354709418838
871,127,9.88633754305396,8.98425196850394,998,9.77154308617235
869,130,9.88722669735328,8.98461538461538,999,9.76976976976977
866,133,9.88452655889146,8.98496240601504,999,9.76476476476476
868,131,9.88594470046083,8.98473282442748,999,9.76776776776777
865,133,9.89132947976879,8.98496240601504,998,9.77054108216433
871,126,9.89092996555683,8.98412698412698,997,9.77632898696088
867,130,9.90196078431373,8.98461538461538,997,9.78234704112337
876,123,9.8972602739726,8.98373983739837,999,9.78478478478478
871,127,9.89667049368542,8.98425196850394,998,9.78056112224449
872,126,9.89678899082569,8.98412698412698,998,9.78156312625251
870,129,9.89770114942529,8.98449612403101,999,9.77977977977978
869,129,9.89988492520138,8.98449612403101,998,9.78156312625251
868,130,9.88940092165899,8.96923076923077,998,9.76953907815631
870,128,9.89885057471264,8.96875,998,9.77955911823647
877,122,9.90307867730901,8.9672131147541,999,9.78878878878879
878,121,9.90774487471526,8.96694214876033,999,9.79379379379379
873,125,9.90148911798396,8.968,998,9.78456913827655
863,134,9.89918887601391,8.97014925373134,997,9.77432296890672
863,135,9.90034762456547,8.95555555555556,998,9.77254509018036
863,136,9.89687137891078,8.95588235294118,999,9.76876876876877
858,141,9.9009324009324,8.95744680851064,999,9.76776776776777
859,140,9.89871944121071,8.97142857142857,999,9.76876876876877
860,139,9.90348837209302,8.97122302158273,999,9.77377377377377
856,143,9.9018691588785,8.97202797202797,999,9.76876876876877
852,145,9.90023474178404,8.97241379310345,997,9.76529588766299
858,140,9.89510489510489,8.97142857142857,998,9.76553106212425
861,137,9.89198606271777,8.97080291970803,998,9.76553106212425
856,142,9.89485981308411,8.97183098591549,998,9.76352705410822
853,146,9.89331770222743,8.97260273972603,999,9.75875875875876
856,142,9.89252336448598,8.97183098591549,998,9.76152304609218
860,139,9.88720930232558,8.98561151079137,999,9.76176176176176
864,135,9.88888888888889,8.98518518518519,999,9.76676676676677
861,137,9.89430894308943,8.98540145985401,998,9.76953907815631
861,138,9.89779326364692,8.98550724637681,999,9.77177177177177
866,132,9.89376443418014,8.98484848484848,998,9.77354709418838
871,126,9.89896670493685,8.98412698412698,997,9.78335005015045
875,124,9.89828571428571,8.98387096774194,999,9.78478478478478
873,125,9.89690721649485,8.984,998,9.78256513026052
874,125,9.90274599542334,8.968,999,9.78578578578579
867,131,9.9042675893887,8.96946564885496,998,9.78156312625251
864,135,9.90277777777778,8.97037037037037,999,9.77677677677678
863,136,9.89918887601391,8.95588235294118,999,9.77077077077077
866,131,9.90762124711316,8.95419847328244,997,9.78234704112337
868,130,9.91129032258065,8.98461538461538,998,9.79058116232465
868,130,9.90898617511521,8.98461538461538,998,9.78857715430862
868,130,9.91705069124424,8.98461538461538,998,9.79559118236473
870,129,9.91724137931035,8.98449612403101,999,9.7967967967968
871,128,9.91848450057405,8.984375,999,9.7987987987988
873,125,9.9163802978236,8.984,998,9.79959919839679
875,124,9.92342857142857,8.98387096774194,999,9.80680680680681
879,117,9.92946530147895,8.98290598290598,996,9.81827309236948
881,118,9.92735527809308,8.98305084745763,999,9.81581581581582
882,115,9.93310657596372,8.98260869565217,997,9.8234704112337
886,113,9.9255079006772,8.98230088495575,999,9.81881881881882
889,109,9.93138357705287,8.98165137614679,998,9.82765531062124
888,111,9.92905405405405,8.98198198198198,999,9.82382382382382
894,104,9.9261744966443,8.98076923076923,998,9.82765531062124
891,108,9.92368125701459,8.98148148148148,999,9.82182182182182
893,105,9.92161254199328,8.98095238095238,998,9.82264529058116
884,114,9.92194570135747,8.98245614035088,998,9.81462925851703
881,116,9.91827468785471,8.98275862068965,997,9.80942828485456
883,115,9.91845979614949,9.0,998,9.812625250501
879,118,9.91240045506257,9.0,997,9.80441323971916
882,116,9.91609977324263,9.0,998,9.80961923847695
883,115,9.91392978482446,9.0,998,9.80861723446894
887,112,9.91431792559188,9.0,999,9.81181181181181
885,114,9.92090395480226,9.0,999,9.81581581581582
885,112,9.91412429378531,9.0,997,9.81143430290873
890,109,9.91685393258427,9.0,999,9.81681681681682
895,104,9.9195530726257,9.0,999,9.82382382382382
893,106,9.92049272116461,9.0,999,9.82282282282282
889,110,9.91563554555681,9.0,999,9.81481481481481
891,107,9.91245791245791,9.0,998,9.81462925851703
887,112,9.91206313416009,9.0,999,9.80980980980981
886,111,9.91196388261851,9.0,997,9.81043129388165
892,107,9.91479820627803,9.0,999,9.81681681681682
885,113,9.91186440677966,9.0,998,9.80861723446894
884,115,9.91515837104072,9.0,999,9.80980980980981
881,117,9.91827468785471,9.0,998,9.81062124248497
880,117,9.91704545454546,9.0,997,9.80942828485456
879,120,9.92377701934016,9.0,999,9.81281281281281
879,120,9.9226393629124,9.0,999,9.81181181181181
874,124,9.9233409610984,9.0,998,9.80861723446894
879,120,9.91922639362912,9.0,999,9.80880880880881
886,112,9.92212189616253,9.0,998,9.8186372745491
883,115,9.92638731596829,9.0,998,9.81963927855711
885,111,9.92542372881356,9.0,996,9.82228915662651
887,112,9.92784667418264,9.0,999,9.82382382382382
883,115,9.92525481313703,9.0,998,9.8186372745491
882,117,9.9297052154195,9.0,999,9.82082082082082
884,115,9.92533936651584,9.0,999,9.81881881881882
885,114,9.92881355932203,9.0,999,9.82282282282282
882,115,9.92743764172336,9.0,997,9.82046138415246
889,109,9.9347581552306,9.0,998,9.83266533066132
894,105,9.93176733780761,9.0,999,9.83383383383383
899,99,9.93437152391546,9.0,998,9.84168336673347
902,97,9.93237250554324,9.0,999,9.84184184184184
900,98,9.92888888888889,9.0,998,9.8376753507014
907,92,9.93384785005513,9.0,999,9.84784784784785
905,93,9.93370165745856,9.0,998,9.84669338677355
903,94,9.93133997785161,9.0,997,9.84353059177533
909,89,9.93289328932893,9.0,998,9.8496993987976
915,84,9.93114754098361,9.0,999,9.85285285285285
909,89,9.93399339933993,9.0,998,9.85070140280561
912,86,9.93530701754386,9.0,998,9.85470941883768
912,87,9.93092105263158,9.0,999,9.84984984984985
920,79,9.93260869565217,9.0,999,9.85885885885886
920,79,9.92717391304348,9.0,999,9.85385385385385
919,79,9.92709466811752,9.0,998,9.85370741482966
928,70,9.92456896551724,9.0,998,9.85971943887776
932,66,9.92596566523605,9.0,998,9.86472945891784
937,60,9.92742796157951,9.0,997,9.8716148445336
933,66,9.93247588424437,9.0,999,9.87087087087087
935,64,9.92727272727273,9.0,999,9.86786786786787
937,60,9.93169690501601,9.0,997,9.87562688064193
936,62,9.93376068376068,9.0,998,9.87575150300601
937,61,9.93489861259338,9.0,998,9.87775551102204
939,59,9.93290734824281,9.0,998,9.87775551102204
935,64,9.93582887700535,9.0,999,9.87587587587588
934,63,9.92933618843683,9.0,997,9.87061183550652
936,63,9.93589743589744,9.0,999,9.87687687687688
933,65,9.93783494105038,9.0,998,9.87675350701403
939,60,9.93503727369542,9.0,999,9.87887887887888
938,60,9.93710021321962,9.0,998,9.88076152304609
940,59,9.93723404255319,9.0,999,9.88188188188188
938,61,9.93816631130064,9.0,999,9.88088088088088
940,59,9.93617021276596,9.0,999,9.88088088088088
939,60,9.93823216187433,9.0,999,9.88188188188188
945,54,9.94285714285714,9.0,999,9.89189189189189
943,55,9.94167550371156,9.0,998,9.88977955911824
942,57,9.93736730360934,9.0,999,9.88388388388388
943,56,9.93743372216331,9.0,999,9.88488488488488
944,55,9.93326271186441,9.0,999,9.88188188188188
945,54,9.93227513227513,9.0,999,9.88188188188188
944,54,9.93326271186441,9.0,998,9.88276553106212
945,53,9.93227513227513,9.0,998,9.88276553106212
945,53,9.93333333333333,9.0,998,9.88376753507014
944,55,9.92584745762712,9.0,999,9.87487487487487
945,54,9.92486772486773,9.0,999,9.87487487487487
946,51,9.92600422832981,9.0,997,9.87863590772317
947,49,9.92713833157339,9.0,996,9.88152610441767
946,52,9.93128964059197,9.0,998,9.88276553106212
943,54,9.92682926829268,9.0,997,9.87662988966901
944,55,9.93114406779661,9.0,999,9.87987987987988
939,59,9.92758253461129,9.0,998,9.87274549098196
937,59,9.92956243329776,9.0,996,9.87449799196787
936,62,9.93376068376068,9.0,998,9.87575150300601
933,66,9.93461950696677,9.0,999,9.87287287287287
930,69,9.93655913978495,9.0,999,9.87187187187187
933,65,9.93354769560557,9.0,998,9.87274549098196
935,63,9.93582887700535,9.0,998,9.87675350701403
936,62,9.93162393162393,9.0,998,9.87374749498998
937,61,9.92956243329776,9.0,998,9.87274549098196
940,58,9.93085106382979,9.0,998,9.87675350701403
941,58,9.93092454835282,9.0,999,9.87687687687688
938,61,9.9317697228145,9.0,999,9.87487487487487
942,57,9.93630573248408,9.0,999,9.88288288288288
941,58,9.93198724760893,9.0,999,9.87787787787788
942,56,9.93418259023355,9.0,998,9.88176352705411
940,57,9.93191489361702,9.0,997,9.87863590772317
940,59,9.92765957446809,9.0,999,9.87287287287287
939,60,9.92758253461129,9.0,999,9.87187187187187
936,62,9.92735042735043,9.0,998,9.86973947895792
935,63,9.92941176470588,9.0,998,9.87074148296593
936,63,9.93162393162393,9.0,999,9.87287287287287
936,62,9.93162393162393,9.0,998,9.87374749498998
937,61,9.92956243329776,9.0,998,9.87274549098196
937,62,9.92956243329776,9.0,999,9.87187187187187
929,69,9.93003229278794,9.0,998,9.86573146292585
930,69,9.93333333333333,9.0,999,9.86886886886887
931,68,9.93340494092374,9.0,999,9.86986986986987
926,71,9.93196544276458,9.0,997,9.86559679037111
924,74,9.93614718614719,9.0,998,9.86673346693387
917,82,9.93893129770992,9.0,999,9.86186186186186
923,76,9.93932827735645,9.0,999,9.86786786786787
919,79,9.94124047878128,9.0,998,9.86673346693387
924,75,9.94588744588745,9.0,999,9.87487487487487
922,76,9.94577006507592,9.0,998,9.87374749498998
923,73,9.94907908992416,9.0,996,9.87951807228916
927,72,9.94498381877023,9.0,999,9.87687687687688
927,72,9.94822006472492,9.0,999,9.87987987987988
928,69,9.94719827586207,9.0,997,9.88164493480441
930,69,9.95161290322581,9.0,999,9.88588588588589
936,63,9.95299145299145,9.0,999,9.89289289289289
937,62,9.95731056563501,9.0,999,9.8978978978979
944,55,9.96080508474576,9.0,999,9.90790790790791
939,58,9.95953141640043,9.0,997,9.9037111334002
941,58,9.96068012752391,9.0,999,9.9049049049049
935,62,9.95828877005348,9.0,997,9.89869608826479
939,59,9.95846645367412,9.0,998,9.90180360721443
942,57,9.95859872611465,9.0,999,9.9039039039039
938,60,9.95842217484009,9.0,998,9.90080160320641
937,60,9.95731056563501,9.0,997,9.89969909729188
937,62,9.95837780149413,9.0,999,9.8988988988989
937,60,9.95517609391676,9.0,997,9.89769307923771
937,61,9.95944503735326,9.0,998,9.90080160320641
935,63,9.95935828877005,9.0,998,9.89879759519038
932,67,9.96137339055794,9.0,999,9.8968968968969
927,69,9.96008629989213,9.0,996,9.89357429718875
931,67,9.96133190118153,9.0,998,9.89679358717435
930,69,9.96021505376344,9.0,999,9.89389389389389
933,66,9.96463022508039,9.0,999,9.9009009009009
934,65,9.96680942184154,9.0,999,9.9039039039039
931,67,9.96777658431794,9.0,998,9.90280561122244
930,69,9.96774193548387,9.0,999,9.9009009009009
925,73,9.96540540540541,9.0,998,9.89478957915832
926,72,9.96976241900648,9.0,998,9.8997995991984
924,75,9.96536796536797,9.0,999,9.89289289289289
927,70,9.96871628910464,9.0,997,9.90070210631896
930,69,9.96559139784946,9.0,999,9.8988988988989
930,66,9.96236559139785,9.0,996,9.89859437751004
933,66,9.96355841371919,9.0,999,9.8998998998999
931,68,9.95918367346939,9.0,999,9.89389389389389
931,68,9.96133190118153,9.0,999,9.8958958958959
926,73,9.95788336933045,9.0,999,9.88788788788789
923,75,9.96208017334778,9.0,998,9.88977955911824
924,75,9.95670995670996,9.0,999,9.88488488488488
919,80,9.95647442872688,9.0,999,9.87987987987988
918,81,9.95533769063181,9.0,999,9.87787787787788
917,82,9.95419847328244,9.0,999,9.87587587587588
914,83,9.95514223194748,9.0,997,9.87562688064193
916,82,9.95414847161572,9.0,998,9.87575150300601
914,84,9.9562363238512,9.0,998,9.87575150300601
918,81,9.95533769063181,9.0,999,9.87787787787788
912,87,9.95833333333333,9.0,999,9.87487487487487
909,88,9.95709570957096,9.0,997,9.87261785356068
914,85,9.95514223194748,9.0,999,9.87387387387387
