forward_num,reverse_num,forward_rate,reverse_rate,organism_num,organism_rate
500,500,5.5,5.5,1000,5.5
494,496,5.48380566801619,5.48991935483871,990,5.48686868686869
489,491,5.49488752556237,5.4826883910387,980,5.48877551020408
535,463,5.8803738317757,5.55075593952484,998,5.72745490981964
564,435,6.00177304964539,5.59770114942529,999,5.82582582582583
593,405,6.06408094435076,5.53827160493827,998,5.85070140280561
628,370,6.21496815286624,5.55405405405405,998,5.96993987975952
618,379,6.11488673139159,5.36675461741425,997,5.83049147442327
637,362,6.23076923076923,5.34254143646409,999,5.90890890890891
652,342,6.27300613496933,5.16081871345029,994,5.89034205231388
618,381,6.28964401294498,5.35433070866142,999,5.93293293293293
650,349,6.12769230769231,5.42120343839542,999,5.88088088088088
626,371,6.25399361022364,5.60916442048518,997,6.01404212637914
635,363,6.30708661417323,5.49035812672176,998,6.01002004008016
643,356,6.33903576982893,5.69662921348315,999,6.11011011011011
645,354,6.42635658914729,5.86158192090396,999,6.22622622622623
666,333,6.39339339339339,5.88288288288288,999,6.22322322322322
668,331,6.48652694610778,5.84894259818731,999,6.27527527527528
649,348,6.53312788906009,5.94252873563218,997,6.32698094282849
669,330,6.57698056801196,5.92424242424242,999,6.36136136136136
668,331,6.62425149700599,6.02719033232628,999,6.42642642642643
675,323,6.41037037037037,6.08359133126935,998,6.30460921843687
692,307,6.4364161849711,6.12377850162866,999,6.34034034034034
675,322,6.45925925925926,6.04968944099379,997,6.32698094282849
666,333,6.46096096096096,6.12312312312312,999,6.34834834834835
668,330,6.44161676646707,6.10909090909091,998,6.33166332665331
667,331,6.44827586206897,6.02719033232628,998,6.30861723446894
663,334,6.53092006033182,6.05089820359281,997,6.37011033099298
669,329,6.5067264573991,6.11854103343465,998,6.37875751503006
684,312,6.49269005847953,6.16025641025641,996,6.38855421686747
695,303,6.60287769784173,6.22112211221122,998,6.48697394789579
683,315,6.60029282576867,6.28253968253968,998,6.5
687,312,6.56768558951965,6.25,999,6.46846846846847
695,304,6.64892086330935,6.29934210526316,999,6.54254254254254
694,303,6.60518731988473,6.22772277227723,997,6.49047141424273
693,304,6.59163059163059,6.22368421052632,997,6.47943831494483
693,305,6.62337662337662,6.2655737704918,998,6.51402805611222
685,313,6.61459854014599,6.31309904153355,998,6.52004008016032
681,316,6.61674008810573,6.31012658227848,997,6.51955867602808
690,309,6.60869565217391,6.39805825242718,999,6.54354354354354
693,306,6.63059163059163,6.31372549019608,999,6.53353353353353
684,315,6.64912280701754,6.35238095238095,999,6.55555555555556
676,322,6.64940828402367,6.42857142857143,998,6.57815631262525
686,313,6.67201166180758,6.45367412140575,999,6.6036036036036
680,319,6.73235294117647,6.48275862068965,999,6.65265265265265
669,330,6.73692077727952,6.56666666666667,999,6.68068068068068
675,322,6.77037037037037,6.5527950310559,997,6.70010030090271
674,325,6.76706231454006,6.49230769230769,999,6.67767767767768
671,327,6.78092399403875,6.52293577981651,998,6.69639278557114
677,321,6.79615952732644,6.57320872274143,998,6.72444889779559
674,325,6.80415430267062,6.53846153846154,999,6.71771771771772
674,325,6.79970326409496,6.59692307692308,999,6.73373373373373
679,318,6.80412371134021,6.61949685534591,997,6.74523570712136
688,310,6.82412790697674,6.64193548387097,998,6.76753507014028
690,309,6.83768115942029,6.66343042071197,999,6.78378378378378
696,303,6.80316091954023,6.67986798679868,999,6.76576576576577
693,306,6.82539682539683,6.72549019607843,999,6.79479479479479
701,297,6.86733238231098,6.73400673400673,998,6.82765531062124
691,308,6.86107091172214,6.77272727272727,999,6.83383383383383
706,293,6.87677053824363,6.77815699658703,999,6.84784784784785
708,290,6.95480225988701,6.87586206896552,998,6.93186372745491
700,298,6.95,6.88926174496644,998,6.93186372745491
699,299,6.95708154506438,6.85284280936455,998,6.92585170340681
707,291,6.96322489391796,6.81786941580756,998,6.92084168336673
708,291,6.98587570621469,6.86254295532646,999,6.94994994994995
707,292,7.02828854314003,6.87328767123288,999,6.98298298298298
710,289,6.99154929577465,6.86851211072664,999,6.95595595595596
710,288,7.0,6.86805555555556,998,6.96192384769539
712,287,6.97893258426966,6.94773519163763,999,6.96996996996997
707,290,6.95898161244696,6.96896551724138,997,6.96188565697091
711,287,6.9985935302391,6.96515679442509,998,6.98897795591182
715,283,6.9986013986014,6.95406360424028,998,6.98597194388778
711,287,6.9803094233474,6.93728222996516,998,6.96793587174349
715,284,6.98321678321678,6.94014084507042,999,6.97097097097097
718,281,6.97771587743733,6.85053380782918,999,6.94194194194194
716,283,6.99720670391061,6.8904593639576,999,6.96696696696697
721,277,6.96809986130374,6.84837545126354,998,6.93486973947896
723,275,6.96680497925311,6.82909090909091,998,6.92885771543086
728,269,6.95054945054945,6.82156133828996,997,6.91574724172518
726,272,6.96005509641873,6.87132352941176,998,6.93587174348697
734,265,6.99455040871935,6.87169811320755,999,6.96196196196196
733,265,7.00409276944066,6.86792452830189,998,6.96793587174349
739,260,7.01082543978349,6.86153846153846,999,6.97197197197197
745,253,7.00939597315436,6.88537549407115,998,6.97795591182365
741,257,7.0,6.96887159533074,998,6.99198396793587
745,254,7.0496644295302,6.93307086614173,999,7.02002002002002
753,244,7.03851261620186,6.97540983606557,997,7.02306920762287
747,252,7.0388219544846,7.00793650793651,999,7.03103103103103
743,256,7.06325706594886,7.02734375,999,7.05405405405405
746,253,7.06836461126005,7.07114624505929,999,7.06906906906907
750,249,7.08133333333333,7.06425702811245,999,7.07707707707708
749,248,7.07877169559413,7.03629032258065,997,7.06820461384152
754,243,7.08885941644562,7.04526748971193,997,7.07823470411234
756,243,7.06084656084656,7.05761316872428,999,7.06006006006006
758,240,7.07255936675462,7.125,998,7.08517034068136
754,242,7.06233421750663,7.16115702479339,996,7.0863453815261
756,242,7.05952380952381,7.11157024793388,998,7.07214428857715
747,251,7.04149933065596,7.1394422310757,998,7.06613226452906
750,247,7.02133333333333,7.10121457489879,997,7.04112337011033
761,238,7.02628120893561,7.1218487394958,999,7.04904904904905
754,245,7.00397877984085,7.23673469387755,999,7.06106106106106
752,247,7.03058510638298,7.24291497975709,999,7.08308308308308
753,245,7.03851261620186,7.24081632653061,998,7.08817635270541
740,259,7.0027027027027,7.25868725868726,999,7.06906906906907
745,254,7.02281879194631,7.27952755905512,999,7.08808808808809
755,243,7.02251655629139,7.32510288065844,998,7.09619238476954
754,244,7.03713527851459,7.32786885245902,998,7.10821643286573
752,247,7.05186170212766,7.31578947368421,999,7.11711711711712
764,234,7.07068062827225,7.35042735042735,998,7.13627254509018
769,230,7.0962288686606,7.37826086956522,999,7.16116116116116
774,225,7.09560723514212,7.4,999,7.16416416416416
787,212,7.08894536213469,7.45283018867925,999,7.16616616616617
780,219,7.12179487179487,7.45205479452055,999,7.19419419419419
785,214,7.12993630573248,7.45327102803738,999,7.1991991991992
784,214,7.125,7.44392523364486,998,7.19338677354709
782,217,7.12531969309463,7.43778801843318,999,7.19319319319319
788,211,7.13071065989848,7.45497630331754,999,7.1991991991992
786,213,7.14885496183206,7.43661971830986,999,7.21021021021021
782,217,7.15089514066496,7.43778801843318,999,7.21321321321321
787,212,7.12579415501906,7.50943396226415,999,7.20720720720721
786,213,7.13358778625954,7.52582159624413,999,7.21721721721722
780,217,7.15384615384615,7.50230414746544,997,7.2296890672016
778,221,7.16580976863753,7.49321266968326,999,7.23823823823824
784,214,7.16581632653061,7.51869158878505,998,7.24148296593186
775,222,7.17935483870968,7.51801801801802,997,7.25476429287864
788,210,7.18654822335025,7.53333333333333,998,7.25951903807615
782,216,7.19309462915601,7.56018518518519,998,7.27254509018036
785,212,7.19235668789809,7.65094339622642,997,7.28986960882648
785,213,7.19745222929936,7.65727699530516,998,7.29559118236473
793,206,7.21185372005044,7.66019417475728,999,7.3043043043043
792,207,7.20959595959596,7.68115942028986,999,7.30730730730731
796,203,7.18844221105528,7.68472906403941,999,7.28928928928929
801,198,7.19725343320849,7.72222222222222,999,7.3013013013013
801,197,7.20099875156055,7.73096446700508,998,7.30561122244489
806,191,7.1848635235732,7.7434554973822,997,7.29187562688064
808,190,7.21534653465347,7.78421052631579,998,7.32364729458918
806,192,7.21588089330025,7.75,998,7.3186372745491
810,187,7.24567901234568,7.77540106951872,997,7.34503510531595
813,185,7.22755227552276,7.76216216216216,998,7.32665330661323
817,181,7.25091799265606,7.74585635359116,998,7.34068136272545
824,174,7.22815533980583,7.75287356321839,998,7.31963927855711
826,173,7.22639225181598,7.68208092485549,999,7.30530530530531
827,169,7.23337363966143,7.69230769230769,996,7.31124497991968
826,173,7.25665859564165,7.6878612716763,999,7.33133133133133
828,170,7.2512077294686,7.66470588235294,998,7.32164328657315
831,168,7.25511432009627,7.61309523809524,999,7.31531531531532
829,168,7.25090470446321,7.625,997,7.31394182547643
833,165,7.24729891956783,7.55757575757576,998,7.29859719438878
837,161,7.2389486260454,7.54658385093168,998,7.28857715430862
841,158,7.24256837098692,7.56329113924051,999,7.29329329329329
845,153,7.2189349112426,7.61437908496732,998,7.27955911823647
851,148,7.23736780258519,7.56756756756757,999,7.28628628628629
853,144,7.24736225087925,7.54166666666667,997,7.28986960882648
858,140,7.25990675990676,7.54285714285714,998,7.29959919839679
858,141,7.27039627039627,7.5177304964539,999,7.30530530530531
857,142,7.26021003500583,7.52112676056338,999,7.2972972972973
859,140,7.25378346915018,7.53571428571429,999,7.29329329329329
850,148,7.24235294117647,7.52702702702703,998,7.28456913827655
854,144,7.24121779859485,7.58333333333333,998,7.29058116232465
862,137,7.25058004640371,7.56934306569343,999,7.29429429429429
865,132,7.24508670520231,7.58333333333333,997,7.28986960882648
866,133,7.22748267898383,7.54887218045113,999,7.27027027027027
865,133,7.22312138728324,7.54135338345865,998,7.26553106212425
859,140,7.21536670547148,7.52142857142857,999,7.25825825825826
866,133,7.23441108545035,7.5187969924812,999,7.27227227227227
867,131,7.23298731257209,7.51145038167939,998,7.26953907815631
869,129,7.24280782508631,7.51162790697674,998,7.27755511022044
877,120,7.22462941847206,7.53333333333333,997,7.2617853560682
878,120,7.2243735763098,7.53333333333333,998,7.26152304609218
877,122,7.23261117445838,7.5,999,7.26526526526527
877,121,7.23147092360319,7.47107438016529,998,7.26052104208417
885,113,7.25536723163842,7.46902654867257,998,7.27955911823647
884,112,7.2579185520362,7.4375,996,7.2781124497992
886,111,7.26523702031603,7.3963963963964,997,7.27983951855567
891,107,7.27160493827161,7.41121495327103,998,7.28657314629258
892,107,7.25,7.46728971962617,999,7.27327327327327
890,108,7.26629213483146,7.47222222222222,998,7.28857715430862
895,104,7.2659217877095,7.48076923076923,999,7.28828828828829
894,104,7.25391498881432,7.47115384615385,998,7.27655310621242
897,102,7.25418060200669,7.47058823529412,999,7.27627627627628
892,106,7.24215246636771,7.49056603773585,998,7.2685370741483
903,95,7.2469545957918,7.46315789473684,998,7.26753507014028
896,103,7.25334821428571,7.4368932038835,999,7.27227227227227
896,102,7.24888392857143,7.43137254901961,998,7.26753507014028
893,106,7.2508398656215,7.45283018867925,999,7.27227227227227
900,99,7.25444444444444,7.50505050505051,999,7.27927927927928
895,104,7.27150837988827,7.51923076923077,999,7.2972972972973
900,99,7.26555555555556,7.56565656565657,999,7.2952952952953
907,92,7.28114663726571,7.55434782608696,999,7.30630630630631
917,82,7.28026172300982,7.51219512195122,999,7.2992992992993
914,84,7.28993435448578,7.5,998,7.30761523046092
917,80,7.27808069792803,7.475,997,7.2938816449348
912,86,7.28947368421053,7.47674418604651,998,7.30561122244489
911,88,7.29967069154775,7.46590909090909,999,7.31431431431431
910,89,7.30659340659341,7.47191011235955,999,7.32132132132132
911,88,7.29637760702525,7.40909090909091,999,7.30630630630631
907,91,7.29106945975744,7.38461538461539,998,7.29959919839679
915,84,7.28852459016393,7.40476190476191,999,7.2982982982983
915,83,7.29071038251366,7.45783132530121,998,7.30460921843687
912,84,7.29824561403509,7.46428571428571,996,7.31224899598394
915,84,7.29726775956284,7.40476190476191,999,7.30630630630631
909,90,7.3036303630363,7.43333333333333,999,7.31531531531532
903,95,7.30232558139535,7.48421052631579,998,7.31963927855711
905,94,7.29613259668508,7.47872340425532,999,7.31331331331331
906,93,7.30573951434879,7.46236559139785,999,7.32032032032032
902,95,7.33148558758315,7.47368421052632,997,7.34503510531595
905,94,7.34696132596685,7.48936170212766,999,7.36036036036036
906,92,7.35320088300221,7.52173913043478,998,7.3687374749499
907,92,7.34509371554576,7.53260869565217,999,7.36236236236236
907,91,7.36273428886439,7.52747252747253,998,7.37775551102204
905,94,7.37569060773481,7.53191489361702,999,7.39039039039039
909,90,7.4004400440044,7.57777777777778,999,7.41641641641642
908,91,7.39096916299559,7.49450549450549,999,7.4004004004004
915,83,7.39125683060109,7.51807228915663,998,7.40180360721443
918,80,7.37799564270153,7.4625,998,7.38476953907816
919,80,7.38193688792165,7.475,999,7.38938938938939
917,81,7.38931297709924,7.51851851851852,998,7.3997995991984
915,81,7.38469945355191,7.45679012345679,996,7.39056224899598
919,80,7.37867247007617,7.475,999,7.38638638638639
921,77,7.36264929424539,7.51948051948052,998,7.374749498998
925,74,7.35783783783784,7.43243243243243,999,7.36336336336336
926,72,7.38012958963283,7.44444444444444,998,7.38476953907816
931,67,7.38238453276047,7.41791044776119,998,7.38476953907816
934,65,7.38329764453961,7.44615384615385,999,7.38738738738739
929,69,7.39720129171152,7.42028985507246,998,7.39879759519038
928,69,7.39870689655172,7.40579710144928,997,7.39919759277833
927,70,7.39374325782093,7.41428571428571,997,7.39518555667001
927,71,7.40345199568501,7.42253521126761,998,7.40480961923848
929,70,7.39397201291712,7.45714285714286,999,7.3983983983984
925,71,7.37405405405405,7.47887323943662,996,7.38152610441767
928,70,7.36961206896552,7.47142857142857,998,7.37675350701403
921,75,7.35396308360478,7.49333333333333,996,7.3644578313253
923,76,7.35752979414951,7.43421052631579,999,7.36336336336336
921,77,7.37024972855592,7.42857142857143,998,7.374749498998
922,76,7.35574837310195,7.40789473684211,998,7.35971943887776
925,74,7.35135135135135,7.43243243243243,999,7.35735735735736
921,76,7.33441910966341,7.42105263157895,997,7.34102306920762
926,73,7.32613390928726,7.42465753424658,999,7.33333333333333
929,69,7.31431646932185,7.39130434782609,998,7.31963927855711
929,70,7.32723358449946,7.4,999,7.33233233233233
932,66,7.33047210300429,7.46969696969697,998,7.33967935871743
931,68,7.33834586466165,7.42647058823529,999,7.34434434434434
924,74,7.30844155844156,7.5,998,7.32264529058116
925,74,7.31675675675676,7.48648648648649,999,7.32932932932933
924,74,7.2987012987013,7.44594594594595,998,7.30961923847695
927,72,7.277238403452,7.5,999,7.29329329329329
926,70,7.29481641468683,7.6,996,7.31626506024096
928,70,7.29849137931035,7.52857142857143,998,7.31462925851703
923,76,7.28819068255688,7.5,999,7.3043043043043
925,74,7.31351351351351,7.55405405405405,999,7.33133133133133
920,77,7.3054347826087,7.53246753246753,997,7.32296890672016
915,83,7.30491803278689,7.53012048192771,998,7.32364729458918
917,82,7.30425299890949,7.53658536585366,999,7.32332332332332
918,80,7.29738562091503,7.5375,998,7.31663326653307
915,84,7.2983606557377,7.53571428571429,999,7.31831831831832
922,76,7.28416485900217,7.5,998,7.30060120240481
923,75,7.28060671722644,7.42666666666667,998,7.29158316633267
929,70,7.28417653390743,7.44285714285714,999,7.2952952952953
930,65,7.27956989247312,7.47692307692308,995,7.29246231155779
936,63,7.26923076923077,7.44444444444444,999,7.28028028028028
936,62,7.26175213675214,7.38709677419355,998,7.26953907815631
937,62,7.24226254002134,7.35483870967742,999,7.24924924924925
940,59,7.23723404255319,7.35593220338983,999,7.24424424424424
940,57,7.23085106382979,7.36842105263158,997,7.23871614844534
941,58,7.22741764080765,7.3448275862069,999,7.23423423423423
936,62,7.21794871794872,7.37096774193548,998,7.22745490981964
940,58,7.22765957446808,7.39655172413793,998,7.2374749498998
941,57,7.23910733262487,7.40350877192982,998,7.24849699398798
938,60,7.23773987206823,7.35,998,7.24448897795591
937,62,7.24119530416222,7.33870967741935,999,7.24724724724725
937,62,7.2358591248666,7.37096774193548,999,7.24424424424424
936,63,7.22649572649573,7.31746031746032,999,7.23223223223223
939,60,7.22364217252396,7.33333333333333,999,7.23023023023023
934,63,7.2152034261242,7.34920634920635,997,7.22367101303912
934,65,7.21306209850107,7.33846153846154,999,7.22122122122122
931,68,7.20408163265306,7.30882352941176,999,7.21121121121121
933,65,7.20793140407288,7.33846153846154,998,7.21643286573146
938,61,7.2089552238806,7.32786885245902,999,7.21621621621622
937,61,7.19637139807898,7.31147540983607,998,7.20340681362725
944,55,7.20338983050847,7.23636363636364,999,7.20520520520521
941,53,7.20722635494155,7.28301886792453,994,7.2112676056338
945,53,7.22116402116402,7.26415094339623,998,7.22344689378758
947,52,7.21330517423442,7.26923076923077,999,7.21621621621622
948,50,7.21835443037975,7.28,998,7.22144288577154
951,47,7.22502628811777,7.25531914893617,998,7.22645290581162
951,48,7.21976866456362,7.22916666666667,999,7.22022022022022
952,47,7.23529411764706,7.21276595744681,999,7.23423423423423
955,44,7.22198952879581,7.22727272727273,999,7.22222222222222
953,46,7.23294858342078,7.21739130434783,999,7.23223223223223
952,47,7.23844537815126,7.14893617021277,999,7.23423423423423
953,45,7.23609653725079,7.13333333333333,998,7.2314629258517
955,44,7.22303664921466,7.13636363636364,999,7.21921921921922
953,45,7.22245540398741,7.13333333333333,998,7.2184368737475
954,45,7.22851153039832,7.15555555555556,999,7.22522522522523
955,43,7.23246073298429,7.16279069767442,998,7.22945891783567
955,44,7.23455497382199,7.15909090909091,999,7.23123123123123
953,45,7.23504721930745,7.17777777777778,998,7.23246492985972
954,45,7.25262054507338,7.17777777777778,999,7.24924924924925
955,44,7.24607329842932,7.20454545454545,999,7.24424424424424
955,44,7.2586387434555,7.22727272727273,999,7.25725725725726
957,42,7.26018808777429,7.23809523809524,999,7.25925925925926
959,40,7.24921793534932,7.25,999,7.24924924924925
963,36,7.2533748701973,7.22222222222222,999,7.25225225225225
961,38,7.23621227887617,7.21052631578947,999,7.23523523523524
960,38,7.24583333333333,7.23684210526316,998,7.24549098196393
958,40,7.24530271398747,7.25,998,7.24549098196393
956,41,7.2520920502092,7.31707317073171,997,7.25476429287864
959,39,7.26381647549531,7.25641025641026,998,7.26352705410822
958,41,7.26722338204593,7.26829268292683,999,7.26726726726727
960,39,7.25520833333333,7.30769230769231,999,7.25725725725726
957,42,7.25287356321839,7.26190476190476,999,7.25325325325325
961,38,7.26742976066597,7.28947368421053,999,7.26826826826827
960,39,7.26666666666667,7.28205128205128,999,7.26726726726727
961,38,7.24869927159209,7.31578947368421,999,7.25125125125125
960,38,7.23125,7.31578947368421,998,7.23446893787575
965,34,7.24870466321244,7.29411764705882,999,7.25025025025025
961,35,7.23933402705515,7.31428571428571,996,7.24196787148594
961,37,7.26534859521332,7.2972972972973,998,7.26653306613226
963,33,7.25233644859813,7.3030303030303,996,7.25401606425703
966,33,7.2639751552795,7.21212121212121,999,7.26226226226226
965,34,7.27253886010363,7.20588235294118,999,7.27027027027027
962,37,7.25155925155925,7.18918918918919,999,7.24924924924925
961,37,7.25806451612903,7.10810810810811,998,7.25250501002004
965,32,7.26424870466321,7.125,997,7.25977933801404
963,35,7.24818276220145,7.11428571428571,998,7.2434869739479
966,33,7.24120082815735,7.12121212121212,999,7.23723723723724
969,29,7.2249742002064,7.13793103448276,998,7.22244488977956
970,29,7.21340206185567,7.13793103448276,999,7.21121121121121
972,27,7.20267489711934,7.11111111111111,999,7.2002002002002
974,25,7.19815195071869,7.12,999,7.1961961961962
974,25,7.20841889117043,7.16,999,7.20720720720721
974,25,7.19712525667351,7.12,999,7.1951951951952
974,24,7.18685831622177,7.125,998,7.18537074148297
972,25,7.1820987654321,7.16,997,7.18154463390171
975,24,7.18358974358974,7.16666666666667,999,7.18318318318318
974,24,7.18069815195072,7.125,998,7.17935871743487
971,27,7.16683831101957,7.14814814814815,998,7.16633266533066
971,25,7.16580844490216,7.16,996,7.16566265060241
971,24,7.17095777548919,7.125,995,7.16984924623116
975,24,7.16923076923077,7.20833333333333,999,7.17017017017017
974,25,7.17659137577002,7.2,999,7.17717717717718
971,27,7.18331616889804,7.18518518518519,998,7.18336673346693
972,26,7.190329218107,7.15384615384615,998,7.18937875751503
973,25,7.20554984583762,7.2,998,7.20541082164329
975,24,7.19897435897436,7.20833333333333,999,7.1991991991992
973,24,7.21788283658787,7.33333333333333,997,7.22066198595787
974,24,7.21868583162218,7.375,998,7.22244488977956
975,24,7.21230769230769,7.375,999,7.21621621621622
970,28,7.21958762886598,7.35714285714286,998,7.22344689378758
975,24,7.19589743589744,7.29166666666667,999,7.1981981981982
973,26,7.18910585817061,7.30769230769231,999,7.19219219219219
972,27,7.22222222222222,7.2962962962963,999,7.22422422422422
971,27,7.21318228630278,7.2962962962963,998,7.21543086172345
974,24,7.21457905544148,7.20833333333333,998,7.21442885771543
976,23,7.20799180327869,7.1304347826087,999,7.20620620620621
978,20,7.21472392638037,7.1,998,7.2124248496994
979,19,7.21756894790603,7.10526315789474,998,7.21543086172345
979,18,7.19816138917263,7.11111111111111,997,7.19658976930792
982,17,7.18737270875764,7.11764705882353,999,7.18618618618619
982,17,7.20162932790224,7.11764705882353,999,7.2002002002002
981,17,7.19979612640163,7.05882352941176,998,7.19739478957916
982,17,7.19959266802444,7.05882352941176,999,7.1971971971972
982,16,7.19144602851324,7.0,998,7.18837675350701
980,17,7.17959183673469,7.0,997,7.1765295887663
981,17,7.18246687054027,7.0,998,7.17935871743487
982,15,7.19551934826884,7.0,997,7.1925777331996
984,15,7.19207317073171,7.0,999,7.18918918918919
981,17,7.1967380224261,7.0,998,7.19338677354709
983,15,7.18718209562564,7.0,998,7.18436873747495
984,15,7.19207317073171,7.0,999,7.18918918918919
983,16,7.19735503560529,7.0,999,7.19419419419419
980,17,7.1969387755102,7.0,997,7.19358074222668
980,17,7.2030612244898,7.0,997,7.19959879638917
981,17,7.2059123343527,7.0,998,7.20240480961924
981,18,7.20285423037717,7.0,999,7.1991991991992
982,17,7.20570264765784,7.0,999,7.2022022022022
982,17,7.21181262729124,7.0,999,7.20820820820821
981,18,7.21406727828746,7.0,999,7.21021021021021
979,20,7.20531154239019,7.0,999,7.2012012012012
982,17,7.20366598778004,7.0,999,7.2002002002002
981,18,7.20795107033639,7.0,999,7.2042042042042
980,18,7.20714285714286,7.0,998,7.20340681362725
983,16,7.19735503560529,7.0,999,7.19419419419419
983,16,7.21159715157681,7.0,999,7.20820820820821
979,20,7.20020429009193,7.0,999,7.1961961961962
979,19,7.2073544433095,7.0,998,7.20340681362725
981,17,7.20795107033639,7.0,998,7.20440881763527
981,17,7.21304791029562,7.0,998,7.20941883767535
980,18,7.21122448979592,7.0,998,7.20741482965932
982,16,7.20366598778004,7.0,998,7.20040080160321
985,14,7.20812182741117,7.0,999,7.20520520520521
982,17,7.20264765784114,7.0,999,7.1991991991992
980,18,7.21734693877551,7.0,998,7.21342685370742
982,17,7.22097759674134,7.0,999,7.21721721721722
981,18,7.22833843017329,7.0,999,7.22422422422422
980,19,7.24591836734694,7.0,999,7.24124124124124
980,19,7.23469387755102,7.0,999,7.23023023023023
978,17,7.23415132924335,7.0,995,7.23015075376884
980,18,7.25408163265306,7.0,998,7.24949899799599
980,18,7.24795918367347,7.0,998,7.2434869739479
979,18,7.25025536261491,7.0,997,7.2457372116349
982,16,7.25763747454175,7.0,998,7.25350701402806
981,18,7.24872579001019,7.0,999,7.24424424424424
983,16,7.24923702950153,7.0,999,7.24524524524525
979,18,7.24719101123596,7.0,997,7.24272818455366
979,19,7.2461695607763,7.0,998,7.24148296593186
982,17,7.24643584521385,7.0,999,7.24224224224224
980,18,7.23775510204082,7.0,998,7.23346693386774
980,18,7.24081632653061,7.0,998,7.23647294589178
980,19,7.24387755102041,7.0,999,7.23923923923924
983,16,7.25228891149542,7.0,999,7.24824824824825
983,16,7.25228891149542,7.0,999,7.24824824824825
979,17,7.25536261491318,7.0,996,7.25100401606426
980,18,7.25714285714286,7.0,998,7.25250501002004
981,18,7.25993883792049,7.0,999,7.25525525525526
981,16,7.2782874617737,7.0,997,7.27382146439318
983,16,7.27975584944049,7.0,999,7.27527527527528
983,16,7.29094608341811,7.0,999,7.28628628628629
981,16,7.2782874617737,7.0,997,7.27382146439318
982,14,7.28615071283096,7.0,996,7.28212851405623
985,14,7.28832487309645,7.0,999,7.28428428428428
986,13,7.28397565922921,7.0,999,7.28028028028028
985,14,7.30152284263959,7.0,999,7.2972972972973
986,13,7.2920892494929,7.0,999,7.28828828828829
987,12,7.28267477203647,7.0,999,7.27927927927928
986,10,7.29107505070994,7.0,996,7.28815261044177
989,9,7.28311425682508,7.0,998,7.28056112224449
989,10,7.29828109201213,7.0,999,7.2952952952953
989,10,7.29929221435794,7.0,999,7.2962962962963
989,10,7.30535894843276,7.0,999,7.3023023023023
989,10,7.29726996966633,7.0,999,7.29429429429429
989,9,7.29322548028311,7.0,998,7.29058116232465
989,9,7.29625884732053,7.0,998,7.2935871743487
989,10,7.2881698685541,7.0,999,7.28528528528529
989,8,7.28109201213347,7.0,997,7.27883650952859
990,8,7.28787878787879,7.0,998,7.28557114228457
992,7,7.29032258064516,7.0,999,7.28828828828829
990,9,7.28181818181818,7.0,999,7.27927927927928
990,9,7.27676767676768,7.0,999,7.27427427427427
989,10,7.26996966632963,7.0,999,7.26726726726727
987,11,7.2725430597771,7.0,998,7.26953907815631
987,12,7.27659574468085,7.0,999,7.27327327327327
987,10,7.27862208713273,7.0,997,7.27582748244734
987,12,7.28267477203647,7.0,999,7.27927927927928
982,14,7.28716904276986,7.0,996,7.28313253012048
985,13,7.2741116751269,7.0,998,7.27054108216433
985,12,7.2751269035533,7.0,997,7.27181544633902
985,14,7.27208121827411,7.0,999,7.26826826826827
984,15,7.27032520325203,7.0,999,7.26626626626627
984,14,7.28658536585366,7.0,998,7.28256513026052
984,15,7.28353658536585,7.0,999,7.27927927927928
981,17,7.28134556574924,7.0,998,7.27655310621242
982,17,7.28818737270876,7.0,999,7.28328328328328
982,17,7.29327902240326,7.0,999,7.28828828828829
979,19,7.29519918283963,7.0,998,7.28957915831663
977,20,7.29273285568066,7.0,997,7.28686058174524
982,17,7.28615071283096,7.0,999,7.28128128128128
985,14,7.2751269035533,7.0,999,7.27127127127127
983,16,7.27263479145473,7.0,999,7.26826826826827
982,15,7.27189409368635,7.0,997,7.26780341023069
986,13,7.27180527383367,7.0,999,7.26826826826827
985,13,7.27106598984772,7.0,998,7.26753507014028
984,14,7.26422764227642,7.0,998,7.26052104208417
988,11,7.27024291497976,7.0,999,7.26726726726727
988,11,7.25,7.0,999,7.24724724724725
983,12,7.24618514750763,7.0,995,7.24321608040201
987,12,7.23606889564336,7.0,999,7.23323323323323
986,13,7.24036511156187,7.0,999,7.23723723723724
983,15,7.22889114954222,7.0,998,7.22545090180361
981,16,7.22935779816514,7.0,997,7.22567703109328
983,15,7.2472024415056,7.0,998,7.2434869739479
984,15,7.24288617886179,7.0,999,7.23923923923924
983,16,7.23702950152594,7.0,999,7.23323323323323
982,15,7.24541751527495,7.0,997,7.24172517552658
987,12,7.24316109422492,7.0,999,7.24024024024024
987,12,7.23404255319149,7.0,999,7.23123123123123
985,13,7.21624365482234,7.0,998,7.21342685370742
985,13,7.2243654822335,7.0,998,7.22144288577154
985,14,7.21522842639594,7.0,999,7.21221221221221
986,13,7.21703853955375,7.0,999,7.21421421421421
987,11,7.22695035460993,7.0,998,7.22444889779559
990,9,7.21717171717172,7.0,999,7.21521521521522
988,11,7.21963562753036,7.0,999,7.21721721721722
988,11,7.22570850202429,7.0,999,7.22322322322322
989,10,7.22750252780586,7.0,999,7.22522522522523
990,9,7.22424242424242,7.0,999,7.22222222222222
991,8,7.22401614530777,7.0,999,7.22222222222222
989,9,7.22649140546006,7.0,998,7.22444889779559
991,8,7.21493440968719,7.0,999,7.21321321321321
991,8,7.22199798183653,7.0,999,7.22022022022022
989,10,7.21941354903943,7.0,999,7.21721721721722
990,9,7.22828282828283,7.0,999,7.22622622622623
988,10,7.23886639676113,7.0,998,7.23647294589178
988,10,7.24898785425101,7.0,998,7.24649298597194
988,11,7.26417004048583,7.0,999,7.26126126126126
988,11,7.2580971659919,7.0,999,7.25525525525526
987,11,7.25734549138804,7.0,998,7.25450901803607
983,12,7.26144455747711,7.0,995,7.25829145728643
986,13,7.25760649087221,7.0,999,7.25425425425425
987,12,7.26038500506586,7.0,999,7.25725725725726
988,11,7.25,7.0,999,7.24724724724725
988,11,7.2580971659919,7.0,999,7.25525525525526
986,11,7.25963488843813,7.0,997,7.2567703109328
987,12,7.25937183383992,7.0,999,7.25625625625626
984,14,7.26626016260163,7.0,998,7.2625250501002
983,15,7.26042726347915,7.0,998,7.2565130260521
985,14,7.25888324873096,7.0,999,7.25525525525526
983,16,7.25839267548321,7.0,999,7.25425425425425
978,18,7.25460122699386,7.0,996,7.25
979,19,7.25638406537283,7.0,998,7.25150300601202
980,17,7.25,7.0,997,7.2457372116349
979,19,7.25434116445352,7.0,998,7.24949899799599
980,19,7.24183673469388,7.0,999,7.23723723723724
980,19,7.23979591836735,7.0,999,7.23523523523524
978,21,7.23619631901841,7.0,999,7.23123123123123
977,22,7.23848515864892,7.0,999,7.23323323323323
981,18,7.22120285423038,7.0,999,7.21721721721722
981,18,7.21406727828746,7.0,999,7.21021021021021
982,17,7.20366598778004,7.0,999,7.2002002002002
982,17,7.19551934826884,7.0,999,7.19219219219219
982,17,7.18228105906314,7.0,999,7.17917917917918
981,18,7.1743119266055,7.0,999,7.17117117117117
982,16,7.17922606924644,7.0,998,7.17635270541082
982,17,7.17209775967413,7.0,999,7.16916916916917
982,17,7.16904276985743,7.0,999,7.16616616616617
981,17,7.16207951070336,7.0,998,7.15931863727455
984,15,7.16056910569106,7.0,999,7.15815815815816
985,14,7.16446700507614,7.0,999,7.16216216216216
984,14,7.17276422764228,7.0,998,7.17034068136273
982,16,7.17006109979633,7.0,998,7.16733466933868
985,13,7.18071065989848,7.0,998,7.17835671342685
985,14,7.15634517766497,7.0,999,7.15415415415415
986,13,7.15720081135903,7.0,999,7.15515515515516
987,12,7.1661600810537,7.0,999,7.16416416416416
987,12,7.15906788247214,7.0,999,7.15715715715716
985,13,7.16548223350254,7.0,998,7.16332665330661
984,15,7.16463414634146,7.0,999,7.16216216216216
984,14,7.15752032520325,7.0,998,7.15531062124249
984,14,7.15345528455285,7.0,998,7.15130260521042
985,14,7.15736040609137,7.0,999,7.15515515515516
984,15,7.16666666666667,7.0,999,7.16416416416416
983,15,7.1617497456765,7.0,998,7.15931863727455
982,16,7.15784114052953,7.0,998,7.15531062124249
984,14,7.16565040650407,7.0,998,7.16332665330661
985,13,7.16040609137056,7.0,998,7.15831663326653
984,15,7.16361788617886,7.0,999,7.16116116116116
983,16,7.1617497456765,7.0,999,7.15915915915916
983,16,7.16683621566633,7.0,999,7.16416416416416
983,16,7.1617497456765,7.0,999,7.15915915915916
979,20,7.16547497446374,7.0,999,7.16216216216216
980,19,7.16122448979592,7.0,999,7.15815815815816
981,18,7.16411824668705,7.0,999,7.16116116116116
981,18,7.17125382262997,7.0,999,7.16816816816817
979,18,7.170582226762,7.0,997,7.16750250752257
980,18,7.1734693877551,7.0,998,7.17034068136273
981,18,7.1743119266055,7.0,999,7.17117117117117
979,20,7.17466802860061,7.0,999,7.17117117117117
979,20,7.17160367722165,7.0,999,7.16816816816817
981,18,7.17329255861366,7.0,999,7.17017017017017
981,17,7.17023445463812,7.0,998,7.16733466933868
981,18,7.17023445463812,7.0,999,7.16716716716717
982,17,7.15784114052953,7.0,999,7.15515515515516
981,18,7.16004077471967,7.0,999,7.15715715715716
980,19,7.15612244897959,7.0,999,7.15315315315315
982,17,7.15478615071283,7.0,999,7.15215215215215
979,19,7.15219611848825,7.0,998,7.14929859719439
980,19,7.14591836734694,7.0,999,7.14314314314314
980,18,7.15,7.0,998,7.14729458917836
980,18,7.15510204081633,7.0,998,7.15230460921844
979,18,7.1511746680286,7.0,997,7.14844533600802
978,20,7.16053169734151,7.0,998,7.15731462925852
979,19,7.170582226762,7.0,998,7.16733466933868
978,21,7.16768916155419,7.0,999,7.16416416416416
979,20,7.1685393258427,7.0,999,7.16516516516517
976,22,7.16905737704918,7.0,998,7.16533066132265
980,18,7.1530612244898,7.0,998,7.1503006012024
978,20,7.15950920245399,7.0,998,7.1563126252505
975,19,7.15589743589744,7.0,994,7.15291750503018
980,19,7.15204081632653,7.0,999,7.14914914914915
981,18,7.15188583078491,7.0,999,7.14914914914915
979,19,7.1511746680286,7.0,998,7.14829659318637
979,19,7.14811031664964,7.0,998,7.14529058116232
978,20,7.15030674846626,7.0,998,7.14729458917836
977,22,7.14329580348004,7.0,999,7.14014014014014
977,22,7.14738996929376,7.0,999,7.14414414414414
979,18,7.14402451481103,7.0,997,7.14142427281846
979,19,7.14606741573034,7.0,998,7.14328657314629
977,21,7.14841351074719,7.0,998,7.14529058116232
979,20,7.14198161389173,7.0,999,7.13913913913914
979,19,7.14300306435138,7.0,998,7.14028056112224
976,22,7.14241803278689,7.0,998,7.13927855711423
979,20,7.14606741573034,7.0,999,7.14314314314314
981,18,7.14576962283384,7.0,999,7.14314314314314
980,19,7.14387755102041,7.0,999,7.14114114114114
980,19,7.13979591836735,7.0,999,7.13713713713714
980,19,7.14591836734694,7.0,999,7.14314314314314
978,20,7.13292433537832,7.0,998,7.13026052104208
980,19,7.13979591836735,7.0,999,7.13713713713714
981,18,7.15596330275229,7.0,999,7.15315315315315
980,19,7.15510204081633,7.0,999,7.15215215215215
979,19,7.15219611848825,7.0,998,7.14929859719439
977,20,7.16479017400205,7.0,997,7.16148445336008
976,21,7.16803278688525,7.0,997,7.16449348044132
978,20,7.15541922290389,7.0,998,7.15230460921844
975,24,7.15794871794872,7.0,999,7.15415415415415
973,26,7.15621788283659,7.0,999,7.15215215215215
971,25,7.15756951596292,7.0,996,7.15361445783132
973,26,7.14799588900308,7.0,999,7.14414414414414
971,27,7.15550978372812,7.0,998,7.15130260521042
967,28,7.15305067218201,7.0,995,7.14874371859297
970,28,7.14948453608247,7.0,998,7.14529058116232
969,30,7.14654282765738,7.0,999,7.14214214214214
971,28,7.15345005149331,7.0,999,7.14914914914915
975,24,7.14974358974359,7.0,999,7.14614614614615
973,26,7.16032887975334,7.0,999,7.15615615615616
974,25,7.1652977412731,7.0,999,7.16116116116116
975,24,7.15076923076923,7.0,999,7.14714714714715
975,23,7.14666666666667,7.0,998,7.14328657314629
976,23,7.14651639344262,7.0,999,7.14314314314314
975,22,7.15589743589744,7.0,997,7.15245737211635
975,22,7.14974358974359,7.0,997,7.14643931795386
971,26,7.16168898043254,7.0,997,7.15747241725176
972,24,7.1656378600823,7.0,996,7.16164658634538
977,21,7.15864892528147,7.0,998,7.15531062124249
977,22,7.14841351074719,7.0,999,7.14514514514515
973,25,7.13566289825283,7.0,998,7.13226452905812
974,24,7.15605749486653,7.0,998,7.15230460921844
975,24,7.14461538461538,7.0,999,7.14114114114114
971,27,7.14727085478888,7.0,998,7.14328657314629
972,25,7.15329218106996,7.0,997,7.1494483450351
975,24,7.15179487179487,7.0,999,7.14814814814815
975,23,7.15179487179487,7.0,998,7.14829659318637
974,24,7.14065708418891,7.0,998,7.1372745490982
976,23,7.14139344262295,7.0,999,7.13813813813814
977,22,7.13306038894575,7.0,999,7.13013013013013
973,23,7.13874614594039,7.0,996,7.1355421686747
976,23,7.13217213114754,7.0,999,7.12912912912913
980,19,7.14081632653061,7.0,999,7.13813813813814
976,22,7.15573770491803,7.0,998,7.15230460921844
975,22,7.14051282051282,7.0,997,7.13741223671013
981,18,7.14271151885831,7.0,999,7.14014014014014
979,18,7.14504596527068,7.0,997,7.14242728184554
979,19,7.14402451481103,7.0,998,7.14128256513026
978,19,7.14621676891616,7.0,997,7.14343029087262
977,19,7.15557830092119,7.0,996,7.15261044176707
979,19,7.15423901940756,7.0,998,7.15130260521042
978,21,7.14928425357873,7.0,999,7.14614614614615
979,20,7.15526046986721,7.0,999,7.15215215215215
983,16,7.14750762970499,7.0,999,7.14514514514515
981,18,7.15188583078491,7.0,999,7.14914914914915
980,18,7.13163265306122,7.0,998,7.12925851703407
979,19,7.12563840653728,7.0,998,7.12324649298597
980,19,7.13163265306122,7.0,999,7.12912912912913
980,17,7.12755102040816,7.0,997,7.12537612838516
982,17,7.12729124236253,7.0,999,7.12512512512513
982,17,7.12525458248473,7.0,999,7.12312312312312
986,12,7.11967545638945,7.0,998,7.11823647294589
986,13,7.12068965517241,7.0,999,7.11911911911912
984,13,7.1280487804878,7.0,997,7.12637913741224
988,11,7.13056680161943,7.0,999,7.12912912912913
987,11,7.1306990881459,7.0,998,7.12925851703407
987,12,7.14285714285714,7.0,999,7.14114114114114
985,12,7.14619289340102,7.0,997,7.1444332998997
986,13,7.15111561866126,7.0,999,7.14914914914915
985,13,7.14822335025381,7.0,998,7.14629258517034
989,10,7.14863498483316,7.0,999,7.14714714714715
990,9,7.15353535353535,7.0,999,7.15215215215215
990,9,7.14646464646465,7.0,999,7.14514514514515
990,9,7.15757575757576,7.0,999,7.15615615615616
991,8,7.15539858728557,7.0,999,7.15415415415415
991,7,7.15338042381433,7.0,998,7.15230460921844
989,6,7.14762386248736,7.0,995,7.14673366834171
992,6,7.15120967741935,7.0,998,7.1503006012024
991,6,7.14934409687185,7.0,997,7.14844533600802
992,7,7.15020161290323,7.0,999,7.14914914914915
991,6,7.15237134207871,7.0,997,7.15145436308927
992,6,7.16028225806452,7.0,998,7.15931863727455
993,6,7.15307150050352,7.0,999,7.15215215215215
992,7,7.15221774193548,7.0,999,7.15115115115115
993,6,7.14501510574018,7.0,999,7.14414414414414
994,5,7.13983903420523,7.0,999,7.13913913913914
991,6,7.13622603430878,7.0,997,7.13540621865597
993,5,7.12990936555891,7.0,998,7.12925851703407
994,5,7.13480885311871,7.0,999,7.13413413413413
992,7,7.13407258064516,7.0,999,7.13313313313313
990,7,7.13636363636364,7.0,997,7.13540621865597
991,7,7.12916246215944,7.0,998,7.12825651302605
993,6,7.12286002014099,7.0,999,7.12212212212212
994,5,7.11368209255533,7.0,999,7.11311311311311
994,5,7.11468812877264,7.0,999,7.11411411411411
992,6,7.11895161290323,7.0,998,7.11823647294589
993,6,7.11379657603223,7.0,999,7.11311311311311
992,6,7.11391129032258,7.0,998,7.11322645290581
992,6,7.11290322580645,7.0,998,7.1122244488978
992,6,7.10584677419355,7.0,998,7.10521042084168
992,5,7.11290322580645,7.0,997,7.1123370110331
994,5,7.10663983903421,7.0,999,7.10610610610611
993,6,7.10976837865055,7.0,999,7.10910910910911
993,6,7.10976837865055,7.0,999,7.10910910910911
993,6,7.11379657603223,7.0,999,7.11311311311311
995,4,7.1035175879397,7.0,999,7.1031031031031
995,3,7.11557788944724,7.0,998,7.11523046092184
995,4,7.11959798994975,7.0,999,7.11911911911912
994,4,7.12173038229376,7.0,998,7.12124248496994
995,4,7.11658291457286,7.0,999,7.11611611611612
994,4,7.10865191146881,7.0,998,7.10821643286573
993,5,7.10976837865055,7.0,998,7.10921843687375
994,4,7.1056338028169,7.0,998,7.10521042084168
991,5,7.10393541876892,7.0,996,7.10341365461847
989,6,7.10819009100101,7.0,995,7.10753768844221
991,6,7.09889001009082,7.0,997,7.09829488465396
990,7,7.08686868686869,7.0,997,7.08625877632899
991,6,7.08072653884965,7.0,997,7.0802407221665
992,7,7.08366935483871,7.0,999,7.08308308308308
992,7,7.08870967741935,7.0,999,7.08808808808809
993,6,7.08459214501511,7.0,999,7.08408408408408
990,8,7.08383838383838,7.0,998,7.08316633266533
992,7,7.08467741935484,7.0,999,7.08408408408408
992,7,7.09072580645161,7.0,999,7.09009009009009
991,6,7.09687184661958,7.0,997,7.0962888665998
991,8,7.10191725529768,7.0,999,7.1011011011011
993,5,7.10473313192346,7.0,998,7.10420841683367
992,6,7.10887096774194,7.0,998,7.10821643286573
991,7,7.1079717457114,7.0,998,7.10721442885772
991,6,7.11099899091826,7.0,997,7.11033099297894
993,6,7.11681772406848,7.0,999,7.11611611611612
993,6,7.11883182275932,7.0,999,7.11811811811812
990,7,7.11515151515152,7.0,997,7.11434302908726
991,7,7.11402623612513,7.0,998,7.11322645290581
991,8,7.10191725529768,7.0,999,7.1011011011011
989,8,7.11223458038423,7.0,997,7.11133400200602
987,9,7.11854103343465,7.0,996,7.11746987951807
991,8,7.11806256306761,7.0,999,7.11711711711712
988,8,7.12246963562753,7.0,996,7.1214859437751
990,8,7.11111111111111,7.0,998,7.11022044088176
992,7,7.11895161290323,7.0,999,7.11811811811812
991,7,7.11806256306761,7.0,998,7.11723446893788
992,6,7.11693548387097,7.0,998,7.11623246492986
992,5,7.11189516129032,7.0,997,7.11133400200602
994,5,7.1046277665996,7.0,999,7.1041041041041
995,4,7.11256281407035,7.0,999,7.11211211211211
995,4,7.11557788944724,7.0,999,7.11511511511512
993,5,7.10976837865055,7.0,998,7.10921843687375
994,5,7.09054325955734,7.0,999,7.09009009009009
993,5,7.09466263846929,7.0,998,7.09418837675351
994,5,7.09456740442656,7.0,999,7.09409409409409
992,6,7.09979838709677,7.0,998,7.09919839679359
993,6,7.09869083585096,7.0,999,7.0980980980981
991,6,7.10696266397578,7.0,997,7.10631895687061
992,7,7.10483870967742,7.0,999,7.1041041041041
993,6,7.10574018126888,7.0,999,7.10510510510511
992,7,7.10584677419355,7.0,999,7.10510510510511
992,7,7.10584677419355,7.0,999,7.10510510510511
989,9,7.11425682507583,7.0,998,7.11322645290581
988,10,7.11133603238866,7.0,998,7.11022044088176
987,10,7.11043566362715,7.0,997,7.10932798395186
987,11,7.11651469098278,7.0,998,7.11523046092184
987,10,7.11752786220871,7.0,997,7.11634904714142
990,9,7.12323232323232,7.0,999,7.12212212212212
989,9,7.12537917087968,7.0,998,7.12424849699399
989,9,7.11729019211325,7.0,998,7.11623246492986
990,9,7.11010101010101,7.0,999,7.10910910910911
989,9,7.10717896865521,7.0,998,7.1062124248497
987,10,7.11144883485309,7.0,997,7.11033099297894
988,9,7.10425101214575,7.0,997,7.10330992978937
989,9,7.1061678463094,7.0,998,7.10521042084168
990,9,7.10808080808081,7.0,999,7.10710710710711
985,12,7.10964467005076,7.0,997,7.10832497492477
987,11,7.10739614994934,7.0,998,7.1062124248497
988,11,7.11234817813765,7.0,999,7.11111111111111
986,13,7.11561866125761,7.0,999,7.11411411411411
984,15,7.11788617886179,7.0,999,7.11611611611612
984,15,7.1239837398374,7.0,999,7.12212212212212
985,12,7.11167512690355,7.0,997,7.11033099297894
984,15,7.11890243902439,7.0,999,7.11711711711712
983,16,7.11902339776195,7.0,999,7.11711711711712
984,15,7.11686991869919,7.0,999,7.11511511511512
983,15,7.1119023397762,7.0,998,7.11022044088176
984,15,7.11890243902439,7.0,999,7.11711711711712
985,14,7.11472081218274,7.0,999,7.11311311311311
985,14,7.11979695431472,7.0,999,7.11811811811812
984,14,7.1270325203252,7.0,998,7.125250501002
985,14,7.12284263959391,7.0,999,7.12112112112112
988,11,7.11437246963563,7.0,999,7.11311311311311
987,12,7.11651469098278,7.0,999,7.11511511511512
984,14,7.11788617886179,7.0,998,7.11623246492986
984,14,7.11585365853659,7.0,998,7.11422845691383
985,13,7.12284263959391,7.0,998,7.12124248496994
984,15,7.1229674796748,7.0,999,7.12112112112112
983,15,7.11902339776195,7.0,998,7.11723446893788
986,12,7.11156186612576,7.0,998,7.11022044088176
985,14,7.11065989847716,7.0,999,7.10910910910911
984,13,7.10162601626016,7.0,997,7.10030090270812
986,12,7.10649087221095,7.0,998,7.10521042084168
985,12,7.09746192893401,7.0,997,7.0962888665998
985,12,7.10152284263959,7.0,997,7.10030090270812
985,13,7.09847715736041,7.0,998,7.09719438877756
987,12,7.09523809523809,7.0,999,7.09409409409409
988,11,7.10121457489879,7.0,999,7.1001001001001
988,11,7.10222672064777,7.0,999,7.1011011011011
986,13,7.10344827586207,7.0,999,7.1021021021021
984,11,7.10772357723577,7.0,995,7.10653266331658
987,11,7.10131712259372,7.0,998,7.1002004008016
986,11,7.09939148073022,7.0,997,7.09829488465396
989,10,7.10313447927199,7.0,999,7.1021021021021
990,9,7.1020202020202,7.0,999,7.1011011011011
990,9,7.0949494949495,7.0,999,7.09409409409409
989,9,7.09302325581395,7.0,998,7.09218436873747
988,11,7.09919028340081,7.0,999,7.0980980980981
988,11,7.09919028340081,7.0,999,7.0980980980981
990,8,7.0979797979798,7.0,998,7.09719438877756
989,9,7.10212335692619,7.0,998,7.10120240480962
991,8,7.1029263370333,7.0,999,7.1021021021021
988,9,7.10931174089069,7.0,997,7.10832497492477
990,8,7.11313131313131,7.0,998,7.1122244488978
990,9,7.11212121212121,7.0,999,7.11111111111111
990,9,7.11414141414141,7.0,999,7.11311311311311
990,9,7.12222222222222,7.0,999,7.12112112112112
989,10,7.10920121334681,7.0,999,7.10810810810811
990,9,7.11212121212121,7.0,999,7.11111111111111
988,10,7.11437246963563,7.0,998,7.11322645290581
988,11,7.11437246963563,7.0,999,7.11311311311311
987,12,7.12360688956434,7.0,999,7.12212212212212
986,13,7.11663286004057,7.0,999,7.11511511511512
988,11,7.12145748987854,7.0,999,7.12012012012012
986,12,7.12068965517241,7.0,998,7.11923847695391
988,11,7.11538461538461,7.0,999,7.11411411411411
990,8,7.12323232323232,7.0,998,7.12224448897796
989,9,7.11729019211325,7.0,998,7.11623246492986
991,8,7.11705348133199,7.0,999,7.11611611611612
991,7,7.12310797174571,7.0,998,7.12224448897796
993,6,7.11681772406848,7.0,999,7.11611611611612
991,6,7.10998990918264,7.0,997,7.10932798395186
993,6,7.11480362537764,7.0,999,7.11411411411411
992,5,7.10685483870968,7.0,997,7.10631895687061
994,5,7.10261569416499,7.0,999,7.1021021021021
990,7,7.10909090909091,7.0,997,7.10832497492477
988,7,7.10425101214575,7.0,995,7.1035175879397
991,7,7.1079717457114,7.0,998,7.10721442885772
991,8,7.11402623612513,7.0,999,7.11311311311311
989,9,7.11324570273003,7.0,998,7.1122244488978
990,7,7.11515151515152,7.0,997,7.11434302908726
993,6,7.11581067472306,7.0,999,7.11511511511512
990,7,7.12121212121212,7.0,997,7.12036108324975
993,6,7.12286002014099,7.0,999,7.12212212212212
994,5,7.11167002012072,7.0,999,7.11111111111111
995,4,7.11256281407035,7.0,999,7.11211211211211
993,5,7.10976837865055,7.0,998,7.10921843687375
993,5,7.10876132930514,7.0,998,7.10821643286573
992,6,7.10887096774194,7.0,998,7.10821643286573
992,6,7.11290322580645,7.0,998,7.1122244488978
992,6,7.10987903225806,7.0,998,7.10921843687375
993,6,7.11581067472306,7.0,999,7.11511511511512
992,7,7.11491935483871,7.0,999,7.11411411411411
992,7,7.11491935483871,7.0,999,7.11411411411411
992,7,7.12096774193548,7.0,999,7.12012012012012
991,6,7.11806256306761,7.0,997,7.11735205616851
992,6,7.10887096774194,7.0,998,7.10821643286573
992,6,7.10685483870968,7.0,998,7.1062124248497
991,7,7.1029263370333,7.0,998,7.10220440881764
991,6,7.09889001009082,7.0,997,7.09829488465396
992,6,7.09979838709677,7.0,998,7.09919839679359
993,5,7.09365558912387,7.0,998,7.09318637274549
994,4,7.08752515090543,7.0,998,7.08717434869739
995,4,7.08643216080402,7.0,999,7.08608608608609
995,4,7.0894472361809,7.0,999,7.08908908908909
994,4,7.08350100603622,7.0,998,7.08316633266533
994,4,7.08551307847083,7.0,998,7.08517034068136
993,5,7.08660624370594,7.0,998,7.08617234468938
993,5,7.08862034239678,7.0,998,7.08817635270541
995,4,7.09447236180905,7.0,999,7.09409409409409
996,3,7.1004016064257,7.0,999,7.1001001001001
996,3,7.10240963855422,7.0,999,7.1021021021021
996,3,7.10341365461847,7.0,999,7.1031031031031
994,3,7.09758551307847,7.0,997,7.09729187562688
992,3,7.10383064516129,7.0,995,7.1035175879397
993,3,7.10473313192346,7.0,996,7.10441767068273
995,3,7.10653266331658,7.0,998,7.1062124248497
996,2,7.10843373493976,7.0,998,7.10821643286573
995,2,7.10452261306533,7.0,997,7.10431293881645
996,2,7.10642570281125,7.0,998,7.1062124248497
995,3,7.09849246231156,7.0,998,7.09819639278557
995,3,7.10452261306533,7.0,998,7.10420841683367
996,3,7.10642570281125,7.0,999,7.10610610610611
996,3,7.10642570281125,7.0,999,7.10610610610611
996,3,7.11345381526104,7.0,999,7.11311311311311
997,2,7.10832497492477,7.0,999,7.10810810810811
996,2,7.11546184738956,7.0,998,7.11523046092184
996,3,7.11546184738956,7.0,999,7.11511511511512
996,3,7.11746987951807,7.0,999,7.11711711711712
996,3,7.11847389558233,7.0,999,7.11811811811812
997,2,7.12036108324975,7.0,999,7.12012012012012
995,3,7.12562814070352,7.0,998,7.125250501002
995,3,7.11959798994975,7.0,998,7.11923847695391
995,3,7.11457286432161,7.0,998,7.11422845691383
993,4,7.11379657603223,7.0,997,7.11334002006018
995,4,7.1105527638191,7.0,999,7.11011011011011
995,4,7.10854271356784,7.0,999,7.10810810810811
996,3,7.10441767068273,7.0,999,7.1041041041041
994,4,7.1056338028169,7.0,998,7.10521042084168
994,4,7.1056338028169,7.0,998,7.10521042084168
993,4,7.1067472306143,7.0,997,7.10631895687061
994,5,7.11267605633803,7.0,999,7.11211211211211
993,5,7.10775427995972,7.0,998,7.10721442885772
994,5,7.11267605633803,7.0,999,7.11211211211211
991,6,7.1029263370333,7.0,997,7.10230692076229
992,6,7.09979838709677,7.0,998,7.09919839679359
994,4,7.09959758551308,7.0,998,7.09919839679359
996,3,7.10140562248996,7.0,999,7.1011011011011
996,3,7.10642570281125,7.0,999,7.10610610610611
995,4,7.10854271356784,7.0,999,7.10810810810811
995,4,7.10251256281407,7.0,999,7.1021021021021
995,4,7.09949748743719,7.0,999,7.0990990990991
995,3,7.10251256281407,7.0,998,7.10220440881764
994,4,7.10663983903421,7.0,998,7.1062124248497
994,4,7.11066398390342,7.0,998,7.11022044088176
995,4,7.10050251256281,7.0,999,7.1001001001001
992,6,7.09979838709677,7.0,998,7.09919839679359
995,4,7.10050251256281,7.0,999,7.1001001001001
996,3,7.10441767068273,7.0,999,7.1041041041041
994,3,7.1046277665996,7.0,997,7.10431293881645
995,2,7.10854271356784,7.0,997,7.10832497492477
996,2,7.10943775100402,7.0,998,7.10921843687375
996,2,7.10943775100402,7.0,998,7.10921843687375
997,2,7.10230692076229,7.0,999,7.1021021021021
997,2,7.10030090270812,7.0,999,7.1001001001001
997,2,7.10230692076229,7.0,999,7.1021021021021
995,2,7.10150753768844,7.0,997,7.10130391173521
995,2,7.09949748743719,7.0,997,7.09929789368104
997,2,7.09428284854564,7.0,999,7.09409409409409
995,3,7.0964824120603,7.0,998,7.09619238476954
995,3,7.09145728643216,7.0,998,7.09118236472946
996,3,7.09136546184739,7.0,999,7.09109109109109
996,3,7.09839357429719,7.0,999,7.0980980980981
994,4,7.09154929577465,7.0,998,7.09118236472946
993,5,7.0896273917422,7.0,998,7.08917835671343
995,4,7.07839195979899,7.0,999,7.07807807807808
994,5,7.0784708249497,7.0,999,7.07807807807808
994,5,7.07243460764588,7.0,999,7.07207207207207
992,5,7.07358870967742,7.0,997,7.07321965897693
995,4,7.07839195979899,7.0,999,7.07807807807808
994,5,7.0784708249497,7.0,999,7.07807807807808
994,5,7.07344064386318,7.0,999,7.07307307307307
992,5,7.07762096774194,7.0,997,7.07723169508526
993,6,7.07250755287009,7.0,999,7.07207207207207
993,6,7.07351460221551,7.0,999,7.07307307307307
993,5,7.07351460221551,7.0,998,7.07314629258517
994,5,7.0784708249497,7.0,999,7.07807807807808
993,3,7.067472306143,7.0,996,7.06726907630522
996,2,7.07329317269076,7.0,998,7.07314629258517
997,1,7.06920762286861,7.0,998,7.06913827655311
996,1,7.07128514056225,7.0,997,7.07121364092277
999,0,7.06806806806807,NaN,999,7.06806806806807
997,0,7.07221664994985,NaN,997,7.07221664994985
998,0,7.07314629258517,NaN,998,7.07314629258517
999,0,7.07407407407407,NaN,999,7.07407407407407
998,0,7.08316633266533,NaN,998,7.08316633266533
998,0,7.0811623246493,NaN,998,7.0811623246493
997,0,7.07923771313942,NaN,997,7.07923771313942
999,0,7.08208208208208,NaN,999,7.08208208208208
998,0,7.08817635270541,NaN,998,7.08817635270541
997,0,7.09528585757272,NaN,997,7.09528585757272
998,0,7.09018036072144,NaN,998,7.09018036072144
999,0,7.09209209209209,NaN,999,7.09209209209209
999,0,7.08608608608609,NaN,999,7.08608608608609
999,0,7.09009009009009,NaN,999,7.09009009009009
999,0,7.08908908908909,NaN,999,7.08908908908909
999,0,7.08608608608609,NaN,999,7.08608608608609
999,0,7.08608608608609,NaN,999,7.08608608608609
999,0,7.08308308308308,NaN,999,7.08308308308308
998,0,7.09318637274549,NaN,998,7.09318637274549
999,0,7.08508508508509,NaN,999,7.08508508508509
999,0,7.08908908908909,NaN,999,7.08908908908909
998,0,7.08416833667335,NaN,998,7.08416833667335
996,0,7.08232931726908,NaN,996,7.08232931726908
998,0,7.08016032064128,NaN,998,7.08016032064128
999,0,7.08408408408408,NaN,999,7.08408408408408
997,0,7.09027081243731,NaN,997,7.09027081243731
998,0,7.08817635270541,NaN,998,7.08817635270541
999,0,7.0990990990991,NaN,999,7.0990990990991
999,0,7.09209209209209,NaN,999,7.09209209209209
998,0,7.09519038076152,NaN,998,7.09519038076152
998,0,7.08817635270541,NaN,998,7.08817635270541
999,0,7.08808808808809,NaN,999,7.08808808808809
998,0,7.09218436873747,NaN,998,7.09218436873747
999,0,7.08908908908909,NaN,999,7.08908908908909
999,0,7.1011011011011,NaN,999,7.1011011011011
998,0,7.10420841683367,NaN,998,7.10420841683367
998,0,7.1062124248497,NaN,998,7.1062124248497
998,0,7.09619238476954,NaN,998,7.09619238476954
998,0,7.09519038076152,NaN,998,7.09519038076152
999,0,7.0950950950951,NaN,999,7.0950950950951
998,0,7.09719438877756,NaN,998,7.09719438877756
999,0,7.1001001001001,NaN,999,7.1001001001001
998,0,7.09519038076152,NaN,998,7.09519038076152
999,0,7.09109109109109,NaN,999,7.09109109109109
998,0,7.09218436873747,NaN,998,7.09218436873747
999,0,7.09009009009009,NaN,999,7.09009009009009
999,0,7.09209209209209,NaN,999,7.09209209209209
997,0,7.08625877632899,NaN,997,7.08625877632899
996,0,7.0863453815261,NaN,996,7.0863453815261
