forward_num,reverse_num,forward_rate,reverse_rate,organism_num,organism_rate
500,500,5.5,5.5,1000,5.5
493,494,5.49492900608519,5.51214574898785,987,5.50354609929078
492,493,5.48780487804878,5.52129817444219,985,5.50456852791878
491,489,5.4908350305499,5.52556237218814,980,5.50816326530612
489,488,5.49897750511247,5.51844262295082,977,5.50870010235415
494,488,5.49595141700405,5.51844262295082,982,5.5071283095723
520,469,5.375,5.54157782515991,989,5.45399393326593
534,465,5.27902621722846,5.54838709677419,999,5.4044044044044
541,457,5.17744916820702,5.5601750547046,998,5.35270541082164
526,466,5.16349809885932,5.48283261802575,992,5.31350806451613
524,465,5.14885496183206,5.49677419354839,989,5.31243680485339
564,434,4.87056737588652,5.49078341013825,998,5.14028056112224
536,454,4.87313432835821,5.33700440528634,990,5.08585858585859
546,444,4.75274725274725,5.2972972972973,990,4.9969696969697
557,441,4.67324955116697,5.31292517006803,998,4.95591182364729
562,436,4.60142348754448,5.18807339449541,998,4.85771543086172
562,436,4.57651245551601,5.10550458715596,998,4.80761523046092
558,438,4.55913978494624,5.03196347031963,996,4.76706827309237
581,417,4.41308089500861,5.02158273381295,998,4.66733466933868
577,420,4.4107452339688,4.96190476190476,997,4.64292878635908
589,407,4.33106960950764,4.95085995085995,996,4.58433734939759
616,382,4.04383116883117,4.93979057591623,998,4.38677354709419
619,379,3.94668820678514,4.86807387862797,998,4.29659318637275
635,363,3.90236220472441,4.81542699724518,998,4.23446893787575
634,359,3.88801261829653,4.83286908077994,993,4.22960725075529
643,353,3.82115085536547,4.71671388101983,996,4.13855421686747
641,358,3.80499219968799,4.67597765363128,999,4.11711711711712
633,366,3.82464454976303,4.51092896174863,999,4.07607607607608
629,370,3.77742448330684,4.27027027027027,999,3.95995995995996
634,364,3.73186119873817,4.26923076923077,998,3.92785571142285
632,367,3.68512658227848,4.12261580381471,999,3.84584584584585
631,367,3.67353407290016,4.1008174386921,998,3.83066132264529
658,341,3.59878419452888,4.14956011730205,999,3.78678678678679
663,336,3.52036199095023,4.15476190476191,999,3.73373373373373
670,328,3.51791044776119,4.11280487804878,998,3.71342685370741
674,325,3.50296735905045,4.15076923076923,999,3.71371371371371
673,323,3.48588410104012,4.13931888544892,996,3.69779116465863
681,318,3.45668135095448,4.04088050314465,999,3.64264264264264
687,312,3.46870451237263,4.04807692307692,999,3.64964964964965
709,288,3.42172073342736,4.01736111111111,997,3.5937813440321
717,281,3.39748953974895,3.99288256227758,998,3.56513026052104
716,283,3.40502793296089,3.96466431095406,999,3.56356356356356
725,272,3.27862068965517,3.90441176470588,997,3.4493480441324
735,262,3.22857142857143,3.77099236641221,997,3.37111334002006
731,268,3.18604651162791,3.75373134328358,999,3.33833833833834
727,268,3.20357634112792,3.70149253731343,995,3.33768844221106
743,256,3.20592193808883,3.62890625,999,3.31431431431431
746,253,3.20643431635389,3.61264822134387,999,3.30930930930931
753,244,3.20717131474104,3.62704918032787,997,3.3099297893681
759,240,3.15415019762846,3.60416666666667,999,3.26226226226226
767,231,3.15906127770535,3.64935064935065,998,3.27254509018036
774,225,3.17829457364341,3.59555555555556,999,3.27227227227227
770,227,3.16103896103896,3.61233480176211,997,3.26379137412237
781,218,3.10243277848912,3.53211009174312,999,3.1961961961962
786,212,3.06870229007634,3.37735849056604,998,3.13426853707415
775,222,3.05161290322581,3.27927927927928,997,3.10230692076229
784,213,3.06632653061224,3.26291079812207,997,3.10832497492477
788,211,3.07233502538071,3.25118483412322,999,3.11011011011011
798,201,3.09649122807018,3.2089552238806,999,3.11911911911912
799,200,3.08886107634543,3.22,999,3.11511511511512
808,190,3.09034653465347,3.18421052631579,998,3.10821643286573
813,186,3.0750307503075,3.16666666666667,999,3.09209209209209
818,180,3.05378973105134,3.13888888888889,998,3.06913827655311
821,178,3.09744214372716,3.14606741573034,999,3.10610610610611
830,169,3.08192771084337,3.10650887573965,999,3.08608608608609
833,165,3.10204081632653,3.13939393939394,998,3.10821643286573
831,167,3.07220216606498,3.1437125748503,998,3.08416833667335
834,165,3.08992805755396,3.12727272727273,999,3.0960960960961
836,163,3.09090909090909,3.09815950920245,999,3.09209209209209
840,158,3.0952380952381,3.10126582278481,998,3.09619238476954
845,154,3.04260355029586,3.01948051948052,999,3.03903903903904
839,159,3.02622169249106,3.0440251572327,998,3.02905811623247
836,160,3.0299043062201,3.0625,996,3.035140562249
837,162,3.04659498207885,3.10493827160494,999,3.05605605605606
847,152,3.00826446280992,3.09210526315789,999,3.02102102102102
843,154,2.99169632265718,2.98701298701299,997,2.99097291875627
844,155,3.0,2.98709677419355,999,2.997997997998
851,148,2.99882491186839,3.0,999,2.998998998999
852,146,3.02230046948357,2.93835616438356,998,3.01002004008016
862,135,3.0092807424594,2.96296296296296,997,3.00300902708124
864,134,2.98842592592593,2.95522388059702,998,2.98396793587174
872,126,2.96674311926605,2.9047619047619,998,2.95891783567134
870,128,2.95747126436782,2.8515625,998,2.9438877755511
873,126,2.95876288659794,2.80952380952381,999,2.93993993993994
877,121,2.94982896237172,2.87603305785124,998,2.94088176352705
881,118,2.92962542565267,2.91525423728814,999,2.92792792792793
883,114,2.94224235560589,2.92982456140351,997,2.94082246740221
883,113,2.9365798414496,2.98230088495575,996,2.94176706827309
898,101,2.93541202672606,2.91089108910891,999,2.93293293293293
890,109,2.95056179775281,2.89908256880734,999,2.94494494494494
888,111,2.96058558558559,2.84684684684685,999,2.94794794794795
890,108,2.94943820224719,2.87037037037037,998,2.94088176352705
895,103,2.93966480446927,2.86407766990291,998,2.93186372745491
893,105,2.94288913773796,2.82857142857143,998,2.93086172344689
895,102,2.93184357541899,2.80392156862745,997,2.91875626880642
903,96,2.92801771871539,2.82291666666667,999,2.91791791791792
907,92,2.91400220507166,2.83695652173913,999,2.90690690690691
909,89,2.90759075907591,2.87640449438202,998,2.90480961923848
915,83,2.93005464480874,2.91566265060241,998,2.92885771543086
917,80,2.92911668484188,2.8875,997,2.92577733199599
919,80,2.92600652883569,2.8875,999,2.92292292292292
921,75,2.89359391965255,3.0,996,2.90160642570281
921,78,2.89033659066232,2.96153846153846,999,2.8958958958959
920,79,2.90978260869565,2.93670886075949,999,2.91191191191191
918,79,2.9281045751634,2.92405063291139,997,2.92778335005015
922,76,2.91540130151844,2.94736842105263,998,2.91783567134269
925,74,2.90054054054054,2.93243243243243,999,2.9029029029029
930,68,2.90537634408602,3.0,998,2.91182364729459
932,65,2.90236051502146,2.84615384615385,997,2.89869608826479
932,66,2.91416309012876,2.93939393939394,998,2.91583166332665
933,65,2.90139335476956,2.95384615384615,998,2.90480961923848
938,61,2.89232409381663,2.95081967213115,999,2.8958958958959
938,60,2.91577825159915,2.86666666666667,998,2.91282565130261
938,59,2.9136460554371,2.79661016949153,997,2.90672016048144
940,56,2.94148936170213,2.85714285714286,996,2.93674698795181
945,53,2.93439153439153,2.92452830188679,998,2.93386773547094
950,49,2.90315789473684,3.02040816326531,999,2.90890890890891
949,48,2.91675447839831,2.97916666666667,997,2.9197592778335
950,48,2.90842105263158,2.9375,998,2.90981963927856
949,50,2.90832455216017,2.92,999,2.90890890890891
950,49,2.91578947368421,2.85714285714286,999,2.91291291291291
951,47,2.89695057833859,2.82978723404255,998,2.8937875751503
948,51,2.92510548523207,2.76470588235294,999,2.91691691691692
942,54,2.92781316348195,2.74074074074074,996,2.91767068273092
949,49,2.93150684931507,2.79591836734694,998,2.9248496993988
953,46,2.9202518363064,2.69565217391304,999,2.90990990990991
958,40,2.9133611691023,2.675,998,2.90380761523046
960,39,2.91354166666667,2.69230769230769,999,2.9049049049049
960,37,2.91770833333333,2.7027027027027,997,2.90972918756269
963,36,2.92315680166147,2.75,999,2.91691691691692
963,35,2.94496365524403,2.85714285714286,998,2.94188376753507
963,33,2.93769470404984,2.93939393939394,996,2.93775100401606
964,33,2.93257261410788,2.96969696969697,997,2.93380140421264
966,31,2.93788819875776,2.96774193548387,997,2.93881644934804
966,33,2.93581780538302,2.84848484848485,999,2.93293293293293
967,31,2.9224405377456,2.74193548387097,998,2.91683366733467
971,27,2.90010298661174,2.85185185185185,998,2.89879759519038
969,30,2.86480908152735,2.83333333333333,999,2.86386386386386
969,27,2.91228070175439,2.92592592592593,996,2.91265060240964
973,26,2.90441932168551,2.96153846153846,999,2.90590590590591
972,26,2.8858024691358,2.96153846153846,998,2.8877755511022
975,24,2.86871794871795,2.91666666666667,999,2.86986986986987
975,23,2.85538461538462,2.91304347826087,998,2.85671342685371
976,23,2.86475409836066,2.8695652173913,999,2.86486486486486
977,22,2.85977482088025,2.90909090909091,999,2.86086086086086
976,22,2.85963114754098,2.90909090909091,998,2.86072144288577
977,21,2.86796315250768,2.9047619047619,998,2.8687374749499
980,19,2.85408163265306,3.0,999,2.85685685685686
982,16,2.85947046843177,2.875,998,2.85971943887776
981,18,2.85932721712538,2.83333333333333,999,2.85885885885886
976,21,2.85040983606557,2.76190476190476,997,2.84854563691073
980,17,2.84285714285714,2.76470588235294,997,2.84152457372116
983,16,2.85961342828077,2.6875,999,2.85685685685686
984,14,2.86483739837398,2.5,998,2.85971943887776
983,15,2.87385554425229,2.6,998,2.86973947895792
983,14,2.88301119023398,2.64285714285714,997,2.87963891675025
985,14,2.88121827411168,2.35714285714286,999,2.87387387387387
984,15,2.90853658536585,2.53333333333333,999,2.9029029029029
984,14,2.91056910569106,2.42857142857143,998,2.90380761523046
983,15,2.90539165818922,2.4,998,2.89779559118236
983,15,2.92980671414039,2.26666666666667,998,2.91983967935872
982,15,2.92973523421589,2.26666666666667,997,2.9197592778335
984,15,2.91869918699187,2.26666666666667,999,2.90890890890891
983,14,2.92980671414039,2.28571428571429,997,2.92076228686058
984,14,2.92682926829268,2.5,998,2.92084168336673
985,14,2.93502538071066,2.57142857142857,999,2.92992992992993
986,13,2.93813387423935,2.61538461538462,999,2.93393393393393
987,12,2.93009118541033,2.66666666666667,999,2.92692692692693
990,9,2.94747474747475,2.44444444444444,999,2.94294294294294
990,8,2.96969696969697,2.125,998,2.96292585170341
993,6,2.95468277945619,2.16666666666667,999,2.94994994994995
992,7,2.9758064516129,2.42857142857143,999,2.97197197197197
992,6,2.9758064516129,2.5,998,2.97294589178357
993,6,2.95568982880161,2.5,999,2.95295295295295
991,6,2.98385469223007,2.5,997,2.98094282848546
993,5,2.98388721047331,2.6,998,2.98196392785571
994,4,2.98289738430584,2.75,998,2.98196392785571
995,3,2.98090452261307,3.0,998,2.9809619238477
992,3,2.97379032258065,3.0,995,2.97386934673367
995,3,2.97386934673367,3.0,998,2.97394789579158
996,3,2.96887550200803,3.0,999,2.96896896896897
995,4,2.96884422110553,3.25,999,2.96996996996997
994,4,2.95372233400402,3.25,998,2.95490981963928
995,4,2.93969849246231,3.25,999,2.94094094094094
996,3,2.91767068273092,3.0,999,2.91791791791792
996,3,2.92771084337349,3.0,999,2.92792792792793
996,3,2.93473895582329,3.0,999,2.93493493493493
996,3,2.94477911646586,3.0,999,2.94494494494494
995,4,2.92964824120603,2.75,999,2.92892892892893
992,4,2.91834677419355,3.5,996,2.92068273092369
992,4,2.91028225806452,3.5,996,2.91265060240964
993,4,2.92346424974824,3.5,997,2.92577733199599
994,5,2.90845070422535,3.2,999,2.90990990990991
994,5,2.91549295774648,3.2,999,2.91691691691692
993,5,2.91742195367573,3.2,998,2.9188376753507
994,5,2.93561368209256,3.2,999,2.93693693693694
994,5,2.93762575452716,3.2,999,2.93893893893894
993,5,2.94461228600201,3.2,998,2.94589178356713
992,6,2.95362903225806,3.5,998,2.95691382765531
992,6,2.94858870967742,3.5,998,2.95190380761523
990,6,2.92020202020202,3.5,996,2.92369477911647
989,6,2.90495449949444,3.5,995,2.90854271356784
992,7,2.90725806451613,3.57142857142857,999,2.91191191191191
991,8,2.87588294651867,3.375,999,2.87987987987988
993,6,2.89627391742195,3.0,999,2.8968968968969
993,6,2.92044310171198,3.0,999,2.92092092092092
990,6,2.90909090909091,3.0,996,2.90963855421687
991,7,2.90918264379415,2.85714285714286,998,2.90881763527054
991,7,2.91019172552977,2.85714285714286,998,2.90981963927856
990,7,2.92525252525253,2.85714285714286,997,2.92477432296891
993,6,2.92346424974824,3.0,999,2.92392392392392
990,6,2.8989898989899,3.0,996,2.8995983935743
991,7,2.89808274470232,2.85714285714286,998,2.89779559118236
992,7,2.88709677419355,2.85714285714286,999,2.88688688688689
994,5,2.88028169014085,3.0,999,2.88088088088088
993,5,2.88418932527694,3.0,998,2.88476953907816
994,4,2.87022132796781,3.25,998,2.87174348697395
994,5,2.88832997987928,3.8,999,2.89289289289289
994,5,2.88933601609658,3.8,999,2.89389389389389
994,5,2.90845070422535,3.8,999,2.91291291291291
994,5,2.92354124748491,3.8,999,2.92792792792793
991,5,2.90312815338042,3.8,996,2.90763052208835
993,6,2.8821752265861,3.5,999,2.88588588588589
993,5,2.90231621349446,4.4,998,2.90981963927856
992,5,2.89415322580645,4.4,997,2.90170511534604
994,4,2.90241448692153,4.25,998,2.90781563126253
992,4,2.87399193548387,4.25,996,2.87951807228916
994,4,2.87927565392354,4.25,998,2.88476953907816
997,2,2.88064192577733,4.5,999,2.88388388388388
996,2,2.85140562248996,4.5,998,2.85470941883768
997,2,2.89468405215647,4.5,999,2.8978978978979
995,3,2.87437185929648,4.66666666666667,998,2.87975951903808
996,3,2.8855421686747,4.66666666666667,999,2.89089089089089
996,3,2.87349397590361,4.66666666666667,999,2.87887887887888
996,3,2.86144578313253,4.66666666666667,999,2.86686686686687
996,3,2.88253012048193,4.66666666666667,999,2.88788788788789
993,3,2.8932527693857,4.66666666666667,996,2.89859437751004
995,3,2.87336683417085,4.66666666666667,998,2.87875751503006
996,3,2.86847389558233,4.66666666666667,999,2.87387387387387
994,2,2.87424547283702,5.0,996,2.8785140562249
994,2,2.8953722334004,5.0,996,2.8995983935743
997,2,2.89267803410231,5.0,999,2.8968968968969
997,2,2.86760280842528,5.0,999,2.87187187187187
996,2,2.85240963855422,5.0,998,2.85671342685371
996,2,2.84538152610442,5.0,998,2.8496993987976
996,2,2.85542168674699,5.0,998,2.85971943887776
996,1,2.8644578313253,5.0,997,2.86659979939819
998,1,2.85971943887776,5.0,999,2.86186186186186
998,1,2.85771543086172,5.0,999,2.85985985985986
997,1,2.85055165496489,5.0,998,2.85270541082164
997,1,2.86058174523571,5.0,998,2.8627254509018
997,1,2.89167502507523,5.0,998,2.8937875751503
997,1,2.84553660982949,5.0,998,2.84769539078156
998,1,2.82965931863727,5.0,999,2.83183183183183
999,0,2.84584584584585,NaN,999,2.84584584584585
998,0,2.84769539078156,NaN,998,2.84769539078156
996,0,2.86646586345382,NaN,996,2.86646586345382
997,0,2.87562688064193,NaN,997,2.87562688064193
998,0,2.87975951903808,NaN,998,2.87975951903808
999,0,2.88688688688689,NaN,999,2.88688688688689
999,0,2.88788788788789,NaN,999,2.88788788788789
997,0,2.90772316950853,NaN,997,2.90772316950853
998,0,2.90480961923848,NaN,998,2.90480961923848
999,0,2.92692692692693,NaN,999,2.92692692692693
998,0,2.94789579158317,NaN,998,2.94789579158317
998,0,2.94188376753507,NaN,998,2.94188376753507
996,0,2.95080321285141,NaN,996,2.95080321285141
996,0,2.95582329317269,NaN,996,2.95582329317269
998,0,2.93887775551102,NaN,998,2.93887775551102
998,0,2.94689378757515,NaN,998,2.94689378757515
999,0,2.94394394394394,NaN,999,2.94394394394394
997,0,2.94082246740221,NaN,997,2.94082246740221
999,0,2.93693693693694,NaN,999,2.93693693693694
997,0,2.92377131394183,NaN,997,2.92377131394183
998,0,2.89879759519038,NaN,998,2.89879759519038
998,0,2.9188376753507,NaN,998,2.9188376753507
998,0,2.90681362725451,NaN,998,2.90681362725451
997,0,2.92076228686058,NaN,997,2.92076228686058
998,0,2.90480961923848,NaN,998,2.90480961923848
999,0,2.89289289289289,NaN,999,2.89289289289289
998,0,2.89879759519038,NaN,998,2.89879759519038
999,0,2.90790790790791,NaN,999,2.90790790790791
998,0,2.93286573146293,NaN,998,2.93286573146293
998,0,2.91683366733467,NaN,998,2.91683366733467
998,0,2.90881763527054,NaN,998,2.90881763527054
998,0,2.91082164328657,NaN,998,2.91082164328657
998,0,2.92184368737475,NaN,998,2.92184368737475
997,0,2.92477432296891,NaN,997,2.92477432296891
996,0,2.9136546184739,NaN,996,2.9136546184739
999,0,2.91091091091091,NaN,999,2.91091091091091
999,0,2.88188188188188,NaN,999,2.88188188188188
998,0,2.89178356713427,NaN,998,2.89178356713427
999,0,2.90990990990991,NaN,999,2.90990990990991
999,0,2.88688688688689,NaN,999,2.88688688688689
997,0,2.87261785356068,NaN,997,2.87261785356068
994,0,2.87323943661972,NaN,994,2.87323943661972
999,0,2.88888888888889,NaN,999,2.88888888888889
999,0,2.8978978978979,NaN,999,2.8978978978979
999,0,2.92692692692693,NaN,999,2.92692692692693
997,0,2.91675025075226,NaN,997,2.91675025075226
998,0,2.90781563126253,NaN,998,2.90781563126253
999,0,2.92392392392392,NaN,999,2.92392392392392
997,0,2.92377131394183,NaN,997,2.92377131394183
996,0,2.93373493975904,NaN,996,2.93373493975904
998,0,2.90681362725451,NaN,998,2.90681362725451
999,0,2.9029029029029,NaN,999,2.9029029029029
999,0,2.91291291291291,NaN,999,2.91291291291291
999,0,2.91091091091091,NaN,999,2.91091091091091
999,0,2.93193193193193,NaN,999,2.93193193193193
998,0,2.95390781563126,NaN,998,2.95390781563126
998,0,2.93486973947896,NaN,998,2.93486973947896
998,0,2.94088176352705,NaN,998,2.94088176352705
999,0,2.92492492492492,NaN,999,2.92492492492492
999,0,2.91691691691692,NaN,999,2.91691691691692
998,0,2.92384769539078,NaN,998,2.92384769539078
998,0,2.9188376753507,NaN,998,2.9188376753507
997,0,2.91374122367101,NaN,997,2.91374122367101
998,0,2.92585170340681,NaN,998,2.92585170340681
998,0,2.90881763527054,NaN,998,2.90881763527054
999,0,2.92092092092092,NaN,999,2.92092092092092
998,0,2.93587174348697,NaN,998,2.93587174348697
999,0,2.93693693693694,NaN,999,2.93693693693694
998,0,2.91983967935872,NaN,998,2.91983967935872
997,0,2.91474423269809,NaN,997,2.91474423269809
998,0,2.92685370741483,NaN,998,2.92685370741483
998,0,2.89579158316633,NaN,998,2.89579158316633
999,0,2.89389389389389,NaN,999,2.89389389389389
998,0,2.89779559118236,NaN,998,2.89779559118236
999,0,2.91591591591592,NaN,999,2.91591591591592
996,0,2.91566265060241,NaN,996,2.91566265060241
999,0,2.88988988988989,NaN,999,2.88988988988989
998,0,2.87074148296593,NaN,998,2.87074148296593
999,0,2.89289289289289,NaN,999,2.89289289289289
999,0,2.89489489489489,NaN,999,2.89489489489489
997,0,2.89167502507523,NaN,997,2.89167502507523
998,0,2.91482965931864,NaN,998,2.91482965931864
999,0,2.91891891891892,NaN,999,2.91891891891892
999,0,2.91291291291291,NaN,999,2.91291291291291
999,0,2.91891891891892,NaN,999,2.91891891891892
999,0,2.91891891891892,NaN,999,2.91891891891892
998,0,2.91282565130261,NaN,998,2.91282565130261
999,0,2.87287287287287,NaN,999,2.87287287287287
996,0,2.85542168674699,NaN,996,2.85542168674699
997,0,2.84754262788365,NaN,997,2.84754262788365
999,0,2.84184184184184,NaN,999,2.84184184184184
999,0,2.87687687687688,NaN,999,2.87687687687688
999,0,2.86686686686687,NaN,999,2.86686686686687
996,0,2.88253012048193,NaN,996,2.88253012048193
999,0,2.89089089089089,NaN,999,2.89089089089089
998,0,2.89579158316633,NaN,998,2.89579158316633
998,0,2.89478957915832,NaN,998,2.89478957915832
998,0,2.8877755511022,NaN,998,2.8877755511022
996,0,2.85441767068273,NaN,996,2.85441767068273
999,0,2.84584584584585,NaN,999,2.84584584584585
999,0,2.85585585585586,NaN,999,2.85585585585586
997,0,2.88365095285858,NaN,997,2.88365095285858
999,0,2.90890890890891,NaN,999,2.90890890890891
999,0,2.8958958958959,NaN,999,2.8958958958959
999,0,2.89289289289289,NaN,999,2.89289289289289
999,0,2.9029029029029,NaN,999,2.9029029029029
997,0,2.89468405215647,NaN,997,2.89468405215647
997,0,2.88264794383149,NaN,997,2.88264794383149
999,0,2.89489489489489,NaN,999,2.89489489489489
997,0,2.88164493480441,NaN,997,2.88164493480441
999,0,2.88288288288288,NaN,999,2.88288288288288
999,0,2.8978978978979,NaN,999,2.8978978978979
997,0,2.90070210631896,NaN,997,2.90070210631896
998,0,2.8937875751503,NaN,998,2.8937875751503
999,0,2.87787787787788,NaN,999,2.87787787787788
997,0,2.88565697091274,NaN,997,2.88565697091274
998,0,2.90480961923848,NaN,998,2.90480961923848
999,0,2.8998998998999,NaN,999,2.8998998998999
996,0,2.88453815261044,NaN,996,2.88453815261044
998,0,2.85571142284569,NaN,998,2.85571142284569
998,0,2.84468937875751,NaN,998,2.84468937875751
998,0,2.82464929859719,NaN,998,2.82464929859719
999,0,2.85085085085085,NaN,999,2.85085085085085
999,0,2.85385385385385,NaN,999,2.85385385385385
999,0,2.84584584584585,NaN,999,2.84584584584585
998,0,2.84869739478958,NaN,998,2.84869739478958
998,0,2.85771543086172,NaN,998,2.85771543086172
997,0,2.85757271815446,NaN,997,2.85757271815446
997,0,2.83149448345035,NaN,997,2.83149448345035
999,0,2.80880880880881,NaN,999,2.80880880880881
999,0,2.82682682682683,NaN,999,2.82682682682683
999,0,2.82182182182182,NaN,999,2.82182182182182
998,0,2.83567134268537,NaN,998,2.83567134268537
999,0,2.82182182182182,NaN,999,2.82182182182182
999,0,2.83583583583584,NaN,999,2.83583583583584
998,0,2.84068136272545,NaN,998,2.84068136272545
998,0,2.86773547094188,NaN,998,2.86773547094188
999,0,2.86386386386386,NaN,999,2.86386386386386
999,0,2.88588588588589,NaN,999,2.88588588588589
999,0,2.84984984984985,NaN,999,2.84984984984985
997,0,2.83751253761284,NaN,997,2.83751253761284
999,0,2.83483483483483,NaN,999,2.83483483483483
999,0,2.81581581581582,NaN,999,2.81581581581582
999,0,2.81281281281281,NaN,999,2.81281281281281
997,0,2.8074222668004,NaN,997,2.8074222668004
998,0,2.80861723446894,NaN,998,2.80861723446894
998,0,2.81162324649299,NaN,998,2.81162324649299
999,0,2.84484484484484,NaN,999,2.84484484484484
998,0,2.85170340681363,NaN,998,2.85170340681363
998,0,2.82164328657315,NaN,998,2.82164328657315
997,0,2.82547642928786,NaN,997,2.82547642928786
998,0,2.82865731462926,NaN,998,2.82865731462926
998,0,2.82565130260521,NaN,998,2.82565130260521
999,0,2.84584584584585,NaN,999,2.84584584584585
998,0,2.84669338677355,NaN,998,2.84669338677355
999,0,2.83883883883884,NaN,999,2.83883883883884
998,0,2.85571142284569,NaN,998,2.85571142284569
998,0,2.88476953907816,NaN,998,2.88476953907816
999,0,2.87887887887888,NaN,999,2.87887887887888
998,0,2.87675350701403,NaN,998,2.87675350701403
999,0,2.85085085085085,NaN,999,2.85085085085085
998,0,2.83567134268537,NaN,998,2.83567134268537
998,0,2.82765531062124,NaN,998,2.82765531062124
998,0,2.8496993987976,NaN,998,2.8496993987976
999,0,2.87087087087087,NaN,999,2.87087087087087
997,0,2.87462387161484,NaN,997,2.87462387161484
999,0,2.86386386386386,NaN,999,2.86386386386386
998,0,2.87575150300601,NaN,998,2.87575150300601
998,0,2.87975951903808,NaN,998,2.87975951903808
998,0,2.88176352705411,NaN,998,2.88176352705411
999,0,2.87087087087087,NaN,999,2.87087087087087
999,0,2.86486486486486,NaN,999,2.86486486486486
999,0,2.85485485485485,NaN,999,2.85485485485485
997,0,2.86158475426279,NaN,997,2.86158475426279
999,0,2.86986986986987,NaN,999,2.86986986986987
999,0,2.85285285285285,NaN,999,2.85285285285285
999,0,2.86886886886887,NaN,999,2.86886886886887
996,0,2.8644578313253,NaN,996,2.8644578313253
998,0,2.89178356713427,NaN,998,2.89178356713427
998,0,2.8937875751503,NaN,998,2.8937875751503
998,0,2.87975951903808,NaN,998,2.87975951903808
997,0,2.86960882647944,NaN,997,2.86960882647944
999,0,2.88588588588589,NaN,999,2.88588588588589
997,0,2.86860581745236,NaN,997,2.86860581745236
998,0,2.87274549098196,NaN,998,2.87274549098196
998,0,2.87074148296593,NaN,998,2.87074148296593
998,0,2.84468937875751,NaN,998,2.84468937875751
998,0,2.85971943887776,NaN,998,2.85971943887776
997,0,2.85055165496489,NaN,997,2.85055165496489
996,0,2.85943775100402,NaN,996,2.85943775100402
998,0,2.85971943887776,NaN,998,2.85971943887776
998,0,2.8627254509018,NaN,998,2.8627254509018
999,0,2.86686686686687,NaN,999,2.86686686686687
999,0,2.85985985985986,NaN,999,2.85985985985986
998,0,2.85871743486974,NaN,998,2.85871743486974
998,0,2.87074148296593,NaN,998,2.87074148296593
999,0,2.85285285285285,NaN,999,2.85285285285285
998,0,2.84669338677355,NaN,998,2.84669338677355
998,0,2.85270541082164,NaN,998,2.85270541082164
999,0,2.85385385385385,NaN,999,2.85385385385385
999,0,2.87187187187187,NaN,999,2.87187187187187
996,0,2.88955823293173,NaN,996,2.88955823293173
998,0,2.88476953907816,NaN,998,2.88476953907816
998,0,2.874749498998,NaN,998,2.874749498998
998,0,2.87374749498998,NaN,998,2.87374749498998
998,0,2.89178356713427,NaN,998,2.89178356713427
999,0,2.8968968968969,NaN,999,2.8968968968969
999,0,2.86686686686687,NaN,999,2.86686686686687
998,0,2.85370741482966,NaN,998,2.85370741482966
997,0,2.87061183550652,NaN,997,2.87061183550652
997,0,2.87863590772317,NaN,997,2.87863590772317
998,0,2.85571142284569,NaN,998,2.85571142284569
997,0,2.84052156469408,NaN,997,2.84052156469408
999,0,2.85085085085085,NaN,999,2.85085085085085
999,0,2.84484484484484,NaN,999,2.84484484484484
996,0,2.86044176706827,NaN,996,2.86044176706827
998,0,2.84569138276553,NaN,998,2.84569138276553
997,0,2.83049147442327,NaN,997,2.83049147442327
998,0,2.80661322645291,NaN,998,2.80661322645291
999,0,2.81381381381381,NaN,999,2.81381381381381
998,0,2.81162324649299,NaN,998,2.81162324649299
996,0,2.80823293172691,NaN,996,2.80823293172691
999,0,2.78078078078078,NaN,999,2.78078078078078
999,0,2.76976976976977,NaN,999,2.76976976976977
998,0,2.76553106212425,NaN,998,2.76553106212425
998,0,2.78657314629259,NaN,998,2.78657314629259
999,0,2.8048048048048,NaN,999,2.8048048048048
999,0,2.77877877877878,NaN,999,2.77877877877878
998,0,2.77855711422846,NaN,998,2.77855711422846
997,0,2.78134403209629,NaN,997,2.78134403209629
999,0,2.78778778778779,NaN,999,2.78778778778779
998,0,2.77555110220441,NaN,998,2.77555110220441
999,0,2.76476476476476,NaN,999,2.76476476476476
997,0,2.72818455366098,NaN,997,2.72818455366098
996,0,2.74096385542169,NaN,996,2.74096385542169
998,0,2.75450901803607,NaN,998,2.75450901803607
999,0,2.75675675675676,NaN,999,2.75675675675676
998,0,2.74148296593186,NaN,998,2.74148296593186
997,0,2.74423269809428,NaN,997,2.74423269809428
998,0,2.73947895791583,NaN,998,2.73947895791583
999,0,2.75675675675676,NaN,999,2.75675675675676
999,0,2.76076076076076,NaN,999,2.76076076076076
997,0,2.72918756268806,NaN,997,2.72918756268806
999,0,2.74174174174174,NaN,999,2.74174174174174
999,0,2.73173173173173,NaN,999,2.73173173173173
997,0,2.71313941825476,NaN,997,2.71313941825476
999,0,2.72072072072072,NaN,999,2.72072072072072
998,0,2.71943887775551,NaN,998,2.71943887775551
998,0,2.70140280561122,NaN,998,2.70140280561122
998,0,2.68436873747495,NaN,998,2.68436873747495
999,0,2.71271271271271,NaN,999,2.71271271271271
997,0,2.7382146439318,NaN,997,2.7382146439318
998,0,2.73947895791583,NaN,998,2.73947895791583
998,0,2.72144288577154,NaN,998,2.72144288577154
997,0,2.72818455366098,NaN,997,2.72818455366098
999,0,2.73073073073073,NaN,999,2.73073073073073
998,0,2.74549098196393,NaN,998,2.74549098196393
998,0,2.76753507014028,NaN,998,2.76753507014028
999,0,2.74874874874875,NaN,999,2.74874874874875
998,0,2.72845691382766,NaN,998,2.72845691382766
997,0,2.75025075225677,NaN,997,2.75025075225677
998,0,2.76152304609218,NaN,998,2.76152304609218
996,0,2.78313253012048,NaN,996,2.78313253012048
999,0,2.8018018018018,NaN,999,2.8018018018018
998,0,2.8186372745491,NaN,998,2.8186372745491
997,0,2.81544633901705,NaN,997,2.81544633901705
998,0,2.79058116232465,NaN,998,2.79058116232465
998,0,2.79559118236473,NaN,998,2.79559118236473
998,0,2.79659318637275,NaN,998,2.79659318637275
999,0,2.77877877877878,NaN,999,2.77877877877878
997,0,2.78736208625878,NaN,997,2.78736208625878
999,0,2.78278278278278,NaN,999,2.78278278278278
999,0,2.79479479479479,NaN,999,2.79479479479479
999,0,2.8028028028028,NaN,999,2.8028028028028
999,0,2.78878878878879,NaN,999,2.78878878878879
998,0,2.77655310621242,NaN,998,2.77655310621242
998,0,2.76753507014028,NaN,998,2.76753507014028
997,0,2.75325977933801,NaN,997,2.75325977933801
998,0,2.7434869739479,NaN,998,2.7434869739479
999,0,2.74174174174174,NaN,999,2.74174174174174
998,0,2.73847695390782,NaN,998,2.73847695390782
998,0,2.77054108216433,NaN,998,2.77054108216433
998,0,2.80260521042084,NaN,998,2.80260521042084
997,0,2.80942828485456,NaN,997,2.80942828485456
998,0,2.82765531062124,NaN,998,2.82765531062124
998,0,2.82164328657315,NaN,998,2.82164328657315
999,0,2.84184184184184,NaN,999,2.84184184184184
998,0,2.84569138276553,NaN,998,2.84569138276553
999,0,2.86486486486486,NaN,999,2.86486486486486
999,0,2.86586586586587,NaN,999,2.86586586586587
999,0,2.85785785785786,NaN,999,2.85785785785786
999,0,2.84984984984985,NaN,999,2.84984984984985
998,0,2.85671342685371,NaN,998,2.85671342685371
999,0,2.85585585585586,NaN,999,2.85585585585586
998,0,2.84669338677355,NaN,998,2.84669338677355
998,0,2.82865731462926,NaN,998,2.82865731462926
998,0,2.80360721442886,NaN,998,2.80360721442886
998,0,2.77254509018036,NaN,998,2.77254509018036
998,0,2.77755511022044,NaN,998,2.77755511022044
999,0,2.78478478478478,NaN,999,2.78478478478478
998,0,2.78857715430862,NaN,998,2.78857715430862
998,0,2.812625250501,NaN,998,2.812625250501
997,0,2.81845536609829,NaN,997,2.81845536609829
996,0,2.82630522088353,NaN,996,2.82630522088353
999,0,2.84384384384384,NaN,999,2.84384384384384
998,0,2.8376753507014,NaN,998,2.8376753507014
998,0,2.8496993987976,NaN,998,2.8496993987976
999,0,2.84584584584585,NaN,999,2.84584584584585
998,0,2.84068136272545,NaN,998,2.84068136272545
998,0,2.84068136272545,NaN,998,2.84068136272545
999,0,2.83383383383383,NaN,999,2.83383383383383
998,0,2.84068136272545,NaN,998,2.84068136272545
999,0,2.84984984984985,NaN,999,2.84984984984985
999,0,2.86486486486486,NaN,999,2.86486486486486
999,0,2.85985985985986,NaN,999,2.85985985985986
997,0,2.87061183550652,NaN,997,2.87061183550652
998,0,2.88276553106212,NaN,998,2.88276553106212
998,0,2.90380761523046,NaN,998,2.90380761523046
997,0,2.89769307923771,NaN,997,2.89769307923771
998,0,2.87775551102204,NaN,998,2.87775551102204
999,0,2.86086086086086,NaN,999,2.86086086086086
999,0,2.86186186186186,NaN,999,2.86186186186186
998,0,2.86372745490982,NaN,998,2.86372745490982
999,0,2.86986986986987,NaN,999,2.86986986986987
999,0,2.88788788788789,NaN,999,2.88788788788789
999,0,2.88888888888889,NaN,999,2.88888888888889
999,0,2.86786786786787,NaN,999,2.86786786786787
999,0,2.88188188188188,NaN,999,2.88188188188188
999,0,2.86986986986987,NaN,999,2.86986986986987
999,0,2.87487487487487,NaN,999,2.87487487487487
999,0,2.85885885885886,NaN,999,2.85885885885886
999,0,2.85085085085085,NaN,999,2.85085085085085
999,0,2.86186186186186,NaN,999,2.86186186186186
993,0,2.83484390735146,NaN,993,2.83484390735146
996,0,2.84538152610442,NaN,996,2.84538152610442
999,0,2.83983983983984,NaN,999,2.83983983983984
999,0,2.84084084084084,NaN,999,2.84084084084084
997,0,2.84553660982949,NaN,997,2.84553660982949
998,0,2.86072144288577,NaN,998,2.86072144288577
997,0,2.84052156469408,NaN,997,2.84052156469408
997,0,2.82046138415246,NaN,997,2.82046138415246
999,0,2.81881881881882,NaN,999,2.81881881881882
999,0,2.8018018018018,NaN,999,2.8018018018018
999,0,2.81981981981982,NaN,999,2.81981981981982
999,0,2.83283283283283,NaN,999,2.83283283283283
998,0,2.83266533066132,NaN,998,2.83266533066132
997,0,2.83350050150451,NaN,997,2.83350050150451
998,0,2.84168336673347,NaN,998,2.84168336673347
999,0,2.83683683683684,NaN,999,2.83683683683684
998,0,2.84068136272545,NaN,998,2.84068136272545
999,0,2.82582582582583,NaN,999,2.82582582582583
999,0,2.80580580580581,NaN,999,2.80580580580581
997,0,2.83149448345035,NaN,997,2.83149448345035
998,0,2.86973947895792,NaN,998,2.86973947895792
999,0,2.88988988988989,NaN,999,2.88988988988989
999,0,2.89089089089089,NaN,999,2.89089089089089
998,0,2.87975951903808,NaN,998,2.87975951903808
999,0,2.86886886886887,NaN,999,2.86886886886887
999,0,2.88388388388388,NaN,999,2.88388388388388
998,0,2.90380761523046,NaN,998,2.90380761523046
997,0,2.88164493480441,NaN,997,2.88164493480441
999,0,2.83383383383383,NaN,999,2.83383383383383
996,0,2.80421686746988,NaN,996,2.80421686746988
999,0,2.82382382382382,NaN,999,2.82382382382382
999,0,2.8038038038038,NaN,999,2.8038038038038
999,0,2.80580580580581,NaN,999,2.80580580580581
998,0,2.80661322645291,NaN,998,2.80661322645291
998,0,2.81462925851703,NaN,998,2.81462925851703
999,0,2.84684684684685,NaN,999,2.84684684684685
997,0,2.84553660982949,NaN,997,2.84553660982949
998,0,2.84769539078156,NaN,998,2.84769539078156
998,0,2.84068136272545,NaN,998,2.84068136272545
999,0,2.83783783783784,NaN,999,2.83783783783784
999,0,2.86086086086086,NaN,999,2.86086086086086
999,0,2.87187187187187,NaN,999,2.87187187187187
999,0,2.8958958958959,NaN,999,2.8958958958959
999,0,2.88988988988989,NaN,999,2.88988988988989
998,0,2.90981963927856,NaN,998,2.90981963927856
998,0,2.91382765531062,NaN,998,2.91382765531062
999,0,2.9019019019019,NaN,999,2.9019019019019
997,0,2.90070210631896,NaN,997,2.90070210631896
997,0,2.90070210631896,NaN,997,2.90070210631896
997,0,2.90170511534604,NaN,997,2.90170511534604
998,0,2.90581162324649,NaN,998,2.90581162324649
998,0,2.90380761523046,NaN,998,2.90380761523046
999,0,2.9019019019019,NaN,999,2.9019019019019
999,0,2.91091091091091,NaN,999,2.91091091091091
997,0,2.93279839518556,NaN,997,2.93279839518556
998,0,2.91783567134269,NaN,998,2.91783567134269
998,0,2.91983967935872,NaN,998,2.91983967935872
998,0,2.8997995991984,NaN,998,2.8997995991984
999,0,2.87487487487487,NaN,999,2.87487487487487
997,0,2.89769307923771,NaN,997,2.89769307923771
998,0,2.89078156312625,NaN,998,2.89078156312625
999,0,2.86986986986987,NaN,999,2.86986986986987
999,0,2.86786786786787,NaN,999,2.86786786786787
997,0,2.90872617853561,NaN,997,2.90872617853561
997,0,2.92978936810431,NaN,997,2.92978936810431
999,0,2.96196196196196,NaN,999,2.96196196196196
997,0,2.97392176529589,NaN,997,2.97392176529589
999,0,2.96996996996997,NaN,999,2.96996996996997
999,0,2.96596596596597,NaN,999,2.96596596596597
999,0,2.96996996996997,NaN,999,2.96996996996997
999,0,2.96696696696697,NaN,999,2.96696696696697
999,0,2.91791791791792,NaN,999,2.91791791791792
999,0,2.94194194194194,NaN,999,2.94194194194194
997,0,2.93881644934804,NaN,997,2.93881644934804
996,0,2.94377510040161,NaN,996,2.94377510040161
998,0,2.96492985971944,NaN,998,2.96492985971944
998,0,2.94589178356713,NaN,998,2.94589178356713
999,0,2.93293293293293,NaN,999,2.93293293293293
998,0,2.92284569138277,NaN,998,2.92284569138277
998,0,2.8937875751503,NaN,998,2.8937875751503
997,0,2.89969909729188,NaN,997,2.89969909729188
999,0,2.87987987987988,NaN,999,2.87987987987988
995,0,2.88442211055276,NaN,995,2.88442211055276
997,0,2.89368104312939,NaN,997,2.89368104312939
997,0,2.88966900702106,NaN,997,2.88966900702106
998,0,2.8877755511022,NaN,998,2.8877755511022
999,0,2.88788788788789,NaN,999,2.88788788788789
999,0,2.86786786786787,NaN,999,2.86786786786787
997,0,2.85656970912738,NaN,997,2.85656970912738
998,0,2.87174348697395,NaN,998,2.87174348697395
999,0,2.85485485485485,NaN,999,2.85485485485485
999,0,2.85385385385385,NaN,999,2.85385385385385
996,0,2.82831325301205,NaN,996,2.82831325301205
999,0,2.82282282282282,NaN,999,2.82282282282282
997,0,2.83049147442327,NaN,997,2.83049147442327
995,0,2.8572864321608,NaN,995,2.8572864321608
999,0,2.86586586586587,NaN,999,2.86586586586587
999,0,2.83983983983984,NaN,999,2.83983983983984
997,0,2.84252758274824,NaN,997,2.84252758274824
999,0,2.84484484484484,NaN,999,2.84484484484484
996,0,2.84136546184739,NaN,996,2.84136546184739
996,0,2.81626506024096,NaN,996,2.81626506024096
998,0,2.81062124248497,NaN,998,2.81062124248497
999,0,2.81481481481481,NaN,999,2.81481481481481
999,0,2.8028028028028,NaN,999,2.8028028028028
998,0,2.82965931863727,NaN,998,2.82965931863727
999,0,2.82382382382382,NaN,999,2.82382382382382
998,0,2.83466933867735,NaN,998,2.83466933867735
996,0,2.8504016064257,NaN,996,2.8504016064257
999,0,2.84684684684685,NaN,999,2.84684684684685
997,0,2.85957873620863,NaN,997,2.85957873620863
998,0,2.85671342685371,NaN,998,2.85671342685371
998,0,2.86673346693387,NaN,998,2.86673346693387
997,0,2.86158475426279,NaN,997,2.86158475426279
998,0,2.85370741482966,NaN,998,2.85370741482966
999,0,2.85985985985986,NaN,999,2.85985985985986
999,0,2.85385385385385,NaN,999,2.85385385385385
999,0,2.82582582582583,NaN,999,2.82582582582583
998,0,2.82965931863727,NaN,998,2.82965931863727
999,0,2.82782782782783,NaN,999,2.82782782782783
997,0,2.84754262788365,NaN,997,2.84754262788365
996,0,2.86646586345382,NaN,996,2.86646586345382
998,0,2.86773547094188,NaN,998,2.86773547094188
998,0,2.85671342685371,NaN,998,2.85671342685371
997,0,2.84954864593781,NaN,997,2.84954864593781
998,0,2.82865731462926,NaN,998,2.82865731462926
998,0,2.84869739478958,NaN,998,2.84869739478958
999,0,2.83583583583584,NaN,999,2.83583583583584
997,0,2.82848545636911,NaN,997,2.82848545636911
999,0,2.87387387387387,NaN,999,2.87387387387387
999,0,2.8958958958959,NaN,999,2.8958958958959
998,0,2.90080160320641,NaN,998,2.90080160320641
999,0,2.90690690690691,NaN,999,2.90690690690691
996,0,2.90060240963855,NaN,996,2.90060240963855
999,0,2.87987987987988,NaN,999,2.87987987987988
998,0,2.87374749498998,NaN,998,2.87374749498998
997,0,2.86760280842528,NaN,997,2.86760280842528
999,0,2.87687687687688,NaN,999,2.87687687687688
999,0,2.88288288288288,NaN,999,2.88288288288288
999,0,2.87287287287287,NaN,999,2.87287287287287
995,0,2.87939698492462,NaN,995,2.87939698492462
999,0,2.87987987987988,NaN,999,2.87987987987988
997,0,2.88164493480441,NaN,997,2.88164493480441
999,0,2.88288288288288,NaN,999,2.88288288288288
999,0,2.88288288288288,NaN,999,2.88288288288288
997,0,2.86258776328987,NaN,997,2.86258776328987
999,0,2.84484484484484,NaN,999,2.84484484484484
998,0,2.82665330661323,NaN,998,2.82665330661323
999,0,2.86386386386386,NaN,999,2.86386386386386
998,0,2.84068136272545,NaN,998,2.84068136272545
998,0,2.85971943887776,NaN,998,2.85971943887776
997,0,2.88465396188566,NaN,997,2.88465396188566
997,0,2.88365095285858,NaN,997,2.88365095285858
998,0,2.88476953907816,NaN,998,2.88476953907816
999,0,2.8988988988989,NaN,999,2.8988988988989
998,0,2.91082164328657,NaN,998,2.91082164328657
996,0,2.89056224899598,NaN,996,2.89056224899598
999,0,2.88188188188188,NaN,999,2.88188188188188
998,0,2.87875751503006,NaN,998,2.87875751503006
999,0,2.85985985985986,NaN,999,2.85985985985986
999,0,2.88088088088088,NaN,999,2.88088088088088
997,0,2.88064192577733,NaN,997,2.88064192577733
999,0,2.87587587587588,NaN,999,2.87587587587588
999,0,2.86386386386386,NaN,999,2.86386386386386
998,0,2.84869739478958,NaN,998,2.84869739478958
999,0,2.85285285285285,NaN,999,2.85285285285285
998,0,2.83667334669339,NaN,998,2.83667334669339
999,0,2.81181181181181,NaN,999,2.81181181181181
996,0,2.81827309236948,NaN,996,2.81827309236948
999,0,2.83483483483483,NaN,999,2.83483483483483
997,0,2.82748244734203,NaN,997,2.82748244734203
999,0,2.82882882882883,NaN,999,2.82882882882883
999,0,2.81081081081081,NaN,999,2.81081081081081
998,0,2.78356713426854,NaN,998,2.78356713426854
998,0,2.812625250501,NaN,998,2.812625250501
999,0,2.8028028028028,NaN,999,2.8028028028028
997,0,2.76028084252758,NaN,997,2.76028084252758
998,0,2.7935871743487,NaN,998,2.7935871743487
998,0,2.80360721442886,NaN,998,2.80360721442886
998,0,2.8436873747495,NaN,998,2.8436873747495
994,0,2.83702213279678,NaN,994,2.83702213279678
997,0,2.83249749247743,NaN,997,2.83249749247743
996,0,2.82831325301205,NaN,996,2.82831325301205
998,0,2.82665330661323,NaN,998,2.82665330661323
999,0,2.83683683683684,NaN,999,2.83683683683684
997,0,2.83249749247743,NaN,997,2.83249749247743
998,0,2.82164328657315,NaN,998,2.82164328657315
997,0,2.82748244734203,NaN,997,2.82748244734203
998,0,2.83366733466934,NaN,998,2.83366733466934
997,0,2.84954864593781,NaN,997,2.84954864593781
999,0,2.83483483483483,NaN,999,2.83483483483483
996,0,2.81927710843373,NaN,996,2.81927710843373
998,0,2.80861723446894,NaN,998,2.80861723446894
999,0,2.77177177177177,NaN,999,2.77177177177177
999,0,2.73673673673674,NaN,999,2.73673673673674
998,0,2.71042084168337,NaN,998,2.71042084168337
999,0,2.71871871871872,NaN,999,2.71871871871872
999,0,2.73173173173173,NaN,999,2.73173173173173
998,0,2.74148296593186,NaN,998,2.74148296593186
999,0,2.74974974974975,NaN,999,2.74974974974975
996,0,2.77008032128514,NaN,996,2.77008032128514
998,0,2.77154308617234,NaN,998,2.77154308617234
998,0,2.77254509018036,NaN,998,2.77254509018036
999,0,2.77077077077077,NaN,999,2.77077077077077
999,0,2.75075075075075,NaN,999,2.75075075075075
998,0,2.74048096192385,NaN,998,2.74048096192385
998,0,2.77555110220441,NaN,998,2.77555110220441
997,0,2.75727181544634,NaN,997,2.75727181544634
999,0,2.74574574574575,NaN,999,2.74574574574575
998,0,2.76152304609218,NaN,998,2.76152304609218
998,0,2.78156312625251,NaN,998,2.78156312625251
996,0,2.79618473895582,NaN,996,2.79618473895582
999,0,2.79279279279279,NaN,999,2.79279279279279
997,0,2.78736208625878,NaN,997,2.78736208625878
999,0,2.77777777777778,NaN,999,2.77777777777778
999,0,2.78178178178178,NaN,999,2.78178178178178
998,0,2.75551102204409,NaN,998,2.75551102204409
997,0,2.75626880641926,NaN,997,2.75626880641926
996,0,2.75200803212851,NaN,996,2.75200803212851
998,0,2.76352705410822,NaN,998,2.76352705410822
998,0,2.76953907815631,NaN,998,2.76953907815631
999,0,2.79079079079079,NaN,999,2.79079079079079
998,0,2.77555110220441,NaN,998,2.77555110220441
999,0,2.75775775775776,NaN,999,2.75775775775776
999,0,2.78078078078078,NaN,999,2.78078078078078
998,0,2.80060120240481,NaN,998,2.80060120240481
999,0,2.81481481481481,NaN,999,2.81481481481481
997,0,2.83149448345035,NaN,997,2.83149448345035
998,0,2.82665330661323,NaN,998,2.82665330661323
998,0,2.812625250501,NaN,998,2.812625250501
997,0,2.84553660982949,NaN,997,2.84553660982949
999,0,2.82382382382382,NaN,999,2.82382382382382
998,0,2.82464929859719,NaN,998,2.82464929859719
997,0,2.82246740220662,NaN,997,2.82246740220662
999,0,2.81881881881882,NaN,999,2.81881881881882
999,0,2.82982982982983,NaN,999,2.82982982982983
998,0,2.82965931863727,NaN,998,2.82965931863727
999,0,2.81181181181181,NaN,999,2.81181181181181
999,0,2.80780780780781,NaN,999,2.80780780780781
998,0,2.79659318637275,NaN,998,2.79659318637275
997,0,2.81243731193581,NaN,997,2.81243731193581
997,0,2.83550651955868,NaN,997,2.83550651955868
998,0,2.84468937875751,NaN,998,2.84468937875751
997,0,2.83149448345035,NaN,997,2.83149448345035
997,0,2.82146439317954,NaN,997,2.82146439317954
999,0,2.81381381381381,NaN,999,2.81381381381381
997,0,2.7913741223671,NaN,997,2.7913741223671
998,0,2.79258517034068,NaN,998,2.79258517034068
999,0,2.78878878878879,NaN,999,2.78878878878879
999,0,2.78178178178178,NaN,999,2.78178178178178
998,0,2.78857715430862,NaN,998,2.78857715430862
999,0,2.78178178178178,NaN,999,2.78178178178178
997,0,2.79839518555667,NaN,997,2.79839518555667
999,0,2.78278278278278,NaN,999,2.78278278278278
996,0,2.78714859437751,NaN,996,2.78714859437751
996,0,2.79317269076305,NaN,996,2.79317269076305
999,0,2.77777777777778,NaN,999,2.77777777777778
998,0,2.77254509018036,NaN,998,2.77254509018036
999,0,2.73973973973974,NaN,999,2.73973973973974
999,0,2.74774774774775,NaN,999,2.74774774774775
999,0,2.73973973973974,NaN,999,2.73973973973974
998,0,2.73647294589178,NaN,998,2.73647294589178
997,0,2.75727181544634,NaN,997,2.75727181544634
998,0,2.75450901803607,NaN,998,2.75450901803607
999,0,2.74274274274274,NaN,999,2.74274274274274
999,0,2.74674674674675,NaN,999,2.74674674674675
999,0,2.74274274274274,NaN,999,2.74274274274274
999,0,2.73573573573574,NaN,999,2.73573573573574
998,0,2.74148296593186,NaN,998,2.74148296593186
999,0,2.74674674674675,NaN,999,2.74674674674675
999,0,2.73073073073073,NaN,999,2.73073073073073
997,0,2.72517552657974,NaN,997,2.72517552657974
998,0,2.72745490981964,NaN,998,2.72745490981964
998,0,2.74849699398798,NaN,998,2.74849699398798
996,0,2.75200803212851,NaN,996,2.75200803212851
999,0,2.73773773773774,NaN,999,2.73773773773774
997,0,2.72918756268806,NaN,997,2.72918756268806
998,0,2.72244488977956,NaN,998,2.72244488977956
998,0,2.72745490981964,NaN,998,2.72745490981964
999,0,2.71171171171171,NaN,999,2.71171171171171
997,0,2.74523570712136,NaN,997,2.74523570712136
999,0,2.73973973973974,NaN,999,2.73973973973974
997,0,2.71815446339017,NaN,997,2.71815446339017
998,0,2.74148296593186,NaN,998,2.74148296593186
997,0,2.74222668004012,NaN,997,2.74222668004012
999,0,2.75275275275275,NaN,999,2.75275275275275
997,0,2.77632898696088,NaN,997,2.77632898696088
999,0,2.78278278278278,NaN,999,2.78278278278278
999,0,2.79479479479479,NaN,999,2.79479479479479
999,0,2.77277277277277,NaN,999,2.77277277277277
999,0,2.77077077077077,NaN,999,2.77077077077077
998,0,2.78056112224449,NaN,998,2.78056112224449
998,0,2.78557114228457,NaN,998,2.78557114228457
998,0,2.75150300601202,NaN,998,2.75150300601202
998,0,2.76452905811623,NaN,998,2.76452905811623
998,0,2.76653306613226,NaN,998,2.76653306613226
997,0,2.74924774322969,NaN,997,2.74924774322969
999,0,2.7987987987988,NaN,999,2.7987987987988
999,0,2.78478478478478,NaN,999,2.78478478478478
999,0,2.78978978978979,NaN,999,2.78978978978979
997,0,2.79237713139418,NaN,997,2.79237713139418
999,0,2.79379379379379,NaN,999,2.79379379379379
998,0,2.76553106212425,NaN,998,2.76553106212425
999,0,2.76376376376376,NaN,999,2.76376376376376
998,0,2.76653306613226,NaN,998,2.76653306613226
998,0,2.76953907815631,NaN,998,2.76953907815631
999,0,2.76276276276276,NaN,999,2.76276276276276
998,0,2.78056112224449,NaN,998,2.78056112224449
997,0,2.78335005015045,NaN,997,2.78335005015045
998,0,2.77354709418838,NaN,998,2.77354709418838
997,0,2.76128385155466,NaN,997,2.76128385155466
999,0,2.77477477477477,NaN,999,2.77477477477477
997,0,2.78535606820461,NaN,997,2.78535606820461
998,0,2.75951903807615,NaN,998,2.75951903807615
998,0,2.78156312625251,NaN,998,2.78156312625251
999,0,2.77677677677678,NaN,999,2.77677677677678
999,0,2.77777777777778,NaN,999,2.77777777777778
998,0,2.77855711422846,NaN,998,2.77855711422846
997,0,2.7913741223671,NaN,997,2.7913741223671
998,0,2.79058116232465,NaN,998,2.79058116232465
998,0,2.7685370741483,NaN,998,2.7685370741483
998,0,2.77755511022044,NaN,998,2.77755511022044
998,0,2.77354709418838,NaN,998,2.77354709418838
999,0,2.75975975975976,NaN,999,2.75975975975976
999,0,2.76576576576577,NaN,999,2.76576576576577
998,0,2.76152304609218,NaN,998,2.76152304609218
997,0,2.77432296890672,NaN,997,2.77432296890672
999,0,2.76376376376376,NaN,999,2.76376376376376
997,0,2.77231695085256,NaN,997,2.77231695085256
998,0,2.7875751503006,NaN,998,2.7875751503006
998,0,2.76553106212425,NaN,998,2.76553106212425
996,0,2.74598393574297,NaN,996,2.74598393574297
999,0,2.73773773773774,NaN,999,2.73773773773774
999,0,2.73173173173173,NaN,999,2.73173173173173
997,0,2.70511534603811,NaN,997,2.70511534603811
999,0,2.70570570570571,NaN,999,2.70570570570571
998,0,2.70741482965932,NaN,998,2.70741482965932
999,0,2.68368368368368,NaN,999,2.68368368368368
999,0,2.69069069069069,NaN,999,2.69069069069069
996,0,2.70582329317269,NaN,996,2.70582329317269
998,0,2.72044088176353,NaN,998,2.72044088176353
994,0,2.73138832997988,NaN,994,2.73138832997988
997,0,2.7542627883651,NaN,997,2.7542627883651
998,0,2.75050100200401,NaN,998,2.75050100200401
997,0,2.71815446339017,NaN,997,2.71815446339017
997,0,2.72417251755266,NaN,997,2.72417251755266
998,0,2.7124248496994,NaN,998,2.7124248496994
996,0,2.71987951807229,NaN,996,2.71987951807229
999,0,2.71971971971972,NaN,999,2.71971971971972
999,0,2.71871871871872,NaN,999,2.71871871871872
998,0,2.72344689378758,NaN,998,2.72344689378758
997,0,2.73019057171515,NaN,997,2.73019057171515
998,0,2.71643286573146,NaN,998,2.71643286573146
999,0,2.71871871871872,NaN,999,2.71871871871872
999,0,2.6976976976977,NaN,999,2.6976976976977
999,0,2.6956956956957,NaN,999,2.6956956956957
997,0,2.72918756268806,NaN,997,2.72918756268806
998,0,2.7374749498998,NaN,998,2.7374749498998
999,0,2.74874874874875,NaN,999,2.74874874874875
998,0,2.76152304609218,NaN,998,2.76152304609218
997,0,2.75626880641926,NaN,997,2.75626880641926
998,0,2.74849699398798,NaN,998,2.74849699398798
998,0,2.75450901803607,NaN,998,2.75450901803607
998,0,2.76753507014028,NaN,998,2.76753507014028
999,0,2.76276276276276,NaN,999,2.76276276276276
998,0,2.75951903807615,NaN,998,2.75951903807615
997,0,2.75727181544634,NaN,997,2.75727181544634
999,0,2.76176176176176,NaN,999,2.76176176176176
999,0,2.75475475475475,NaN,999,2.75475475475475
998,0,2.76352705410822,NaN,998,2.76352705410822
999,0,2.77877877877878,NaN,999,2.77877877877878
998,0,2.77655310621242,NaN,998,2.77655310621242
998,0,2.76953907815631,NaN,998,2.76953907815631
996,0,2.76305220883534,NaN,996,2.76305220883534
997,0,2.74022066198596,NaN,997,2.74022066198596
999,0,2.73073073073073,NaN,999,2.73073073073073
999,0,2.74874874874875,NaN,999,2.74874874874875
999,0,2.75775775775776,NaN,999,2.75775775775776
996,0,2.76807228915663,NaN,996,2.76807228915663
995,0,2.75577889447236,NaN,995,2.75577889447236
998,0,2.75951903807615,NaN,998,2.75951903807615
996,0,2.78413654618474,NaN,996,2.78413654618474
998,0,2.78156312625251,NaN,998,2.78156312625251
998,0,2.7625250501002,NaN,998,2.7625250501002
999,0,2.78478478478478,NaN,999,2.78478478478478
996,0,2.78614457831325,NaN,996,2.78614457831325
999,0,2.78278278278278,NaN,999,2.78278278278278
999,0,2.80880880880881,NaN,999,2.80880880880881
998,0,2.81663326653307,NaN,998,2.81663326653307
998,0,2.79759519038076,NaN,998,2.79759519038076
999,0,2.75975975975976,NaN,999,2.75975975975976
999,0,2.78578578578579,NaN,999,2.78578578578579
998,0,2.80260521042084,NaN,998,2.80260521042084
998,0,2.78356713426854,NaN,998,2.78356713426854
999,0,2.78578578578579,NaN,999,2.78578578578579
999,0,2.7997997997998,NaN,999,2.7997997997998
997,0,2.79939819458375,NaN,997,2.79939819458375
999,0,2.80580580580581,NaN,999,2.80580580580581
999,0,2.80880880880881,NaN,999,2.80880880880881
997,0,2.81143430290873,NaN,997,2.81143430290873
997,0,2.79939819458375,NaN,997,2.79939819458375
999,0,2.80880880880881,NaN,999,2.80880880880881
999,0,2.79379379379379,NaN,999,2.79379379379379
998,0,2.76753507014028,NaN,998,2.76753507014028
998,0,2.76553106212425,NaN,998,2.76553106212425
999,0,2.75175175175175,NaN,999,2.75175175175175
998,0,2.75951903807615,NaN,998,2.75951903807615
999,0,2.76776776776777,NaN,999,2.76776776776777
999,0,2.75675675675676,NaN,999,2.75675675675676
998,0,2.79759519038076,NaN,998,2.79759519038076
998,0,2.79158316633267,NaN,998,2.79158316633267
997,0,2.77131394182548,NaN,997,2.77131394182548
998,0,2.76152304609218,NaN,998,2.76152304609218
997,0,2.7271815446339,NaN,997,2.7271815446339
