forward_num,reverse_num,forward_rate,reverse_rate,organism_num,organism_rate
500,500,5.5,5.5,1000,5.5
496,489,5.50604838709677,5.48670756646217,985,5.49644670050761
493,488,5.51115618661258,5.48770491803279,981,5.49949031600408
513,485,5.60818713450292,5.47216494845361,998,5.54208416833667
550,449,5.72727272727273,5.50779510022272,999,5.62862862862863
551,447,5.66787658802178,5.68008948545861,998,5.67334669338677
574,425,5.60801393728223,5.77411764705882,999,5.67867867867868
569,430,5.63796133567663,5.69302325581395,999,5.66166166166166
579,420,5.60103626943005,5.64047619047619,999,5.61761761761762
573,426,5.6108202443281,5.64553990610329,999,5.62562562562563
570,428,5.69824561403509,5.76635514018692,998,5.72745490981964
608,390,5.54440789473684,5.81025641025641,998,5.64829659318637
602,396,5.63455149501661,5.6540404040404,998,5.64228456913828
613,385,5.69168026101142,5.67532467532468,998,5.68537074148297
603,395,5.65837479270315,5.75189873417721,998,5.69539078156313
604,393,5.63576158940397,5.69465648854962,997,5.65897693079238
612,387,5.6437908496732,5.67958656330749,999,5.65765765765766
615,382,5.51382113821138,5.63350785340314,997,5.55967903711133
611,386,5.56792144026187,5.60621761658031,997,5.5827482447342
616,383,5.70941558441558,5.73890339425587,999,5.72072072072072
632,365,5.69620253164557,5.79178082191781,997,5.73119358074223
652,345,5.59662576687117,5.81449275362319,997,5.67201604814443
675,323,5.55555555555556,5.671826625387,998,5.59318637274549
659,340,5.61608497723824,5.59117647058823,999,5.60760760760761
661,338,5.59757942511346,5.61242603550296,999,5.6026026026026
669,330,5.60837070254111,5.62424242424242,999,5.61361361361361
682,317,5.63343108504399,5.58044164037855,999,5.61661661661662
694,305,5.64265129682997,5.5672131147541,999,5.61961961961962
687,311,5.71324599708879,5.56591639871383,998,5.66733466933868
692,306,5.75867052023121,5.55228758169935,998,5.69539078156313
696,303,5.71264367816092,5.5973597359736,999,5.67767767767768
702,295,5.67663817663818,5.53898305084746,997,5.63590772316951
719,280,5.6481223922114,5.56785714285714,999,5.62562562562563
717,282,5.6234309623431,5.5531914893617,999,5.6036036036036
711,288,5.64275668073136,5.51736111111111,999,5.60660660660661
714,285,5.63725490196078,5.51578947368421,999,5.6026026026026
733,265,5.63847203274216,5.50188679245283,998,5.60220440881764
740,256,5.63918918918919,5.4921875,996,5.60140562248996
741,256,5.61673414304993,5.515625,997,5.59077231695085
750,249,5.65733333333333,5.54216867469879,999,5.62862862862863
749,249,5.67556742323097,5.55421686746988,998,5.64529058116232
753,246,5.67994687915007,5.5609756097561,999,5.65065065065065
756,243,5.6005291005291,5.52674897119342,999,5.58258258258258
759,238,5.60079051383399,5.5,997,5.57673019057172
755,244,5.59072847682119,5.48770491803279,999,5.56556556556557
760,237,5.59868421052632,5.46413502109705,997,5.5667001003009
759,240,5.62714097496706,5.4375,999,5.58158158158158
760,238,5.62631578947368,5.48319327731092,998,5.59218436873747
770,228,5.64415584415584,5.46052631578947,998,5.60220440881764
778,220,5.6426735218509,5.48181818181818,998,5.60721442885772
776,223,5.67783505154639,5.52914798206278,999,5.64464464464464
775,223,5.68387096774194,5.51569506726457,998,5.64629258517034
787,212,5.67598475222363,5.5,999,5.63863863863864
785,212,5.69554140127389,5.56132075471698,997,5.66700100300903
785,212,5.65987261146497,5.59433962264151,997,5.64593781344032
788,208,5.65862944162437,5.53365384615385,996,5.63253012048193
789,209,5.67680608365019,5.52631578947368,998,5.64529058116232
788,210,5.65989847715736,5.52380952380952,998,5.6312625250501
789,210,5.65145754119138,5.53809523809524,999,5.62762762762763
790,208,5.68607594936709,5.51442307692308,998,5.6503006012024
787,211,5.69885641677255,5.51658767772512,998,5.66032064128257
795,204,5.70440251572327,5.52450980392157,999,5.66766766766767
791,208,5.72187104930468,5.59134615384615,999,5.69469469469469
792,206,5.70707070707071,5.60679611650485,998,5.68637274549098
801,196,5.71660424469413,5.66326530612245,997,5.7061183550652
800,198,5.70375,5.69191919191919,998,5.70140280561122
796,202,5.70854271356784,5.65346534653465,998,5.69739478957916
800,197,5.70625,5.63959390862944,997,5.69307923771314
804,194,5.70024875621891,5.63917525773196,998,5.68837675350701
808,190,5.72029702970297,5.62631578947368,998,5.70240480961924
811,187,5.70160295930949,5.53475935828877,998,5.67034068136273
813,186,5.66912669126691,5.60215053763441,999,5.65665665665666
822,175,5.68856447688565,5.60571428571429,997,5.6740220661986
825,174,5.69818181818182,5.56896551724138,999,5.67567567567568
825,174,5.69454545454545,5.54597701149425,999,5.66866866866867
820,176,5.68658536585366,5.59090909090909,996,5.66967871485944
836,161,5.67703349282297,5.60248447204969,997,5.66499498495486
838,161,5.67422434367542,5.5527950310559,999,5.65465465465465
847,152,5.6741440377804,5.57236842105263,999,5.65865865865866
850,149,5.68352941176471,5.47651006711409,999,5.65265265265265
851,148,5.68625146886016,5.45945945945946,999,5.65265265265265
859,140,5.66123399301513,5.49285714285714,999,5.63763763763764
861,138,5.67595818815331,5.50724637681159,999,5.65265265265265
862,137,5.67517401392111,5.51824817518248,999,5.65365365365365
860,139,5.66627906976744,5.51079136690648,999,5.64464464464464
862,137,5.67169373549884,5.55474452554745,999,5.65565565565566
857,141,5.67211201866978,5.60283687943262,998,5.6623246492986
860,138,5.67209302325581,5.64492753623188,998,5.66833667334669
866,132,5.65588914549654,5.63636363636364,998,5.65330661322645
867,132,5.6643598615917,5.6969696969697,999,5.66866866866867
866,132,5.66743648960739,5.74242424242424,998,5.67735470941884
869,130,5.66858457997698,5.67692307692308,999,5.66966966966967
873,124,5.64719358533792,5.67741935483871,997,5.65095285857573
869,130,5.65822784810127,5.66153846153846,999,5.65865865865866
864,135,5.69328703703704,5.67407407407407,999,5.69069069069069
865,132,5.6971098265896,5.65909090909091,997,5.69207622868606
864,134,5.71296296296296,5.65671641791045,998,5.70541082164329
879,120,5.7155858930603,5.625,999,5.7047047047047
877,121,5.72519954389966,5.69421487603306,998,5.72144288577154
875,122,5.72571428571429,5.69672131147541,997,5.7221664994985
871,126,5.7187141216992,5.71428571428571,997,5.71815446339017
876,123,5.72831050228311,5.72357723577236,999,5.72772772772773
881,118,5.72871736662883,5.72881355932203,999,5.72872872872873
884,115,5.71719457013575,5.68695652173913,999,5.71371371371371
883,115,5.70668176670442,5.74782608695652,998,5.71142284569138
891,108,5.70819304152637,5.75925925925926,999,5.71371371371371
884,114,5.71493212669683,5.74561403508772,998,5.7184368737475
889,110,5.71091113610799,5.70909090909091,999,5.71071071071071
889,108,5.70978627671541,5.73148148148148,997,5.71213640922768
889,110,5.73115860517435,5.71818181818182,999,5.72972972972973
883,114,5.73386183465459,5.71929824561404,997,5.73219658976931
889,109,5.74128233970754,5.72477064220184,998,5.73947895791583
893,104,5.73908174692049,5.76923076923077,997,5.74222668004012
897,101,5.74804905239688,5.76237623762376,998,5.74949899799599
898,101,5.75612472160356,5.81188118811881,999,5.76176176176176
892,106,5.75560538116592,5.82075471698113,998,5.7625250501002
891,108,5.7631874298541,5.80555555555556,999,5.76776776776777
899,100,5.76418242491657,5.8,999,5.76776776776777
898,101,5.76169265033408,5.78217821782178,999,5.76376376376376
897,101,5.76477146042363,5.79207920792079,998,5.76753507014028
901,97,5.75915649278579,5.79381443298969,998,5.7625250501002
912,87,5.76206140350877,5.93103448275862,999,5.77677677677678
917,82,5.76663031624864,5.91463414634146,999,5.77877877877878
916,81,5.75764192139738,5.93827160493827,997,5.77231695085256
920,79,5.76304347826087,5.92405063291139,999,5.77577577577578
919,80,5.76496191512514,5.9125,999,5.77677677677678
913,85,5.75684556407448,5.91764705882353,998,5.77054108216433
912,86,5.75328947368421,5.91860465116279,998,5.76753507014028
911,88,5.74643249176729,5.92045454545455,999,5.76176176176176
912,87,5.74561403508772,5.89655172413793,999,5.75875875875876
915,84,5.75737704918033,5.91666666666667,999,5.77077077077077
913,86,5.7645125958379,5.95348837209302,999,5.78078078078078
914,84,5.76586433260394,5.94047619047619,998,5.78056112224449
918,81,5.76470588235294,5.96296296296296,999,5.78078078078078
924,75,5.75974025974026,5.94666666666667,999,5.77377377377377
925,73,5.76,5.94520547945205,998,5.77354709418838
924,74,5.77380952380952,5.93243243243243,998,5.78557114228457
926,73,5.77429805615551,5.93150684931507,999,5.78578578578579
927,71,5.76591154261057,5.94366197183099,998,5.77855711422846
929,70,5.77179763186222,5.88571428571429,999,5.77977977977978
933,66,5.78456591639871,5.90909090909091,999,5.79279279279279
934,63,5.79443254817987,5.88888888888889,997,5.80040120361083
934,61,5.79550321199143,5.88524590163934,995,5.80100502512563
932,65,5.78862660944206,5.89230769230769,997,5.79538615847543
939,59,5.78913738019169,5.89830508474576,998,5.79559118236473
938,61,5.80597014925373,5.86885245901639,999,5.80980980980981
939,60,5.814696485623,5.85,999,5.81681681681682
947,51,5.81309398099261,5.84313725490196,998,5.81462925851703
947,51,5.82576557550158,5.84313725490196,998,5.82665330661323
946,50,5.83298097251586,5.84,996,5.83333333333333
948,51,5.81962025316456,5.84313725490196,999,5.82082082082082
947,50,5.80570221752904,5.86,997,5.80842527582748
944,54,5.81885593220339,5.85185185185185,998,5.82064128256513
948,51,5.81540084388186,5.82352941176471,999,5.81581581581582
948,51,5.80590717299578,5.84313725490196,999,5.80780780780781
950,47,5.80526315789474,5.87234042553191,997,5.80842527582748
955,44,5.81989528795811,5.84090909090909,999,5.82082082082082
956,43,5.81589958158996,5.83720930232558,999,5.81681681681682
957,41,5.82131661442006,5.80487804878049,998,5.82064128256513
956,43,5.82112970711297,5.7906976744186,999,5.81981981981982
956,43,5.81694560669456,5.76744186046512,999,5.81481481481481
956,43,5.82008368200837,5.74418604651163,999,5.81681681681682
953,46,5.81322140608604,5.73913043478261,999,5.80980980980981
955,43,5.81989528795811,5.74418604651163,998,5.81663326653307
955,43,5.8303664921466,5.76744186046512,998,5.82765531062124
953,45,5.83210912906611,5.73333333333333,998,5.82765531062124
952,45,5.84873949579832,5.73333333333333,997,5.84353059177533
958,41,5.85699373695198,5.75609756097561,999,5.85285285285285
960,39,5.84895833333333,5.74358974358974,999,5.84484484484484
959,40,5.85088633993743,5.725,999,5.84584584584585
959,39,5.84880083420229,5.71794871794872,998,5.8436873747495
963,36,5.84839044652129,5.75,999,5.84484484484484
959,37,5.83941605839416,5.72972972972973,996,5.83534136546185
963,36,5.83696780893043,5.72222222222222,999,5.83283283283283
959,37,5.83420229405631,5.7027027027027,996,5.8293172690763
961,38,5.83142559833507,5.68421052631579,999,5.82582582582583
967,32,5.83247156153051,5.65625,999,5.82682682682683
967,31,5.84074457083764,5.67741935483871,998,5.83567134268537
969,30,5.83488132094943,5.66666666666667,999,5.82982982982983
970,28,5.83917525773196,5.60714285714286,998,5.83266533066132
971,27,5.8486096807415,5.66666666666667,998,5.8436873747495
973,25,5.84994861253854,5.64,998,5.84468937875751
972,25,5.84465020576132,5.6,997,5.83851554663992
976,23,5.84323770491803,5.60869565217391,999,5.83783783783784
977,22,5.84442169907881,5.68181818181818,999,5.84084084084084
975,23,5.8451282051282,5.65217391304348,998,5.84068136272545
977,22,5.84953940634596,5.63636363636364,999,5.84484484484484
980,19,5.85102040816327,5.57894736842105,999,5.84584584584585
981,18,5.85219164118247,5.5,999,5.84584584584585
983,15,5.84638860630722,5.46666666666667,998,5.84068136272545
983,15,5.84537131230926,5.4,998,5.83867735470942
983,16,5.84333672431333,5.375,999,5.83583583583584
982,17,5.84521384928717,5.35294117647059,999,5.83683683683684
983,15,5.84231943031536,5.4,998,5.83567134268537
982,16,5.84725050916497,5.4375,998,5.84068136272545
982,15,5.85437881873727,5.4,997,5.84754262788365
986,13,5.85294117647059,5.30769230769231,999,5.84584584584585
983,16,5.85554425228891,5.3125,999,5.84684684684685
982,15,5.86965376782077,5.26666666666667,997,5.86058174523571
982,15,5.86659877800407,5.26666666666667,997,5.85757271815446
983,16,5.86876907426246,5.3125,999,5.85985985985986
982,15,5.86761710794297,5.26666666666667,997,5.85857572718154
984,15,5.86788617886179,5.26666666666667,999,5.85885885885886
984,14,5.86788617886179,5.28571428571429,998,5.85971943887776
984,15,5.85772357723577,5.33333333333333,999,5.84984984984985
987,12,5.85410334346505,5.41666666666667,999,5.84884884884885
986,13,5.86004056795132,5.46153846153846,999,5.85485485485485
986,13,5.86206896551724,5.46153846153846,999,5.85685685685686
985,13,5.86497461928934,5.46153846153846,998,5.85971943887776
984,15,5.86077235772358,5.46666666666667,999,5.85485485485485
982,15,5.86150712830957,5.46666666666667,997,5.8555667001003
983,15,5.85757884028484,5.53333333333333,998,5.85270541082164
981,17,5.86748216106014,5.47058823529412,998,5.86072144288577
982,17,5.87983706720978,5.52941176470588,999,5.87387387387387
981,17,5.87767584097859,5.58823529411765,998,5.87274549098196
982,15,5.87169042769857,5.66666666666667,997,5.86860581745236
987,12,5.87234042553191,5.66666666666667,999,5.86986986986987
986,12,5.88133874239351,5.66666666666667,998,5.87875751503006
988,11,5.86943319838057,5.72727272727273,999,5.86786786786787
987,12,5.86828774062817,5.75,999,5.86686686686687
985,12,5.86192893401015,5.75,997,5.86058174523571
987,12,5.8693009118541,5.75,999,5.86786786786787
987,11,5.8693009118541,5.72727272727273,998,5.86773547094188
989,10,5.86450960566228,5.7,999,5.86286286286286
988,11,5.87449392712551,5.72727272727273,999,5.87287287287287
989,10,5.8695652173913,5.7,999,5.86786786786787
987,11,5.87234042553191,5.72727272727273,998,5.87074148296593
988,11,5.87145748987854,5.72727272727273,999,5.86986986986987
987,11,5.87031408308004,5.63636363636364,998,5.86773547094188
987,12,5.87031408308004,5.66666666666667,999,5.86786786786787
986,13,5.87423935091278,5.69230769230769,999,5.87187187187187
985,13,5.86700507614213,5.69230769230769,998,5.86472945891784
987,12,5.8693009118541,5.75,999,5.86786786786787
988,11,5.87044534412955,5.72727272727273,999,5.86886886886887
988,10,5.86538461538461,5.8,998,5.86472945891784
990,7,5.86464646464646,5.71428571428571,997,5.86359077231695
990,9,5.86767676767677,5.77777777777778,999,5.86686686686687
989,9,5.87765419615774,5.77777777777778,998,5.87675350701403
989,9,5.88473205257836,5.77777777777778,998,5.88376753507014
990,7,5.88888888888889,5.71428571428571,997,5.8876629889669
992,7,5.89213709677419,5.71428571428571,999,5.89089089089089
989,8,5.89282103134479,5.625,997,5.89067201604814
992,7,5.89616935483871,5.57142857142857,999,5.89389389389389
991,7,5.89606458123108,5.57142857142857,998,5.8937875751503
992,6,5.89314516129032,5.5,998,5.89078156312625
993,6,5.88821752265861,5.5,999,5.88588588588589
992,7,5.88608870967742,5.57142857142857,999,5.88388388388388
992,5,5.87802419354839,5.4,997,5.87562688064193
994,5,5.87927565392354,5.4,999,5.87687687687688
993,4,5.89123867069486,5.25,997,5.88866599799398
994,4,5.88732394366197,5.25,998,5.88476953907816
994,5,5.88128772635815,5.4,999,5.87887887887888
994,5,5.88028169014085,5.4,999,5.87787787787788
994,5,5.88229376257545,5.4,999,5.87987987987988
994,5,5.88531187122736,5.4,999,5.88288288288288
995,4,5.87939698492462,5.5,999,5.87787787787788
993,5,5.87713997985901,5.4,998,5.874749498998
992,6,5.88709677419355,5.5,998,5.88476953907816
993,6,5.8761329305136,5.5,999,5.87387387387387
996,3,5.87248995983936,6.0,999,5.87287287287287
997,2,5.86760280842528,6.0,999,5.86786786786787
997,2,5.86960882647944,6.0,999,5.86986986986987
996,3,5.87550200803213,6.0,999,5.87587587587588
996,3,5.8785140562249,6.0,999,5.87887887887888
996,3,5.88253012048193,6.0,999,5.88288288288288
996,3,5.89156626506024,6.0,999,5.89189189189189
996,3,5.89457831325301,6.0,999,5.89489489489489
995,4,5.89246231155779,6.0,999,5.89289289289289
995,4,5.88542713567839,6.0,999,5.88588588588589
995,4,5.88743718592965,6.0,999,5.88788788788789
995,4,5.89447236180905,6.0,999,5.89489489489489
995,4,5.89849246231156,6.0,999,5.8988988988989
994,4,5.90241448692153,6.0,998,5.90280561122244
993,4,5.90030211480363,6.0,997,5.90070210631896
995,4,5.90251256281407,6.0,999,5.9029029029029
996,2,5.8995983935743,6.0,998,5.8997995991984
997,2,5.90270812437312,6.0,999,5.9029029029029
996,2,5.9066265060241,6.0,998,5.90681362725451
997,2,5.90872617853561,6.0,999,5.90890890890891
997,2,5.9037111334002,6.0,999,5.9039039039039
996,2,5.9066265060241,6.0,998,5.90681362725451
996,2,5.9066265060241,6.0,998,5.90681362725451
996,2,5.90863453815261,6.0,998,5.90881763527054
997,2,5.90471414242728,6.0,999,5.9049049049049
995,3,5.90954773869347,6.0,998,5.90981963927856
997,2,5.91374122367101,6.0,999,5.91391391391391
995,2,5.92060301507538,6.0,997,5.92076228686058
997,2,5.91675025075226,6.0,999,5.91691691691692
995,2,5.91758793969849,6.0,997,5.91775325977934
996,3,5.92469879518072,6.0,999,5.92492492492492
996,3,5.92269076305221,6.0,999,5.92292292292292
995,3,5.91658291457286,6.0,998,5.91683366733467
997,2,5.9197592778335,6.0,999,5.91991991991992
996,2,5.92771084337349,6.0,998,5.92785571142285
998,1,5.92384769539078,6.0,999,5.92392392392392
998,1,5.91983967935872,6.0,999,5.91991991991992
997,1,5.90972918756269,6.0,998,5.90981963927856
998,1,5.91182364729459,6.0,999,5.91191191191191
999,0,5.90790790790791,NaN,999,5.90790790790791
999,0,5.91191191191191,NaN,999,5.91191191191191
996,0,5.90963855421687,NaN,996,5.90963855421687
999,0,5.91291291291291,NaN,999,5.91291291291291
997,0,5.91273821464393,NaN,997,5.91273821464393
999,0,5.91291291291291,NaN,999,5.91291291291291
999,0,5.91491491491491,NaN,999,5.91491491491491
997,0,5.91374122367101,NaN,997,5.91374122367101
997,0,5.91875626880642,NaN,997,5.91875626880642
999,0,5.91991991991992,NaN,999,5.91991991991992
999,0,5.92392392392392,NaN,999,5.92392392392392
998,0,5.92785571142285,NaN,998,5.92785571142285
998,0,5.92585170340681,NaN,998,5.92585170340681
998,0,5.92785571142285,NaN,998,5.92785571142285
998,0,5.92985971943888,NaN,998,5.92985971943888
998,0,5.92785571142285,NaN,998,5.92785571142285
999,0,5.92992992992993,NaN,999,5.92992992992993
999,0,5.92792792792793,NaN,999,5.92792792792793
997,0,5.93179538615848,NaN,997,5.93179538615848
998,0,5.93887775551102,NaN,998,5.93887775551102
999,0,5.93493493493493,NaN,999,5.93493493493493
999,0,5.93593593593594,NaN,999,5.93593593593594
998,0,5.93887775551102,NaN,998,5.93887775551102
997,0,5.93981945837513,NaN,997,5.93981945837513
999,0,5.94094094094094,NaN,999,5.94094094094094
998,0,5.93887775551102,NaN,998,5.93887775551102
998,0,5.93286573146293,NaN,998,5.93286573146293
999,0,5.92892892892893,NaN,999,5.92892892892893
999,0,5.92892892892893,NaN,999,5.92892892892893
998,0,5.92985971943888,NaN,998,5.92985971943888
999,0,5.93193193193193,NaN,999,5.93193193193193
998,0,5.93086172344689,NaN,998,5.93086172344689
999,0,5.93593593593594,NaN,999,5.93593593593594
998,0,5.93486973947896,NaN,998,5.93486973947896
999,0,5.93793793793794,NaN,999,5.93793793793794
996,0,5.93674698795181,NaN,996,5.93674698795181
997,0,5.9358074222668,NaN,997,5.9358074222668
999,0,5.93593593593594,NaN,999,5.93593593593594
999,0,5.93893893893894,NaN,999,5.93893893893894
998,0,5.94188376753507,NaN,998,5.94188376753507
998,0,5.94488977955912,NaN,998,5.94488977955912
999,0,5.94694694694695,NaN,999,5.94694694694695
998,0,5.94488977955912,NaN,998,5.94488977955912
998,0,5.94889779559118,NaN,998,5.94889779559118
999,0,5.95195195195195,NaN,999,5.95195195195195
999,0,5.95395395395395,NaN,999,5.95395395395395
999,0,5.94794794794795,NaN,999,5.94794794794795
999,0,5.94694694694695,NaN,999,5.94694694694695
999,0,5.94794794794795,NaN,999,5.94794794794795
999,0,5.94194194194194,NaN,999,5.94194194194194
998,0,5.93887775551102,NaN,998,5.93887775551102
999,0,5.93893893893894,NaN,999,5.93893893893894
999,0,5.93793793793794,NaN,999,5.93793793793794
999,0,5.93293293293293,NaN,999,5.93293293293293
997,0,5.92477432296891,NaN,997,5.92477432296891
998,0,5.93186372745491,NaN,998,5.93186372745491
999,0,5.93193193193193,NaN,999,5.93193193193193
999,0,5.92692692692693,NaN,999,5.92692692692693
998,0,5.92184368737475,NaN,998,5.92184368737475
999,0,5.92092092092092,NaN,999,5.92092092092092
999,0,5.92092092092092,NaN,999,5.92092092092092
999,0,5.92592592592593,NaN,999,5.92592592592593
998,0,5.92184368737475,NaN,998,5.92184368737475
998,0,5.92685370741483,NaN,998,5.92685370741483
999,0,5.92592592592593,NaN,999,5.92592592592593
999,0,5.92492492492492,NaN,999,5.92492492492492
998,0,5.92384769539078,NaN,998,5.92384769539078
996,0,5.92168674698795,NaN,996,5.92168674698795
998,0,5.92384769539078,NaN,998,5.92384769539078
999,0,5.91991991991992,NaN,999,5.91991991991992
997,0,5.92276830491474,NaN,997,5.92276830491474
999,0,5.92692692692693,NaN,999,5.92692692692693
999,0,5.92692692692693,NaN,999,5.92692692692693
999,0,5.92992992992993,NaN,999,5.92992992992993
999,0,5.93393393393393,NaN,999,5.93393393393393
999,0,5.93793793793794,NaN,999,5.93793793793794
998,0,5.93987975951904,NaN,998,5.93987975951904
999,0,5.94394394394394,NaN,999,5.94394394394394
998,0,5.94288577154309,NaN,998,5.94288577154309
999,0,5.94394394394394,NaN,999,5.94394394394394
998,0,5.94789579158317,NaN,998,5.94789579158317
998,0,5.94789579158317,NaN,998,5.94789579158317
998,0,5.94689378757515,NaN,998,5.94689378757515
999,0,5.95195195195195,NaN,999,5.95195195195195
999,0,5.95495495495495,NaN,999,5.95495495495495
997,0,5.95887662988967,NaN,997,5.95887662988967
999,0,5.95395395395395,NaN,999,5.95395395395395
999,0,5.95295295295295,NaN,999,5.95295295295295
999,0,5.94894894894895,NaN,999,5.94894894894895
999,0,5.94694694694695,NaN,999,5.94694694694695
999,0,5.94494494494494,NaN,999,5.94494494494494
998,0,5.94589178356713,NaN,998,5.94589178356713
999,0,5.94594594594595,NaN,999,5.94594594594595
999,0,5.94194194194194,NaN,999,5.94194194194194
999,0,5.94294294294294,NaN,999,5.94294294294294
999,0,5.94794794794795,NaN,999,5.94794794794795
998,0,5.94488977955912,NaN,998,5.94488977955912
999,0,5.94794794794795,NaN,999,5.94794794794795
999,0,5.94594594594595,NaN,999,5.94594594594595
999,0,5.94994994994995,NaN,999,5.94994994994995
999,0,5.95095095095095,NaN,999,5.95095095095095
999,0,5.95595595595596,NaN,999,5.95595595595596
997,0,5.95486459378134,NaN,997,5.95486459378134
999,0,5.95795795795796,NaN,999,5.95795795795796
998,0,5.95991983967936,NaN,998,5.95991983967936
999,0,5.95795795795796,NaN,999,5.95795795795796
999,0,5.95995995995996,NaN,999,5.95995995995996
998,0,5.96092184368737,NaN,998,5.96092184368737
999,0,5.96496496496496,NaN,999,5.96496496496496
998,0,5.96392785571142,NaN,998,5.96392785571142
999,0,5.95795795795796,NaN,999,5.95795795795796
999,0,5.95795795795796,NaN,999,5.95795795795796
998,0,5.95791583166333,NaN,998,5.95791583166333
999,0,5.95795795795796,NaN,999,5.95795795795796
996,0,5.95883534136546,NaN,996,5.95883534136546
999,0,5.95695695695696,NaN,999,5.95695695695696
999,0,5.96196196196196,NaN,999,5.96196196196196
999,0,5.96396396396396,NaN,999,5.96396396396396
998,0,5.96492985971944,NaN,998,5.96492985971944
998,0,5.96593186372746,NaN,998,5.96593186372746
998,0,5.96693386773547,NaN,998,5.96693386773547
999,0,5.96596596596597,NaN,999,5.96596596596597
999,0,5.96596596596597,NaN,999,5.96596596596597
998,0,5.96993987975952,NaN,998,5.96993987975952
997,0,5.97291875626881,NaN,997,5.97291875626881
997,0,5.97091273821464,NaN,997,5.97091273821464
999,0,5.96796796796797,NaN,999,5.96796796796797
998,0,5.96793587174349,NaN,998,5.96793587174349
997,0,5.97091273821464,NaN,997,5.97091273821464
999,0,5.96996996996997,NaN,999,5.96996996996997
998,0,5.96793587174349,NaN,998,5.96793587174349
998,0,5.96993987975952,NaN,998,5.96993987975952
999,0,5.97097097097097,NaN,999,5.97097097097097
998,0,5.97194388777555,NaN,998,5.97194388777555
999,0,5.97097097097097,NaN,999,5.97097097097097
997,0,5.97191574724173,NaN,997,5.97191574724173
997,0,5.96890672016048,NaN,997,5.96890672016048
999,0,5.96696696696697,NaN,999,5.96696696696697
998,0,5.96392785571142,NaN,998,5.96392785571142
999,0,5.96796796796797,NaN,999,5.96796796796797
999,0,5.96896896896897,NaN,999,5.96896896896897
999,0,5.96696696696697,NaN,999,5.96696696696697
999,0,5.96296296296296,NaN,999,5.96296296296296
998,0,5.96392785571142,NaN,998,5.96392785571142
998,0,5.96793587174349,NaN,998,5.96793587174349
997,0,5.96489468405216,NaN,997,5.96489468405216
997,0,5.96690070210632,NaN,997,5.96690070210632
999,0,5.96596596596597,NaN,999,5.96596596596597
998,0,5.96492985971944,NaN,998,5.96492985971944
999,0,5.96896896896897,NaN,999,5.96896896896897
998,0,5.9689378757515,NaN,998,5.9689378757515
999,0,5.97097097097097,NaN,999,5.97097097097097
999,0,5.97197197197197,NaN,999,5.97197197197197
998,0,5.97394789579158,NaN,998,5.97394789579158
998,0,5.97194388777555,NaN,998,5.97194388777555
998,0,5.97394789579158,NaN,998,5.97394789579158
999,0,5.97497497497497,NaN,999,5.97497497497497
999,0,5.97497497497497,NaN,999,5.97497497497497
998,0,5.9749498997996,NaN,998,5.9749498997996
999,0,5.97597597597598,NaN,999,5.97597597597598
999,0,5.97697697697698,NaN,999,5.97697697697698
998,0,5.97595190380762,NaN,998,5.97595190380762
998,0,5.97895791583166,NaN,998,5.97895791583166
999,0,5.97997997997998,NaN,999,5.97997997997998
998,0,5.98096192384769,NaN,998,5.98096192384769
999,0,5.97997997997998,NaN,999,5.97997997997998
998,0,5.97895791583166,NaN,998,5.97895791583166
999,0,5.97897897897898,NaN,999,5.97897897897898
999,0,5.97897897897898,NaN,999,5.97897897897898
998,0,5.97995991983968,NaN,998,5.97995991983968
999,0,5.97797797797798,NaN,999,5.97797797797798
999,0,5.97697697697698,NaN,999,5.97697697697698
996,0,5.9789156626506,NaN,996,5.9789156626506
997,0,5.97893681043129,NaN,997,5.97893681043129
997,0,5.97793380140421,NaN,997,5.97793380140421
999,0,5.97897897897898,NaN,999,5.97897897897898
995,0,5.97889447236181,NaN,995,5.97889447236181
999,0,5.97797797797798,NaN,999,5.97797797797798
999,0,5.97897897897898,NaN,999,5.97897897897898
998,0,5.98196392785571,NaN,998,5.98196392785571
999,0,5.98498498498498,NaN,999,5.98498498498498
999,0,5.98398398398398,NaN,999,5.98398398398398
998,0,5.98597194388778,NaN,998,5.98597194388778
999,0,5.98898898898899,NaN,999,5.98898898898899
999,0,5.98898898898899,NaN,999,5.98898898898899
998,0,5.98797595190381,NaN,998,5.98797595190381
999,0,5.98998998998999,NaN,999,5.98998998998999
999,0,5.99299299299299,NaN,999,5.99299299299299
999,0,5.99199199199199,NaN,999,5.99199199199199
998,0,5.99098196392786,NaN,998,5.99098196392786
999,0,5.99099099099099,NaN,999,5.99099099099099
999,0,5.99199199199199,NaN,999,5.99199199199199
999,0,5.99099099099099,NaN,999,5.99099099099099
998,0,5.99198396793587,NaN,998,5.99198396793587
998,0,5.99098196392786,NaN,998,5.99098196392786
999,0,5.99199199199199,NaN,999,5.99199199199199
998,0,5.99298597194389,NaN,998,5.99298597194389
999,0,5.99399399399399,NaN,999,5.99399399399399
999,0,5.99399399399399,NaN,999,5.99399399399399
998,0,5.99498997995992,NaN,998,5.99498997995992
999,0,5.99499499499499,NaN,999,5.99499499499499
998,0,5.99699398797595,NaN,998,5.99699398797595
998,0,5.99799599198397,NaN,998,5.99799599198397
998,0,5.99699398797595,NaN,998,5.99699398797595
998,0,5.99699398797595,NaN,998,5.99699398797595
999,0,5.996996996997,NaN,999,5.996996996997
998,0,5.99699398797595,NaN,998,5.99699398797595
999,0,5.996996996997,NaN,999,5.996996996997
999,0,5.99499499499499,NaN,999,5.99499499499499
996,0,5.99497991967872,NaN,996,5.99497991967872
998,0,5.99498997995992,NaN,998,5.99498997995992
996,0,5.99497991967872,NaN,996,5.99497991967872
999,0,5.99099099099099,NaN,999,5.99099099099099
999,0,5.99199199199199,NaN,999,5.99199199199199
997,0,5.99197592778335,NaN,997,5.99197592778335
999,0,5.99199199199199,NaN,999,5.99199199199199
998,0,5.99098196392786,NaN,998,5.99098196392786
998,0,5.99198396793587,NaN,998,5.99198396793587
999,0,5.99299299299299,NaN,999,5.99299299299299
995,0,5.9929648241206,NaN,995,5.9929648241206
998,0,5.99198396793587,NaN,998,5.99198396793587
998,0,5.99098196392786,NaN,998,5.99098196392786
999,0,5.99099099099099,NaN,999,5.99099099099099
999,0,5.99099099099099,NaN,999,5.99099099099099
998,0,5.99198396793587,NaN,998,5.99198396793587
997,0,5.99097291875627,NaN,997,5.99097291875627
999,0,5.99099099099099,NaN,999,5.99099099099099
998,0,5.99198396793587,NaN,998,5.99198396793587
998,0,5.9939879759519,NaN,998,5.9939879759519
999,0,5.99199199199199,NaN,999,5.99199199199199
999,0,5.99399399399399,NaN,999,5.99399399399399
998,0,5.9939879759519,NaN,998,5.9939879759519
998,0,5.9939879759519,NaN,998,5.9939879759519
999,0,5.99099099099099,NaN,999,5.99099099099099
999,0,5.99099099099099,NaN,999,5.99099099099099
998,0,5.9939879759519,NaN,998,5.9939879759519
997,0,5.99498495486459,NaN,997,5.99498495486459
998,0,5.99198396793587,NaN,998,5.99198396793587
999,0,5.99199199199199,NaN,999,5.99199199199199
998,0,5.99198396793587,NaN,998,5.99198396793587
999,0,5.99199199199199,NaN,999,5.99199199199199
999,0,5.98898898898899,NaN,999,5.98898898898899
999,0,5.98898898898899,NaN,999,5.98898898898899
998,0,5.98897795591182,NaN,998,5.98897795591182
999,0,5.98898898898899,NaN,999,5.98898898898899
999,0,5.98598598598599,NaN,999,5.98598598598599
999,0,5.98598598598599,NaN,999,5.98598598598599
999,0,5.98698698698699,NaN,999,5.98698698698699
999,0,5.98698698698699,NaN,999,5.98698698698699
999,0,5.98498498498498,NaN,999,5.98498498498498
999,0,5.98498498498498,NaN,999,5.98498498498498
997,0,5.98696088264794,NaN,997,5.98696088264794
999,0,5.98798798798799,NaN,999,5.98798798798799
997,0,5.98696088264794,NaN,997,5.98696088264794
998,0,5.98496993987976,NaN,998,5.98496993987976
996,0,5.9859437751004,NaN,996,5.9859437751004
998,0,5.98797595190381,NaN,998,5.98797595190381
998,0,5.98797595190381,NaN,998,5.98797595190381
999,0,5.98798798798799,NaN,999,5.98798798798799
999,0,5.98798798798799,NaN,999,5.98798798798799
998,0,5.98997995991984,NaN,998,5.98997995991984
998,0,5.98897795591182,NaN,998,5.98897795591182
999,0,5.98698698698699,NaN,999,5.98698698698699
999,0,5.98698698698699,NaN,999,5.98698698698699
997,0,5.98796389167503,NaN,997,5.98796389167503
999,0,5.98598598598599,NaN,999,5.98598598598599
999,0,5.98498498498498,NaN,999,5.98498498498498
999,0,5.98598598598599,NaN,999,5.98598598598599
999,0,5.98398398398398,NaN,999,5.98398398398398
999,0,5.98698698698699,NaN,999,5.98698698698699
998,0,5.98697394789579,NaN,998,5.98697394789579
999,0,5.98598598598599,NaN,999,5.98598598598599
997,0,5.98294884653962,NaN,997,5.98294884653962
999,0,5.98398398398398,NaN,999,5.98398398398398
997,0,5.98294884653962,NaN,997,5.98294884653962
999,0,5.98398398398398,NaN,999,5.98398398398398
999,0,5.98198198198198,NaN,999,5.98198198198198
999,0,5.98398398398398,NaN,999,5.98398398398398
998,0,5.98597194388778,NaN,998,5.98597194388778
999,0,5.98698698698699,NaN,999,5.98698698698699
999,0,5.98898898898899,NaN,999,5.98898898898899
999,0,5.98898898898899,NaN,999,5.98898898898899
997,0,5.99097291875627,NaN,997,5.99097291875627
998,0,5.99098196392786,NaN,998,5.99098196392786
995,0,5.99195979899497,NaN,995,5.99195979899497
997,0,5.99097291875627,NaN,997,5.99097291875627
999,0,5.99099099099099,NaN,999,5.99099099099099
999,0,5.98998998998999,NaN,999,5.98998998998999
998,0,5.98997995991984,NaN,998,5.98997995991984
999,0,5.98898898898899,NaN,999,5.98898898898899
999,0,5.98998998998999,NaN,999,5.98998998998999
997,0,5.98896690070211,NaN,997,5.98896690070211
999,0,5.98798798798799,NaN,999,5.98798798798799
999,0,5.99199199199199,NaN,999,5.99199199199199
999,0,5.99299299299299,NaN,999,5.99299299299299
998,0,5.99198396793587,NaN,998,5.99198396793587
997,0,5.99197592778335,NaN,997,5.99197592778335
999,0,5.99199199199199,NaN,999,5.99199199199199
999,0,5.99199199199199,NaN,999,5.99199199199199
998,0,5.99198396793587,NaN,998,5.99198396793587
999,0,5.99299299299299,NaN,999,5.99299299299299
998,0,5.99498997995992,NaN,998,5.99498997995992
999,0,5.995995995996,NaN,999,5.995995995996
997,0,5.99598796389168,NaN,997,5.99598796389168
999,0,5.99499499499499,NaN,999,5.99499499499499
998,0,5.99498997995992,NaN,998,5.99498997995992
998,0,5.99498997995992,NaN,998,5.99498997995992
999,0,5.99299299299299,NaN,999,5.99299299299299
999,0,5.99299299299299,NaN,999,5.99299299299299
999,0,5.99199199199199,NaN,999,5.99199199199199
997,0,5.99197592778335,NaN,997,5.99197592778335
999,0,5.99099099099099,NaN,999,5.99099099099099
999,0,5.99199199199199,NaN,999,5.99199199199199
999,0,5.99199199199199,NaN,999,5.99199199199199
998,0,5.99198396793587,NaN,998,5.99198396793587
998,0,5.99098196392786,NaN,998,5.99098196392786
997,0,5.98996990972919,NaN,997,5.98996990972919
999,0,5.99199199199199,NaN,999,5.99199199199199
999,0,5.99199199199199,NaN,999,5.99199199199199
998,0,5.99098196392786,NaN,998,5.99098196392786
998,0,5.99098196392786,NaN,998,5.99098196392786
999,0,5.99099099099099,NaN,999,5.99099099099099
998,0,5.99198396793587,NaN,998,5.99198396793587
997,0,5.99297893681043,NaN,997,5.99297893681043
997,0,5.99197592778335,NaN,997,5.99197592778335
999,0,5.99299299299299,NaN,999,5.99299299299299
998,0,5.99298597194389,NaN,998,5.99298597194389
999,0,5.99199199199199,NaN,999,5.99199199199199
998,0,5.99098196392786,NaN,998,5.99098196392786
998,0,5.99198396793587,NaN,998,5.99198396793587
998,0,5.99298597194389,NaN,998,5.99298597194389
998,0,5.99198396793587,NaN,998,5.99198396793587
998,0,5.99098196392786,NaN,998,5.99098196392786
997,0,5.99197592778335,NaN,997,5.99197592778335
999,0,5.99199199199199,NaN,999,5.99199199199199
999,0,5.99199199199199,NaN,999,5.99199199199199
999,0,5.99299299299299,NaN,999,5.99299299299299
999,0,5.99299299299299,NaN,999,5.99299299299299
998,0,5.9939879759519,NaN,998,5.9939879759519
998,0,5.99799599198397,NaN,998,5.99799599198397
999,0,5.997997997998,NaN,999,5.997997997998
999,0,5.996996996997,NaN,999,5.996996996997
998,0,5.99699398797595,NaN,998,5.99699398797595
999,0,5.996996996997,NaN,999,5.996996996997
999,0,5.996996996997,NaN,999,5.996996996997
997,0,5.99598796389168,NaN,997,5.99598796389168
999,0,5.996996996997,NaN,999,5.996996996997
998,0,5.99799599198397,NaN,998,5.99799599198397
998,0,5.99799599198397,NaN,998,5.99799599198397
999,0,5.997997997998,NaN,999,5.997997997998
999,0,5.996996996997,NaN,999,5.996996996997
999,0,5.996996996997,NaN,999,5.996996996997
998,0,5.99699398797595,NaN,998,5.99699398797595
999,0,5.997997997998,NaN,999,5.997997997998
998,0,5.99799599198397,NaN,998,5.99799599198397
999,0,5.997997997998,NaN,999,5.997997997998
999,0,5.997997997998,NaN,999,5.997997997998
998,0,5.99799599198397,NaN,998,5.99799599198397
998,0,5.99799599198397,NaN,998,5.99799599198397
998,0,5.99799599198397,NaN,998,5.99799599198397
998,0,5.99699398797595,NaN,998,5.99699398797595
998,0,5.99699398797595,NaN,998,5.99699398797595
998,0,5.99799599198397,NaN,998,5.99799599198397
998,0,5.99799599198397,NaN,998,5.99799599198397
999,0,5.998998998999,NaN,999,5.998998998999
998,0,5.99899799599198,NaN,998,5.99899799599198
999,0,5.998998998999,NaN,999,5.998998998999
999,0,5.998998998999,NaN,999,5.998998998999
999,0,5.997997997998,NaN,999,5.997997997998
997,0,5.99799398194584,NaN,997,5.99799398194584
998,0,5.99799599198397,NaN,998,5.99799599198397
999,0,5.998998998999,NaN,999,5.998998998999
998,0,5.99899799599198,NaN,998,5.99899799599198
998,0,5.99899799599198,NaN,998,5.99899799599198
998,0,6.0,NaN,998,6.0
999,0,6.0,NaN,999,6.0
999,0,6.0,NaN,999,6.0
999,0,6.0,NaN,999,6.0
999,0,6.0,NaN,999,6.0
998,0,6.0,NaN,998,6.0
998,0,6.0,NaN,998,6.0
997,0,6.0,NaN,997,6.0
999,0,6.0,NaN,999,6.0
996,0,6.0,NaN,996,6.0
999,0,6.0,NaN,999,6.0
998,0,6.0,NaN,998,6.0
997,0,6.0,NaN,997,6.0
998,0,6.0,NaN,998,6.0
997,0,6.0,NaN,997,6.0
998,0,6.0,NaN,998,6.0
999,0,6.0,NaN,999,6.0
998,0,6.0,NaN,998,6.0
997,0,6.0,NaN,997,6.0
999,0,6.0,NaN,999,6.0
998,0,6.0,NaN,998,6.0
998,0,6.0,NaN,998,6.0
999,0,6.0,NaN,999,6.0
999,0,6.0,NaN,999,6.0
999,0,6.0,NaN,999,6.0
999,0,6.0,NaN,999,6.0
998,0,6.0,NaN,998,6.0
996,0,6.0,NaN,996,6.0
999,0,6.0,NaN,999,6.0
998,0,6.0,NaN,998,6.0
998,0,6.0,NaN,998,6.0
998,0,6.0,NaN,998,6.0
998,0,6.0,NaN,998,6.0
998,0,6.0,NaN,998,6.0
999,0,6.0,NaN,999,6.0
999,0,6.0,NaN,999,6.0
999,0,6.0,NaN,999,6.0
997,0,6.0,NaN,997,6.0
997,0,6.0,NaN,997,6.0
998,0,6.0,NaN,998,6.0
999,0,6.0,NaN,999,6.0
999,0,6.0,NaN,999,6.0
999,0,6.0,NaN,999,6.0
999,0,6.0,NaN,999,6.0
997,0,6.0,NaN,997,6.0
997,0,6.0,NaN,997,6.0
999,0,6.0,NaN,999,6.0
998,0,6.0,NaN,998,6.0
999,0,6.0,NaN,999,6.0
999,0,6.0,NaN,999,6.0
999,0,6.0,NaN,999,6.0
999,0,6.0,NaN,999,6.0
999,0,6.0,NaN,999,6.0
999,0,6.0,NaN,999,6.0
999,0,6.0,NaN,999,6.0
997,0,6.0,NaN,997,6.0
999,0,6.0,NaN,999,6.0
997,0,6.0,NaN,997,6.0
998,0,6.0,NaN,998,6.0
997,0,6.0,NaN,997,6.0
999,0,6.0,NaN,999,6.0
998,0,6.0,NaN,998,6.0
997,0,6.0,NaN,997,6.0
997,0,6.0,NaN,997,6.0
997,0,6.0,NaN,997,6.0
999,0,6.0,NaN,999,6.0
999,0,6.0,NaN,999,6.0
999,0,6.0,NaN,999,6.0
998,0,6.0,NaN,998,6.0
997,0,6.0,NaN,997,6.0
998,0,6.0,NaN,998,6.0
999,0,6.0,NaN,999,6.0
998,0,6.0,NaN,998,6.0
997,0,6.0,NaN,997,6.0
996,0,6.0,NaN,996,6.0
997,0,6.0,NaN,997,6.0
999,0,6.0,NaN,999,6.0
999,0,6.0,NaN,999,6.0
999,0,6.0,NaN,999,6.0
998,0,6.0,NaN,998,6.0
997,0,6.0,NaN,997,6.0
998,0,6.0,NaN,998,6.0
996,0,6.0,NaN,996,6.0
998,0,6.0,NaN,998,6.0
997,0,5.99899699097292,NaN,997,5.99899699097292
997,0,5.99899699097292,NaN,997,5.99899699097292
999,0,5.998998998999,NaN,999,5.998998998999
999,0,5.998998998999,NaN,999,5.998998998999
997,0,5.99899699097292,NaN,997,5.99899699097292
997,0,5.99899699097292,NaN,997,5.99899699097292
998,0,5.99899799599198,NaN,998,5.99899799599198
999,0,5.998998998999,NaN,999,5.998998998999
999,0,5.998998998999,NaN,999,5.998998998999
998,0,5.99899799599198,NaN,998,5.99899799599198
999,0,5.998998998999,NaN,999,5.998998998999
999,0,5.998998998999,NaN,999,5.998998998999
998,0,5.99899799599198,NaN,998,5.99899799599198
998,0,5.99899799599198,NaN,998,5.99899799599198
999,0,5.998998998999,NaN,999,5.998998998999
994,0,5.9989939637827,NaN,994,5.9989939637827
998,0,5.99799599198397,NaN,998,5.99799599198397
999,0,5.997997997998,NaN,999,5.997997997998
999,0,5.997997997998,NaN,999,5.997997997998
997,0,5.99799398194584,NaN,997,5.99799398194584
999,0,5.996996996997,NaN,999,5.996996996997
998,0,5.99699398797595,NaN,998,5.99699398797595
997,0,5.99699097291876,NaN,997,5.99699097291876
999,0,5.996996996997,NaN,999,5.996996996997
998,0,5.99599198396794,NaN,998,5.99599198396794
999,0,5.995995995996,NaN,999,5.995995995996
999,0,5.996996996997,NaN,999,5.996996996997
997,0,5.99699097291876,NaN,997,5.99699097291876
999,0,5.996996996997,NaN,999,5.996996996997
998,0,5.99699398797595,NaN,998,5.99699398797595
999,0,5.997997997998,NaN,999,5.997997997998
999,0,5.997997997998,NaN,999,5.997997997998
997,0,5.99699097291876,NaN,997,5.99699097291876
999,0,5.996996996997,NaN,999,5.996996996997
999,0,5.997997997998,NaN,999,5.997997997998
999,0,5.997997997998,NaN,999,5.997997997998
999,0,5.997997997998,NaN,999,5.997997997998
998,0,5.99899799599198,NaN,998,5.99899799599198
999,0,5.998998998999,NaN,999,5.998998998999
998,0,5.99899799599198,NaN,998,5.99899799599198
999,0,5.998998998999,NaN,999,5.998998998999
998,0,5.99899799599198,NaN,998,5.99899799599198
999,0,5.998998998999,NaN,999,5.998998998999
996,0,5.99899598393574,NaN,996,5.99899598393574
996,0,5.99899598393574,NaN,996,5.99899598393574
999,0,5.998998998999,NaN,999,5.998998998999
998,0,5.99899799599198,NaN,998,5.99899799599198
998,0,5.99899799599198,NaN,998,5.99899799599198
999,0,5.998998998999,NaN,999,5.998998998999
997,0,5.99899699097292,NaN,997,5.99899699097292
999,0,5.998998998999,NaN,999,5.998998998999
998,0,5.99899799599198,NaN,998,5.99899799599198
999,0,5.998998998999,NaN,999,5.998998998999
999,0,5.998998998999,NaN,999,5.998998998999
999,0,5.998998998999,NaN,999,5.998998998999
999,0,5.998998998999,NaN,999,5.998998998999
996,0,5.99899598393574,NaN,996,5.99899598393574
998,0,5.99899799599198,NaN,998,5.99899799599198
999,0,5.998998998999,NaN,999,5.998998998999
999,0,5.998998998999,NaN,999,5.998998998999
998,0,5.99799599198397,NaN,998,5.99799599198397
998,0,5.99799599198397,NaN,998,5.99799599198397
998,0,5.99799599198397,NaN,998,5.99799599198397
999,0,5.998998998999,NaN,999,5.998998998999
999,0,5.997997997998,NaN,999,5.997997997998
999,0,5.998998998999,NaN,999,5.998998998999
998,0,5.99899799599198,NaN,998,5.99899799599198
999,0,5.998998998999,NaN,999,5.998998998999
999,0,6.0,NaN,999,6.0
999,0,6.0,NaN,999,6.0
998,0,6.0,NaN,998,6.0
999,0,6.0,NaN,999,6.0
999,0,6.0,NaN,999,6.0
999,0,6.0,NaN,999,6.0
997,0,6.0,NaN,997,6.0
999,0,6.0,NaN,999,6.0
998,0,6.0,NaN,998,6.0
998,0,6.0,NaN,998,6.0
999,0,6.0,NaN,999,6.0
998,0,6.0,NaN,998,6.0
996,0,6.0,NaN,996,6.0
999,0,6.0,NaN,999,6.0
999,0,6.0,NaN,999,6.0
998,0,6.0,NaN,998,6.0
998,0,6.0,NaN,998,6.0
997,0,6.0,NaN,997,6.0
999,0,6.0,NaN,999,6.0
999,0,6.0,NaN,999,6.0
999,0,6.0,NaN,999,6.0
998,0,6.0,NaN,998,6.0
999,0,6.0,NaN,999,6.0
999,0,6.0,NaN,999,6.0
999,0,6.0,NaN,999,6.0
999,0,6.0,NaN,999,6.0
999,0,6.0,NaN,999,6.0
999,0,6.0,NaN,999,6.0
999,0,6.0,NaN,999,6.0
998,0,6.0,NaN,998,6.0
998,0,6.0,NaN,998,6.0
999,0,6.0,NaN,999,6.0
999,0,6.0,NaN,999,6.0
999,0,6.0,NaN,999,6.0
999,0,6.0,NaN,999,6.0
998,0,6.0,NaN,998,6.0
999,0,6.0,NaN,999,6.0
999,0,6.0,NaN,999,6.0
999,0,6.0,NaN,999,6.0
998,0,6.0,NaN,998,6.0
998,0,6.0,NaN,998,6.0
999,0,6.0,NaN,999,6.0
999,0,6.0,NaN,999,6.0
997,0,6.0,NaN,997,6.0
998,0,6.0,NaN,998,6.0
999,0,6.0,NaN,999,6.0
999,0,6.0,NaN,999,6.0
999,0,6.0,NaN,999,6.0
999,0,6.0,NaN,999,6.0
999,0,6.0,NaN,999,6.0
999,0,6.0,NaN,999,6.0
999,0,6.0,NaN,999,6.0
997,0,6.0,NaN,997,6.0
999,0,6.0,NaN,999,6.0
999,0,6.0,NaN,999,6.0
999,0,6.0,NaN,999,6.0
999,0,6.0,NaN,999,6.0
999,0,6.0,NaN,999,6.0
999,0,6.0,NaN,999,6.0
999,0,6.0,NaN,999,6.0
998,0,6.0,NaN,998,6.0
999,0,6.0,NaN,999,6.0
999,0,6.0,NaN,999,6.0
999,0,6.0,NaN,999,6.0
996,0,6.0,NaN,996,6.0
998,0,6.0,NaN,998,6.0
999,0,6.0,NaN,999,6.0
998,0,6.0,NaN,998,6.0
997,0,5.99899699097292,NaN,997,5.99899699097292
997,0,5.99899699097292,NaN,997,5.99899699097292
996,0,5.99899598393574,NaN,996,5.99899598393574
999,0,5.998998998999,NaN,999,5.998998998999
999,0,5.998998998999,NaN,999,5.998998998999
997,0,5.99899699097292,NaN,997,5.99899699097292
999,0,5.998998998999,NaN,999,5.998998998999
998,0,5.99899799599198,NaN,998,5.99899799599198
998,0,5.99899799599198,NaN,998,5.99899799599198
998,0,5.99899799599198,NaN,998,5.99899799599198
999,0,5.998998998999,NaN,999,5.998998998999
998,0,5.99899799599198,NaN,998,5.99899799599198
997,0,5.99899699097292,NaN,997,5.99899699097292
999,0,5.998998998999,NaN,999,5.998998998999
999,0,5.998998998999,NaN,999,5.998998998999
999,0,5.998998998999,NaN,999,5.998998998999
998,0,5.99899799599198,NaN,998,5.99899799599198
996,0,5.99799196787149,NaN,996,5.99799196787149
998,0,5.99799599198397,NaN,998,5.99799599198397
997,0,5.99799398194584,NaN,997,5.99799398194584
998,0,5.99799599198397,NaN,998,5.99799599198397
997,0,5.99799398194584,NaN,997,5.99799398194584
999,0,5.997997997998,NaN,999,5.997997997998
998,0,5.99799599198397,NaN,998,5.99799599198397
998,0,5.99799599198397,NaN,998,5.99799599198397
999,0,5.996996996997,NaN,999,5.996996996997
997,0,5.99699097291876,NaN,997,5.99699097291876
997,0,5.99699097291876,NaN,997,5.99699097291876
999,0,5.997997997998,NaN,999,5.997997997998
997,0,5.99799398194584,NaN,997,5.99799398194584
999,0,5.997997997998,NaN,999,5.997997997998
998,0,5.99799599198397,NaN,998,5.99799599198397
999,0,5.997997997998,NaN,999,5.997997997998
999,0,5.997997997998,NaN,999,5.997997997998
998,0,5.99799599198397,NaN,998,5.99799599198397
999,0,5.997997997998,NaN,999,5.997997997998
999,0,5.997997997998,NaN,999,5.997997997998
998,0,5.99799599198397,NaN,998,5.99799599198397
999,0,5.997997997998,NaN,999,5.997997997998
999,0,5.996996996997,NaN,999,5.996996996997
999,0,5.996996996997,NaN,999,5.996996996997
999,0,5.996996996997,NaN,999,5.996996996997
999,0,5.998998998999,NaN,999,5.998998998999
999,0,5.998998998999,NaN,999,5.998998998999
998,0,5.99899799599198,NaN,998,5.99899799599198
998,0,5.99899799599198,NaN,998,5.99899799599198
998,0,5.99899799599198,NaN,998,5.99899799599198
999,0,5.998998998999,NaN,999,5.998998998999
998,0,5.99899799599198,NaN,998,5.99899799599198
997,0,5.99899699097292,NaN,997,5.99899699097292
998,0,5.99899799599198,NaN,998,5.99899799599198
999,0,5.998998998999,NaN,999,5.998998998999
998,0,5.99899799599198,NaN,998,5.99899799599198
999,0,5.998998998999,NaN,999,5.998998998999
997,0,5.99899699097292,NaN,997,5.99899699097292
999,0,5.998998998999,NaN,999,5.998998998999
998,0,5.99799599198397,NaN,998,5.99799599198397
999,0,5.997997997998,NaN,999,5.997997997998
997,0,5.99799398194584,NaN,997,5.99799398194584
998,0,5.99799599198397,NaN,998,5.99799599198397
999,0,5.996996996997,NaN,999,5.996996996997
999,0,5.996996996997,NaN,999,5.996996996997
999,0,5.997997997998,NaN,999,5.997997997998
999,0,5.997997997998,NaN,999,5.997997997998
999,0,5.997997997998,NaN,999,5.997997997998
996,0,5.99799196787149,NaN,996,5.99799196787149
998,0,5.99799599198397,NaN,998,5.99799599198397
998,0,5.99799599198397,NaN,998,5.99799599198397
997,0,5.99699097291876,NaN,997,5.99699097291876
999,0,5.996996996997,NaN,999,5.996996996997
997,0,5.99799398194584,NaN,997,5.99799398194584
998,0,5.99799599198397,NaN,998,5.99799599198397
998,0,5.99699398797595,NaN,998,5.99699398797595
999,0,5.996996996997,NaN,999,5.996996996997
998,0,5.99699398797595,NaN,998,5.99699398797595
999,0,5.996996996997,NaN,999,5.996996996997
999,0,5.997997997998,NaN,999,5.997997997998
999,0,5.996996996997,NaN,999,5.996996996997
998,0,5.99799599198397,NaN,998,5.99799599198397
999,0,5.997997997998,NaN,999,5.997997997998
999,0,5.997997997998,NaN,999,5.997997997998
999,0,5.997997997998,NaN,999,5.997997997998
999,0,5.998998998999,NaN,999,5.998998998999
999,0,5.998998998999,NaN,999,5.998998998999
998,0,5.99899799599198,NaN,998,5.99899799599198
998,0,5.99899799599198,NaN,998,5.99899799599198
998,0,5.99899799599198,NaN,998,5.99899799599198
998,0,5.99899799599198,NaN,998,5.99899799599198
997,0,5.99899699097292,NaN,997,5.99899699097292
998,0,6.0,NaN,998,6.0
998,0,6.0,NaN,998,6.0
997,0,6.0,NaN,997,6.0
999,0,6.0,NaN,999,6.0
999,0,6.0,NaN,999,6.0
998,0,6.0,NaN,998,6.0
999,0,6.0,NaN,999,6.0
998,0,6.0,NaN,998,6.0
999,0,6.0,NaN,999,6.0
998,0,5.99899799599198,NaN,998,5.99899799599198
998,0,5.99899799599198,NaN,998,5.99899799599198
999,0,6.0,NaN,999,6.0
999,0,6.0,NaN,999,6.0
997,0,6.0,NaN,997,6.0
999,0,6.0,NaN,999,6.0
998,0,6.0,NaN,998,6.0
999,0,6.0,NaN,999,6.0
996,0,6.0,NaN,996,6.0
997,0,6.0,NaN,997,6.0
998,0,6.0,NaN,998,6.0
