forward_num,reverse_num,forward_rate,reverse_rate,organism_num,organism_rate
500,500,5.5,5.5,1000,5.5
495,497,5.48282828282828,5.50704225352113,992,5.49495967741935
491,493,5.4908350305499,5.52129817444219,984,5.50609756097561
553,445,6.04339963833635,5.47865168539326,998,5.79158316633267
587,412,6.14480408858603,5.46601941747573,999,5.86486486486486
621,378,6.26086956521739,5.43915343915344,999,5.94994994994995
652,347,6.32208588957055,5.37752161383285,999,5.99399399399399
678,321,6.44247787610619,5.34890965732087,999,6.09109109109109
704,295,6.42755681818182,5.34576271186441,999,6.10810810810811
725,274,6.6,5.3029197080292,999,6.24424424424424
698,301,6.67908309455587,4.96345514950166,999,6.16216216216216
718,280,6.48189415041783,4.92142857142857,998,6.04408817635271
740,258,6.77297297297297,4.92635658914729,998,6.29559118236473
694,305,6.7492795389049,4.88852459016393,999,6.18118118118118
686,312,6.71574344023324,5.16025641025641,998,6.22945891783567
696,302,6.91235632183908,5.44701986754967,998,6.4689378757515
700,299,6.94714285714286,5.41471571906354,999,6.48848848848849
686,313,7.02769679300292,5.41533546325879,999,6.52252252252252
670,329,7.04179104477612,5.66261398176292,999,6.58758758758759
687,311,7.14847161572052,5.66559485530547,998,6.68637274549098
688,310,7.09883720930233,5.94193548387097,998,6.73947895791583
705,293,6.89929078014184,5.90102389078498,998,6.6062124248497
671,328,6.94485842026826,5.80487804878049,999,6.57057057057057
680,319,7.02058823529412,5.81191222570533,999,6.63463463463463
704,295,7.03409090909091,5.95254237288136,999,6.71471471471471
702,297,7.06552706552707,5.96632996632997,999,6.73873873873874
715,284,7.16223776223776,5.88380281690141,999,6.7987987987988
714,285,7.09103641456583,5.91578947368421,999,6.75575575575576
730,269,7.15753424657534,5.91078066914498,999,6.82182182182182
739,258,7.15155615696888,5.85271317829457,997,6.81544633901705
745,253,7.18255033557047,5.8695652173913,998,6.8496993987976
745,254,7.15436241610738,5.85826771653543,999,6.82482482482482
748,250,7.19786096256685,5.784,998,6.8436873747495
756,243,7.2526455026455,5.7037037037037,999,6.87587587587588
745,252,7.29395973154362,5.78571428571429,997,6.91273821464393
755,244,7.32582781456954,5.82377049180328,999,6.95895895895896
755,242,7.30596026490066,5.93388429752066,997,6.97291875626881
765,234,7.2797385620915,5.85042735042735,999,6.94494494494494
766,233,7.28720626631854,5.97424892703863,999,6.98098098098098
759,238,7.35177865612648,6.00840336134454,997,7.03109327983952
769,229,7.39401820546164,5.97816593886463,998,7.06913827655311
776,222,7.30670103092783,5.95495495495495,998,7.0060120240481
772,224,7.43782383419689,5.87946428571429,996,7.08734939759036
766,233,7.43733681462141,5.95708154506438,999,7.09209209209209
780,219,7.43333333333333,5.98173515981735,999,7.11511511511512
782,217,7.47953964194373,6.04608294930876,999,7.16816816816817
784,215,7.52168367346939,5.94883720930233,999,7.18318318318318
782,217,7.55882352941176,5.9815668202765,999,7.21621621621622
787,210,7.59212198221093,5.98571428571429,997,7.25376128385155
794,204,7.58060453400504,6.00490196078431,998,7.25851703406814
796,203,7.62311557788945,6.04433497536946,999,7.3023023023023
791,207,7.65613147914033,6.10628019323671,998,7.33466933867735
793,205,7.69987389659521,6.26341463414634,998,7.40480961923848
798,201,7.74185463659148,6.27363184079602,999,7.44644644644645
798,201,7.7218045112782,6.30348258706468,999,7.43643643643644
800,199,7.7425,6.29145728643216,999,7.45345345345345
794,203,7.8727959697733,6.3743842364532,997,7.56770310932798
799,200,7.88735919899875,6.495,999,7.60860860860861
798,200,7.91353383458647,6.54,998,7.63827655310621
795,204,7.92452830188679,6.52941176470588,999,7.63963963963964
790,209,8.00253164556962,6.55502392344498,999,7.6996996996997
792,206,8.01893939393939,6.54854368932039,998,7.71543086172345
796,203,7.99874371859296,6.61083743842365,999,7.71671671671672
795,203,8.01635220125786,6.54679802955665,998,7.71743486973948
800,199,8.025,6.5678391959799,999,7.73473473473473
795,202,8.08301886792453,6.59405940594059,997,7.78134403209629
794,204,8.0831234256927,6.61764705882353,998,7.78356713426854
797,200,8.04391468005019,6.6,997,7.7542627883651
797,201,8.06900878293601,6.61194029850746,998,7.77555110220441
808,191,8.05816831683168,6.61780104712042,999,7.78278278278278
807,190,8.0458488228005,6.73684210526316,997,7.79638916750251
808,191,8.05816831683168,6.7696335078534,999,7.81181181181181
819,180,8.1025641025641,6.76111111111111,999,7.86086086086086
823,176,8.11300121506683,6.77840909090909,999,7.87787787787788
823,176,8.08383961117861,6.69886363636364,999,7.83983983983984
829,169,8.0940892641737,6.68047337278106,998,7.85470941883768
834,164,8.11031175059952,6.74390243902439,998,7.88577154308617
833,165,8.1608643457383,6.68484848484848,998,7.91683366733467
834,165,8.16906474820144,6.80606060606061,999,7.94394394394394
839,160,8.17759237187128,6.83125,999,7.96196196196196
837,162,8.21146953405018,6.81481481481481,999,7.98498498498498
838,160,8.22195704057279,6.9375,998,8.01603206412826
836,162,8.24162679425837,6.94444444444444,998,8.0310621242485
830,167,8.27951807228916,7.02395209580838,997,8.06920762286861
825,174,8.31757575757576,6.97701149425287,999,8.08408408408408
831,167,8.36582430806257,6.91017964071856,998,8.12224448897796
834,165,8.32014388489209,7.02424242424242,999,8.10610610610611
838,161,8.35322195704057,6.91304347826087,999,8.12112112112112
843,155,8.35943060498221,6.90322580645161,998,8.13326653306613
844,155,8.3696682464455,6.90322580645161,999,8.14214214214214
850,149,8.36941176470588,6.93288590604027,999,8.15515515515516
846,153,8.36170212765957,6.97385620915033,999,8.14914914914915
846,153,8.34160756501182,6.97385620915033,999,8.13213213213213
846,153,8.36997635933806,7.02614379084967,999,8.16416416416416
844,154,8.36255924170616,7.06493506493506,998,8.1623246492986
845,152,8.3301775147929,7.00657894736842,997,8.1283851554664
852,146,8.34976525821596,6.99315068493151,998,8.15130260521042
846,152,8.3628841607565,6.96710526315789,998,8.1503006012024
850,148,8.36235294117647,7.02702702702703,998,8.16432865731463
856,143,8.40303738317757,6.96503496503496,999,8.1971971971972
853,146,8.39742086752638,7.02739726027397,999,8.1971971971972
852,147,8.37206572769953,7.04761904761905,999,8.17717717717718
849,149,8.38398115429917,7.04026845637584,998,8.18336673346693
846,150,8.35106382978723,7.06,996,8.1566265060241
853,144,8.3810082063306,7.00694444444444,997,8.18254764292879
851,147,8.44535840188014,7.0,998,8.23246492985972
855,144,8.45029239766082,7.02083333333333,999,8.24424424424424
854,145,8.47540983606557,6.97241379310345,999,8.25725725725726
851,147,8.49118683901293,6.99319727891156,998,8.27054108216433
856,142,8.51051401869159,6.98591549295775,998,8.2935871743487
863,136,8.51216685979142,7.01470588235294,999,8.30830830830831
859,136,8.53550640279395,6.96323529411765,995,8.32060301507538
866,132,8.54503464203233,6.91666666666667,998,8.32965931863727
865,134,8.56647398843931,6.97761194029851,999,8.35335335335335
866,133,8.58198614318707,7.04511278195489,999,8.37737737737738
859,139,8.62165308498254,7.10791366906475,998,8.41082164328657
864,135,8.66319444444444,7.17777777777778,999,8.46246246246246
872,127,8.65481651376147,7.15748031496063,999,8.46446446446446
866,133,8.66166281755196,7.18796992481203,999,8.46546546546547
860,138,8.66046511627907,7.18840579710145,998,8.45691382765531
859,137,8.65890570430733,7.23357664233577,996,8.46285140562249
858,141,8.64452214452214,7.26950354609929,999,8.45045045045045
856,142,8.69392523364486,7.23943661971831,998,8.48697394789579
852,146,8.71596244131455,7.21917808219178,998,8.49699398797595
854,144,8.73887587822014,7.23611111111111,998,8.52204408817635
856,143,8.75817757009346,7.20979020979021,999,8.53653653653654
857,141,8.76896149358226,7.15602836879433,998,8.54108216432866
863,136,8.78215527230591,7.24264705882353,999,8.57257257257257
860,139,8.77093023255814,7.28057553956835,999,8.56356356356356
861,137,8.74680603948897,7.22627737226277,998,8.53807615230461
863,136,8.74391657010429,7.25,999,8.54054054054054
861,137,8.78281068524971,7.28467153284672,998,8.57715430861724
857,140,8.79346557759627,7.29285714285714,997,8.5827482447342
869,130,8.81012658227848,7.31538461538462,999,8.61561561561562
867,132,8.81430219146482,7.32575757575758,999,8.61761761761762
867,132,8.8396770472895,7.32575757575758,999,8.63963963963964
865,134,8.8485549132948,7.35074626865672,999,8.64764764764765
861,138,8.87804878048781,7.35507246376812,999,8.66766766766767
858,141,8.88344988344988,7.34751773049645,999,8.66666666666667
858,141,8.88811188811189,7.38297872340426,999,8.67567567567568
862,137,8.92343387470998,7.41605839416058,999,8.71671671671672
863,134,8.93858632676709,7.41044776119403,997,8.73319959879639
869,129,9.00115074798619,7.37984496124031,998,8.79158316633267
860,138,9.00813953488372,7.43478260869565,998,8.79058116232465
864,134,9.01736111111111,7.44029850746269,998,8.80561122244489
865,134,9.02890173410405,7.41791044776119,999,8.81281281281281
864,133,9.04166666666667,7.38345864661654,997,8.82046138415246
867,132,9.06113033448674,7.46969696969697,999,8.85085085085085
866,133,9.0392609699769,7.4812030075188,999,8.83183183183183
861,138,9.02555168408827,7.55797101449275,999,8.82282282282282
865,133,9.05086705202312,7.54135338345865,998,8.8496993987976
864,135,9.03356481481481,7.51111111111111,999,8.82782782782783
850,148,9.01058823529412,7.5472972972973,998,8.7935871743487
863,136,9.03360370799536,7.53676470588235,999,8.82982982982983
861,138,9.01974448315912,7.57971014492754,999,8.82082082082082
860,137,9.03139534883721,7.63503649635036,997,8.839518555667
862,137,9.02784222737819,7.68613138686131,999,8.84384384384384
866,133,9.06928406466513,7.61654135338346,999,8.87587587587588
862,135,9.08700696055685,7.61481481481481,997,8.8876629889669
870,129,9.08390804597701,7.62015503875969,999,8.89489489489489
863,135,9.11471610660487,7.6962962962963,998,8.92284569138276
863,134,9.12050984936269,7.67910447761194,997,8.92678034102307
865,133,9.15028901734104,7.74436090225564,998,8.96292585170341
867,131,9.15801614763553,7.68702290076336,998,8.96492985971944
868,130,9.17857142857143,7.74615384615385,998,8.99198396793587
862,134,9.19605568445476,7.82089552238806,996,9.01104417670683
869,129,9.25086306098964,7.89922480620155,998,9.07615230460922
866,133,9.27136258660508,7.90225563909774,999,9.08908908908909
873,126,9.30126002290951,7.88888888888889,999,9.12312312312312
869,129,9.2945914844649,7.93798449612403,998,9.11923847695391
870,128,9.31034482758621,7.9921875,998,9.14128256513026
869,130,9.31875719217491,7.96153846153846,999,9.14214214214214
865,133,9.30751445086705,8.02255639097744,998,9.13627254509018
861,137,9.32404181184669,8.03649635036496,998,9.14729458917836
859,139,9.32246798603027,8.05755395683453,998,9.14629258517034
861,138,9.34494773519164,8.07971014492754,999,9.17017017017017
856,141,9.35280373831776,8.0709219858156,997,9.17151454363089
857,142,9.35939323220537,8.11971830985915,999,9.18318318318318
860,138,9.37674418604651,8.08695652173913,998,9.19839679358717
855,143,9.34970760233918,8.06993006993007,998,9.16633266533066
857,142,9.33605600933489,8.08450704225352,999,9.15815815815816
855,144,9.32865497076023,8.07638888888889,999,9.14814814814815
850,147,9.33176470588235,8.10884353741497,997,9.15145436308927
854,145,9.33723653395785,8.13103448275862,999,9.16216216216216
852,147,9.31924882629108,8.13605442176871,999,9.14514514514515
848,151,9.3313679245283,8.17218543046358,999,9.15615615615616
850,148,9.34470588235294,8.14864864864865,998,9.16733466933868
857,142,9.31271878646441,8.17605633802817,999,9.15115115115115
864,135,9.32291666666667,8.13333333333333,999,9.16216216216216
855,143,9.33918128654971,8.2027972027972,998,9.17635270541082
862,137,9.32946635730858,8.21897810218978,999,9.17717717717718
854,144,9.31498829039813,8.14583333333333,998,9.14629258517034
850,146,9.33647058823529,8.23287671232877,996,9.17469879518072
855,144,9.33801169590643,8.27083333333333,999,9.18418418418418
849,146,9.3356890459364,8.29452054794521,995,9.18291457286432
852,144,9.34272300469484,8.28472222222222,996,9.18975903614458
856,140,9.35981308411215,8.27857142857143,996,9.20783132530121
865,134,9.36184971098266,8.37313432835821,999,9.22922922922923
866,133,9.35103926096998,8.37593984962406,999,9.22122122122122
868,131,9.33410138248848,8.38167938931298,999,9.20920920920921
861,136,9.32868757259001,8.40441176470588,997,9.20260782347041
865,133,9.32832369942196,8.40601503759398,998,9.20541082164329
860,137,9.31279069767442,8.40875912408759,997,9.18856569709127
863,136,9.31865585168019,8.40441176470588,999,9.19419419419419
861,136,9.32171893147503,8.39705882352941,997,9.19558676028084
865,134,9.30404624277457,8.3955223880597,999,9.18218218218218
873,125,9.31386025200458,8.384,998,9.19739478957916
866,133,9.31062355658199,8.34586466165413,999,9.18218218218218
868,130,9.3168202764977,8.40769230769231,998,9.19839679358717
862,136,9.35266821345708,8.44117647058824,998,9.22845691382765
858,140,9.35314685314685,8.41428571428571,998,9.22144288577154
857,142,9.35005834305718,8.40140845070423,999,9.21521521521522
852,146,9.3650234741784,8.42465753424658,998,9.22745490981964
844,154,9.38507109004739,8.38311688311688,998,9.23046092184369
852,147,9.40258215962441,8.36734693877551,999,9.25025025025025
854,145,9.3864168618267,8.3448275862069,999,9.23523523523524
852,147,9.39201877934272,8.40816326530612,999,9.24724724724725
853,144,9.38452520515827,8.38194444444444,997,9.23971915747242
852,147,9.38262910798122,8.36734693877551,999,9.23323323323323
850,149,9.38823529411765,8.38926174496644,999,9.23923923923924
852,146,9.39906103286385,8.41095890410959,998,9.25450901803607
855,143,9.39766081871345,8.41258741258741,998,9.2565130260521
854,144,9.38875878220141,8.41666666666667,998,9.24849699398798
858,139,9.39510489510489,8.46043165467626,997,9.26479438314945
857,140,9.4002333722287,8.45,997,9.26680040120361
845,154,9.42011834319527,8.40909090909091,999,9.26426426426426
850,149,9.42705882352941,8.42281879194631,999,9.27727727727728
847,151,9.41086186540732,8.43708609271523,998,9.26352705410822
854,145,9.42271662763466,8.51724137931035,999,9.29129129129129
848,151,9.44811320754717,8.50993377483444,999,9.30630630630631
849,150,9.45700824499411,8.52666666666667,999,9.31731731731732
851,147,9.45593419506463,8.53061224489796,998,9.31963927855711
849,150,9.45465253239105,8.51333333333333,999,9.31331331331331
853,145,9.4630715123095,8.5448275862069,998,9.32965931863727
858,141,9.48018648018648,8.53900709219858,999,9.34734734734735
854,144,9.49297423887588,8.50694444444444,998,9.35070140280561
863,136,9.49594438006953,8.53676470588235,999,9.36536536536537
858,139,9.51165501165501,8.56115107913669,997,9.37913741223671
855,143,9.50643274853801,8.4965034965035,998,9.36172344689379
860,139,9.50348837209302,8.54676258992806,999,9.37037037037037
853,145,9.51230949589683,8.53793103448276,998,9.37074148296593
852,147,9.53521126760563,8.52380952380952,999,9.38638638638639
856,143,9.52453271028037,8.55244755244755,999,9.38538538538539
861,138,9.54703832752613,8.52173913043478,999,9.40540540540541
867,132,9.55709342560554,8.5,999,9.41741741741742
864,134,9.55555555555556,8.49253731343284,998,9.4128256513026
864,133,9.55208333333333,8.51127819548872,997,9.41323971915747
859,139,9.55296856810244,8.50359712230216,998,9.40681362725451
863,136,9.55735805330243,8.56617647058824,999,9.42242242242242
860,139,9.55,8.56834532374101,999,9.41341341341341
859,140,9.57043073341094,8.57857142857143,999,9.43143143143143
862,137,9.57656612529002,8.59124087591241,999,9.44144144144144
856,143,9.56542056074766,8.52447552447553,999,9.41641641641642
858,140,9.56177156177156,8.54285714285714,998,9.4188376753507
861,137,9.57375145180023,8.55474452554745,998,9.43386773547094
859,138,9.57159487776484,8.52898550724638,997,9.42728184553661
862,137,9.5754060324826,8.5036496350365,999,9.42842842842843
862,136,9.56960556844547,8.47794117647059,998,9.42084168336673
871,127,9.57634902411022,8.46456692913386,998,9.43486973947896
865,134,9.56531791907515,8.44776119402985,999,9.41541541541542
868,131,9.5668202764977,8.48091603053435,999,9.42442442442442
871,128,9.58897818599311,8.5078125,999,9.45045045045045
866,129,9.60161662817552,8.48837209302326,995,9.4572864321608
864,134,9.60069444444444,8.56716417910448,998,9.46192384769539
867,130,9.61476355247981,8.57692307692308,997,9.47943831494483
870,128,9.60229885057471,8.6484375,998,9.47995991983968
878,121,9.61389521640091,8.66942148760331,999,9.4994994994995
879,120,9.61433447098976,8.63333333333333,999,9.4964964964965
884,115,9.6131221719457,8.63478260869565,999,9.5005005005005
880,118,9.62840909090909,8.59322033898305,998,9.5060120240481
879,119,9.63026166097838,8.63025210084034,998,9.51102204408818
877,121,9.62371721778791,8.6198347107438,998,9.50200400801603
873,126,9.62886597938144,8.65079365079365,999,9.50550550550551
873,126,9.62657502863688,8.61904761904762,999,9.4994994994995
870,129,9.64137931034483,8.65891472868217,999,9.51451451451451
871,127,9.6406429391504,8.69291338582677,998,9.52004008016032
867,131,9.65513264129181,8.66412213740458,998,9.5250501002004
874,125,9.65903890160183,8.632,999,9.53053053053053
874,125,9.65446224256293,8.664,999,9.53053053053053
872,127,9.66628440366972,8.59055118110236,999,9.52952952952953
866,133,9.68129330254042,8.56390977443609,999,9.53253253253253
869,130,9.67779056386651,8.53076923076923,999,9.52852852852853
876,122,9.69748858447489,8.5,998,9.55110220440882
876,120,9.69178082191781,8.53333333333333,996,9.55220883534137
886,113,9.68961625282167,8.51327433628319,999,9.55655655655656
891,108,9.71268237934905,8.5,999,9.58158158158158
892,107,9.69843049327354,8.52336448598131,999,9.57257257257257
896,102,9.7109375,8.50980392156863,998,9.58817635270541
898,101,9.7271714922049,8.47524752475248,999,9.6006006006006
900,99,9.72888888888889,8.48484848484848,999,9.60560560560561
894,101,9.74944071588367,8.51485148514852,995,9.62412060301508
895,104,9.74078212290503,8.51923076923077,999,9.61361361361361
888,108,9.74662162162162,8.52777777777778,996,9.6144578313253
884,113,9.74434389140271,8.55752212389381,997,9.6098294884654
885,113,9.74576271186441,8.5929203539823,998,9.61523046092184
883,114,9.7519818799547,8.60526315789474,997,9.62086258776329
891,108,9.74410774410774,8.58333333333333,999,9.61861861861862
889,110,9.75028121484814,8.57272727272727,999,9.62062062062062
885,113,9.75028248587571,8.53097345132743,998,9.61222444889779
883,116,9.76896942242356,8.53448275862069,999,9.62562562562563
887,110,9.78354002254791,8.57272727272727,997,9.64994984954865
890,108,9.77303370786517,8.59259259259259,998,9.64529058116232
885,113,9.78079096045198,8.6283185840708,998,9.6503006012024
890,109,9.77640449438202,8.63302752293578,999,9.65165165165165
889,109,9.76827896512936,8.62385321100918,998,9.64328657314629
884,115,9.78506787330317,8.6,999,9.64864864864865
887,110,9.77001127395716,8.65454545454545,997,9.6469408224674
882,117,9.76190476190476,8.64102564102564,999,9.63063063063063
880,119,9.77045454545454,8.63025210084034,999,9.63463463463463
886,113,9.76410835214447,8.65486725663717,999,9.63863863863864
881,118,9.78093076049943,8.66101694915254,999,9.64864864864865
874,125,9.7745995423341,8.656,999,9.63463463463463
872,127,9.7855504587156,8.67716535433071,999,9.64464464464464
873,126,9.78808705612829,8.64285714285714,999,9.64364364364364
876,122,9.78995433789954,8.61475409836066,998,9.64629258517034
880,117,9.79431818181818,8.62393162393162,997,9.65697091273822
879,120,9.78612059158134,8.61666666666667,999,9.64564564564565
881,116,9.79568671963678,8.63793103448276,997,9.66098294884654
887,112,9.80270574971815,8.625,999,9.67067067067067
888,111,9.81418918918919,8.59459459459459,999,9.67867867867868
884,113,9.80995475113122,8.58407079646018,997,9.67101303911735
893,105,9.82306830907055,8.57142857142857,998,9.69138276553106
887,110,9.82187147688839,8.60909090909091,997,9.68806419257773
890,108,9.82247191011236,8.57407407407407,998,9.687374749499
897,102,9.81159420289855,8.59803921568627,999,9.68768768768769
899,99,9.80756395995551,8.60606060606061,998,9.68837675350701
900,99,9.81333333333333,8.65656565656566,999,9.6986986986987
899,99,9.80645161290323,8.62626262626263,998,9.68937875751503
897,102,9.80936454849498,8.6078431372549,999,9.68668668668669
899,100,9.81423804226919,8.65,999,9.6976976976977
898,99,9.81403118040089,8.60606060606061,997,9.69408224674022
899,98,9.81535038932147,8.60204081632653,997,9.69608826479438
894,104,9.81767337807606,8.57692307692308,998,9.68837675350701
899,100,9.81979977753059,8.54,999,9.69169169169169
893,105,9.82530795072788,8.55238095238095,998,9.69138276553106
890,109,9.81460674157303,8.55963302752294,999,9.67767767767768
887,111,9.82299887260428,8.52252252252252,998,9.67835671342685
885,114,9.8316384180791,8.52631578947368,999,9.68268268268268
882,116,9.83446712018141,8.51724137931035,998,9.6813627254509
884,115,9.84162895927602,8.52173913043478,999,9.68968968968969
883,115,9.85503963759909,8.5304347826087,998,9.70240480961924
878,119,9.85876993166287,8.53781512605042,997,9.70110330992979
878,120,9.85421412300683,8.525,998,9.69438877755511
881,118,9.86606129398411,8.55084745762712,999,9.71071071071071
881,117,9.87968217934166,8.51282051282051,998,9.71943887775551
878,119,9.88382687927107,8.47899159663866,997,9.71614844533601
881,118,9.87741203178207,8.49152542372881,999,9.71371371371371
876,123,9.87899543378995,8.49593495934959,999,9.70870870870871
875,124,9.88457142857143,8.4758064516129,999,9.70970970970971
878,121,9.88041002277904,8.47933884297521,999,9.71071071071071
877,122,9.88141391106043,8.52459016393443,999,9.71571571571572
877,121,9.88369441277081,8.49586776859504,998,9.71543086172345
874,125,9.88787185354691,8.528,999,9.71771771771772
881,118,9.8955732122588,8.48305084745763,999,9.72872872872873
882,117,9.89229024943311,8.56410256410256,999,9.73673673673674
884,115,9.90610859728507,8.55652173913044,999,9.75075075075075
883,116,9.90147225368063,8.55172413793103,999,9.74474474474474
882,117,9.89342403628118,8.55555555555556,999,9.73673673673674
885,113,9.89943502824859,8.53097345132743,998,9.74448897795591
887,112,9.89177001127396,8.5,999,9.73573573573574
887,109,9.89627959413754,8.53211009174312,996,9.74698795180723
890,107,9.89775280898876,8.51401869158878,997,9.74924774322969
894,104,9.88478747203579,8.55769230769231,998,9.74649298597194
896,103,9.88616071428571,8.60194174757282,999,9.75375375375375
901,98,9.8834628190899,8.59183673469388,999,9.75675675675676
896,101,9.88950892857143,8.61386138613861,997,9.76028084252758
895,103,9.88715083798883,8.64077669902913,998,9.75851703406814
902,97,9.88470066518847,8.63917525773196,999,9.76376376376376
901,96,9.88457269700333,8.64583333333333,997,9.76529588766299
906,93,9.87637969094923,8.65591397849462,999,9.76276276276276
901,98,9.8834628190899,8.6530612244898,999,9.76276276276276
901,98,9.9023307436182,8.66326530612245,999,9.78078078078078
905,94,9.90276243093923,8.65957446808511,999,9.78578578578579
905,94,9.91823204419889,8.64893617021277,999,9.7987987987988
910,88,9.91758241758242,8.61363636363636,998,9.80260521042084
906,92,9.91832229580574,8.6195652173913,998,9.79859719438878
903,95,9.92137320044297,8.63157894736842,998,9.79859719438878
899,100,9.9265850945495,8.64,999,9.7977977977978
902,95,9.92904656319291,8.64210526315789,997,9.80641925777332
907,92,9.92171995589857,8.64130434782609,999,9.8038038038038
902,95,9.93126385809313,8.63157894736842,997,9.8074222668004
904,95,9.92588495575221,8.63157894736842,999,9.8028028028028
902,97,9.9179600886918,8.64948453608247,999,9.79479479479479
901,98,9.92230854605993,8.64285714285714,999,9.7967967967968
894,103,9.9261744966443,8.6504854368932,997,9.79438314944835
896,101,9.93191964285714,8.64356435643564,997,9.80140421263791
893,106,9.92945128779395,8.66037735849057,999,9.79479479479479
889,110,9.92913385826772,8.69090909090909,999,9.79279279279279
883,115,9.93204983012457,8.69565217391304,998,9.78957915831663
886,112,9.93453724604966,8.71428571428571,998,9.79759519038076
887,110,9.92784667418264,8.7,997,9.79237713139418
882,114,9.93197278911565,8.69298245614035,996,9.79016064257028
885,113,9.93559322033898,8.68141592920354,998,9.7935871743487
878,121,9.93507972665148,8.69421487603306,999,9.78478478478478
879,120,9.93287827076223,8.69166666666667,999,9.78378378378378
877,121,9.92588369441277,8.71900826446281,998,9.77955911823647
876,123,9.92808219178082,8.70731707317073,999,9.77777777777778
873,126,9.93241695303551,8.6984126984127,999,9.77677677677678
876,122,9.94063926940639,8.69672131147541,998,9.78857715430862
878,121,9.93507972665148,8.66942148760331,999,9.78178178178178
878,120,9.93394077448747,8.66666666666667,998,9.78156312625251
884,114,9.93552036199095,8.64912280701754,998,9.78857715430862
887,112,9.9379932356257,8.63392857142857,999,9.79179179179179
888,111,9.94369369369369,8.63063063063063,999,9.7977977977978
892,107,9.94730941704036,8.65420560747664,999,9.80880880880881
891,107,9.94725028058361,8.62616822429907,998,9.80561122244489
886,109,9.94808126410835,8.63302752293578,995,9.80402010050251
890,109,9.95280898876404,8.65137614678899,999,9.81081081081081
893,106,9.94736842105263,8.65094339622642,999,9.80980980980981
883,116,9.94677236693092,8.64655172413793,999,9.7957957957958
884,115,9.94683257918552,8.66086956521739,999,9.7987987987988
880,118,9.94545454545455,8.65254237288136,998,9.79258517034068
876,122,9.94406392694064,8.66393442622951,998,9.7875751503006
873,126,9.93928980526919,8.6984126984127,999,9.78278278278278
869,129,9.94131185270426,8.69767441860465,998,9.78056112224449
871,128,9.93915040183697,8.7109375,999,9.78178178178178
868,130,9.94239631336406,8.71538461538461,998,9.78256513026052
871,128,9.94948335246843,8.7109375,999,9.79079079079079
873,124,9.9495990836197,8.70967741935484,997,9.79538615847543
867,132,9.94809688581315,8.6969696969697,999,9.78278278278278
870,129,9.95402298850575,8.72868217054264,999,9.7957957957958
863,133,9.95712630359212,8.73684210526316,996,9.79417670682731
865,134,9.95606936416185,8.73134328358209,999,9.79179179179179
865,134,9.95260115606937,8.76119402985075,999,9.79279279279279
867,131,9.95386389850058,8.74809160305344,998,9.79559118236473
866,133,9.95612009237875,8.74436090225564,999,9.79479479479479
865,132,9.95606936416185,8.74242424242424,997,9.79538615847543
877,122,9.95667046750285,8.74590163934426,999,9.80880880880881
878,120,9.96013667425968,8.76666666666667,998,9.81663326653307
875,124,9.95771428571429,8.76612903225806,999,9.80980980980981
877,118,9.95895096921323,8.74576271186441,995,9.81507537688442
879,118,9.95904436860068,8.77966101694915,997,9.81945837512538
878,121,9.95671981776765,8.7603305785124,999,9.81181181181181
888,111,9.95720720720721,8.76576576576577,999,9.82482482482482
886,113,9.95146726862303,8.76106194690266,999,9.81681681681682
881,115,9.95119182746878,8.76521739130435,996,9.81425702811245
884,115,9.95361990950226,8.77391304347826,999,9.81781781781782
885,112,9.95480225988701,8.74107142857143,997,9.81845536609829
883,116,9.95356738391846,8.78448275862069,999,9.81781781781782
885,113,9.95706214689266,8.78761061946903,998,9.82464929859719
881,117,9.95686719636776,8.78632478632479,998,9.81963927855711
879,118,9.95676905574516,8.79661016949153,997,9.81945837512538
889,110,9.95388076490439,8.79090909090909,999,9.82582582582583
895,103,9.95642458100559,8.83495145631068,998,9.84068136272545
902,96,9.95232815964523,8.83333333333333,998,9.84468937875751
902,96,9.95011086474501,8.83333333333333,998,9.84268537074148
908,90,9.95484581497797,8.86666666666667,998,9.85671342685371
910,88,9.95274725274725,8.86363636363636,998,9.85671342685371
906,91,9.95253863134658,8.86813186813187,997,9.85356068204614
910,88,9.95274725274725,8.875,998,9.85771543086172
911,87,9.95060373216246,8.8735632183908,998,9.85671342685371
912,87,9.95285087719298,8.89655172413793,999,9.86086086086086
907,91,9.95148842337376,8.89010989010989,998,9.85470941883768
908,91,9.95154185022026,8.91208791208791,999,9.85685685685686
904,95,9.95353982300885,8.90526315789474,999,9.85385385385385
905,93,9.95469613259669,8.90322580645161,998,9.85671342685371
904,95,9.95464601769912,8.91578947368421,999,9.85585585585586
900,96,9.95444444444444,8.90625,996,9.85341365461847
907,92,9.95259095920617,8.89130434782609,999,9.85485485485485
909,90,9.95489548954895,8.9,999,9.85985985985986
913,86,9.95071193866375,8.8953488372093,999,9.85985985985986
909,89,9.94939493949395,8.92134831460674,998,9.85771543086172
911,87,9.95170142700329,8.90804597701149,998,9.86072144288577
909,88,9.94939493949395,8.88636363636364,997,9.8555667001003
913,86,9.94961664841183,8.90697674418605,999,9.85985985985986
906,91,9.95474613686534,8.89010989010989,997,9.85757271815446
905,93,9.95359116022099,8.91397849462366,998,9.85671342685371
909,90,9.95709570957096,8.91111111111111,999,9.86286286286286
904,95,9.95796460176991,8.90526315789474,999,9.85785785785786
907,92,9.95920617420066,8.90217391304348,999,9.86186186186186
908,91,9.96145374449339,8.9010989010989,999,9.86486486486486
909,89,9.96039603960396,8.89887640449438,998,9.86573146292585
913,85,9.96276013143483,8.89411764705882,998,9.87174348697395
918,80,9.96187363834423,8.9,998,9.87675350701403
915,82,9.96393442622951,8.89024390243902,997,9.87562688064193
919,80,9.96082698585419,8.8875,999,9.87487487487487
913,82,9.96166484118291,8.87804878048781,995,9.87236180904523
922,76,9.9587852494577,8.88157894736842,998,9.87675350701403
920,79,9.95869565217391,8.88607594936709,999,9.87387387387387
917,82,9.96074154852781,8.87804878048781,999,9.87187187187187
914,83,9.96061269146608,8.86746987951807,997,9.86960882647944
913,86,9.96166484118291,8.86046511627907,999,9.86686686686687
914,83,9.96280087527352,8.87951807228916,997,9.87261785356068
909,88,9.96589658965897,8.86363636363636,997,9.86860581745236
907,91,9.96582138919515,8.85714285714286,998,9.86472945891784
907,92,9.96692392502756,8.89130434782609,999,9.86786786786787
909,90,9.96369636963696,8.9,999,9.86786786786787
907,91,9.96361631753032,8.89010989010989,998,9.86573146292585
904,95,9.96128318584071,8.89473684210526,999,9.85985985985986
910,89,9.96043956043956,8.8876404494382,999,9.86486486486486
911,87,9.95938529088913,8.90804597701149,998,9.86773547094188
910,89,9.95714285714286,8.89887640449438,999,9.86286286286286
913,86,9.960569550931,8.8953488372093,999,9.86886886886887
912,86,9.9594298245614,8.90697674418605,998,9.8687374749499
907,92,9.96361631753032,8.89130434782609,999,9.86486486486486
907,91,9.96251378169791,8.9010989010989,998,9.86573146292585
908,90,9.96145374449339,8.9,998,9.86573146292585
906,93,9.96026490066225,8.90322580645161,999,9.86186186186186
907,92,9.96030871003308,8.90217391304348,999,9.86286286286286
902,95,9.96008869179601,8.92631578947368,997,9.86158475426279
902,97,9.96452328159645,8.91752577319588,999,9.86286286286286
902,96,9.97117516629712,8.91666666666667,998,9.86973947895792
903,96,9.97009966777409,8.89583333333333,999,9.86686686686687
910,89,9.97252747252747,8.8876404494382,999,9.87587587587588
909,90,9.97029702970297,8.88888888888889,999,9.87287287287287
923,76,9.96858071505959,8.85526315789474,999,9.88388388388388
924,75,9.96861471861472,8.85333333333333,999,9.88488488488488
926,73,9.96868250539957,8.87671232876712,999,9.88888888888889
923,76,9.96749729144095,8.85526315789474,999,9.88288288288288
919,79,9.96626768226333,8.87341772151899,998,9.87975951903808
918,80,9.96623093681917,8.875,998,9.87875751503006
924,74,9.96753246753247,8.89189189189189,998,9.88777555110221
920,79,9.97282608695652,8.91139240506329,999,9.88888888888889
916,82,9.97270742358079,8.92682926829268,998,9.88677354709419
915,84,9.97377049180328,8.94047619047619,999,9.88688688688689
913,85,9.973713033954,8.92941176470588,998,9.88476953907816
911,87,9.97365532381998,8.94252873563218,998,9.88376753507014
917,82,9.97491821155943,8.96341463414634,999,9.89189189189189
915,81,9.97486338797814,8.96296296296296,996,9.8925702811245
918,79,9.98039215686275,8.94936708860759,997,9.89869608826479
917,79,9.97600872410033,8.94936708860759,996,9.89457831325301
915,83,9.97595628415301,8.95180722891566,998,9.89078156312625
916,82,9.97598253275109,8.9390243902439,998,9.89078156312625
916,83,9.97379912663756,8.93975903614458,999,9.88788788788789
916,82,9.97489082969432,8.92682926829268,998,9.88877755511022
915,84,9.97158469945355,8.92857142857143,999,9.88388388388388
921,78,9.97502714440825,8.93589743589744,999,9.89389389389389
918,81,9.97276688453159,8.93827160493827,999,9.88888888888889
923,75,9.97183098591549,8.96,998,9.89579158316633
928,70,9.96875,8.95714285714286,998,9.89779559118236
927,72,9.97411003236246,8.94444444444444,999,9.8998998998999
925,73,9.97297297297297,8.94520547945205,998,9.89779559118236
924,74,9.97186147186147,8.93243243243243,998,9.89478957915832
929,70,9.97308934337998,8.94285714285714,999,9.9009009009009
930,69,9.9752688172043,8.94202898550725,999,9.9039039039039
931,68,9.97636949516649,8.94117647058824,999,9.90590590590591
937,62,9.97545357524013,8.95161290322581,999,9.91191191191191
934,65,9.97537473233405,8.96923076923077,999,9.90990990990991
935,64,9.97433155080214,8.96875,999,9.90990990990991
935,63,9.97433155080214,8.96825396825397,998,9.91082164328657
934,64,9.97858672376874,8.96875,998,9.91382765531062
938,61,9.97761194029851,8.9672131147541,999,9.91591591591592
936,62,9.98290598290598,8.96774193548387,998,9.91983967935872
939,60,9.97976570820021,8.98333333333333,999,9.91991991991992
937,62,9.982924226254,8.98387096774194,999,9.92092092092092
936,63,9.98290598290598,8.98412698412698,999,9.91991991991992
935,64,9.98395721925134,8.984375,999,9.91991991991992
937,61,9.98505869797225,8.98360655737705,998,9.92384769539078
938,61,9.98507462686567,8.98360655737705,999,9.92392392392392
938,61,9.98720682302772,8.98360655737705,999,9.92592592592593
940,59,9.98723404255319,8.98305084745763,999,9.92792792792793
939,60,9.98615548455804,8.98333333333333,999,9.92592592592593
942,57,9.98619957537155,9.0,999,9.92992992992993
942,54,9.98726114649681,9.0,996,9.93373493975904
943,56,9.98833510074231,9.0,999,9.93293293293293
942,56,9.98832271762208,9.0,998,9.93286573146293
949,50,9.98735511064278,9.0,999,9.93793793793794
947,52,9.98838437170011,9.0,999,9.93693693693694
946,52,9.99048625792812,9.0,998,9.93887775551102
945,53,9.98835978835979,9.0,998,9.93587174348697
945,54,9.98835978835979,9.0,999,9.93493493493493
944,55,9.98728813559322,9.0,999,9.93293293293293
946,53,9.98731501057082,9.0,999,9.93493493493493
948,49,9.98839662447257,9.0,997,9.93981945837513
955,44,9.98638743455497,9.0,999,9.94294294294294
953,46,9.98740818467996,9.0,999,9.94194194194194
955,44,9.98534031413613,9.0,999,9.94194194194194
949,47,9.98524762908325,9.0,996,9.93875502008032
950,48,9.98315789473684,9.0,998,9.93587174348697
948,51,9.9831223628692,9.0,999,9.93293293293293
948,51,9.9831223628692,9.0,999,9.93293293293293
946,52,9.98202959830867,9.0,998,9.93086172344689
940,56,9.98297872340425,9.0,996,9.92771084337349
942,56,9.98195329087049,9.0,998,9.92685370741483
940,57,9.98510638297872,9.0,997,9.92878635907723
938,60,9.9861407249467,9.0,998,9.92685370741483
936,62,9.98824786324786,9.0,998,9.92685370741483
933,64,9.989281886388,9.0,997,9.92577733199599
938,60,9.99040511727079,9.0,998,9.93086172344689
939,60,9.98935037273695,9.0,999,9.92992992992993
938,60,9.98827292110874,9.0,998,9.92885771543086
938,61,9.98933901918977,9.0,999,9.92892892892893
940,57,9.98936170212766,9.0,997,9.93279839518556
943,56,9.99045599151644,9.0,999,9.93493493493493
939,58,9.99041533546326,9.0,997,9.93279839518556
940,58,9.99148936170213,9.0,998,9.93386773547094
941,58,9.99149840595112,9.0,999,9.93393393393393
938,58,9.99147121535181,9.0,996,9.93373493975904
940,58,9.99148936170213,9.0,998,9.93386773547094
938,59,9.99147121535181,9.0,997,9.93279839518556
938,60,9.99360341151386,9.0,998,9.93386773547094
935,60,9.99358288770054,9.0,995,9.93366834170854
939,60,9.99254526091587,9.0,999,9.93293293293293
946,53,9.99260042283298,9.0,999,9.93993993993994
943,55,9.99257688229056,9.0,998,9.93787575150301
946,53,9.99260042283298,9.0,999,9.93993993993994
949,49,9.99262381454162,9.0,998,9.9438877755511
945,54,9.99047619047619,9.0,999,9.93693693693694
950,49,9.99157894736842,9.0,999,9.94294294294294
947,52,9.99260823653643,9.0,999,9.94094094094094
948,51,9.99050632911392,9.0,999,9.93993993993994
952,47,9.9905462184874,9.0,999,9.94394394394394
950,49,9.98947368421053,9.0,999,9.94094094094094
947,49,9.98944033790919,9.0,996,9.94076305220884
949,50,9.98735511064278,9.0,999,9.93793793793794
947,50,9.98732840549102,9.0,997,9.93781344032096
952,46,9.98529411764706,9.0,998,9.93987975951904
954,45,9.98427672955975,9.0,999,9.93993993993994
953,46,9.98740818467996,9.0,999,9.94194194194194
959,40,9.98852971845672,9.0,999,9.94894894894895
959,40,9.98852971845672,9.0,999,9.94894894894895
957,42,9.98850574712644,9.0,999,9.94694694694695
950,48,9.98947368421053,9.0,998,9.94188376753507
950,48,9.99052631578947,9.0,998,9.94288577154309
946,50,9.99048625792812,9.0,996,9.94076305220884
948,51,9.9915611814346,9.0,999,9.94094094094094
949,48,9.99262381454162,9.0,997,9.94483450351053
947,50,9.99155227032735,9.0,997,9.94182547642929
948,49,9.99261603375527,9.0,997,9.94383149448345
949,50,9.99262381454162,9.0,999,9.94294294294294
951,48,9.99263932702418,9.0,999,9.94494494494494
950,49,9.99263157894737,9.0,999,9.94394394394394
948,50,9.99261603375527,9.0,998,9.94288577154309
953,46,9.99265477439664,9.0,999,9.94694694694695
955,44,9.99267015706806,9.0,999,9.94894894894895
953,46,9.99265477439664,9.0,999,9.94694694694695
955,44,9.99267015706806,9.0,999,9.94894894894895
956,43,9.99267782426778,9.0,999,9.94994994994995
953,45,9.99160545645331,9.0,998,9.94689378757515
955,43,9.99162303664921,9.0,998,9.94889779559118
959,40,9.99165797705944,9.0,999,9.95195195195195
959,40,9.99270072992701,9.0,999,9.95295295295295
959,40,9.99061522419187,9.0,999,9.95095095095095
957,42,9.98955067920585,9.0,999,9.94794794794795
957,41,9.98746081504702,9.0,998,9.94689378757515
957,42,9.98537095088819,9.0,999,9.94394394394394
960,39,9.98541666666667,9.0,999,9.94694694694695
960,37,9.98645833333333,9.0,997,9.94984954864594
958,41,9.98643006263048,9.0,999,9.94594594594595
958,40,9.98434237995825,9.0,998,9.94488977955912
954,42,9.98637316561845,9.0,996,9.94477911646586
956,43,9.98640167364017,9.0,999,9.94394394394394
958,40,9.98434237995825,9.0,998,9.94488977955912
955,44,9.98324607329843,9.0,999,9.93993993993994
959,40,9.98123044838373,9.0,999,9.94194194194194
957,40,9.98014629049112,9.0,997,9.94082246740221
961,38,9.97918834547347,9.0,999,9.94194194194194
958,38,9.97912317327766,9.0,996,9.94176706827309
962,35,9.97920997920998,9.0,997,9.94483450351053
963,36,9.98130841121495,9.0,999,9.94594594594595
964,35,9.98236514522821,9.0,999,9.94794794794795
964,34,9.98236514522821,9.0,998,9.94889779559118
958,40,9.98225469728601,9.0,998,9.94288577154309
963,36,9.98442367601246,9.0,999,9.94894894894895
959,40,9.98331595411887,9.0,999,9.94394394394394
959,40,9.98331595411887,9.0,999,9.94394394394394
958,40,9.98329853862213,9.0,998,9.9438877755511
957,42,9.98328108672936,9.0,999,9.94194194194194
955,40,9.98324607329843,9.0,995,9.94371859296482
957,40,9.98328108672936,9.0,997,9.94383149448345
959,40,9.98331595411887,9.0,999,9.94394394394394
958,41,9.98121085594989,9.0,999,9.94094094094094
961,38,9.98126951092612,9.0,999,9.94394394394394
958,39,9.98434237995825,9.0,997,9.94583751253761
960,39,9.98229166666667,9.0,999,9.94394394394394
953,44,9.98321091290661,9.0,997,9.93981945837513
951,47,9.98212407991588,9.0,998,9.93587174348697
953,44,9.9800629590766,9.0,997,9.93681043129388
953,46,9.97796432318993,9.0,999,9.93293293293293
956,42,9.97698744769875,9.0,998,9.93587174348697
955,43,9.98010471204188,9.0,998,9.93787575150301
955,44,9.98115183246073,9.0,999,9.93793793793794
951,47,9.98002103049422,9.0,998,9.93386773547094
954,45,9.9832285115304,9.0,999,9.93893893893894
954,44,9.9853249475891,9.0,998,9.94188376753507
954,44,9.9853249475891,9.0,998,9.94188376753507
961,38,9.98647242455775,9.0,999,9.94894894894895
963,36,9.98857736240914,9.0,999,9.95295295295295
966,32,9.98861283643892,9.0,998,9.95691382765531
967,32,9.98862461220269,9.0,999,9.95695695695696
965,32,9.98860103626943,9.0,997,9.95687061183551
963,35,9.98961578400831,9.0,998,9.95490981963928
959,40,9.9895724713243,9.0,999,9.94994994994995
958,40,9.98956158663883,9.0,998,9.9498997995992
955,43,9.99162303664921,9.0,998,9.94889779559118
959,40,9.99061522419187,9.0,999,9.95095095095095
960,39,9.98958333333333,9.0,999,9.95095095095095
959,40,9.98852971845672,9.0,999,9.94894894894895
960,39,9.98854166666667,9.0,999,9.94994994994995
961,38,9.98647242455775,9.0,999,9.94894894894895
962,37,9.98544698544699,9.0,999,9.94894894894895
958,41,9.98538622129436,9.0,999,9.94494494494494
956,41,9.98430962343096,9.0,997,9.94383149448345
957,42,9.98641588296761,9.0,999,9.94494494494494
958,41,9.98538622129436,9.0,999,9.94494494494494
956,42,9.98430962343096,9.0,998,9.94288577154309
955,44,9.98638743455497,9.0,999,9.94294294294294
959,40,9.98852971845672,9.0,999,9.94894894894895
957,42,9.98850574712644,9.0,999,9.94694694694695
960,39,9.98958333333333,9.0,999,9.95095095095095
960,38,9.98958333333333,9.0,998,9.95190380761523
962,35,9.99064449064449,9.0,997,9.95586760280842
967,32,9.99069286452947,9.0,999,9.95895895895896
964,34,9.99066390041494,9.0,998,9.95691382765531
964,34,9.99066390041494,9.0,998,9.95691382765531
966,33,9.99275362318841,9.0,999,9.95995995995996
970,27,9.99484536082474,9.0,997,9.9679037111334
967,30,9.99482936918304,9.0,997,9.96489468405216
970,29,9.99484536082474,9.0,999,9.96596596596597
971,26,9.99588053553038,9.0,997,9.96990972918756
972,26,9.99588477366255,9.0,998,9.96993987975952
973,24,9.99486125385406,9.0,997,9.97091273821464
973,26,9.99486125385406,9.0,999,9.96896896896897
972,27,9.99588477366255,9.0,999,9.96896896896897
969,28,9.99484004127967,9.0,997,9.96690070210632
968,31,9.9948347107438,9.0,999,9.96396396396396
964,33,9.9948132780083,9.0,997,9.96188565697091
965,34,9.99481865284974,9.0,999,9.96096096096096
967,32,9.99379524301965,9.0,999,9.96196196196196
965,34,9.99585492227979,9.0,999,9.96196196196196
963,35,9.99480789200415,9.0,998,9.95991983967936
963,35,9.99376947040498,9.0,998,9.95891783567134
961,38,9.99375650364204,9.0,999,9.95595595595596
963,36,9.99273104880582,9.0,999,9.95695695695696
957,41,9.9926854754441,9.0,998,9.95190380761523
954,44,9.99266247379455,9.0,998,9.94889779559118
951,48,9.99263932702418,9.0,999,9.94494494494494
950,48,9.99263157894737,9.0,998,9.94488977955912
949,48,9.99157007376185,9.0,997,9.94383149448345
953,43,9.99160545645331,9.0,996,9.94879518072289
956,43,9.99058577405858,9.0,999,9.94794794794795
953,45,9.98950682056663,9.0,998,9.94488977955912
951,46,9.99158780231335,9.0,997,9.94583751253761
952,47,9.99264705882353,9.0,999,9.94594594594595
953,45,9.99160545645331,9.0,998,9.94689378757515
950,47,9.99157894736842,9.0,997,9.94483450351053
955,44,9.99267015706806,9.0,999,9.94894894894895
954,45,9.9916142557652,9.0,999,9.94694694694695
950,48,9.99473684210526,9.0,998,9.94689378757515
950,49,9.99578947368421,9.0,999,9.94694694694695
947,51,9.99472016895459,9.0,998,9.9438877755511
948,51,9.99367088607595,9.0,999,9.94294294294294
952,47,9.99264705882353,9.0,999,9.94594594594595
955,43,9.99267015706806,9.0,998,9.9498997995992
954,44,9.99266247379455,9.0,998,9.94889779559118
954,45,9.99266247379455,9.0,999,9.94794794794795
957,41,9.99373040752351,9.0,998,9.95290581162325
954,44,9.9937106918239,9.0,998,9.9498997995992
954,45,9.99475890985325,9.0,999,9.94994994994995
949,48,9.99473129610116,9.0,997,9.94684052156469
954,45,9.99475890985325,9.0,999,9.94994994994995
948,50,9.9957805907173,9.0,998,9.94589178356713
948,51,9.99683544303798,9.0,999,9.94594594594595
947,52,9.99683210137276,9.0,999,9.94494494494494
949,48,9.9968387776607,9.0,997,9.94884653961886
955,44,9.99685863874346,9.0,999,9.95295295295295
953,46,9.99685204616999,9.0,999,9.95095095095095
951,47,9.99684542586751,9.0,998,9.9498997995992
949,49,9.99789251844046,9.0,998,9.94889779559118
952,47,9.99789915966386,9.0,999,9.95095095095095
953,45,9.99790136411333,9.0,998,9.95290581162325
954,45,9.99895178197065,9.0,999,9.95395395395395
953,45,9.99790136411333,9.0,998,9.95290581162325
952,45,9.99894957983193,9.0,997,9.95386158475426
951,44,9.99789695057834,9.0,995,9.95376884422111
955,44,9.9979057591623,9.0,999,9.95395395395395
956,42,9.9979079497908,9.0,998,9.95591182364729
957,41,9.99686520376176,9.0,998,9.95591182364729
957,42,9.99686520376176,9.0,999,9.95495495495495
959,40,9.99582898852972,9.0,999,9.95595595595596
959,37,9.99687174139729,9.0,996,9.95983935742972
961,38,9.99791883454735,9.0,999,9.95995995995996
962,37,9.997920997921,9.0,999,9.96096096096096
958,41,9.99791231732777,9.0,999,9.95695695695696
954,42,9.9979035639413,9.0,996,9.95582329317269
955,44,9.9979057591623,9.0,999,9.95395395395395
958,41,9.99895615866388,9.0,999,9.95795795795796
962,34,9.9989604989605,9.0,996,9.964859437751
967,29,9.99896587383661,9.0,996,9.96987951807229
967,30,9.99896587383661,9.0,997,9.96890672016048
968,29,9.99896694214876,9.0,997,9.96990972918756
967,31,9.99896587383661,9.0,998,9.96793587174349
971,25,10.0,9.0,996,9.97489959839357
971,27,10.0,9.0,998,9.97294589178357
974,24,10.0,9.0,998,9.97595190380762
972,26,10.0,9.0,998,9.97394789579158
975,23,10.0,9.0,998,9.97695390781563
973,23,10.0,9.0,996,9.97690763052209
974,24,10.0,9.0,998,9.97595190380762
975,24,10.0,9.0,999,9.97597597597598
975,24,10.0,9.0,999,9.97597597597598
972,26,10.0,9.0,998,9.97394789579158
973,26,10.0,9.0,999,9.97397397397397
975,24,10.0,9.0,999,9.97597597597598
973,26,10.0,9.0,999,9.97397397397397
975,24,10.0,9.0,999,9.97597597597598
973,25,10.0,9.0,998,9.9749498997996
970,27,10.0,9.0,997,9.97291875626881
975,24,10.0,9.0,999,9.97597597597598
973,25,10.0,9.0,998,9.9749498997996
975,23,10.0,9.0,998,9.97695390781563
977,21,10.0,9.0,998,9.97895791583166
980,19,10.0,9.0,999,9.98098098098098
977,20,10.0,9.0,997,9.97993981945837
978,20,10.0,9.0,998,9.97995991983968
980,19,10.0,9.0,999,9.98098098098098
978,21,10.0,9.0,999,9.97897897897898
978,21,10.0,9.0,999,9.97897897897898
978,21,10.0,9.0,999,9.97897897897898
978,20,10.0,9.0,998,9.97995991983968
974,23,10.0,9.0,997,9.97693079237713
975,23,10.0,9.0,998,9.97695390781563
974,24,10.0,9.0,998,9.97595190380762
971,28,10.0,9.0,999,9.97197197197197
973,26,10.0,9.0,999,9.97397397397397
969,29,10.0,9.0,998,9.97094188376754
969,29,10.0,9.0,998,9.97094188376754
969,30,10.0,9.0,999,9.96996996996997
967,32,10.0,9.0,999,9.96796796796797
969,30,10.0,9.0,999,9.96996996996997
969,30,10.0,9.0,999,9.96996996996997
970,28,10.0,9.0,998,9.97194388777555
972,27,10.0,9.0,999,9.97297297297297
970,29,10.0,9.0,999,9.97097097097097
972,27,10.0,9.0,999,9.97297297297297
966,31,10.0,9.0,997,9.96890672016048
971,28,10.0,9.0,999,9.97197197197197
972,27,10.0,9.0,999,9.97297297297297
971,28,10.0,9.0,999,9.97197197197197
972,27,10.0,9.0,999,9.97297297297297
972,27,10.0,9.0,999,9.97297297297297
972,27,10.0,9.0,999,9.97297297297297
968,28,10.0,9.0,996,9.9718875502008
970,29,10.0,9.0,999,9.97097097097097
972,27,10.0,9.0,999,9.97297297297297
971,28,10.0,9.0,999,9.97197197197197
970,28,10.0,9.0,998,9.97194388777555
967,32,10.0,9.0,999,9.96796796796797
965,33,10.0,9.0,998,9.96693386773547
968,31,10.0,9.0,999,9.96896896896897
967,32,10.0,9.0,999,9.96796796796797
965,33,10.0,9.0,998,9.96693386773547
966,33,10.0,9.0,999,9.96696696696697
965,32,10.0,9.0,997,9.9679037111334
962,37,10.0,9.0,999,9.96296296296296
965,34,10.0,9.0,999,9.96596596596597
963,34,10.0,9.0,997,9.96589769307924
962,37,10.0,9.0,999,9.96296296296296
961,38,10.0,9.0,999,9.96196196196196
962,37,10.0,9.0,999,9.96296296296296
963,36,10.0,9.0,999,9.96396396396396
962,37,10.0,9.0,999,9.96296296296296
962,36,10.0,9.0,998,9.96392785571142
966,33,10.0,9.0,999,9.96696696696697
967,30,10.0,9.0,997,9.96990972918756
968,31,10.0,9.0,999,9.96896896896897
968,29,10.0,9.0,997,9.97091273821464
970,29,10.0,9.0,999,9.97097097097097
971,28,10.0,9.0,999,9.97197197197197
972,27,10.0,9.0,999,9.97297297297297
973,26,10.0,9.0,999,9.97397397397397
973,25,10.0,9.0,998,9.9749498997996
973,24,10.0,9.0,997,9.97592778335005
975,23,10.0,9.0,998,9.97695390781563
974,22,10.0,9.0,996,9.97791164658635
976,23,10.0,9.0,999,9.97697697697698
976,22,10.0,9.0,998,9.97795591182365
974,25,10.0,9.0,999,9.97497497497497
975,24,10.0,9.0,999,9.97597597597598
972,26,10.0,9.0,998,9.97394789579158
971,26,10.0,9.0,997,9.97392176529589
969,28,10.0,9.0,997,9.97191574724173
968,31,10.0,9.0,999,9.96896896896897
973,26,10.0,9.0,999,9.97397397397397
971,27,10.0,9.0,998,9.97294589178357
971,27,10.0,9.0,998,9.97294589178357
975,24,10.0,9.0,999,9.97597597597598
974,24,10.0,9.0,998,9.97595190380762
976,22,10.0,9.0,998,9.97795591182365
976,22,10.0,9.0,998,9.97795591182365
974,23,10.0,9.0,997,9.97693079237713
976,23,10.0,9.0,999,9.97697697697698
976,23,10.0,9.0,999,9.97697697697698
976,22,10.0,9.0,998,9.97795591182365
976,23,10.0,9.0,999,9.97697697697698
975,24,10.0,9.0,999,9.97597597597598
978,21,10.0,9.0,999,9.97897897897898
977,19,10.0,9.0,996,9.98092369477912
978,19,10.0,9.0,997,9.98094282848546
980,19,10.0,9.0,999,9.98098098098098
979,20,10.0,9.0,999,9.97997997997998
978,21,10.0,9.0,999,9.97897897897898
979,20,10.0,9.0,999,9.97997997997998
976,23,10.0,9.0,999,9.97697697697698
975,24,10.0,9.0,999,9.97597597597598
972,26,10.0,9.0,998,9.97394789579158
971,28,10.0,9.0,999,9.97197197197197
973,25,10.0,9.0,998,9.9749498997996
973,25,10.0,9.0,998,9.9749498997996
971,25,10.0,9.0,996,9.97489959839357
973,26,10.0,9.0,999,9.97397397397397
972,27,10.0,9.0,999,9.97297297297297
973,26,10.0,9.0,999,9.97397397397397
973,26,10.0,9.0,999,9.97397397397397
976,23,10.0,9.0,999,9.97697697697698
976,23,10.0,9.0,999,9.97697697697698
974,24,10.0,9.0,998,9.97595190380762
973,25,10.0,9.0,998,9.9749498997996
972,24,10.0,9.0,996,9.97590361445783
973,23,10.0,9.0,996,9.97690763052209
978,21,10.0,9.0,999,9.97897897897898
978,21,10.0,9.0,999,9.97897897897898
976,22,10.0,9.0,998,9.97795591182365
979,20,10.0,9.0,999,9.97997997997998
977,20,10.0,9.0,997,9.97993981945837
980,16,10.0,9.0,996,9.98393574297189
983,16,10.0,9.0,999,9.98398398398398
984,15,10.0,9.0,999,9.98498498498498
984,15,10.0,9.0,999,9.98498498498498
985,14,10.0,9.0,999,9.98598598598599
985,14,10.0,9.0,999,9.98598598598599
982,17,10.0,9.0,999,9.98298298298298
981,18,10.0,9.0,999,9.98198198198198
978,19,10.0,9.0,997,9.98094282848546
981,18,10.0,9.0,999,9.98198198198198
982,17,10.0,9.0,999,9.98298298298298
982,17,10.0,9.0,999,9.98298298298298
982,16,10.0,9.0,998,9.98396793587174
982,17,10.0,9.0,999,9.98298298298298
983,15,10.0,9.0,998,9.98496993987976
981,17,10.0,9.0,998,9.98296593186373
981,18,10.0,9.0,999,9.98198198198198
981,16,10.0,9.0,997,9.9839518555667
983,16,10.0,9.0,999,9.98398398398398
982,16,10.0,9.0,998,9.98396793587174
981,17,10.0,9.0,998,9.98296593186373
979,17,10.0,9.0,996,9.98293172690763
979,19,10.0,9.0,998,9.9809619238477
981,18,10.0,9.0,999,9.98198198198198
980,19,10.0,9.0,999,9.98098098098098
979,20,10.0,9.0,999,9.97997997997998
977,20,10.0,9.0,997,9.97993981945837
977,22,10.0,9.0,999,9.97797797797798
976,22,10.0,9.0,998,9.97795591182365
970,26,10.0,9.0,996,9.97389558232932
974,23,10.0,9.0,997,9.97693079237713
975,24,10.0,9.0,999,9.97597597597598
974,25,10.0,9.0,999,9.97497497497497
975,24,10.0,9.0,999,9.97597597597598
973,25,10.0,9.0,998,9.9749498997996
976,23,10.0,9.0,999,9.97697697697698
972,26,10.0,9.0,998,9.97394789579158
971,27,10.0,9.0,998,9.97294589178357
968,30,10.0,9.0,998,9.96993987975952
969,30,10.0,9.0,999,9.96996996996997
973,25,10.0,9.0,998,9.9749498997996
970,27,10.0,9.0,997,9.97291875626881
975,24,10.0,9.0,999,9.97597597597598
974,24,10.0,9.0,998,9.97595190380762
974,24,10.0,9.0,998,9.97595190380762
976,23,10.0,9.0,999,9.97697697697698
972,26,10.0,9.0,998,9.97394789579158
972,26,10.0,9.0,998,9.97394789579158
976,23,10.0,9.0,999,9.97697697697698
976,23,10.0,9.0,999,9.97697697697698
977,21,10.0,9.0,998,9.97895791583166
980,19,10.0,9.0,999,9.98098098098098
977,21,10.0,9.0,998,9.97895791583166
978,20,10.0,9.0,998,9.97995991983968
978,20,10.0,9.0,998,9.97995991983968
978,21,10.0,9.0,999,9.97897897897898
981,18,10.0,9.0,999,9.98198198198198
981,17,10.0,9.0,998,9.98296593186373
984,14,10.0,9.0,998,9.98597194388778
983,14,10.0,9.0,997,9.98595787362086
983,15,10.0,9.0,998,9.98496993987976
984,14,10.0,9.0,998,9.98597194388778
984,14,10.0,9.0,998,9.98597194388778
984,15,10.0,9.0,999,9.98498498498498
986,13,10.0,9.0,999,9.98698698698699
985,14,10.0,9.0,999,9.98598598598599
978,15,10.0,9.0,993,9.98489425981873
982,15,10.0,9.0,997,9.98495486459378
983,15,10.0,9.0,998,9.98496993987976
983,16,10.0,9.0,999,9.98398398398398
983,16,10.0,9.0,999,9.98398398398398
982,17,10.0,9.0,999,9.98298298298298
980,19,10.0,9.0,999,9.98098098098098
982,16,10.0,9.0,998,9.98396793587174
983,15,10.0,9.0,998,9.98496993987976
981,17,10.0,9.0,998,9.98296593186373
981,17,10.0,9.0,998,9.98296593186373
979,18,10.0,9.0,997,9.98194583751254
980,19,10.0,9.0,999,9.98098098098098
979,20,10.0,9.0,999,9.97997997997998
981,17,10.0,9.0,998,9.98296593186373
981,16,10.0,9.0,997,9.9839518555667
981,17,10.0,9.0,998,9.98296593186373
980,18,10.0,9.0,998,9.98196392785571
979,18,10.0,9.0,997,9.98194583751254
981,18,10.0,9.0,999,9.98198198198198
