forward_num,reverse_num,forward_rate,reverse_rate,organism_num,organism_rate
500,500,5.5,5.5,1000,5.5
494,494,5.51417004048583,5.52429149797571,988,5.51923076923077
491,493,5.5213849287169,5.52535496957404,984,5.52337398373984
488,492,5.52254098360656,5.51626016260163,980,5.51938775510204
488,492,5.52254098360656,5.51626016260163,980,5.51938775510204
489,490,5.50306748466258,5.51836734693878,979,5.51072522982635
516,477,5.7093023255814,5.54716981132075,993,5.63141993957704
527,470,5.73434535104364,5.56595744680851,997,5.65496489468405
537,456,5.73370577281192,5.56578947368421,993,5.65659617321249
522,471,5.72030651340996,5.67515923566879,993,5.69889224572004
519,470,5.71098265895954,5.67872340425532,989,5.69565217391304
549,447,5.72131147540984,5.67337807606264,996,5.69979919678715
541,452,5.78558225508318,5.70353982300885,993,5.74823766364552
540,449,5.75925925925926,5.69265033407572,989,5.72901921132457
558,439,5.8010752688172,5.67425968109339,997,5.74523570712136
552,445,5.81702898550725,5.66067415730337,997,5.74724172517553
554,442,5.84476534296029,5.69230769230769,996,5.77710843373494
547,448,5.89213893967093,5.77232142857143,995,5.83819095477387
543,445,5.90055248618784,5.77303370786517,988,5.84311740890688
542,443,5.89667896678967,5.78103837471783,985,5.84467005076142
540,443,5.88148148148148,5.77200902934537,983,5.83214649033571
568,429,5.64964788732394,5.7995337995338,997,5.71414242728185
600,399,5.81333333333333,5.87468671679198,999,5.83783783783784
586,407,5.83617747440273,5.92383292383292,993,5.87210473313192
583,407,5.84391080617496,5.94348894348894,990,5.88484848484848
579,419,5.84628670120898,6.01670644391408,998,5.91783567134269
575,415,5.84695652173913,6.03855421686747,990,5.92727272727273
579,419,5.87219343696028,5.98806682577566,998,5.92084168336673
585,409,5.98119658119658,5.87775061124694,994,5.93863179074447
591,401,5.98646362098139,5.87531172069825,992,5.94153225806452
587,409,5.98977853492334,5.86308068459658,996,5.93775100401606
575,422,5.97913043478261,5.84123222748815,997,5.92076228686058
585,411,5.93162393162393,5.83698296836983,996,5.8925702811245
582,417,5.99484536082474,5.93764988009592,999,5.97097097097097
571,422,5.98598949211909,5.98815165876777,993,5.98690835850957
582,411,6.01546391752577,5.96350364963504,993,5.99395770392749
594,400,6.08080808080808,5.9675,994,6.03521126760563
594,400,6.08754208754209,5.9925,994,6.04929577464789
595,402,6.13445378151261,5.98756218905473,997,6.07522567703109
587,403,6.11584327086882,5.99751861042184,990,6.06767676767677
589,401,6.09507640067912,6.00997506234414,990,6.06060606060606
589,406,6.07979626485569,6.0320197044335,995,6.06030150753769
609,389,6.00821018062397,6.06169665809769,998,6.02905811623246
618,379,6.11488673139159,6.07915567282322,997,6.10130391173521
607,390,6.10708401976936,6.08717948717949,997,6.09929789368104
597,397,6.107202680067,6.06297229219144,994,6.08953722334004
600,397,6.11166666666667,6.07304785894207,997,6.0962888665998
599,395,6.11686143572621,6.08101265822785,994,6.10261569416499
604,395,6.16887417218543,6.11392405063291,999,6.14714714714715
613,385,6.22022838499184,6.19480519480519,998,6.21042084168337
617,381,6.24959481361426,6.20209973753281,998,6.2314629258517
609,381,6.24794745484401,6.19685039370079,990,6.22828282828283
615,382,6.22926829268293,6.20418848167539,997,6.21965897693079
619,379,6.20032310177706,6.24802110817942,998,6.2184368737475
614,385,6.23452768729642,6.1974025974026,999,6.22022022022022
611,388,6.24549918166939,6.18041237113402,999,6.22022022022022
612,386,6.27777777777778,6.17098445595855,998,6.23647294589178
608,383,6.28125,6.19582245430809,991,6.24823410696266
607,390,6.28995057660626,6.1948717948718,997,6.25275827482447
606,391,6.32178217821782,6.22506393861893,997,6.28385155466399
600,395,6.32166666666667,6.2253164556962,995,6.28341708542714
596,397,6.31375838926174,6.20906801007557,993,6.27190332326284
607,392,6.25864909390445,6.21683673469388,999,6.24224224224224
614,384,6.26058631921824,6.19791666666667,998,6.23647294589178
620,376,6.30483870967742,6.17021276595745,996,6.25401606425703
614,382,6.28827361563518,6.20157068062827,996,6.25502008032128
605,394,6.29752066115702,6.25380710659898,999,6.28028028028028
605,389,6.27933884297521,6.24935732647815,994,6.26760563380282
605,390,6.27272727272727,6.24871794871795,995,6.26331658291457
620,377,6.30645161290323,6.28381962864721,997,6.29789368104313
619,376,6.31502423263328,6.26063829787234,995,6.29447236180904
622,373,6.30064308681672,6.26809651474531,995,6.28844221105528
618,368,6.3042071197411,6.26358695652174,986,6.28904665314402
627,369,6.28389154704944,6.26287262872629,996,6.27610441767068
630,367,6.32063492063492,6.30245231607629,997,6.31394182547643
620,377,6.30483870967742,6.27851458885942,997,6.29488465396189
621,378,6.31078904991948,6.29365079365079,999,6.3043043043043
625,372,6.2768,6.29032258064516,997,6.28184553660983
623,367,6.26484751203852,6.26975476839237,990,6.26666666666667
628,367,6.26114649681529,6.26702997275204,995,6.26331658291457
630,362,6.28571428571429,6.22375690607735,992,6.26310483870968
628,365,6.29617834394904,6.24109589041096,993,6.27593152064451
628,368,6.29936305732484,6.21195652173913,996,6.26706827309237
638,360,6.28213166144201,6.16666666666667,998,6.24048096192385
643,355,6.31104199066874,6.15774647887324,998,6.2565130260521
647,349,6.34930448222566,6.13467048710602,996,6.27409638554217
644,349,6.33695652173913,6.13753581661891,993,6.26686807653575
642,352,6.34890965732087,6.14488636363636,994,6.27665995975855
643,350,6.34059097978227,6.15714285714286,993,6.27593152064451
639,354,6.3489827856025,6.15254237288136,993,6.27895266868077
653,345,6.40428790199081,6.12463768115942,998,6.30761523046092
645,344,6.4015503875969,6.11337209302326,989,6.30131445904954
648,350,6.40586419753086,6.12857142857143,998,6.30861723446894
641,350,6.4009360374415,6.14571428571429,991,6.31079717457114
650,346,6.37692307692308,6.13583815028902,996,6.29317269076305
651,345,6.41013824884793,6.11884057971015,996,6.30923694779116
649,346,6.4191063174114,6.13583815028902,995,6.32060301507538
653,345,6.43491577335375,6.13333333333333,998,6.33066132264529
651,346,6.40706605222734,6.14161849710983,997,6.31494483450351
646,347,6.41176470588235,6.13544668587896,993,6.31520644511581
653,345,6.41194486983155,6.14782608695652,998,6.32064128256513
650,347,6.39384615384615,6.10951008645533,997,6.29488465396189
645,348,6.37984496124031,6.12068965517241,993,6.28902316213494
644,349,6.37422360248447,6.12320916905444,993,6.28600201409869
658,339,6.36474164133739,6.14454277286136,997,6.28986960882648
664,331,6.39307228915663,6.12084592145015,995,6.30251256281407
667,328,6.40629685157421,6.11585365853659,995,6.3105527638191
663,334,6.38914027149321,6.13173652694611,997,6.30290872617854
660,336,6.36515151515152,6.13690476190476,996,6.28815261044177
657,338,6.36986301369863,6.10059171597633,995,6.278391959799
660,335,6.37272727272727,6.08358208955224,995,6.27537688442211
670,328,6.40149253731343,6.03963414634146,998,6.28256513026052
671,325,6.41132637853949,6.04615384615385,996,6.29216867469879
671,324,6.41877794336811,6.06481481481481,995,6.3035175879397
672,326,6.41369047619048,6.07975460122699,998,6.30460921843687
671,327,6.39791356184799,6.07951070336391,998,6.2935871743487
668,327,6.42065868263473,6.10703363914373,995,6.31758793969849
674,324,6.42878338278932,6.12345679012346,998,6.32965931863727
679,320,6.42562592047128,6.153125,999,6.33833833833834
675,320,6.41037037037037,6.15625,995,6.3286432160804
672,324,6.42410714285714,6.14506172839506,996,6.33333333333333
675,322,6.40296296296296,6.14596273291925,997,6.31995987963892
670,324,6.41194029850746,6.15740740740741,994,6.32897384305835
671,322,6.40387481371088,6.16149068322981,993,6.32527693856999
680,317,6.38676470588235,6.15457413249211,997,6.31293881644935
681,314,6.3935389133627,6.1687898089172,995,6.32261306532663
685,313,6.4043795620438,6.15654952076677,998,6.32665330661323
682,312,6.40029325513196,6.13461538461539,994,6.3169014084507
681,313,6.40528634361233,6.13418530351438,994,6.31991951710262
681,315,6.41409691629956,6.11428571428571,996,6.31927710843374
678,315,6.39823008849558,6.10793650793651,993,6.30614300100705
686,311,6.38921282798834,6.09646302250804,997,6.29789368104313
691,308,6.39652677279305,6.10714285714286,999,6.30730730730731
692,298,6.39450867052023,6.09731543624161,990,6.30505050505051
696,300,6.40804597701149,6.10666666666667,996,6.31726907630522
695,303,6.38848920863309,6.10891089108911,998,6.30360721442886
690,303,6.42173913043478,6.11881188118812,993,6.32930513595166
687,306,6.42940320232897,6.10130718954248,993,6.32829808660624
687,310,6.43231441048035,6.11612903225806,997,6.33400200601805
691,306,6.42402315484805,6.11111111111111,997,6.32798395185557
689,305,6.43686502177068,6.12786885245902,994,6.3420523138833
687,308,6.43377001455604,6.13311688311688,995,6.34070351758794
691,307,6.42547033285094,6.1400651465798,998,6.3376753507014
684,307,6.42397660818713,6.1400651465798,991,6.33602421796166
684,308,6.41959064327485,6.12987012987013,992,6.32963709677419
689,306,6.41799709724238,6.14705882352941,995,6.33467336683417
697,301,6.40459110473458,6.1328903654485,998,6.32264529058116
690,302,6.41884057971015,6.13576158940397,992,6.33266129032258
695,303,6.41726618705036,6.16501650165017,998,6.34068136272545
695,302,6.43309352517986,6.15894039735099,997,6.35005015045135
694,302,6.41210374639769,6.17880794701987,996,6.34136546184739
688,303,6.42441860465116,6.17821782178218,991,6.34914228052472
690,305,6.43188405797101,6.21311475409836,995,6.36482412060302
698,300,6.43982808022923,6.20333333333333,998,6.3687374749499
695,301,6.44892086330935,6.21594684385382,996,6.3785140562249
694,300,6.45389048991354,6.22,994,6.38329979879276
695,301,6.42158273381295,6.22591362126246,996,6.36244979919679
691,298,6.4356005788712,6.21812080536913,989,6.37007077856421
692,300,6.4393063583815,6.23,992,6.37600806451613
695,299,6.43741007194245,6.22408026755853,994,6.37323943661972
697,295,6.42611190817791,6.24406779661017,992,6.37197580645161
697,292,6.42754662840746,6.25342465753425,989,6.37613751263903
702,296,6.41452991452991,6.27027027027027,998,6.37174348697395
699,296,6.41344778254649,6.21621621621622,995,6.35477386934673
695,302,6.41294964028777,6.20860927152318,997,6.35105315947844
691,304,6.39652677279305,6.23355263157895,995,6.34673366834171
693,306,6.38816738816739,6.2483660130719,999,6.34534534534535
698,297,6.36532951289398,6.27946127946128,995,6.33969849246231
697,297,6.35868005738881,6.27609427609428,994,6.33400402414487
697,298,6.37015781922525,6.29194630872483,995,6.34673366834171
697,299,6.37159253945481,6.28428093645485,996,6.34538152610442
697,298,6.3428981348637,6.28187919463087,995,6.32462311557789
695,300,6.34820143884892,6.29,995,6.33065326633166
695,301,6.35395683453237,6.30897009966777,996,6.34036144578313
697,298,6.35294117647059,6.33557046979866,995,6.34773869346734
700,297,6.35,6.33670033670034,997,6.34603811434303
699,299,6.34763948497854,6.35451505016722,998,6.3496993987976
697,299,6.32424677187948,6.34782608695652,996,6.33132530120482
698,297,6.32808022922636,6.35353535353535,995,6.3356783919598
692,300,6.32369942196532,6.35333333333333,992,6.33266129032258
694,303,6.32853025936599,6.37293729372937,997,6.3420260782347
694,299,6.335734870317,6.38127090301003,993,6.34944612286002
698,301,6.33954154727794,6.35880398671096,999,6.34534534534535
692,302,6.32803468208092,6.37748344370861,994,6.3430583501006
690,302,6.33478260869565,6.38741721854305,992,6.3508064516129
689,302,6.32946298984035,6.3841059602649,991,6.34611503531786
693,300,6.31024531024531,6.39333333333333,993,6.33534743202417
699,299,6.29041487839771,6.39130434782609,998,6.32064128256513
696,295,6.29597701149425,6.37627118644068,991,6.31987891019173
699,295,6.29613733905579,6.3728813559322,994,6.31891348088531
700,297,6.30571428571429,6.37373737373737,997,6.3259779338014
696,295,6.29597701149425,6.36610169491525,991,6.31685166498486
700,294,6.29142857142857,6.36394557823129,994,6.31287726358149
702,296,6.2977207977208,6.36824324324324,998,6.3186372745491
699,297,6.32188841201717,6.37710437710438,996,6.33835341365462
697,296,6.30989956958393,6.37162162162162,993,6.32829808660624
701,297,6.3095577746077,6.37373737373737,998,6.32865731462926
700,299,6.31428571428571,6.33444816053512,999,6.32032032032032
693,300,6.32323232323232,6.36333333333333,993,6.33534743202417
696,301,6.32327586206897,6.36544850498339,997,6.33600802407222
697,299,6.32424677187948,6.37123745819398,996,6.33835341365462
703,295,6.31294452347084,6.39661016949153,998,6.3376753507014
705,292,6.3177304964539,6.39041095890411,997,6.33901705115346
703,292,6.30867709815078,6.38356164383562,995,6.33065326633166
706,289,6.30594900849858,6.38754325259516,995,6.32964824120603
703,294,6.32005689900427,6.39115646258503,997,6.34102306920762
703,291,6.29018492176387,6.39862542955326,994,6.32193158953722
706,292,6.30311614730878,6.39383561643836,998,6.32965931863727
708,290,6.31073446327684,6.39655172413793,998,6.33567134268537
705,290,6.30780141843972,6.36206896551724,995,6.32361809045226
707,290,6.32107496463932,6.36206896551724,997,6.33299899699097
708,287,6.31779661016949,6.36585365853659,995,6.33165829145729
711,285,6.31645569620253,6.36140350877193,996,6.3293172690763
710,283,6.32253521126761,6.35335689045936,993,6.3313192346425
716,281,6.32821229050279,6.35231316725979,997,6.33500501504514
720,277,6.32638888888889,6.36823104693141,997,6.33801404212638
719,275,6.32684283727399,6.36363636363636,994,6.33702213279678
718,274,6.32451253481894,6.35766423357664,992,6.33366935483871
722,272,6.32548476454294,6.375,994,6.33903420523139
726,269,6.32782369146005,6.39776951672862,995,6.34673366834171
727,267,6.32874828060523,6.40074906367041,994,6.34808853118712
729,267,6.3360768175583,6.38951310861423,996,6.3504016064257
732,263,6.34426229508197,6.41825095057034,995,6.36381909547739
733,263,6.35470668485675,6.39923954372624,996,6.36646586345381
737,259,6.35685210312076,6.40540540540541,996,6.36947791164659
732,261,6.3620218579235,6.4176245210728,993,6.3766364551863
735,260,6.37142857142857,6.41923076923077,995,6.38391959798995
739,259,6.36671177266576,6.43243243243243,998,6.38376753507014
740,257,6.37567567567568,6.45136186770428,997,6.39518555667001
743,255,6.39030955585464,6.43137254901961,998,6.40080160320641
744,251,6.38306451612903,6.42231075697211,995,6.3929648241206
743,250,6.38896366083446,6.416,993,6.39577039274924
747,251,6.39892904953146,6.41434262948207,998,6.40280561122244
747,246,6.40428380187416,6.43089430894309,993,6.41087613293051
752,244,6.42021276595745,6.42622950819672,996,6.42168674698795
755,244,6.41721854304636,6.4344262295082,999,6.42142142142142
752,244,6.43882978723404,6.42622950819672,996,6.43574297188755
753,241,6.45816733067729,6.44813278008299,994,6.45573440643863
754,241,6.45490716180371,6.46473029045643,995,6.4572864321608
756,239,6.4484126984127,6.46025104602511,995,6.45125628140704
757,237,6.45442536327609,6.42616033755274,994,6.4476861167002
758,236,6.45910290237467,6.41949152542373,994,6.44969818913481
761,236,6.46123521681997,6.41949152542373,997,6.45135406218656
762,232,6.4750656167979,6.42241379310345,994,6.46277665995976
766,233,6.47780678851175,6.41630901287554,999,6.46346346346346
760,231,6.48157894736842,6.40692640692641,991,6.46417759838547
764,233,6.49476439790576,6.41201716738197,997,6.47542627883651
763,234,6.48885976408912,6.42735042735043,997,6.47442326980943
764,234,6.48952879581152,6.42735042735043,998,6.4749498997996
759,230,6.49934123847167,6.40434782608696,989,6.47724974721941
768,228,6.51432291666667,6.41666666666667,996,6.49196787148594
771,225,6.52788586251621,6.4,996,6.49899598393574
768,224,6.52083333333333,6.39732142857143,992,6.4929435483871
771,223,6.50324254215305,6.39013452914798,994,6.47786720321932
771,223,6.50713359273671,6.41704035874439,994,6.48692152917505
772,220,6.5,6.42727272727273,992,6.48387096774194
775,220,6.50838709677419,6.40909090909091,995,6.48643216080402
775,218,6.50838709677419,6.40366972477064,993,6.48539778449144
776,221,6.49871134020619,6.38461538461539,997,6.47342026078235
776,221,6.49355670103093,6.38461538461539,997,6.46940822467402
773,220,6.51099611901682,6.38181818181818,993,6.48237663645519
770,221,6.50649350649351,6.38461538461539,991,6.47931382441978
777,221,6.51222651222651,6.38461538461539,998,6.48396793587174
777,222,6.51351351351351,6.37387387387387,999,6.48248248248248
774,219,6.51550387596899,6.3972602739726,993,6.48942598187311
782,216,6.5,6.39351851851852,998,6.47695390781563
781,213,6.5134443021767,6.38028169014085,994,6.48490945674044
784,215,6.5140306122449,6.36744186046512,999,6.48248248248248
781,213,6.51088348271447,6.36619718309859,994,6.47987927565392
777,215,6.51093951093951,6.4,992,6.48689516129032
780,216,6.52051282051282,6.39814814814815,996,6.49397590361446
780,214,6.51794871794872,6.40654205607477,994,6.49396378269618
781,211,6.52112676056338,6.39810426540284,992,6.49495967741935
785,211,6.52229299363057,6.41706161137441,996,6.5
780,211,6.52564102564103,6.41706161137441,991,6.50252270433905
781,211,6.51984635083227,6.41706161137441,992,6.49798387096774
787,208,6.50698856416773,6.40865384615385,995,6.48643216080402
790,205,6.5126582278481,6.41463414634146,995,6.49246231155779
791,204,6.5094816687737,6.40686274509804,995,6.48844221105528
791,203,6.50189633375474,6.42364532019704,994,6.48591549295775
796,201,6.50125628140704,6.41791044776119,997,6.48445336008024
794,199,6.50251889168766,6.41206030150754,993,6.48439073514602
795,199,6.50440251572327,6.41206030150754,994,6.48591549295775
798,195,6.50501253132832,6.41025641025641,993,6.48640483383686
799,197,6.52190237797247,6.42639593908629,996,6.50301204819277
801,196,6.51310861423221,6.4234693877551,997,6.49548645937813
802,195,6.53491271820449,6.40512820512821,997,6.50952858575727
798,194,6.53258145363409,6.39175257731959,992,6.50504032258065
802,193,6.53865336658354,6.38860103626943,995,6.50954773869347
804,193,6.53731343283582,6.38860103626943,997,6.50852557673019
805,191,6.5527950310559,6.37696335078534,996,6.51907630522088
797,192,6.56712672521957,6.359375,989,6.5267947421638
805,194,6.57018633540373,6.3659793814433,999,6.53053053053053
803,190,6.57534246575342,6.36315789473684,993,6.53474320241692
805,188,6.57639751552795,6.3563829787234,993,6.53474320241692
804,188,6.58208955223881,6.36170212765957,992,6.54032258064516
807,189,6.57125154894672,6.35978835978836,996,6.53112449799197
808,188,6.58663366336634,6.37765957446809,996,6.54718875502008
807,191,6.58983890954151,6.36649214659686,998,6.54709418837675
806,190,6.57320099255583,6.38421052631579,996,6.53714859437751
803,190,6.58156911581569,6.38421052631579,993,6.54380664652568
804,189,6.57960199004975,6.37037037037037,993,6.53977844914401
806,189,6.58064516129032,6.37037037037037,995,6.54070351758794
804,190,6.58706467661692,6.34736842105263,994,6.54124748490946
807,184,6.58736059479554,6.375,991,6.54793138244198
807,185,6.59479553903346,6.37837837837838,992,6.55443548387097
813,184,6.60147601476015,6.38586956521739,997,6.5616850551655
811,183,6.60912453760789,6.39890710382514,994,6.57042253521127
813,184,6.59532595325953,6.40217391304348,997,6.55967903711133
809,184,6.59332509270705,6.40217391304348,993,6.55790533736153
813,182,6.59532595325953,6.42857142857143,995,6.56482412060302
811,185,6.59926017262639,6.43243243243243,996,6.56827309236948
811,184,6.6078914919852,6.43478260869565,995,6.57587939698492
814,184,6.61302211302211,6.39673913043478,998,6.57314629258517
809,183,6.61433868974042,6.39344262295082,992,6.57358870967742
809,182,6.61928306551298,6.39010989010989,991,6.57719475277497
807,183,6.62949194547708,6.39344262295082,990,6.58585858585859
814,183,6.62285012285012,6.37158469945355,997,6.57673019057172
807,183,6.63197026022305,6.37158469945355,990,6.58383838383838
809,186,6.62793572311496,6.36021505376344,995,6.57788944723618
813,184,6.62730627306273,6.375,997,6.58074222668004
809,185,6.6229913473424,6.37297297297297,994,6.57645875251509
810,185,6.62469135802469,6.37297297297297,995,6.57788944723618
809,186,6.62546353522868,6.37634408602151,995,6.57889447236181
808,187,6.62376237623762,6.40106951871658,995,6.58190954773869
805,188,6.6223602484472,6.38297872340426,993,6.57703927492447
806,189,6.62034739454094,6.38624338624339,995,6.57587939698492
814,184,6.63759213759214,6.39673913043478,998,6.59318637274549
809,185,6.63288009888752,6.39459459459459,994,6.58853118712274
808,184,6.63242574257426,6.39130434782609,992,6.58770161290323
811,186,6.62638717632552,6.39784946236559,997,6.58375125376128
804,187,6.62064676616915,6.36363636363636,991,6.57214934409687
803,188,6.63511830635118,6.36702127659574,991,6.58425832492432
801,190,6.63420724094881,6.37368421052632,991,6.58425832492432
804,191,6.63557213930348,6.38219895287958,995,6.58693467336683
804,189,6.63557213930348,6.38624338624339,993,6.58811681772407
807,188,6.63444857496902,6.38297872340426,995,6.58693467336683
805,185,6.62608695652174,6.4,990,6.58383838383838
810,185,6.62469135802469,6.38918918918919,995,6.58090452261307
808,182,6.62252475247525,6.37362637362637,990,6.57676767676768
808,185,6.61262376237624,6.37837837837838,993,6.56898288016113
812,184,6.61822660098522,6.39673913043478,996,6.57730923694779
809,185,6.61310259579728,6.37837837837838,994,6.56941649899396
804,185,6.60945273631841,6.37837837837838,989,6.56622851365015
808,187,6.61138613861386,6.35294117647059,995,6.56281407035176
806,190,6.61042183622829,6.34210526315789,996,6.55923694779116
803,188,6.6052303860523,6.32978723404255,991,6.55297679112008
804,189,6.6044776119403,6.33333333333333,993,6.55287009063444
807,189,6.60842627013631,6.33862433862434,996,6.55722891566265
807,187,6.60346964064436,6.36363636363636,994,6.55835010060362
806,188,6.60173697270471,6.36702127659574,994,6.55734406438632
807,188,6.5997521685254,6.36170212765957,995,6.55477386934673
803,190,6.61643835616438,6.36842105263158,993,6.56898288016113
805,190,6.61739130434783,6.36842105263158,995,6.56984924623116
803,191,6.61394769613948,6.37696335078534,994,6.56841046277666
801,190,6.62921348314607,6.37368421052632,991,6.58022199798184
803,192,6.63511830635118,6.390625,995,6.58793969849246
800,192,6.635,6.390625,992,6.58770161290323
805,191,6.63726708074534,6.36649214659686,996,6.58534136546185
803,192,6.63636363636364,6.36979166666667,995,6.58492462311558
800,192,6.6325,6.375,992,6.58266129032258
804,193,6.62437810945274,6.38860103626943,997,6.57873620862588
799,195,6.62578222778473,6.3948717948718,994,6.58048289738431
795,196,6.62641509433962,6.39795918367347,991,6.58123107971746
794,195,6.6272040302267,6.3948717948718,989,6.58139534883721
798,199,6.63408521303258,6.40201005025126,997,6.58776328986961
795,200,6.64276729559748,6.405,995,6.59497487437186
791,199,6.64348925410872,6.40201005025126,990,6.5949494949495
798,199,6.65037593984962,6.40201005025126,997,6.60080240722167
791,202,6.65739570164349,6.41089108910891,993,6.60725075528701
791,202,6.6472819216182,6.41089108910891,993,6.59919436052367
789,203,6.6425855513308,6.41379310344828,992,6.59576612903226
787,209,6.63405336721728,6.36363636363636,996,6.57730923694779
787,208,6.63532401524778,6.36057692307692,995,6.57788944723618
784,207,6.63520408163265,6.3768115942029,991,6.58123107971746
790,207,6.64303797468354,6.3768115942029,997,6.58776328986961
786,210,6.6412213740458,6.38571428571429,996,6.58734939759036
784,209,6.64158163265306,6.38277511961723,993,6.58710976837865
785,211,6.64713375796178,6.38388625592417,996,6.59136546184739
782,210,6.63554987212276,6.37619047619048,992,6.58064516129032
781,211,6.63380281690141,6.37914691943128,992,6.57963709677419
782,210,6.62531969309463,6.37619047619048,992,6.57258064516129
784,211,6.61989795918367,6.37914691943128,995,6.56884422110553
782,213,6.61892583120205,6.3849765258216,995,6.56884422110553
783,213,6.61813537675607,6.39906103286385,996,6.57128514056225
781,217,6.61843790012804,6.38709677419355,998,6.56813627254509
778,214,6.61568123393316,6.38317757009346,992,6.56552419354839
774,212,6.61111111111111,6.39622641509434,986,6.56490872210953
777,211,6.61003861003861,6.39336492890995,988,6.56376518218624
782,214,6.61125319693095,6.4018691588785,996,6.56626506024096
781,214,6.60691421254802,6.4018691588785,995,6.56281407035176
779,215,6.6007702182285,6.4046511627907,994,6.55835010060362
782,214,6.59846547314578,6.38785046728972,996,6.55321285140562
780,213,6.59615384615385,6.43192488262911,993,6.56092648539778
781,211,6.59282970550576,6.44549763033175,992,6.56149193548387
780,209,6.59358974358974,6.44497607655502,989,6.56218402426694
780,214,6.59230769230769,6.42990654205607,994,6.55734406438632
783,214,6.59259259259259,6.42523364485981,997,6.55667001003009
781,214,6.59795134443022,6.42523364485981,995,6.5608040201005
784,213,6.60076530612245,6.39906103286385,997,6.55767301905717
780,211,6.60128205128205,6.39336492890995,991,6.55701311806256
781,213,6.59795134443022,6.39906103286385,994,6.55533199195171
782,212,6.58184143222506,6.39622641509434,994,6.54225352112676
779,211,6.59178433889602,6.40758293838863,990,6.55252525252525
784,212,6.59183673469388,6.41037735849057,996,6.55321285140562
781,213,6.59026888604353,6.40845070422535,994,6.5513078470825
785,211,6.59490445859873,6.40758293838863,996,6.55522088353414
781,213,6.59154929577465,6.4131455399061,994,6.5533199195171
778,213,6.60025706940874,6.4131455399061,991,6.56004036326943
778,215,6.60411311053985,6.41860465116279,993,6.56394763343404
778,216,6.61182519280206,6.4212962962963,994,6.57042253521127
779,217,6.61103979460847,6.42396313364055,996,6.57028112449799
776,217,6.61984536082474,6.41935483870968,993,6.57603222557905
784,210,6.61479591836735,6.4,994,6.56941649899396
782,213,6.61381074168798,6.4131455399061,995,6.57085427135678
778,213,6.61182519280206,6.4131455399061,991,6.56912209889001
781,213,6.6145966709347,6.4131455399061,994,6.57142857142857
779,216,6.62772785622593,6.4212962962963,995,6.58291457286432
780,214,6.62692307692308,6.42990654205607,994,6.58450704225352
777,214,6.62676962676963,6.42523364485981,991,6.5832492431887
785,211,6.62675159235669,6.42654028436019,996,6.58433734939759
779,214,6.62901155327343,6.44392523364486,993,6.58912386706949
777,215,6.62290862290862,6.44651162790698,992,6.58467741935484
780,215,6.62307692307692,6.42790697674419,995,6.58090452261307
778,218,6.61825192802057,6.43577981651376,996,6.57831325301205
776,218,6.61726804123711,6.43577981651376,994,6.57746478873239
775,218,6.62709677419355,6.43577981651376,993,6.58509566968781
779,215,6.63414634146341,6.4093023255814,994,6.58551307847083
776,216,6.63659793814433,6.41666666666667,992,6.58870967741935
775,216,6.63612903225806,6.41666666666667,991,6.5882946518668
777,217,6.63577863577864,6.41935483870968,994,6.58853118712274
772,219,6.63730569948186,6.42465753424658,991,6.59031281533804
772,220,6.64507772020725,6.42272727272727,992,6.59576612903226
773,221,6.63389391979301,6.42533936651584,994,6.58752515090543
775,220,6.64387096774194,6.43636363636364,995,6.59798994974874
774,220,6.64857881136951,6.43636363636364,994,6.60160965794769
770,222,6.64545454545455,6.43693693693694,992,6.59879032258065
769,222,6.64499349804941,6.46846846846847,991,6.60544904137235
766,223,6.64360313315927,6.47085201793722,989,6.6046511627907
767,226,6.64537157757497,6.47345132743363,993,6.60624370594159
767,227,6.64146023468057,6.45814977973568,994,6.59959758551308
766,227,6.63968668407311,6.46255506607929,993,6.59919436052367
766,228,6.64621409921671,6.46491228070175,994,6.6046277665996
767,226,6.63885267275098,6.47787610619469,993,6.60221550855992
770,226,6.64025974025974,6.47787610619469,996,6.60341365461847
767,224,6.63885267275098,6.47321428571429,991,6.60141271442987
768,224,6.640625,6.48214285714286,992,6.60483870967742
768,224,6.640625,6.48214285714286,992,6.60483870967742
769,226,6.64239271781535,6.49115044247788,995,6.60804020100502
764,229,6.64267015706806,6.49344978165939,993,6.60825780463243
764,231,6.64921465968586,6.48051948051948,995,6.61005025125628
764,231,6.6479057591623,6.48051948051948,995,6.60904522613065
759,234,6.64558629776021,6.48717948717949,993,6.60825780463243
761,234,6.64651773981603,6.47008547008547,995,6.60502512562814
764,232,6.6413612565445,6.45258620689655,996,6.59738955823293
759,235,6.64558629776021,6.45957446808511,994,6.60160965794769
755,236,6.64370860927152,6.46186440677966,991,6.60040363269425
759,238,6.64953886693017,6.47899159663866,997,6.60882647943832
754,239,6.65119363395225,6.48117154811716,993,6.61027190332326
753,239,6.65604249667995,6.4979079497908,992,6.6179435483871
755,241,6.65562913907285,6.5103734439834,996,6.62048192771084
756,241,6.65608465608466,6.5103734439834,997,6.62086258776329
755,239,6.65827814569536,6.52301255230125,994,6.62575452716298
752,239,6.65824468085106,6.51882845188284,991,6.62462159434914
754,239,6.65384615384615,6.51882845188284,993,6.62134944612286
753,241,6.65338645418327,6.52282157676349,994,6.62173038229376
752,241,6.65425531914894,6.53941908713693,993,6.62638469284995
752,240,6.65824468085106,6.50416666666667,992,6.62096774193548
757,239,6.66050198150594,6.49372384937239,996,6.62048192771084
752,239,6.6688829787234,6.49372384937239,991,6.62663975782038
752,241,6.67021276595745,6.49377593360996,993,6.62739174219537
755,241,6.67152317880795,6.49377593360996,996,6.6285140562249
752,241,6.6781914893617,6.49377593360996,993,6.63343403826788
750,239,6.67733333333333,6.48953974895398,989,6.6319514661274
753,238,6.67197875166003,6.48739495798319,991,6.627648839556
760,237,6.67763157894737,6.50210970464135,997,6.63590772316951
752,237,6.67952127659574,6.50210970464135,989,6.63700707785642
749,239,6.68224299065421,6.48953974895398,988,6.63562753036437
754,241,6.68435013262599,6.49377593360996,995,6.63819095477387
751,240,6.68575233022637,6.49166666666667,991,6.63874873864783
752,240,6.68484042553191,6.49166666666667,992,6.63810483870968
750,243,6.68266666666667,6.48559670781893,993,6.63444108761329
753,240,6.67729083665339,6.5125,993,6.63746223564955
753,239,6.68525896414343,6.51046025104602,992,6.64314516129032
754,239,6.68302387267904,6.51046025104602,993,6.64149043303122
757,233,6.67899603698811,6.49785407725322,990,6.63636363636364
759,234,6.6798418972332,6.5042735042735,993,6.63846928499497
758,232,6.67941952506596,6.5,990,6.63737373737374
759,236,6.68115942028986,6.52542372881356,995,6.64422110552764
760,233,6.68157894736842,6.53218884120172,993,6.64652567975831
757,234,6.68031704095112,6.53418803418803,991,6.64581231079717
755,235,6.68079470198675,6.5531914893617,990,6.65050505050505
760,231,6.68552631578947,6.54978354978355,991,6.65388496468214
757,232,6.68560105680317,6.55172413793103,989,6.65419615773509
758,231,6.69129287598945,6.54978354978355,989,6.6582406471183
761,232,6.68593955321945,6.55172413793103,993,6.65458207452165
762,230,6.69028871391076,6.54782608695652,992,6.65725806451613
759,231,6.69301712779974,6.54978354978355,990,6.65959595959596
754,232,6.70159151193634,6.55172413793103,986,6.66632860040568
757,235,6.70805812417437,6.55744680851064,992,6.67237903225806
753,233,6.70517928286853,6.55793991416309,986,6.67038539553752
754,233,6.70557029177719,6.55793991416309,987,6.67071935157042
755,230,6.70596026490066,6.54782608695652,985,6.66903553299492
758,230,6.70448548812665,6.55217391304348,988,6.66902834008097
757,230,6.70541611624835,6.55652173913044,987,6.67071935157042
761,233,6.69908015768725,6.5450643776824,994,6.66297786720322
759,232,6.69301712779974,6.54310344827586,991,6.65792129162462
758,230,6.69393139841689,6.53913043478261,988,6.65789473684211
756,233,6.69312169312169,6.51931330472103,989,6.65217391304348
759,235,6.69433465085639,6.52340425531915,994,6.65392354124748
755,234,6.7112582781457,6.52136752136752,989,6.66632962588473
757,236,6.71730515191546,6.52542372881356,993,6.67170191339376
760,236,6.72236842105263,6.52118644067797,996,6.67469879518072
758,233,6.72295514511873,6.52360515021459,991,6.67608476286579
758,232,6.72295514511873,6.52155172413793,990,6.67575757575758
759,233,6.71541501976285,6.52360515021459,992,6.67036290322581
760,233,6.71578947368421,6.51502145922747,993,6.6686807653575
759,232,6.71277997364954,6.50431034482759,991,6.66397578203834
756,234,6.71693121693122,6.5042735042735,990,6.66666666666667
760,236,6.71447368421053,6.50847457627119,996,6.66566265060241
756,238,6.71428571428571,6.50840336134454,994,6.66498993963783
756,236,6.71296296296296,6.50423728813559,992,6.6633064516129
758,239,6.71372031662269,6.51046025104602,997,6.66499498495486
759,238,6.71409749670619,6.50420168067227,997,6.66399197592778
756,235,6.71296296296296,6.51914893617021,991,6.66700302724521
756,236,6.70767195767196,6.52118644067797,992,6.6633064516129
763,234,6.70511140235911,6.51709401709402,997,6.66098294884654
762,230,6.70472440944882,6.50869565217391,992,6.65927419354839
762,228,6.70472440944882,6.50438596491228,990,6.65858585858586
762,232,6.70603674540682,6.51293103448276,994,6.66096579476861
761,233,6.7030223390276,6.53218884120172,994,6.66297786720322
760,232,6.7,6.54741379310345,992,6.66431451612903
758,230,6.69920844327177,6.52608695652174,988,6.65890688259109
764,232,6.70549738219895,6.53448275862069,996,6.66566265060241
759,234,6.70487483530962,6.53846153846154,993,6.66565961732125
760,235,6.70394736842105,6.52340425531915,995,6.66130653266332
755,235,6.69801324503311,6.52765957446809,990,6.65757575757576
762,234,6.70209973753281,6.52564102564103,996,6.66064257028112
758,234,6.70052770448549,6.52564102564103,992,6.65927419354839
759,235,6.70092226613966,6.52765957446809,994,6.65995975855131
762,234,6.70603674540682,6.52991452991453,996,6.66465863453815
756,234,6.7037037037037,6.52991452991453,990,6.66262626262626
757,235,6.71202113606341,6.53191489361702,992,6.66935483870968
756,236,6.71296296296296,6.53389830508475,992,6.67036290322581
759,235,6.71014492753623,6.53191489361702,994,6.66800804828974
756,237,6.70899470899471,6.53586497890295,993,6.66767371601208
752,239,6.70079787234043,6.53974895397489,991,6.6619576185671
754,238,6.70026525198939,6.53781512605042,992,6.66129032258065
752,237,6.69946808510638,6.53586497890295,989,6.66026289180991
753,236,6.69986719787517,6.53389830508475,989,6.66026289180991
753,237,6.70252324037185,6.53586497890295,990,6.66262626262626
757,237,6.70277410832233,6.53586497890295,994,6.66297786720322
754,240,6.70159151193634,6.54166666666667,994,6.66297786720322
751,241,6.70039946737683,6.54356846473029,992,6.66229838709677
754,242,6.70689655172414,6.5495867768595,996,6.66867469879518
749,243,6.69826435246996,6.55144032921811,992,6.66229838709677
748,242,6.69786096256685,6.55371900826446,990,6.66262626262626
745,244,6.69395973154362,6.55737704918033,989,6.66026289180991
749,242,6.69425901201602,6.55371900826446,991,6.65993945509586
745,242,6.70469798657718,6.53719008264463,987,6.66362715298886
745,244,6.70469798657718,6.54098360655738,989,6.66430738119312
749,245,6.71028037383178,6.5469387755102,994,6.67002012072435
746,249,6.70777479892761,6.52610441767068,995,6.66231155778894
744,249,6.70564516129032,6.52208835341365,993,6.65961732124874
742,250,6.70080862533693,6.524,992,6.65625
743,248,6.70255720053836,6.52016129032258,991,6.656912209889
741,248,6.70040485829959,6.52016129032258,989,6.65520728008089
740,247,6.69054054054054,6.51821862348178,987,6.64741641337386
743,250,6.69313593539704,6.524,993,6.65055387713998
740,246,6.69324324324324,6.51626016260163,986,6.64908722109533
741,247,6.69230769230769,6.51821862348178,988,6.64878542510121
739,247,6.69282814614344,6.51821862348178,986,6.64908722109533
742,249,6.69407008086253,6.53815261044177,991,6.65489404641776
743,250,6.69448183041723,6.556,993,6.65961732124874
747,250,6.69477911646586,6.556,997,6.65997993981946
745,247,6.68859060402685,6.582995951417,992,6.66229838709677
739,249,6.68606224627876,6.58232931726908,988,6.65991902834008
740,248,6.68513513513513,6.59677419354839,988,6.66295546558704
742,247,6.68598382749326,6.60323886639676,989,6.66531850353893
745,249,6.68724832214765,6.60642570281125,994,6.66700201207243
746,248,6.68632707774799,6.61693548387097,994,6.66901408450704
750,245,6.69066666666667,6.62448979591837,995,6.67437185929648
744,247,6.69354838709677,6.62753036437247,991,6.67709384460141
743,248,6.69313593539704,6.63306451612903,991,6.67810292633703
745,250,6.69261744966443,6.636,995,6.678391959799
741,251,6.69095816464238,6.63745019920319,992,6.67741935483871
740,252,6.69054054054054,6.62301587301587,992,6.67338709677419
739,253,6.6914749661705,6.62450592885375,992,6.67439516129032
746,250,6.68766756032172,6.62,996,6.6706827309237
740,251,6.69189189189189,6.60557768924303,991,6.67003027245207
739,252,6.69282814614344,6.59126984126984,991,6.66700302724521
736,253,6.69701086956522,6.59288537549407,989,6.67037411526795
740,252,6.70135135135135,6.59126984126984,992,6.67338709677419
741,254,6.70175438596491,6.59448818897638,995,6.67437185929648
735,254,6.70068027210884,6.61417322834646,989,6.67846309403438
740,253,6.7,6.61264822134387,993,6.67774420946626
738,250,6.69376693766938,6.608,988,6.67206477732794
738,249,6.70460704607046,6.60642570281125,987,6.67983789260385
740,250,6.71081081081081,6.608,990,6.68484848484848
738,250,6.70867208672087,6.608,988,6.6831983805668
736,251,6.70923913043478,6.60956175298805,987,6.6838905775076
738,253,6.70325203252033,6.61264822134387,991,6.68012108980827
746,249,6.70375335120643,6.62248995983936,995,6.68341708542714
743,245,6.70255720053836,6.61632653061224,988,6.68117408906883
740,244,6.7027027027027,6.61065573770492,984,6.67987804878049
743,246,6.70390309555855,6.61382113821138,989,6.68149646107179
746,244,6.70241286863271,6.61065573770492,990,6.67979797979798
743,243,6.70121130551817,6.62139917695473,986,6.6815415821501
745,244,6.7006711409396,6.62295081967213,989,6.68149646107179
751,241,6.70039946737683,6.63485477178423,992,6.68447580645161
749,240,6.69826435246996,6.64166666666667,989,6.6845298281092
747,241,6.70281124497992,6.64315352697095,988,6.68825910931174
749,241,6.70360480640854,6.64315352697095,990,6.68888888888889
750,243,6.704,6.62962962962963,993,6.68580060422961
751,243,6.70439414114514,6.62962962962963,994,6.68611670020121
750,243,6.70666666666667,6.62962962962963,993,6.68781470292044
751,243,6.72303595206392,6.62551440329218,994,6.69919517102616
749,243,6.72096128170895,6.60493827160494,992,6.69254032258065
748,243,6.72593582887701,6.58847736625514,991,6.69223007063572
749,242,6.72630173564753,6.58677685950413,991,6.69223007063572
749,243,6.72630173564753,6.58847736625514,992,6.69254032258065
750,243,6.72266666666667,6.58847736625514,993,6.68982880161128
750,244,6.72266666666667,6.59016393442623,994,6.69014084507042
752,242,6.72606382978723,6.58677685950413,994,6.69215291750503
748,246,6.72593582887701,6.58943089430894,994,6.69215291750503
741,246,6.72199730094467,6.58943089430894,987,6.68895643363728
741,247,6.72199730094467,6.59109311740891,988,6.68927125506073
737,250,6.72048846675712,6.596,987,6.68895643363728
735,252,6.72380952380952,6.59523809523809,987,6.69098277608916
737,253,6.71777476255088,6.61264822134387,990,6.69090909090909
740,254,6.72837837837838,6.61417322834646,994,6.69919517102616
735,253,6.72789115646258,6.61264822134387,988,6.69838056680162
735,251,6.73061224489796,6.60956175298805,986,6.69979716024341
735,251,6.73197278911565,6.60956175298805,986,6.70081135902637
733,253,6.73396998635743,6.60869565217391,986,6.70182555780933
734,254,6.73433242506812,6.61023622047244,988,6.70242914979757
736,253,6.7445652173913,6.61264822134387,989,6.7108190091001
742,249,6.74123989218329,6.61044176706827,991,6.70837537840565
740,250,6.74189189189189,6.628,990,6.71313131313131
738,252,6.74119241192412,6.63095238095238,990,6.71313131313131
739,252,6.74289580514208,6.63095238095238,991,6.71442986881937
736,253,6.74048913043478,6.62055335968379,989,6.7098078867543
735,250,6.73605442176871,6.616,985,6.70558375634518
741,250,6.73819163292848,6.62,991,6.70837537840565
746,248,6.73860589812332,6.625,994,6.7102615694165
738,250,6.73712737127371,6.628,988,6.70951417004049
738,250,6.73712737127371,6.628,988,6.70951417004049
739,250,6.73748308525034,6.628,989,6.7098078867543
740,252,6.73918918918919,6.63095238095238,992,6.7116935483871
738,251,6.73983739837398,6.62948207171315,989,6.7118301314459
743,251,6.73755047106326,6.62948207171315,994,6.7102615694165
743,253,6.73889636608345,6.63241106719368,996,6.71184738955823
738,249,6.74525745257453,6.62650602409639,987,6.71529888551165
737,249,6.7449118046133,6.62650602409639,986,6.71501014198783
738,249,6.74525745257453,6.62650602409639,987,6.71529888551165
738,251,6.74390243902439,6.62549800796813,989,6.71385237613751
739,252,6.74560216508796,6.62301587301587,991,6.71442986881937
740,251,6.75135135135135,6.62151394422311,991,6.71846619576186
739,251,6.74695534506089,6.62151394422311,990,6.71515151515151
738,253,6.74661246612466,6.62055335968379,991,6.71442986881937
737,254,6.74626865671642,6.62204724409449,991,6.71442986881937
737,250,6.7449118046133,6.616,987,6.71225937183384
739,252,6.74018944519621,6.61904761904762,991,6.70938446014127
740,251,6.74459459459459,6.62151394422311,991,6.71342078708375
745,251,6.74362416107383,6.62151394422311,996,6.71285140562249
744,251,6.74462365591398,6.62151394422311,995,6.71356783919598
740,253,6.7472972972973,6.62845849802372,993,6.71701913393756
738,251,6.74661246612466,6.62549800796813,989,6.71587462082912
740,252,6.74864864864865,6.61111111111111,992,6.71370967741935
738,253,6.7479674796748,6.60474308300395,991,6.71140262361251
739,253,6.74424898511502,6.60474308300395,992,6.70866935483871
742,254,6.74528301886792,6.60236220472441,996,6.70883534136546
736,256,6.74592391304348,6.58984375,992,6.70564516129032
733,254,6.74761255115962,6.58661417322835,987,6.70618034447822
732,253,6.74726775956284,6.58498023715415,985,6.70558375634518
734,253,6.75340599455041,6.58498023715415,987,6.71023302938197
737,257,6.75576662143826,6.59143968871595,994,6.71327967806841
737,256,6.75440976933514,6.58984375,993,6.71198388721047
738,254,6.75745257452574,6.58661417322835,992,6.71370967741935
738,251,6.75338753387534,6.58167330677291,989,6.7098078867543
739,252,6.75372124492558,6.58333333333333,991,6.71039354187689
736,253,6.75815217391304,6.58498023715415,989,6.71385237613751
737,254,6.7584803256445,6.58661417322835,991,6.71442986881937
737,251,6.75305291723202,6.60557768924303,988,6.71558704453441
740,250,6.7527027027027,6.6,990,6.71414141414141
742,249,6.7533692722372,6.59839357429719,991,6.71442986881937
740,248,6.74864864864865,6.59677419354839,988,6.71052631578947
738,251,6.7479674796748,6.60159362549801,989,6.7108190091001
738,252,6.7479674796748,6.6031746031746,990,6.71111111111111
738,251,6.75474254742547,6.60159362549801,989,6.71587462082912
738,254,6.75880758807588,6.60629921259843,992,6.71975806451613
742,253,6.75471698113208,6.60474308300395,995,6.71658291457286
742,250,6.7533692722372,6.604,992,6.71572580645161
738,253,6.7520325203252,6.60474308300395,991,6.71442986881937
737,251,6.7516960651289,6.60557768924303,988,6.71457489878543
737,251,6.7516960651289,6.60557768924303,988,6.71457489878543
737,252,6.7516960651289,6.59126984126984,989,6.7108190091001
739,254,6.75372124492558,6.59448818897638,993,6.71299093655589
739,254,6.75507442489851,6.59448818897638,993,6.71399798590131
741,254,6.75033738191633,6.60629921259843,995,6.71356783919598
740,255,6.75,6.60392156862745,995,6.71256281407035
735,254,6.75374149659864,6.60236220472441,989,6.71486349848332
733,255,6.75443383356071,6.60392156862745,988,6.71558704453441
731,257,6.75649794801642,6.60311284046693,988,6.7165991902834
733,260,6.75034106412005,6.60769230769231,993,6.71299093655589
733,259,6.75989085948158,6.60617760617761,992,6.71975806451613
734,258,6.75885558583106,6.6046511627907,992,6.71875
732,258,6.75956284153005,6.60852713178295,990,6.72020202020202
729,260,6.75857338820302,6.61153846153846,989,6.71991911021234
729,261,6.7599451303155,6.61302681992337,990,6.72121212121212
726,261,6.7603305785124,6.61302681992337,987,6.72137791286727
727,261,6.75928473177442,6.61302681992337,988,6.72064777327935
731,262,6.75649794801642,6.61832061068702,993,6.72004028197382
730,262,6.75479452054795,6.61832061068702,992,6.71875
730,261,6.75479452054795,6.63984674329502,991,6.72452068617558
727,262,6.75653370013755,6.6412213740458,989,6.72598584428716
725,262,6.75586206896552,6.6412213740458,987,6.72543059777102
726,262,6.75757575757576,6.6412213740458,988,6.72672064777328
729,261,6.75857338820302,6.63984674329502,990,6.72727272727273
736,261,6.75951086956522,6.63984674329502,997,6.72818455366098
733,262,6.75579809004093,6.63740458015267,995,6.72462311557789
727,262,6.75928473177442,6.63740458015267,989,6.72699696663296
726,265,6.75895316804408,6.62641509433962,991,6.72351160443996
722,267,6.75623268698061,6.62921348314607,989,6.72194135490394
723,269,6.75103734439834,6.63197026022305,992,6.71875
720,270,6.7625,6.63333333333333,990,6.72727272727273
725,270,6.76137931034483,6.63333333333333,995,6.72663316582915
723,269,6.76071922544952,6.63197026022305,992,6.7258064516129
720,269,6.75972222222222,6.63197026022305,989,6.72497472194136
715,267,6.75804195804196,6.62921348314607,982,6.72301425661914
715,268,6.75804195804196,6.63059701492537,983,6.72329603255341
720,267,6.75833333333333,6.62921348314607,987,6.72340425531915
725,269,6.75310344827586,6.62825278810409,994,6.71931589537223
726,270,6.7534435261708,6.63333333333333,996,6.72088353413655
724,268,6.75276243093923,6.63059701492537,992,6.71975806451613
722,268,6.75346260387812,6.63059701492537,990,6.72020202020202
719,268,6.75243393602225,6.62686567164179,987,6.71833839918946
717,269,6.75034867503487,6.62453531598513,986,6.71602434077079
721,270,6.750346740638,6.62222222222222,991,6.71543895055499
723,269,6.74965421853389,6.62081784386617,992,6.71471774193548
727,266,6.74277854195323,6.63157894736842,993,6.71299093655589
724,266,6.75,6.65037593984962,990,6.72323232323232
721,266,6.750346740638,6.65037593984962,987,6.72340425531915
717,268,6.7489539748954,6.65298507462687,985,6.72284263959391
715,270,6.74685314685315,6.65555555555556,985,6.72182741116751
720,271,6.74722222222222,6.65682656826568,991,6.72250252270434
720,272,6.74861111111111,6.65808823529412,992,6.72379032258065
719,273,6.74826147426982,6.65934065934066,992,6.72379032258065
717,272,6.7489539748954,6.65808823529412,989,6.72396359959555
716,274,6.75,6.64598540145985,990,6.72121212121212
717,273,6.74755927475593,6.64468864468865,990,6.71919191919192
718,273,6.74930362116992,6.64468864468865,991,6.7204843592331
716,273,6.75139664804469,6.64468864468865,989,6.72194135490394
718,274,6.74791086350975,6.64598540145985,992,6.71975806451613
719,275,6.74269819193324,6.64363636363636,994,6.71529175050302
717,276,6.74058577405858,6.64130434782609,993,6.71299093655589
716,274,6.74022346368715,6.63868613138686,990,6.71212121212121
715,277,6.73986013986014,6.64259927797834,992,6.71270161290323
713,276,6.73772791023843,6.64130434782609,989,6.7108190091001
712,278,6.74438202247191,6.64388489208633,990,6.71616161616162
714,279,6.73949579831933,6.64516129032258,993,6.71299093655589
716,277,6.73603351955307,6.64259927797834,993,6.70996978851964
716,277,6.73603351955307,6.64259927797834,993,6.70996978851964
715,279,6.73566433566434,6.6415770609319,994,6.70925553319919
710,279,6.73380281690141,6.6415770609319,989,6.70778564206269
708,281,6.72598870056497,6.64056939501779,989,6.70171890798787
710,280,6.72535211267606,6.63928571428571,990,6.7010101010101
715,282,6.72587412587413,6.65602836879433,997,6.7061183550652
714,278,6.72268907563025,6.65107913669065,992,6.70262096774194
711,277,6.72292545710267,6.66425992779783,988,6.70647773279352
707,279,6.71852899575672,6.66666666666667,986,6.70385395537525
706,279,6.71813031161473,6.66666666666667,985,6.70355329949239
708,280,6.72033898305085,6.66785714285714,988,6.70546558704453
711,278,6.72714486638537,6.66546762589928,989,6.7098078867543
717,276,6.72803347280335,6.68115942028986,993,6.71500503524673
719,275,6.72739916550765,6.68,994,6.71428571428571
716,275,6.72625698324022,6.67636363636364,991,6.71241170534813
714,273,6.72689075630252,6.68131868131868,987,6.71428571428571
714,274,6.72689075630252,6.68248175182482,988,6.71457489878543
715,274,6.72587412587413,6.68248175182482,989,6.71385237613751
714,275,6.72549019607843,6.68363636363636,989,6.71385237613751
718,276,6.72423398328691,6.68478260869565,994,6.71327967806841
718,274,6.72562674094708,6.68248175182482,992,6.71370967741935
717,273,6.72524407252441,6.68131868131868,990,6.71313131313131
716,274,6.72625698324022,6.68248175182482,990,6.71414141414141
715,274,6.72447552447552,6.67883211678832,989,6.7118301314459
719,274,6.72044506258693,6.67883211678832,993,6.70896273917422
718,276,6.72423398328691,6.68115942028986,994,6.71227364185111
723,273,6.72614107883817,6.67765567765568,996,6.71285140562249
722,272,6.72991689750693,6.67647058823529,994,6.71529175050302
719,271,6.73296244784423,6.66789667896679,990,6.71515151515151
717,270,6.72942817294282,6.66666666666667,987,6.71225937183384
714,269,6.73669467787115,6.66542750929368,983,6.71719226856562
719,266,6.73852573018081,6.66541353383459,985,6.71878172588832
722,266,6.74238227146814,6.66165413533835,988,6.72064777327935
724,266,6.74033149171271,6.66165413533835,990,6.71919191919192
723,266,6.73997233748271,6.66165413533835,989,6.71890798786653
720,268,6.74166666666667,6.66417910447761,988,6.72064777327935
716,270,6.74441340782123,6.66666666666667,986,6.72312373225152
713,271,6.74614305750351,6.66789667896679,984,6.72459349593496
719,269,6.75104311543811,6.66542750929368,988,6.72773279352227
724,269,6.75138121546961,6.66542750929368,993,6.72809667673716
721,268,6.74479889042996,6.66417910447761,989,6.72295247724975
721,268,6.75173370319001,6.64925373134328,989,6.72396359959555
718,266,6.75208913649025,6.64661654135338,984,6.72357723577236
717,267,6.75313807531381,6.64794007490637,984,6.72459349593496
715,267,6.75244755244755,6.64794007490637,982,6.72403258655805
718,271,6.75348189415042,6.65313653136531,989,6.72598584428716
722,271,6.75623268698061,6.64944649446494,993,6.72708962739174
719,270,6.76216968011127,6.64814814814815,989,6.73104145601618
718,269,6.76183844011142,6.65055762081784,987,6.73150962512665
717,268,6.76150627615063,6.64925373134328,985,6.73096446700508
717,268,6.75871687587169,6.64925373134328,985,6.72893401015228
718,270,6.76044568245125,6.65185185185185,988,6.73076923076923
721,270,6.75866851595007,6.65185185185185,991,6.72956609485368
724,270,6.75414364640884,6.65185185185185,994,6.72635814889336
722,270,6.75484764542936,6.65555555555556,992,6.72782258064516
718,272,6.75208913649025,6.65441176470588,990,6.72525252525253
712,276,6.75702247191011,6.65579710144928,988,6.72874493927126
710,273,6.75774647887324,6.65201465201465,983,6.72838250254324
713,273,6.75596072931276,6.64835164835165,986,6.72616632860041
715,272,6.75664335664336,6.64705882352941,987,6.72644376899696
722,271,6.74930747922438,6.64575645756458,993,6.72104733131923
722,272,6.75207756232687,6.65073529411765,994,6.72434607645875
720,271,6.75694444444444,6.64575645756458,991,6.72653884964682
719,269,6.75799721835883,6.64684014869888,988,6.72773279352227
716,269,6.76256983240223,6.64312267657993,985,6.72994923857868
718,269,6.76323119777159,6.64684014869888,987,6.73150962512665
716,272,6.76256983240223,6.65073529411765,988,6.73178137651822
723,273,6.76625172890733,6.65201465201465,996,6.73493975903614
721,272,6.76699029126214,6.65073529411765,993,6.73514602215509
719,273,6.76773296244784,6.63736263736264,992,6.73185483870968
712,272,6.76966292134831,6.63602941176471,984,6.73272357723577
709,272,6.76022566995769,6.63602941176471,981,6.72579001019368
713,273,6.7601683029453,6.63736263736264,986,6.72616632860041
713,272,6.76437587657784,6.63235294117647,985,6.72791878172589
717,272,6.76011157601116,6.63235294117647,989,6.72497472194136
721,272,6.7628294036061,6.63235294117647,993,6.72708962739174
715,272,6.76783216783217,6.63235294117647,987,6.73049645390071
713,277,6.76858345021038,6.63898916967509,990,6.73232323232323
710,277,6.76760563380282,6.63898916967509,987,6.73150962512665
711,278,6.77355836849508,6.64028776978417,989,6.7360970677452
712,278,6.77387640449438,6.64028776978417,990,6.73636363636364
718,278,6.76740947075209,6.64028776978417,996,6.73192771084337
716,276,6.77094972067039,6.64130434782609,992,6.73487903225806
711,278,6.78059071729958,6.64388489208633,989,6.74216380182002
710,278,6.78028169014085,6.64388489208633,988,6.7419028340081
710,278,6.78028169014085,6.64388489208633,988,6.7419028340081
709,278,6.77856135401975,6.64388489208633,987,6.74062816616008
711,280,6.77918424753868,6.64285714285714,991,6.74066599394551
715,279,6.78321678321678,6.6415770609319,994,6.74346076458753
715,276,6.78321678321678,6.64130434782609,991,6.74369323915237
712,274,6.78230337078652,6.63868613138686,986,6.74239350912779
710,274,6.78028169014085,6.63868613138686,984,6.74085365853659
709,272,6.77433004231312,6.63602941176471,981,6.73598369011213
709,274,6.77997179125529,6.63868613138686,983,6.74059003051882
708,275,6.77542372881356,6.64,983,6.73753814852492
711,275,6.77637130801688,6.62909090909091,986,6.73529411764706
713,277,6.77699859747546,6.62815884476534,990,6.73535353535354
710,278,6.7830985915493,6.6294964028777,988,6.73987854251012
708,279,6.78389830508475,6.63440860215054,987,6.74164133738602
707,281,6.78359264497878,6.63701067615658,988,6.7419028340081
707,281,6.78359264497878,6.64768683274021,988,6.74493927125506
711,280,6.78621659634318,6.66071428571429,991,6.75075681130172
714,278,6.78151260504202,6.65827338129496,992,6.74697580645161
715,277,6.78461538461538,6.66064981949458,992,6.75
711,277,6.78340365682138,6.67509025270758,988,6.75303643724696
708,277,6.78248587570621,6.67509025270758,985,6.75228426395939
707,277,6.78217821782178,6.67509025270758,984,6.7520325203252
707,277,6.78217821782178,6.67509025270758,984,6.7520325203252
713,278,6.78541374474053,6.6726618705036,991,6.75378405650858
716,280,6.79189944134078,6.675,996,6.75903614457831
711,279,6.79465541490858,6.67025089605735,990,6.75959595959596
708,279,6.79378531073446,6.67025089605735,987,6.75886524822695
708,279,6.78672316384181,6.67383512544803,987,6.7548125633232
705,279,6.78581560283688,6.67383512544803,984,6.75406504065041
708,279,6.78672316384181,6.67741935483871,987,6.75582573454914
712,278,6.78230337078652,6.67625899280576,990,6.75252525252525
716,276,6.78212290502793,6.67391304347826,992,6.75201612903226
714,275,6.7843137254902,6.67272727272727,989,6.75328614762386
711,273,6.78340365682138,6.67399267399267,984,6.7530487804878
711,277,6.78340365682138,6.67870036101083,988,6.75404858299595
707,277,6.78359264497878,6.68592057761733,984,6.75609756097561
705,277,6.7886524822695,6.68592057761733,982,6.75967413441955
715,277,6.78461538461538,6.68592057761733,992,6.7570564516129
719,276,6.78581363004172,6.67028985507246,995,6.75376884422111
718,277,6.78969359331476,6.67148014440433,995,6.75678391959799
709,277,6.78420310296192,6.67148014440433,986,6.7525354969574
711,277,6.78481012658228,6.67148014440433,988,6.75303643724696
709,276,6.79266572637518,6.67028985507246,985,6.75837563451777
709,277,6.79266572637518,6.67870036101083,986,6.7606490872211
717,279,6.78521617852162,6.68100358422939,996,6.75602409638554
714,279,6.7843137254902,6.68458781362007,993,6.75629405840886
712,276,6.78370786516854,6.69202898550725,988,6.7580971659919
710,275,6.7830985915493,6.69090909090909,985,6.75736040609137
711,276,6.77496483825598,6.69202898550725,987,6.75177304964539
712,275,6.77668539325843,6.69090909090909,987,6.75278622087133
711,276,6.76933895921238,6.69202898550725,987,6.74772036474164
718,276,6.77158774373259,6.69927536231884,994,6.75150905432596
715,275,6.77062937062937,6.69818181818182,990,6.75050505050505
711,275,6.76933895921238,6.70181818181818,986,6.75050709939148
707,275,6.76944837340877,6.70181818181818,982,6.75050916496945
706,276,6.76912181303116,6.70289855072464,982,6.75050916496945
703,277,6.76813655761024,6.70397111913357,980,6.75
705,278,6.76879432624114,6.70503597122302,983,6.75076297049847
714,279,6.77170868347339,6.70609318996416,993,6.75327291037261
712,278,6.77106741573034,6.70863309352518,990,6.75353535353535
713,279,6.7671809256662,6.70967741935484,992,6.75100806451613
711,279,6.76652601969058,6.70967741935484,990,6.75050505050505
709,278,6.76586741889986,6.70863309352518,987,6.74974670719352
707,278,6.76520509193776,6.71223021582734,985,6.7502538071066
711,278,6.76652601969058,6.71223021582734,989,6.75126390293225
720,273,6.76527777777778,6.72161172161172,993,6.75327291037261
718,276,6.76601671309192,6.70652173913043,994,6.74949698189135
716,274,6.76256983240223,6.70802919708029,990,6.74747474747475
713,275,6.75596072931276,6.70909090909091,988,6.74291497975709
714,274,6.7563025210084,6.70802919708029,988,6.74291497975709
712,275,6.75842696629214,6.70909090909091,987,6.74468085106383
715,276,6.75244755244755,6.71014492753623,991,6.74066599394551
720,272,6.75277777777778,6.70588235294118,992,6.73991935483871
721,272,6.75312066574203,6.70588235294118,993,6.74018126888217
721,272,6.75173370319001,6.70588235294118,993,6.73917421953676
722,270,6.75623268698061,6.7037037037037,992,6.74193548387097
720,272,6.75694444444444,6.70955882352941,992,6.74395161290323
719,273,6.75660639777469,6.70695970695971,992,6.7429435483871
719,272,6.76356050069541,6.70588235294118,991,6.74772956609485
722,272,6.76592797783934,6.70588235294118,994,6.74949698189135
717,273,6.76569037656904,6.70695970695971,990,6.74949494949495
717,274,6.7629009762901,6.70802919708029,991,6.74772956609485
718,272,6.76183844011142,6.70588235294118,990,6.74646464646465
716,270,6.75977653631285,6.7037037037037,986,6.74442190669371
716,271,6.75837988826816,6.70848708487085,987,6.74468085106383
724,270,6.75414364640884,6.70740740740741,994,6.74144869215292
724,270,6.75276243093923,6.71481481481482,994,6.74245472837022
722,268,6.75207756232687,6.72761194029851,990,6.74545454545455
722,266,6.74376731301939,6.72556390977444,988,6.73886639676113
723,266,6.7372060857538,6.7218045112782,989,6.73306370070779
719,266,6.73574408901252,6.7218045112782,985,6.73197969543147
720,266,6.7375,6.72556390977444,986,6.7342799188641
729,266,6.73388203017833,6.73308270676692,995,6.73366834170854
730,266,6.73835616438356,6.71804511278195,996,6.73293172690763
727,265,6.72902338376891,6.71698113207547,992,6.7258064516129
728,265,6.73214285714286,6.71698113207547,993,6.72809667673716
729,264,6.73251028806584,6.73863636363636,993,6.73413897280967
729,262,6.73251028806584,6.73282442748092,991,6.73259334006054
728,262,6.73076923076923,6.73282442748092,990,6.73131313131313
732,263,6.72814207650273,6.73384030418251,995,6.72964824120603
734,260,6.7275204359673,6.73461538461538,994,6.72937625754527
735,260,6.72380952380952,6.73461538461538,995,6.72663316582915
732,261,6.72131147540984,6.73563218390805,993,6.72507552870091
731,259,6.72093023255814,6.73359073359073,990,6.72424242424242
727,258,6.71939477303989,6.73255813953488,985,6.72284263959391
726,257,6.72038567493113,6.73151750972763,983,6.72329603255341
741,256,6.72064777327935,6.7265625,997,6.7221664994985
740,256,6.72027027027027,6.73046875,996,6.72289156626506
736,255,6.71603260869565,6.73333333333333,991,6.7204843592331
737,255,6.7055630936228,6.73333333333333,992,6.71270161290323
736,255,6.70516304347826,6.73333333333333,991,6.71241170534813
733,253,6.70395634379263,6.73122529644269,986,6.71095334685598
731,254,6.70041039671683,6.73228346456693,985,6.70862944162437
742,252,6.70485175202156,6.73412698412698,994,6.71227364185111
742,250,6.69676549865229,6.748,992,6.70967741935484
742,250,6.69676549865229,6.752,992,6.71068548387097
742,251,6.69541778975741,6.75697211155379,993,6.71097683786506
739,248,6.69418132611637,6.77016129032258,987,6.71327254305978
734,248,6.69754768392371,6.77016129032258,982,6.71588594704684
736,248,6.6929347826087,6.76612903225806,984,6.71138211382114
747,247,6.68942436412316,6.76518218623482,994,6.70824949698189
742,247,6.69407008086253,6.76518218623482,989,6.7118301314459
745,248,6.68724832214765,6.76612903225806,993,6.70694864048338
745,246,6.69261744966443,6.76829268292683,991,6.71140262361251
743,245,6.69448183041723,6.77142857142857,988,6.71356275303644
744,246,6.69489247311828,6.77642276422764,990,6.71515151515151
747,246,6.69076305220884,6.77642276422764,993,6.71198388721047
753,243,6.69057104913679,6.77777777777778,996,6.71184738955823
751,239,6.6884154460719,6.77405857740586,990,6.70909090909091
753,238,6.67994687915007,6.77310924369748,991,6.70232088799193
753,239,6.67596281540505,6.77405857740586,992,6.69959677419355
751,238,6.67643142476698,6.77731092436975,989,6.70070778564206
752,237,6.6781914893617,6.78902953586498,989,6.70475227502528
754,237,6.6737400530504,6.78902953586498,991,6.70131180625631
759,233,6.67588932806324,6.78969957081545,992,6.70262096774194
759,232,6.67325428194993,6.78879310344828,991,6.70030272452069
760,230,6.67368421052632,6.77826086956522,990,6.6979797979798
756,230,6.67195767195767,6.77826086956522,986,6.69675456389452
757,231,6.67371202113606,6.77922077922078,988,6.69838056680162
755,231,6.67284768211921,6.77922077922078,986,6.69776876267748
760,231,6.67368421052632,6.80519480519481,991,6.70433905146317
764,230,6.67931937172775,6.80434782608696,994,6.70824949698189
763,226,6.67889908256881,6.80088495575221,989,6.70677451971689
764,225,6.67408376963351,6.8,989,6.70273003033367
765,225,6.67450980392157,6.8,990,6.7030303030303
765,224,6.67450980392157,6.79910714285714,989,6.70273003033367
763,222,6.67496723460026,6.7972972972973,985,6.70253807106599
774,221,6.67441860465116,6.79638009049774,995,6.70150753768844
774,222,6.66666666666667,6.81531531531532,996,6.69979919678715
771,220,6.66407263294423,6.81818181818182,991,6.69828456104945
773,218,6.65976714100906,6.81651376146789,991,6.69424823410696
772,216,6.65544041450777,6.81481481481481,988,6.69028340080972
768,215,6.65364583333333,6.81395348837209,983,6.68870803662258
771,214,6.64980544747082,6.81308411214953,985,6.68527918781726
