forward_num,reverse_num,forward_rate,reverse_rate,organism_num,organism_rate
500,500,5.5,5.5,1000,5.5
494,497,5.4919028340081,5.5010060362173,991,5.49646821392533
493,494,5.49898580121704,5.5,987,5.49949341438703
539,460,5.89424860853432,5.45652173913043,999,5.69269269269269
573,424,6.02966841186737,5.47169811320755,997,5.79237713139418
617,381,6.18800648298217,5.46719160104987,998,5.91282565130261
652,346,6.16104294478528,5.48265895953757,998,5.92585170340681
667,331,6.09745127436282,5.39274924471299,998,5.86372745490982
695,303,6.18705035971223,5.42574257425743,998,5.95591182364729
706,293,6.23937677053824,5.33105802047782,999,5.97297297297297
678,320,6.29793510324484,5.228125,998,5.95490981963928
709,290,6.08744710860367,5.20344827586207,999,5.83083083083083
699,299,6.23319027181688,4.89632107023411,998,5.83266533066132
685,314,6.26715328467153,5.23566878980892,999,5.94294294294294
683,315,6.27672035139092,5.44761904761905,998,6.01503006012024
687,312,6.39737991266376,5.47115384615385,999,6.10810810810811
691,308,6.42112879884226,5.5487012987013,999,6.15215215215215
678,321,6.44247787610619,5.88473520249221,999,6.26326326326326
690,309,6.45507246376812,6.02588996763754,999,6.32232232232232
687,311,6.51965065502183,6.04180064308682,998,6.37074148296593
670,329,6.59701492537313,6.14285714285714,999,6.44744744744745
684,315,6.40058479532164,6.07936507936508,999,6.2992992992993
676,323,6.46745562130178,6.13622291021672,999,6.36036036036036
674,325,6.50148367952522,6.02769230769231,999,6.34734734734735
672,327,6.43303571428571,6.1651376146789,999,6.34534534534535
689,309,6.54716981132075,6.11650485436893,998,6.41382765531062
686,313,6.54373177842566,6.0702875399361,999,6.3953953953954
701,297,6.6077032810271,6.11111111111111,998,6.45991983967936
717,282,6.6931659693166,6.0177304964539,999,6.5025025025025
701,298,6.72895863052782,6.21476510067114,999,6.57557557557558
709,290,6.78420310296192,6.27931034482759,999,6.63763763763764
717,282,6.75732217573222,6.30851063829787,999,6.63063063063063
711,287,6.78481012658228,6.34843205574913,998,6.65931863727455
713,286,6.78962131837307,6.43006993006993,999,6.68668668668669
711,288,6.76371308016878,6.45138888888889,999,6.67367367367367
703,296,6.7624466571835,6.48310810810811,999,6.67967967967968
705,294,6.79432624113475,6.48299319727891,999,6.7027027027027
716,283,6.81843575418994,6.49116607773852,999,6.72572572572573
715,282,6.86153846153846,6.54964539007092,997,6.77331995987964
718,281,6.89693593314763,6.56939501779359,999,6.8048048048048
719,280,6.91655076495132,6.53928571428571,999,6.81081081081081
717,281,6.85355648535565,6.49466192170819,998,6.75250501002004
714,285,6.89495798319328,6.52631578947368,999,6.78978978978979
710,287,6.8830985915493,6.58885017421603,997,6.79839518555667
711,288,6.90154711673699,6.61458333333333,999,6.81881881881882
709,287,6.92947813822285,6.66202090592335,996,6.85240963855422
718,279,6.95821727019499,6.66308243727599,997,6.87562688064193
713,285,6.8835904628331,6.79298245614035,998,6.85771543086172
711,287,6.93670886075949,6.77351916376307,998,6.88977955911824
716,283,6.93994413407821,6.85865724381625,999,6.91691691691692
709,288,6.98871650211566,6.83333333333333,997,6.94383149448345
710,288,6.95915492957746,6.88888888888889,998,6.93887775551102
704,295,6.93181818181818,6.85084745762712,999,6.90790790790791
712,287,6.92275280898876,6.80836236933798,999,6.88988988988989
709,289,6.89421720733427,6.91003460207612,998,6.89879759519038
713,286,6.93548387096774,6.89160839160839,999,6.92292292292292
712,287,6.92556179775281,6.97212543554007,999,6.93893893893894
714,284,6.88515406162465,7.1443661971831,998,6.95891783567134
708,291,6.89265536723164,7.10309278350515,999,6.95395395395395
700,298,6.89142857142857,7.09731543624161,998,6.95290581162325
708,290,6.93220338983051,7.08620689655172,998,6.97695390781563
714,285,6.91176470588235,7.06666666666667,999,6.95595595595596
716,282,6.98463687150838,7.13475177304965,998,7.02705410821643
720,278,6.95416666666667,7.14388489208633,998,7.00701402805611
727,271,6.94222833562586,7.12546125461255,998,6.99198396793587
723,275,7.00138312586445,7.08,998,7.02304609218437
727,272,7.00687757909216,7.11029411764706,999,7.03503503503504
735,264,7.00408163265306,7.09469696969697,999,7.02802802802803
739,260,6.96481732070365,7.08846153846154,999,6.996996996997
741,257,7.02968960863698,7.09338521400778,998,7.04609218436874
739,260,7.01894451962111,7.07692307692308,999,7.03403403403403
740,259,7.01216216216216,7.1042471042471,999,7.03603603603604
748,249,7.05882352941176,7.16064257028112,997,7.08425275827482
749,249,7.04405874499332,7.16465863453815,998,7.07414829659319
751,248,7.06524633821571,7.15725806451613,999,7.08808808808809
747,252,7.04819277108434,7.13095238095238,999,7.06906906906907
748,250,7.04144385026738,7.128,998,7.06312625250501
748,251,7.05614973262032,7.12350597609562,999,7.07307307307307
757,241,7.03963011889036,7.05394190871369,998,7.04308617234469
765,233,7.0562091503268,7.068669527897,998,7.05911823647295
767,230,7.08344198174707,7.12608695652174,997,7.09327983951856
769,229,7.12353706111834,7.12227074235808,998,7.12324649298597
779,220,7.14634146341463,7.17727272727273,999,7.15315315315315
791,208,7.13653603034134,7.19711538461539,999,7.14914914914915
788,211,7.15355329949239,7.28909952606635,999,7.18218218218218
783,216,7.17241379310345,7.25,999,7.18918918918919
784,215,7.19515306122449,7.17209302325581,999,7.19019019019019
782,217,7.19053708439898,7.20276497695852,999,7.19319319319319
778,220,7.17609254498715,7.28636363636364,998,7.20040080160321
772,227,7.2059585492228,7.29955947136564,999,7.22722722722723
770,229,7.24025974025974,7.29694323144105,999,7.25325325325325
759,238,7.22002635046113,7.37394957983193,997,7.2567703109328
762,233,7.24146981627297,7.38197424892704,995,7.27437185929648
763,236,7.25688073394495,7.41525423728814,999,7.29429429429429
754,243,7.24403183023873,7.36625514403292,997,7.27382146439318
761,238,7.23258869908016,7.42016806722689,999,7.27727727727728
763,236,7.25032765399738,7.35169491525424,999,7.27427427427427
755,243,7.2635761589404,7.32510288065844,998,7.27855711422846
753,246,7.25763612217795,7.36991869918699,999,7.28528528528529
756,240,7.29761904761905,7.36666666666667,996,7.31425702811245
752,246,7.32579787234043,7.32926829268293,998,7.32665330661323
750,248,7.31466666666667,7.37903225806452,998,7.33066132264529
743,256,7.36473755047106,7.34765625,999,7.36036036036036
732,263,7.40437158469945,7.38022813688213,995,7.39798994974874
739,259,7.39242219215156,7.35521235521236,998,7.38276553106212
737,261,7.39077340569878,7.35249042145594,998,7.38076152304609
738,261,7.41192411924119,7.37547892720306,999,7.4024024024024
745,254,7.40805369127517,7.40157480314961,999,7.40640640640641
752,247,7.39760638297872,7.34008097165992,999,7.38338338338338
758,240,7.41160949868074,7.375,998,7.40280561122244
756,241,7.41005291005291,7.37344398340249,997,7.4012036108325
755,244,7.41192052980132,7.35245901639344,999,7.3973973973974
748,247,7.44786096256685,7.30364372469636,995,7.41206030150754
751,248,7.43941411451398,7.36693548387097,999,7.42142142142142
744,254,7.44623655913978,7.38188976377953,998,7.42985971943888
745,254,7.44026845637584,7.47244094488189,999,7.44844844844845
750,248,7.45466666666667,7.48790322580645,998,7.46292585170341
752,247,7.46941489361702,7.41295546558704,999,7.45545545545546
754,245,7.47745358090186,7.46122448979592,999,7.47347347347347
752,247,7.51329787234043,7.4412955465587,999,7.4954954954955
760,238,7.52368421052632,7.47478991596639,998,7.51202404809619
759,237,7.53491436100132,7.38818565400844,996,7.5
760,239,7.58421052631579,7.38493723849372,999,7.53653653653654
757,242,7.57595772787318,7.41322314049587,999,7.53653653653654
750,248,7.58133333333333,7.43548387096774,998,7.54509018036072
751,248,7.57922769640479,7.49193548387097,999,7.55755755755756
750,247,7.59066666666667,7.47773279352227,997,7.56268806419258
756,240,7.56613756613757,7.50416666666667,996,7.55120481927711
762,237,7.56692913385827,7.50632911392405,999,7.55255255255255
770,228,7.6,7.5,998,7.57715430861723
770,227,7.58441558441558,7.49339207048458,997,7.56369107321966
763,235,7.57667103538663,7.42978723404255,998,7.54208416833667
760,239,7.56842105263158,7.42677824267782,999,7.53453453453453
753,246,7.57768924302789,7.41056910569106,999,7.53653653653654
748,250,7.56550802139037,7.304,998,7.5
748,250,7.59090909090909,7.22,998,7.49799599198397
744,253,7.59274193548387,7.27667984189723,997,7.51253761283852
748,249,7.61229946524064,7.21285140562249,997,7.51253761283852
744,254,7.64650537634409,7.19291338582677,998,7.5310621242485
741,255,7.67611336032389,7.23137254901961,996,7.56224899598394
729,269,7.63511659807956,7.23791821561338,998,7.52805611222445
724,274,7.6353591160221,7.2007299270073,998,7.51603206412826
729,270,7.64609053497942,7.17777777777778,999,7.51951951951952
728,271,7.60027472527473,7.22878228782288,999,7.4994994994995
726,272,7.60192837465565,7.23529411764706,998,7.50200400801603
726,271,7.5633608815427,7.19557195571956,997,7.46339017051153
734,264,7.57356948228883,7.16666666666667,998,7.46593186372746
729,270,7.55555555555556,7.1037037037037,999,7.43343343343343
731,265,7.54719562243502,7.10943396226415,996,7.43072289156626
744,255,7.55913978494624,7.12549019607843,999,7.44844844844845
749,250,7.55006675567423,7.14,999,7.44744744744745
741,258,7.55465587044534,7.12403100775194,999,7.44344344344344
751,247,7.52596537949401,7.06882591093117,998,7.41282565130261
754,244,7.49336870026525,7.0655737704918,998,7.38877755511022
756,243,7.47486772486772,7.05761316872428,999,7.37337337337337
753,246,7.45816733067729,7.09349593495935,999,7.36836836836837
758,241,7.50791556728232,7.149377593361,999,7.42142142142142
749,245,7.48598130841121,7.15510204081633,994,7.40442655935614
750,249,7.47733333333333,7.12048192771084,999,7.38838838838839
745,253,7.4496644295302,7.15415019762846,998,7.374749498998
742,256,7.42587601078167,7.171875,998,7.36072144288577
739,260,7.42083897158322,7.11538461538461,999,7.34134134134134
746,253,7.44101876675603,7.12252964426877,999,7.36036036036036
745,254,7.46711409395973,7.18110236220472,999,7.39439439439439
734,261,7.41825613079019,7.19157088122605,995,7.35879396984925
731,268,7.44733242134063,7.23507462686567,999,7.39039039039039
725,274,7.45103448275862,7.22262773722628,999,7.38838838838839
720,279,7.44444444444444,7.2078853046595,999,7.37837837837838
729,270,7.44307270233196,7.21481481481482,999,7.38138138138138
729,270,7.45541838134431,7.21851851851852,999,7.39139139139139
731,266,7.4281805745554,7.21804511278195,997,7.37211634904714
735,264,7.41360544217687,7.17424242424242,999,7.35035035035035
729,270,7.39643347050754,7.15555555555556,999,7.33133133133133
726,273,7.39118457300275,7.16483516483517,999,7.32932932932933
722,277,7.40720221606648,7.11552346570397,999,7.32632632632633
719,279,7.40333796940195,7.08960573476702,998,7.31563126252505
720,279,7.37083333333333,7.10035842293907,999,7.2952952952953
713,286,7.36465638148668,7.12587412587413,999,7.2962962962963
712,286,7.34269662921348,7.15384615384615,998,7.28857715430862
705,294,7.36028368794326,7.2108843537415,999,7.31631631631632
708,291,7.3728813559322,7.19587628865979,999,7.32132132132132
716,283,7.34916201117318,7.15194346289753,999,7.29329329329329
719,280,7.34492350486787,7.21785714285714,999,7.30930930930931
715,284,7.35524475524476,7.20774647887324,999,7.31331331331331
714,283,7.3781512605042,7.12367491166078,997,7.30591775325978
723,275,7.38727524204703,7.17818181818182,998,7.32965931863727
727,272,7.42916093535076,7.22426470588235,999,7.37337337337337
727,270,7.46629986244842,7.28518518518518,997,7.4172517552658
728,271,7.46428571428571,7.26568265682657,999,7.41041041041041
726,273,7.47520661157025,7.3003663003663,999,7.42742742742743
727,272,7.48830811554333,7.31617647058824,999,7.44144144144144
723,276,7.49654218533887,7.29710144927536,999,7.44144144144144
722,276,7.46952908587258,7.25724637681159,998,7.41082164328657
727,272,7.45942228335626,7.24264705882353,999,7.4004004004004
724,275,7.48204419889503,7.25454545454545,999,7.41941941941942
729,270,7.480109739369,7.25925925925926,999,7.42042042042042
726,273,7.47796143250689,7.24908424908425,999,7.41541541541542
722,276,7.50554016620499,7.21739130434783,998,7.42585170340681
717,281,7.47977684797768,7.25978647686833,998,7.41783567134269
719,279,7.48817802503477,7.25089605734767,998,7.42184368737475
711,288,7.49085794655415,7.23958333333333,999,7.41841841841842
702,296,7.49145299145299,7.26689189189189,998,7.4248496993988
712,287,7.46769662921348,7.26132404181185,999,7.40840840840841
707,292,7.45968882602546,7.31849315068493,999,7.41841841841842
713,286,7.49509116409537,7.43356643356643,999,7.47747747747748
714,284,7.48319327731092,7.40492957746479,998,7.46092184368737
722,275,7.48060941828255,7.39272727272727,997,7.45636910732197
724,274,7.49723756906077,7.36861313868613,998,7.46192384769539
713,286,7.48667601683029,7.35664335664336,999,7.44944944944945
716,283,7.50558659217877,7.32862190812721,999,7.45545545545546
713,286,7.51051893408135,7.31118881118881,999,7.45345345345345
705,293,7.46099290780142,7.24914675767918,998,7.39879759519038
701,297,7.44507845934379,7.23232323232323,998,7.38176352705411
698,300,7.45702005730659,7.2,998,7.37975951903808
693,304,7.43001443001443,7.22039473684211,997,7.36609829488465
694,304,7.45533141210375,7.21710526315789,998,7.38276553106212
696,301,7.42385057471264,7.26910299003322,997,7.37713139418255
699,300,7.43776824034335,7.21666666666667,999,7.37137137137137
707,292,7.43705799151344,7.19178082191781,999,7.36536536536537
712,287,7.41151685393258,7.18118466898955,999,7.34534534534535
699,297,7.46638054363376,7.21548821548822,996,7.39156626506024
703,295,7.48790896159317,7.16610169491525,998,7.39278557114228
704,295,7.47301136363636,7.17966101694915,999,7.38638638638639
704,293,7.46448863636364,7.13310580204778,997,7.36710130391173
704,295,7.49147727272727,7.13898305084746,999,7.38738738738739
700,299,7.46571428571429,7.12374581939799,999,7.36336336336336
701,298,7.49643366619116,7.11744966442953,999,7.38338338338338
695,304,7.48201438848921,7.10855263157895,999,7.36836836836837
694,301,7.48270893371758,7.17275747508306,995,7.38894472361809
687,311,7.44832605531295,7.09967845659164,998,7.33967935871743
681,316,7.43759177679883,7.08544303797468,997,7.3259779338014
692,305,7.4393063583815,7.12459016393443,997,7.34302908726178
688,311,7.43604651162791,7.16720257234727,999,7.35235235235235
682,317,7.47214076246334,7.17665615141956,999,7.37837837837838
679,319,7.50073637702504,7.1974921630094,998,7.40380761523046
674,323,7.51186943620178,7.21981424148607,997,7.4172517552658
684,315,7.50584795321637,7.24444444444444,999,7.42342342342342
686,312,7.49271137026239,7.3525641025641,998,7.44889779559118
684,315,7.4546783625731,7.34285714285714,999,7.41941941941942
674,322,7.44807121661721,7.36024844720497,996,7.41967871485944
683,314,7.43191800878477,7.35031847133758,997,7.4062186559679
680,319,7.40882352941177,7.35109717868339,999,7.39039039039039
680,317,7.41029411764706,7.32807570977918,997,7.38415245737212
682,317,7.43841642228739,7.26813880126183,999,7.38438438438438
670,329,7.4,7.23100303951368,999,7.34434434434434
672,326,7.39732142857143,7.23312883435583,998,7.3436873747495
677,319,7.41506646971935,7.27586206896552,996,7.37048192771084
684,314,7.43567251461988,7.26114649681529,998,7.38076152304609
691,308,7.47901591895803,7.36038961038961,999,7.44244244244244
692,307,7.46387283236994,7.29641693811075,999,7.41241241241241
694,303,7.46685878962536,7.32673267326733,997,7.42427281845537
696,302,7.45114942528736,7.34437086092715,998,7.4188376753507
705,293,7.42553191489362,7.31740614334471,998,7.3937875751503
699,300,7.43347639484979,7.32,999,7.3993993993994
699,299,7.41487839771102,7.29765886287625,998,7.37975951903808
701,297,7.40656205420827,7.3030303030303,998,7.37575150300601
694,304,7.37463976945245,7.28618421052632,998,7.34769539078156
698,301,7.41977077363897,7.33887043189369,999,7.3953953953954
702,297,7.38603988603989,7.35353535353535,999,7.37637637637638
699,299,7.39484978540773,7.38795986622074,998,7.39278557114228
700,299,7.41428571428571,7.44147157190635,999,7.42242242242242
699,299,7.40343347639485,7.47157190635451,998,7.42384769539078
697,302,7.37876614060258,7.40397350993377,999,7.38638638638639
697,302,7.37446197991392,7.44370860927152,999,7.3953953953954
697,301,7.39024390243902,7.47508305647841,998,7.41583166332665
703,294,7.36557610241821,7.42176870748299,997,7.38214643931795
709,290,7.35119887165021,7.43103448275862,999,7.37437437437437
717,280,7.35006973500697,7.44285714285714,997,7.37612838515547
719,279,7.3518776077886,7.42293906810036,998,7.37174348697395
727,272,7.36451169188446,7.37132352941176,999,7.36636636636637
729,270,7.35939643347051,7.3,999,7.34334334334334
724,274,7.38121546961326,7.33576642335766,998,7.3687374749499
732,266,7.3483606557377,7.28947368421053,998,7.33266533066132
731,268,7.37756497948016,7.25746268656716,999,7.34534534534535
724,274,7.36049723756906,7.24087591240876,998,7.32765531062124
730,269,7.33972602739726,7.30111524163569,999,7.32932932932933
725,274,7.39724137931035,7.34671532846715,999,7.38338338338338
723,275,7.40248962655602,7.32,998,7.37975951903808
726,273,7.38980716253444,7.38827838827839,999,7.38938938938939
723,275,7.37344398340249,7.44,998,7.39178356713427
715,284,7.37202797202797,7.41901408450704,999,7.38538538538539
707,291,7.42574257425743,7.38487972508591,998,7.41382765531062
713,285,7.42215988779804,7.4140350877193,998,7.41983967935872
711,288,7.41490857946554,7.40972222222222,999,7.41341341341341
711,288,7.41631504922644,7.43402777777778,999,7.42142142142142
704,294,7.42755681818182,7.45238095238095,998,7.43486973947896
706,293,7.42351274787535,7.4061433447099,999,7.41841841841842
700,299,7.40714285714286,7.46488294314381,999,7.42442442442442
701,298,7.36947218259629,7.37919463087248,999,7.37237237237237
708,288,7.36864406779661,7.42361111111111,996,7.38453815261044
711,287,7.37552742616034,7.48432055749129,998,7.40681362725451
704,293,7.33096590909091,7.419795221843,997,7.35707121364092
689,309,7.32801161103048,7.3915857605178,998,7.34769539078156
695,302,7.35971223021583,7.39403973509934,997,7.37011033099298
691,304,7.36034732272069,7.48684210526316,995,7.39899497487437
706,293,7.37818696883853,7.46757679180887,999,7.4044044044044
700,299,7.35285714285714,7.47157190635451,999,7.38838838838839
703,296,7.35704125177809,7.44256756756757,999,7.38238238238238
698,300,7.32808022922636,7.48,998,7.37374749498998
699,299,7.31473533619456,7.49832775919732,998,7.36973947895792
692,306,7.28468208092486,7.45751633986928,998,7.3376753507014
693,306,7.31457431457431,7.48039215686275,999,7.36536536536537
694,305,7.26945244956772,7.44590163934426,999,7.32332332332332
697,301,7.25824964131994,7.45182724252492,998,7.31663326653307
691,308,7.26772793053546,7.52597402597403,999,7.34734734734735
682,315,7.28885630498534,7.51428571428571,997,7.36008024072217
697,302,7.25538020086083,7.52317880794702,999,7.33633633633634
692,306,7.2471098265896,7.48692810457516,998,7.32064128256513
691,307,7.23589001447178,7.51791530944625,998,7.32264529058116
688,311,7.27761627906977,7.48553054662379,999,7.34234234234234
680,317,7.27352941176471,7.48580441640379,997,7.34102306920762
682,317,7.28739002932551,7.48580441640379,999,7.35035035035035
675,324,7.32888888888889,7.51234567901235,999,7.38838838838839
680,319,7.33529411764706,7.49843260188088,999,7.38738738738739
689,309,7.30478955007257,7.4789644012945,998,7.35871743486974
687,312,7.33333333333333,7.43269230769231,999,7.36436436436436
691,308,7.35600578871201,7.50649350649351,999,7.4024024024024
703,295,7.36273115220484,7.52203389830508,998,7.40981963927856
698,301,7.37679083094556,7.54152823920266,999,7.42642642642643
700,298,7.38571428571429,7.54362416107383,998,7.43286573146293
699,300,7.34334763948498,7.53,999,7.3993993993994
702,297,7.35327635327635,7.54208754208754,999,7.40940940940941
699,299,7.33476394849785,7.57859531772575,998,7.40781563126253
697,300,7.34576757532281,7.57333333333333,997,7.41424272818455
702,297,7.34045584045584,7.62626262626263,999,7.42542542542543
699,300,7.29899856938484,7.54666666666667,999,7.37337337337337
699,300,7.27753934191702,7.57,999,7.36536536536537
697,301,7.27690100430416,7.54485049833887,998,7.35771543086172
688,311,7.24854651162791,7.53054662379421,999,7.33633633633634
684,315,7.23099415204678,7.53015873015873,999,7.32532532532533
676,323,7.21449704142012,7.4922600619195,999,7.3043043043043
680,317,7.19264705882353,7.47318611987382,997,7.28184553660983
681,317,7.18649045521292,7.49842271293375,998,7.28557114228457
688,311,7.18604651162791,7.52090032154341,999,7.29029029029029
685,313,7.20583941605839,7.47603833865815,998,7.29058116232465
684,314,7.18567251461988,7.51910828025478,998,7.29058116232465
697,301,7.19799139167862,7.52823920265781,998,7.29759519038076
705,294,7.21702127659574,7.51360544217687,999,7.3043043043043
704,295,7.25284090909091,7.44745762711864,999,7.31031031031031
700,297,7.27,7.48484848484848,997,7.33400200601805
700,298,7.23857142857143,7.50335570469799,998,7.31763527054108
695,304,7.26618705035971,7.5625,999,7.35635635635636
698,300,7.29512893982808,7.48666666666667,998,7.35270541082164
697,301,7.28694404591105,7.48837209302326,998,7.34769539078156
692,307,7.28179190751445,7.50814332247557,999,7.35135135135135
696,302,7.28591954022988,7.47682119205298,998,7.3436873747495
699,299,7.30615164520744,7.46488294314381,998,7.35370741482966
698,300,7.2865329512894,7.43,998,7.32965931863727
703,296,7.28591749644381,7.4222972972973,999,7.32632632632633
709,290,7.26657263751763,7.4551724137931,999,7.32132132132132
715,282,7.26013986013986,7.40070921985816,997,7.29989969909729
711,287,7.27566807313643,7.39024390243902,998,7.30861723446894
706,292,7.26912181303116,7.40068493150685,998,7.30761523046092
707,292,7.25742574257426,7.45547945205479,999,7.31531531531532
703,296,7.29871977240398,7.41216216216216,999,7.33233233233233
701,295,7.24108416547789,7.36610169491525,996,7.2781124497992
698,301,7.26647564469914,7.37873754152824,999,7.3003003003003
701,298,7.28245363766048,7.45637583892617,999,7.33433433433433
710,289,7.3056338028169,7.54325259515571,999,7.37437437437437
712,287,7.30337078651685,7.48432055749129,999,7.35535535535536
709,288,7.29901269393512,7.47916666666667,997,7.35105315947844
702,294,7.3034188034188,7.45918367346939,996,7.34939759036145
697,302,7.35868005738881,7.41059602649007,999,7.37437437437437
706,291,7.36685552407932,7.47079037800687,997,7.39719157472417
706,291,7.39660056657224,7.51202749140893,997,7.43029087261785
709,290,7.3638928067701,7.52068965517241,999,7.40940940940941
709,290,7.34696755994358,7.5448275862069,999,7.4044044044044
714,285,7.39075630252101,7.56842105263158,999,7.44144144144144
710,288,7.36760563380282,7.58680555555556,998,7.43086172344689
711,287,7.35583684950774,7.62369337979094,998,7.43286573146293
708,291,7.37146892655367,7.62199312714777,999,7.44444444444444
715,283,7.38321678321678,7.67844522968198,998,7.46693386773547
721,277,7.38973647711512,7.66425992779783,998,7.46593186372746
721,278,7.38002773925104,7.63669064748201,999,7.45145145145145
715,283,7.4,7.56890459363958,998,7.44789579158317
704,294,7.40056818181818,7.6156462585034,998,7.46392785571142
712,287,7.41292134831461,7.6411149825784,999,7.47847847847848
710,289,7.38732394366197,7.64705882352941,999,7.46246246246246
703,295,7.38975817923186,7.64067796610169,998,7.46392785571142
701,297,7.4037089871612,7.71380471380471,998,7.49599198396794
704,294,7.40909090909091,7.68707482993197,998,7.49098196392786
698,300,7.41404011461318,7.69666666666667,998,7.49899799599198
694,305,7.35302593659942,7.70819672131148,999,7.46146146146146
691,307,7.30535455861071,7.7328990228013,998,7.43687374749499
688,311,7.28633720930233,7.77491961414791,999,7.43843843843844
677,321,7.34416543574594,7.79750778816199,998,7.48997995991984
673,324,7.35958395245171,7.80864197530864,997,7.50551654964895
675,323,7.36740740740741,7.80495356037152,998,7.50901803607214
682,316,7.3900293255132,7.80063291139241,998,7.52004008016032
686,312,7.41399416909621,7.74038461538461,998,7.51603206412826
689,309,7.38606676342525,7.64401294498382,998,7.46593186372746
685,314,7.4014598540146,7.61783439490446,999,7.46946946946947
693,305,7.46753246753247,7.61967213114754,998,7.51402805611222
687,312,7.45269286754003,7.62820512820513,999,7.50750750750751
691,308,7.44283646888567,7.62662337662338,999,7.4994994994995
690,309,7.48405797101449,7.61165048543689,999,7.52352352352352
682,316,7.54985337243402,7.59177215189873,998,7.56312625250501
686,313,7.53935860058309,7.59744408945687,999,7.55755755755756
689,310,7.53846153846154,7.61290322580645,999,7.56156156156156
693,305,7.52236652236652,7.62295081967213,998,7.55310621242485
688,309,7.50581395348837,7.64724919093851,997,7.54964894684052
691,308,7.49638205499276,7.68181818181818,999,7.55355355355355
690,309,7.47101449275362,7.69255663430421,999,7.53953953953954
679,320,7.47717231222386,7.69375,999,7.54654654654655
685,313,7.46423357664234,7.70287539936102,998,7.53907815631263
667,330,7.43028485757121,7.72424242424242,997,7.52758274824473
666,332,7.41741741741742,7.74096385542169,998,7.5250501002004
657,342,7.43683409436834,7.7280701754386,999,7.53653653653654
655,343,7.44580152671756,7.73760932944606,998,7.54609218436874
655,344,7.48396946564885,7.73255813953488,999,7.56956956956957
662,337,7.48791540785498,7.70623145400593,999,7.56156156156156
658,341,7.47568389057751,7.73020527859238,999,7.56256256256256
655,343,7.52824427480916,7.73760932944606,998,7.6002004008016
661,337,7.48108925869894,7.71216617210682,998,7.55911823647295
662,336,7.47280966767372,7.66071428571429,998,7.53607214428858
665,333,7.52481203007519,7.68768768768769,998,7.57915831663327
668,330,7.56137724550898,7.69393939393939,998,7.60521042084168
674,325,7.55192878338279,7.69538461538462,999,7.5985985985986
672,326,7.54017857142857,7.73312883435583,998,7.60320641282565
682,316,7.53812316715543,7.73417721518987,998,7.6002004008016
685,312,7.56496350364964,7.74679487179487,997,7.62186559679037
692,307,7.58236994219653,7.71009771986971,999,7.62162162162162
694,305,7.58789625360231,7.61967213114754,999,7.5975975975976
692,305,7.5606936416185,7.66229508196721,997,7.59177532597793
702,297,7.55840455840456,7.62962962962963,999,7.57957957957958
702,297,7.58119658119658,7.62962962962963,999,7.5955955955956
702,296,7.59116809116809,7.66554054054054,998,7.61322645290581
704,295,7.60511363636364,7.68474576271186,999,7.62862862862863
702,296,7.65099715099715,7.66554054054054,998,7.65531062124249
707,290,7.63790664780764,7.62413793103448,997,7.63390170511535
707,289,7.5968882602546,7.61937716262976,996,7.60341365461847
708,291,7.5819209039548,7.65292096219931,999,7.6026026026026
708,290,7.64265536723164,7.66896551724138,998,7.6503006012024
710,289,7.66760563380282,7.66089965397924,999,7.66566566566567
708,289,7.68361581920904,7.68512110726644,997,7.68405215646941
718,280,7.62952646239554,7.66071428571429,998,7.63827655310621
720,278,7.60694444444444,7.69424460431655,998,7.6312625250501
712,286,7.60814606741573,7.61538461538461,998,7.61022044088176
713,286,7.60729312762973,7.64685314685315,999,7.61861861861862
712,287,7.62078651685393,7.64459930313589,999,7.62762762762763
716,283,7.62849162011173,7.6113074204947,999,7.62362362362362
717,282,7.63458856345886,7.60992907801418,999,7.62762762762763
716,283,7.62849162011173,7.56537102473498,999,7.61061061061061
710,288,7.65774647887324,7.55902777777778,998,7.62925851703407
702,297,7.64387464387464,7.53198653198653,999,7.61061061061061
695,303,7.6273381294964,7.52145214521452,998,7.59519038076152
686,313,7.64431486880467,7.53354632587859,999,7.60960960960961
684,314,7.65497076023392,7.51592356687898,998,7.61122244488978
677,321,7.63515509601182,7.51090342679128,998,7.59519038076152
682,317,7.62023460410557,7.47634069400631,999,7.57457457457457
681,318,7.59911894273128,7.5251572327044,999,7.57557557557558
689,310,7.58490566037736,7.45161290322581,999,7.54354354354354
686,312,7.60932944606414,7.44871794871795,998,7.55911823647295
697,301,7.62410329985653,7.39867109634551,998,7.5561122244489
690,308,7.60869565217391,7.38311688311688,998,7.53907815631263
692,307,7.61994219653179,7.32247557003257,999,7.52852852852853
690,309,7.61304347826087,7.3495145631068,999,7.53153153153153
688,311,7.61482558139535,7.39871382636656,999,7.54754754754755
693,305,7.60606060606061,7.43606557377049,998,7.55410821643287
697,301,7.59253945480631,7.43189368770764,998,7.54408817635271
692,306,7.56936416184971,7.43790849673203,998,7.52905811623246
696,303,7.6264367816092,7.40594059405941,999,7.55955955955956
698,300,7.56160458452722,7.44,998,7.5250501002004
696,303,7.59770114942529,7.37293729372937,999,7.52952952952953
695,304,7.58129496402878,7.36184210526316,999,7.51451451451451
696,302,7.58045977011494,7.34437086092715,998,7.50901803607214
693,306,7.57720057720058,7.31699346405229,999,7.4974974974975
693,305,7.55555555555556,7.33770491803279,998,7.48897795591182
688,311,7.54360465116279,7.2540192926045,999,7.45345345345345
684,315,7.52777777777778,7.22539682539683,999,7.43243243243243
690,309,7.54202898550725,7.23948220064725,999,7.44844844844845
694,304,7.56051873198847,7.27302631578947,998,7.47294589178357
686,313,7.54956268221574,7.29073482428115,999,7.46846846846847
695,303,7.5294964028777,7.32673267326733,998,7.46793587174349
703,296,7.54338549075391,7.32094594594595,999,7.47747747747748
695,303,7.55107913669065,7.33003300330033,998,7.48396793587174
693,306,7.55844155844156,7.33986928104575,999,7.49149149149149
695,303,7.55107913669065,7.28382838283828,998,7.46993987975952
700,298,7.55714285714286,7.28523489932886,998,7.47595190380762
696,303,7.57040229885058,7.23102310231023,999,7.46746746746747
693,305,7.54978354978355,7.21639344262295,998,7.44789579158317
690,309,7.5463768115942,7.22006472491909,999,7.44544544544545
681,318,7.5345080763583,7.26100628930818,999,7.44744744744745
678,320,7.523598820059,7.29375,998,7.4498997995992
675,324,7.53037037037037,7.22839506172839,999,7.43243243243243
668,331,7.54790419161677,7.25075528700906,999,7.44944944944945
666,332,7.56906906906907,7.21686746987952,998,7.45190380761523
671,327,7.58569299552906,7.24464831804281,998,7.47394789579158
665,332,7.58796992481203,7.2289156626506,997,7.46840521564694
665,332,7.61203007518797,7.30421686746988,997,7.50952858575727
663,334,7.59879336349925,7.32634730538922,997,7.50752256770311
660,339,7.58787878787879,7.35103244837758,999,7.50750750750751
662,336,7.59516616314199,7.37202380952381,998,7.52004008016032
667,332,7.5832083958021,7.3855421686747,999,7.51751751751752
654,345,7.6039755351682,7.34492753623188,999,7.51451451451451
668,330,7.61526946107784,7.31818181818182,998,7.51703406813627
671,328,7.5946348733234,7.34756097560976,999,7.51351351351351
671,327,7.62444113263785,7.34556574923547,998,7.53306613226453
674,324,7.62908011869436,7.26851851851852,998,7.51202404809619
671,327,7.63189269746647,7.21406727828746,998,7.49498997995992
665,331,7.63308270676692,7.20845921450151,996,7.49196787148594
669,330,7.60239162929746,7.22121212121212,999,7.47647647647648
664,334,7.64457831325301,7.29640718562874,998,7.52805611222445
665,334,7.65864661654135,7.32934131736527,999,7.54854854854855
670,329,7.62238805970149,7.27051671732523,999,7.50650650650651
665,332,7.61503759398496,7.31927710843374,997,7.51654964894684
667,332,7.60119940029985,7.29518072289157,999,7.4994994994995
678,321,7.6047197640118,7.33021806853583,999,7.51651651651652
677,320,7.602658788774,7.403125,997,7.53861584754263
675,323,7.62074074074074,7.38080495356037,998,7.54308617234469
675,324,7.59259259259259,7.41049382716049,999,7.53353353353353
680,317,7.57205882352941,7.46372239747634,997,7.53761283851555
676,322,7.55769230769231,7.45031055900621,998,7.52304609218437
672,327,7.55357142857143,7.51070336391437,999,7.53953953953954
673,326,7.53789004457652,7.51226993865031,999,7.52952952952953
671,328,7.5096870342772,7.48780487804878,999,7.5025025025025
665,334,7.51278195488722,7.50299401197605,999,7.50950950950951
661,337,7.55219364599092,7.54896142433234,998,7.55110220440882
659,340,7.51289833080425,7.57647058823529,999,7.53453453453453
656,343,7.47256097560976,7.53061224489796,999,7.49249249249249
654,344,7.50152905198777,7.4796511627907,998,7.4939879759519
643,356,7.49922239502333,7.43258426966292,999,7.47547547547548
650,349,7.50923076923077,7.42120343839542,999,7.47847847847848
648,349,7.52314814814815,7.44699140401146,997,7.49648946840522
648,351,7.54166666666667,7.44159544159544,999,7.50650650650651
655,344,7.54503816793893,7.47383720930233,999,7.52052052052052
653,345,7.54517611026034,7.43768115942029,998,7.50801603206413
663,336,7.54901960784314,7.36904761904762,999,7.48848848848849
664,334,7.54819277108434,7.35329341317365,998,7.48296593186373
668,331,7.5434131736527,7.33232628398792,999,7.47347347347347
673,325,7.55126300148588,7.29230769230769,998,7.46693386773547
674,325,7.52225519287834,7.29230769230769,999,7.44744744744745
682,316,7.53225806451613,7.33544303797468,998,7.46993987975952
678,321,7.50442477876106,7.37071651090343,999,7.46146146146146
679,319,7.52282768777614,7.39498432601881,998,7.48196392785571
672,327,7.51636904761905,7.36085626911315,999,7.46546546546547
669,329,7.50373692077728,7.35258358662614,998,7.45390781563126
659,340,7.48710166919575,7.34411764705882,999,7.43843843843844
655,342,7.51145038167939,7.34502923976608,997,7.4543630892678
654,345,7.53211009174312,7.4,999,7.48648648648649
662,336,7.54078549848943,7.40476190476191,998,7.49498997995992
666,332,7.52852852852853,7.40361445783132,998,7.48697394789579
668,331,7.51047904191617,7.45015105740181,999,7.49049049049049
686,312,7.51166180758018,7.41666666666667,998,7.48196392785571
678,320,7.55014749262537,7.453125,998,7.51903807615231
673,324,7.54977711738484,7.43827160493827,997,7.5135406218656
674,325,7.52522255192878,7.46769230769231,999,7.50650650650651
664,334,7.54969879518072,7.43712574850299,998,7.51202404809619
672,327,7.52529761904762,7.3914373088685,999,7.48148148148148
677,322,7.49926144756278,7.33540372670807,999,7.44644644644645
669,330,7.48729446935725,7.38181818181818,999,7.45245245245245
676,322,7.49408284023669,7.33229813664596,998,7.44188376753507
679,320,7.50515463917526,7.340625,999,7.45245245245245
682,316,7.49560117302053,7.29113924050633,998,7.43086172344689
677,322,7.47858197932053,7.33540372670807,999,7.43243243243243
688,310,7.49854651162791,7.31290322580645,998,7.44088176352705
686,313,7.50437317784257,7.28434504792332,999,7.43543543543544
686,312,7.466472303207,7.23076923076923,998,7.39278557114228
681,317,7.4273127753304,7.24921135646688,998,7.37074148296593
688,311,7.45639534883721,7.23472668810289,999,7.38738738738739
695,304,7.42589928057554,7.27302631578947,999,7.37937937937938
700,299,7.44714285714286,7.17056856187291,999,7.36436436436436
700,299,7.43714285714286,7.24414715719064,999,7.37937937937938
698,301,7.44412607449857,7.25581395348837,999,7.38738738738739
700,299,7.45857142857143,7.23745819397993,999,7.39239239239239
703,295,7.44950213371266,7.24745762711864,998,7.38977955911824
699,299,7.4620886981402,7.29096989966555,998,7.41082164328657
704,295,7.44744318181818,7.23389830508475,999,7.38438438438438
694,305,7.49135446685879,7.18032786885246,999,7.3963963963964
701,296,7.4793152639087,7.1722972972973,997,7.38816449348044
695,303,7.48201438848921,7.16171617161716,998,7.38476953907816
690,309,7.48115942028986,7.14886731391586,999,7.37837837837838
691,308,7.45730824891462,7.13961038961039,999,7.35935935935936
685,313,7.47153284671533,7.11501597444089,998,7.35971943887776
684,315,7.47076023391813,7.12063492063492,999,7.36036036036036
685,313,7.47883211678832,7.12460063897764,998,7.36773547094188
696,302,7.47557471264368,7.15894039735099,998,7.37975951903808
691,307,7.48914616497829,7.1042345276873,998,7.37074148296593
689,310,7.53120464441219,7.12258064516129,999,7.4044044044044
684,313,7.50584795321637,7.11821086261981,997,7.38415245737212
685,313,7.52262773722628,7.06709265175719,998,7.37975951903808
681,318,7.52422907488987,7.16666666666667,999,7.41041041041041
688,311,7.5,7.16398713826367,999,7.3953953953954
696,301,7.48132183908046,7.19601328903654,997,7.39518555667001
696,302,7.5014367816092,7.19205298013245,998,7.40781563126253
688,310,7.52325581395349,7.19677419354839,998,7.42184368737475
694,305,7.52161383285303,7.12131147540984,999,7.3993993993994
694,305,7.52881844380403,7.08852459016393,999,7.39439439439439
707,291,7.53182461103253,7.15463917525773,998,7.42184368737475
710,289,7.5056338028169,7.19377162629758,999,7.41541541541542
705,294,7.53900709219858,7.1734693877551,999,7.43143143143143
703,296,7.58179231863442,7.11486486486486,999,7.44344344344344
706,292,7.58356940509915,7.05479452054795,998,7.42885771543086
708,290,7.52542372881356,7.09310344827586,998,7.3997995991984
702,294,7.55270655270655,7.09183673469388,996,7.41666666666667
702,297,7.54558404558405,7.08417508417508,999,7.40840840840841
699,300,7.53934191702432,7.09333333333333,999,7.40540540540541
700,299,7.49,7.12709030100334,999,7.38138138138138
699,299,7.47782546494993,7.17725752508361,998,7.3877755511022
705,294,7.50496453900709,7.13605442176871,999,7.3963963963964
705,293,7.50354609929078,7.16040955631399,998,7.40280561122244
712,287,7.51404494382022,7.18815331010453,999,7.42042042042042
711,287,7.53727144866385,7.21602787456446,998,7.44488977955912
713,286,7.51753155680224,7.24125874125874,999,7.43843843843844
714,284,7.50560224089636,7.22183098591549,998,7.4248496993988
713,286,7.4796633941094,7.22377622377622,999,7.40640640640641
718,279,7.49860724233983,7.21505376344086,997,7.41925777331996
712,285,7.51966292134831,7.20350877192982,997,7.42928786359077
721,278,7.51872399445215,7.20863309352518,999,7.43243243243243
712,286,7.53932584269663,7.16433566433566,998,7.43186372745491
706,293,7.54674220963173,7.1740614334471,999,7.43743743743744
705,293,7.5290780141844,7.1296928327645,998,7.41182364729459
705,294,7.53049645390071,7.17006802721088,999,7.42442442442442
696,303,7.54454022988506,7.14521452145215,999,7.42342342342342
691,308,7.59189580318379,7.15584415584416,999,7.45745745745746
690,308,7.61159420289855,7.13636363636364,998,7.46492985971944
689,309,7.61103047895501,7.17152103559871,998,7.4749498997996
696,303,7.60775862068965,7.12871287128713,999,7.46246246246246
701,298,7.61483594864479,7.11409395973154,999,7.46546546546547
694,305,7.63256484149856,7.09508196721311,999,7.46846846846847
697,302,7.64849354375897,7.07284768211921,999,7.47447447447447
697,300,7.61406025824964,7.12666666666667,997,7.46740220661986
688,311,7.625,7.15434083601286,999,7.47847847847848
691,307,7.6410998552822,7.12703583061889,998,7.48296593186373
691,307,7.67438494934877,7.11074918566775,998,7.50100200400802
693,306,7.68542568542569,7.09803921568627,999,7.50550550550551
690,309,7.6695652173913,7.01941747572816,999,7.46846846846847
694,303,7.67435158501441,6.98019801980198,997,7.46339017051153
694,302,7.65994236311239,7.00993377483444,996,7.46285140562249
706,293,7.6628895184136,6.96245733788396,999,7.45745745745746
697,300,7.66427546628407,6.96333333333333,997,7.45336008024072
700,297,7.64571428571429,6.93939393939394,997,7.43530591775326
694,304,7.63832853025937,6.98684210526316,998,7.43987975951904
692,307,7.63872832369942,6.9413680781759,999,7.42442442442442
693,306,7.63203463203463,6.91176470588235,999,7.41141141141141
685,314,7.63941605839416,6.93630573248408,999,7.41841841841842
692,306,7.63005780346821,6.92156862745098,998,7.41282565130261
690,309,7.61884057971015,6.93851132686084,999,7.40840840840841
693,306,7.64069264069264,6.91830065359477,999,7.41941941941942
690,309,7.60869565217391,6.90938511326861,999,7.39239239239239
696,303,7.5617816091954,6.94059405940594,999,7.37337337337337
694,305,7.55619596541787,6.94098360655738,999,7.36836836836837
694,304,7.5864553314121,6.92434210526316,998,7.38476953907816
682,316,7.59090909090909,6.93670886075949,998,7.38376753507014
685,314,7.56204379562044,6.9140127388535,999,7.35835835835836
685,314,7.61021897810219,6.96178343949045,999,7.40640640640641
688,311,7.62354651162791,6.94212218649518,999,7.41141141141141
683,315,7.64128843338214,6.97142857142857,998,7.42985971943888
681,318,7.65198237885463,7.0062893081761,999,7.44644644644645
682,316,7.67155425219941,7.01582278481013,998,7.46392785571142
681,316,7.66813509544787,6.99683544303798,997,7.45536609829488
679,318,7.69661266568483,6.9937106918239,997,7.47241725175527
681,317,7.69162995594714,6.97791798107256,998,7.46492985971944
675,324,7.69481481481481,6.97839506172839,999,7.46246246246246
678,319,7.70796460176991,6.96865203761755,997,7.47141424272818
670,329,7.73134328358209,6.95744680851064,999,7.47647647647648
668,330,7.7185628742515,6.94242424242424,998,7.46192384769539
663,336,7.66214177978884,7.00297619047619,999,7.44044044044044
657,341,7.64535768645358,7.00293255131965,998,7.42585170340681
661,337,7.6338880484115,7.00890207715134,998,7.42284569138277
672,327,7.64583333333333,7.03975535168196,999,7.44744744744745
666,333,7.62012012012012,6.98198198198198,999,7.40740740740741
671,326,7.61102831594635,6.96625766871166,997,7.40020060180542
673,326,7.57652303120357,6.98773006134969,999,7.38438438438438
682,316,7.59530791788856,7.01898734177215,998,7.41282565130261
682,316,7.60117302052786,7.00632911392405,998,7.41282565130261
676,322,7.61834319526627,7.05590062111801,998,7.43687374749499
677,322,7.59084194977843,7.02795031055901,999,7.40940940940941
672,325,7.55803571428571,7.04307692307692,997,7.3901705115346
670,329,7.54179104477612,7.14285714285714,999,7.41041041041041
668,330,7.55838323353293,7.07878787878788,998,7.3997995991984
665,333,7.52932330827068,7.15015015015015,998,7.40280561122244
669,330,7.53064275037369,7.13636363636364,999,7.4004004004004
666,332,7.52252252252252,7.10240963855422,998,7.38276553106212
664,334,7.51506024096386,7.09880239520958,998,7.37575150300601
662,335,7.57552870090634,7.12537313432836,997,7.42427281845537
648,350,7.57407407407407,7.06571428571429,998,7.39579158316633
648,348,7.60030864197531,7.06609195402299,996,7.4136546184739
659,340,7.56297420333839,7.09411764705882,999,7.4034034034034
649,350,7.54545454545455,7.05714285714286,999,7.37437437437437
648,349,7.54783950617284,7.09169054441261,997,7.38816449348044
654,343,7.54587155963303,7.09620991253644,997,7.39117352056168
663,334,7.5369532428356,7.05089820359281,997,7.3741223671013
664,334,7.51355421686747,7.05988023952096,998,7.36172344689379
664,334,7.53765060240964,7.09580838323353,998,7.38977955911824
663,335,7.54901960784314,7.04477611940298,998,7.37975951903808
660,339,7.52424242424242,7.05604719764012,999,7.36536536536537
653,346,7.55742725880551,7.03179190751445,999,7.37537537537538
648,351,7.56481481481481,7.04558404558405,999,7.38238238238238
645,353,7.61085271317829,7.08215297450425,998,7.42384769539078
653,346,7.59877488514548,7.07514450867052,999,7.41741741741742
644,352,7.62267080745342,7.08522727272727,996,7.43273092369478
645,353,7.61860465116279,7.08781869688385,998,7.43086172344689
654,343,7.62079510703364,7.07871720116618,997,7.43430290872618
655,344,7.57862595419847,7.10174418604651,999,7.41441441441441
655,343,7.63053435114504,7.10204081632653,998,7.44889779559118
657,342,7.64383561643836,7.0906432748538,999,7.45445445445445
649,350,7.65947611710324,7.11428571428571,999,7.46846846846847
648,347,7.6141975308642,7.11527377521614,995,7.44020100502513
653,346,7.57886676875957,7.13294797687861,999,7.42442442442442
651,347,7.57296466973886,7.11815561959654,998,7.41482965931864
659,339,7.60091047040971,7.17109144542773,998,7.45490981963928
656,342,7.60213414634146,7.16959064327485,998,7.45390781563126
655,343,7.6030534351145,7.2332361516035,998,7.47595190380762
664,335,7.58132530120482,7.22985074626866,999,7.46346346346346
654,345,7.55963302752294,7.21739130434783,999,7.44144144144144
656,342,7.5609756097561,7.19883040935673,998,7.43687374749499
657,341,7.61948249619483,7.18181818181818,998,7.46993987975952
649,350,7.63174114021572,7.26285714285714,999,7.5025025025025
643,356,7.63919129082426,7.25561797752809,999,7.5025025025025
639,360,7.64162754303599,7.26388888888889,999,7.50550550550551
636,362,7.66981132075472,7.26243093922652,998,7.52204408817635
635,363,7.63149606299213,7.27272727272727,998,7.50100200400802
637,361,7.58869701726845,7.29639889196676,998,7.48296593186373
628,370,7.62579617834395,7.31081081081081,998,7.50901803607214
623,374,7.61637239165329,7.35294117647059,997,7.51755265797392
628,370,7.59872611464968,7.33243243243243,998,7.5
627,371,7.59968102073365,7.37735849056604,998,7.51703406813627
624,374,7.61057692307692,7.29946524064171,998,7.4939879759519
619,379,7.58481421647819,7.32717678100264,998,7.48697394789579
624,375,7.59775641025641,7.344,999,7.5025025025025
621,375,7.59259259259259,7.344,996,7.49899598393574
615,384,7.60650406504065,7.37760416666667,999,7.51851851851852
614,384,7.56514657980456,7.36197916666667,998,7.48697394789579
618,380,7.57443365695793,7.30789473684211,998,7.47294589178357
614,385,7.59771986970684,7.27532467532468,999,7.47347347347347
613,383,7.56933115823817,7.25848563968668,996,7.44979919678715
621,378,7.57326892109501,7.25396825396825,999,7.45245245245245
630,368,7.56507936507936,7.27717391304348,998,7.45891783567134
642,357,7.57320872274143,7.30252100840336,999,7.47647647647648
636,362,7.52830188679245,7.3121546961326,998,7.4498997995992
637,361,7.52276295133438,7.29362880886427,998,7.43987975951904
643,355,7.53188180404355,7.34366197183099,998,7.46492985971944
640,359,7.55,7.36768802228412,999,7.48448448448448
639,360,7.54460093896714,7.33055555555556,999,7.46746746746747
641,357,7.54758190327613,7.296918767507,998,7.45791583166333
630,368,7.51111111111111,7.28532608695652,998,7.42785571142285
629,369,7.48012718600954,7.31436314363144,998,7.4188376753507
631,363,7.49762282091918,7.3030303030303,994,7.42655935613682
627,370,7.46411483253589,7.26486486486487,997,7.3901705115346
637,360,7.45368916797488,7.25,997,7.38014042126379
639,358,7.42723004694836,7.26815642458101,997,7.37011033099298
633,366,7.43601895734597,7.21584699453552,999,7.35535535535536
630,367,7.41587301587302,7.23160762942779,997,7.34804413239719
641,356,7.45085803432137,7.3314606741573,997,7.40822467402207
639,360,7.43505477308294,7.3,999,7.38638638638639
628,369,7.45063694267516,7.25474254742547,997,7.37813440320963
626,371,7.43769968051118,7.22641509433962,997,7.35907723169509
630,369,7.43968253968254,7.19512195121951,999,7.34934934934935
623,374,7.47030497592295,7.19786096256685,997,7.36810431293882
628,371,7.49363057324841,7.14016172506739,999,7.36236236236236
628,371,7.46178343949045,7.12938005390836,999,7.33833833833834
629,369,7.44356120826709,7.1869918699187,998,7.34869739478958
629,370,7.45468998410175,7.18918918918919,999,7.35635635635636
635,360,7.43622047244094,7.25555555555556,995,7.37085427135678
642,357,7.45171339563863,7.26610644257703,999,7.38538538538539
640,356,7.4515625,7.31179775280899,996,7.40160642570281
646,352,7.47058823529412,7.34659090909091,998,7.42685370741483
650,349,7.42923076923077,7.30945558739255,999,7.38738738738739
648,351,7.45524691358025,7.33333333333333,999,7.41241241241241
654,345,7.46636085626911,7.35072463768116,999,7.42642642642643
641,358,7.46957878315133,7.31843575418994,999,7.41541541541542
638,361,7.44043887147335,7.32409972299169,999,7.3983983983984
635,363,7.45669291338583,7.32782369146005,998,7.40981963927856
636,362,7.42610062893082,7.34806629834254,998,7.39779559118236
634,365,7.44321766561514,7.33698630136986,999,7.4044044044044
634,365,7.48107255520505,7.35342465753425,999,7.43443443443443
631,367,7.48019017432647,7.33514986376022,998,7.42685370741483
620,378,7.50161290322581,7.33068783068783,998,7.43687374749499
612,385,7.50326797385621,7.41038961038961,997,7.46740220661986
619,380,7.50242326332795,7.44210526315789,999,7.47947947947948
618,380,7.4789644012945,7.44473684210526,998,7.46593186372746
619,378,7.46042003231018,7.48412698412698,997,7.46940822467402
617,382,7.45867098865478,7.52356020942408,999,7.48348348348348
622,377,7.46945337620579,7.54376657824934,999,7.4974974974975
624,373,7.45673076923077,7.54155495978552,997,7.48846539618857
628,371,7.45541401273885,7.52830188679245,999,7.48248248248248
626,372,7.4297124600639,7.54569892473118,998,7.47294589178357
619,379,7.39903069466882,7.54089709762533,998,7.45290581162325
613,384,7.38662316476346,7.53385416666667,997,7.44332998996991
615,383,7.34471544715447,7.54308093994778,998,7.42084168336673
605,394,7.34380165289256,7.5507614213198,999,7.42542542542543
619,380,7.34248788368336,7.50526315789474,999,7.4044044044044
616,383,7.35227272727273,7.54046997389034,999,7.42442442442442
612,387,7.37745098039216,7.54521963824289,999,7.44244244244244
607,391,7.41350906095552,7.54987212276215,998,7.46693386773547
605,394,7.4099173553719,7.54314720812183,999,7.46246246246246
607,391,7.39538714991763,7.54475703324808,998,7.45390781563126
605,393,7.44132231404959,7.50636132315522,998,7.46693386773547
602,397,7.42358803986711,7.50629722921914,999,7.45645645645646
606,392,7.36303630363036,7.45408163265306,998,7.39879759519038
608,390,7.39309210526316,7.4974358974359,998,7.43386773547094
614,383,7.36807817589577,7.49869451697128,997,7.41825476429288
608,391,7.38322368421053,7.54731457800511,999,7.44744744744745
606,392,7.3993399339934,7.56122448979592,998,7.46292585170341
605,392,7.43636363636364,7.55867346938776,997,7.48445336008024
597,402,7.43551088777219,7.57213930348259,999,7.49049049049049
597,402,7.42881072026801,7.55721393034826,999,7.48048048048048
598,400,7.45986622073579,7.55,998,7.49599198396794
588,411,7.42517006802721,7.52798053527981,999,7.46746746746747
591,408,7.4010152284264,7.50735294117647,999,7.44444444444444
595,402,7.40168067226891,7.49253731343284,997,7.4383149448345
601,398,7.38435940099834,7.50251256281407,999,7.43143143143143
601,398,7.4026622296173,7.56281407035176,999,7.46646646646647
596,403,7.41275167785235,7.575682382134,999,7.47847847847848
591,408,7.43824027072758,7.51960784313725,999,7.47147147147147
595,400,7.41344537815126,7.575,995,7.478391959799
586,412,7.41126279863481,7.56553398058252,998,7.4749498997996
589,408,7.47368421052632,7.5171568627451,997,7.49147442326981
589,410,7.47028862478778,7.50731707317073,999,7.48548548548549
593,406,7.47386172006745,7.50492610837438,999,7.48648648648649
588,411,7.47789115646258,7.51824817518248,999,7.49449449449449
590,408,7.5,7.51470588235294,998,7.5060120240481
580,417,7.46551724137931,7.49400479616307,997,7.47743229689067
577,421,7.44020797227036,7.56769596199525,998,7.4939879759519
586,413,7.39761092150171,7.57142857142857,999,7.46946946946947
586,412,7.40955631399317,7.52669902912621,998,7.45791583166333
590,407,7.38813559322034,7.54791154791155,997,7.45336008024072
594,404,7.36195286195286,7.6039603960396,998,7.45991983967936
600,399,7.34833333333333,7.59147869674185,999,7.44544544544545
598,399,7.38795986622074,7.60651629072682,997,7.47542627883651
604,393,7.4023178807947,7.62595419847328,997,7.49047141424273
601,398,7.40432612312812,7.68592964824121,999,7.51651651651652
596,401,7.40268456375839,7.66084788029925,997,7.50651955867603
602,397,7.39036544850498,7.66498740554156,999,7.4994994994995
606,392,7.38448844884488,7.64285714285714,998,7.48597194388778
602,396,7.3953488372093,7.65909090909091,998,7.5
611,388,7.379705400982,7.61855670103093,999,7.47247247247247
616,383,7.33279220779221,7.67624020887728,999,7.46446446446446
616,383,7.37337662337662,7.67362924281984,999,7.48848848848849
609,389,7.4055829228243,7.67609254498715,998,7.51102204408818
598,400,7.36120401337793,7.6775,998,7.48797595190381
607,392,7.37561779242175,7.68877551020408,999,7.4984984984985
596,403,7.33053691275168,7.6575682382134,999,7.46246246246246
592,407,7.3597972972973,7.64373464373464,999,7.47547547547548
602,397,7.34717607973422,7.60705289672544,999,7.45045045045045
599,400,7.34724540901503,7.63,999,7.46046046046046
603,396,7.30845771144279,7.58333333333333,999,7.41741741741742
610,387,7.30491803278689,7.58914728682171,997,7.41524573721163
604,393,7.28476821192053,7.64376590330789,997,7.42627883650953
603,394,7.29684908789386,7.5989847715736,997,7.41624874623872
602,396,7.29734219269103,7.58080808080808,998,7.40981963927856
596,402,7.27013422818792,7.61442786069652,998,7.40881763527054
585,414,7.28376068376068,7.60869565217391,999,7.41841841841842
581,416,7.23063683304647,7.60336538461539,997,7.38615847542628
581,418,7.21170395869191,7.5933014354067,999,7.37137137137137
570,428,7.20877192982456,7.57476635514019,998,7.36573146292585
555,443,7.21081081081081,7.59593679458239,998,7.38176352705411
558,440,7.24193548387097,7.57954545454545,998,7.39078156312625
552,447,7.26992753623188,7.56152125279642,999,7.4004004004004
552,446,7.27355072463768,7.53587443946188,998,7.39078156312625
566,431,7.27031802120141,7.52900232018562,997,7.38214643931795
564,434,7.23936170212766,7.51152073732719,998,7.35771543086172
573,426,7.23734729493892,7.46009389671362,999,7.33233233233233
577,422,7.22530329289428,7.46919431279621,999,7.32832832832833
568,431,7.2306338028169,7.41067285382831,999,7.30830830830831
572,427,7.2465034965035,7.42154566744731,999,7.32132132132132
578,420,7.24913494809689,7.40714285714286,998,7.31563126252505
575,423,7.23826086956522,7.43262411347518,998,7.32064128256513
566,432,7.25088339222615,7.46527777777778,998,7.3436873747495
560,437,7.25,7.45995423340961,997,7.3420260782347
557,442,7.25673249551167,7.46606334841629,999,7.34934934934935
556,443,7.23920863309352,7.45823927765237,999,7.33633633633634
564,435,7.18971631205674,7.49655172413793,999,7.32332332332332
563,435,7.18827708703375,7.42988505747126,998,7.2935871743487
558,440,7.17204301075269,7.40909090909091,998,7.27655310621242
560,439,7.14107142857143,7.43507972665148,999,7.27027027027027
554,445,7.12996389891697,7.47865168539326,999,7.28528528528529
556,442,7.10971223021583,7.44796380090498,998,7.25951903807615
558,440,7.11469534050179,7.43181818181818,998,7.25450901803607
563,434,7.10301953818828,7.47004608294931,997,7.26278836509529
563,435,7.08170515097691,7.48275862068965,998,7.2565130260521
556,439,7.09172661870504,7.4874715261959,995,7.26633165829146
570,429,7.0859649122807,7.52680652680653,999,7.27527527527528
579,420,7.12435233160622,7.50714285714286,999,7.28528528528529
591,408,7.11336717428088,7.44852941176471,999,7.25025025025025
588,411,7.0969387755102,7.49878345498783,999,7.26226226226226
588,411,7.10204081632653,7.49148418491484,999,7.26226226226226
599,400,7.110183639399,7.5425,999,7.28328328328328
591,407,7.11336717428088,7.53808353808354,998,7.28657314629258
590,409,7.0728813559322,7.4841075794621,999,7.24124124124124
588,411,7.02891156462585,7.49391727493917,999,7.22022022022022
571,428,7.03327495621716,7.52570093457944,999,7.24424424424424
572,425,7.03671328671329,7.55529411764706,997,7.25777331995988
564,435,7.08687943262411,7.52873563218391,999,7.27927927927928
556,441,7.02338129496403,7.5827664399093,997,7.27081243731194
561,438,7.02852049910873,7.59360730593607,999,7.27627627627628
567,431,7.01763668430335,7.63109048723898,998,7.28256513026052
560,438,7.00535714285714,7.58675799086758,998,7.26052104208417
559,438,7.02325581395349,7.53424657534247,997,7.24774322968907
560,437,7.05714285714286,7.54919908466819,997,7.2728184553661
556,443,7.02158273381295,7.49661399548533,999,7.23223223223223
550,448,6.99636363636364,7.52901785714286,998,7.23547094188377
553,446,7.00723327305606,7.50448430493274,999,7.22922922922923
554,445,7.00541516245487,7.51011235955056,999,7.23023023023023
554,444,7.01805054151625,7.52927927927928,998,7.24549098196393
549,450,7.06193078324226,7.50222222222222,999,7.26026026026026
557,442,7.05924596050269,7.52941176470588,999,7.26726726726727
556,443,7.05395683453237,7.49661399548533,999,7.25025025025025
544,455,7.08823529411765,7.47252747252747,999,7.26326326326326
547,452,7.12248628884826,7.50442477876106,999,7.2952952952953
543,456,7.10681399631676,7.49342105263158,999,7.28328328328328
540,458,7.07777777777778,7.48471615720524,998,7.26452905811623
535,464,7.1196261682243,7.48491379310345,999,7.28928928928929
536,462,7.09328358208955,7.43939393939394,998,7.25350701402806
536,463,7.09514925373134,7.46652267818575,999,7.26726726726727
536,463,7.10261194029851,7.38228941684665,999,7.23223223223223
537,461,7.05586592178771,7.39913232104121,998,7.21442885771543
525,473,7.07238095238095,7.4291754756871,998,7.24148296593186
522,475,7.04789272030651,7.46315789473684,997,7.2457372116349
531,468,7.09416195856874,7.44444444444444,999,7.25825825825826
533,466,7.09943714821764,7.47210300429185,999,7.27327327327327
536,463,7.14365671641791,7.46436285097192,999,7.29229229229229
526,473,7.18250950570342,7.4630021141649,999,7.31531531531532
530,468,7.18679245283019,7.46794871794872,998,7.3186372745491
527,470,7.19734345351044,7.50851063829787,997,7.34403209628887
528,471,7.20833333333333,7.51804670912951,999,7.35435435435435
528,470,7.24242424242424,7.49787234042553,998,7.3627254509018
517,482,7.27272727272727,7.46058091286307,999,7.36336336336336
527,472,7.25996204933586,7.46398305084746,999,7.35635635635636
535,462,7.24485981308411,7.49350649350649,997,7.36008024072217
529,468,7.22117202268431,7.51495726495726,997,7.35907723169509
516,481,7.24031007751938,7.54261954261954,997,7.38615847542628
506,492,7.21936758893281,7.54268292682927,998,7.37875751503006
499,500,7.18036072144289,7.52,999,7.35035035035035
505,494,7.17029702970297,7.51012145748988,999,7.33833833833834
504,495,7.20634920634921,7.53737373737374,999,7.37037037037037
502,497,7.16334661354582,7.5513078470825,999,7.35635635635636
508,491,7.17322834645669,7.56415478615071,999,7.36536536536537
499,498,7.22645290581162,7.54016064257028,997,7.38314944834504
487,512,7.19712525667351,7.53125,999,7.36836836836837
494,503,7.22267206477733,7.53479125248509,997,7.38014042126379
489,509,7.22085889570552,7.4950884086444,998,7.36072144288577
498,500,7.25301204819277,7.45,998,7.35170340681363
498,498,7.25301204819277,7.44176706827309,996,7.34738955823293
500,496,7.172,7.44758064516129,996,7.30923694779116
509,488,7.21218074656189,7.42008196721311,997,7.31394182547643
508,491,7.25393700787402,7.41344195519348,999,7.33233233233233
512,487,7.23828125,7.39835728952772,999,7.31631631631632
504,495,7.25,7.4,999,7.32432432432432
512,486,7.267578125,7.43621399176955,998,7.3496993987976
499,499,7.23847695390782,7.40681362725451,998,7.32264529058116
486,512,7.22427983539095,7.39453125,998,7.31162324649299
487,512,7.23819301848049,7.384765625,999,7.31331331331331
486,511,7.20164609053498,7.39138943248532,997,7.29889669007021
486,512,7.18518518518519,7.3828125,998,7.28657314629258
479,519,7.17327766179541,7.373795761079,998,7.27755511022044
479,518,7.18789144050104,7.33204633204633,997,7.26278836509529
483,515,7.14285714285714,7.34757281553398,998,7.24849699398798
477,522,7.12788259958071,7.40421455938697,999,7.27227227227227
481,516,7.11018711018711,7.37015503875969,997,7.24473420260782
476,523,7.14075630252101,7.34225621414914,999,7.24624624624625
481,518,7.13097713097713,7.39189189189189,999,7.26626626626627
475,524,7.15578947368421,7.40839694656489,999,7.28828828828829
479,520,7.15031315240083,7.40384615384615,999,7.28228228228228
470,529,7.14042553191489,7.39886578449905,999,7.27727727727728
481,518,7.17047817047817,7.38416988416988,999,7.28128128128128
468,530,7.11538461538461,7.40754716981132,998,7.27054108216433
457,540,7.14660831509847,7.42037037037037,997,7.29488465396189
451,547,7.09977827050998,7.36380255941499,998,7.24448897795591
438,560,7.11187214611872,7.37321428571429,998,7.25851703406814
436,562,7.14678899082569,7.38967971530249,998,7.28356713426854
440,559,7.15454545454545,7.42039355992844,999,7.3033033033033
447,552,7.12751677852349,7.40760869565217,999,7.28228228228228
451,548,7.17516629711752,7.40693430656934,999,7.3023023023023
452,547,7.1858407079646,7.38756855575868,999,7.2962962962963
457,542,7.18380743982495,7.36346863468635,999,7.28128128128128
461,537,7.18004338394794,7.36312849162011,998,7.27855711422846
464,535,7.17456896551724,7.4,999,7.2952952952953
456,543,7.18201754385965,7.43462246777164,999,7.31931931931932
454,544,7.20264317180617,7.41544117647059,998,7.3186372745491
460,537,7.22173913043478,7.37057728119181,997,7.30190571715145
460,538,7.18260869565217,7.37546468401487,998,7.28657314629258
458,540,7.19213973799127,7.3962962962963,998,7.30260521042084
465,533,7.16774193548387,7.35272045028143,998,7.26653306613226
464,533,7.21120689655172,7.33583489681051,997,7.2778335005015
449,548,7.22271714922049,7.40693430656934,997,7.32397191574724
448,549,7.20982142857143,7.38979963570127,997,7.30892678034102
457,542,7.22100656455142,7.38929889298893,999,7.31231231231231
446,552,7.2780269058296,7.36231884057971,998,7.32464929859719
438,558,7.24200913242009,7.40860215053763,996,7.33534136546185
447,552,7.25279642058166,7.43478260869565,999,7.35335335335335
449,549,7.21826280623608,7.41347905282332,998,7.32565130260521
450,549,7.20444444444444,7.37158469945355,999,7.2962962962963
456,542,7.18859649122807,7.34686346863469,998,7.27454909819639
447,552,7.17897091722595,7.39492753623188,999,7.2982982982983
449,550,7.20935412026726,7.38909090909091,999,7.30830830830831
441,558,7.19047619047619,7.38530465949821,999,7.2992992992993
439,560,7.22323462414579,7.36964285714286,999,7.30530530530531
447,552,7.20805369127517,7.39855072463768,999,7.31331331331331
443,555,7.22121896162528,7.42522522522523,998,7.33466933867735
449,549,7.20712694877506,7.43897996357013,998,7.33466933867735
447,551,7.21476510067114,7.42286751361162,998,7.32965931863727
449,550,7.21603563474387,7.39636363636364,999,7.31531531531532
454,542,7.25991189427313,7.45571955719557,996,7.36646586345381
459,538,7.30283224400872,7.47769516728625,997,7.39719157472417
465,532,7.28817204301075,7.44548872180451,997,7.37211634904714
465,534,7.29677419354839,7.43820224719101,999,7.37237237237237
457,542,7.28665207877462,7.4409594095941,999,7.37037037037037
465,534,7.27956989247312,7.47940074906367,999,7.38638638638639
458,540,7.29475982532751,7.48518518518518,998,7.39779559118236
