forward_num,reverse_num,forward_rate,reverse_rate,organism_num,organism_rate
5,5,5.0,5.0,10,5.0
5,5,5.0,5.0,10,5.0
5,5,5.0,5.0,10,5.0
6,6,5.33333333333333,5.33333333333333,12,5.33333333333333
7,7,5.42857142857143,5.42857142857143,14,5.42857142857143
8,8,5.375,5.375,16,5.375
11,11,5.54545454545455,5.54545454545455,22,5.54545454545455
14,14,5.42857142857143,5.42857142857143,28,5.42857142857143
14,14,5.42857142857143,5.42857142857143,28,5.42857142857143
20,20,5.7,5.7,40,5.7
20,20,5.7,5.7,40,5.7
26,26,5.61538461538461,5.61538461538461,52,5.61538461538461
34,34,5.94117647058824,5.94117647058824,68,5.94117647058824
38,38,5.84210526315789,5.84210526315789,76,5.84210526315789
48,48,5.75,5.75,96,5.75
64,64,6.0625,6.0625,128,6.0625
68,68,5.94117647058824,5.94117647058824,136,5.94117647058824
92,92,5.8695652173913,5.8695652173913,184,5.8695652173913
124,124,6.16129032258065,6.16129032258065,248,6.16129032258065
124,124,6.16129032258065,6.16129032258065,248,6.16129032258065
124,124,6.16129032258065,6.16129032258065,248,6.16129032258065
247,248,6.15789473684211,6.16129032258065,495,6.15959595959596
247,248,6.15789473684211,6.16129032258065,495,6.15959595959596
247,248,6.15789473684211,6.16129032258065,495,6.15959595959596
438,439,6.37899543378995,6.38041002277904,877,6.37970353477765
469,471,6.28358208955224,6.28662420382166,940,6.28510638297872
498,501,6.23092369477912,6.23353293413174,999,6.23223223223223
500,498,6.252,6.25301204819277,998,6.25250501002004
510,489,6.25098039215686,6.24539877300614,999,6.24824824824825
505,494,6.24950495049505,6.20040485829959,999,6.22522522522523
508,489,6.2992125984252,6.26380368098159,997,6.28184553660983
506,490,6.27272727272727,6.22040816326531,996,6.24698795180723
517,481,6.2862669245648,6.24948024948025,998,6.2685370741483
512,487,6.296875,6.24845995893224,999,6.27327327327327
502,496,6.27091633466135,6.25403225806452,998,6.2625250501002
504,494,6.30753968253968,6.28542510121457,998,6.29659318637275
499,497,6.33266533066132,6.33400402414487,996,6.33333333333333
500,498,6.344,6.31927710843374,998,6.33166332665331
499,499,6.33066132264529,6.34869739478958,998,6.33967935871743
489,510,6.38241308793456,6.38039215686275,999,6.38138138138138
490,509,6.4,6.4007858546169,999,6.4004004004004
488,511,6.37704918032787,6.37377690802348,999,6.37537537537538
501,496,6.35728542914172,6.35483870967742,997,6.35606820461384
504,492,6.33531746031746,6.35365853658537,996,6.34437751004016
511,487,6.35420743639922,6.36344969199179,998,6.35871743486974
515,480,6.38446601941748,6.35208333333333,995,6.36884422110553
512,485,6.390625,6.35051546391753,997,6.37111334002006
505,493,6.39405940594059,6.34077079107505,998,6.36773547094188
511,488,6.39921722113503,6.34426229508197,999,6.37237237237237
510,489,6.42549019607843,6.32719836400818,999,6.37737737737738
507,491,6.4181459566075,6.33808553971487,998,6.37875751503006
500,498,6.424,6.34738955823293,998,6.38577154308617
508,490,6.42125984251969,6.35510204081633,998,6.38877755511022
517,482,6.41972920696325,6.33195020746888,999,6.37737737737738
506,493,6.42490118577075,6.3184584178499,999,6.37237237237237
500,498,6.452,6.35341365461847,998,6.40280561122244
510,489,6.44509803921569,6.3680981595092,999,6.40740740740741
498,500,6.46586345381526,6.338,998,6.40180360721443
495,501,6.46262626262626,6.34131736526946,996,6.40160642570281
508,489,6.49212598425197,6.35378323108384,997,6.42427281845537
502,495,6.47011952191235,6.36969696969697,997,6.42026078234704
491,508,6.47454175152749,6.36614173228346,999,6.41941941941942
502,497,6.50796812749004,6.34607645875252,999,6.42742742742743
499,497,6.48496993987976,6.33601609657948,996,6.41064257028112
499,500,6.48496993987976,6.352,999,6.41841841841842
510,489,6.49411764705882,6.35173824130879,999,6.42442442442442
506,491,6.4703557312253,6.37067209775967,997,6.42126379137412
508,490,6.48228346456693,6.38163265306122,998,6.43286573146293
511,487,6.51272015655577,6.38603696098563,998,6.45090180360721
507,491,6.49704142011834,6.40122199592668,998,6.4498997995992
503,495,6.48508946322068,6.41212121212121,998,6.44889779559118
507,490,6.49704142011834,6.40816326530612,997,6.45336008024072
506,492,6.53557312252964,6.43292682926829,998,6.48496993987976
493,505,6.50709939148073,6.40792079207921,998,6.45691382765531
489,510,6.48466257668712,6.41176470588235,999,6.44744744744745
492,507,6.48170731707317,6.43589743589744,999,6.45845845845846
491,508,6.4786150712831,6.46456692913386,999,6.47147147147147
494,505,6.49595141700405,6.44752475247525,999,6.47147147147147
499,499,6.50300601202405,6.44689378757515,998,6.4749498997996
503,494,6.50497017892644,6.45951417004049,997,6.48244734202608
510,489,6.49803921568627,6.45807770961145,999,6.47847847847848
502,496,6.50398406374502,6.45766129032258,998,6.48096192384769
503,496,6.49701789264414,6.46975806451613,999,6.48348348348348
501,498,6.50898203592814,6.4718875502008,999,6.49049049049049
501,496,6.52095808383234,6.48387096774194,997,6.5025075225677
496,501,6.51612903225806,6.47105788423154,997,6.49348044132397
495,503,6.52121212121212,6.46719681908549,998,6.4939879759519
498,501,6.51606425702811,6.48303393213573,999,6.4994994994995
494,504,6.52429149797571,6.4781746031746,998,6.50100200400802
495,502,6.52525252525253,6.49800796812749,997,6.51153460381143
494,503,6.50202429149798,6.47713717693837,997,6.48946840521565
493,506,6.52738336713996,6.48221343873518,999,6.5045045045045
491,508,6.53156822810591,6.5,999,6.51551551551552
483,515,6.54037267080745,6.53398058252427,998,6.53707414829659
489,510,6.52351738241309,6.54313725490196,999,6.53353353353353
486,513,6.53086419753086,6.50487329434698,999,6.51751751751752
480,519,6.51875,6.50867052023121,999,6.51351351351351
484,515,6.54752066115702,6.51456310679612,999,6.53053053053053
471,528,6.56475583864119,6.51136363636364,999,6.53653653653654
466,532,6.53648068669528,6.53007518796993,998,6.53306613226453
480,518,6.53958333333333,6.52123552123552,998,6.53006012024048
481,518,6.53846153846154,6.52702702702703,999,6.53253253253253
480,517,6.56875,6.54545454545455,997,6.55667001003009
495,504,6.58181818181818,6.54563492063492,999,6.56356356356356
497,500,6.54527162977867,6.562,997,6.55366098294885
497,501,6.53521126760563,6.54890219560878,998,6.54208416833667
503,495,6.55467196819085,6.53535353535354,998,6.54509018036072
490,508,6.57755102040816,6.53149606299213,998,6.55410821643287
486,513,6.58230452674897,6.53411306042885,999,6.55755755755756
488,510,6.58811475409836,6.52745098039216,998,6.55711422845691
479,518,6.57620041753653,6.54247104247104,997,6.55867602808425
481,515,6.57172557172557,6.57087378640777,996,6.57128514056225
482,516,6.5746887966805,6.56395348837209,998,6.56913827655311
471,526,6.60084925690021,6.56653992395437,997,6.5827482447342
476,522,6.59033613445378,6.57471264367816,998,6.58216432865731
471,528,6.56687898089172,6.57954545454545,999,6.57357357357357
469,529,6.5543710021322,6.59546313799622,998,6.57615230460922
467,532,6.58244111349036,6.6203007518797,999,6.6026026026026
460,538,6.59565217391304,6.61710037174721,998,6.60721442885772
456,543,6.57675438596491,6.60589318600368,999,6.59259259259259
461,536,6.57700650759219,6.60074626865672,997,6.58976930792377
457,542,6.57986870897155,6.61623616236162,999,6.5995995995996
463,536,6.59179265658747,6.60261194029851,999,6.5975975975976
469,530,6.61620469083156,6.60188679245283,999,6.60860860860861
473,523,6.62579281183932,6.59847036328872,996,6.61144578313253
479,519,6.63883089770355,6.61078998073218,998,6.62424849699399
478,519,6.64225941422594,6.61271676300578,997,6.62688064192578
479,519,6.63256784968685,6.61078998073218,998,6.62124248496994
490,508,6.64897959183673,6.60629921259843,998,6.62725450901804
492,507,6.66056910569106,6.61538461538461,999,6.63763763763764
489,510,6.66666666666667,6.61176470588235,999,6.63863863863864
497,501,6.65995975855131,6.62275449101796,998,6.64128256513026
502,497,6.65139442231076,6.62173038229376,999,6.63663663663664
502,496,6.6394422310757,6.62096774193548,998,6.63026052104208
501,496,6.65469061876248,6.64314516129032,997,6.64894684052156
511,486,6.64774951076321,6.62139917695473,997,6.63490471414243
499,500,6.65130260521042,6.618,999,6.63463463463463
494,505,6.64777327935223,6.62772277227723,999,6.63763763763764
492,505,6.65243902439024,6.63564356435644,997,6.64393179538616
480,519,6.67916666666667,6.61849710982659,999,6.64764764764765
477,521,6.67714884696017,6.63147792706334,998,6.65330661322645
479,520,6.68267223382046,6.64807692307692,999,6.66466466466466
483,516,6.68944099378882,6.65697674418605,999,6.67267267267267
470,529,6.69787234042553,6.66918714555766,999,6.68268268268268
461,538,6.72234273318872,6.67100371747212,999,6.69469469469469
471,528,6.73248407643312,6.6780303030303,999,6.7037037037037
473,526,6.7399577167019,6.67300380228137,999,6.7047047047047
464,534,6.74353448275862,6.68539325842697,998,6.7124248496994
460,538,6.74565217391304,6.68401486988848,998,6.7124248496994
464,535,6.75431034482759,6.67476635514019,999,6.71171171171171
464,535,6.73491379310345,6.68224299065421,999,6.70670670670671
462,535,6.75108225108225,6.69345794392523,997,6.72016048144433
461,536,6.76138828633406,6.68470149253731,997,6.72016048144433
455,544,6.74505494505495,6.67647058823529,999,6.70770770770771
460,537,6.75434782608696,6.68156424581006,997,6.71514543630893
475,524,6.75368421052632,6.68702290076336,999,6.71871871871872
473,524,6.77589852008457,6.69083969465649,997,6.73119358074223
482,515,6.76348547717842,6.6873786407767,997,6.72417251755266
482,517,6.75311203319502,6.70212765957447,999,6.72672672672673
486,513,6.75925925925926,6.71734892787524,999,6.73773773773774
485,514,6.76907216494845,6.69455252918288,999,6.73073073073073
481,518,6.75883575883576,6.7046332046332,999,6.73073073073073
475,523,6.77684210526316,6.70363288718929,998,6.73847695390782
470,528,6.76170212765957,6.71022727272727,998,6.73446893787575
467,531,6.76017130620985,6.71563088512241,998,6.73647294589178
462,537,6.74458874458874,6.73743016759777,999,6.74074074074074
474,524,6.74472573839662,6.73664122137405,998,6.74048096192385
478,517,6.73849372384937,6.7504835589942,995,6.74472361809045
475,524,6.73473684210526,6.76145038167939,999,6.74874874874875
483,515,6.75155279503106,6.78252427184466,998,6.76753507014028
481,517,6.74844074844075,6.79110251450677,998,6.77054108216433
488,511,6.75409836065574,6.78864970645793,999,6.77177177177177
506,492,6.76086956521739,6.79065040650407,998,6.77555110220441
501,497,6.75249500998004,6.80281690140845,998,6.77755511022044
504,495,6.75198412698413,6.80606060606061,999,6.77877877877878
511,488,6.75929549902153,6.81352459016393,999,6.78578578578579
500,499,6.756,6.79959919839679,999,6.77777777777778
499,500,6.76152304609218,6.812,999,6.78678678678679
503,495,6.75149105367793,6.81414141414141,998,6.78256513026052
509,490,6.75442043222004,6.8,999,6.77677677677678
501,498,6.75848303393214,6.79116465863454,999,6.77477477477477
502,497,6.7609561752988,6.80080482897384,999,6.78078078078078
502,496,6.76693227091633,6.80040322580645,998,6.78356713426854
499,500,6.76553106212425,6.806,999,6.78578578578579
495,500,6.78383838383838,6.8,995,6.79195979899497
495,503,6.77373737373737,6.79920477137177,998,6.78657314629258
491,508,6.77800407331976,6.80511811023622,999,6.79179179179179
486,513,6.79012345679012,6.8187134502924,999,6.8048048048048
483,514,6.79296066252588,6.81517509727626,997,6.80441323971916
479,519,6.79749478079332,6.80346820809249,998,6.80060120240481
484,514,6.7995867768595,6.80544747081712,998,6.80260521042084
481,517,6.79417879417879,6.80464216634429,998,6.79959919839679
482,514,6.79460580912863,6.82101167315175,996,6.80823293172691
485,514,6.79381443298969,6.81517509727626,999,6.8048048048048
481,518,6.8004158004158,6.8011583011583,999,6.8008008008008
482,516,6.78630705394191,6.81007751937984,998,6.79859719438878
483,516,6.78260869565217,6.81007751937984,999,6.7967967967968
474,525,6.78902953586498,6.81333333333333,999,6.8018018018018
485,513,6.78762886597938,6.80311890838207,998,6.79559118236473
489,510,6.77914110429448,6.8,999,6.78978978978979
488,510,6.7827868852459,6.80196078431373,998,6.79258517034068
496,503,6.78024193548387,6.8051689860835,999,6.79279279279279
495,503,6.78383838383838,6.80715705765408,998,6.79559118236473
499,499,6.77755511022044,6.81563126252505,998,6.79659318637275
496,503,6.77620967741935,6.81113320079523,999,6.79379379379379
500,499,6.772,6.81563126252505,999,6.79379379379379
501,498,6.77045908183633,6.80321285140562,999,6.78678678678679
500,498,6.77,6.80522088353414,998,6.7875751503006
503,494,6.76938369781312,6.81781376518219,997,6.79338014042126
499,496,6.7875751503006,6.82459677419355,995,6.80603015075377
509,490,6.77603143418468,6.82040816326531,999,6.7977977977978
498,499,6.785140562249,6.81763527054108,997,6.80140421263791
497,502,6.79074446680081,6.81673306772908,999,6.8038038038038
495,502,6.79393939393939,6.81274900398406,997,6.80341023069208
486,511,6.81069958847737,6.82974559686888,997,6.82046138415246
487,512,6.80903490759754,6.828125,999,6.81881881881882
489,510,6.79959100204499,6.82352941176471,999,6.81181181181181
480,518,6.8125,6.83011583011583,998,6.82164328657315
491,507,6.81262729124236,6.83431952662722,998,6.82364729458918
499,500,6.81963927855711,6.83,999,6.82482482482482
500,499,6.828,6.82765531062124,999,6.82782782782783
503,496,6.83300198807157,6.82661290322581,999,6.82982982982983
499,500,6.85370741482966,6.834,999,6.84384384384384
499,498,6.84569138276553,6.83132530120482,997,6.83851554663992
504,495,6.84325396825397,6.83434343434343,999,6.83883883883884
508,490,6.85433070866142,6.82857142857143,998,6.84168336673347
504,495,6.84920634920635,6.84646464646465,999,6.84784784784785
497,502,6.85110663983903,6.83466135458167,999,6.84284284284284
499,500,6.8496993987976,6.842,999,6.84584584584585
490,508,6.84897959183674,6.83661417322835,998,6.84268537074148
470,527,6.85744680851064,6.83681214421252,997,6.84653961885657
473,526,6.8646934460888,6.84220532319392,999,6.85285285285285
477,522,6.85534591194969,6.8448275862069,999,6.84984984984985
476,520,6.85294117647059,6.83461538461538,996,6.8433734939759
475,524,6.86526315789474,6.83396946564886,999,6.84884884884885
477,522,6.87211740041929,6.82950191570881,999,6.84984984984985
476,521,6.86764705882353,6.83493282149712,997,6.8505516549649
478,521,6.8765690376569,6.82725527831094,999,6.85085085085085
472,526,6.88347457627119,6.83650190114068,998,6.85871743486974
470,529,6.88085106382979,6.83742911153119,999,6.85785785785786
471,524,6.87898089171975,6.84351145038168,995,6.86030150753769
470,528,6.87021276595745,6.83901515151515,998,6.85370741482966
470,528,6.87659574468085,6.83143939393939,998,6.85270541082164
474,524,6.86919831223629,6.83587786259542,998,6.85170340681363
474,524,6.87341772151899,6.83206106870229,998,6.85170340681363
469,529,6.87206823027719,6.83553875236295,998,6.85270541082164
462,535,6.87445887445887,6.83551401869159,997,6.85356068204614
468,531,6.87820512820513,6.8361581920904,999,6.85585585585586
460,538,6.88260869565217,6.84386617100372,998,6.86172344689379
477,522,6.87002096436059,6.84291187739464,999,6.85585585585586
475,523,6.87789473684211,6.83365200764818,998,6.85470941883768
470,528,6.88085106382979,6.83712121212121,998,6.85771543086172
479,519,6.88308977035491,6.84007707129094,998,6.86072144288577
486,513,6.88888888888889,6.83820662768031,999,6.86286286286286
480,517,6.89375,6.83172147001934,997,6.86158475426279
476,523,6.89075630252101,6.84703632887189,999,6.86786786786787
483,516,6.88612836438923,6.85658914728682,999,6.87087087087087
481,515,6.88149688149688,6.8504854368932,996,6.86546184738956
480,518,6.87916666666667,6.85135135135135,998,6.86472945891784
484,514,6.87190082644628,6.86770428015564,998,6.86973947895792
488,510,6.86475409836066,6.86274509803922,998,6.86372745490982
490,509,6.85714285714286,6.8664047151277,999,6.86186186186186
481,517,6.85654885654886,6.86847195357834,998,6.8627254509018
481,518,6.86486486486486,6.87258687258687,999,6.86886886886887
471,527,6.86836518046709,6.87096774193548,998,6.86973947895792
475,523,6.86736842105263,6.86806883365201,998,6.86773547094188
481,518,6.87525987525988,6.86872586872587,999,6.87187187187187
475,524,6.87789473684211,6.86068702290076,999,6.86886886886887
470,529,6.87872340425532,6.85444234404537,999,6.86586586586587
480,519,6.87291666666667,6.85549132947977,999,6.86386386386386
484,515,6.87396694214876,6.85242718446602,999,6.86286286286286
486,513,6.87448559670782,6.85964912280702,999,6.86686686686687
490,508,6.88163265306122,6.86220472440945,998,6.87174348697395
488,511,6.88524590163934,6.86497064579256,999,6.87487487487487
490,507,6.87142857142857,6.86193293885602,997,6.86659979939819
481,517,6.88149688149688,6.86266924564797,998,6.87174348697395
491,506,6.89002036659878,6.87154150197628,997,6.88064192577733
490,508,6.88775510204082,6.87204724409449,998,6.87975951903808
483,516,6.89026915113872,6.86821705426357,999,6.87887887887888
484,515,6.89669421487603,6.86601941747573,999,6.88088088088088
481,517,6.9022869022869,6.86847195357834,998,6.88476953907816
476,521,6.89705882352941,6.8637236084453,997,6.87963891675025
488,509,6.9016393442623,6.86444007858546,997,6.88264794383149
492,507,6.90040650406504,6.86390532544379,999,6.88188188188188
491,507,6.89816700610998,6.86193293885602,998,6.87975951903808
501,496,6.9001996007984,6.85282258064516,997,6.87662988966901
508,489,6.8996062992126,6.85889570552147,997,6.87963891675025
509,489,6.89783889980354,6.86503067484663,998,6.88176352705411
504,495,6.90277777777778,6.85858585858586,999,6.88088088088088
506,492,6.90118577075099,6.85772357723577,998,6.87975951903808
501,496,6.88822355289421,6.86693548387097,997,6.87763289869609
493,505,6.88843813387424,6.86138613861386,998,6.874749498998
483,516,6.88405797101449,6.86240310077519,999,6.87287287287287
482,516,6.87966804979253,6.86627906976744,998,6.87274549098196
484,514,6.8698347107438,6.86770428015564,998,6.8687374749499
470,527,6.86808510638298,6.8595825426945,997,6.86359077231695
472,526,6.87923728813559,6.85551330798479,998,6.86673346693387
474,525,6.87552742616034,6.86476190476191,999,6.86986986986987
470,528,6.88723404255319,6.86742424242424,998,6.87675350701403
466,532,6.88841201716738,6.86466165413534,998,6.87575150300601
466,533,6.90343347639485,6.86491557223265,999,6.88288288288288
465,533,6.90537634408602,6.86116322701689,998,6.88176352705411
466,532,6.91201716738197,6.86654135338346,998,6.8877755511022
458,541,6.90829694323144,6.85951940850277,999,6.88188188188188
465,534,6.89677419354839,6.85767790262172,999,6.87587587587588
471,528,6.90233545647558,6.85984848484848,999,6.87987987987988
468,531,6.8974358974359,6.86064030131827,999,6.87787787787788
470,528,6.89787234042553,6.85984848484848,998,6.87775551102204
467,530,6.89721627408994,6.85283018867925,997,6.87362086258776
460,538,6.90434782608696,6.84944237918216,998,6.874749498998
462,535,6.9025974025974,6.85420560747664,997,6.87662988966901
459,540,6.90196078431373,6.84444444444444,999,6.87087087087087
454,544,6.90748898678414,6.85477941176471,998,6.87875751503006
452,547,6.9070796460177,6.85009140767824,999,6.87587587587588
453,545,6.90728476821192,6.85137614678899,998,6.87675350701403
445,553,6.91011235955056,6.85533453887884,998,6.87975951903808
439,559,6.90888382687927,6.85509838998211,998,6.87875751503006
437,561,6.91990846681922,6.85026737967914,998,6.88076152304609
435,563,6.92183908045977,6.84724689165187,998,6.87975951903808
437,561,6.92448512585812,6.85026737967914,998,6.88276553106212
432,567,6.92592592592593,6.84656084656085,999,6.88088088088088
432,566,6.92592592592593,6.84098939929329,998,6.87775551102204
441,557,6.92063492063492,6.84739676840215,998,6.87975951903808
439,556,6.93166287015945,6.84892086330935,995,6.88542713567839
430,567,6.93255813953488,6.8342151675485,997,6.87662988966901
437,562,6.92219679633867,6.84875444839858,999,6.88088088088088
442,555,6.92307692307692,6.84684684684685,997,6.88064192577733
435,564,6.91264367816092,6.8386524822695,999,6.87087087087087
440,556,6.90681818181818,6.84172661870504,996,6.87048192771084
444,555,6.90315315315315,6.84684684684685,999,6.87187187187187
435,563,6.90804597701149,6.84724689165187,998,6.87374749498998
438,561,6.89954337899543,6.85026737967914,999,6.87187187187187
441,558,6.90022675736961,6.85304659498208,999,6.87387387387387
433,566,6.90300230946882,6.85335689045936,999,6.87487487487487
426,573,6.90140845070423,6.85689354275742,999,6.87587587587588
428,569,6.91121495327103,6.86467486818981,997,6.88465396188566
421,577,6.90973871733967,6.8682842287695,998,6.88577154308617
437,562,6.90617848970252,6.855871886121,999,6.87787787787788
440,556,6.90454545454545,6.85611510791367,996,6.87751004016064
442,557,6.89819004524887,6.85278276481149,999,6.87287287287287
448,551,6.90625,6.84936479128857,999,6.87487487487487
450,549,6.90444444444444,6.85245901639344,999,6.87587587587588
456,542,6.90350877192982,6.84686346863469,998,6.87274549098196
461,537,6.90455531453362,6.84543761638734,998,6.87274549098196
461,537,6.90455531453362,6.85661080074488,998,6.87875751503006
455,543,6.90549450549451,6.85819521178637,998,6.87975951903808
461,535,6.89587852494577,6.85607476635514,996,6.87449799196787
463,535,6.90280777537797,6.85046728971963,998,6.874749498998
460,539,6.90217391304348,6.84972170686456,999,6.87387387387387
469,530,6.8955223880597,6.85094339622642,999,6.87187187187187
477,521,6.89517819706499,6.85220729366603,998,6.87274549098196
483,513,6.89233954451346,6.85769980506823,996,6.87449799196787
494,505,6.88866396761134,6.85148514851485,999,6.86986986986987
496,503,6.88911290322581,6.85685884691849,999,6.87287287287287
497,501,6.88933601609658,6.8622754491018,998,6.87575150300601
502,497,6.89442231075697,6.85915492957746,999,6.87687687687688
494,505,6.90080971659919,6.86336633663366,999,6.88188188188188
487,510,6.90554414784394,6.86274509803922,997,6.88365095285858
498,500,6.90763052208835,6.868,998,6.8877755511022
497,501,6.90140845070423,6.86626746506986,998,6.88376753507014
494,504,6.89473684210526,6.86706349206349,998,6.88076152304609
493,506,6.89452332657201,6.86363636363636,999,6.87887887887888
499,500,6.8877755511022,6.876,999,6.88188188188188
498,500,6.87751004016064,6.88,998,6.87875751503006
500,497,6.88,6.8672032193159,997,6.87362086258776
495,503,6.88282828282828,6.87077534791252,998,6.87675350701403
497,500,6.87525150905433,6.88,997,6.87763289869609
498,501,6.88152610441767,6.87425149700599,999,6.87787787787788
488,511,6.89139344262295,6.87671232876712,999,6.88388388388388
480,519,6.89791666666667,6.8766859344894,999,6.88688688688689
477,521,6.89937106918239,6.87523992322457,998,6.88677354709419
474,525,6.90084388185654,6.86666666666667,999,6.88288288288288
476,522,6.90966386554622,6.86781609195402,998,6.8877755511022
478,520,6.90585774058577,6.88076923076923,998,6.89278557114228
465,533,6.9010752688172,6.88180112570357,998,6.89078156312625
466,533,6.91201716738197,6.87617260787992,999,6.89289289289289
458,539,6.90393013100437,6.88126159554731,997,6.89167502507523
460,538,6.91304347826087,6.88289962825279,998,6.89679358717435
474,524,6.92194092827004,6.88931297709924,998,6.90480961923848
472,527,6.92584745762712,6.88614800759013,999,6.9049049049049
465,533,6.92258064516129,6.89305816135084,998,6.90681362725451
475,524,6.92421052631579,6.90076335877863,999,6.91191191191191
466,533,6.92703862660944,6.89493433395872,999,6.90990990990991
480,518,6.92083333333333,6.89189189189189,998,6.90581162324649
483,514,6.92546583850932,6.89494163424125,997,6.90972918756269
481,518,6.92931392931393,6.88030888030888,999,6.9039039039039
483,516,6.9296066252588,6.88953488372093,999,6.90890890890891
489,509,6.92638036809816,6.8958742632613,998,6.91082164328657
488,510,6.92827868852459,6.89803921568627,998,6.91282565130261
482,517,6.94398340248963,6.88781431334623,999,6.91491491491491
489,508,6.94478527607362,6.88976377952756,997,6.91675025075226
487,511,6.94866529774127,6.89236790606654,998,6.91983967935872
490,509,6.9469387755102,6.89390962671906,999,6.91991991991992
489,509,6.94478527607362,6.88408644400786,998,6.91382765531062
484,514,6.94834710743802,6.88715953307393,998,6.91683366733467
475,524,6.95368421052632,6.8969465648855,999,6.92392392392392
474,523,6.957805907173,6.88336520076482,997,6.91875626880642
469,529,6.95948827292111,6.89792060491493,998,6.92685370741483
476,522,6.95588235294118,6.89655172413793,998,6.9248496993988
479,518,6.95824634655532,6.8976833976834,997,6.92678034102307
468,530,6.96367521367521,6.89433962264151,998,6.92685370741483
477,521,6.9559748427673,6.89443378119002,998,6.92384769539078
468,528,6.95512820512821,6.89204545454545,996,6.92168674698795
469,528,6.95735607675906,6.88825757575758,997,6.92076228686058
479,520,6.94780793319415,6.88653846153846,999,6.91591591591592
471,527,6.94904458598726,6.89943074003795,998,6.92284569138277
471,526,6.95116772823779,6.90494296577947,997,6.92678034102307
486,513,6.94855967078189,6.90058479532164,999,6.92392392392392
483,516,6.94616977225673,6.90891472868217,999,6.92692692692693
481,515,6.94594594594595,6.90485436893204,996,6.92469879518072
488,508,6.95286885245902,6.90551181102362,996,6.92871485943775
485,512,6.95463917525773,6.9140625,997,6.93380140421264
491,507,6.95723014256619,6.93096646942801,998,6.9438877755511
496,503,6.9616935483871,6.92644135188867,999,6.94394394394394
500,499,6.958,6.92384769539078,999,6.94094094094094
503,495,6.95427435387674,6.93131313131313,998,6.94288577154309
501,498,6.95209580838323,6.92971887550201,999,6.94094094094094
498,500,6.94979919678715,6.922,998,6.93587174348697
501,498,6.94610778443114,6.92570281124498,999,6.93593593593594
503,495,6.95427435387674,6.92323232323232,998,6.93887775551102
507,492,6.9585798816568,6.92073170731707,999,6.93993993993994
510,489,6.95686274509804,6.92638036809816,999,6.94194194194194
514,484,6.95525291828794,6.92561983471074,998,6.94088176352705
503,496,6.95825049701789,6.93145161290323,999,6.94494494494494
504,495,6.95634920634921,6.93333333333333,999,6.94494494494494
507,490,6.9585798816568,6.93877551020408,997,6.94884653961886
511,488,6.96477495107632,6.93852459016393,999,6.95195195195195
505,494,6.96831683168317,6.9412955465587,999,6.95495495495495
506,492,6.9703557312253,6.94308943089431,998,6.95691382765531
509,490,6.96856581532417,6.94285714285714,999,6.95595595595596
500,498,6.976,6.94377510040161,998,6.95991983967936
497,502,6.97585513078471,6.95019920318725,999,6.96296296296296
499,500,6.97394789579158,6.948,999,6.96096096096096
496,503,6.97782258064516,6.94632206759443,999,6.96196196196196
492,505,6.97967479674797,6.95049504950495,997,6.96489468405216
501,496,6.97804391217565,6.94758064516129,997,6.96288866599799
498,499,6.97791164658635,6.9438877755511,997,6.96088264794383
494,503,6.97975708502024,6.95029821073559,997,6.96489468405216
503,496,6.98011928429423,6.94959677419355,999,6.96496496496496
499,498,6.97795591182365,6.95180722891566,997,6.96489468405216
497,502,6.97786720321932,6.95019920318725,999,6.96396396396396
509,489,6.9803536345776,6.95296523517382,998,6.96693386773547
501,497,6.98003992015968,6.95372233400402,998,6.96693386773547
498,500,6.97991967871486,6.958,998,6.9689378757515
504,494,6.98015873015873,6.94939271255061,998,6.96492985971944
495,502,6.97777777777778,6.95816733067729,997,6.9679037111334
490,508,6.97142857142857,6.96653543307087,998,6.9689378757515
493,505,6.97565922920893,6.96435643564356,998,6.96993987975952
494,505,6.97570850202429,6.96435643564356,999,6.96996996996997
504,495,6.97420634920635,6.96161616161616,999,6.96796796796797
511,487,6.97260273972603,6.95893223819302,998,6.96593186372746
496,503,6.97379032258065,6.96421471172962,999,6.96896896896897
496,503,6.97983870967742,6.9662027833002,999,6.97297297297297
502,495,6.97410358565737,6.96969696969697,997,6.97191574724173
490,508,6.9734693877551,6.97047244094488,998,6.97194388777555
496,503,6.97379032258065,6.9741550695825,999,6.97397397397397
501,498,6.97205588822355,6.97590361445783,999,6.97397397397397
500,499,6.974,6.97394789579158,999,6.97397397397397
503,496,6.97614314115308,6.9758064516129,999,6.97597597597598
495,503,6.97575757575758,6.97813121272366,998,6.97695390781563
499,499,6.97394789579158,6.97795591182365,998,6.97595190380762
510,488,6.97450980392157,6.97745901639344,998,6.97595190380762
510,489,6.97450980392157,6.97955010224949,999,6.97697697697698
523,476,6.97131931166348,6.98109243697479,999,6.97597597597598
517,482,6.97098646034816,6.97717842323651,999,6.97397397397397
516,483,6.97093023255814,6.98343685300207,999,6.97697697697698
521,477,6.97120921305182,6.9832285115304,998,6.97695390781563
519,479,6.96917148362235,6.98538622129436,998,6.97695390781563
512,486,6.970703125,6.98148148148148,998,6.97595190380762
517,482,6.97292069632495,6.98340248962656,999,6.97797797797798
519,476,6.96917148362235,6.98529411764706,995,6.97688442211055
511,488,6.96868884540117,6.98360655737705,999,6.97597597597598
517,480,6.96905222437137,6.98333333333333,997,6.97592778335005
522,477,6.96551724137931,6.9853249475891,999,6.97497497497497
516,482,6.96899224806202,6.98547717842324,998,6.97695390781563
520,478,6.96923076923077,6.98744769874477,998,6.97795591182365
508,488,6.96850393700787,6.98770491803279,996,6.97791164658635
508,491,6.96850393700787,6.9837067209776,999,6.97597597597598
506,492,6.96640316205534,6.98170731707317,998,6.97394789579158
505,494,6.97227722772277,6.98178137651822,999,6.97697697697698
508,491,6.97047244094488,6.9816700610998,999,6.97597597597598
508,491,6.97244094488189,6.9775967413442,999,6.97497497497497
514,485,6.96887159533074,6.97731958762887,999,6.97297297297297
515,484,6.96699029126214,6.98553719008264,999,6.97597597597598
526,472,6.96958174904943,6.98093220338983,998,6.9749498997996
526,473,6.96768060836502,6.9830866807611,999,6.97497497497497
526,471,6.96958174904943,6.98301486199575,997,6.97592778335005
529,469,6.96975425330813,6.98081023454158,998,6.9749498997996
524,474,6.96946564885496,6.98101265822785,998,6.9749498997996
529,470,6.96975425330813,6.98510638297872,999,6.97697697697698
524,475,6.97137404580153,6.98526315789474,999,6.97797797797798
520,478,6.96923076923077,6.98326359832636,998,6.97595190380762
516,481,6.96705426356589,6.98544698544699,997,6.97592778335005
517,481,6.96905222437137,6.98544698544699,998,6.97695390781563
513,484,6.97270955165692,6.98140495867769,997,6.97693079237713
516,482,6.97093023255814,6.9792531120332,998,6.9749498997996
516,483,6.97674418604651,6.97722567287785,999,6.97697697697698
517,482,6.97872340425532,6.97510373443983,999,6.97697697697698
510,489,6.97450980392157,6.97546012269939,999,6.97497497497497
515,483,6.9747572815534,6.97722567287785,998,6.97595190380762
511,488,6.97455968688845,6.97950819672131,999,6.97697697697698
502,496,6.97011952191235,6.97782258064516,998,6.97394789579158
503,496,6.97017892644135,6.97782258064516,999,6.97397397397397
489,507,6.97137014314928,6.97830374753452,996,6.97489959839357
490,506,6.97142857142857,6.97826086956522,996,6.97489959839357
498,501,6.96787148594377,6.98003992015968,999,6.97397397397397
493,506,6.97160243407708,6.9802371541502,999,6.97597597597598
495,504,6.97373737373737,6.98015873015873,999,6.97697697697698
503,496,6.96819085487077,6.9758064516129,999,6.97197197197197
486,512,6.96707818930041,6.97265625,998,6.96993987975952
481,517,6.96881496881497,6.97485493230174,998,6.97194388777555
477,519,6.9727463312369,6.97302504816956,996,6.97289156626506
472,527,6.97245762711864,6.9696394686907,999,6.97097097097097
475,524,6.97052631578947,6.9675572519084,999,6.96896896896897
473,525,6.97040169133192,6.96761904761905,998,6.9689378757515
475,524,6.96842105263158,6.96946564885496,999,6.96896896896897
473,526,6.9661733615222,6.96958174904943,999,6.96796796796797
475,522,6.96421052631579,6.96551724137931,997,6.96489468405216
462,537,6.96320346320346,6.96648044692737,999,6.96496496496496
459,539,6.96296296296296,6.96474953617811,998,6.96392785571142
456,542,6.96052631578947,6.96125461254613,998,6.96092184368737
446,551,6.95739910313901,6.96188747731397,997,6.95987963891675
452,547,6.95353982300885,6.96526508226691,999,6.95995995995996
457,542,6.95842450765864,6.96678966789668,999,6.96296296296296
457,542,6.96280087527352,6.96863468634686,999,6.96596596596597
468,531,6.95940170940171,6.96798493408663,999,6.96396396396396
469,530,6.96588486140725,6.96792452830189,999,6.96696696696697
481,518,6.96673596673597,6.97104247104247,999,6.96896896896897
478,521,6.96025104602511,6.96737044145873,999,6.96396396396396
478,519,6.9581589958159,6.96917148362235,997,6.96389167502508
479,519,6.96242171189979,6.97109826589595,998,6.96693386773547
474,524,6.9662447257384,6.9675572519084,998,6.96693386773547
473,526,6.96194503171247,6.96768060836502,999,6.96496496496496
478,520,6.96025104602511,6.96730769230769,998,6.96392785571142
478,517,6.96234309623431,6.97098646034816,995,6.96683417085427
468,531,6.96367521367521,6.969868173258,999,6.96696696696697
464,534,6.96336206896552,6.96816479400749,998,6.96593186372746
452,547,6.96681415929203,6.96892138939671,999,6.96796796796797
451,548,6.96674057649667,6.97627737226277,999,6.97197197197197
454,545,6.96696035242291,6.97247706422018,999,6.96996996996997
450,546,6.96444444444444,6.97252747252747,996,6.96887550200803
448,550,6.96875,6.97454545454545,998,6.97194388777555
459,540,6.97167755991285,6.97407407407407,999,6.97297297297297
462,536,6.96536796536797,6.98320895522388,998,6.9749498997996
452,546,6.96681415929203,6.98351648351648,998,6.97595190380762
462,537,6.96536796536797,6.98137802607076,999,6.97397397397397
456,542,6.96491228070175,6.98339483394834,998,6.9749498997996
455,544,6.96263736263736,6.98161764705882,999,6.97297297297297
462,536,6.96753246753247,6.98134328358209,998,6.9749498997996
462,537,6.96753246753247,6.98137802607076,999,6.97497497497497
463,536,6.96112311015119,6.98134328358209,999,6.97197197197197
472,527,6.96186440677966,6.98102466793169,999,6.97197197197197
463,533,6.96112311015119,6.98311444652908,996,6.97289156626506
458,539,6.96288209606987,6.98330241187384,997,6.97392176529589
460,537,6.96304347826087,6.98324022346369,997,6.97392176529589
453,546,6.96467991169978,6.98168498168498,999,6.97397397397397
449,550,6.96659242761693,6.98,999,6.97397397397397
465,534,6.96559139784946,6.98314606741573,999,6.97497497497497
462,537,6.96103896103896,6.98324022346369,999,6.97297297297297
462,535,6.96536796536797,6.98130841121495,997,6.97392176529589
472,527,6.96610169491525,6.98481973434535,999,6.97597597597598
467,532,6.96788008565311,6.98496240601504,999,6.97697697697698
471,528,6.96390658174098,6.98295454545455,999,6.97397397397397
483,516,6.96687370600414,6.98062015503876,999,6.97397397397397
474,522,6.96413502109705,6.98084291187739,996,6.97289156626506
472,525,6.96186440677966,6.98095238095238,997,6.97191574724173
475,523,6.96210526315789,6.97896749521989,998,6.97094188376754
468,531,6.96581196581197,6.9774011299435,999,6.97197197197197
478,521,6.96652719665272,6.98080614203455,999,6.97397397397397
486,513,6.96913580246914,6.97855750487329,999,6.97397397397397
483,516,6.97101449275362,6.97674418604651,999,6.97397397397397
492,505,6.96747967479675,6.97425742574257,997,6.97091273821464
490,508,6.96122448979592,6.97637795275591,998,6.9689378757515
489,510,6.96523517382413,6.97450980392157,999,6.96996996996997
477,522,6.9706498951782,6.97892720306513,999,6.97497497497497
476,523,6.97058823529412,6.97896749521989,999,6.97497497497497
472,526,6.97245762711864,6.97908745247148,998,6.97595190380762
470,529,6.97446808510638,6.9773156899811,999,6.97597597597598
469,528,6.97654584221748,6.98106060606061,997,6.97893681043129
468,531,6.97649572649573,6.9774011299435,999,6.97697697697698
475,524,6.97684210526316,6.97709923664122,999,6.97697697697698
477,522,6.9748427672956,6.97701149425287,999,6.97597597597598
481,516,6.97297297297297,6.97480620155039,997,6.97392176529589
478,520,6.97280334728034,6.975,998,6.97394789579158
470,529,6.97446808510638,6.97542533081285,999,6.97497497497497
468,529,6.97222222222222,6.97542533081285,997,6.97392176529589
469,530,6.97654584221748,6.97358490566038,999,6.97497497497497
457,540,6.97374179431072,6.97407407407407,997,6.97392176529589
471,526,6.9723991507431,6.97148288973384,997,6.97191574724173
472,527,6.97245762711864,6.9696394686907,999,6.97097097097097
459,539,6.97167755991285,6.96846011131725,998,6.96993987975952
472,527,6.97457627118644,6.96774193548387,999,6.97097097097097
468,530,6.97435897435897,6.97169811320755,998,6.97294589178357
464,535,6.97629310344828,6.97196261682243,999,6.97397397397397
471,528,6.97664543524416,6.97348484848485,999,6.97497497497497
474,525,6.97679324894515,6.96952380952381,999,6.97297297297297
473,525,6.98097251585624,6.96952380952381,998,6.9749498997996
487,512,6.97946611909651,6.970703125,999,6.97497497497497
485,514,6.97938144329897,6.97081712062257,999,6.97497497497497
473,526,6.97885835095137,6.96768060836502,999,6.97297297297297
479,515,6.9812108559499,6.96504854368932,994,6.9728370221328
491,508,6.9837067209776,6.96850393700787,999,6.97597597597598
486,513,6.98353909465021,6.96686159844055,999,6.97497497497497
494,503,6.98178137651822,6.96819085487077,997,6.97492477432297
500,499,6.98,6.96993987975952,999,6.97497497497497
489,509,6.97955010224949,6.96856581532417,998,6.97394789579158
496,503,6.98185483870968,6.96421471172962,999,6.97297297297297
494,503,6.98380566801619,6.96421471172962,997,6.97392176529589
496,503,6.98588709677419,6.97017892644135,999,6.97797797797798
496,503,6.98790322580645,6.96421471172962,999,6.97597597597598
493,504,6.98985801217039,6.96626984126984,997,6.97793380140421
499,500,6.98997995991984,6.964,999,6.97697697697698
502,497,6.99402390438247,6.95975855130785,999,6.97697697697698
502,497,6.99402390438247,6.95975855130785,999,6.97697697697698
506,491,6.99407114624506,6.96334012219959,997,6.97893681043129
509,489,6.99410609037328,6.96932515337423,998,6.98196392785571
513,485,6.99415204678363,6.96907216494845,998,6.98196392785571
502,497,6.99402390438247,6.96378269617706,999,6.97897897897898
504,495,6.99404761904762,6.96363636363636,999,6.97897897897898
498,501,6.99397590361446,6.96207584830339,999,6.97797797797798
498,500,6.99397590361446,6.962,998,6.97795591182365
509,487,6.99410609037328,6.96509240246407,996,6.97991967871486
503,495,6.99403578528827,6.96565656565657,998,6.97995991983968
513,485,6.99415204678363,6.96494845360825,998,6.97995991983968
520,479,6.99230769230769,6.95824634655532,999,6.97597597597598
521,477,6.99232245681382,6.9601677148847,998,6.97695390781563
523,476,6.99235181644359,6.96428571428571,999,6.97897897897898
512,486,6.9921875,6.95679012345679,998,6.9749498997996
521,478,6.99040307101727,6.9581589958159,999,6.97497497497497
523,476,6.99043977055449,6.96008403361345,999,6.97597597597598
515,483,6.99029126213592,6.95652173913043,998,6.97394789579158
513,485,6.98830409356725,6.95670103092784,998,6.97294589178357
513,486,6.98830409356725,6.96296296296296,999,6.97597597597598
513,486,6.98830409356725,6.96090534979424,999,6.97497497497497
508,490,6.98622047244094,6.95510204081633,998,6.97094188376754
500,499,6.988,6.95591182364729,999,6.97197197197197
501,496,6.98802395209581,6.95766129032258,997,6.97291875626881
513,484,6.98830409356725,6.95661157024793,997,6.97291875626881
508,490,6.98818897637795,6.96122448979592,998,6.9749498997996
517,480,6.99032882011605,6.9625,997,6.97693079237713
518,479,6.99034749034749,6.96033402922756,997,6.97592778335005
526,473,6.98669201520913,6.95771670190275,999,6.97297297297297
523,476,6.98661567877629,6.95798319327731,999,6.97297297297297
512,487,6.986328125,6.95482546201232,999,6.97097097097097
509,490,6.98624754420432,6.9530612244898,999,6.96996996996997
516,482,6.98449612403101,6.95020746887967,998,6.96793587174349
517,480,6.98646034816248,6.95,997,6.96890672016048
511,486,6.98825831702544,6.94650205761317,997,6.9679037111334
515,483,6.98446601941748,6.95445134575569,998,6.96993987975952
514,485,6.9863813229572,6.95670103092784,999,6.97197197197197
510,489,6.98627450980392,6.95705521472393,999,6.97197197197197
501,498,6.98403193612774,6.95983935742972,999,6.97197197197197
507,492,6.9861932938856,6.96138211382114,999,6.97397397397397
504,495,6.99007936507936,6.96161616161616,999,6.97597597597598
508,490,6.99015748031496,6.96122448979592,998,6.97595190380762
509,490,6.9901768172888,6.96530612244898,999,6.97797797797798
500,498,6.99,6.96385542168675,998,6.97695390781563
505,492,6.99009900990099,6.96544715447155,997,6.97793380140421
503,496,6.99005964214712,6.96572580645161,999,6.97797797797798
493,505,6.98985801217039,6.96633663366337,998,6.97795591182365
495,504,6.98989898989899,6.96428571428571,999,6.97697697697698
487,512,6.98767967145791,6.962890625,999,6.97497497497497
480,519,6.98958333333333,6.96339113680154,999,6.97597597597598
494,504,6.99392712550607,6.96428571428571,998,6.97895791583166
491,508,6.9959266802444,6.96653543307087,999,6.98098098098098
493,505,6.99188640973631,6.96831683168317,998,6.97995991983968
496,501,6.99193548387097,6.97005988023952,997,6.98094282848546
500,499,6.994,6.97394789579158,999,6.98398398398398
511,488,6.99217221135029,6.97131147540984,999,6.98198198198198
515,482,6.99223300970874,6.97510373443983,997,6.9839518555667
518,481,6.99420849420849,6.97920997920998,999,6.98698698698699
509,490,6.99607072691552,6.97755102040816,999,6.98698698698699
501,498,6.99600798403194,6.97991967871486,999,6.98798798798799
507,491,6.99605522682446,6.979633401222,998,6.98797595190381
509,490,6.99607072691552,6.97959183673469,999,6.98798798798799
497,502,6.99597585513078,6.97410358565737,999,6.98498498498498
500,499,6.998,6.97795591182365,999,6.98798798798799
512,487,6.998046875,6.97741273100616,999,6.98798798798799
501,498,6.99800399201597,6.97389558232932,999,6.98598598598599
500,498,6.998,6.97791164658635,998,6.98797595190381
503,493,6.99801192842942,6.97971602434077,996,6.98895582329317
492,507,7.0,6.98027613412229,999,6.98998998998999
490,509,7.0,6.98231827111984,999,6.99099099099099
503,496,7.0,6.97983870967742,999,6.98998998998999
493,505,7.0,6.98415841584158,998,6.99198396793587
498,501,7.0,6.98203592814371,999,6.99099099099099
502,496,7.0,6.98185483870968,998,6.99098196392786
496,502,7.0,6.9800796812749,998,6.98997995991984
499,500,7.0,6.98,999,6.98998998998999
495,504,7.0,6.98214285714286,999,6.99099099099099
492,506,7.0,6.9802371541502,998,6.98997995991984
501,498,7.0,6.97991967871486,999,6.98998998998999
501,498,7.0,6.98192771084337,999,6.99099099099099
486,513,7.0,6.98245614035088,999,6.99099099099099
487,511,7.0,6.98434442270059,998,6.99198396793587
481,518,7.0,6.98455598455598,999,6.99199199199199
483,515,7.0,6.98446601941748,998,6.99198396793587
486,512,7.0,6.982421875,998,6.99098196392786
489,510,7.0,6.98235294117647,999,6.99099099099099
496,501,7.0,6.98203592814371,997,6.99097291875627
500,499,7.0,6.98597194388778,999,6.99299299299299
504,495,7.0,6.98383838383838,999,6.99199199199199
509,487,7.0,6.97946611909651,996,6.98995983935743
510,489,7.0,6.98364008179959,999,6.99199199199199
497,502,7.0,6.98406374501992,999,6.99199199199199
499,500,7.0,6.982,999,6.99099099099099
509,490,7.0,6.98163265306122,999,6.99099099099099
500,498,7.0,6.98192771084337,998,6.99098196392786
509,489,7.0,6.98568507157464,998,6.99298597194389
507,491,7.0,6.9857433808554,998,6.99298597194389
498,501,7.0,6.98802395209581,999,6.99399399399399
501,498,7.0,6.9859437751004,999,6.99299299299299
505,493,7.0,6.98377281947262,998,6.99198396793587
507,491,7.0,6.9837067209776,998,6.99198396793587
511,488,7.0,6.98155737704918,999,6.99099099099099
509,490,7.0,6.97959183673469,999,6.98998998998999
505,492,7.0,6.98780487804878,997,6.99398194583751
514,485,7.0,6.98762886597938,999,6.99399399399399
509,489,7.0,6.98977505112474,998,6.99498997995992
510,489,7.0,6.9918200408998,999,6.995995995996
512,484,7.0,6.99173553719008,996,6.99598393574297
516,481,7.0,6.99168399168399,997,6.99598796389168
522,477,7.0,6.9895178197065,999,6.99499499499499
513,485,7.0,6.98969072164948,998,6.99498997995992
510,488,7.0,6.98975409836066,998,6.99498997995992
521,477,7.0,6.9874213836478,998,6.9939879759519
522,477,7.0,6.9874213836478,999,6.99399399399399
519,480,7.0,6.99166666666667,999,6.995995995996
517,482,7.0,6.99170124481328,999,6.995995995996
519,480,7.0,6.99166666666667,999,6.995995995996
519,480,7.0,6.99166666666667,999,6.995995995996
531,468,7.0,6.99145299145299,999,6.995995995996
531,468,7.0,6.98931623931624,999,6.99499499499499
517,481,7.0,6.99168399168399,998,6.99599198396794
525,472,7.0,6.99152542372881,997,6.99598796389168
529,470,7.0,6.98723404255319,999,6.99399399399399
516,482,7.0,6.98755186721992,998,6.9939879759519
516,483,7.0,6.98757763975155,999,6.99399399399399
514,485,7.0,6.98556701030928,999,6.99299299299299
522,477,7.0,6.9811320754717,999,6.99099099099099
523,476,7.0,6.98319327731092,999,6.99199199199199
524,473,7.0,6.98097251585624,997,6.99097291875627
523,476,7.0,6.97899159663866,999,6.98998998998999
530,469,7.0,6.98294243070362,999,6.99199199199199
530,469,7.0,6.98294243070362,999,6.99199199199199
528,471,7.0,6.98726114649681,999,6.99399399399399
537,461,7.0,6.98698481561822,998,6.9939879759519
532,467,7.0,6.98715203426124,999,6.99399399399399
543,455,7.0,6.98681318681319,998,6.9939879759519
548,450,7.0,6.98444444444444,998,6.99298597194389
546,452,7.0,6.98672566371681,998,6.9939879759519
543,456,7.0,6.98684210526316,999,6.99399399399399
539,460,7.0,6.98478260869565,999,6.99299299299299
536,462,7.0,6.98484848484848,998,6.99298597194389
537,462,7.0,6.98484848484848,999,6.99299299299299
542,456,7.0,6.98464912280702,998,6.99298597194389
535,464,7.0,6.98060344827586,999,6.99099099099099
540,459,7.0,6.98039215686275,999,6.99099099099099
548,449,7.0,6.98218262806236,997,6.99197592778335
541,457,7.0,6.97592997811816,998,6.98897795591182
544,454,7.0,6.97577092511013,998,6.98897795591182
537,462,7.0,6.97619047619048,999,6.98898898898899
529,470,7.0,6.97446808510638,999,6.98798798798799
538,460,7.0,6.96739130434783,998,6.98496993987976
539,460,7.0,6.9695652173913,999,6.98598598598599
540,459,7.0,6.97385620915033,999,6.98798798798799
547,452,7.0,6.97566371681416,999,6.98898898898899
551,446,7.0,6.97533632286996,997,6.98896690070211
537,461,7.0,6.97830802603037,998,6.98997995991984
548,451,7.0,6.97560975609756,999,6.98898898898899
545,454,7.0,6.97797356828194,999,6.98998998998999
550,449,7.0,6.97995545657016,999,6.99099099099099
551,446,7.0,6.97982062780269,997,6.99097291875627
544,454,7.0,6.97577092511013,998,6.98897795591182
530,468,7.0,6.97649572649573,998,6.98897795591182
534,464,7.0,6.97629310344828,998,6.98897795591182
528,471,7.0,6.97027600849257,999,6.98598598598599
529,469,7.0,6.9637526652452,998,6.98296593186373
530,469,7.0,6.97654584221748,999,6.98898898898899
526,473,7.0,6.97674418604651,999,6.98898898898899
531,467,7.0,6.97430406852248,998,6.98797595190381
529,470,7.0,6.97872340425532,999,6.98998998998999
533,465,7.0,6.98494623655914,998,6.99298597194389
541,458,7.0,6.98471615720524,999,6.99299299299299
546,452,7.0,6.98893805309735,998,6.99498997995992
537,462,7.0,6.98917748917749,999,6.99499499499499
546,452,7.0,6.99557522123894,998,6.99799599198397
543,455,7.0,6.9978021978022,998,6.99899799599198
540,459,7.0,6.99782135076253,999,6.998998998999
555,444,7.0,6.99774774774775,999,6.998998998999
553,445,7.0,6.99775280898876,998,6.99899799599198
541,457,7.0,6.99781181619256,998,6.99899799599198
542,454,7.0,6.99779735682819,996,6.99899598393574
543,455,7.0,6.9978021978022,998,6.99899799599198
547,450,7.0,6.99777777777778,997,6.99899699097292
559,439,7.0,6.99772209567198,998,6.99899799599198
558,441,7.0,6.99546485260771,999,6.997997997998
556,443,7.0,6.99548532731377,999,6.997997997998
558,440,7.0,6.99545454545455,998,6.99799599198397
567,431,7.0,6.99303944315545,998,6.99699398797595
570,428,7.0,6.99299065420561,998,6.99699398797595
562,435,7.0,6.99310344827586,997,6.99699097291876
562,437,7.0,6.99313501144165,999,6.996996996997
563,436,7.0,6.99311926605505,999,6.996996996997
565,433,7.0,6.99307159353349,998,6.99699398797595
561,437,7.0,6.99771167048055,998,6.99899799599198
555,444,7.0,6.99774774774775,999,6.998998998999
558,441,7.0,6.99773242630385,999,6.998998998999
550,448,7.0,6.99776785714286,998,6.99899799599198
557,441,7.0,6.99773242630385,998,6.99899799599198
575,424,7.0,6.99764150943396,999,6.998998998999
590,407,7.0,6.997542997543,997,6.99899699097292
587,412,7.0,6.99514563106796,999,6.997997997998
590,409,7.0,6.99511002444988,999,6.997997997998
587,412,7.0,6.99757281553398,999,6.998998998999
588,411,7.0,6.99756690997567,999,6.998998998999
585,413,7.0,6.99757869249395,998,6.99899799599198
589,409,7.0,6.99755501222494,998,6.99899799599198
608,391,7.0,6.99744245524297,999,6.998998998999
600,399,7.0,6.99749373433584,999,6.998998998999
600,399,7.0,6.99749373433584,999,6.998998998999
610,388,7.0,6.99742268041237,998,6.99899799599198
614,385,7.0,7.0,999,7.0
612,387,7.0,7.0,999,7.0
622,376,7.0,7.0,998,7.0
623,376,7.0,7.0,999,7.0
612,386,7.0,7.0,998,7.0
612,387,7.0,7.0,999,7.0
606,393,7.0,7.0,999,7.0
605,394,7.0,7.0,999,7.0
610,388,7.0,7.0,998,7.0
612,387,7.0,7.0,999,7.0
608,388,7.0,7.0,996,7.0
607,390,7.0,7.0,997,7.0
594,401,7.0,7.0,995,7.0
605,394,7.0,7.0,999,7.0
611,387,7.0,7.0,998,7.0
620,379,7.0,7.0,999,7.0
629,368,7.0,7.0,997,7.0
628,370,7.0,7.0,998,7.0
614,382,7.0,7.0,996,7.0
624,373,7.0,7.0,997,7.0
620,379,7.0,7.0,999,7.0
616,382,7.0,7.0,998,7.0
627,372,7.0,7.0,999,7.0
626,373,7.0,7.0,999,7.0
617,381,7.0,7.0,998,7.0
623,376,7.0,7.0,999,7.0
627,371,7.0,7.0,998,7.0
617,380,7.0,7.0,997,7.0
620,379,7.0,7.0,999,7.0
624,374,7.0,7.0,998,7.0
616,382,7.0,7.0,998,7.0
626,372,7.0,7.0,998,7.0
621,377,7.0,7.0,998,7.0
627,372,7.0,7.0,999,7.0
638,361,7.0,7.0,999,7.0
624,372,7.0,7.0,996,7.0
627,370,7.0,7.0,997,7.0
630,369,7.0,7.0,999,7.0
625,372,7.0,7.0,997,7.0
633,366,7.0,7.0,999,7.0
633,366,7.0,7.0,999,7.0
609,388,7.0,7.0,997,7.0
616,383,7.0,7.0,999,7.0
619,380,7.0,7.0,999,7.0
600,398,7.0,7.0,998,7.0
608,390,7.0,7.0,998,7.0
606,392,7.0,7.0,998,7.0
602,397,7.0,7.0,999,7.0
611,387,7.0,7.0,998,7.0
610,386,7.0,7.0,996,7.0
609,390,7.0,7.0,999,7.0
611,388,7.0,7.0,999,7.0
613,385,7.0,7.0,998,7.0
612,386,7.0,7.0,998,7.0
611,388,7.0,7.0,999,7.0
602,397,7.0,7.0,999,7.0
601,398,7.0,7.0,999,7.0
598,401,7.0,7.0,999,7.0
594,404,7.0,7.0,998,7.0
602,397,7.0,7.0,999,7.0
605,394,7.0,7.0,999,7.0
608,387,7.0,7.0,995,7.0
608,389,7.0,7.0,997,7.0
602,395,7.0,7.0,997,7.0
603,395,7.0,7.0,998,7.0
612,384,7.0,7.0,996,7.0
610,388,7.0,7.0,998,7.0
613,384,7.0,7.0,997,7.0
619,379,7.0,7.0,998,7.0
618,381,7.0,7.0,999,7.0
617,382,7.0,7.0,999,7.0
627,370,7.0,7.0,997,7.0
622,375,7.0,7.0,997,7.0
619,379,7.0,7.0,998,7.0
632,367,7.0,7.0,999,7.0
627,370,7.0,7.0,997,7.0
624,375,7.0,7.0,999,7.0
634,364,7.0,7.0,998,7.0
629,369,7.0,7.0,998,7.0
632,366,7.0,7.0,998,7.0
633,366,7.0,7.0,999,7.0
628,371,7.0,7.0,999,7.0
632,365,7.0,7.0,997,7.0
641,358,7.0,7.0,999,7.0
639,360,7.0,7.0,999,7.0
636,362,7.0,7.0,998,7.0
637,362,7.0,7.0,999,7.0
639,360,7.0,7.0,999,7.0
646,353,7.0,7.0,999,7.0
650,347,7.0,7.0,997,7.0
664,334,7.0,7.0,998,7.0
675,324,7.0,7.0,999,7.0
673,326,7.0,7.0,999,7.0
671,326,7.0,7.0,997,7.0
673,324,7.0,7.0,997,7.0
674,325,7.0,7.0,999,7.0
676,323,7.0,7.0,999,7.0
677,322,7.0,7.0,999,7.0
689,310,7.0,7.0,999,7.0
679,319,7.0,7.0,998,7.0
675,324,7.0,7.0,999,7.0
671,328,7.0,7.0,999,7.0
672,327,7.0,7.0,999,7.0
676,322,7.0,7.0,998,7.0
678,321,7.0,7.0,999,7.0
680,319,7.0,7.0,999,7.0
674,325,7.0,7.0,999,7.0
675,324,7.0,7.0,999,7.0
678,319,7.0,7.0,997,7.0
668,331,7.0,7.0,999,7.0
667,332,7.0,7.0,999,7.0
672,327,7.0,7.0,999,7.0
658,339,7.0,7.0,997,7.0
658,339,7.0,7.0,997,7.0
663,336,7.0,7.0,999,7.0
653,345,7.0,7.0,998,7.0
652,347,7.0,7.0,999,7.0
649,350,7.0,7.0,999,7.0
640,358,7.0,7.0,998,7.0
641,358,7.0,7.0,999,7.0
636,362,7.0,7.0,998,7.0
641,356,7.0,7.0,997,7.0
642,356,7.0,7.0,998,7.0
641,357,7.0,7.0,998,7.0
640,359,7.0,7.0,999,7.0
635,362,7.0,7.0,997,7.0
630,366,7.0,7.0,996,7.0
634,365,7.0,7.0,999,7.0
628,370,7.0,7.0,998,7.0
635,363,7.0,7.0,998,7.0
642,357,7.0,7.0,999,7.0
630,369,7.0,7.0,999,7.0
627,371,7.0,7.0,998,7.0
622,374,7.0,7.0,996,7.0
613,384,7.0,7.0,997,7.0
621,376,7.0,7.0,997,7.0
617,380,7.0,7.0,997,7.0
610,388,7.0,7.0,998,7.0
608,391,7.0,7.0,999,7.0
606,393,7.0,7.0,999,7.0
600,398,7.0,7.0,998,7.0
606,392,7.0,7.0,998,7.0
593,406,7.0,7.0,999,7.0
588,411,7.0,7.0,999,7.0
591,407,7.0,7.0,998,7.0
581,416,7.0,7.0,997,7.0
586,413,7.0,7.0,999,7.0
596,401,7.0,7.0,997,7.0
596,403,7.0,7.0,999,7.0
591,407,7.0,7.0,998,7.0
592,407,7.0,7.0,999,7.0
585,412,7.0,7.0,997,7.0
582,416,7.0,7.0,998,7.0
587,411,7.0,7.0,998,7.0
578,420,7.0,7.0,998,7.0
582,414,7.0,7.0,996,7.0
584,413,7.0,7.0,997,7.0
588,410,7.0,7.0,998,7.0
596,402,7.0,7.0,998,7.0
589,410,7.0,7.0,999,7.0
588,411,7.0,7.0,999,7.0
597,401,7.0,7.0,998,7.0
600,399,7.0,7.0,999,7.0
592,406,7.0,7.0,998,7.0
597,400,7.0,7.0,997,7.0
598,400,7.0,7.0,998,7.0
603,396,7.0,7.0,999,7.0
608,390,7.0,7.0,998,7.0
607,391,7.0,7.0,998,7.0
611,388,7.0,7.0,999,7.0
618,381,7.0,7.0,999,7.0
615,383,7.0,7.0,998,7.0
605,393,7.0,7.0,998,7.0
611,385,7.0,7.0,996,7.0
604,393,7.0,7.0,997,7.0
607,392,7.0,7.0,999,7.0
606,393,7.0,7.0,999,7.0
606,393,7.0,7.0,999,7.0
617,382,7.0,7.0,999,7.0
