forward_num,reverse_num,forward_rate,reverse_rate,organism_num,organism_rate
5,5,5.0,5.0,10,5.0
5,5,5.0,5.0,10,5.0
5,5,5.0,5.0,10,5.0
6,6,5.5,5.16666666666667,12,5.33333333333333
7,7,5.42857142857143,5.42857142857143,14,5.42857142857143
8,8,5.25,5.375,16,5.3125
11,10,5.45454545454545,5.2,21,5.33333333333333
13,14,5.23076923076923,5.21428571428571,27,5.22222222222222
16,14,5.5625,5.21428571428571,30,5.4
18,17,5.5,5.23529411764706,35,5.37142857142857
21,22,5.61904761904762,5.63636363636364,43,5.62790697674419
28,25,5.67857142857143,5.6,53,5.64150943396226
31,29,5.58064516129032,5.62068965517241,60,5.6
38,38,6.0,5.89473684210526,76,5.94736842105263
46,47,5.82608695652174,5.78723404255319,93,5.80645161290323
61,55,6.0655737704918,5.89090909090909,116,5.98275862068965
73,73,6.04109589041096,5.94520547945205,146,5.99315068493151
93,82,6.33333333333333,6.03658536585366,175,6.19428571428571
106,103,6.49056603773585,6.23300970873786,209,6.36363636363636
139,137,6.59712230215827,6.2992700729927,276,6.44927536231884
174,159,6.64367816091954,6.39622641509434,333,6.52552552552553
227,202,6.6784140969163,6.45049504950495,429,6.57109557109557
286,258,6.93706293706294,6.47674418604651,544,6.71875
346,312,7.04913294797688,6.6025641025641,658,6.83738601823708
451,392,7.22394678492239,6.73979591836735,843,6.9988137603796
530,468,7.16415094339623,6.75854700854701,998,6.97394789579158
534,464,7.2247191011236,6.71551724137931,998,6.98797595190381
532,467,7.2218045112782,6.74304068522484,999,6.997997997998
537,461,7.22160148975791,6.75488069414317,998,7.0060120240481
536,463,7.25186567164179,6.72354211663067,999,7.00700700700701
543,455,7.15653775322284,6.66593406593407,998,6.93286573146293
536,462,7.18283582089552,6.67316017316017,998,6.94689378757515
537,462,7.19739292364991,6.68831168831169,999,6.96196196196196
545,454,7.2256880733945,6.70925110132159,999,6.99099099099099
541,457,7.22735674676525,6.7199124726477,998,6.99498997995992
550,449,7.24181818181818,6.69487750556793,999,6.995995995996
547,452,7.23765996343693,6.67035398230088,999,6.98098098098098
546,452,7.25274725274725,6.69690265486726,998,7.00100200400802
552,447,7.2481884057971,6.72930648769575,999,7.01601601601602
551,447,7.24137931034483,6.80984340044743,998,7.04809619238477
553,446,7.25135623869801,6.87668161434978,999,7.08408408408408
559,440,7.28980322003578,6.95454545454545,999,7.14214214214214
555,444,7.26126126126126,6.99324324324324,999,7.14214214214214
545,453,7.27339449541284,7.04415011037528,998,7.16933867735471
542,457,7.29151291512915,7.05251641137856,999,7.18218218218218
540,459,7.2537037037037,7.07407407407407,999,7.17117117117117
535,464,7.27289719626168,7.11637931034483,999,7.2002002002002
538,461,7.24721189591078,7.18872017353579,999,7.22022022022022
527,472,7.28842504743833,7.22669491525424,999,7.25925925925926
523,475,7.27724665391969,7.27157894736842,998,7.27454909819639
523,476,7.2906309751434,7.21218487394958,999,7.25325325325325
529,469,7.28355387523629,7.2089552238806,998,7.24849699398798
528,471,7.29166666666667,7.18259023354565,999,7.24024024024024
531,468,7.29943502824859,7.12179487179487,999,7.21621621621622
527,471,7.33206831119545,7.21231422505308,998,7.27555110220441
530,469,7.34528301886792,7.2409381663113,999,7.2962962962963
521,478,7.36276391554703,7.31380753138075,999,7.33933933933934
521,478,7.42610364683301,7.33682008368201,999,7.38338338338338
517,482,7.44487427466151,7.37344398340249,999,7.41041041041041
517,479,7.45261121856867,7.37995824634655,996,7.41767068273092
515,483,7.51067961165049,7.40372670807453,998,7.45891783567134
521,478,7.489443378119,7.39121338912134,999,7.44244244244244
514,484,7.51167315175097,7.33264462809917,998,7.4248496993988
510,488,7.47843137254902,7.36065573770492,998,7.42084168336673
510,489,7.50196078431373,7.3680981595092,999,7.43643643643644
517,481,7.51450676982592,7.40748440748441,998,7.46292585170341
517,480,7.51257253384913,7.43958333333333,997,7.47743229689067
527,471,7.52941176470588,7.47770700636943,998,7.50501002004008
527,471,7.50664136622391,7.49469214437367,998,7.50100200400802
521,478,7.54318618042227,7.47071129707113,999,7.50850850850851
514,485,7.55836575875486,7.49896907216495,999,7.52952952952953
511,487,7.54207436399217,7.5441478439425,998,7.54308617234469
514,485,7.58365758754864,7.55051546391753,999,7.56756756756757
514,485,7.57003891050584,7.5360824742268,999,7.55355355355355
514,484,7.57392996108949,7.52892561983471,998,7.55210420841683
521,478,7.61036468330134,7.57322175732218,999,7.59259259259259
507,490,7.56607495069033,7.56122448979592,997,7.56369107321966
518,481,7.58108108108108,7.5987525987526,999,7.58958958958959
524,474,7.56488549618321,7.61392405063291,998,7.58817635270541
530,464,7.56981132075472,7.65301724137931,994,7.60865191146881
538,461,7.57620817843866,7.62689804772234,999,7.5995995995996
534,465,7.55805243445693,7.65591397849462,999,7.6036036036036
532,466,7.52067669172932,7.66523605150215,998,7.58817635270541
540,459,7.53148148148148,7.69281045751634,999,7.60560560560561
541,458,7.48059149722736,7.70305676855895,999,7.58258258258258
546,453,7.53479853479853,7.71081677704194,999,7.61461461461461
546,451,7.54578754578755,7.75388026607539,997,7.63991975927783
547,452,7.55210237659963,7.76327433628319,999,7.64764764764765
551,448,7.57894736842105,7.77232142857143,999,7.66566566566567
550,449,7.58909090909091,7.76837416481069,999,7.66966966966967
548,449,7.60583941605839,7.74164810690423,997,7.66700100300903
550,448,7.65636363636364,7.78571428571429,998,7.71442885771543
550,449,7.67818181818182,7.76391982182628,999,7.71671671671672
550,449,7.68,7.728285077951,999,7.7017017017017
552,446,7.69202898550725,7.68609865470852,998,7.68937875751503
559,440,7.7262969588551,7.68863636363636,999,7.70970970970971
561,438,7.72549019607843,7.67351598173516,999,7.7027027027027
561,438,7.74688057040998,7.64611872146119,999,7.7027027027027
563,436,7.72291296625222,7.63073394495413,999,7.68268268268268
571,426,7.72504378283713,7.62676056338028,997,7.68304914744233
574,423,7.69512195121951,7.67375886524823,997,7.68605817452357
570,429,7.73684210526316,7.70629370629371,999,7.72372372372372
564,435,7.76241134751773,7.6551724137931,999,7.71571571571572
572,426,7.72902097902098,7.68544600938967,998,7.71042084168337
561,436,7.72014260249554,7.7454128440367,997,7.73119358074223
566,431,7.71731448763251,7.78886310904872,997,7.74824473420261
570,427,7.70877192982456,7.79859484777518,997,7.74724172517553
575,423,7.73217391304348,7.79905437352246,998,7.76052104208417
573,425,7.71902268760908,7.72705882352941,998,7.72244488977956
582,417,7.76116838487973,7.73381294964029,999,7.74974974974975
578,420,7.75778546712803,7.75714285714286,998,7.75751503006012
566,431,7.72791519434629,7.80046403712297,997,7.7592778335005
580,418,7.77068965517241,7.81818181818182,998,7.79058116232465
579,420,7.7720207253886,7.8547619047619,999,7.80680680680681
574,424,7.7595818815331,7.83490566037736,998,7.79158316633267
578,421,7.79065743944637,7.8646080760095,999,7.82182182182182
589,410,7.80135823429542,7.89756097560976,999,7.84084084084084
579,419,7.77547495682211,7.86396181384248,998,7.812625250501
586,412,7.77133105802048,7.87864077669903,998,7.81563126252505
594,403,7.77272727272727,7.90322580645161,997,7.82547642928786
595,401,7.75966386554622,7.87281795511222,996,7.80522088353414
601,398,7.78369384359401,7.83417085427136,999,7.8038038038038
585,414,7.77777777777778,7.83816425120773,999,7.8028028028028
584,415,7.76198630136986,7.93012048192771,999,7.83183183183183
581,417,7.76764199655766,7.92805755395683,998,7.83466933867735
581,418,7.75731497418244,7.92344497607655,999,7.82682682682683
582,416,7.75945017182131,7.93269230769231,998,7.83166332665331
574,424,7.71951219512195,7.94575471698113,998,7.81563126252505
594,405,7.73232323232323,7.94320987654321,999,7.81781781781782
596,398,7.76510067114094,7.92713567839196,994,7.82997987927565
598,400,7.78929765886288,7.9275,998,7.84468937875751
599,399,7.82136894824708,7.93233082706767,998,7.86573146292585
600,399,7.83666666666667,7.95989974937343,999,7.88588588588589
604,394,7.89238410596027,7.97969543147208,998,7.92685370741483
600,397,7.89666666666667,8.0352644836272,997,7.9518555667001
598,401,7.90802675585284,8.06483790523691,999,7.97097097097097
589,410,7.89983022071307,8.08292682926829,999,7.97497497497497
592,406,7.94763513513514,8.08620689655172,998,8.00400801603206
590,409,7.94406779661017,8.14914425427873,999,8.02802802802803
592,407,7.95945945945946,8.21375921375921,999,8.06306306306306
583,416,7.98970840480274,8.23076923076923,999,8.09009009009009
581,416,8.01376936316695,8.27884615384615,997,8.12437311935807
576,421,7.97743055555556,8.23990498812351,997,8.08826479438315
587,411,7.96422487223169,8.2287104622871,998,8.07314629258517
605,394,7.9404958677686,8.19035532994924,999,8.03903903903904
598,400,7.93979933110368,8.18,998,8.03607214428858
595,404,7.91932773109244,8.19059405940594,999,8.02902902902903
594,405,7.94949494949495,8.19506172839506,999,8.04904904904905
598,401,7.91973244147157,8.22693266832918,999,8.04304304304304
602,397,7.94019933554817,8.2367758186398,999,8.05805805805806
596,402,7.87751677852349,8.20149253731343,998,8.00801603206413
597,402,7.91289782244556,8.22139303482587,999,8.03703703703704
591,408,7.92216582064298,8.21323529411765,999,8.04104104104104
588,411,7.90816326530612,8.19951338199513,999,8.02802802802803
580,418,7.89827586206897,8.19138755980861,998,8.02104208416834
577,422,7.94800693240901,8.19431279620853,999,8.05205205205205
587,412,7.9557069846678,8.18932038834951,999,8.05205205205205
574,421,7.97909407665505,8.16389548693587,995,8.0572864321608
580,419,7.99655172413793,8.19570405727924,999,8.08008008008008
565,432,7.9858407079646,8.19907407407407,997,8.07823470411234
567,430,8.00705467372134,8.22325581395349,997,8.10030090270812
556,443,7.99460431654676,8.24830699774266,999,8.10710710710711
559,440,8.03398926654741,8.25681818181818,999,8.13213213213213
569,429,8.03514938488576,8.22144522144522,998,8.11523046092184
570,429,8.02456140350877,8.23076923076923,999,8.11311311311311
576,422,8.03298611111111,8.23222748815166,998,8.11723446893788
585,414,8.01025641025641,8.18599033816425,999,8.08308308308308
575,424,8.02608695652174,8.15330188679245,999,8.08008008008008
571,428,8.01751313485114,8.1588785046729,999,8.07807807807808
576,423,7.99652777777778,8.15366430260047,999,8.06306306306306
572,426,7.97727272727273,8.16197183098592,998,8.0561122244489
570,427,8.00701754385965,8.15690866510539,997,8.07121364092277
575,422,7.99652173913043,8.16350710900474,997,8.06720160481444
571,427,8.0122591943958,8.17564402810305,998,8.08216432865732
567,431,8.03703703703704,8.19721577726218,998,8.1062124248497
568,431,8.00352112676056,8.16241299303944,999,8.07207207207207
573,426,8.00523560209424,8.18779342723005,999,8.08308308308308
567,432,7.97883597883598,8.16203703703704,999,8.05805805805806
562,436,7.94483985765125,8.18119266055046,998,8.04809619238477
561,438,7.91800356506239,8.16666666666667,999,8.02702702702703
559,438,7.97316636851521,8.16666666666667,997,8.05817452357071
556,443,7.99820143884892,8.15575620767494,999,8.06806806806807
554,444,8.00180505415162,8.19369369369369,998,8.0871743486974
557,442,8.02154398563734,8.16968325791855,999,8.08708708708709
563,436,8.02131438721137,8.1697247706422,999,8.08608608608609
563,436,8.03907637655417,8.12614678899082,999,8.07707707707708
551,447,8.01814882032668,8.09395973154362,998,8.05210420841683
561,437,8.02139037433155,8.11212814645309,998,8.06112224448898
562,436,8.03736654804271,8.11009174311927,998,8.06913827655311
549,448,8.07103825136612,8.10491071428571,997,8.08625877632899
553,445,8.03074141048825,8.12808988764045,998,8.07414829659319
550,449,8.06545454545455,8.12472160356347,999,8.09209209209209
558,438,8.08064516129032,8.14611872146119,996,8.10943775100402
570,429,8.05964912280702,8.19347319347319,999,8.11711711711712
556,441,8.05215827338129,8.21541950113379,997,8.12437311935807
555,443,8.06306306306306,8.2392776523702,998,8.14128256513026
554,445,8.07039711191336,8.20224719101124,999,8.12912912912913
548,449,8.07481751824817,8.19153674832962,997,8.12738214643932
547,452,8.06764168190128,8.20575221238938,999,8.13013013013013
552,447,8.06702898550725,8.19015659955257,999,8.12212212212212
541,458,8.07024029574861,8.16157205240175,999,8.11211211211211
548,451,8.07664233576642,8.23059866962306,999,8.14614614614615
538,460,8.05576208178439,8.27826086956522,998,8.15831663326653
530,467,8.01509433962264,8.29978586723769,997,8.14844533600802
536,463,8.04850746268657,8.28077753779698,999,8.15615615615616
545,454,8.05688073394495,8.31277533039648,999,8.17317317317317
543,455,8.01657458563536,8.2967032967033,998,8.14428857715431
543,456,8.02762430939227,8.2719298245614,999,8.13913913913914
550,449,8.04181818181818,8.26057906458797,999,8.14014014014014
549,449,8.03825136612022,8.27616926503341,998,8.14529058116232
563,436,8.08880994671403,8.27752293577982,999,8.17117117117117
554,444,8.11191335740072,8.3018018018018,998,8.19639278557114
567,432,8.11463844797178,8.3287037037037,999,8.20720720720721
563,434,8.06039076376554,8.27649769585253,997,8.15446339017051
558,441,8.06093189964158,8.29931972789116,999,8.16616616616617
564,434,8.04609929078014,8.31336405529954,998,8.1623246492986
564,435,8.08333333333333,8.32873563218391,999,8.19019019019019
554,445,8.07400722021661,8.32808988764045,999,8.18718718718719
557,441,8.09694793536804,8.32199546485261,998,8.19639278557114
545,454,8.06238532110092,8.33259911894273,999,8.18518518518519
552,447,8.13224637681159,8.3579418344519,999,8.23323323323323
541,457,8.14417744916821,8.33698030634573,998,8.23246492985972
536,462,8.17910447761194,8.33766233766234,998,8.25250501002004
525,474,8.18857142857143,8.36497890295359,999,8.27227227227227
522,477,8.227969348659,8.33333333333333,999,8.27827827827828
524,475,8.25954198473282,8.34526315789474,999,8.3003003003003
516,483,8.28294573643411,8.31469979296066,999,8.2982982982983
511,485,8.27984344422701,8.30103092783505,996,8.29016064257028
520,478,8.27692307692308,8.28661087866109,998,8.28156312625251
512,485,8.29296875,8.29484536082474,997,8.2938816449348
511,486,8.28180039138943,8.24691358024691,997,8.26479438314945
518,481,8.22586872586873,8.23700623700624,999,8.23123123123123
515,483,8.21553398058252,8.25051759834369,998,8.23246492985972
514,484,8.23151750972763,8.26239669421488,998,8.24649298597194
523,476,8.25047801147227,8.28571428571429,999,8.26726726726727
526,473,8.24904942965779,8.24524312896406,999,8.24724724724725
526,472,8.24144486692015,8.2521186440678,998,8.24649298597194
527,472,8.25237191650854,8.22669491525424,999,8.24024024024024
526,471,8.20722433460076,8.21656050955414,997,8.21163490471414
521,478,8.18042226487524,8.18410041841004,999,8.18218218218218
523,476,8.17208413001912,8.16176470588235,999,8.16716716716717
522,476,8.13218390804598,8.15546218487395,998,8.14328657314629
515,483,8.1378640776699,8.13250517598344,998,8.13527054108216
511,487,8.10371819960861,8.1047227926078,998,8.10420841683367
518,479,8.14092664092664,8.09603340292275,997,8.11935807422267
519,478,8.15799614643545,8.11297071129707,997,8.13640922768305
527,472,8.15370018975332,8.1271186440678,999,8.14114114114114
520,476,8.15769230769231,8.13865546218487,996,8.14859437751004
522,475,8.16666666666667,8.12631578947368,997,8.14744232698094
517,480,8.1779497098646,8.12291666666667,997,8.15145436308927
522,477,8.1455938697318,8.13207547169811,999,8.13913913913914
517,482,8.15280464216634,8.14107883817427,999,8.14714714714715
518,479,8.12934362934363,8.13361169102297,997,8.13139418254764
515,483,8.16116504854369,8.13664596273292,998,8.14929859719439
522,477,8.18199233716475,8.11740041928721,999,8.15115115115115
532,466,8.20300751879699,8.08583690987125,998,8.14829659318637
541,458,8.22550831792976,8.06550218340611,999,8.15215215215215
534,464,8.21910112359551,8.10560344827586,998,8.16633266533066
538,461,8.19888475836431,8.16052060737527,999,8.18118118118118
530,469,8.18867924528302,8.15991471215352,999,8.17517517517518
530,468,8.22641509433962,8.1474358974359,998,8.18937875751503
534,465,8.22659176029963,8.1741935483871,999,8.2022022022022
539,459,8.24860853432282,8.17647058823529,998,8.21543086172345
542,457,8.28966789667897,8.15098468271335,999,8.22622622622623
544,455,8.27573529411765,8.17802197802198,999,8.23123123123123
540,458,8.23888888888889,8.17903930131004,998,8.21142284569138
540,458,8.24444444444444,8.2117903930131,998,8.22945891783567
534,464,8.26779026217229,8.19396551724138,998,8.23346693386774
539,459,8.20964749536178,8.1917211328976,998,8.20140280561122
531,467,8.23540489642185,8.1948608137045,998,8.21643286573146
526,473,8.23764258555133,8.20718816067653,999,8.22322322322322
531,467,8.23540489642185,8.1948608137045,998,8.21643286573146
538,461,8.2267657992565,8.19956616052061,999,8.21421421421421
528,470,8.16477272727273,8.19148936170213,998,8.17735470941884
528,470,8.16666666666667,8.14255319148936,998,8.15531062124249
528,469,8.1780303030303,8.12793176972281,997,8.15446339017051
524,475,8.19083969465649,8.16631578947368,999,8.17917917917918
521,478,8.15547024952015,8.19665271966527,999,8.17517517517518
519,480,8.15414258188825,8.19583333333333,999,8.17417417417417
514,484,8.14785992217899,8.18801652892562,998,8.16733466933868
508,490,8.17322834645669,8.16938775510204,998,8.17134268537074
511,488,8.1839530332681,8.1905737704918,999,8.18718718718719
517,482,8.15860735009671,8.17219917012448,999,8.16516516516517
519,480,8.16184971098266,8.18958333333333,999,8.17517517517518
512,485,8.19921875,8.21237113402062,997,8.20561685055165
518,481,8.17374517374517,8.18295218295218,999,8.17817817817818
507,491,8.16568047337278,8.17718940936864,998,8.17134268537074
499,499,8.16432865731463,8.19038076152305,998,8.17735470941884
499,500,8.17234468937876,8.168,999,8.17017017017017
495,502,8.11919191919192,8.15537848605578,997,8.13741223671013
495,501,8.11313131313131,8.17564870259481,996,8.14457831325301
499,500,8.13426853707415,8.164,999,8.14914914914915
485,513,8.11752577319588,8.15009746588694,998,8.13426853707415
493,506,8.07910750507099,8.13636363636364,999,8.10810810810811
492,507,8.08943089430894,8.17554240631164,999,8.13313313313313
489,510,8.07361963190184,8.19411764705882,999,8.13513513513514
487,512,8.08829568788501,8.17578125,999,8.13313313313313
489,510,8.07361963190184,8.16862745098039,999,8.12212212212212
489,510,8.07975460122699,8.17843137254902,999,8.13013013013013
495,503,8.1050505050505,8.20477137176938,998,8.15531062124249
508,490,8.0748031496063,8.19387755102041,998,8.13326653306613
510,487,8.05098039215686,8.16427104722793,997,8.10631895687061
499,499,8.07815631262525,8.16032064128257,998,8.11923847695391
492,506,8.03658536585366,8.10671936758893,998,8.07214428857715
496,501,8.01814516129032,8.15169660678643,997,8.08525576730191
490,507,8.03877551020408,8.13214990138067,997,8.08625877632899
484,513,8.01859504132231,8.10721247563353,997,8.0641925777332
499,500,8.02204408817635,8.12,999,8.07107107107107
494,503,7.98987854251012,8.15904572564612,997,8.07522567703109
498,500,8.03413654618474,8.156,998,8.09519038076152
502,497,8.02788844621514,8.18108651911469,999,8.1041041041041
494,503,8.01417004048583,8.18290258449304,997,8.09929789368104
489,509,8.00613496932515,8.17288801571709,998,8.09118236472946
493,506,8.026369168357,8.1897233201581,999,8.10910910910911
499,500,8.00200400801603,8.26,999,8.13113113113113
487,510,8.0041067761807,8.23725490196078,997,8.12337011033099
488,511,8.00409836065574,8.24657534246575,999,8.12812812812813
486,509,7.96502057613169,8.20628683693517,995,8.08844221105528
486,513,7.96090534979424,8.21832358674464,999,8.09309309309309
487,510,7.96098562628337,8.2156862745098,997,8.09127382146439
484,514,7.97727272727273,8.19066147859922,998,8.0871743486974
487,512,8.02464065708419,8.201171875,999,8.11511511511512
487,512,8.04722792607803,8.185546875,999,8.11811811811812
485,513,8.0680412371134,8.17933723196881,998,8.125250501002
490,507,8.08367346938775,8.19526627218935,997,8.14042126379137
494,505,8.07085020242915,8.14851485148515,999,8.11011011011011
498,501,8.09236947791165,8.12974051896208,999,8.11111111111111
499,500,8.09018036072144,8.13,999,8.11011011011011
501,495,8.02594810379241,8.11313131313131,996,8.06927710843373
503,496,8.03180914512923,8.13911290322581,999,8.08508508508509
492,506,7.99186991869919,8.15415019762846,998,8.07414829659319
502,496,7.99003984063745,8.13508064516129,998,8.06212424849699
493,505,7.98580121703854,8.15247524752475,998,8.07014028056112
493,506,7.94523326572008,8.15810276679842,999,8.05305305305305
486,513,7.93415637860082,8.14035087719298,999,8.04004004004004
485,514,7.91340206185567,8.1284046692607,999,8.02402402402402
479,520,7.89979123173278,8.15769230769231,999,8.03403403403403
461,538,7.88069414316703,8.13382899628253,999,8.01701701701702
460,539,7.90869565217391,8.09461966604824,999,8.00900900900901
465,534,7.95483870967742,8.14794007490637,999,8.05805805805806
467,531,7.98501070663812,8.15065913370998,998,8.07314629258517
466,533,7.99356223175966,8.21200750469043,999,8.11011011011011
469,529,7.98933901918977,8.21739130434783,998,8.11022044088176
465,533,7.98494623655914,8.22138836772983,998,8.11122244488978
466,533,8.03218884120172,8.22514071294559,999,8.13513513513514
468,530,8.0534188034188,8.20566037735849,998,8.13426853707415
470,527,8.05106382978723,8.22960151802657,997,8.14543630892678
468,529,8.06410256410256,8.2117202268431,997,8.14242728184554
474,525,8.06118143459916,8.22476190476191,999,8.14714714714715
476,522,8.0546218487395,8.20689655172414,998,8.13426853707415
476,523,8.05672268907563,8.20458891013384,999,8.13413413413413
481,518,8.08108108108108,8.16795366795367,999,8.12612612612613
478,518,8.11297071129707,8.14671814671815,996,8.13052208835341
479,520,8.10647181628392,8.18653846153846,999,8.14814814814815
482,516,8.12033195020747,8.2093023255814,998,8.16633266533066
484,514,8.14049586776859,8.21400778210117,998,8.17835671342685
478,519,8.1255230125523,8.19075144508671,997,8.15947843530592
485,512,8.11958762886598,8.1875,997,8.15446339017051
491,507,8.10997963340122,8.16370808678501,998,8.1372745490982
493,506,8.14807302231237,8.16403162055336,999,8.15615615615616
498,499,8.12650602409639,8.19238476953908,997,8.15947843530592
494,504,8.12753036437247,8.21825396825397,998,8.17334669338677
504,495,8.10119047619048,8.23030303030303,999,8.16516516516517
509,489,8.10609037328094,8.24948875255624,998,8.17635270541082
516,482,8.0968992248062,8.23029045643153,998,8.16132264529058
521,477,8.08637236084453,8.26205450733753,998,8.17034068136273
525,474,8.1047619047619,8.29324894514768,999,8.19419419419419
527,470,8.10626185958254,8.26382978723404,997,8.18054162487462
521,476,8.10556621880998,8.27731092436975,997,8.18756268806419
522,476,8.11877394636015,8.2563025210084,998,8.18436873747495
517,480,8.15667311411992,8.27916666666667,997,8.21564694082247
518,480,8.13320463320463,8.24166666666667,998,8.18537074148297
525,474,8.15238095238095,8.23839662447257,999,8.19319319319319
523,474,8.1434034416826,8.26371308016878,997,8.20060180541625
523,475,8.17208413001912,8.23368421052632,998,8.20140280561122
525,474,8.13904761904762,8.18987341772152,999,8.16316316316316
516,483,8.18217054263566,8.15734989648033,999,8.17017017017017
520,478,8.21153846153846,8.14016736401674,998,8.17735470941884
517,482,8.23017408123791,8.13692946058091,999,8.18518518518519
512,486,8.25390625,8.12551440329218,998,8.19138276553106
516,483,8.26356589147287,8.13871635610766,999,8.2032032032032
516,481,8.2984496124031,8.14345114345114,997,8.22367101303912
504,495,8.25793650793651,8.15959595959596,999,8.20920920920921
504,494,8.22619047619048,8.18421052631579,998,8.20541082164329
504,494,8.20238095238095,8.18016194331984,998,8.19138276553106
516,482,8.16666666666667,8.18672199170124,998,8.17635270541082
529,470,8.19092627599244,8.22553191489362,999,8.20720720720721
540,459,8.18703703703704,8.18300653594771,999,8.18518518518519
544,454,8.14889705882353,8.17621145374449,998,8.16132264529058
536,460,8.16231343283582,8.19130434782609,996,8.17570281124498
526,470,8.16730038022814,8.21489361702128,996,8.18975903614458
531,467,8.1638418079096,8.27194860813704,998,8.21442885771543
526,473,8.12927756653992,8.276955602537,999,8.1991991991992
529,470,8.15879017013233,8.28085106382979,999,8.21621621621622
532,467,8.16917293233083,8.22269807280514,999,8.19419419419419
526,473,8.15969581749049,8.21353065539112,999,8.18518518518519
523,475,8.16634799235182,8.17894736842105,998,8.17234468937876
524,473,8.18511450381679,8.16913319238901,997,8.17753259779338
528,471,8.17613636363636,8.18895966029724,999,8.18218218218218
523,474,8.18355640535373,8.18565400843882,997,8.18455366098295
514,484,8.1556420233463,8.2396694214876,998,8.19639278557114
508,491,8.20866141732284,8.20773930753564,999,8.20820820820821
505,493,8.25940594059406,8.19878296146045,998,8.22945891783567
507,491,8.25246548323471,8.16496945010183,998,8.20941883767535
506,493,8.29446640316205,8.18864097363083,999,8.24224224224224
495,504,8.24444444444444,8.19047619047619,999,8.21721721721722
491,508,8.25458248472505,8.16929133858268,999,8.21121121121121
486,513,8.20987654320988,8.1812865497076,999,8.1951951951952
483,515,8.21946169772257,8.15533980582524,998,8.18637274549098
474,525,8.25738396624473,8.14285714285714,999,8.1971971971972
479,520,8.25887265135699,8.09230769230769,999,8.17217217217217
473,526,8.24947145877378,8.05513307984791,999,8.14714714714715
470,527,8.25531914893617,8.10056925996205,997,8.17352056168506
471,527,8.25902335456476,8.09677419354839,998,8.17334669338677
471,528,8.23991507430998,8.0530303030303,999,8.14114114114114
475,524,8.23368421052632,8.03053435114504,999,8.12712712712713
476,522,8.20588235294118,8.0727969348659,998,8.13627254509018
470,529,8.24042553191489,8.06616257088847,999,8.14814814814815
467,532,8.27408993576017,8.09774436090226,999,8.18018018018018
474,525,8.26793248945148,8.08571428571429,999,8.17217217217217
484,512,8.28305785123967,8.10546875,996,8.19176706827309
490,509,8.2530612244898,8.10805500982318,999,8.17917917917918
482,515,8.28423236514523,8.10679611650485,997,8.1925777331996
492,506,8.30487804878049,8.10276679841897,998,8.20240480961924
492,507,8.32113821138211,8.13214990138067,999,8.22522522522523
500,499,8.35,8.16032064128257,999,8.25525525525526
503,495,8.34990059642147,8.16969696969697,998,8.26052104208417
506,491,8.3399209486166,8.16089613034623,997,8.25175526579739
508,491,8.31496062992126,8.16904276985743,999,8.24324324324324
513,485,8.34892787524366,8.2020618556701,998,8.27755511022044
514,485,8.32101167315175,8.18969072164948,999,8.25725725725726
502,497,8.33864541832669,8.16901408450704,999,8.25425425425425
509,489,8.32023575638507,8.13292433537832,998,8.22845691382765
507,491,8.32938856015779,8.13034623217923,998,8.2314629258517
505,490,8.34851485148515,8.16326530612245,995,8.2572864321608
510,488,8.33921568627451,8.13729508196721,998,8.24048096192385
520,477,8.36538461538461,8.07547169811321,997,8.22668004012036
515,482,8.31650485436893,8.08713692946058,997,8.20561685055165
520,479,8.35192307692308,8.09812108559499,999,8.23023023023023
516,482,8.37984496124031,8.12448132780083,998,8.2565130260521
516,482,8.3546511627907,8.13900414937759,998,8.25050100200401
516,483,8.32170542635659,8.12629399585921,999,8.22722722722723
517,480,8.2862669245648,8.15416666666667,997,8.22266800401204
507,492,8.28402366863905,8.15650406504065,999,8.22122122122122
517,482,8.30754352030948,8.1597510373444,999,8.23623623623624
518,479,8.27799227799228,8.18580375782881,997,8.23370110330993
510,488,8.28627450980392,8.17622950819672,998,8.23246492985972
509,490,8.33988212180746,8.16122448979592,999,8.25225225225225
508,489,8.34448818897638,8.15132924335378,997,8.24974924774323
510,488,8.35882352941177,8.1844262295082,998,8.27354709418838
513,485,8.2962962962963,8.21855670103093,998,8.25851703406814
522,477,8.35249042145594,8.20964360587002,999,8.28428428428428
515,484,8.39417475728155,8.19834710743802,999,8.2992992992993
505,492,8.41584158415842,8.17682926829268,997,8.29789368104313
502,496,8.38844621513944,8.16532258064516,998,8.27755511022044
503,496,8.40159045725646,8.17137096774194,999,8.28728728728729
492,505,8.38821138211382,8.12871287128713,997,8.2567703109328
503,496,8.37375745526839,8.10887096774194,999,8.24224224224224
502,496,8.4003984063745,8.12298387096774,998,8.2625250501002
502,497,8.41633466135458,8.08048289738431,999,8.24924924924925
494,503,8.37246963562753,8.05367793240557,997,8.21163490471414
498,499,8.38152610441767,8.04208416833667,997,8.21163490471414
498,501,8.3855421686747,8.08982035928144,999,8.23723723723724
499,500,8.3687374749499,8.102,999,8.23523523523524
502,496,8.36254980079681,8.12096774193548,998,8.24248496993988
505,493,8.34653465346535,8.14401622718053,998,8.24649298597194
508,491,8.34055118110236,8.13849287169043,999,8.24124124124124
501,497,8.31337325349301,8.13883299798793,998,8.22645290581162
505,494,8.30693069306931,8.15182186234818,999,8.23023023023023
497,501,8.32997987927565,8.13972055888224,998,8.23446893787575
502,497,8.33266932270916,8.15291750503018,999,8.24324324324324
506,492,8.32213438735178,8.13008130081301,998,8.22745490981964
505,492,8.32079207920792,8.12195121951219,997,8.22266800401204
514,485,8.32879377431907,8.09072164948454,999,8.21321321321321
501,496,8.29740518962076,8.05443548387097,997,8.1765295887663
508,491,8.31496062992126,8.05906313645621,999,8.18918918918919
497,501,8.33601609657948,8.05788423153693,998,8.19639278557114
509,490,8.3614931237721,8.0734693877551,999,8.22022022022022
505,491,8.32475247524753,8.05906313645621,996,8.19377510040161
508,491,8.32874015748031,8.06517311608961,999,8.1991991991992
499,500,8.30861723446894,8.092,999,8.2002002002002
497,501,8.31790744466801,8.11377245508982,998,8.21543086172345
491,508,8.31160896130346,8.12204724409449,999,8.21521521521522
487,512,8.35318275154004,8.154296875,999,8.25125125125125
486,512,8.37242798353909,8.189453125,998,8.27855711422846
481,517,8.35550935550935,8.19342359767892,998,8.27154308617235
486,513,8.31687242798354,8.20077972709552,999,8.25725725725726
486,512,8.33950617283951,8.20703125,998,8.27154308617235
471,527,8.35031847133758,8.19734345351044,998,8.26953907815631
474,524,8.33544303797468,8.17175572519084,998,8.24949899799599
467,532,8.30406852248394,8.15413533834587,999,8.22422422422422
469,530,8.31982942430704,8.18679245283019,999,8.24924924924925
475,524,8.28631578947368,8.20801526717557,999,8.24524524524525
480,519,8.30833333333333,8.21772639691715,999,8.26126126126126
474,525,8.29746835443038,8.20380952380952,999,8.24824824824825
474,525,8.30379746835443,8.21142857142857,999,8.25525525525526
480,519,8.31041666666667,8.20616570327553,999,8.25625625625626
476,523,8.31512605042017,8.24665391969407,999,8.27927927927928
486,513,8.30452674897119,8.26510721247563,999,8.28428428428428
493,504,8.26977687626775,8.22023809523809,997,8.24473420260782
496,503,8.29637096774194,8.21272365805169,999,8.25425425425425
491,508,8.33197556008147,8.23425196850394,999,8.28228228228228
500,499,8.35,8.25450901803607,999,8.3023023023023
500,499,8.348,8.24849699398798,999,8.2982982982983
504,494,8.32738095238095,8.22672064777328,998,8.27755511022044
511,488,8.3385518590998,8.25,999,8.2952952952953
504,495,8.34325396825397,8.22020202020202,999,8.28228228228228
495,503,8.34949494949495,8.21471172962227,998,8.28156312625251
498,498,8.34939759036145,8.24899598393574,996,8.29919678714859
492,507,8.39837398373984,8.24063116370809,999,8.31831831831832
489,509,8.39263803680982,8.28290766208251,998,8.33667334669339
489,508,8.40695296523517,8.26574803149606,997,8.33500501504514
492,507,8.39634146341463,8.28205128205128,999,8.33833833833834
497,501,8.37625754527163,8.25548902195609,998,8.31563126252505
493,505,8.39350912778905,8.27920792079208,998,8.33567134268537
490,509,8.41428571428571,8.24557956777996,999,8.32832832832833
489,510,8.37832310838446,8.23529411764706,999,8.30530530530531
492,506,8.32520325203252,8.25691699604743,998,8.29058116232465
493,504,8.29817444219067,8.26984126984127,997,8.28385155466399
486,512,8.2880658436214,8.28515625,998,8.28657314629259
489,509,8.31288343558282,8.28880157170923,998,8.30060120240481
489,510,8.32515337423313,8.23137254901961,999,8.27727727727728
497,501,8.29979879275654,8.21157684630739,998,8.25551102204409
501,496,8.31936127744511,8.21370967741935,997,8.26680040120361
493,505,8.31440162271805,8.15049504950495,998,8.2314629258517
494,505,8.35627530364373,8.13861386138614,999,8.24624624624625
486,512,8.37448559670782,8.16015625,998,8.26452905811623
494,505,8.3663967611336,8.16435643564356,999,8.26426426426426
493,505,8.38742393509128,8.14257425742574,998,8.26352705410822
490,509,8.42040816326531,8.12770137524558,999,8.27127127127127
497,502,8.43058350100604,8.11155378486056,999,8.27027027027027
493,506,8.41784989858012,8.10276679841897,999,8.25825825825826
493,504,8.40365111561866,8.0734126984127,997,8.23671013039117
493,503,8.4158215010142,8.08747514910537,996,8.25
502,496,8.39442231075697,8.0625,998,8.22945891783567
511,488,8.39334637964775,8.06967213114754,999,8.23523523523524
512,487,8.392578125,8.03901437371663,999,8.22022022022022
507,491,8.37278106508876,8.08350305498982,998,8.23046092184369
514,485,8.37937743190662,8.06185567010309,999,8.22522522522523
496,503,8.34274193548387,8.07355864811133,999,8.20720720720721
507,492,8.3491124260355,8.09552845528455,999,8.22422422422422
499,500,8.35671342685371,8.142,999,8.24924924924925
498,500,8.33333333333333,8.174,998,8.25350701402806
496,502,8.35685483870968,8.14541832669323,998,8.25050100200401
489,509,8.34355828220859,8.13163064833006,998,8.23547094188377
501,496,8.36726546906188,8.1491935483871,997,8.25877632898696
501,497,8.34730538922156,8.17505030181086,998,8.26152304609218
498,501,8.36345381526104,8.12974051896208,999,8.24624624624625
499,500,8.38877755511022,8.122,999,8.25525525525526
499,497,8.42685370741483,8.13480885311871,996,8.28112449799197
496,502,8.43346774193548,8.13147410358566,998,8.28156312625251
499,500,8.42885771543086,8.12,999,8.27427427427427
497,502,8.42253521126761,8.14143426294821,999,8.28128128128128
500,499,8.432,8.13827655310621,999,8.28528528528529
499,498,8.44689378757515,8.11847389558233,997,8.28284854563691
498,500,8.40763052208835,8.124,998,8.26553106212425
510,488,8.42156862745098,8.10450819672131,998,8.26653306613226
506,493,8.41501976284585,8.16024340770791,999,8.28928928928929
505,493,8.4039603960396,8.19675456389452,998,8.30160320641283
504,493,8.39285714285714,8.18458417849899,997,8.28986960882648
504,495,8.34325396825397,8.21212121212121,999,8.27827827827828
497,500,8.31187122736418,8.216,997,8.26379137412237
498,499,8.30923694779116,8.20841683366733,997,8.25877632898696
491,507,8.34826883910387,8.15581854043393,998,8.25050100200401
497,502,8.3420523138833,8.14940239043825,999,8.24524524524525
493,506,8.34279918864097,8.15810276679842,999,8.24924924924925
497,502,8.35814889336016,8.16135458167331,999,8.25925925925926
493,506,8.36105476673428,8.17588932806324,999,8.26726726726727
499,499,8.33867735470942,8.21843687374749,998,8.27855711422846
499,499,8.32464929859719,8.26452905811623,998,8.29458917835671
491,506,8.33808553971487,8.28063241106719,997,8.30892678034102
496,503,8.35483870967742,8.26043737574553,999,8.30730730730731
488,510,8.40163934426229,8.27254901960784,998,8.33567134268537
496,503,8.39516129032258,8.25248508946322,999,8.32332332332332
497,502,8.38832997987928,8.25498007968127,999,8.32132132132132
493,502,8.37728194726166,8.24900398406374,995,8.31256281407035
494,503,8.36842105263158,8.24254473161034,997,8.3049147442327
501,498,8.34331337325349,8.22088353413655,999,8.28228228228228
494,504,8.37854251012146,8.21428571428571,998,8.29559118236473
488,511,8.41188524590164,8.25831702544031,999,8.33333333333333
496,502,8.42540322580645,8.24701195219123,998,8.33567134268537
489,508,8.42126789366053,8.21456692913386,997,8.31594784353059
495,503,8.42424242424242,8.22664015904573,998,8.32464929859719
500,497,8.404,8.22736418511066,997,8.31594784353059
506,493,8.39920948616601,8.20892494929006,999,8.30530530530531
509,487,8.43614931237721,8.17659137577002,996,8.30923694779116
503,495,8.43737574552684,8.16969696969697,998,8.30460921843687
502,496,8.37848605577689,8.20967741935484,998,8.29458917835671
504,495,8.375,8.19191919191919,999,8.28428428428428
503,496,8.39960238568588,8.22782258064516,999,8.31431431431431
500,499,8.416,8.24248496993988,999,8.32932932932933
507,491,8.41617357001972,8.21588594704684,998,8.31763527054108
504,495,8.41468253968254,8.20606060606061,999,8.31131131131131
498,501,8.4136546184739,8.16766467065868,999,8.29029029029029
497,502,8.39637826961771,8.16135458167331,999,8.27827827827828
500,499,8.374,8.16432865731463,999,8.26926926926927
487,511,8.36960985626283,8.17416829745597,998,8.26953907815631
480,517,8.37916666666667,8.1605415860735,997,8.26579739217653
475,524,8.37684210526316,8.18320610687023,999,8.27527527527528
469,530,8.40511727078891,8.17169811320755,999,8.28128128128128
462,535,8.37878787878788,8.12336448598131,997,8.24172517552658
468,531,8.37179487179487,8.12052730696798,999,8.23823823823824
468,531,8.37820512820513,8.08474576271187,999,8.22222222222222
458,540,8.38427947598253,8.06666666666667,998,8.2124248496994
459,540,8.38997821350763,8.09074074074074,999,8.22822822822823
451,547,8.3370288248337,8.09872029250457,998,8.2064128256513
459,540,8.32679738562092,8.10925925925926,999,8.20920920920921
464,535,8.32758620689655,8.11401869158878,999,8.21321321321321
464,533,8.34698275862069,8.12945590994372,997,8.23069207622869
468,531,8.36965811965812,8.10169491525424,999,8.22722722722723
463,536,8.39740820734341,8.09701492537313,999,8.23623623623624
478,520,8.42050209205021,8.09807692307692,998,8.25250501002004
478,521,8.39330543933054,8.14203454894434,999,8.26226226226226
487,512,8.38809034907598,8.12890625,999,8.25525525525526
486,512,8.37448559670782,8.16015625,998,8.26452905811623
493,506,8.38539553752535,8.13833992094862,999,8.26026026026026
498,501,8.39558232931727,8.10978043912176,999,8.25225225225225
494,505,8.38056680161943,8.08712871287129,999,8.23223223223223
500,498,8.364,8.06626506024096,998,8.21543086172345
487,509,8.37371663244353,8.09626719056974,996,8.23192771084337
489,509,8.39263803680982,8.09626719056974,998,8.24148296593186
480,519,8.39791666666667,8.1233140655106,999,8.25525525525526
478,520,8.38284518828452,8.15192307692308,998,8.2625250501002
475,524,8.3978947368421,8.1412213740458,999,8.26326326326326
476,523,8.38025210084034,8.16443594646272,999,8.26726726726727
477,522,8.34381551362683,8.18390804597701,999,8.26026026026026
474,525,8.36708860759494,8.17523809523809,999,8.26626626626627
474,525,8.36286919831224,8.16380952380952,999,8.25825825825826
467,532,8.3661670235546,8.1578947368421,999,8.25525525525526
466,532,8.35622317596567,8.17481203007519,998,8.25951903807615
460,539,8.35,8.16512059369202,999,8.25025025025025
454,542,8.36563876651982,8.17343173431734,996,8.26104417670683
453,546,8.36423841059603,8.18315018315018,999,8.26526526526527
453,545,8.38631346578367,8.23302752293578,998,8.30260521042084
451,548,8.37250554323725,8.21532846715328,999,8.28628628628629
446,553,8.33856502242153,8.21699819168174,999,8.27127127127127
436,562,8.39908256880734,8.2153024911032,998,8.29559118236473
431,567,8.37122969837587,8.23809523809524,998,8.29559118236473
423,576,8.3806146572104,8.23090277777778,999,8.29429429429429
429,569,8.38694638694639,8.2091388400703,998,8.28557114228457
432,565,8.39814814814815,8.24778761061947,997,8.31293881644935
433,566,8.35334872979215,8.23144876325088,999,8.28428428428428
436,563,8.32339449541284,8.26998223801066,999,8.29329329329329
439,560,8.3006833712984,8.27857142857143,999,8.28828828828829
434,564,8.35714285714286,8.27482269503546,998,8.31062124248497
423,576,8.35933806146572,8.31423611111111,999,8.33333333333333
429,570,8.37296037296037,8.31754385964912,999,8.34134134134134
425,573,8.38117647058824,8.31064572425829,998,8.34068136272545
423,576,8.38534278959811,8.29166666666667,999,8.33133133133133
433,566,8.39491916859122,8.24911660777385,999,8.31231231231231
434,565,8.40322580645161,8.24955752212389,999,8.31631631631632
436,563,8.35550458715596,8.25222024866785,999,8.2972972972973
434,564,8.35023041474654,8.24822695035461,998,8.29258517034068
433,565,8.36720554272517,8.25663716814159,998,8.30460921843687
433,566,8.36027713625866,8.27031802120141,999,8.30930930930931
434,565,8.34101382488479,8.27256637168142,999,8.3023023023023
434,564,8.32718894009217,8.27304964539007,998,8.29659318637275
444,553,8.33558558558559,8.26582278481013,997,8.29689067201605
437,560,8.30663615560641,8.28571428571429,997,8.29488465396189
439,560,8.28018223234624,8.25178571428571,999,8.26426426426426
439,559,8.27334851936219,8.22361359570662,998,8.24549098196393
435,563,8.25747126436782,8.23801065719361,998,8.24649298597194
432,564,8.21064814814815,8.21985815602837,996,8.21586345381526
432,563,8.21527777777778,8.23090586145648,995,8.22412060301508
430,569,8.18139534883721,8.21616871704745,999,8.2012012012012
433,566,8.17321016166282,8.21908127208481,999,8.1991991991992
434,565,8.14285714285714,8.22300884955752,999,8.18818818818819
435,563,8.16551724137931,8.24866785079929,998,8.2124248496994
430,568,8.18837209302326,8.22359154929577,998,8.20841683366733
428,571,8.20327102803738,8.26444833625219,999,8.23823823823824
419,580,8.20047732696897,8.23620689655172,999,8.22122122122122
410,588,8.21951219512195,8.23809523809524,998,8.23046092184369
409,590,8.19070904645477,8.28813559322034,999,8.24824824824825
411,585,8.14355231143552,8.29230769230769,996,8.23092369477912
413,584,8.13317191283293,8.24143835616438,997,8.19658976930792
418,581,8.16985645933014,8.23924268502582,999,8.21021021021021
412,587,8.12621359223301,8.2350936967632,999,8.19019019019019
421,577,8.14014251781473,8.22876949740035,998,8.19138276553106
425,573,8.12470588235294,8.21116928446771,998,8.17434869739479
428,570,8.1518691588785,8.16842105263158,998,8.16132264529058
424,574,8.12735849056604,8.16550522648084,998,8.14929859719439
425,573,8.10823529411765,8.18499127399651,998,8.15230460921844
421,577,8.09976247030879,8.18890814558059,998,8.15130260521042
425,572,8.09411764705882,8.19230769230769,997,8.15045135406219
432,567,8.08333333333333,8.19929453262787,999,8.14914914914915
437,562,8.10526315789474,8.15124555160142,999,8.13113113113113
439,559,8.11617312072893,8.13774597495528,998,8.12825651302605
442,557,8.12217194570136,8.15619389587074,999,8.14114114114114
435,563,8.11724137931034,8.16873889875666,998,8.14629258517034
433,566,8.11547344110854,8.20671378091873,999,8.16716716716717
436,563,8.11926605504587,8.25222024866785,999,8.19419419419419
438,560,8.12557077625571,8.22142857142857,998,8.17935871743487
437,562,8.10983981693364,8.22419928825623,999,8.17417417417417
426,572,8.13380281690141,8.20804195804196,998,8.17635270541082
429,570,8.10489510489511,8.20526315789474,999,8.16216216216216
426,573,8.0868544600939,8.23560209424084,999,8.17217217217217
426,573,8.1150234741784,8.18848167539267,999,8.15715715715716
416,583,8.11057692307692,8.1663807890223,999,8.14314314314314
411,588,8.0705596107056,8.17006802721088,999,8.12912912912913
402,596,8.08457711442786,8.17114093959731,998,8.13627254509018
397,602,8.06801007556675,8.17441860465116,999,8.13213213213213
406,592,8.09852216748769,8.14189189189189,998,8.12424849699399
405,592,8.11851851851852,8.17398648648649,997,8.15145436308927
400,595,8.0925,8.17647058823529,995,8.1427135678392
400,599,8.0525,8.20033388981636,999,8.14114114114114
398,600,8.12562814070352,8.17,998,8.15230460921844
410,588,8.09756097560976,8.13945578231293,998,8.12224448897796
419,579,8.14558472553699,8.139896373057,998,8.14228456913828
415,584,8.18072289156627,8.13527397260274,999,8.15415415415415
418,581,8.18421052631579,8.13769363166953,999,8.15715715715716
420,577,8.13571428571429,8.16117850953206,997,8.15045135406219
420,578,8.17380952380952,8.18512110726644,998,8.18036072144289
416,582,8.17788461538461,8.16323024054983,998,8.16933867735471
409,590,8.17359413202934,8.16779661016949,999,8.17017017017017
414,584,8.10144927536232,8.16095890410959,998,8.13627254509018
418,579,8.07416267942584,8.19343696027634,997,8.14343029087262
418,579,8.0622009569378,8.22625215889465,997,8.15747241725176
419,578,8.05489260143198,8.20934256055363,997,8.1444332998997
426,573,8.06103286384977,8.24083769633508,999,8.16416416416416
418,578,8.09808612440191,8.26470588235294,996,8.19477911646586
427,570,8.14051522248243,8.25438596491228,997,8.20561685055165
424,575,8.14150943396226,8.27304347826087,999,8.21721721721722
423,576,8.13475177304965,8.31597222222222,999,8.23923923923924
420,579,8.15,8.32297063903282,999,8.25025025025025
424,574,8.125,8.32926829268293,998,8.24248496993988
424,575,8.10849056603774,8.32173913043478,999,8.23123123123123
422,577,8.12322274881517,8.33275563258232,999,8.24424424424424
426,572,8.07042253521127,8.26398601398601,998,8.1813627254509
412,586,8.0873786407767,8.26621160409556,998,8.19238476953908
415,584,8.06506024096386,8.26027397260274,999,8.17917917917918
424,571,8.09905660377358,8.2784588441331,995,8.20201005025126
421,577,8.14964370546318,8.28249566724437,998,8.22645290581162
421,577,8.1353919239905,8.29116117850953,998,8.22545090180361
415,584,8.15180722891566,8.31335616438356,999,8.24624624624625
413,585,8.12348668280872,8.31794871794872,998,8.2374749498998
406,593,8.10344827586207,8.30185497470489,999,8.22122122122122
398,601,8.11557788944724,8.29284525790349,999,8.22222222222222
401,597,8.12967581047381,8.26465661641541,998,8.21042084168337
404,595,8.13861386138614,8.32941176470588,999,8.25225225225225
401,597,8.17206982543641,8.32830820770519,998,8.26553106212425
406,593,8.21182266009852,8.33726812816189,999,8.28628628628629
408,590,8.19362745098039,8.32881355932203,998,8.27354709418838
408,589,8.17892156862745,8.31239388794567,997,8.25777331995988
406,592,8.16995073891626,8.31418918918919,998,8.25551102204409
409,589,8.14914425427873,8.29881154499151,998,8.2374749498998
402,597,8.18159203980099,8.2713567839196,999,8.23523523523524
396,601,8.20707070707071,8.27287853577371,997,8.24674022066199
393,606,8.19083969465649,8.25082508250825,999,8.22722722722723
390,609,8.17948717948718,8.25779967159277,999,8.22722722722723
391,606,8.17647058823529,8.27062706270627,997,8.23370110330993
385,614,8.12207792207792,8.23941368078176,999,8.19419419419419
380,619,8.11842105263158,8.25525040387722,999,8.2032032032032
386,612,8.09844559585492,8.26143790849673,998,8.19839679358717
384,615,8.11458333333333,8.24878048780488,999,8.1971971971972
385,614,8.07272727272727,8.2214983713355,999,8.16416416416416
390,608,8.07435897435897,8.22532894736842,998,8.16633266533066
386,613,8.06217616580311,8.24959216965742,999,8.17717717717718
379,619,8.06332453825858,8.22940226171244,998,8.16633266533066
385,614,8.12467532467532,8.2214983713355,999,8.18418418418418
391,606,8.14066496163683,8.23597359735974,997,8.19859578736209
392,605,8.09183673469388,8.21652892561984,997,8.16750250752257
391,608,8.0920716112532,8.1858552631579,999,8.14914914914915
390,608,8.09230769230769,8.20230263157895,998,8.15931863727455
392,607,8.07142857142857,8.21252059308073,999,8.15715715715716
391,608,8.076726342711,8.23684210526316,999,8.17417417417417
390,607,8.06666666666667,8.2339373970346,997,8.16850551654965
383,615,8.0757180156658,8.24390243902439,998,8.17935871743487
383,615,8.03916449086162,8.22926829268293,998,8.1563126252505
398,600,8.0251256281407,8.25833333333333,998,8.16533066132265
389,608,8.0,8.21217105263158,997,8.12938816449348
384,615,8.015625,8.23414634146341,999,8.15015015015015
383,616,8.01305483028721,8.23376623376623,999,8.14914914914915
379,619,8.01583113456464,8.26494345718901,998,8.17034068136273
386,613,7.98963730569948,8.29200652528548,999,8.17517517517518
380,618,8.0,8.31877022653722,998,8.19739478957916
379,620,8.00791556728232,8.33548387096774,999,8.21121121121121
372,626,8.01075268817204,8.29712460063898,998,8.19038076152305
369,630,8.03252032520325,8.27142857142857,999,8.18318318318318
363,636,7.98071625344353,8.25786163522013,999,8.15715715715716
369,629,7.98915989159892,8.23847376788553,998,8.14629258517034
366,633,7.98633879781421,8.22906793048973,999,8.14014014014014
365,631,8.01643835616438,8.229793977813,996,8.15160642570281
372,627,7.99462365591398,8.22647527910686,999,8.14014014014014
371,627,7.98921832884097,8.19617224880383,998,8.11923847695391
374,625,8.04010695187166,8.1904,999,8.13413413413413
379,620,8.08707124010554,8.15322580645161,999,8.12812812812813
379,618,8.08707124010554,8.16828478964401,997,8.13741223671013
383,614,8.03133159268929,8.17589576547231,997,8.12036108324975
379,620,8.03430079155673,8.16451612903226,999,8.11511511511512
390,609,8.03589743589744,8.1559934318555,999,8.10910910910911
391,606,8.04859335038363,8.16996699669967,997,8.12236710130391
390,609,8.01025641025641,8.19211822660099,999,8.12112112112112
397,602,7.95969773299748,8.17607973421927,999,8.09009009009009
391,608,7.98976982097187,8.19243421052632,999,8.11311311311311
388,610,8.0180412371134,8.20491803278689,998,8.13226452905812
388,611,7.95876288659794,8.24058919803601,999,8.13113113113113
380,618,7.95,8.21035598705502,998,8.11122244488978
378,620,7.93915343915344,8.19354838709677,998,8.09719438877756
377,620,7.95225464190981,8.18870967741936,997,8.09929789368104
380,619,7.95526315789474,8.19870759289176,999,8.10610610610611
384,615,7.99479166666667,8.17560975609756,999,8.10610610610611
380,619,7.96315789473684,8.21001615508885,999,8.11611611611612
378,620,7.99470899470899,8.21451612903226,998,8.1312625250501
384,615,7.96354166666667,8.18536585365854,999,8.1001001001001
383,616,7.95822454308094,8.1525974025974,999,8.07807807807808
381,618,7.98950131233596,8.18446601941748,999,8.11011011011011
375,624,7.968,8.20352564102564,999,8.11511511511512
388,610,8.00515463917526,8.21803278688525,998,8.13527054108216
389,608,7.98714652956298,8.22368421052632,997,8.13139418254764
381,616,8.02099737532808,8.21753246753247,997,8.14242728184554
375,624,8.02133333333333,8.21634615384615,999,8.14314314314314
374,624,8.02673796791444,8.22115384615385,998,8.14829659318637
376,622,8.02393617021277,8.21543408360129,998,8.14328657314629
369,629,8.0189701897019,8.21303656597774,998,8.14128256513026
368,630,8.00815217391304,8.23650793650794,998,8.15230460921844
354,645,7.97457627118644,8.24961240310077,999,8.15215215215215
361,638,7.98060941828255,8.27586206896552,999,8.16916916916917
353,646,8.02549575070821,8.29411764705882,999,8.1991991991992
361,638,8.01385041551247,8.29467084639498,999,8.19319319319319
369,629,8.01626016260163,8.3147853736089,998,8.20440881763527
367,631,8.02724795640327,8.31854199683043,998,8.21142284569138
365,634,8.01643835616438,8.33438485804416,999,8.21821821821822
364,635,8.07417582417582,8.35275590551181,999,8.25125125125125
368,630,8.13315217391304,8.32063492063492,998,8.25150300601202
362,637,8.07458563535912,8.34379905808477,999,8.24624624624625
366,631,8.10109289617486,8.37559429477021,997,8.27482447342026
358,639,8.10335195530726,8.39749608763693,997,8.29187562688064
351,646,8.19088319088319,8.39473684210526,997,8.32296890672016
352,646,8.13920454545454,8.38080495356037,998,8.29559118236473
358,641,8.12569832402235,8.40561622464899,999,8.30530530530531
357,638,8.14285714285714,8.41065830721003,995,8.31457286432161
362,637,8.146408839779,8.40659340659341,999,8.31231231231231
354,643,8.16101694915254,8.40279937791602,997,8.31695085255767
367,632,8.11171662125341,8.38924050632911,999,8.28728728728729
369,630,8.11653116531165,8.39047619047619,999,8.28928928928929
361,637,8.09972299168975,8.36106750392465,998,8.26653306613226
359,639,8.05571030640668,8.35993740219092,998,8.25050100200401
357,640,8.03081232492997,8.365625,997,8.24573721163491
365,632,8.05205479452055,8.39873417721519,997,8.27181544633902
364,633,8.07142857142857,8.45181674565561,997,8.31293881644935
365,634,8.0958904109589,8.39274447949527,999,8.28428428428428
369,628,8.05691056910569,8.38375796178344,997,8.26278836509529
370,628,8.07837837837838,8.40127388535032,998,8.28156312625251
371,627,8.08894878706199,8.40829346092504,998,8.28957915831663
369,629,8.08130081300813,8.39586645468998,998,8.27955911823647
372,627,8.10752688172043,8.4274322169059,999,8.30830830830831
373,626,8.0857908847185,8.41054313099042,999,8.28928928928929
366,629,8.10928961748634,8.44038155802862,995,8.31859296482412
368,631,8.07608695652174,8.40095087163233,999,8.28128128128128
367,632,8.08446866485014,8.39398734177215,999,8.28028028028028
366,633,8.08196721311475,8.4044233807267,999,8.28628628628629
370,629,8.1054054054054,8.39427662957075,999,8.28728728728729
373,625,8.14209115281501,8.416,998,8.31362725450902
377,619,8.13527851458886,8.41033925686591,996,8.30622489959839
374,623,8.17647058823529,8.41894060995185,997,8.32798395185557
380,619,8.15526315789474,8.38287560581583,999,8.2962962962963
378,621,8.11375661375661,8.36553945249597,999,8.27027027027027
375,623,8.112,8.34991974317817,998,8.26052104208417
368,631,8.17391304347826,8.33122028526149,999,8.27327327327327
366,633,8.16666666666667,8.33807266982623,999,8.27527527527528
365,634,8.14794520547945,8.33753943217666,999,8.26826826826827
360,638,8.15277777777778,8.33699059561128,998,8.27054108216433
372,627,8.19086021505376,8.38277511961723,999,8.31131131131131
365,633,8.2,8.37598736176935,998,8.31162324649299
376,622,8.20478723404255,8.35369774919614,998,8.29759519038076
362,636,8.1878453038674,8.32389937106918,998,8.27454909819639
369,629,8.19241192411924,8.33386327503974,998,8.28156312625251
370,628,8.18378378378378,8.37101910828025,998,8.30160320641283
364,633,8.20054945054945,8.33649289099526,997,8.28686058174524
351,648,8.17663817663818,8.32407407407407,999,8.27227227227227
343,656,8.21574344023324,8.29725609756098,999,8.26926926926927
348,651,8.25574712643678,8.32718894009217,999,8.3023023023023
335,664,8.20597014925373,8.33283132530121,999,8.29029029029029
335,664,8.24179104477612,8.30873493975904,999,8.28628628628629
336,663,8.20535714285714,8.29713423831071,999,8.26626626626627
345,653,8.10144927536232,8.30474732006126,998,8.23446893787575
343,654,8.14868804664723,8.29357798165138,997,8.24373119358074
342,655,8.10818713450292,8.29007633587786,997,8.22768304914744
341,658,8.15542521994135,8.27507598784194,999,8.23423423423423
346,653,8.13872832369942,8.31240428790199,999,8.25225225225225
342,657,8.14327485380117,8.31506849315068,999,8.25625625625626
333,666,8.13513513513514,8.32732732732733,999,8.26326326326326
326,670,8.10736196319018,8.31791044776119,996,8.24899598393574
328,670,8.09146341463415,8.31940298507463,998,8.24448897795591
334,664,8.10479041916168,8.33584337349398,998,8.25851703406814
333,666,8.11711711711712,8.31381381381381,999,8.24824824824825
335,663,8.12537313432836,8.31372549019608,998,8.25050100200401
332,664,8.12349397590361,8.31777108433735,996,8.25301204819277
336,663,8.14880952380952,8.33182503770739,999,8.27027027027027
330,669,8.15454545454545,8.33333333333333,999,8.27427427427427
325,674,8.2,8.33827893175074,999,8.29329329329329
325,674,8.18769230769231,8.33234421364985,999,8.28528528528529
318,675,8.16037735849057,8.36444444444444,993,8.29909365558912
320,679,8.1875,8.35640648011782,999,8.3023023023023
319,680,8.17868338557994,8.35294117647059,999,8.2972972972973
323,676,8.19195046439629,8.37573964497041,999,8.31631631631632
327,672,8.217125382263,8.36160714285714,999,8.31431431431431
327,671,8.25382262996942,8.34277198211625,998,8.31362725450902
332,666,8.24096385542169,8.33933933933934,998,8.30661322645291
335,664,8.25671641791045,8.35240963855422,999,8.32032032032032
335,663,8.24776119402985,8.35746606334842,998,8.32064128256513
339,660,8.25073746312684,8.33030303030303,999,8.3033033033033
340,659,8.25588235294118,8.33535660091047,999,8.30830830830831
341,656,8.28739002932551,8.30792682926829,997,8.30090270812437
341,658,8.27272727272727,8.30091185410334,999,8.29129129129129
348,649,8.2816091954023,8.27426810477658,997,8.27683049147442
339,660,8.30678466076696,8.27272727272727,999,8.28428428428428
333,665,8.33933933933934,8.26015037593985,998,8.28657314629259
336,662,8.35119047619048,8.25679758308157,998,8.28857715430862
334,665,8.27844311377246,8.25413533834586,999,8.26226226226226
338,661,8.26923076923077,8.23449319213313,999,8.24624624624625
336,663,8.28571428571429,8.25339366515837,999,8.26426426426426
343,653,8.28279883381924,8.26952526799387,996,8.27409638554217
333,666,8.23723723723724,8.27627627627628,999,8.26326326326326
332,667,8.31024096385542,8.29235382308846,999,8.2982982982983
331,668,8.35347432024169,8.29041916167665,999,8.31131131131131
323,675,8.34984520123839,8.28148148148148,998,8.30360721442886
332,666,8.31325301204819,8.31231231231231,998,8.312625250501
330,667,8.35757575757576,8.29235382308846,997,8.31394182547643
336,663,8.34821428571429,8.27752639517345,999,8.3013013013013
322,677,8.36335403726708,8.29837518463811,999,8.31931931931932
330,669,8.34545454545455,8.27952167414051,999,8.3013013013013
334,664,8.35329341317365,8.26204819277108,998,8.29258517034068
337,662,8.31750741839763,8.26888217522659,999,8.28528528528529
348,651,8.30172413793103,8.25652841781874,999,8.27227227227227
347,651,8.36023054755043,8.25652841781874,998,8.29258517034068
346,653,8.36705202312139,8.2542113323124,999,8.29329329329329
359,639,8.36768802228412,8.27856025039124,998,8.31062124248497
345,653,8.31594202898551,8.26799387442573,998,8.28456913827655
345,654,8.32463768115942,8.2691131498471,999,8.28828828828829
345,653,8.35652173913043,8.24502297090352,998,8.28356713426854
344,655,8.36337209302326,8.23206106870229,999,8.27727727727728
343,654,8.39650145772595,8.21100917431193,997,8.27482447342026
345,654,8.33913043478261,8.18501529051988,999,8.23823823823824
334,664,8.31137724550898,8.18373493975904,998,8.22645290581162
326,671,8.2760736196319,8.19821162444113,997,8.22367101303912
328,671,8.23780487804878,8.16691505216095,999,8.19019019019019
330,668,8.3,8.16616766467066,998,8.21042084168337
326,672,8.3159509202454,8.19345238095238,998,8.23346693386774
327,672,8.34250764525994,8.18303571428571,999,8.23523523523524
320,678,8.384375,8.17699115044248,998,8.2434869739479
326,672,8.37423312883435,8.16815476190476,998,8.23547094188377
325,674,8.4,8.18100890207715,999,8.25225225225225
323,675,8.41486068111455,8.18074074074074,998,8.2565130260521
321,678,8.38940809968847,8.15486725663717,999,8.23023023023023
314,685,8.39171974522293,8.19270072992701,999,8.25525525525526
320,679,8.359375,8.16347569955817,999,8.22622622622623
311,688,8.35048231511254,8.1875,999,8.23823823823824
302,697,8.3476821192053,8.16499282639885,999,8.22022022022022
310,689,8.32258064516129,8.14368650217707,999,8.1991991991992
299,699,8.36454849498328,8.14449213161659,998,8.21042084168337
299,698,8.31103678929766,8.11318051575931,997,8.17251755265797
298,701,8.30872483221476,8.09843081312411,999,8.16116116116116
294,704,8.32993197278912,8.08380681818182,998,8.1563126252505
290,707,8.34137931034483,8.09193776520509,997,8.16449348044132
296,701,8.35472972972973,8.10271041369472,997,8.17753259779338
295,704,8.31525423728814,8.09517045454546,999,8.16016016016016
296,703,8.32432432432432,8.13229018492176,999,8.18918918918919
290,706,8.34827586206896,8.12039660056657,996,8.18674698795181
296,701,8.34121621621622,8.15121255349501,997,8.20762286860582
294,705,8.37074829931973,8.1531914893617,999,8.21721721721722
296,702,8.35810810810811,8.19088319088319,998,8.24048096192385
303,695,8.32013201320132,8.19712230215827,998,8.23446893787575
307,691,8.30944625407166,8.21707670043415,998,8.24549098196393
319,680,8.33228840125392,8.23088235294118,999,8.26326326326326
312,687,8.31730769230769,8.26637554585153,999,8.28228228228228
322,676,8.30745341614907,8.25591715976331,998,8.27254509018036
321,678,8.33021806853583,8.27138643067847,999,8.29029029029029
315,683,8.33650793650794,8.31771595900439,998,8.32364729458918
319,680,8.36363636363636,8.28529411764706,999,8.31031031031031
322,677,8.37267080745342,8.28655834564254,999,8.31431431431431
316,683,8.38607594936709,8.2606149341142,999,8.3003003003003
312,687,8.41346153846154,8.25181950509461,999,8.3023023023023
311,687,8.43086816720257,8.22561863173217,998,8.28957915831663
304,694,8.38157894736842,8.26224783861671,998,8.29859719438878
299,700,8.35451505016722,8.24142857142857,999,8.27527527527528
300,699,8.4,8.22889842632332,999,8.28028028028028
282,715,8.44326241134752,8.21398601398601,997,8.27883650952859
293,705,8.47440273037543,8.18581560283688,998,8.27054108216433
287,712,8.49477351916376,8.16151685393258,999,8.25725725725726
289,710,8.51557093425606,8.18591549295775,999,8.28128128128128
287,711,8.50522648083624,8.18565400843882,998,8.27755511022044
291,706,8.48797250859107,8.19830028328612,997,8.28284854563691
288,711,8.46527777777778,8.20815752461322,999,8.28228228228228
290,709,8.47241379310345,8.212976022567,999,8.28828828828829
293,706,8.44368600682594,8.18838526912181,999,8.26326326326326
293,705,8.48464163822526,8.22269503546099,998,8.29959919839679
302,696,8.46688741721854,8.21551724137931,998,8.29158316633267
306,692,8.45751633986928,8.20375722543353,998,8.28156312625251
306,693,8.44444444444444,8.19336219336219,999,8.27027027027027
313,686,8.42492012779553,8.20845481049563,999,8.27627627627628
310,689,8.40645161290323,8.18722786647315,999,8.25525525525526
305,694,8.40655737704918,8.18731988472623,999,8.25425425425425
310,689,8.40645161290323,8.18722786647315,999,8.25525525525526
310,689,8.39354838709677,8.19013062409289,999,8.25325325325325
307,691,8.37133550488599,8.22141823444284,998,8.26753507014028
306,692,8.39869281045752,8.20953757225434,998,8.26753507014028
310,689,8.39354838709677,8.20464441219158,999,8.26326326326326
314,685,8.34076433121019,8.21605839416058,999,8.25525525525526
320,678,8.353125,8.22713864306785,998,8.26753507014028
314,685,8.30573248407643,8.23065693430657,999,8.25425425425425
