forward_num,reverse_num,forward_rate,reverse_rate,organism_num,organism_rate
50,50,5.5,5.5,100,5.5
58,58,5.63793103448276,5.63793103448276,116,5.63793103448276
76,77,5.92105263157895,6.03896103896104,153,5.98039215686275
91,87,5.98901098901099,6.10344827586207,178,6.04494382022472
114,116,6.31578947368421,6.3448275862069,230,6.3304347826087
137,144,6.54014598540146,6.48611111111111,281,6.51245551601424
179,176,6.89385474860335,6.75,355,6.82253521126761
211,217,6.87203791469194,6.93087557603687,428,6.9018691588785
304,293,7.21381578947368,7.08532423208191,597,7.15075376884422
358,355,7.23743016759777,7.20281690140845,713,7.22019635343618
479,463,7.48851774530271,7.37580993520518,942,7.43312101910828
493,504,7.49492900608519,7.29563492063492,997,7.39418254764293
500,498,7.438,7.28714859437751,998,7.3627254509018
499,497,7.47094188376754,7.35412474849095,996,7.41265060240964
504,493,7.43452380952381,7.40770791075051,997,7.42126379137412
503,495,7.43141153081511,7.42020202020202,998,7.42585170340681
501,498,7.48303393213573,7.4136546184739,999,7.44844844844845
512,487,7.49609375,7.36755646817248,999,7.43343343343343
516,482,7.50968992248062,7.36929460580913,998,7.44188376753507
517,482,7.53771760154739,7.3298755186722,999,7.43743743743744
519,480,7.63776493256262,7.33958333333333,999,7.49449449449449
524,473,7.62595419847328,7.3953488372093,997,7.51654964894684
526,472,7.61596958174905,7.39406779661017,998,7.51102204408818
533,463,7.64165103189493,7.40388768898488,996,7.53112449799197
538,460,7.65985130111524,7.46521739130435,998,7.57014028056112
540,459,7.69259259259259,7.45751633986928,999,7.58458458458458
549,449,7.78142076502732,7.46993318485523,998,7.64128256513026
545,454,7.80183486238532,7.48898678414097,999,7.65965965965966
542,457,7.85055350553506,7.52516411378556,999,7.7017017017017
535,463,7.82429906542056,7.52915766738661,998,7.687374749499
526,473,7.77186311787072,7.52008456659619,999,7.65265265265265
522,476,7.83716475095785,7.52310924369748,998,7.687374749499
520,478,7.78653846153846,7.55020920502092,998,7.67334669338677
516,483,7.82170542635659,7.59213250517598,999,7.71071071071071
510,488,7.79803921568627,7.63934426229508,998,7.72044088176353
509,490,7.83104125736739,7.66938775510204,999,7.75175175175175
512,485,7.78515625,7.65154639175258,997,7.72016048144433
506,493,7.80237154150198,7.64503042596349,999,7.72472472472472
495,503,7.79393939393939,7.67196819085487,998,7.73246492985972
499,500,7.77755511022044,7.7,999,7.73873873873874
504,494,7.79761904761905,7.71862348178138,998,7.75851703406814
511,487,7.78082191780822,7.69404517453799,998,7.73847695390782
513,486,7.82846003898635,7.72222222222222,999,7.77677677677678
504,494,7.81547619047619,7.68623481781376,998,7.75150300601202
500,499,7.882,7.75350701402806,999,7.81781781781782
499,499,7.90981963927856,7.76152304609218,998,7.83567134268537
498,498,7.88152610441767,7.76305220883534,996,7.82228915662651
506,493,7.89920948616601,7.77079107505071,999,7.83583583583584
510,488,7.89411764705882,7.79713114754098,998,7.84669338677355
512,487,7.892578125,7.7782340862423,999,7.83683683683684
522,477,7.85249042145594,7.77148846960168,999,7.81381381381381
520,477,7.82884615384615,7.78616352201258,997,7.80842527582748
519,480,7.84585741811175,7.78333333333333,999,7.81581581581582
511,487,7.85909980430528,7.76591375770021,998,7.81362725450902
508,489,7.86220472440945,7.79550102249489,997,7.82948846539619
512,487,7.826171875,7.80698151950719,999,7.81681681681682
514,484,7.86770428015564,7.78305785123967,998,7.82665330661323
515,483,7.83883495145631,7.77639751552795,998,7.80861723446894
519,480,7.8131021194605,7.72708333333333,999,7.77177177177177
514,485,7.81322957198444,7.75463917525773,999,7.78478478478478
517,482,7.78143133462282,7.76763485477178,999,7.77477477477477
527,470,7.7988614800759,7.81489361702128,997,7.80641925777332
533,465,7.75609756097561,7.80860215053763,998,7.78056112224449
535,464,7.78317757009346,7.80603448275862,999,7.79379379379379
534,464,7.82397003745318,7.78448275862069,998,7.80561122244489
540,459,7.83333333333333,7.78867102396514,999,7.81281281281281
547,452,7.80438756855576,7.81858407079646,999,7.81081081081081
545,453,7.85321100917431,7.83443708609272,998,7.84468937875751
541,458,7.8539741219963,7.82096069868996,999,7.83883883883884
541,458,7.87615526802218,7.81222707423581,999,7.84684684684685
542,457,7.92619926199262,7.84026258205689,999,7.88688688688689
534,465,7.92696629213483,7.83655913978495,999,7.88488488488488
536,462,7.91417910447761,7.79220779220779,998,7.85771543086172
539,459,7.89053803339518,7.82135076252723,998,7.85871743486974
526,473,7.90874524714829,7.79915433403805,999,7.85685685685686
530,467,7.89433962264151,7.78372591006424,997,7.84252758274824
531,467,7.87758945386064,7.83511777301927,998,7.85771543086172
532,466,7.91917293233083,7.80901287553648,998,7.86773547094188
521,476,7.95777351247601,7.82352941176471,997,7.89368104312939
513,485,7.96101364522417,7.8020618556701,998,7.88376753507014
511,488,7.93150684931507,7.82377049180328,999,7.87887887887888
514,484,7.97081712062257,7.82644628099174,998,7.90080160320641
511,487,7.98043052837573,7.81930184804928,998,7.90180360721443
520,478,7.98269230769231,7.8765690376569,998,7.93186372745491
519,480,7.98651252408478,7.88125,999,7.93593593593594
514,483,7.99027237354086,7.87163561076605,997,7.93279839518556
520,479,8.05384615384615,7.86847599164927,999,7.96496496496496
506,492,8.04743083003953,7.8719512195122,998,7.96092184368737
514,485,8.04280155642023,7.84123711340206,999,7.94494494494494
510,489,8.06470588235294,7.86298568507157,999,7.96596596596597
528,471,8.06439393939394,7.87048832271762,999,7.97297297297297
520,477,8.08076923076923,7.90566037735849,997,7.99699097291876
531,467,8.05838041431262,7.93576017130621,998,8.00100200400802
525,473,8.04571428571429,7.87949260042283,998,7.96693386773547
531,467,8.06591337099812,7.89293361884368,998,7.98496993987976
526,470,8.06463878326996,7.91914893617021,996,7.99598393574297
529,470,8.10018903591682,7.97234042553191,999,8.04004004004004
521,476,8.11516314779271,7.94747899159664,997,8.03510531594784
527,472,8.06831119544592,8.00423728813559,999,8.03803803803804
538,460,8.09293680297398,8.02826086956522,998,8.06312625250501
536,462,8.09701492537313,8.0021645021645,998,8.05310621242485
532,464,8.09398496240602,7.97198275862069,996,8.03714859437751
543,456,8.06813996316759,7.97587719298246,999,8.02602602602603
546,453,8.1043956043956,7.98013245033113,999,8.04804804804805
544,455,8.10845588235294,7.96923076923077,999,8.04504504504505
547,450,8.13893967093236,7.96888888888889,997,8.06218655967904
545,453,8.17798165137615,8.01324503311258,998,8.10320641282565
544,455,8.15073529411765,8.03296703296703,999,8.0970970970971
554,445,8.14079422382672,8.00898876404494,999,8.08208208208208
542,457,8.14575645756458,7.98468271334792,999,8.07207207207207
543,456,8.1841620626151,7.96052631578947,999,8.08208208208208
539,460,8.17254174397032,8.0,999,8.09309309309309
537,462,8.18249534450652,7.995670995671,999,8.0960960960961
542,457,8.19372693726937,7.93873085339168,999,8.07707707707708
530,469,8.21698113207547,7.92537313432836,999,8.08008008008008
531,467,8.17325800376648,7.98072805139186,998,8.08316633266533
525,474,8.18095238095238,8.00632911392405,999,8.0980980980981
531,467,8.16572504708098,7.99785867237687,998,8.0871743486974
540,459,8.17222222222222,8.01742919389978,999,8.1011011011011
541,458,8.09981515711645,8.00218340611354,999,8.05505505505506
544,454,8.12867647058824,7.99339207048458,998,8.06713426853707
537,462,8.14338919925512,7.995670995671,999,8.07507507507508
530,469,8.14905660377359,7.97867803837953,999,8.06906906906907
529,469,8.10964083175803,7.98933901918977,998,8.05310621242485
532,465,8.13533834586466,8.04516129032258,997,8.09327983951856
525,474,8.16952380952381,8.05485232067511,999,8.11511511511512
532,467,8.15037593984962,8.07494646680942,999,8.11511511511512
532,467,8.15977443609023,8.09421841541756,999,8.12912912912913
528,470,8.18371212121212,8.07659574468085,998,8.13326653306613
526,472,8.1787072243346,8.02754237288136,998,8.10721442885771
532,466,8.19360902255639,8.03648068669528,998,8.12024048096192
527,471,8.24857685009488,8.06581740976645,998,8.1623246492986
528,470,8.25,8.06382978723404,998,8.1623246492986
527,471,8.24098671726755,8.05944798301486,998,8.15531062124249
522,477,8.20306513409962,8.08385744234801,999,8.14614614614615
524,474,8.17748091603053,8.05907172995781,998,8.12124248496994
525,473,8.14476190476191,8.0676532769556,998,8.10821643286573
520,479,8.11346153846154,8.02713987473904,999,8.07207207207207
511,484,8.11154598825832,8.01239669421488,995,8.06331658291457
517,482,8.14119922630561,8.01244813278008,999,8.07907907907908
514,485,8.13813229571984,8.04123711340206,999,8.09109109109109
501,498,8.14171656686627,8.05421686746988,999,8.0980980980981
505,494,8.12475247524752,8.03846153846154,999,8.08208208208208
493,506,8.09127789046653,8.08498023715415,999,8.08808808808809
477,518,8.07756813417191,8.06177606177606,995,8.06934673366834
472,524,8.04237288135593,8.08015267175572,996,8.06224899598394
466,532,8.06223175965665,8.12406015037594,998,8.09519038076152
462,537,8.06493506493507,8.10800744878957,999,8.08808808808809
456,543,8.06359649122807,8.08471454880295,999,8.07507507507508
461,538,8.11713665943601,8.04832713754647,999,8.08008008008008
468,531,8.10897435897436,8.05649717514124,999,8.08108108108108
473,526,8.12262156448203,8.02851711026616,999,8.07307307307307
471,527,8.13588110403397,8.02656546489564,998,8.07815631262525
479,520,8.10229645093946,8.05769230769231,999,8.07907907907908
475,523,8.14315789473684,8.08986615678776,998,8.11523046092184
491,508,8.12830957230143,8.08464566929134,999,8.10610610610611
487,511,8.15195071868583,8.07240704500978,998,8.11122244488978
499,500,8.13426853707415,8.048,999,8.09109109109109
500,498,8.134,8.03614457831325,998,8.08517034068136
496,501,8.14516129032258,8.06586826347305,997,8.10531594784353
500,499,8.132,8.06813627254509,999,8.1001001001001
484,514,8.17148760330578,8.09727626459144,998,8.13326653306613
483,516,8.19461697722567,8.16666666666667,999,8.18018018018018
472,527,8.19279661016949,8.1404174573055,999,8.16516516516517
481,517,8.25987525987526,8.14119922630561,998,8.19839679358717
484,514,8.25206611570248,8.14785992217899,998,8.19839679358717
472,526,8.24152542372881,8.14068441064639,998,8.18837675350701
488,511,8.22336065573771,8.13502935420744,999,8.17817817817818
480,519,8.20416666666667,8.15606936416185,999,8.17917917917918
483,516,8.22981366459627,8.15116279069767,999,8.18918918918919
496,502,8.22379032258065,8.15737051792829,998,8.19038076152305
498,500,8.26104417670683,8.1,998,8.18036072144289
502,497,8.22709163346614,8.08249496981891,999,8.15515515515516
509,489,8.22200392927308,8.02249488752556,998,8.12424849699399
514,485,8.22373540856031,8.03711340206186,999,8.13313313313313
504,494,8.23214285714286,7.99797570850202,998,8.11623246492986
497,501,8.22937625754527,7.96806387225549,998,8.09819639278557
497,501,8.2112676056338,7.9500998003992,998,8.08016032064128
487,512,8.23613963039014,7.966796875,999,8.0980980980981
491,507,8.26883910386965,7.94082840236686,998,8.10220440881764
492,504,8.27642276422764,7.99007936507936,996,8.13152610441767
498,501,8.26305220883534,7.97604790419162,999,8.11911911911912
490,508,8.29387755102041,7.92322834645669,998,8.10521042084168
501,498,8.29740518962076,7.87550200803213,999,8.08708708708709
501,497,8.28343313373253,7.90342052313883,998,8.09418837675351
507,492,8.25838264299803,7.91666666666667,999,8.09009009009009
505,494,8.24158415841584,7.89676113360324,999,8.07107107107107
515,484,8.23883495145631,7.91942148760331,999,8.08408408408408
516,481,8.20542635658915,7.91268191268191,997,8.0641925777332
508,489,8.17125984251969,7.87934560327198,997,8.02808425275827
518,480,8.18532818532818,7.875,998,8.03607214428858
521,478,8.12667946257198,7.84309623430962,999,7.99099099099099
524,475,8.15458015267176,7.85052631578947,999,8.01001001001001
530,468,8.17358490566038,7.86111111111111,998,8.02705410821643
524,474,8.15458015267176,7.91772151898734,998,8.04208416833667
523,476,8.17973231357553,7.90966386554622,999,8.05105105105105
525,473,8.16952380952381,7.90486257928118,998,8.04408817635271
529,468,8.15879017013233,7.89316239316239,997,8.03410230692076
534,464,8.17790262172285,7.89439655172414,998,8.04609218436874
536,462,8.2294776119403,7.90909090909091,998,8.0811623246493
543,456,8.23020257826888,7.88157894736842,999,8.07107107107107
540,459,8.2,7.86492374727669,999,8.04604604604605
540,459,8.21481481481482,7.86710239651416,999,8.05505505505506
541,458,8.17744916820702,7.82532751091703,999,8.01601601601602
547,451,8.19012797074954,7.84922394678492,998,8.03607214428858
546,453,8.14468864468864,7.83664459161148,999,8.00500500500501
542,456,8.13284132841328,7.83552631578947,998,7.99699398797595
538,461,8.15799256505576,7.83947939262473,999,8.01101101101101
538,460,8.15799256505576,7.83478260869565,998,8.00901803607214
555,444,8.16396396396396,7.8490990990991,999,8.02402402402402
552,446,8.13768115942029,7.8609865470852,998,8.01402805611222
555,441,8.14594594594595,7.85487528344671,996,8.01706827309237
554,445,8.14079422382672,7.88314606741573,999,8.02602602602603
558,441,8.17383512544803,7.91156462585034,999,8.05805805805806
565,434,8.1929203539823,7.90092165898618,999,8.06606606606607
570,429,8.20877192982456,7.85314685314685,999,8.05605605605606
569,428,8.19683655536028,7.9018691588785,997,8.07021063189569
562,437,8.18505338078292,7.89244851258581,999,8.05705705705706
545,454,8.17798165137615,7.8920704845815,999,8.04804804804805
548,451,8.18613138686131,7.92017738359202,999,8.06606606606607
549,450,8.17668488160291,7.95777777777778,999,8.07807807807808
556,443,8.17086330935252,7.90744920993228,999,8.05405405405405
554,445,8.15162454873646,7.87865168539326,999,8.03003003003003
555,443,8.12252252252252,7.86230248306998,998,8.00701402805611
556,443,8.15287769784173,7.85327313769752,999,8.02002002002002
561,438,8.14081996434938,7.83561643835616,999,8.00700700700701
555,441,8.2018018018018,7.75963718820862,996,8.00602409638554
551,448,8.20871143375681,7.78571428571429,999,8.01901901901902
553,446,8.18625678119349,7.78923766816143,999,8.00900900900901
542,456,8.19557195571956,7.79605263157895,998,8.01302605210421
542,456,8.22693726937269,7.79605263157895,998,8.03006012024048
544,455,8.23713235294118,7.77802197802198,999,8.02802802802803
541,456,8.21441774491682,7.75219298245614,997,8.00300902708124
539,460,8.20037105751391,7.77173913043478,999,8.003003003003
539,459,8.21150278293135,7.8082788671024,998,8.02605210420842
536,462,8.16977611940299,7.7965367965368,998,7.99699398797595
538,460,8.15985130111524,7.81086956521739,998,7.99899799599198
535,464,8.15140186915888,7.7801724137931,999,7.97897897897898
542,457,8.15867158671587,7.82932166301969,999,8.00800800800801
546,453,8.16483516483516,7.80573951434879,999,8.002002002002
554,441,8.16787003610108,7.80725623582766,995,8.00804020100503
545,452,8.17614678899083,7.8141592920354,997,8.01203610832497
548,451,8.16788321167883,7.81818181818182,999,8.01001001001001
558,440,8.12007168458781,7.825,998,7.98997995991984
552,445,8.14130434782609,7.82696629213483,997,8.00100300902708
553,445,8.12115732368897,7.86292134831461,998,8.0060120240481
549,450,8.12750455373406,7.89333333333333,999,8.02202202202202
554,444,8.13898916967509,7.91216216216216,998,8.03807615230461
547,452,8.14259597806216,7.90044247787611,999,8.03303303303303
541,458,8.10351201478743,7.85589519650655,999,7.98998998998999
537,462,8.11173184357542,7.85714285714286,999,7.99399399399399
527,472,8.11195445920304,7.86228813559322,999,7.99399399399399
537,462,8.13594040968343,7.83333333333333,999,7.995995995996
535,459,8.1214953271028,7.84313725490196,994,7.99295774647887
543,456,8.097605893186,7.83771929824561,999,7.97897897897898
544,454,8.09926470588235,7.87885462555066,998,7.99899799599198
533,465,8.1125703564728,7.90752688172043,998,8.01703406813627
533,465,8.15009380863039,7.93118279569893,998,8.04809619238477
534,465,8.10299625468165,7.92903225806452,999,8.02202202202202
535,464,8.13271028037383,7.86853448275862,999,8.01001001001001
528,470,8.11742424242424,7.93191489361702,998,8.03006012024048
532,467,8.12218045112782,7.95717344753747,999,8.04504504504505
530,467,8.1622641509434,7.95503211991435,997,8.06519558676028
535,464,8.16822429906542,7.99784482758621,999,8.08908908908909
527,471,8.10626185958254,7.99363057324841,998,8.05310621242485
535,464,8.1196261682243,8.01939655172414,999,8.07307307307307
535,464,8.12523364485981,7.96336206896552,999,8.05005005005005
532,467,8.10714285714286,7.99143468950749,999,8.05305305305305
535,464,8.13084112149533,8.02586206896552,999,8.08208208208208
528,467,8.16856060606061,8.01927194860814,995,8.09849246231156
525,472,8.15047619047619,8.03601694915254,997,8.0962888665998
527,472,8.15559772296015,8.04872881355932,999,8.10510510510511
523,476,8.15105162523901,8.07142857142857,999,8.11311311311311
520,478,8.15961538461539,8.02928870292887,998,8.09719438877756
515,484,8.18640776699029,8.06198347107438,999,8.12612612612613
517,482,8.19342359767892,8.05394190871369,999,8.12612612612613
523,476,8.18738049713193,8.04411764705882,999,8.11911911911912
523,475,8.16826003824092,8.05263157894737,998,8.11322645290581
527,471,8.14990512333966,8.02335456475584,998,8.09018036072144
531,468,8.1638418079096,8.03205128205128,999,8.1021021021021
526,473,8.25285171102662,8.0507399577167,999,8.15715715715716
524,475,8.2175572519084,8.04631578947368,999,8.13613613613614
540,459,8.21111111111111,8.06318082788671,999,8.14314314314314
531,467,8.1864406779661,8.10706638115632,998,8.14929859719439
544,455,8.1875,8.08351648351648,999,8.14014014014014
550,449,8.18,8.08685968819599,999,8.13813813813814
559,440,8.17531305903399,8.12045454545455,999,8.15115115115115
560,439,8.1875,8.09111617312073,999,8.14514514514515
559,440,8.16636851520572,8.12954545454545,999,8.15015015015015
563,435,8.19005328596803,8.1264367816092,998,8.1623246492986
556,442,8.19064748201439,8.09276018099547,998,8.14729458917836
558,440,8.17921146953405,8.12045454545455,998,8.15330661322645
559,438,8.16636851520572,8.14840182648402,997,8.15847542627884
558,441,8.14874551971326,8.14285714285714,999,8.14614614614615
573,424,8.13438045375218,8.13443396226415,997,8.13440320962889
571,428,8.11208406304729,8.15654205607477,999,8.13113113113113
578,420,8.16955017301038,8.17380952380952,998,8.17134268537074
574,421,8.19337979094077,8.16389548693587,995,8.18090452261307
574,424,8.22822299651568,8.16981132075472,998,8.20340681362725
568,430,8.22359154929577,8.18139534883721,998,8.20541082164329
576,423,8.20659722222222,8.16075650118203,999,8.18718718718719
578,419,8.22491349480969,8.1527446300716,997,8.19458375125376
571,427,8.18739054290718,8.16393442622951,998,8.17735470941884
568,430,8.21830985915493,8.1953488372093,998,8.20841683366733
575,422,8.22260869565217,8.19431279620853,997,8.21063189568706
581,418,8.23752151462995,8.17464114832536,999,8.21121121121121
588,411,8.22959183673469,8.13138686131387,999,8.18918918918919
592,405,8.21452702702703,8.12098765432099,997,8.1765295887663
596,403,8.20637583892617,8.10669975186104,999,8.16616616616617
610,388,8.21311475409836,8.06958762886598,998,8.15731462925852
612,387,8.21078431372549,8.04134366925065,999,8.14514514514515
616,383,8.19642857142857,8.01305483028721,999,8.12612612612613
622,376,8.16881028938907,7.98936170212766,998,8.10120240480962
626,373,8.19169329073482,7.98659517426273,999,8.11511511511512
621,376,8.15942028985507,8.02659574468085,997,8.10932798395186
622,377,8.18649517684887,7.97347480106101,999,8.10610610610611
616,383,8.15422077922078,7.97650130548303,999,8.08608608608609
622,375,8.14790996784566,7.98133333333333,997,8.08525576730191
621,377,8.19162640901771,8.02917771883289,998,8.13026052104208
617,380,8.22366288492707,8.02631578947368,997,8.14844533600802
617,382,8.23176661264181,8.07068062827225,999,8.17017017017017
620,378,8.2258064516129,8.0978835978836,998,8.17735470941884
611,387,8.21931260229133,8.12403100775194,998,8.18236472945892
603,396,8.20066334991708,8.11363636363636,999,8.16616616616617
599,399,8.20200333889816,8.12531328320802,998,8.17134268537074
589,409,8.22410865874363,8.11491442542787,998,8.17935871743487
599,400,8.24874791318865,8.16,999,8.21321321321321
599,399,8.25208681135225,8.15288220551378,998,8.2124248496994
600,399,8.23166666666667,8.17042606516291,999,8.20720720720721
592,406,8.26182432432432,8.1576354679803,998,8.21943887775551
593,406,8.28330522765599,8.16256157635468,999,8.23423423423423
596,402,8.23489932885906,8.17412935323383,998,8.21042084168337
603,396,8.24212271973466,8.13383838383838,999,8.1991991991992
612,386,8.21078431372549,8.17616580310881,998,8.19739478957916
604,395,8.19205298013245,8.21012658227848,999,8.1991991991992
603,395,8.2106135986733,8.17721518987342,998,8.19739478957916
600,398,8.23,8.21105527638191,998,8.22244488977956
609,390,8.2512315270936,8.18205128205128,999,8.22422422422422
618,381,8.20226537216828,8.19685039370079,999,8.2002002002002
614,385,8.19055374592834,8.26493506493506,999,8.21921921921922
611,388,8.18657937806874,8.27319587628866,999,8.22022022022022
610,389,8.22786885245902,8.25192802056555,999,8.23723723723724
613,385,8.24143556280587,8.22857142857143,998,8.23647294589178
611,388,8.23731587561375,8.20360824742268,999,8.22422422422422
611,387,8.24222585924714,8.17054263565892,998,8.21442885771543
613,384,8.23980424143556,8.14583333333333,997,8.20361083249749
613,385,8.24306688417618,8.15584415584416,998,8.20941883767535
613,385,8.24469820554649,8.16623376623377,998,8.21442885771543
614,384,8.21172638436482,8.1953125,998,8.20541082164329
612,385,8.23039215686275,8.18181818181818,997,8.21163490471414
605,394,8.22314049586777,8.17258883248731,999,8.2032032032032
611,387,8.19476268412439,8.24547803617571,998,8.21442885771543
608,390,8.17927631578947,8.25128205128205,998,8.20741482965932
606,393,8.1963696369637,8.23664122137404,999,8.21221221221221
614,385,8.21986970684039,8.23636363636364,999,8.22622622622623
604,394,8.24337748344371,8.24873096446701,998,8.24549098196393
610,388,8.21639344262295,8.24484536082474,998,8.22745490981964
607,392,8.20428336079077,8.24234693877551,999,8.21921921921922
600,398,8.21833333333333,8.2035175879397,998,8.2124248496994
595,404,8.21344537815126,8.22772277227723,999,8.21921921921922
589,409,8.21731748726655,8.24938875305623,998,8.23046092184369
584,414,8.19520547945205,8.26570048309179,998,8.22444889779559
586,412,8.21501706484642,8.26941747572816,998,8.2374749498998
583,415,8.23156089193825,8.22168674698795,998,8.22745490981964
575,424,8.24521739130435,8.21462264150943,999,8.23223223223223
572,426,8.23601398601399,8.22065727699531,998,8.22945891783567
576,423,8.22395833333333,8.21513002364066,999,8.22022022022022
570,429,8.20877192982456,8.18881118881119,999,8.2002002002002
572,427,8.26398601398601,8.16627634660422,999,8.22222222222222
564,435,8.28191489361702,8.19540229885057,999,8.24424424424424
570,429,8.23333333333333,8.15384615384615,999,8.1991991991992
566,433,8.20494699646643,8.19630484988453,999,8.2012012012012
567,431,8.19223985890653,8.19953596287703,998,8.19539078156313
561,438,8.22103386809269,8.18493150684932,999,8.20520520520521
561,438,8.21033868092692,8.23972602739726,999,8.22322322322322
554,445,8.18592057761733,8.30561797752809,999,8.23923923923924
559,440,8.16994633273703,8.30454545454545,999,8.22922922922923
563,435,8.14742451154529,8.32873563218391,998,8.22645290581162
557,441,8.12567324955117,8.29705215419501,998,8.20140280561122
558,439,8.14874551971326,8.32118451025057,997,8.2246740220662
572,427,8.1555944055944,8.26932084309133,999,8.2042042042042
569,430,8.1195079086116,8.28604651162791,999,8.19119119119119
573,425,8.07853403141361,8.30823529411765,998,8.17635270541082
592,406,8.06587837837838,8.27339901477833,998,8.1503006012024
594,404,8.1010101010101,8.24257425742574,998,8.15831663326653
585,412,8.09230769230769,8.25728155339806,997,8.160481444333
589,409,8.12224108658744,8.27872860635697,998,8.18637274549098
590,408,8.15254237288136,8.31617647058824,998,8.21943887775551
589,408,8.15959252971138,8.30882352941176,997,8.22066198595787
591,408,8.16751269035533,8.31127450980392,999,8.22622622622623
589,409,8.16298811544991,8.33496332518337,998,8.23346693386774
586,412,8.15017064846416,8.34223300970874,998,8.22945891783567
592,405,8.14695945945946,8.32098765432099,997,8.21765295887663
596,401,8.13422818791946,8.27680798004988,997,8.19157472417252
601,397,8.13810316139767,8.29471032745592,998,8.20040080160321
598,400,8.17391304347826,8.3025,998,8.22545090180361
591,407,8.16243654822335,8.3046683046683,998,8.22044088176353
593,406,8.16863406408094,8.30541871921182,999,8.22422422422422
595,404,8.16470588235294,8.28960396039604,999,8.21521521521522
604,395,8.1705298013245,8.26582278481013,999,8.20820820820821
605,392,8.18347107438017,8.26020408163265,997,8.2136409227683
620,379,8.15967741935484,8.24274406332454,999,8.19119119119119
614,384,8.09609120521173,8.203125,998,8.1372745490982
616,383,8.09415584415584,8.21409921671018,999,8.14014014014014
613,386,8.02120717781403,8.24093264248705,999,8.10610610610611
609,390,7.97865353037767,8.23076923076923,999,8.07707707707708
616,383,7.99025974025974,8.21671018276762,999,8.07707707707708
616,383,7.96753246753247,8.20365535248042,999,8.05805805805806
613,383,7.97063621533442,8.19843342036554,996,8.05823293172691
613,386,8.00163132137031,8.20984455958549,999,8.08208208208208
613,385,8.0,8.22077922077922,998,8.08517034068136
621,378,8.01449275362319,8.2010582010582,999,8.08508508508509
615,384,8.01138211382114,8.20572916666667,999,8.08608608608609
616,383,8.0,8.22715404699739,999,8.08708708708709
617,382,8.03079416531605,8.22513089005236,999,8.10510510510511
605,392,8.01157024793388,8.19387755102041,997,8.08324974924774
609,388,8.0311986863711,8.17783505154639,997,8.08826479438315
605,394,8.04132231404959,8.2005076142132,999,8.1041041041041
608,391,8.07236842105263,8.18414322250639,999,8.11611611611612
613,383,8.08972267536705,8.20365535248042,996,8.13353413654619
624,375,8.11378205128205,8.21866666666667,999,8.15315315315315
618,380,8.12459546925566,8.21315789473684,998,8.15831663326653
619,377,8.13408723747981,8.23607427055703,996,8.17269076305221
621,377,8.13848631239936,8.30769230769231,998,8.20240480961924
618,380,8.15210355987055,8.30526315789474,998,8.21042084168337
607,391,8.12850082372323,8.29667519181586,998,8.19438877755511
603,395,8.16252072968491,8.25822784810127,998,8.20040080160321
592,407,8.16554054054054,8.2972972972973,999,8.21921921921922
593,403,8.1247892074199,8.33002481389578,996,8.20783132530121
590,408,8.11186440677966,8.33333333333333,998,8.20240480961924
594,405,8.11447811447811,8.33086419753086,999,8.2022022022022
583,416,8.12006861063465,8.30288461538461,999,8.1961961961962
572,426,8.1520979020979,8.33333333333333,998,8.22945891783567
570,429,8.12631578947368,8.31701631701632,999,8.20820820820821
559,439,8.11449016100179,8.31890660592255,998,8.20440881763527
567,432,8.10934744268078,8.33333333333333,999,8.20620620620621
565,433,8.07433628318584,8.33718244803695,998,8.18837675350701
572,427,8.06818181818182,8.29274004683841,999,8.16416416416416
565,432,8.06548672566372,8.33564814814815,997,8.18254764292879
562,437,8.06939501779359,8.35469107551487,999,8.19419419419419
559,438,8.05187835420394,8.36073059360731,997,8.18756268806419
567,431,8.07407407407407,8.34570765661253,998,8.19138276553106
574,425,8.02787456445993,8.33411764705882,999,8.15815815815816
577,422,8.04159445407279,8.31516587677725,999,8.15715715715716
589,407,8.04584040747029,8.30958230958231,996,8.15361445783133
587,412,8.05281090289608,8.29368932038835,999,8.15215215215215
580,419,8.06551724137931,8.26491646778043,999,8.14914914914915
582,416,8.07903780068728,8.26923076923077,998,8.15831663326653
583,416,8.04631217838765,8.32211538461539,999,8.16116116116116
583,416,8.08919382504288,8.33653846153846,999,8.19219219219219
583,416,8.08919382504288,8.31009615384615,999,8.18118118118118
579,419,8.16062176165803,8.32458233890215,998,8.22945891783567
570,429,8.10701754385965,8.31934731934732,999,8.1981981981982
564,433,8.09929078014184,8.33025404157044,997,8.19959879638917
560,439,8.125,8.34851936218679,999,8.22322322322322
558,440,8.15591397849462,8.32954545454546,998,8.23246492985972
561,438,8.18716577540107,8.32648401826484,999,8.24824824824825
556,443,8.17985611510791,8.36343115124154,999,8.26126126126126
554,444,8.18592057761733,8.31531531531532,998,8.2434869739479
551,448,8.19056261343013,8.36383928571429,999,8.26826826826827
557,442,8.13464991023339,8.37556561085973,999,8.24124124124124
559,440,8.13237924865832,8.35227272727273,999,8.22922922922923
560,439,8.15,8.38268792710706,999,8.25225225225225
562,437,8.15124555160142,8.38443935926773,999,8.25325325325325
554,445,8.19314079422383,8.32359550561798,999,8.25125125125125
556,443,8.17446043165468,8.30248306997743,999,8.23123123123123
563,436,8.1190053285968,8.30733944954128,999,8.2012012012012
560,436,8.15178571428571,8.30275229357798,996,8.21787148594377
564,435,8.11524822695035,8.28965517241379,999,8.19119119119119
559,440,8.14847942754919,8.29545454545454,999,8.21321321321321
559,440,8.12522361359571,8.27954545454545,999,8.19319319319319
565,433,8.18053097345133,8.27713625866051,998,8.22244488977956
556,442,8.16187050359712,8.34162895927602,998,8.24148296593186
556,443,8.15827338129496,8.3589164785553,999,8.24724724724725
564,435,8.19503546099291,8.33793103448276,999,8.25725725725726
570,429,8.24210526315789,8.33566433566433,999,8.28228228228228
569,428,8.19683655536028,8.32943925233645,997,8.25376128385155
569,429,8.19507908611599,8.32867132867133,998,8.25250501002004
572,427,8.21328671328671,8.33957845433255,999,8.26726726726727
568,431,8.20070422535211,8.35034802784223,999,8.26526526526527
578,419,8.23529411764706,8.34844868735084,997,8.28284854563691
582,416,8.23367697594502,8.35576923076923,998,8.28456913827655
586,412,8.27474402730375,8.37864077669903,998,8.31763527054108
598,401,8.28260869565217,8.44887780548628,999,8.34934934934935
594,404,8.25589225589226,8.42574257425743,998,8.32464929859719
585,414,8.2,8.42028985507246,999,8.29129129129129
590,409,8.21694915254237,8.43031784841076,999,8.3043043043043
581,418,8.18588640275387,8.41866028708134,999,8.28328328328328
573,425,8.15706806282722,8.37176470588235,998,8.24849699398798
568,430,8.16901408450704,8.3953488372093,998,8.26653306613226
562,436,8.1797153024911,8.37385321100918,998,8.26452905811623
562,437,8.20996441281139,8.35926773455378,999,8.27527527527528
563,436,8.20959147424512,8.34862385321101,999,8.27027027027027
554,444,8.15162454873646,8.32207207207207,998,8.22745490981964
559,440,8.15921288014311,8.32272727272727,999,8.23123123123123
551,447,8.18874773139746,8.29530201342282,998,8.23647294589178
552,446,8.16485507246377,8.29372197309417,998,8.22244488977956
553,446,8.15732368896926,8.27354260089686,999,8.20920920920921
561,437,8.18003565062389,8.2837528604119,998,8.22545090180361
553,446,8.16998191681736,8.31165919282511,999,8.23323323323323
561,438,8.22994652406417,8.27853881278539,999,8.25125125125125
561,438,8.17112299465241,8.30593607305936,999,8.23023023023023
557,441,8.20107719928187,8.3015873015873,998,8.24549098196393
573,426,8.18848167539267,8.30985915492958,999,8.24024024024024
585,412,8.17435897435897,8.30097087378641,997,8.22668004012036
590,409,8.17627118644068,8.33740831295844,999,8.24224224224224
601,398,8.1846921797005,8.35175879396985,999,8.25125125125125
598,399,8.20903010033445,8.35588972431078,997,8.26780341023069
597,401,8.20268006700167,8.37406483790524,998,8.27154308617235
597,401,8.17587939698493,8.40648379052369,998,8.2685370741483
597,400,8.12395309882747,8.355,997,8.21664994984955
596,401,8.1493288590604,8.33416458852868,997,8.22367101303912
592,406,8.16216216216216,8.38423645320197,998,8.25250501002004
594,405,8.19191919191919,8.38024691358025,999,8.26826826826827
595,403,8.21848739495798,8.38709677419355,998,8.28657314629259
596,403,8.22651006711409,8.44416873449132,999,8.31431431431431
602,395,8.20598006644518,8.44556962025317,997,8.30090270812437
605,393,8.1702479338843,8.43256997455471,998,8.27354709418838
608,388,8.17763157894737,8.43814432989691,996,8.27911646586345
620,379,8.18225806451613,8.45382585751979,999,8.28528528528529
616,383,8.16720779220779,8.46475195822454,999,8.28128128128128
611,388,8.15548281505728,8.45876288659794,999,8.27327327327327
614,383,8.15309446254072,8.4934725848564,997,8.28385155466399
612,387,8.18954248366013,8.45219638242894,999,8.29129129129129
614,385,8.2214983713355,8.47272727272727,999,8.31831831831832
608,391,8.17598684210526,8.47826086956522,999,8.29429429429429
604,395,8.19370860927152,8.45063291139241,999,8.2952952952953
605,393,8.19669421487603,8.46564885496183,998,8.30260521042084
601,397,8.19800332778702,8.44584382871536,998,8.29659318637275
590,409,8.20677966101695,8.43276283618582,999,8.2992992992993
582,416,8.2233676975945,8.43509615384615,998,8.31162324649299
590,408,8.21864406779661,8.45098039215686,998,8.31362725450902
585,411,8.2017094017094,8.41605839416058,996,8.29016064257028
589,410,8.17996604414262,8.40731707317073,999,8.27327327327327
583,414,8.17324185248714,8.43478260869565,997,8.28184553660983
587,411,8.15161839863714,8.42335766423358,998,8.26352705410822
591,407,8.13536379018612,8.39312039312039,998,8.24048096192385
588,410,8.18367346938776,8.41951219512195,998,8.28056112224449
582,416,8.21134020618557,8.42548076923077,998,8.30060120240481
582,416,8.22164948453608,8.42307692307692,998,8.30561122244489
571,428,8.22591943957968,8.41355140186916,999,8.30630630630631
563,435,8.23090586145648,8.4183908045977,998,8.312625250501
570,429,8.25263157894737,8.40792540792541,999,8.31931931931932
574,424,8.24390243902439,8.36792452830189,998,8.29659318637275
573,426,8.21116928446771,8.36619718309859,999,8.27727727727728
572,427,8.19580419580419,8.36065573770492,999,8.26626626626627
557,442,8.16696588868941,8.33710407239819,999,8.24224224224224
564,435,8.19148936170213,8.33563218390805,999,8.25425425425425
563,436,8.17939609236234,8.35091743119266,999,8.25425425425425
563,434,8.18650088809947,8.3294930875576,997,8.24874623871615
562,435,8.23131672597865,8.34942528735632,997,8.28284854563691
562,437,8.25800711743772,8.33409610983982,999,8.29129129129129
564,433,8.23581560283688,8.33256351039261,997,8.2778335005015
555,442,8.22882882882883,8.289592760181,997,8.25576730190572
561,434,8.22816399286988,8.30414746543779,995,8.26130653266332
565,433,8.21238938053097,8.30715935334873,998,8.25350701402806
562,436,8.2135231316726,8.35779816513761,998,8.27655310621243
562,437,8.22241992882562,8.33867276887872,999,8.27327327327327
551,446,8.23774954627949,8.34529147982063,997,8.28585757271815
547,452,8.23765996343693,8.35619469026549,999,8.29129129129129
546,453,8.25091575091575,8.32229580573951,999,8.28328328328328
555,444,8.24864864864865,8.32882882882883,999,8.28428428428428
560,439,8.26607142857143,8.3120728929385,999,8.28628628628629
555,444,8.25585585585586,8.30855855855856,999,8.27927927927928
563,436,8.20426287744227,8.29128440366972,999,8.24224224224224
552,447,8.19202898550725,8.26174496644295,999,8.22322322322322
564,432,8.18439716312057,8.2337962962963,996,8.20582329317269
560,436,8.16607142857143,8.28211009174312,996,8.21686746987952
571,428,8.15411558669002,8.24766355140187,999,8.19419419419419
566,431,8.13074204946996,8.25754060324826,997,8.18555667001003
573,426,8.12914485165794,8.25586854460094,999,8.18318318318318
568,431,8.17781690140845,8.24129930394431,999,8.20520520520521
572,426,8.19755244755245,8.27464788732394,998,8.23046092184369
569,430,8.16520210896309,8.27674418604651,999,8.21321321321321
558,441,8.1505376344086,8.26984126984127,999,8.2032032032032
560,436,8.12678571428571,8.28211009174312,996,8.19477911646586
558,439,8.12007168458781,8.27790432801822,997,8.18956870611835
550,448,8.13636363636364,8.28348214285714,998,8.20240480961924
549,450,8.13114754098361,8.31555555555556,999,8.21421421421421
549,450,8.12021857923497,8.26,999,8.18318318318318
544,455,8.14154411764706,8.25054945054945,999,8.19119119119119
556,443,8.16906474820144,8.24379232505643,999,8.2022022022022
556,442,8.14748201438849,8.26470588235294,998,8.19939879759519
552,446,8.13949275362319,8.25784753363229,998,8.19238476953908
552,447,8.13586956521739,8.27740492170022,999,8.1991991991992
552,447,8.1304347826087,8.2572706935123,999,8.18718718718719
550,449,8.11454545454546,8.25167037861915,999,8.17617617617618
549,449,8.11657559198543,8.22494432071269,998,8.16533066132265
547,450,8.12431444241316,8.22666666666667,997,8.17051153460381
537,462,8.11731843575419,8.27272727272727,999,8.18918918918919
538,460,8.12267657992565,8.27391304347826,998,8.19238476953908
551,447,8.13793103448276,8.29977628635347,998,8.21042084168337
544,455,8.15625,8.26373626373626,999,8.20520520520521
538,460,8.13754646840149,8.22391304347826,998,8.17735470941884
533,463,8.12195121951219,8.2354211663067,996,8.17469879518072
538,457,8.10966542750929,8.2253829321663,995,8.16281407035176
537,462,8.11918063314711,8.16666666666667,999,8.14114114114114
535,464,8.15140186915888,8.16379310344828,999,8.15715715715716
542,457,8.11439114391144,8.14004376367615,999,8.12612612612613
550,449,8.10909090909091,8.12026726057906,999,8.11411411411411
533,466,8.06754221388368,8.12875536480687,999,8.0960960960961
541,458,8.0720887245841,8.10043668122271,999,8.08508508508509
542,456,8.00553505535055,8.05043859649123,998,8.02605210420842
543,454,8.02209944751381,8.05066079295154,997,8.03510531594784
548,449,8.06386861313869,8.07795100222717,997,8.07021063189569
548,448,8.05109489051095,8.10267857142857,996,8.07429718875502
557,441,8.0754039497307,8.10204081632653,998,8.0871743486974
554,444,8.07039711191336,8.09234234234234,998,8.08016032064128
554,445,8.09386281588448,8.08539325842697,999,8.09009009009009
557,441,8.12746858168761,8.10884353741497,998,8.11923847695391
555,443,8.09189189189189,8.09480812641084,998,8.09318637274549
549,449,8.0856102003643,8.11358574610245,998,8.09819639278557
544,454,8.07352941176471,8.14757709251101,998,8.10721442885771
539,459,8.07792207792208,8.12418300653595,998,8.09919839679359
531,466,8.06214689265537,8.13304721030043,997,8.09528585757272
524,473,8.09160305343512,8.15856236786469,997,8.12337011033099
525,474,8.11047619047619,8.17299578059072,999,8.14014014014014
530,466,8.1188679245283,8.21244635193133,996,8.16265060240964
531,468,8.09981167608286,8.2008547008547,999,8.14714714714715
534,465,8.10112359550562,8.18494623655914,999,8.14014014014014
542,456,8.09040590405904,8.21929824561403,998,8.14929859719439
541,458,8.06284658040665,8.24235807860262,999,8.14514514514515
535,463,8.05420560747664,8.23110151187905,998,8.13627254509018
536,462,8.04291044776119,8.24025974025974,998,8.13426853707415
536,460,8.03917910447761,8.23260869565217,996,8.1285140562249
544,454,8.05514705882353,8.22466960352423,998,8.13226452905812
552,447,8.01086956521739,8.22371364653244,999,8.10610610610611
556,443,8.01258992805755,8.20316027088036,999,8.0970970970971
560,439,8.00714285714286,8.17312072892939,999,8.08008008008008
560,438,8.01071428571429,8.12557077625571,998,8.06112224448898
556,441,8.03776978417266,8.12698412698413,997,8.07723169508526
547,452,8.04204753199269,8.13053097345133,999,8.08208208208208
553,446,8.02712477396022,8.12780269058296,999,8.07207207207207
547,452,8.08957952468007,8.13053097345133,999,8.10810810810811
543,455,8.0865561694291,8.11208791208791,998,8.09819639278557
537,462,8.11173184357542,8.10822510822511,999,8.11011011011011
530,467,8.12075471698113,8.12633832976445,997,8.12337011033099
532,466,8.09398496240602,8.11802575107296,998,8.10521042084168
538,461,8.0817843866171,8.11930585683297,999,8.0990990990991
528,471,8.10227272727273,8.14012738853503,999,8.12012012012012
522,477,8.06896551724138,8.12159329140461,999,8.09409409409409
528,471,8.06818181818182,8.09978768577495,999,8.08308308308308
523,475,8.05544933078394,8.05894736842105,998,8.05711422845691
521,477,8.01535508637236,8.06079664570231,998,8.03707414829659
527,472,8.03225806451613,8.11228813559322,999,8.07007007007007
524,474,8.0324427480916,8.14345991561181,998,8.08517034068136
510,486,8.04901960784314,8.16049382716049,996,8.10341365461847
517,482,8.00773694390716,8.16804979253112,999,8.08508508508509
522,477,8.00574712643678,8.16352201257862,999,8.08108108108108
521,478,7.99808061420346,8.17364016736402,999,8.08208208208208
521,478,8.02303262955854,8.18410041841004,999,8.1001001001001
522,475,8.03831417624521,8.13684210526316,997,8.08525576730191
533,465,8.06754221388368,8.13763440860215,998,8.1002004008016
535,463,8.08598130841122,8.11447084233261,998,8.09919839679359
532,466,8.10526315789474,8.10729613733906,998,8.1062124248497
528,468,8.11363636363636,8.11752136752137,996,8.11546184738956
524,474,8.09923664122137,8.12869198312236,998,8.11322645290581
533,466,8.11444652908068,8.13948497854077,999,8.12612612612613
534,465,8.06367041198502,8.13548387096774,999,8.0970970970971
533,466,8.07317073170732,8.11587982832618,999,8.09309309309309
534,464,8.07865168539326,8.13362068965517,998,8.10420841683367
538,459,8.12267657992565,8.08714596949891,997,8.10631895687061
534,465,8.11985018726592,8.06451612903226,999,8.09409409409409
539,460,8.11873840445269,8.10652173913043,999,8.11311311311311
549,450,8.10746812386157,8.14222222222222,999,8.12312312312312
551,447,8.08529945553539,8.17225950782998,998,8.12424849699399
556,442,8.10971223021583,8.19230769230769,998,8.14629258517034
548,450,8.15693430656934,8.23333333333333,998,8.19138276553106
536,462,8.11753731343284,8.24242424242424,998,8.17535070140281
536,462,8.10820895522388,8.2012987012987,998,8.15130260521042
537,461,8.09683426443203,8.22559652928416,998,8.1563126252505
539,460,8.12430426716141,8.23478260869565,999,8.17517517517518
542,456,8.07749077490775,8.2390350877193,998,8.15130260521042
544,454,8.11029411764706,8.18722466960352,998,8.14529058116232
537,460,8.1098696461825,8.2195652173913,997,8.160481444333
546,453,8.10989010989011,8.23399558498896,999,8.16616616616617
543,456,8.10497237569061,8.21491228070176,999,8.15515515515516
542,456,8.13284132841328,8.24122807017544,998,8.18236472945892
532,467,8.1578947368421,8.203426124197,999,8.17917917917918
539,458,8.16326530612245,8.14847161572052,997,8.15646940822467
539,460,8.12987012987013,8.14347826086957,999,8.13613613613614
533,465,8.17636022514071,8.14838709677419,998,8.16332665330661
526,473,8.18631178707224,8.15856236786469,999,8.17317317317317
536,462,8.16791044776119,8.13203463203463,998,8.15130260521042
531,466,8.16760828625235,8.14163090128755,997,8.15546639919759
532,467,8.18609022556391,8.14132762312634,999,8.16516516516517
527,472,8.17457305502846,8.13559322033898,999,8.15615615615616
525,472,8.14857142857143,8.16313559322034,997,8.15546639919759
526,472,8.09695817490494,8.13347457627119,998,8.11422845691383
520,479,8.12307692307692,8.12526096033403,999,8.12412412412412
522,477,8.12260536398467,8.12997903563941,999,8.12612612612613
517,481,8.15087040618955,8.1995841995842,998,8.17434869739479
519,480,8.15028901734104,8.17708333333333,999,8.16316316316316
519,480,8.10789980732177,8.175,999,8.14014014014014
514,484,8.1420233463035,8.19834710743802,998,8.16933867735471
515,484,8.11456310679612,8.21487603305785,999,8.16316316316316
512,487,8.08984375,8.2258726899384,999,8.15615615615616
510,487,8.13921568627451,8.20944558521561,997,8.17352056168506
511,488,8.14481409001957,8.22950819672131,999,8.18618618618619
510,489,8.13333333333333,8.23108384458078,999,8.18118118118118
518,481,8.13899613899614,8.22869022869023,999,8.18218218218218
514,484,8.15369649805447,8.18181818181818,998,8.16733466933868
512,485,8.154296875,8.18556701030928,997,8.16950852557673
516,482,8.14922480620155,8.18464730290456,998,8.16633266533066
518,479,8.15057915057915,8.12734864300626,997,8.13941825476429
520,478,8.19038461538462,8.14644351464435,998,8.16933867735471
518,478,8.17181467181467,8.18410041841004,996,8.17771084337349
511,488,8.18003913894325,8.14754098360656,999,8.16416416416416
516,483,8.19961240310078,8.14285714285714,999,8.17217217217217
511,488,8.17808219178082,8.11680327868852,999,8.14814814814815
509,489,8.14734774066798,8.11042944785276,998,8.12925851703407
515,484,8.13592233009709,8.09917355371901,999,8.11811811811812
513,486,8.12085769980507,8.08230452674897,999,8.1021021021021
522,475,8.11111111111111,8.07789473684211,997,8.09528585757272
527,472,8.08918406072106,8.05508474576271,999,8.07307307307307
529,470,8.11909262759924,8.03617021276596,999,8.08008008008008
532,465,8.11466165413534,8.03225806451613,997,8.07622868605817
534,464,8.10112359550562,8.04525862068965,998,8.0751503006012
536,462,8.12313432835821,8.05627705627706,998,8.09218436873748
529,470,8.10964083175803,8.04468085106383,999,8.07907907907908
526,473,8.11787072243346,8.08879492600423,999,8.1041041041041
522,474,8.08429118773946,8.08860759493671,996,8.0863453815261
522,476,8.09195402298851,8.09873949579832,998,8.09519038076152
516,483,8.09883720930233,8.15942028985507,999,8.12812812812813
503,494,8.10934393638171,8.16599190283401,997,8.13741223671013
494,505,8.11740890688259,8.16633663366337,999,8.14214214214214
492,507,8.10365853658537,8.16173570019724,999,8.13313313313313
488,510,8.12295081967213,8.18235294117647,998,8.15330661322645
488,511,8.125,8.16634050880626,999,8.14614614614615
491,508,8.12016293279022,8.19094488188976,999,8.15615615615616
488,510,8.17213114754098,8.16274509803922,998,8.16733466933868
483,514,8.17805383022774,8.19260700389105,997,8.18555667001003
492,507,8.13821138211382,8.18934911242603,999,8.16416416416416
488,511,8.14549180327869,8.22309197651663,999,8.18518518518519
488,509,8.10860655737705,8.19449901768173,997,8.15245737211635
489,510,8.08997955010225,8.17647058823529,999,8.13413413413413
493,505,8.09939148073022,8.16633663366337,998,8.13326653306613
501,498,8.09780439121757,8.1425702811245,999,8.12012012012012
504,494,8.08928571428571,8.1497975708502,998,8.11923847695391
497,499,8.07042253521127,8.1563126252505,996,8.11345381526104
491,508,8.04073319755601,8.16535433070866,999,8.1041041041041
491,508,8.0183299389002,8.19094488188976,999,8.10610610610611
479,520,8.0,8.19807692307692,999,8.1031031031031
475,522,8.06526315789474,8.21647509578544,997,8.1444332998997
472,527,8.03813559322034,8.19544592030361,999,8.12112112112112
476,523,8.05042016806723,8.21032504780115,999,8.13413413413413
478,520,8.01882845188284,8.21346153846154,998,8.12024048096192
470,529,8.02127659574468,8.19848771266541,999,8.11511511511512
472,527,7.96610169491525,8.19165085388994,999,8.08508508508509
474,525,7.97257383966245,8.16761904761905,999,8.07507507507508
465,533,8.00860215053763,8.17448405253283,998,8.09719438877756
472,527,7.92161016949153,8.15180265654649,999,8.04304304304304
467,531,7.9186295503212,8.17514124293785,998,8.05511022044088
470,528,7.91276595744681,8.20265151515152,998,8.06613226452906
467,529,7.9593147751606,8.234404536862,996,8.10542168674699
461,537,7.95010845986985,8.26070763500931,998,8.11723446893788
459,538,7.91721132897603,8.27509293680297,997,8.11033099297894
459,540,7.95860566448802,8.32037037037037,999,8.15415415415415
451,546,7.96674057649667,8.2967032967033,997,8.14744232698094
457,540,7.98030634573304,8.26666666666667,997,8.13540621865597
458,540,7.96724890829694,8.2537037037037,998,8.12224448897796
455,544,7.9978021978022,8.29595588235294,999,8.16016016016016
451,547,7.99778270509978,8.30530164533821,998,8.16633266533066
451,545,7.9689578713969,8.31376146788991,996,8.15763052208835
445,554,7.99325842696629,8.29241877256318,999,8.15915915915916
444,555,7.99324324324324,8.27567567567568,999,8.15015015015015
435,563,8.03218390804598,8.32504440497336,998,8.19739478957916
425,574,8.03058823529412,8.34320557491289,999,8.21021021021021
424,575,8.04952830188679,8.33739130434783,999,8.21521521521522
425,574,8.03058823529412,8.32229965156794,999,8.1981981981982
433,566,8.02771362586605,8.29151943462898,999,8.17717717717718
432,567,8.07407407407407,8.26278659611993,999,8.18118118118118
430,568,8.07906976744186,8.24471830985915,998,8.17334669338677
431,567,8.06728538283063,8.27865961199294,998,8.187374749499
435,564,8.06896551724138,8.26241134751773,999,8.17817817817818
430,569,8.1093023255814,8.29349736379613,999,8.21421421421421
430,568,8.09767441860465,8.29049295774648,998,8.20741482965932
436,563,8.13302752293578,8.3392539964476,999,8.24924924924925
433,566,8.17551963048499,8.32332155477032,999,8.25925925925926
434,565,8.14516129032258,8.30265486725664,999,8.23423423423423
445,554,8.16404494382022,8.29602888086643,999,8.23723723723724
437,562,8.1304347826087,8.27758007117438,999,8.21321321321321
437,562,8.06864988558352,8.29359430604982,999,8.1951951951952
436,562,8.04128440366972,8.29003558718861,998,8.1813627254509
425,574,8.06823529411765,8.30313588850174,999,8.2032032032032
422,576,8.09004739336493,8.32465277777778,998,8.22545090180361
418,581,8.05741626794258,8.32358003442341,999,8.21221221221221
427,572,8.01873536299766,8.33216783216783,999,8.1981981981982
426,573,8.03051643192488,8.34729493891798,999,8.21221221221221
427,571,8.03981264637002,8.36077057793345,998,8.22344689378757
422,576,8.02369668246446,8.35416666666667,998,8.21442885771543
424,575,8.04481132075472,8.34782608695652,999,8.21921921921922
429,569,8.02097902097902,8.37609841827768,998,8.22344689378757
432,566,8.06018518518519,8.39222614840989,998,8.24849699398798
430,568,8.03488372093023,8.40140845070423,998,8.2434869739479
423,575,8.05437352245863,8.40869565217391,998,8.25851703406814
421,577,8.07363420427553,8.38648180242634,998,8.25450901803607
423,575,8.07565011820331,8.40521739130435,998,8.26553106212425
414,582,8.09661835748792,8.39175257731959,996,8.26907630522088
418,580,8.08612440191388,8.38620689655172,998,8.26052104208417
432,567,8.08796296296296,8.32098765432099,999,8.22022022022022
424,574,8.14622641509434,8.32752613240418,998,8.25050100200401
430,569,8.17906976744186,8.298769771529,999,8.24724724724725
428,571,8.16355140186916,8.33450087565674,999,8.26126126126126
424,575,8.11792452830189,8.33739130434783,999,8.24424424424424
413,585,8.06779661016949,8.33333333333333,998,8.22344689378757
409,589,8.07579462102689,8.31918505942275,998,8.21943887775551
411,588,8.10705596107056,8.30952380952381,999,8.22622622622623
411,588,8.08029197080292,8.27380952380952,999,8.19419419419419
410,589,8.08780487804878,8.27504244482173,999,8.1981981981982
409,589,8.06112469437653,8.26655348047538,998,8.18236472945892
407,592,8.04914004914005,8.27871621621622,999,8.18518518518519
408,589,8.06617647058824,8.26315789473684,997,8.18254764292879
409,588,8.12713936430318,8.21428571428571,997,8.17853560682046
412,586,8.14320388349515,8.23549488054607,998,8.19739478957916
412,586,8.08009708737864,8.29351535836178,998,8.20541082164329
412,587,8.09466019417476,8.29642248722317,999,8.21321321321321
413,586,8.08474576271187,8.31058020477816,999,8.21721721721722
414,584,8.03864734299517,8.34246575342466,998,8.21643286573146
409,590,8.03667481662592,8.37118644067797,999,8.23423423423423
413,585,8.01452784503632,8.37264957264957,998,8.22444889779559
414,585,8.03623188405797,8.37948717948718,999,8.23723723723724
415,583,8.09638554216867,8.38765008576329,998,8.26653306613226
421,577,8.06413301662708,8.38821490467938,998,8.25150300601202
426,572,8.1150234741784,8.42482517482518,998,8.29258517034068
420,579,8.06904761904762,8.38514680483592,999,8.25225225225225
431,568,8.09976798143851,8.3556338028169,999,8.24524524524525
436,561,8.06422018348624,8.34402852049911,997,8.22166499498496
429,569,8.06526806526806,8.33040421792619,998,8.21643286573146
426,572,8.09389671361502,8.33741258741259,998,8.23346693386774
424,574,8.09905660377358,8.31707317073171,998,8.22444889779559
428,571,8.13551401869159,8.29947460595447,999,8.22922922922923
416,583,8.17307692307692,8.3138936535163,999,8.25525525525526
421,578,8.16389548693587,8.27681660899654,999,8.22922922922923
406,592,8.19704433497537,8.26013513513514,998,8.23446893787575
408,591,8.20833333333333,8.25380710659898,999,8.23523523523524
400,598,8.2375,8.25585284280936,998,8.24849699398798
398,601,8.25628140703518,8.24625623960067,999,8.25025025025025
398,600,8.26884422110553,8.24166666666667,998,8.25250501002004
394,603,8.23857868020305,8.25870646766169,997,8.25075225677031
386,612,8.2720207253886,8.25816993464052,998,8.26352705410822
394,604,8.30203045685279,8.25496688741722,998,8.27354709418838
384,615,8.31510416666667,8.26016260162602,999,8.28128128128128
383,614,8.30809399477807,8.27198697068404,997,8.28585757271815
386,613,8.30051813471503,8.27569331158238,999,8.28528528528529
381,616,8.29396325459318,8.29383116883117,997,8.2938816449348
380,618,8.27105263157895,8.27669902912621,998,8.27454909819639
374,624,8.22192513368984,8.27083333333333,998,8.25250501002004
390,609,8.20769230769231,8.26272577996716,999,8.24124124124124
381,617,8.17060367454068,8.25121555915721,998,8.22044088176353
380,617,8.18947368421053,8.21555915721232,997,8.20561685055165
373,626,8.18766756032172,8.21725239616613,999,8.20620620620621
375,622,8.15733333333333,8.19774919614148,997,8.18254764292879
373,625,8.13941018766756,8.1936,998,8.17334669338677
371,626,8.19946091644205,8.17571884984025,997,8.18455366098295
376,622,8.18882978723404,8.20578778135048,998,8.19939879759519
372,626,8.19086021505376,8.22364217252396,998,8.21142284569138
370,629,8.19189189189189,8.22734499205087,999,8.21421421421421
368,630,8.19021739130435,8.27142857142857,998,8.24148296593186
381,618,8.16797900262467,8.25404530744337,999,8.22122122122122
384,615,8.171875,8.23577235772358,999,8.21121121121121
386,612,8.25129533678756,8.23692810457516,998,8.24248496993988
384,614,8.26302083333333,8.21824104234528,998,8.23547094188377
385,611,8.21558441558442,8.21440261865794,996,8.214859437751
383,616,8.20365535248042,8.22402597402597,999,8.21621621621622
376,623,8.21808510638298,8.22953451043339,999,8.22522522522523
369,630,8.21951219512195,8.22857142857143,999,8.22522522522523
375,622,8.19733333333333,8.2491961414791,997,8.2296890672016
370,628,8.13243243243243,8.26273885350319,998,8.21442885771543
364,632,8.11538461538461,8.26107594936709,996,8.20783132530121
362,636,8.13259668508287,8.26572327044025,998,8.21743486973948
358,641,8.1145251396648,8.29329173166927,999,8.22922922922923
350,649,8.17428571428571,8.29583975346687,999,8.25325325325325
349,649,8.14613180515759,8.28043143297381,998,8.23346693386774
353,646,8.18696883852691,8.28173374613003,999,8.24824824824825
345,654,8.16231884057971,8.2737003058104,999,8.23523523523524
344,654,8.13662790697674,8.26452599388379,998,8.22044088176353
344,654,8.13372093023256,8.27217125382263,998,8.22444889779559
346,652,8.17341040462428,8.24079754601227,998,8.21743486973948
336,663,8.1875,8.23529411764706,999,8.21921921921922
341,658,8.2316715542522,8.2644376899696,999,8.25325325325325
335,664,8.26268656716418,8.27710843373494,999,8.27227227227227
331,668,8.24471299093656,8.29041916167665,999,8.27527527527528
333,665,8.16216216216216,8.27067669172932,998,8.23446893787575
332,666,8.18674698795181,8.2957957957958,998,8.25951903807615
343,656,8.18075801749271,8.29725609756098,999,8.25725725725726
350,649,8.18,8.32665639445301,999,8.27527527527528
344,655,8.20348837209302,8.29160305343511,999,8.26126126126126
344,654,8.21220930232558,8.29204892966361,998,8.26452905811623
347,651,8.18443804034582,8.30414746543779,998,8.2625250501002
347,652,8.14121037463977,8.2898773006135,999,8.23823823823824
351,647,8.18233618233618,8.28438948995363,998,8.24849699398798
348,651,8.19252873563218,8.29493087557604,999,8.25925925925926
346,652,8.17919075144509,8.31748466257669,998,8.26953907815631
344,653,8.14244186046512,8.32159264931087,997,8.25977933801404
353,646,8.14447592067989,8.28018575851393,999,8.23223223223223
349,650,8.16045845272206,8.31538461538462,999,8.26126126126126
350,647,8.14285714285714,8.34621329211746,997,8.27482447342026
345,652,8.1304347826087,8.35429447852761,997,8.27683049147442
335,663,8.13134328358209,8.34389140271493,998,8.27254509018036
340,658,8.15882352941176,8.32978723404255,998,8.27154308617235
334,664,8.11976047904192,8.32530120481928,998,8.2565130260521
345,653,8.13333333333333,8.31852986217458,998,8.25450901803607
341,658,8.13489736070381,8.29787234042553,999,8.24224224224224
332,664,8.14457831325301,8.31475903614458,996,8.25803212851406
333,666,8.12912912912913,8.31531531531532,999,8.25325325325325
331,668,8.15105740181269,8.29041916167665,999,8.24424424424424
324,675,8.16049382716049,8.29481481481482,999,8.25125125125125
327,671,8.20489296636086,8.29955290611028,998,8.2685370741483
324,675,8.16666666666667,8.27259259259259,999,8.23823823823824
331,668,8.19033232628399,8.28443113772455,999,8.25325325325325
325,673,8.22153846153846,8.2778603268945,998,8.25951903807615
324,674,8.24382716049383,8.29821958456973,998,8.28056112224449
330,668,8.21515151515151,8.28443113772455,998,8.26152304609218
331,668,8.17522658610272,8.29041916167665,999,8.25225225225225
326,673,8.16564417177914,8.29569093610698,999,8.25325325325325
326,672,8.19631901840491,8.31547619047619,998,8.27655310621243
324,673,8.2037037037037,8.31054977711739,997,8.27582748244734
329,669,8.209726443769,8.29745889387145,998,8.2685370741483
330,667,8.19090909090909,8.28035982008996,997,8.25075225677031
326,672,8.19325153374233,8.27232142857143,998,8.24649298597194
320,679,8.175,8.28424153166421,999,8.24924924924925
326,672,8.13803680981595,8.29761904761905,998,8.24549098196393
327,672,8.10703363914373,8.26041666666667,999,8.21021021021021
327,669,8.12844036697248,8.26756352765321,996,8.2218875502008
328,671,8.13719512195122,8.28017883755589,999,8.23323323323323
322,676,8.1583850931677,8.28550295857988,998,8.24448897795591
314,685,8.18789808917198,8.28175182481752,999,8.25225225225225
314,684,8.21019108280255,8.30409356725146,998,8.27454909819639
315,683,8.22222222222222,8.298682284041,998,8.27454909819639
304,695,8.22368421052632,8.30935251798561,999,8.28328328328328
321,675,8.1993769470405,8.32592592592593,996,8.285140562249
310,687,8.2,8.27947598253275,997,8.25476429287864
320,679,8.2125,8.27540500736377,999,8.25525525525526
312,687,8.19551282051282,8.29548762736536,999,8.26426426426426
311,685,8.22829581993569,8.25547445255475,996,8.24698795180723
315,683,8.24444444444444,8.2796486090776,998,8.2685370741483
326,673,8.20858895705521,8.27340267459138,999,8.25225225225225
326,672,8.23926380368098,8.27380952380952,998,8.2625250501002
338,660,8.20710059171598,8.27878787878788,998,8.25450901803607
337,661,8.22255192878338,8.3071104387292,998,8.27855711422846
333,666,8.24324324324324,8.3048048048048,999,8.28428428428428
339,659,8.2212389380531,8.2959028831563,998,8.27054108216433
351,648,8.23646723646724,8.27006172839506,999,8.25825825825826
351,646,8.21937321937322,8.27399380804954,997,8.25476429287864
352,647,8.24715909090909,8.30602782071097,999,8.28528528528529
346,652,8.25433526011561,8.29601226993865,998,8.28156312625251
344,652,8.28488372093023,8.30981595092025,996,8.30120481927711
348,651,8.29022988505747,8.28110599078341,999,8.28428428428428
342,656,8.29824561403509,8.30182926829268,998,8.30060120240481
345,654,8.28695652173913,8.34556574923547,999,8.32532532532533
337,662,8.34421364985163,8.33383685800604,999,8.33733733733734
344,654,8.32848837209302,8.34709480122324,998,8.34068136272545
334,665,8.3502994011976,8.33834586466165,999,8.34234234234234
335,662,8.37910447761194,8.34592145015106,997,8.35707121364092
331,667,8.35649546827795,8.33733133433283,998,8.3436873747495
338,661,8.3491124260355,8.35249621785174,999,8.35135135135135
330,669,8.34545454545455,8.37817638266069,999,8.36736736736737
340,659,8.35294117647059,8.36115326251897,999,8.35835835835836
333,666,8.39339339339339,8.32582582582583,999,8.34834834834835
334,665,8.40119760479042,8.33984962406015,999,8.36036036036036
332,667,8.4066265060241,8.32983508245877,999,8.35535535535536
332,667,8.4066265060241,8.33583208395802,999,8.35935935935936
328,671,8.40243902439024,8.34575260804769,999,8.36436436436436
330,665,8.39090909090909,8.38947368421053,995,8.38994974874372
327,671,8.39755351681957,8.36065573770492,998,8.37274549098196
326,672,8.42024539877301,8.33035714285714,998,8.35971943887776
317,682,8.41640378548896,8.341642228739,999,8.36536536536537
321,678,8.41433021806854,8.35398230088496,999,8.37337337337337
311,688,8.48553054662379,8.37209302325581,999,8.40740740740741
313,686,8.46964856230032,8.33236151603499,999,8.37537537537538
310,688,8.40645161290323,8.34593023255814,998,8.36472945891784
310,688,8.45806451612903,8.3531976744186,998,8.38577154308617
312,686,8.46153846153846,8.38483965014577,998,8.40881763527054
308,689,8.45454545454546,8.41074020319303,997,8.42427281845537
307,692,8.44625407166124,8.41040462427746,999,8.42142142142142
301,697,8.3953488372093,8.41750358680057,998,8.41082164328657
306,689,8.41503267973856,8.40058055152395,995,8.40502512562814
305,693,8.40983606557377,8.36075036075036,998,8.37575150300601
310,686,8.39032258064516,8.36880466472303,996,8.37550200803213
312,687,8.30128205128205,8.35807860262009,999,8.34034034034034
308,689,8.27922077922078,8.32075471698113,997,8.30792377131394
318,681,8.26415094339623,8.27753303964758,999,8.27327327327327
316,680,8.24683544303798,8.29852941176471,996,8.28212851405623
326,672,8.24846625766871,8.31994047619048,998,8.29659318637275
323,676,8.22291021671827,8.3387573964497,999,8.3013013013013
318,679,8.17295597484277,8.33726067746686,997,8.28485456369107
318,679,8.15723270440252,8.34020618556701,997,8.28184553660983
325,674,8.20307692307692,8.34718100890208,999,8.3003003003003
325,673,8.19384615384615,8.36849925705795,998,8.31162324649299
320,677,8.16875,8.36632200886263,997,8.30290872617854
322,675,8.16149068322981,8.37037037037037,997,8.30290872617854
322,677,8.17701863354037,8.41063515509601,999,8.33533533533534
327,671,8.1743119266055,8.36512667660209,998,8.30260521042084
328,671,8.14024390243902,8.35469448584203,999,8.28428428428428
340,659,8.15,8.37025796661609,999,8.2952952952953
343,656,8.17492711370262,8.375,999,8.30630630630631
333,666,8.18018018018018,8.38288288288288,999,8.31531531531532
330,669,8.1969696969697,8.37369207772795,999,8.31531531531532
330,668,8.18181818181818,8.36976047904192,998,8.30761523046092
333,666,8.21321321321321,8.36036036036036,999,8.31131131131131
