forward_num,reverse_num,forward_rate,reverse_rate,organism_num,organism_rate
5,5,5.0,5.0,10,5.0
5,5,5.0,5.0,10,5.0
5,5,5.0,5.0,10,5.0
6,5,5.33333333333333,5.0,11,5.18181818181818
7,7,5.42857142857143,5.42857142857143,14,5.42857142857143
8,8,5.375,5.375,16,5.375
11,9,5.54545454545455,5.22222222222222,20,5.4
14,12,5.42857142857143,5.33333333333333,26,5.38461538461539
14,14,5.42857142857143,5.42857142857143,28,5.42857142857143
20,16,5.7,5.375,36,5.55555555555556
20,20,5.7,5.7,40,5.7
26,26,5.61538461538461,5.61538461538461,52,5.61538461538461
34,26,5.94117647058824,5.61538461538461,60,5.8
38,38,5.84210526315789,5.84210526315789,76,5.84210526315789
48,39,5.75,5.76923076923077,87,5.75862068965517
64,48,6.0625,5.75,112,5.92857142857143
68,67,5.94117647058824,5.97014925373134,135,5.95555555555556
92,68,5.8695652173913,5.94117647058824,160,5.9
124,92,6.16129032258065,5.8695652173913,216,6.03703703703704
124,124,6.16129032258065,6.16129032258065,248,6.16129032258065
124,124,6.16129032258065,6.16129032258065,248,6.16129032258065
248,127,6.16129032258065,6.09448818897638,375,6.13866666666667
248,248,6.16129032258065,6.16129032258065,496,6.16129032258065
248,248,6.16129032258065,6.16129032258065,496,6.16129032258065
440,248,6.38181818181818,6.16129032258065,688,6.30232558139535
472,402,6.28813559322034,6.41791044776119,874,6.34782608695652
488,471,6.21311475409836,6.29087048832272,959,6.25130344108446
546,453,6.34981684981685,6.25386313465784,999,6.30630630630631
529,468,6.3062381852552,6.33974358974359,997,6.32196589769308
544,455,6.21875,6.32527472527473,999,6.26726726726727
581,418,6.3184165232358,6.311004784689,999,6.31531531531532
559,440,6.28801431127013,6.28409090909091,999,6.28628628628629
545,454,6.29908256880734,6.30616740088106,999,6.3023023023023
565,432,6.29026548672566,6.26157407407407,997,6.2778335005015
556,442,6.29496402877698,6.30542986425339,998,6.29959919839679
564,435,6.32801418439716,6.33103448275862,999,6.32932932932933
576,423,6.375,6.29787234042553,999,6.34234234234234
561,436,6.39393939393939,6.32110091743119,997,6.36208625877633
586,413,6.3617747440273,6.31961259079903,999,6.34434434434434
595,403,6.36638655462185,6.31265508684864,998,6.34468937875751
562,433,6.3932384341637,6.364896073903,995,6.38090452261306
557,440,6.33393177737882,6.34545454545455,997,6.33901705115346
584,414,6.375,6.32367149758454,998,6.35370741482966
581,417,6.35628227194492,6.31654676258993,998,6.33967935871743
564,435,6.35815602836879,6.32413793103448,999,6.34334334334334
584,414,6.38527397260274,6.29227053140097,998,6.34669338677355
586,412,6.38566552901024,6.34466019417476,998,6.3687374749499
566,433,6.3904593639576,6.38799076212471,999,6.38938938938939
567,431,6.40740740740741,6.35498839907193,998,6.38476953907816
576,422,6.41319444444444,6.39810426540284,998,6.40681362725451
561,437,6.41889483065954,6.44851258581236,998,6.43186372745491
570,429,6.40526315789474,6.41491841491842,999,6.40940940940941
582,417,6.4106529209622,6.39568345323741,999,6.4044044044044
575,424,6.42086956521739,6.43160377358491,999,6.42542542542543
578,421,6.42214532871972,6.4061757719715,999,6.41541541541542
585,413,6.43247863247863,6.38498789346247,998,6.41282565130261
576,423,6.42881944444444,6.43262411347518,999,6.43043043043043
590,408,6.40677966101695,6.46323529411765,998,6.42985971943888
593,405,6.41652613827993,6.44691358024691,998,6.42885771543086
582,417,6.41752577319588,6.44604316546763,999,6.42942942942943
572,427,6.40909090909091,6.45667447306792,999,6.42942942942943
585,413,6.3982905982906,6.43099273607748,998,6.41182364729459
586,413,6.38566552901024,6.43583535108959,999,6.40640640640641
580,419,6.39655172413793,6.44868735083532,999,6.41841841841842
584,415,6.39554794520548,6.44096385542169,999,6.41441441441441
582,417,6.39862542955326,6.43405275779376,999,6.41341341341341
588,411,6.4030612244898,6.46958637469586,999,6.43043043043043
597,402,6.38358458961474,6.46019900497512,999,6.41441441441441
597,401,6.39028475711893,6.4214463840399,998,6.40280561122244
589,410,6.39898132427844,6.4390243902439,999,6.41541541541542
585,413,6.42222222222222,6.41404358353511,998,6.4188376753507
589,410,6.44312393887946,6.39024390243902,999,6.42142142142142
577,421,6.4471403812825,6.42517814726841,998,6.43787575150301
583,416,6.44082332761578,6.41826923076923,999,6.43143143143143
588,410,6.43537414965986,6.4,998,6.42084168336673
581,415,6.4302925989673,6.38313253012048,996,6.41064257028112
591,407,6.43485617597293,6.38574938574939,998,6.41482965931864
604,395,6.42384105960265,6.4126582278481,999,6.41941941941942
599,400,6.41402337228715,6.435,999,6.42242242242242
597,401,6.4036850921273,6.46384039900249,998,6.42785571142285
598,401,6.41304347826087,6.44139650872818,999,6.42442442442442
606,392,6.41419141914191,6.44897959183673,998,6.42785571142285
602,396,6.42691029900332,6.45454545454545,998,6.43787575150301
611,387,6.3911620294599,6.44702842377261,998,6.41282565130261
613,384,6.39804241435563,6.453125,997,6.41925777331996
621,378,6.40740740740741,6.47089947089947,999,6.43143143143143
626,373,6.43130990415335,6.47721179624665,999,6.44844844844845
629,370,6.42289348171701,6.47837837837838,999,6.44344344344344
625,371,6.424,6.48787061994609,996,6.44779116465863
632,367,6.41930379746835,6.49591280653951,999,6.44744744744745
626,371,6.41214057507987,6.49326145552561,997,6.44232698094283
628,371,6.41082802547771,6.47169811320755,999,6.43343343343343
619,380,6.41195476575121,6.47631578947368,999,6.43643643643644
618,380,6.40938511326861,6.49736842105263,998,6.44288577154309
626,373,6.41373801916933,6.49865951742627,999,6.44544544544545
624,374,6.4150641025641,6.50267379679144,998,6.44789579158317
631,368,6.43740095087163,6.5,999,6.46046046046046
636,362,6.43396226415094,6.50552486187845,998,6.45991983967936
640,359,6.41875,6.5041782729805,999,6.44944944944945
646,353,6.42414860681115,6.4985835694051,999,6.45045045045045
644,355,6.41925465838509,6.52112676056338,999,6.45545545545546
640,358,6.4359375,6.5195530726257,998,6.46593186372746
649,350,6.45608628659476,6.52,999,6.47847847847848
652,347,6.43865030674847,6.52161383285303,999,6.46746746746747
645,353,6.41705426356589,6.54390934844193,998,6.46192384769539
645,354,6.42325581395349,6.55084745762712,999,6.46846846846847
647,352,6.42812982998454,6.57670454545455,999,6.48048048048048
636,363,6.41037735849057,6.56749311294766,999,6.46746746746747
634,365,6.42744479495268,6.58082191780822,999,6.48348348348348
633,366,6.43759873617693,6.57103825136612,999,6.48648648648649
628,370,6.43471337579618,6.58108108108108,998,6.48897795591182
638,361,6.43260188087774,6.59002770083103,999,6.48948948948949
638,361,6.43260188087774,6.57063711911357,999,6.48248248248248
634,365,6.4384858044164,6.57808219178082,999,6.48948948948949
639,359,6.44444444444444,6.57103064066852,998,6.48997995991984
644,353,6.45496894409938,6.57223796033994,997,6.49648946840522
649,350,6.45146379044684,6.59428571428571,999,6.5015015015015
643,356,6.44945567651633,6.60955056179775,999,6.50650650650651
637,362,6.4458398744113,6.57458563535912,999,6.49249249249249
638,361,6.44984326018809,6.57894736842105,999,6.4964964964965
637,360,6.43014128728414,6.58888888888889,997,6.48746238716148
641,357,6.43213728549142,6.57983193277311,998,6.48496993987976
643,353,6.43234836702955,6.57790368271955,996,6.48393574297189
644,354,6.43944099378882,6.56497175141243,998,6.48396793587174
649,349,6.4653312788906,6.59885386819484,998,6.51202404809619
644,355,6.47670807453416,6.6112676056338,999,6.52452452452452
656,342,6.47408536585366,6.62280701754386,998,6.5250501002004
658,339,6.46656534954407,6.61946902654867,997,6.518555667001
650,349,6.46923076923077,6.59312320916905,999,6.51251251251251
656,342,6.47103658536585,6.57894736842105,998,6.50801603206413
668,330,6.47005988023952,6.61515151515152,998,6.51803607214429
655,343,6.48091603053435,6.6268221574344,998,6.5310621242485
661,338,6.47201210287443,6.60059171597633,999,6.51551551551552
673,326,6.47696879643388,6.61349693251534,999,6.52152152152152
665,334,6.49323308270677,6.63473053892216,999,6.54054054054054
663,335,6.49321266968326,6.61791044776119,998,6.53507014028056
667,331,6.49775112443778,6.61631419939577,998,6.53707414829659
670,328,6.50597014925373,6.63109756097561,998,6.54709418837675
676,323,6.5207100591716,6.61300309597523,999,6.55055055055055
682,317,6.51906158357771,6.61198738170347,999,6.54854854854855
681,317,6.5007342143906,6.6403785488959,998,6.54509018036072
685,313,6.4978102189781,6.6517571884984,998,6.54609218436874
686,312,6.49708454810496,6.66987179487179,998,6.55110220440882
692,306,6.49277456647399,6.67647058823529,998,6.54909819639279
694,304,6.50432276657061,6.65789473684211,998,6.55110220440882
695,303,6.5021582733813,6.67326732673267,998,6.55410821643287
690,309,6.48985507246377,6.69255663430421,999,6.55255255255255
693,305,6.5007215007215,6.7016393442623,998,6.56212424849699
695,302,6.5021582733813,6.6887417218543,997,6.55867602808425
690,307,6.48405797101449,6.69055374592834,997,6.54764292878636
683,315,6.50366032210835,6.66666666666667,998,6.55511022044088
693,306,6.50937950937951,6.66339869281046,999,6.55655655655656
692,306,6.51156069364162,6.65686274509804,998,6.5561122244489
707,292,6.52333804809052,6.65753424657534,999,6.56256256256256
705,294,6.55177304964539,6.64965986394558,999,6.58058058058058
700,298,6.54285714285714,6.63758389261745,998,6.57114228456914
704,294,6.53977272727273,6.62585034013605,998,6.56513026052104
708,291,6.54378531073446,6.65292096219931,999,6.57557557557558
703,295,6.54765291607397,6.66440677966102,998,6.58216432865731
702,295,6.55413105413105,6.68813559322034,997,6.5937813440321
697,300,6.5609756097561,6.68333333333333,997,6.59779338014042
695,303,6.5568345323741,6.72277227722772,998,6.60721442885772
700,299,6.55285714285714,6.7190635451505,999,6.6026026026026
695,301,6.53812949640288,6.72757475083056,996,6.59538152610442
699,298,6.5450643776824,6.74161073825503,997,6.60381143430291
702,295,6.54843304843305,6.72881355932203,997,6.60180541624875
699,300,6.53218884120172,6.71,999,6.58558558558559
689,309,6.54571843251089,6.73462783171521,998,6.60420841683367
699,300,6.52646638054363,6.73666666666667,999,6.58958958958959
701,298,6.53495007132668,6.73489932885906,999,6.59459459459459
694,304,6.53314121037464,6.75,998,6.59919839679359
698,300,6.52578796561605,6.75333333333333,998,6.59418837675351
698,301,6.55014326647564,6.74086378737542,999,6.60760760760761
696,302,6.54454022988506,6.74503311258278,998,6.60521042084168
703,295,6.55618776671408,6.73559322033898,998,6.60921843687375
709,290,6.56840620592384,6.73793103448276,999,6.61761761761762
709,290,6.58815232722144,6.74137931034483,999,6.63263263263263
703,295,6.59459459459459,6.72881355932203,998,6.63426853707415
711,285,6.58649789029536,6.74736842105263,996,6.63253012048193
712,287,6.57724719101124,6.72822299651568,999,6.62062062062062
711,288,6.57524613220816,6.73611111111111,999,6.62162162162162
712,287,6.56741573033708,6.75261324041812,999,6.62062062062062
712,287,6.56179775280899,6.7595818815331,999,6.61861861861862
705,294,6.58581560283688,6.74149659863946,999,6.63163163163163
707,292,6.58557284299859,6.74657534246575,999,6.63263263263263
703,294,6.59317211948791,6.7687074829932,997,6.64493480441324
705,293,6.60425531914894,6.78156996587031,998,6.6563126252505
698,301,6.61604584527221,6.77408637873754,999,6.66366366366366
697,302,6.62410329985653,6.77814569536424,999,6.67067067067067
694,305,6.60662824207493,6.78360655737705,999,6.66066066066066
690,307,6.6231884057971,6.78501628664495,997,6.67301905717151
685,313,6.60729927007299,6.78594249201278,998,6.66332665330661
688,311,6.61627906976744,6.77170418006431,999,6.66466466466466
684,314,6.61695906432749,6.76751592356688,998,6.66432865731463
686,313,6.62827988338192,6.77635782747604,999,6.67467467467467
688,311,6.63081395348837,6.78456591639871,999,6.67867867867868
681,317,6.64610866372981,6.76656151419558,998,6.68436873747495
683,314,6.65153733528551,6.77070063694268,997,6.68906720160481
690,309,6.65652173913043,6.77669902912621,999,6.69369369369369
688,310,6.65697674418605,6.78709677419355,998,6.69739478957916
679,320,6.68188512518409,6.78125,999,6.71371371371371
691,308,6.68017366136035,6.7987012987013,999,6.71671671671672
695,303,6.67482014388489,6.7953795379538,998,6.71142284569138
702,297,6.68091168091168,6.81481481481481,999,6.72072072072072
693,306,6.6969696969697,6.80718954248366,999,6.73073073073073
694,304,6.68587896253602,6.79605263157895,998,6.71943887775551
698,300,6.68624641833811,6.81,998,6.72344689378758
689,306,6.68795355587808,6.82352941176471,995,6.72964824120603
696,303,6.69540229885058,6.80858085808581,999,6.72972972972973
697,301,6.70444763271162,6.79401993355482,998,6.7314629258517
696,303,6.70689655172414,6.80858085808581,999,6.73773773773774
695,303,6.70503597122302,6.81188118811881,998,6.7374749498998
693,305,6.7041847041847,6.8327868852459,998,6.7434869739479
686,312,6.69387755102041,6.81410256410256,998,6.7314629258517
691,308,6.68451519536903,6.82467532467532,999,6.72772772772773
692,306,6.69653179190751,6.81699346405229,998,6.73346693386774
688,311,6.69186046511628,6.83279742765273,999,6.73573573573574
701,297,6.68758915834522,6.82154882154882,998,6.72745490981964
703,296,6.6927453769559,6.7972972972973,999,6.72372372372372
702,295,6.67094017094017,6.8,997,6.70912738214644
704,293,6.69318181818182,6.79522184300341,997,6.72316950852558
698,301,6.71203438395415,6.78405315614618,999,6.73373373373373
695,304,6.69784172661871,6.79934210526316,999,6.72872872872873
694,305,6.70749279538905,6.79344262295082,999,6.73373373373373
690,308,6.71014492753623,6.80844155844156,998,6.74048096192385
687,309,6.70596797671034,6.80258899676375,996,6.7359437751004
686,312,6.70262390670554,6.79487179487179,998,6.7314629258517
684,315,6.70760233918129,6.79365079365079,999,6.73473473473473
685,313,6.71824817518248,6.81150159744409,998,6.74749498997996
689,308,6.70682148040639,6.81168831168831,997,6.73921765295888
685,314,6.71386861313869,6.81210191082803,999,6.74474474474474
678,318,6.72713864306785,6.80503144654088,996,6.75200803212851
678,321,6.70796460176991,6.82242990654206,999,6.74474474474474
685,312,6.70802919708029,6.81089743589744,997,6.74022066198596
692,306,6.72543352601156,6.79084967320261,998,6.74549098196393
694,305,6.72046109510086,6.79344262295082,999,6.74274274274274
702,295,6.71794871794872,6.79661016949153,997,6.74122367101304
701,298,6.7132667617689,6.7986577181208,999,6.73873873873874
710,288,6.71549295774648,6.78472222222222,998,6.73547094188377
715,284,6.71328671328671,6.76760563380282,999,6.72872872872873
717,281,6.71687587168759,6.79003558718861,998,6.7374749498998
713,286,6.71669004207574,6.8006993006993,999,6.74074074074074
711,287,6.71448663853727,6.79442508710801,998,6.7374749498998
715,284,6.71468531468531,6.7887323943662,999,6.73573573573574
707,291,6.72135785007072,6.81443298969072,998,6.74849699398798
715,283,6.71748251748252,6.81272084805654,998,6.74448897795591
719,280,6.72044506258693,6.83928571428571,999,6.75375375375375
720,279,6.73333333333333,6.82437275985663,999,6.75875875875876
728,271,6.73901098901099,6.82656826568266,999,6.76276276276276
741,257,6.73414304993252,6.85214007782101,998,6.76452905811623
734,265,6.73024523160763,6.85283018867925,999,6.76276276276276
739,259,6.74560216508796,6.83783783783784,998,6.76953907815631
741,258,6.74358974358974,6.84108527131783,999,6.76876876876877
727,271,6.73865199449794,6.85239852398524,998,6.76953907815631
729,269,6.73388203017833,6.85130111524164,998,6.76553106212425
731,268,6.72913816689467,6.8544776119403,999,6.76276276276276
721,277,6.72122052704577,6.83754512635379,998,6.75350701402806
720,278,6.73194444444444,6.83093525179856,998,6.75951903807615
731,268,6.72913816689467,6.84701492537313,999,6.76076076076076
730,267,6.72602739726027,6.8501872659176,997,6.7592778335005
731,268,6.74008207934336,6.84701492537313,999,6.76876876876877
732,267,6.73770491803279,6.83895131086142,999,6.76476476476476
734,265,6.72888283378747,6.84528301886792,999,6.75975975975976
729,269,6.73388203017833,6.85873605947955,998,6.76753507014028
730,268,6.73698630136986,6.84328358208955,998,6.76553106212425
731,267,6.73461012311902,6.85393258426966,998,6.76653306613226
731,268,6.72640218878249,6.86940298507463,999,6.76476476476476
735,262,6.73741496598639,6.87404580152672,997,6.77331995987964
740,259,6.73783783783784,6.86100386100386,999,6.76976976976977
749,250,6.73431241655541,6.844,999,6.76176176176176
760,238,6.73947368421053,6.84453781512605,998,6.76452905811623
757,241,6.72787318361955,6.850622406639,998,6.75751503006012
765,233,6.71633986928105,6.85836909871245,998,6.74949899799599
770,228,6.72857142857143,6.84649122807018,998,6.75551102204409
763,235,6.71952817824377,6.8468085106383,998,6.74949899799599
774,224,6.72093023255814,6.85714285714286,998,6.75150300601202
778,221,6.7172236503856,6.86425339366516,999,6.74974974974975
776,223,6.73324742268041,6.847533632287,999,6.75875875875876
784,211,6.73086734693878,6.83412322274881,995,6.75276381909548
785,214,6.72484076433121,6.84579439252336,999,6.75075075075075
783,215,6.73180076628353,6.84651162790698,998,6.7565130260521
783,215,6.73180076628353,6.86046511627907,998,6.75951903807615
779,220,6.73684210526316,6.84545454545455,999,6.76076076076076
780,219,6.74358974358974,6.84474885844749,999,6.76576576576577
785,214,6.75031847133758,6.86448598130841,999,6.77477477477477
784,215,6.74362244897959,6.84651162790698,999,6.76576576576577
781,218,6.73879641485275,6.84862385321101,999,6.76276276276276
782,216,6.74808184143223,6.87037037037037,998,6.77454909819639
777,222,6.75804375804376,6.88738738738739,999,6.78678678678679
778,219,6.76221079691517,6.89497716894977,997,6.7913741223671
785,214,6.76305732484076,6.87383177570093,999,6.78678678678679
779,220,6.77021822849807,6.88181818181818,999,6.79479479479479
786,212,6.76972010178117,6.87735849056604,998,6.79258517034068
792,206,6.77146464646465,6.87378640776699,998,6.79258517034068
790,209,6.77594936708861,6.85167464114833,999,6.79179179179179
793,205,6.77679697351828,6.82439024390244,998,6.78657314629258
796,202,6.76884422110553,6.85148514851485,998,6.78557114228457
790,208,6.76708860759494,6.86057692307692,998,6.78657314629258
790,208,6.75696202531646,6.86538461538461,998,6.77955911823647
795,204,6.7685534591195,6.84313725490196,999,6.78378378378378
786,212,6.75954198473282,6.84905660377358,998,6.77855711422846
784,214,6.75510204081633,6.86915887850467,998,6.77955911823647
788,210,6.74746192893401,6.88095238095238,998,6.77555110220441
788,210,6.74365482233503,6.86190476190476,998,6.7685370741483
783,216,6.74968071519796,6.86111111111111,999,6.77377377377377
785,210,6.74904458598726,6.86666666666667,995,6.77386934673367
780,218,6.74102564102564,6.87155963302752,998,6.76953907815631
779,217,6.73427471116816,6.86175115207373,996,6.76204819277108
784,215,6.73852040816327,6.84651162790698,999,6.76176176176176
782,217,6.72890025575448,6.85253456221198,999,6.75575575575576
784,215,6.72576530612245,6.85581395348837,999,6.75375375375375
784,213,6.72576530612245,6.86854460093897,997,6.75626880641926
783,216,6.73435504469987,6.85185185185185,999,6.75975975975976
776,218,6.73582474226804,6.85321100917431,994,6.76156941649899
781,217,6.72855313700384,6.86175115207373,998,6.75751503006012
783,216,6.73435504469987,6.87962962962963,999,6.76576576576577
784,215,6.73979591836735,6.87441860465116,999,6.76876876876877
790,209,6.73544303797468,6.8755980861244,999,6.76476476476476
790,208,6.7379746835443,6.87980769230769,998,6.76753507014028
788,210,6.72969543147208,6.88095238095238,998,6.76152304609218
796,203,6.73366834170854,6.88177339901478,999,6.76376376376376
803,196,6.73972602739726,6.9030612244898,999,6.77177177177177
807,192,6.75712515489467,6.90104166666667,999,6.78478478478478
809,189,6.75278121137206,6.92063492063492,998,6.78456913827655
801,198,6.76154806491885,6.92929292929293,999,6.79479479479479
807,190,6.77571251548947,6.94736842105263,997,6.80842527582748
810,189,6.78148148148148,6.93650793650794,999,6.81081081081081
802,196,6.785536159601,6.94897959183673,998,6.81763527054108
808,191,6.78094059405941,6.94764397905759,999,6.81281281281281
814,184,6.78378378378378,6.94565217391304,998,6.81362725450902
809,190,6.7849196538937,6.95263157894737,999,6.81681681681682
802,196,6.785536159601,6.96428571428571,998,6.82064128256513
822,177,6.78223844282238,6.99435028248588,999,6.81981981981982
810,189,6.78888888888889,6.99470899470899,999,6.82782782782783
809,189,6.78862793572311,6.99470899470899,998,6.82765531062124
820,179,6.79146341463415,7.0,999,6.82882882882883
818,181,6.78606356968215,7.0,999,6.82482482482482
822,174,6.78710462287105,7.0,996,6.82429718875502
829,170,6.79613992762364,7.0,999,6.83083083083083
824,175,6.7997572815534,7.0,999,6.83483483483483
829,170,6.79252110977081,7.0,999,6.82782782782783
836,163,6.79665071770335,7.0,999,6.82982982982983
833,165,6.80792316926771,7.0,998,6.83967935871743
830,168,6.80481927710843,7.0,998,6.8376753507014
831,166,6.80746089049338,7.0,997,6.839518555667
837,161,6.81362007168459,7.0,998,6.8436873747495
833,165,6.81152460984394,7.0,998,6.84268537074148
834,165,6.80815347721823,7.0,999,6.83983983983984
838,161,6.80190930787589,7.0,999,6.83383383383383
843,156,6.80308422301305,7.0,999,6.83383383383383
846,153,6.80023640661939,7.0,999,6.83083083083083
834,165,6.80815347721823,7.0,999,6.83983983983984
837,162,6.80884109916368,7.0,999,6.83983983983984
846,153,6.80023640661939,7.0,999,6.83083083083083
845,152,6.79881656804734,7.0,997,6.82948846539619
853,145,6.8042203985932,7.0,998,6.83266533066132
858,141,6.80769230769231,7.0,999,6.83483483483483
855,143,6.80116959064327,7.0,998,6.82965931863727
856,143,6.80607476635514,7.0,999,6.83383383383383
859,139,6.81373690337602,7.0,998,6.83967935871743
854,145,6.81498829039813,7.0,999,6.84184184184184
853,145,6.81359906213365,7.0,998,6.84068136272545
848,150,6.8125,7.0,998,6.84068136272545
847,152,6.81700118063754,7.0,999,6.84484484484484
845,154,6.82485207100592,7.0,999,6.85185185185185
846,151,6.82505910165485,7.0,997,6.85155466399198
845,153,6.81420118343195,7.0,998,6.84268537074148
852,145,6.81455399061033,7.0,997,6.84152457372116
859,140,6.81140861466822,7.0,999,6.83783783783784
852,147,6.82159624413146,7.0,999,6.84784784784785
852,147,6.81924882629108,7.0,999,6.84584584584585
852,147,6.82276995305164,7.0,999,6.84884884884885
850,148,6.82235294117647,7.0,998,6.84869739478958
856,141,6.82476635514019,7.0,997,6.84954864593781
852,145,6.82746478873239,7.0,997,6.85255767301906
860,139,6.83720930232558,7.0,999,6.85985985985986
873,122,6.83505154639175,7.0,995,6.85527638190955
876,121,6.83675799086758,7.0,997,6.85656970912738
883,116,6.83578708946772,7.0,999,6.85485485485485
887,112,6.82976324689966,7.0,999,6.84884884884885
889,108,6.83577052868391,7.0,997,6.85356068204614
891,108,6.83389450056117,7.0,999,6.85185185185185
890,107,6.83033707865169,7.0,997,6.84854563691073
890,109,6.83370786516854,7.0,999,6.85185185185185
880,118,6.84090909090909,7.0,998,6.85971943887776
886,110,6.83747178329571,7.0,996,6.85542168674699
891,108,6.83838383838384,7.0,999,6.85585585585586
883,116,6.84144960362401,7.0,999,6.85985985985986
880,116,6.83977272727273,7.0,996,6.85843373493976
888,110,6.8277027027027,7.0,998,6.84669338677355
879,116,6.82935153583618,7.0,995,6.84924623115578
882,117,6.83106575963719,7.0,999,6.85085085085085
894,105,6.82774049217002,7.0,999,6.84584584584585
897,100,6.82051282051282,7.0,997,6.83851554663992
905,94,6.82872928176796,7.0,999,6.84484484484484
903,96,6.82945736434108,7.0,999,6.84584584584585
904,95,6.82632743362832,7.0,999,6.84284284284284
909,90,6.82398239823982,7.0,999,6.83983983983984
911,85,6.82656421514819,7.0,996,6.84136546184739
915,83,6.81748633879781,7.0,998,6.83266533066132
916,81,6.81331877729258,7.0,997,6.82848545636911
919,80,6.82698585418934,7.0,999,6.84084084084084
917,82,6.82769901853871,7.0,999,6.84184184184184
916,83,6.82860262008734,7.0,999,6.84284284284284
921,77,6.82410423452769,7.0,998,6.8376753507014
924,74,6.82683982683983,7.0,998,6.83967935871743
922,77,6.82537960954447,7.0,999,6.83883883883884
923,75,6.82665222101842,7.0,998,6.83967935871743
919,79,6.83025027203482,7.0,998,6.8436873747495
925,73,6.83567567567568,7.0,998,6.84769539078156
927,70,6.84142394822006,7.0,997,6.85255767301906
929,70,6.83638320775027,7.0,999,6.84784784784785
925,74,6.84756756756757,7.0,999,6.85885885885886
926,72,6.85205183585313,7.0,998,6.8627254509018
926,71,6.84773218142549,7.0,997,6.85857572718154
924,75,6.85281385281385,7.0,999,6.86386386386386
922,76,6.85357917570499,7.0,998,6.86472945891784
926,72,6.85529157667387,7.0,998,6.86573146292585
928,71,6.85668103448276,7.0,999,6.86686686686687
929,70,6.85898815931109,7.0,999,6.86886886886887
925,71,6.85513513513513,7.0,996,6.86546184738956
929,70,6.85252960172228,7.0,999,6.86286286286286
923,72,6.85915492957746,7.0,995,6.86934673366834
923,76,6.8602383531961,7.0,999,6.87087087087087
919,79,6.86398258977149,7.0,998,6.874749498998
918,80,6.87363834422658,7.0,998,6.88376753507014
911,85,6.86827661909989,7.0,996,6.87951807228916
909,90,6.87238723872387,7.0,999,6.88388388388388
914,85,6.87089715536105,7.0,999,6.88188188188188
913,86,6.87513691128149,7.0,999,6.88588588588589
910,88,6.87032967032967,7.0,998,6.88176352705411
912,86,6.86184210526316,7.0,998,6.87374749498998
910,86,6.86813186813187,7.0,996,6.87951807228916
910,88,6.86703296703297,7.0,998,6.87875751503006
909,89,6.86358635863586,7.0,998,6.87575150300601
912,87,6.86513157894737,7.0,999,6.87687687687688
909,90,6.86908690869087,7.0,999,6.88088088088088
908,90,6.87334801762115,7.0,998,6.88476953907816
913,86,6.87623220153341,7.0,999,6.88688688688689
912,86,6.87719298245614,7.0,998,6.8877755511022
911,87,6.87925356750823,7.0,998,6.88977955911824
909,90,6.88338833883388,7.0,999,6.89389389389389
911,87,6.88583973655324,7.0,998,6.89579158316633
910,88,6.89010989010989,7.0,998,6.8997995991984
906,91,6.89072847682119,7.0,997,6.90070210631896
906,93,6.88741721854305,7.0,999,6.8978978978979
908,90,6.89096916299559,7.0,998,6.90080160320641
906,93,6.89293598233996,7.0,999,6.9029029029029
902,97,6.88913525498891,7.0,999,6.8998998998999
898,101,6.88752783964365,7.0,999,6.8988988988989
895,104,6.88156424581006,7.0,999,6.89389389389389
895,104,6.88156424581006,7.0,999,6.89389389389389
886,111,6.8803611738149,7.0,997,6.89368104312939
887,109,6.88387824126268,7.0,996,6.89658634538153
883,114,6.88335220838052,7.0,997,6.89669007021063
886,113,6.8803611738149,7.0,999,6.89389389389389
890,109,6.87865168539326,7.0,999,6.89189189189189
888,111,6.88175675675676,7.0,999,6.89489489489489
892,106,6.8822869955157,7.0,998,6.89478957915832
889,108,6.87739032620922,7.0,997,6.89067201604814
889,107,6.8785151856018,7.0,996,6.89156626506024
897,102,6.87736900780379,7.0,999,6.88988988988989
897,100,6.87848383500557,7.0,997,6.89067201604814
901,98,6.87458379578246,7.0,999,6.88688688688689
901,96,6.88457269700333,7.0,997,6.89568706118355
907,92,6.88754134509372,7.0,999,6.8978978978979
907,92,6.89195148842337,7.0,999,6.9019019019019
912,86,6.89144736842105,7.0,998,6.90080160320641
907,92,6.89084895259096,7.0,999,6.9009009009009
903,96,6.8936877076412,7.0,999,6.9039039039039
907,91,6.89305402425579,7.0,998,6.90280561122244
906,92,6.89735099337748,7.0,998,6.90681362725451
901,96,6.8945615982242,7.0,997,6.90471414242728
899,99,6.89321468298109,7.0,998,6.90380761523046
902,97,6.89578713968958,7.0,999,6.90590590590591
897,99,6.89520624303233,7.0,996,6.90562248995984
903,96,6.89922480620155,7.0,999,6.90890890890891
903,94,6.89922480620155,7.0,997,6.90872617853561
903,95,6.90033222591362,7.0,998,6.90981963927856
906,93,6.90286975717439,7.0,999,6.91191191191191
905,92,6.90055248618784,7.0,997,6.90972918756269
900,99,6.89666666666667,7.0,999,6.90690690690691
904,94,6.89491150442478,7.0,998,6.90480961923848
901,97,6.89345172031077,7.0,998,6.90380761523046
895,103,6.89050279329609,7.0,998,6.90180360721443
899,99,6.89766407119021,7.0,998,6.90781563126253
907,92,6.89856670341786,7.0,999,6.90790790790791
903,95,6.89700996677741,7.0,998,6.90681362725451
911,87,6.90230515916575,7.0,998,6.91082164328657
912,87,6.90789473684211,7.0,999,6.91591591591592
913,86,6.90799561883899,7.0,999,6.91591591591592
917,81,6.90076335877863,7.0,998,6.90881763527054
912,87,6.90241228070175,7.0,999,6.91091091091091
905,94,6.90055248618784,7.0,999,6.90990990990991
908,90,6.89537444933921,7.0,998,6.90480961923848
908,90,6.89977973568282,7.0,998,6.90881763527054
910,89,6.89450549450549,7.0,999,6.9039039039039
916,83,6.89301310043668,7.0,999,6.9019019019019
915,81,6.89180327868852,7.0,996,6.90060240963855
913,86,6.89266155531216,7.0,999,6.9019019019019
917,81,6.88985823336968,7.0,998,6.89879759519038
920,78,6.88695652173913,7.0,998,6.89579158316633
921,77,6.89359391965255,7.0,998,6.90180360721443
924,71,6.89502164502164,7.0,995,6.90251256281407
929,69,6.89451022604952,7.0,998,6.90180360721443
929,69,6.89020452099031,7.0,998,6.89779559118236
929,70,6.89128094725511,7.0,999,6.8988988988989
930,69,6.89032258064516,7.0,999,6.8978978978979
928,70,6.88685344827586,7.0,998,6.89478957915832
932,67,6.89270386266094,7.0,999,6.8998998998999
934,64,6.8865096359743,7.0,998,6.8937875751503
931,67,6.88614393125671,7.0,998,6.8937875751503
928,70,6.88469827586207,7.0,998,6.89278557114228
928,71,6.88362068965517,7.0,999,6.89189189189189
926,73,6.88012958963283,7.0,999,6.88888888888889
923,76,6.88299024918743,7.0,999,6.89189189189189
919,78,6.8835690968444,7.0,997,6.89267803410231
916,82,6.88646288209607,7.0,998,6.89579158316633
917,82,6.89094874591058,7.0,999,6.8998998998999
918,81,6.89433551198257,7.0,999,6.9029029029029
912,83,6.90241228070175,7.0,995,6.9105527638191
912,87,6.90350877192982,7.0,999,6.91191191191191
914,83,6.90481400437637,7.0,997,6.91273821464393
916,83,6.90502183406114,7.0,999,6.91291291291291
920,79,6.90326086956522,7.0,999,6.91091091091091
923,76,6.90790899241603,7.0,999,6.91491491491491
927,72,6.90938511326861,7.0,999,6.91591591591592
923,75,6.9100758396533,7.0,998,6.91683366733467
917,81,6.91166848418757,7.0,998,6.9188376753507
922,76,6.9175704989154,7.0,998,6.92384769539078
926,73,6.91900647948164,7.0,999,6.92492492492492
925,74,6.92216216216216,7.0,999,6.92792792792793
927,72,6.92664509169364,7.0,999,6.93193193193193
929,69,6.92787944025834,7.0,998,6.93286573146293
931,67,6.92588614393126,7.0,998,6.93086172344689
933,65,6.92926045016077,7.0,998,6.93386773547094
935,64,6.92941176470588,7.0,999,6.93393393393393
935,64,6.93368983957219,7.0,999,6.93793793793794
937,61,6.93169690501601,7.0,998,6.93587174348697
938,60,6.92857142857143,7.0,998,6.93286573146293
936,63,6.93055555555556,7.0,999,6.93493493493493
934,65,6.9271948608137,7.0,999,6.93193193193193
935,64,6.93155080213904,7.0,999,6.93593593593594
930,68,6.93225806451613,7.0,998,6.93687374749499
935,63,6.93582887700535,7.0,998,6.93987975951904
933,64,6.93890675241158,7.0,997,6.94282848545637
933,66,6.94212218649518,7.0,999,6.94594594594595
935,62,6.94438502673797,7.0,997,6.94784353059178
939,60,6.94568690095847,7.0,999,6.94894894894895
942,56,6.94692144373673,7.0,998,6.9498997995992
941,58,6.95005313496281,7.0,999,6.95295295295295
939,59,6.94994675186368,7.0,998,6.95290581162325
937,61,6.95304162219851,7.0,998,6.95591182364729
942,57,6.95541401273885,7.0,999,6.95795795795796
942,56,6.95647558386412,7.0,998,6.95891783567134
938,60,6.95628997867804,7.0,998,6.95891783567134
939,59,6.96059637912673,7.0,998,6.96292585170341
937,62,6.9615795090715,7.0,999,6.96396396396396
936,62,6.96367521367521,7.0,998,6.96593186372746
941,58,6.95855472901169,7.0,999,6.96096096096096
939,59,6.95846645367412,7.0,998,6.96092184368737
947,52,6.95881731784583,7.0,999,6.96096096096096
951,48,6.96004206098843,7.0,999,6.96196196196196
948,47,6.957805907173,7.0,995,6.95979899497487
952,47,6.95798319327731,7.0,999,6.95995995995996
951,47,6.95478443743428,7.0,998,6.95691382765531
957,41,6.95193312434692,7.0,998,6.95390781563126
958,39,6.95093945720251,7.0,997,6.95285857572718
958,39,6.95198329853862,7.0,997,6.95386158475426
959,39,6.95307612095933,7.0,998,6.95490981963928
966,33,6.95341614906832,7.0,999,6.95495495495495
965,34,6.95336787564767,7.0,999,6.95495495495495
966,33,6.95341614906832,7.0,999,6.95495495495495
962,35,6.95426195426195,7.0,997,6.95586760280842
964,34,6.95643153526971,7.0,998,6.95791583166333
965,33,6.95751295336788,7.0,998,6.95891783567134
963,36,6.95638629283489,7.0,999,6.95795795795796
963,33,6.96053997923157,7.0,996,6.96184738955823
966,32,6.96066252587992,7.0,998,6.96192384769539
960,39,6.9625,7.0,999,6.96396396396396
962,37,6.96049896049896,7.0,999,6.96196196196196
965,34,6.95958549222798,7.0,999,6.96096096096096
960,39,6.959375,7.0,999,6.96096096096096
960,37,6.96041666666667,7.0,997,6.96188565697091
963,36,6.96053997923157,7.0,999,6.96196196196196
958,39,6.96137787056367,7.0,997,6.96288866599799
962,37,6.96257796257796,7.0,999,6.96396396396396
965,33,6.96580310880829,7.0,998,6.96693386773547
968,30,6.96694214876033,7.0,998,6.96793587174349
969,30,6.96388028895769,7.0,999,6.96496496496496
967,31,6.96690796277146,7.0,998,6.96793587174349
965,32,6.96787564766839,7.0,997,6.96890672016048
965,33,6.96891191709845,7.0,998,6.96993987975952
965,31,6.97098445595855,7.0,996,6.9718875502008
967,30,6.96897621509824,7.0,997,6.96990972918756
965,33,6.96891191709845,7.0,998,6.96993987975952
965,33,6.96476683937824,7.0,998,6.96593186372746
965,34,6.96165803108808,7.0,999,6.96296296296296
964,34,6.95850622406639,7.0,998,6.95991983967936
963,34,6.95430944963655,7.0,997,6.95586760280842
967,32,6.95553257497415,7.0,999,6.95695695695696
964,35,6.96058091286307,7.0,999,6.96196196196196
963,36,6.96261682242991,7.0,999,6.96396396396396
966,33,6.96273291925466,7.0,999,6.96396396396396
965,33,6.96373056994819,7.0,998,6.96492985971944
965,34,6.96373056994819,7.0,999,6.96496496496496
966,31,6.96376811594203,7.0,997,6.96489468405216
967,32,6.96587383660807,7.0,999,6.96696696696697
969,30,6.96594427244582,7.0,999,6.96696696696697
969,28,6.96594427244582,7.0,997,6.96690070210632
965,33,6.9699481865285,7.0,998,6.97094188376754
967,31,6.96690796277146,7.0,998,6.96793587174349
969,29,6.96697626418989,7.0,998,6.96793587174349
969,28,6.96594427244582,7.0,997,6.96690070210632
971,25,6.96498455200824,7.0,996,6.96586345381526
976,22,6.96618852459016,7.0,998,6.96693386773547
973,23,6.96505652620761,7.0,996,6.96586345381526
976,22,6.97131147540984,7.0,998,6.97194388777555
978,21,6.97239263803681,7.0,999,6.97297297297297
979,20,6.97242083758938,7.0,999,6.97297297297297
979,20,6.97139938712972,7.0,999,6.97197197197197
976,22,6.97233606557377,7.0,998,6.97294589178357
976,23,6.96926229508197,7.0,999,6.96996996996997
975,24,6.97025641025641,7.0,999,6.97097097097097
974,25,6.97433264887064,7.0,999,6.97497497497497
973,26,6.97225077081192,7.0,999,6.97297297297297
971,28,6.97322348094748,7.0,999,6.97397397397397
970,27,6.97525773195876,7.0,997,6.97592778335005
967,30,6.97518097207859,7.0,997,6.97592778335005
967,32,6.97207859358842,7.0,999,6.97297297297297
970,29,6.97010309278351,7.0,999,6.97097097097097
967,32,6.97001034126163,7.0,999,6.97097097097097
968,31,6.97004132231405,7.0,999,6.97097097097097
966,31,6.97308488612836,7.0,997,6.97392176529589
971,26,6.97219361483007,7.0,997,6.97291875626881
971,27,6.97425334706488,7.0,998,6.9749498997996
973,26,6.97533401849949,7.0,999,6.97597597597598
978,20,6.97648261758691,7.0,998,6.97695390781563
982,17,6.97352342158859,7.0,999,6.97397397397397
984,15,6.97154471544715,7.0,999,6.97197197197197
981,17,6.97145769622834,7.0,998,6.97194388777555
980,17,6.97244897959184,7.0,997,6.97291875626881
981,18,6.97247706422018,7.0,999,6.97297297297297
979,18,6.96935648621042,7.0,997,6.96990972918756
978,18,6.97034764826176,7.0,996,6.97088353413655
980,18,6.96836734693878,7.0,998,6.9689378757515
983,16,6.96948118006104,7.0,999,6.96996996996997
980,18,6.96938775510204,7.0,998,6.96993987975952
981,17,6.9683995922528,7.0,998,6.9689378757515
982,16,6.97250509164969,7.0,998,6.97294589178357
983,16,6.97456765005087,7.0,999,6.97497497497497
984,15,6.97764227642276,7.0,999,6.97797797797798
986,12,6.97667342799189,7.0,998,6.97695390781563
986,13,6.97565922920893,7.0,999,6.97597597597598
985,11,6.97360406091371,7.0,996,6.97389558232932
987,9,6.97365754812563,7.0,996,6.97389558232932
988,10,6.97975708502024,7.0,998,6.97995991983968
989,10,6.97876643073812,7.0,999,6.97897897897898
989,10,6.97977755308392,7.0,999,6.97997997997998
985,12,6.98071065989848,7.0,997,6.98094282848546
988,9,6.97975708502024,7.0,997,6.97993981945837
991,8,6.97679112008073,7.0,999,6.97697697697698
987,11,6.97872340425532,7.0,998,6.97895791583166
990,9,6.97878787878788,7.0,999,6.97897897897898
990,9,6.97575757575758,7.0,999,6.97597597597598
988,11,6.97672064777328,7.0,999,6.97697697697698
988,11,6.97773279352227,7.0,999,6.97797797797798
987,11,6.97568389057751,7.0,998,6.97595190380762
985,12,6.9756345177665,7.0,997,6.97592778335005
987,12,6.97771023302938,7.0,999,6.97797797797798
987,11,6.97771023302938,7.0,998,6.97795591182365
987,12,6.97467071935157,7.0,999,6.97497497497497
989,10,6.97573306370071,7.0,999,6.97597597597598
989,10,6.9747219413549,7.0,999,6.97497497497497
989,10,6.9747219413549,7.0,999,6.97497497497497
987,10,6.97669706180344,7.0,997,6.97693079237713
987,12,6.97467071935157,7.0,999,6.97497497497497
987,11,6.97365754812563,7.0,998,6.97394789579158
986,11,6.97667342799189,7.0,997,6.97693079237713
984,13,6.97560975609756,7.0,997,6.97592778335005
984,15,6.97357723577236,7.0,999,6.97397397397397
984,14,6.97459349593496,7.0,998,6.9749498997996
981,16,6.97451580020387,7.0,997,6.97492477432297
982,13,6.97454175152749,7.0,995,6.9748743718593
985,13,6.9746192893401,7.0,998,6.9749498997996
985,13,6.9756345177665,7.0,998,6.97595190380762
984,13,6.97560975609756,7.0,997,6.97592778335005
984,13,6.97662601626016,7.0,997,6.97693079237713
986,13,6.97565922920893,7.0,999,6.97597597597598
987,12,6.97365754812563,7.0,999,6.97397397397397
989,10,6.9737108190091,7.0,999,6.97397397397397
989,10,6.9737108190091,7.0,999,6.97397397397397
989,9,6.9737108190091,7.0,998,6.97394789579158
988,10,6.97267206477733,7.0,998,6.97294589178357
987,10,6.9726443768997,7.0,997,6.97291875626881
987,11,6.97872340425532,7.0,998,6.97895791583166
988,11,6.97874493927126,7.0,999,6.97897897897898
989,10,6.97674418604651,7.0,999,6.97697697697698
989,10,6.97674418604651,7.0,999,6.97697697697698
985,13,6.97664974619289,7.0,998,6.97695390781563
987,11,6.97669706180344,7.0,998,6.97695390781563
985,12,6.97664974619289,7.0,997,6.97693079237713
986,12,6.97667342799189,7.0,998,6.97695390781563
988,10,6.97975708502024,7.0,998,6.97995991983968
988,9,6.98076923076923,7.0,997,6.98094282848546
992,7,6.98286290322581,7.0,999,6.98298298298298
992,7,6.98185483870968,7.0,999,6.98198198198198
992,7,6.98487903225806,7.0,999,6.98498498498498
993,6,6.98489425981873,7.0,999,6.98498498498498
988,7,6.98178137651822,7.0,995,6.98190954773869
991,8,6.98284561049445,7.0,999,6.98298298298298
992,7,6.98286290322581,7.0,999,6.98298298298298
989,7,6.98179979777553,7.0,996,6.98192771084337
991,7,6.97880928355197,7.0,998,6.97895791583166
992,7,6.98387096774194,7.0,999,6.98398398398398
992,6,6.98790322580645,7.0,998,6.98797595190381
992,7,6.98286290322581,7.0,999,6.98298298298298
991,7,6.98385469223007,7.0,998,6.98396793587174
993,6,6.98690835850957,7.0,999,6.98698698698699
994,5,6.98591549295775,7.0,999,6.98598598598599
993,6,6.98489425981873,7.0,999,6.98498498498498
993,5,6.98590130916415,7.0,998,6.98597194388778
994,5,6.98893360160966,7.0,999,6.98898898898899
994,5,6.98792756539235,7.0,999,6.98798798798799
995,4,6.98994974874372,7.0,999,6.98998998998999
996,3,6.98995983935743,7.0,999,6.98998998998999
995,4,6.98793969849246,7.0,999,6.98798798798799
994,4,6.98792756539235,7.0,998,6.98797595190381
995,4,6.98894472361809,7.0,999,6.98898898898899
993,5,6.98690835850957,7.0,998,6.98697394789579
993,6,6.98590130916415,7.0,999,6.98598598598599
993,6,6.98690835850957,7.0,999,6.98698698698699
991,7,6.98789101917255,7.0,998,6.98797595190381
991,8,6.98486377396569,7.0,999,6.98498498498498
992,6,6.98588709677419,7.0,998,6.98597194388778
991,7,6.98587285570131,7.0,998,6.98597194388778
990,8,6.98585858585859,7.0,998,6.98597194388778
991,8,6.98385469223007,7.0,999,6.98398398398398
988,9,6.98582995951417,7.0,997,6.98595787362086
989,8,6.98685540950455,7.0,997,6.98696088264794
990,8,6.98383838383838,7.0,998,6.98396793587174
992,6,6.98588709677419,7.0,998,6.98597194388778
991,7,6.98688193743693,7.0,998,6.98697394789579
992,7,6.98689516129032,7.0,999,6.98698698698699
991,7,6.98587285570131,7.0,998,6.98597194388778
990,7,6.98686868686869,7.0,997,6.98696088264794
991,7,6.98587285570131,7.0,998,6.98597194388778
991,7,6.98385469223007,7.0,998,6.98396793587174
993,6,6.98489425981873,7.0,999,6.98498498498498
993,6,6.98590130916415,7.0,999,6.98598598598599
991,6,6.98385469223007,7.0,997,6.9839518555667
994,5,6.98792756539235,7.0,999,6.98798798798799
994,5,6.98792756539235,7.0,999,6.98798798798799
992,6,6.98991935483871,7.0,998,6.98997995991984
993,6,6.99093655589124,7.0,999,6.99099099099099
994,5,6.99094567404427,7.0,999,6.99099099099099
991,7,6.99293642785066,7.0,998,6.99298597194389
991,6,6.99192734611504,7.0,997,6.99197592778335
994,5,6.99195171026157,7.0,999,6.99199199199199
995,4,6.99195979899497,7.0,999,6.99199199199199
995,3,6.98994974874372,7.0,998,6.98997995991984
995,3,6.98994974874372,7.0,998,6.98997995991984
996,2,6.99096385542169,7.0,998,6.99098196392786
997,2,6.98996990972919,7.0,999,6.98998998998999
997,2,6.98896690070211,7.0,999,6.98898898898899
997,2,6.99197592778335,7.0,999,6.99199199199199
997,2,6.99197592778335,7.0,999,6.99199199199199
996,2,6.98995983935743,7.0,998,6.98997995991984
997,2,6.98796389167503,7.0,999,6.98798798798799
997,2,6.98796389167503,7.0,999,6.98798798798799
997,2,6.98796389167503,7.0,999,6.98798798798799
997,2,6.98896690070211,7.0,999,6.98898898898899
996,2,6.98995983935743,7.0,998,6.98997995991984
995,3,6.98994974874372,7.0,998,6.98997995991984
993,3,6.98690835850957,7.0,996,6.98694779116466
996,2,6.98895582329317,7.0,998,6.98897795591182
996,3,6.99096385542169,7.0,999,6.99099099099099
996,2,6.98895582329317,7.0,998,6.98897795591182
996,2,6.98895582329317,7.0,998,6.98897795591182
997,2,6.98896690070211,7.0,999,6.98898898898899
996,3,6.98895582329317,7.0,999,6.98898898898899
996,3,6.98694779116466,7.0,999,6.98698698698699
995,3,6.98693467336683,7.0,998,6.98697394789579
995,4,6.98693467336683,7.0,999,6.98698698698699
995,3,6.98693467336683,7.0,998,6.98697394789579
995,3,6.98894472361809,7.0,998,6.98897795591182
995,4,6.98793969849246,7.0,999,6.98798798798799
994,4,6.98792756539235,7.0,998,6.98797595190381
994,3,6.98591549295775,7.0,997,6.98595787362086
995,4,6.98793969849246,7.0,999,6.98798798798799
995,3,6.98793969849246,7.0,998,6.98797595190381
995,3,6.98693467336683,7.0,998,6.98697394789579
996,3,6.9859437751004,7.0,999,6.98598598598599
996,3,6.98795180722892,7.0,999,6.98798798798799
994,3,6.98792756539235,7.0,997,6.98796389167503
995,4,6.98793969849246,7.0,999,6.98798798798799
995,3,6.98793969849246,7.0,998,6.98797595190381
996,3,6.98795180722892,7.0,999,6.98798798798799
993,4,6.98690835850957,7.0,997,6.98696088264794
993,4,6.98690835850957,7.0,997,6.98696088264794
995,4,6.98793969849246,7.0,999,6.98798798798799
993,4,6.98791540785498,7.0,997,6.98796389167503
996,3,6.98694779116466,7.0,999,6.98698698698699
996,2,6.9859437751004,7.0,998,6.98597194388778
996,2,6.98493975903614,7.0,998,6.98496993987976
997,2,6.9839518555667,7.0,999,6.98398398398398
996,2,6.98192771084337,7.0,998,6.98196392785571
996,2,6.98293172690763,7.0,998,6.98296593186373
997,2,6.98194583751254,7.0,999,6.98198198198198
997,2,6.97993981945837,7.0,999,6.97997997997998
997,2,6.98194583751254,7.0,999,6.98198198198198
995,2,6.97989949748744,7.0,997,6.97993981945837
997,2,6.97793380140421,7.0,999,6.97797797797798
995,3,6.97688442211055,7.0,998,6.97695390781563
996,3,6.97690763052209,7.0,999,6.97697697697698
997,2,6.97793380140421,7.0,999,6.97797797797798
995,3,6.97889447236181,7.0,998,6.97895791583166
997,2,6.97893681043129,7.0,999,6.97897897897898
995,2,6.97889447236181,7.0,997,6.97893681043129
997,2,6.97793380140421,7.0,999,6.97797797797798
996,1,6.9789156626506,7.0,997,6.97893681043129
998,1,6.97995991983968,7.0,999,6.97997997997998
996,2,6.98092369477912,7.0,998,6.98096192384769
996,2,6.98293172690763,7.0,998,6.98296593186373
997,1,6.98194583751254,7.0,998,6.98196392785571
997,1,6.98294884653962,7.0,998,6.98296593186373
997,1,6.98194583751254,7.0,998,6.98196392785571
998,1,6.98597194388778,7.0,999,6.98598598598599
998,1,6.98396793587174,7.0,999,6.98398398398398
996,1,6.98393574297189,7.0,997,6.9839518555667
998,1,6.98396793587174,7.0,999,6.98398398398398
997,1,6.98094282848546,7.0,998,6.98096192384769
998,1,6.97995991983968,7.0,999,6.97997997997998
997,1,6.97993981945837,7.0,998,6.97995991983968
998,1,6.98096192384769,7.0,999,6.98098098098098
998,1,6.97995991983968,7.0,999,6.97997997997998
996,1,6.9789156626506,7.0,997,6.97893681043129
997,1,6.97793380140421,7.0,998,6.97795591182365
995,2,6.97989949748744,7.0,997,6.97993981945837
997,2,6.97993981945837,7.0,999,6.97997997997998
996,2,6.98092369477912,7.0,998,6.98096192384769
997,2,6.98194583751254,7.0,999,6.98198198198198
995,2,6.97989949748744,7.0,997,6.97993981945837
997,2,6.97993981945837,7.0,999,6.97997997997998
995,3,6.97989949748744,7.0,998,6.97995991983968
996,3,6.9789156626506,7.0,999,6.97897897897898
997,2,6.97793380140421,7.0,999,6.97797797797798
996,2,6.97791164658635,7.0,998,6.97795591182365
997,2,6.98094282848546,7.0,999,6.98098098098098
995,2,6.97989949748744,7.0,997,6.97993981945837
993,2,6.98187311178248,7.0,995,6.98190954773869
997,2,6.98696088264794,7.0,999,6.98698698698699
996,2,6.98493975903614,7.0,998,6.98496993987976
996,2,6.98493975903614,7.0,998,6.98496993987976
997,2,6.98495486459378,7.0,999,6.98498498498498
995,2,6.98492462311558,7.0,997,6.98495486459378
997,2,6.98595787362086,7.0,999,6.98598598598599
997,2,6.98495486459378,7.0,999,6.98498498498498
995,2,6.98592964824121,7.0,997,6.98595787362086
995,3,6.98693467336683,7.0,998,6.98697394789579
995,2,6.98693467336683,7.0,997,6.98696088264794
995,3,6.98492462311558,7.0,998,6.98496993987976
996,3,6.98694779116466,7.0,999,6.98698698698699
997,2,6.98696088264794,7.0,999,6.98698698698699
994,2,6.98792756539235,7.0,996,6.98795180722892
998,1,6.98897795591182,7.0,999,6.98898898898899
997,1,6.98896690070211,7.0,998,6.98897795591182
996,1,6.99096385542169,7.0,997,6.99097291875627
995,1,6.98894472361809,7.0,996,6.98895582329317
998,1,6.99098196392786,7.0,999,6.99099099099099
997,1,6.99097291875627,7.0,998,6.99098196392786
997,1,6.99097291875627,7.0,998,6.99098196392786
999,0,6.99199199199199,NaN,999,6.99199199199199
998,0,6.99198396793587,NaN,998,6.99198396793587
999,0,6.99099099099099,NaN,999,6.99099099099099
998,0,6.99098196392786,NaN,998,6.99098196392786
997,0,6.99097291875627,NaN,997,6.99097291875627
997,0,6.99197592778335,NaN,997,6.99197592778335
999,0,6.99099099099099,NaN,999,6.99099099099099
999,0,6.98798798798799,NaN,999,6.98798798798799
998,0,6.98897795591182,NaN,998,6.98897795591182
998,0,6.98897795591182,NaN,998,6.98897795591182
998,0,6.98797595190381,NaN,998,6.98797595190381
998,0,6.98897795591182,NaN,998,6.98897795591182
998,0,6.98997995991984,NaN,998,6.98997995991984
998,0,6.98897795591182,NaN,998,6.98897795591182
999,0,6.98998998998999,NaN,999,6.98998998998999
997,0,6.99197592778335,NaN,997,6.99197592778335
998,0,6.98997995991984,NaN,998,6.98997995991984
999,0,6.98998998998999,NaN,999,6.98998998998999
999,0,6.98998998998999,NaN,999,6.98998998998999
998,0,6.98997995991984,NaN,998,6.98997995991984
997,0,6.98796389167503,NaN,997,6.98796389167503
999,0,6.98798798798799,NaN,999,6.98798798798799
998,0,6.98997995991984,NaN,998,6.98997995991984
999,0,6.99099099099099,NaN,999,6.99099099099099
999,0,6.99199199199199,NaN,999,6.99199199199199
998,0,6.99198396793587,NaN,998,6.99198396793587
999,0,6.99299299299299,NaN,999,6.99299299299299
998,0,6.99298597194389,NaN,998,6.99298597194389
999,0,6.99499499499499,NaN,999,6.99499499499499
999,0,6.99499499499499,NaN,999,6.99499499499499
997,0,6.99598796389168,NaN,997,6.99598796389168
999,0,6.99499499499499,NaN,999,6.99499499499499
999,0,6.995995995996,NaN,999,6.995995995996
999,0,6.995995995996,NaN,999,6.995995995996
997,0,6.99498495486459,NaN,997,6.99498495486459
996,0,6.99497991967872,NaN,996,6.99497991967872
999,0,6.995995995996,NaN,999,6.995995995996
998,0,6.99498997995992,NaN,998,6.99498997995992
999,0,6.99499499499499,NaN,999,6.99499499499499
998,0,6.99498997995992,NaN,998,6.99498997995992
997,0,6.99699097291876,NaN,997,6.99699097291876
999,0,6.995995995996,NaN,999,6.995995995996
997,0,6.99598796389168,NaN,997,6.99598796389168
998,0,6.99599198396794,NaN,998,6.99599198396794
998,0,6.99498997995992,NaN,998,6.99498997995992
999,0,6.99499499499499,NaN,999,6.99499499499499
998,0,6.99699398797595,NaN,998,6.99699398797595
998,0,6.99799599198397,NaN,998,6.99799599198397
998,0,6.99799599198397,NaN,998,6.99799599198397
999,0,6.997997997998,NaN,999,6.997997997998
999,0,6.997997997998,NaN,999,6.997997997998
995,0,6.99798994974874,NaN,995,6.99798994974874
998,0,6.99899799599198,NaN,998,6.99899799599198
998,0,6.99799599198397,NaN,998,6.99799599198397
998,0,6.99799599198397,NaN,998,6.99799599198397
997,0,6.99799398194584,NaN,997,6.99799398194584
998,0,6.99699398797595,NaN,998,6.99699398797595
999,0,6.996996996997,NaN,999,6.996996996997
997,0,6.99799398194584,NaN,997,6.99799398194584
998,0,6.99799599198397,NaN,998,6.99799599198397
999,0,6.997997997998,NaN,999,6.997997997998
999,0,6.997997997998,NaN,999,6.997997997998
998,0,6.99799599198397,NaN,998,6.99799599198397
997,0,6.99799398194584,NaN,997,6.99799398194584
998,0,6.99799599198397,NaN,998,6.99799599198397
999,0,6.997997997998,NaN,999,6.997997997998
996,0,6.99899598393574,NaN,996,6.99899598393574
998,0,6.99899799599198,NaN,998,6.99899799599198
998,0,6.99899799599198,NaN,998,6.99899799599198
999,0,6.998998998999,NaN,999,6.998998998999
999,0,6.998998998999,NaN,999,6.998998998999
999,0,6.998998998999,NaN,999,6.998998998999
999,0,6.998998998999,NaN,999,6.998998998999
999,0,6.997997997998,NaN,999,6.997997997998
998,0,6.99799599198397,NaN,998,6.99799599198397
997,0,6.99799398194584,NaN,997,6.99799398194584
998,0,6.99799599198397,NaN,998,6.99799599198397
999,0,6.996996996997,NaN,999,6.996996996997
999,0,6.996996996997,NaN,999,6.996996996997
998,0,6.99699398797595,NaN,998,6.99699398797595
999,0,6.995995995996,NaN,999,6.995995995996
998,0,6.99699398797595,NaN,998,6.99699398797595
996,0,6.99698795180723,NaN,996,6.99698795180723
999,0,6.996996996997,NaN,999,6.996996996997
999,0,6.995995995996,NaN,999,6.995995995996
998,0,6.99599198396794,NaN,998,6.99599198396794
998,0,6.99599198396794,NaN,998,6.99599198396794
997,0,6.99498495486459,NaN,997,6.99498495486459
999,0,6.99499499499499,NaN,999,6.99499499499499
999,0,6.996996996997,NaN,999,6.996996996997
998,0,6.99599198396794,NaN,998,6.99599198396794
999,0,6.99499499499499,NaN,999,6.99499499499499
999,0,6.996996996997,NaN,999,6.996996996997
997,0,6.99699097291876,NaN,997,6.99699097291876
998,0,6.99498997995992,NaN,998,6.99498997995992
999,0,6.99499499499499,NaN,999,6.99499499499499
998,0,6.99498997995992,NaN,998,6.99498997995992
999,0,6.99499499499499,NaN,999,6.99499499499499
998,0,6.9939879759519,NaN,998,6.9939879759519
997,0,6.99398194583751,NaN,997,6.99398194583751
998,0,6.9939879759519,NaN,998,6.9939879759519
999,0,6.99499499499499,NaN,999,6.99499499499499
999,0,6.995995995996,NaN,999,6.995995995996
999,0,6.995995995996,NaN,999,6.995995995996
998,0,6.99498997995992,NaN,998,6.99498997995992
999,0,6.996996996997,NaN,999,6.996996996997
997,0,6.99899699097292,NaN,997,6.99899699097292
999,0,6.998998998999,NaN,999,6.998998998999
998,0,6.99899799599198,NaN,998,6.99899799599198
999,0,6.998998998999,NaN,999,6.998998998999
999,0,6.998998998999,NaN,999,6.998998998999
998,0,6.99899799599198,NaN,998,6.99899799599198
998,0,6.99899799599198,NaN,998,6.99899799599198
999,0,6.998998998999,NaN,999,6.998998998999
997,0,6.99899699097292,NaN,997,6.99899699097292
997,0,6.99899699097292,NaN,997,6.99899699097292
997,0,6.99799398194584,NaN,997,6.99799398194584
999,0,6.997997997998,NaN,999,6.997997997998
999,0,6.997997997998,NaN,999,6.997997997998
999,0,6.996996996997,NaN,999,6.996996996997
998,0,6.99699398797595,NaN,998,6.99699398797595
998,0,6.99699398797595,NaN,998,6.99699398797595
997,0,6.99598796389168,NaN,997,6.99598796389168
999,0,6.995995995996,NaN,999,6.995995995996
997,0,6.99598796389168,NaN,997,6.99598796389168
998,0,6.99599198396794,NaN,998,6.99599198396794
998,0,6.99498997995992,NaN,998,6.99498997995992
998,0,6.99599198396794,NaN,998,6.99599198396794
998,0,6.99799599198397,NaN,998,6.99799599198397
