forward_num,reverse_num,forward_rate,reverse_rate,organism_num,organism_rate
5,5,5.0,5.0,10,5.0
5,5,5.0,5.0,10,5.0
5,5,5.0,5.0,10,5.0
6,6,5.5,5.16666666666667,12,5.33333333333333
7,7,5.42857142857143,5.14285714285714,14,5.28571428571429
8,8,5.5,5.25,16,5.375
11,10,5.72727272727273,5.1,21,5.42857142857143
13,13,5.46153846153846,5.15384615384615,26,5.30769230769231
16,15,5.75,5.2,31,5.48387096774194
19,17,6.05263157894737,5.29411764705882,36,5.69444444444444
22,20,6.40909090909091,5.45,42,5.95238095238095
30,25,6.3,5.44,55,5.90909090909091
35,30,6.4,5.5,65,5.98461538461538
45,36,6.6,5.66666666666667,81,6.18518518518519
51,46,6.50980392156863,5.69565217391304,97,6.12371134020619
73,52,6.95890410958904,5.75,125,6.456
86,62,6.84883720930233,5.85483870967742,148,6.43243243243243
115,79,7.26086956521739,5.9746835443038,194,6.73711340206186
136,94,7.22058823529412,5.98936170212766,230,6.71739130434783
192,123,7.4375,6.11382113821138,315,6.92063492063492
227,146,7.45814977973568,6.20547945205479,373,6.96782841823056
314,183,7.56687898089172,6.34972677595628,497,7.11871227364185
395,228,7.63037974683544,6.45175438596491,623,7.19903691813804
515,279,7.67572815533981,6.56272401433692,794,7.28463476070529
654,345,7.782874617737,6.62608695652174,999,7.38338338338338
658,341,7.79939209726444,6.64222873900293,999,7.4044044044044
665,334,7.76541353383459,6.69760479041916,999,7.40840840840841
662,337,7.72356495468278,6.70623145400593,999,7.38038038038038
657,342,7.71689497716895,6.68421052631579,999,7.36336336336336
654,341,7.71100917431193,6.6891495601173,995,7.3608040201005
651,348,7.70660522273425,6.77011494252874,999,7.38038038038038
649,349,7.66255778120185,6.810888252149,998,7.36472945891784
654,344,7.73547400611621,6.83720930232558,998,7.42585170340681
646,350,7.77863777089783,6.84,996,7.44879518072289
643,356,7.79315707620529,6.75,999,7.42142142142142
648,351,7.79938271604938,6.79202279202279,999,7.44544544544545
658,341,7.74924012158055,6.81231671554252,999,7.42942942942943
659,340,7.71775417298938,6.77941176470588,999,7.3983983983984
650,347,7.74,6.7492795389049,997,7.39518555667001
659,340,7.74506828528073,6.76764705882353,999,7.41241241241241
660,338,7.7469696969697,6.82248520710059,998,7.43386773547094
660,335,7.73484848484848,6.84179104477612,995,7.43417085427136
665,332,7.76240601503759,6.83734939759036,997,7.4543630892678
674,325,7.78338278931751,6.89538461538462,999,7.49449449449449
672,325,7.79017857142857,6.93846153846154,997,7.51253761283852
676,321,7.77514792899408,6.8380062305296,997,7.47342026078235
678,319,7.77433628318584,6.82758620689655,997,7.47141424272818
691,308,7.80607814761216,6.82467532467532,999,7.5035035035035
693,305,7.78210678210678,6.89180327868852,998,7.51002004008016
690,309,7.77826086956522,6.85436893203883,999,7.49249249249249
689,308,7.78229317851959,6.82467532467532,997,7.4864593781344
699,300,7.78969957081545,6.86666666666667,999,7.51251251251251
695,303,7.77697841726619,6.86798679867987,998,7.50100200400802
701,296,7.77318116975749,6.875,997,7.50651955867603
703,296,7.77524893314367,6.88175675675676,999,7.51051051051051
707,290,7.7963224893918,6.89655172413793,997,7.5346038114343
706,292,7.81444759206799,6.92465753424658,998,7.55410821643287
710,288,7.8,6.90277777777778,998,7.54108216432866
711,288,7.83263009845288,6.92013888888889,999,7.56956956956957
709,289,7.82933709449929,6.94463667820069,998,7.57314629258517
700,298,7.80285714285714,6.96308724832215,998,7.55210420841683
709,290,7.79548660084626,7.03448275862069,999,7.57457457457457
710,288,7.74788732394366,7.05555555555556,998,7.54809619238477
706,292,7.75070821529745,7.05821917808219,998,7.54809619238477
695,301,7.77410071942446,7.04983388704319,996,7.55522088353414
709,289,7.72355430183357,7.0,998,7.51402805611222
708,291,7.72881355932203,7.04810996563574,999,7.53053053053053
707,292,7.7001414427157,7.08561643835616,999,7.52052052052052
699,299,7.72532188841202,7.04682274247492,998,7.52204408817635
694,303,7.71181556195965,7.00660066006601,997,7.4974924774323
706,293,7.69546742209632,7.05460750853242,999,7.50750750750751
713,285,7.68863955119215,7.07719298245614,998,7.51402805611222
712,287,7.68960674157303,7.13240418118467,999,7.52952952952953
713,285,7.75455820476858,7.12280701754386,998,7.57414829659319
717,282,7.79776847977685,7.12056737588652,999,7.60660660660661
719,279,7.81363004172462,7.14336917562724,998,7.62625250501002
714,284,7.82072829131653,7.16901408450704,998,7.63527054108216
717,282,7.83403068340307,7.20212765957447,999,7.65565565565566
717,278,7.83403068340307,7.20503597122302,995,7.65829145728643
719,280,7.86091794158554,7.23214285714286,999,7.68468468468468
725,274,7.89103448275862,7.25182481751825,999,7.71571571571572
724,275,7.91988950276243,7.23636363636364,999,7.73173173173173
724,275,7.89640883977901,7.23636363636364,999,7.71471471471471
728,271,7.90796703296703,7.2029520295203,999,7.71671671671672
732,264,7.87978142076503,7.21969696969697,996,7.70481927710843
743,256,7.86944818304172,7.27734375,999,7.71771771771772
738,260,7.90379403794038,7.38846153846154,998,7.76953907815631
735,263,7.89659863945578,7.39543726235741,998,7.76452905811623
734,264,7.91553133514986,7.39772727272727,998,7.77855711422846
738,261,7.88346883468835,7.38697318007663,999,7.75375375375375
739,258,7.9255751014885,7.34883720930233,997,7.77632898696088
743,255,7.93405114401077,7.23921568627451,998,7.7565130260521
741,257,7.93252361673414,7.24513618677043,998,7.75551102204409
746,251,7.95308310991957,7.25896414342629,997,7.77833500501505
743,256,7.92193808882907,7.2265625,999,7.74374374374374
736,263,7.93614130434783,7.19391634980989,999,7.74074074074074
737,260,7.98371777476255,7.30769230769231,997,7.8074222668004
740,259,8.01081081081081,7.28571428571429,999,7.82282282282282
743,255,8.02153432032302,7.26666666666667,998,7.82865731462926
740,259,8.00405405405405,7.31660231660232,999,7.82582582582583
747,250,7.95983935742972,7.376,997,7.81344032096289
751,248,7.97736351531292,7.38709677419355,999,7.83083083083083
758,240,7.98153034300792,7.36666666666667,998,7.83366733466934
770,229,8.0025974025974,7.32314410480349,999,7.84684684684685
768,231,7.95572916666667,7.29437229437229,999,7.8028028028028
772,226,7.97668393782383,7.32743362831858,998,7.82965931863727
772,227,7.9779792746114,7.29515418502203,999,7.82282282282282
770,229,7.98831168831169,7.34061135371179,999,7.83983983983984
766,233,7.97780678851175,7.31330472103004,999,7.82282282282282
763,236,7.96592398427261,7.30084745762712,999,7.80880880880881
767,232,8.0,7.34051724137931,999,7.84684684684685
753,245,8.00929614873838,7.35510204081633,998,7.84869739478958
755,244,8.04503311258278,7.31967213114754,999,7.86786786786787
756,243,8.04100529100529,7.36213991769547,999,7.87587587587588
757,242,8.0,7.34297520661157,999,7.84084084084084
753,246,8.00796812749004,7.3739837398374,999,7.85185185185185
760,238,7.96184210526316,7.39495798319328,998,7.82665330661323
759,240,8.01185770750988,7.45,999,7.87687687687688
764,234,7.97905759162304,7.47008547008547,998,7.85971943887776
767,232,8.04172099087353,7.42241379310345,999,7.8978978978979
764,234,8.09424083769633,7.5042735042735,998,7.95591182364729
769,230,8.10793237971391,7.52608695652174,999,7.97397397397397
770,229,8.12467532467532,7.53275109170306,999,7.98898898898899
781,218,8.10883482714469,7.53211009174312,999,7.98298298298298
786,213,8.11832061068702,7.49765258215962,999,7.98598598598599
788,211,8.13705583756345,7.45497630331754,999,7.99299299299299
783,214,8.18135376756066,7.33177570093458,997,7.99899699097292
795,204,8.16981132075472,7.33333333333333,999,7.998998998999
800,199,8.18875,7.33165829145729,999,8.01801801801802
794,204,8.19395465994962,7.36274509803922,998,8.02404809619238
795,204,8.18867924528302,7.3921568627451,999,8.02602602602603
799,198,8.17021276595745,7.39393939393939,997,8.0160481444333
792,206,8.15782828282828,7.41747572815534,998,8.00501002004008
795,204,8.11823899371069,7.43137254901961,999,7.97797797797798
794,205,8.12846347607053,7.42439024390244,999,7.98398398398398
800,199,8.1625,7.42211055276382,999,8.01501501501502
803,196,8.15691158156912,7.44897959183673,999,8.01801801801802
804,195,8.19154228855721,7.42564102564103,999,8.04204204204204
793,205,8.16897856242119,7.40975609756098,998,8.01302605210421
788,211,8.18781725888325,7.4739336492891,999,8.03703703703704
799,200,8.20775969962453,7.52,999,8.07007007007007
806,193,8.19727047146402,7.4559585492228,999,8.05405405405405
801,198,8.23595505617978,7.42929292929293,999,8.07607607607608
805,194,8.2472049689441,7.46907216494845,999,8.0960960960961
802,196,8.2643391521197,7.47959183673469,998,8.11022044088176
804,195,8.27860696517413,7.48717948717949,999,8.12412412412412
811,187,8.30702836004932,7.55614973262032,998,8.16633266533066
799,200,8.31914893617021,7.59,999,8.17317317317317
807,191,8.3271375464684,7.58638743455497,998,8.18537074148297
806,193,8.3151364764268,7.67357512953368,999,8.19119119119119
798,197,8.32957393483709,7.7005076142132,995,8.20502512562814
809,190,8.34239802224969,7.67368421052632,999,8.21521521521522
802,197,8.34164588528678,7.75634517766497,999,8.22622622622623
805,194,8.32919254658385,7.72164948453608,999,8.21121121121121
803,194,8.34371108343711,7.80927835051546,997,8.23971915747242
801,196,8.32459425717853,7.80102040816327,997,8.22166499498496
812,187,8.33620689655172,7.79144385026738,999,8.23423423423423
812,186,8.28940886699507,7.73118279569892,998,8.18537074148297
809,190,8.2991347342398,7.67368421052632,999,8.18018018018018
799,200,8.29662077596996,7.685,999,8.17417417417417
799,200,8.27909887359199,7.655,999,8.15415415415415
805,193,8.27204968944099,7.63730569948186,998,8.14929859719439
807,191,8.27757125154895,7.58115183246073,998,8.14428857715431
802,197,8.22942643391521,7.53299492385787,999,8.09209209209209
802,197,8.22069825436409,7.56852791878173,999,8.09209209209209
796,203,8.26381909547739,7.57635467980296,999,8.12412412412412
796,202,8.28517587939698,7.59405940594059,998,8.14529058116232
802,197,8.29800498753117,7.65989847715736,999,8.17217217217217
808,191,8.30940594059406,7.71204188481675,999,8.1951951951952
810,189,8.36172839506173,7.76719576719577,999,8.24924924924925
800,199,8.365,7.77889447236181,999,8.24824824824825
813,186,8.37761377613776,7.83333333333333,999,8.27627627627628
807,192,8.40768277571252,7.90625,999,8.31131131131131
809,190,8.39060568603214,7.96842105263158,999,8.31031031031031
811,187,8.39580764488286,8.00534759358289,998,8.32264529058116
811,188,8.41307028360049,7.99468085106383,999,8.33433433433433
823,175,8.40947752126367,8.13714285714286,998,8.36172344689379
823,176,8.37059538274605,8.09659090909091,999,8.32232232232232
828,171,8.35144927536232,8.09356725146199,999,8.30730730730731
831,168,8.35138387484958,8.08928571428571,999,8.30730730730731
829,170,8.35102533172497,8.08235294117647,999,8.30530530530531
827,172,8.34461910519952,8.15697674418605,999,8.31231231231231
830,169,8.33614457831325,8.13609467455621,999,8.3023023023023
826,172,8.30508474576271,8.16860465116279,998,8.28156312625251
830,167,8.30120481927711,8.19161676646707,997,8.28284854563691
829,169,8.30036188178528,8.20118343195266,998,8.28356713426854
827,172,8.30592503022975,8.19186046511628,999,8.28628628628629
821,178,8.29476248477467,8.14606741573034,999,8.26826826826827
818,181,8.30195599022005,8.1767955801105,999,8.27927927927928
819,180,8.31135531135531,8.05555555555556,999,8.26526526526527
814,184,8.32309582309582,8.09782608695652,998,8.28156312625251
811,187,8.31565967940814,8.17112299465241,998,8.28857715430862
810,189,8.32962962962963,8.23280423280423,999,8.31131131131131
810,189,8.31851851851852,8.2010582010582,999,8.2962962962963
803,196,8.34744707347447,8.16326530612245,999,8.31131131131131
800,199,8.3275,8.17085427135678,999,8.2962962962963
801,196,8.34706616729089,8.1530612244898,997,8.30892678034102
792,207,8.32828282828283,8.17874396135266,999,8.2972972972973
802,195,8.32668329177057,8.26153846153846,997,8.31394182547643
800,199,8.3325,8.28140703517588,999,8.32232232232232
795,204,8.34213836477987,8.28921568627451,999,8.33133133133133
788,208,8.35152284263959,8.27884615384615,996,8.3363453815261
794,200,8.35894206549118,8.275,994,8.3420523138833
802,197,8.35910224438903,8.2741116751269,999,8.34234234234234
792,207,8.39141414141414,8.27536231884058,999,8.36736736736737
797,202,8.37139272271016,8.27227722772277,999,8.35135135135135
794,205,8.35390428211587,8.32682926829268,999,8.34834834834835
790,208,8.34556962025316,8.39423076923077,998,8.35571142284569
795,204,8.33207547169811,8.36764705882353,999,8.33933933933934
794,205,8.34256926952141,8.36585365853658,999,8.34734734734735
796,202,8.34798994974874,8.38118811881188,998,8.35470941883768
798,201,8.3483709273183,8.33333333333333,999,8.34534534534535
798,201,8.37092731829574,8.32835820895522,999,8.36236236236236
806,192,8.36600496277916,8.30208333333333,998,8.35370741482966
796,201,8.3605527638191,8.30348258706468,997,8.34904714142427
807,191,8.3457249070632,8.27225130890052,998,8.33166332665331
805,193,8.3639751552795,8.25906735751295,998,8.3436873747495
806,192,8.36228287841191,8.28645833333333,998,8.34769539078156
805,194,8.35900621118012,8.32474226804124,999,8.35235235235235
803,194,8.37235367372354,8.31958762886598,997,8.36208625877633
803,196,8.37982565379826,8.34183673469388,999,8.37237237237237
807,191,8.37174721189591,8.32984293193717,998,8.36372745490982
802,197,8.35785536159601,8.30964467005076,999,8.34834834834835
800,199,8.36,8.27638190954774,999,8.34334334334334
798,200,8.36967418546366,8.335,998,8.3627254509018
804,193,8.37686567164179,8.33678756476684,997,8.3691073219659
793,206,8.35813366960908,8.35922330097087,999,8.35835835835836
805,194,8.36024844720497,8.39690721649485,999,8.36736736736737
798,201,8.35714285714286,8.38308457711443,999,8.36236236236236
795,203,8.32830188679245,8.3743842364532,998,8.3376753507014
800,199,8.3325,8.37185929648241,999,8.34034034034034
803,195,8.3412204234122,8.35384615384615,998,8.3436873747495
803,196,8.34246575342466,8.37755102040816,999,8.34934934934935
800,199,8.35125,8.37688442211055,999,8.35635635635636
796,202,8.31030150753769,8.35148514851485,998,8.3186372745491
799,199,8.31289111389237,8.36683417085427,998,8.32364729458918
808,191,8.27722772277228,8.32984293193717,999,8.28728728728729
807,192,8.25030978934325,8.24479166666667,999,8.24924924924925
814,185,8.24938574938575,8.24324324324324,999,8.24824824824825
807,190,8.23172242874845,8.23157894736842,997,8.23169508525577
804,194,8.23507462686567,8.23711340206185,998,8.23547094188377
800,198,8.2225,8.26767676767677,998,8.2314629258517
799,199,8.21902377972466,8.25125628140704,998,8.22545090180361
802,196,8.24937655860349,8.20408163265306,998,8.24048096192385
805,194,8.22732919254658,8.22680412371134,999,8.22722722722723
797,202,8.20702634880803,8.28712871287129,999,8.22322322322322
796,202,8.2248743718593,8.24257425742574,998,8.22845691382765
790,208,8.22025316455696,8.30769230769231,998,8.23847695390782
795,204,8.23018867924528,8.31862745098039,999,8.24824824824825
794,205,8.21536523929471,8.31219512195122,999,8.23523523523524
790,208,8.2126582278481,8.27884615384615,998,8.22645290581162
787,212,8.20584498094028,8.2311320754717,999,8.21121121121121
790,209,8.2126582278481,8.25358851674641,999,8.22122122122122
788,211,8.19796954314721,8.18957345971564,999,8.1961961961962
788,209,8.18527918781726,8.22488038277512,997,8.19358074222668
790,209,8.18481012658228,8.26794258373206,999,8.2022022022022
783,214,8.21966794380588,8.29439252336449,997,8.23570712136409
778,221,8.24293059125964,8.28054298642534,999,8.25125125125125
773,224,8.22897800776197,8.25446428571429,997,8.23470411233701
774,224,8.2390180878553,8.27232142857143,998,8.24649298597194
769,227,8.24317295188557,8.28193832599119,996,8.25200803212851
768,230,8.234375,8.27826086956522,998,8.24448897795591
776,223,8.22680412371134,8.26008968609865,999,8.23423423423423
762,237,8.23884514435696,8.31645569620253,999,8.25725725725726
763,236,8.2175622542595,8.29661016949153,999,8.23623623623624
755,243,8.21456953642384,8.33744855967078,998,8.24448897795591
756,242,8.22751322751323,8.32644628099174,998,8.25150300601202
748,248,8.22192513368984,8.33870967741935,996,8.25100401606426
747,250,8.20214190093708,8.32,997,8.23169508525577
748,250,8.20855614973262,8.28,998,8.22645290581162
748,251,8.23529411764706,8.31872509960159,999,8.25625625625626
760,238,8.20131578947368,8.2436974789916,998,8.21142284569138
755,244,8.21854304635762,8.25819672131148,999,8.22822822822823
755,244,8.21456953642384,8.27049180327869,999,8.22822822822823
752,245,8.17420212765957,8.29795918367347,997,8.20461384152457
757,241,8.16512549537649,8.3195020746888,998,8.20240480961924
756,243,8.17195767195767,8.31275720164609,999,8.20620620620621
747,252,8.18741633199465,8.29365079365079,999,8.21421421421421
744,252,8.18279569892473,8.30555555555556,996,8.21385542168675
741,255,8.22402159244264,8.34117647058824,996,8.25401606425703
744,255,8.24327956989247,8.31764705882353,999,8.26226226226226
747,250,8.21285140562249,8.332,997,8.24272818455366
742,256,8.26010781671159,8.36328125,998,8.28657314629259
749,250,8.20694259012016,8.344,999,8.24124124124124
745,254,8.19328859060403,8.38976377952756,999,8.24324324324324
749,249,8.20827770360481,8.3574297188755,998,8.24549098196393
741,255,8.21997300944669,8.35686274509804,996,8.25502008032129
747,252,8.23828647925033,8.3015873015873,999,8.25425425425425
747,251,8.22088353413655,8.27888446215139,998,8.23547094188377
743,256,8.18842530282638,8.2890625,999,8.21421421421421
744,254,8.18010752688172,8.31889763779528,998,8.21543086172345
738,260,8.17344173441734,8.27692307692308,998,8.20040080160321
740,259,8.18513513513514,8.27027027027027,999,8.20720720720721
740,259,8.12297297297297,8.30888030888031,999,8.17117117117117
741,258,8.08771929824561,8.3953488372093,999,8.16716716716717
744,255,8.10483870967742,8.4,999,8.18018018018018
741,258,8.12010796221323,8.3953488372093,999,8.19119119119119
740,258,8.12432432432432,8.42635658914729,998,8.20240480961924
743,256,8.12247644683715,8.41015625,999,8.1961961961962
739,260,8.09878213802436,8.44230769230769,999,8.18818818818819
740,259,8.07567567567568,8.41698841698842,999,8.16416416416416
739,260,8.07848443843031,8.47692307692308,999,8.18218218218218
742,254,8.09568733153639,8.40157480314961,996,8.17369477911647
749,249,8.08811748998665,8.42168674698795,998,8.17134268537074
736,261,8.0991847826087,8.39846743295019,997,8.17753259779338
737,261,8.12211668928087,8.4176245210728,998,8.19939879759519
743,255,8.12516823687752,8.37254901960784,998,8.18837675350701
752,246,8.125,8.34552845528455,998,8.17935871743487
764,233,8.1282722513089,8.3519313304721,997,8.18054162487462
765,233,8.14640522875817,8.35622317596567,998,8.19539078156313
768,230,8.13151041666667,8.35652173913043,998,8.18336673346693
768,230,8.14583333333333,8.32608695652174,998,8.187374749499
765,233,8.16339869281046,8.39484978540773,998,8.21743486973948
766,232,8.12402088772846,8.39224137931035,998,8.18637274549098
762,237,8.12992125984252,8.40928270042194,999,8.1961961961962
766,233,8.14882506527415,8.37339055793991,999,8.2012012012012
770,228,8.14675324675325,8.38157894736842,998,8.20040080160321
784,214,8.15561224489796,8.36915887850467,998,8.20140280561122
780,218,8.14230769230769,8.40825688073394,998,8.20040080160321
779,220,8.15404364569961,8.39090909090909,999,8.20620620620621
778,219,8.11439588688946,8.42009132420091,997,8.18154463390171
780,219,8.12307692307692,8.38812785388128,999,8.18118118118118
787,211,8.11689961880559,8.36492890995261,998,8.16933867735471
778,220,8.09383033419023,8.37272727272727,998,8.15531062124249
778,218,8.10796915167095,8.41284403669725,996,8.17469879518072
784,214,8.07908163265306,8.48130841121495,998,8.16533066132265
779,220,8.1181001283697,8.50454545454545,999,8.2032032032032
776,223,8.10824742268041,8.46636771300448,999,8.18818818818819
769,230,8.10403120936281,8.47826086956522,999,8.19019019019019
768,231,8.07552083333333,8.5021645021645,999,8.17417417417417
767,232,8.06649282920469,8.48706896551724,999,8.16416416416416
766,233,8.08485639686684,8.49785407725322,999,8.18118118118118
765,234,8.12287581699346,8.44444444444444,999,8.1981981981982
764,235,8.11910994764398,8.43404255319149,999,8.19319319319319
761,237,8.11563731931669,8.45569620253165,998,8.19639278557114
759,238,8.13175230566535,8.40336134453782,997,8.19658976930792
759,240,8.16732542819499,8.40416666666667,999,8.22422422422422
757,242,8.14266842800528,8.39669421487603,999,8.2042042042042
755,243,8.14966887417219,8.40740740740741,998,8.2124248496994
753,245,8.1925630810093,8.39183673469388,998,8.24148296593186
757,241,8.20607661822985,8.4149377593361,998,8.2565130260521
753,245,8.18725099601594,8.4530612244898,998,8.25250501002004
754,245,8.15649867374005,8.46938775510204,999,8.23323323323323
764,235,8.18586387434555,8.51489361702128,999,8.26326326326326
759,240,8.16073781291173,8.50416666666667,999,8.24324324324324
761,237,8.17477003942181,8.46835443037975,998,8.24448897795591
760,237,8.1828947368421,8.45147679324895,997,8.24674022066199
761,237,8.18002628120894,8.42194092827004,998,8.2374749498998
759,240,8.19762845849802,8.35833333333333,999,8.23623623623624
757,241,8.19682959048877,8.34854771784232,998,8.23346693386774
761,237,8.19973718791064,8.34177215189873,998,8.23346693386774
756,243,8.22486772486772,8.32510288065844,999,8.24924924924925
751,248,8.21438082556591,8.28225806451613,999,8.23123123123123
752,247,8.1968085106383,8.25101214574899,999,8.21021021021021
749,249,8.16688918558078,8.24497991967871,998,8.18637274549098
742,256,8.16037735849057,8.23046875,998,8.17835671342685
744,255,8.16397849462366,8.22745098039216,999,8.18018018018018
739,260,8.16102841677943,8.26923076923077,999,8.18918918918919
737,260,8.15468113975577,8.26153846153846,997,8.18254764292879
742,257,8.16981132075472,8.31517509727627,999,8.20720720720721
744,255,8.13978494623656,8.29803921568628,999,8.18018018018018
745,254,8.14630872483222,8.23228346456693,999,8.16816816816817
738,260,8.11924119241192,8.21923076923077,998,8.14529058116232
735,264,8.14285714285714,8.23863636363636,999,8.16816816816817
741,258,8.1578947368421,8.26356589147287,999,8.18518518518519
745,253,8.16375838926174,8.31225296442688,998,8.20140280561122
741,255,8.16464237516869,8.30196078431373,996,8.19979919678715
744,254,8.16263440860215,8.24803149606299,998,8.18436873747495
738,261,8.12737127371274,8.2911877394636,999,8.17017017017017
740,259,8.14324324324324,8.23938223938224,999,8.16816816816817
733,264,8.15825375170532,8.21212121212121,997,8.17251755265797
734,264,8.14441416893733,8.22727272727273,998,8.16633266533066
742,257,8.14690026954178,8.24902723735408,999,8.17317317317317
744,253,8.13978494623656,8.23715415019763,997,8.16449348044132
745,251,8.14765100671141,8.24302788844622,996,8.17168674698795
743,255,8.14670255720054,8.22745098039216,998,8.16733466933868
745,253,8.13422818791946,8.15415019762846,998,8.13927855711423
746,253,8.12332439678284,8.14624505928854,999,8.12912912912913
742,257,8.13342318059299,8.14396887159533,999,8.13613613613614
733,265,8.14597544338336,8.1622641509434,998,8.1503006012024
734,265,8.13896457765668,8.11698113207547,999,8.13313313313313
733,265,8.12414733969986,8.12830188679245,998,8.125250501002
736,263,8.08288043478261,8.20152091254753,999,8.11411411411411
732,267,8.10928961748634,8.19101123595506,999,8.13113113113113
733,265,8.13642564802183,8.17735849056604,998,8.14729458917836
730,269,8.13013698630137,8.1635687732342,999,8.13913913913914
724,275,8.14226519337017,8.21090909090909,999,8.16116116116116
724,274,8.19198895027624,8.26642335766423,998,8.2124248496994
721,278,8.16920943134535,8.29856115107914,999,8.20520520520521
720,279,8.22361111111111,8.3010752688172,999,8.24524524524525
725,274,8.23034482758621,8.3029197080292,999,8.25025025025025
722,275,8.28670360110803,8.30909090909091,997,8.29287863590772
726,271,8.267217630854,8.36162361623616,997,8.29287863590772
728,271,8.28434065934066,8.34686346863469,999,8.3013013013013
726,271,8.30165289256198,8.36162361623616,997,8.31795386158475
714,284,8.2703081232493,8.37323943661972,998,8.29959919839679
712,287,8.25702247191011,8.33449477351916,999,8.27927927927928
715,283,8.23356643356643,8.32508833922262,998,8.25951903807615
707,292,8.21357850070721,8.35958904109589,999,8.25625625625626
699,300,8.17739628040057,8.36,999,8.23223223223223
702,296,8.17094017094017,8.375,998,8.2314629258517
712,287,8.18539325842697,8.42160278745645,999,8.25325325325325
720,279,8.16944444444444,8.38351254480287,999,8.22922922922923
717,280,8.19246861924686,8.41071428571429,997,8.25376128385155
722,277,8.16204986149584,8.37906137184116,999,8.22222222222222
722,275,8.16204986149584,8.40727272727273,997,8.2296890672016
724,275,8.16988950276243,8.39636363636364,999,8.23223223223223
724,273,8.18232044198895,8.43223443223443,997,8.25075225677031
733,266,8.20463847203274,8.42857142857143,999,8.26426426426426
726,273,8.21212121212121,8.3992673992674,999,8.26326326326326
729,270,8.22359396433471,8.44074074074074,999,8.28228228228228
729,269,8.23456790123457,8.43494423791822,998,8.28857715430862
730,269,8.23972602739726,8.37174721189591,999,8.27527527527528
724,274,8.25966850828729,8.36861313868613,998,8.28957915831663
713,286,8.30434782608696,8.4055944055944,999,8.33333333333333
716,283,8.31145251396648,8.39222614840989,999,8.33433433433433
719,278,8.31015299026426,8.33093525179856,997,8.31594784353059
728,271,8.28021978021978,8.31734317343173,999,8.29029029029029
718,281,8.28133704735376,8.30604982206406,999,8.28828828828829
729,268,8.28395061728395,8.29477611940299,997,8.28686058174524
725,272,8.27862068965517,8.30882352941176,997,8.28686058174524
728,270,8.29807692307692,8.28148148148148,998,8.2935871743487
744,252,8.25940860215054,8.28571428571429,996,8.26606425702811
747,252,8.25167336010709,8.26190476190476,999,8.25425425425425
751,248,8.254327563249,8.25403225806452,999,8.25425425425425
751,247,8.26631158455393,8.29554655870445,998,8.27354709418838
754,244,8.28514588859417,8.31147540983607,998,8.29158316633267
754,245,8.26657824933687,8.31020408163265,999,8.27727727727728
757,242,8.26287978863937,8.33884297520661,999,8.28128128128128
762,237,8.27165354330709,8.32489451476793,999,8.28428428428428
768,231,8.27083333333333,8.32467532467532,999,8.28328328328328
771,228,8.26459143968872,8.30701754385965,999,8.27427427427427
763,235,8.28571428571429,8.36170212765957,998,8.30360721442886
761,237,8.25886990801577,8.33333333333333,998,8.27655310621243
761,238,8.25624178712221,8.33193277310924,999,8.27427427427427
759,238,8.2635046113307,8.33193277310924,997,8.27983951855567
761,237,8.26675427069645,8.29957805907173,998,8.27454909819639
770,229,8.28441558441558,8.32314410480349,999,8.29329329329329
778,221,8.27506426735219,8.29864253393665,999,8.28028028028028
770,228,8.27142857142857,8.27631578947368,998,8.27254509018036
774,225,8.2984496124031,8.32,999,8.3033033033033
771,228,8.2905317769131,8.28947368421053,999,8.29029029029029
773,224,8.26261319534282,8.32142857142857,997,8.27582748244734
769,229,8.26267880364109,8.31004366812227,998,8.27354709418838
773,226,8.22897800776197,8.29203539823009,999,8.24324324324324
773,226,8.21086675291074,8.28318584070797,999,8.22722722722723
775,223,8.20387096774193,8.28699551569507,998,8.22244488977956
774,225,8.21059431524548,8.29333333333333,999,8.22922922922923
780,219,8.18974358974359,8.3013698630137,999,8.21421421421421
778,220,8.15167095115681,8.29545454545454,998,8.18336673346693
773,225,8.1875808538163,8.32888888888889,998,8.21943887775551
770,228,8.18311688311688,8.33333333333333,998,8.21743486973948
766,233,8.16971279373368,8.33047210300429,999,8.20720720720721
766,233,8.16971279373368,8.32618025751073,999,8.20620620620621
757,242,8.18626155878468,8.31404958677686,999,8.21721721721722
761,237,8.19053876478318,8.34599156118144,998,8.22745490981964
752,246,8.18484042553191,8.3130081300813,998,8.21643286573146
768,231,8.19661458333333,8.29437229437229,999,8.21921921921922
766,231,8.16710182767624,8.25974025974026,997,8.18856569709127
772,226,8.1619170984456,8.24778761061947,998,8.1813627254509
773,226,8.1901681759379,8.23008849557522,999,8.1991991991992
775,222,8.19612903225806,8.18918918918919,997,8.19458375125376
772,225,8.20466321243523,8.20444444444444,997,8.20461384152457
774,225,8.18217054263566,8.16444444444445,999,8.17817817817818
778,220,8.18508997429306,8.18636363636364,998,8.18537074148297
780,218,8.2025641025641,8.18348623853211,998,8.19839679358717
778,221,8.20694087403599,8.24434389140271,999,8.21521521521522
783,216,8.21328224776501,8.22222222222222,999,8.21521521521522
784,215,8.20535714285714,8.25581395348837,999,8.21621621621622
782,215,8.20843989769821,8.26976744186046,997,8.22166499498496
773,225,8.21474773609314,8.25777777777778,998,8.22444889779559
767,232,8.20469361147327,8.24137931034483,999,8.21321321321321
763,234,8.2083879423329,8.27350427350427,997,8.22367101303912
758,241,8.21899736147757,8.32365145228216,999,8.24424424424424
756,243,8.21693121693122,8.34156378600823,999,8.24724724724725
755,244,8.20397350993377,8.29098360655738,999,8.22522522522523
748,251,8.19652406417112,8.31075697211155,999,8.22522522522523
751,245,8.19573901464714,8.33469387755102,996,8.22991967871486
743,255,8.20457604306864,8.32941176470588,998,8.23647294589178
741,258,8.2051282051282,8.32558139534884,999,8.23623623623624
738,261,8.20731707317073,8.27969348659004,999,8.22622622622623
744,252,8.19354838709677,8.30555555555556,996,8.2218875502008
744,255,8.19758064516129,8.30196078431373,999,8.22422422422422
734,264,8.23024523160763,8.26136363636364,998,8.23847695390782
741,256,8.19568151147099,8.2890625,997,8.21965897693079
748,251,8.20053475935829,8.27091633466135,999,8.21821821821822
746,251,8.17024128686327,8.29880478087649,997,8.20260782347041
758,241,8.16754617414248,8.31120331950208,999,8.2022022022022
760,239,8.16842105263158,8.2928870292887,999,8.1981981981982
763,235,8.16906946264744,8.2468085106383,998,8.187374749499
758,241,8.18337730870712,8.2655601659751,999,8.2032032032032
758,240,8.14511873350924,8.24583333333333,998,8.16933867735471
760,237,8.15131578947368,8.27848101265823,997,8.18154463390171
760,237,8.13421052631579,8.27848101265823,997,8.16850551654965
767,232,8.1277705345502,8.23706896551724,999,8.15315315315315
762,236,8.15616797900262,8.33474576271187,998,8.19839679358717
760,236,8.14736842105263,8.33898305084746,996,8.19277108433735
764,233,8.15183246073298,8.28326180257511,997,8.18254764292879
757,240,8.15852047556143,8.28333333333333,997,8.18856569709127
770,228,8.16883116883117,8.29385964912281,998,8.19739478957916
760,238,8.12894736842105,8.28991596638656,998,8.16733466933868
767,232,8.12907431551499,8.28448275862069,999,8.16516516516517
757,242,8.14266842800528,8.24793388429752,999,8.16816816816817
761,238,8.13666228646518,8.23529411764706,999,8.16016016016016
759,240,8.12779973649539,8.26666666666667,999,8.16116116116116
759,240,8.17786561264822,8.3375,999,8.21621621621622
770,227,8.16103896103896,8.32599118942731,997,8.19859578736209
768,228,8.16145833333333,8.31578947368421,996,8.19678714859438
774,225,8.18217054263566,8.26222222222222,999,8.2002002002002
772,227,8.2059585492228,8.31718061674009,999,8.23123123123123
775,223,8.21290322580645,8.31390134529148,998,8.23547094188377
770,226,8.17922077922078,8.27433628318584,996,8.20080321285141
778,220,8.18894601542416,8.29545454545454,998,8.2124248496994
775,224,8.20903225806452,8.33482142857143,999,8.23723723723724
771,228,8.25291828793774,8.32894736842105,999,8.27027027027027
769,230,8.24187256176853,8.34347826086957,999,8.26526526526527
764,235,8.20026178010471,8.34893617021277,999,8.23523523523524
769,230,8.20676202860858,8.34347826086957,999,8.23823823823824
767,232,8.21121251629726,8.37068965517241,999,8.24824824824825
761,238,8.21287779237845,8.38655462184874,999,8.25425425425425
763,236,8.21363040629096,8.40677966101695,999,8.25925925925926
762,237,8.1994750656168,8.41350210970464,999,8.25025025025025
766,233,8.19451697127937,8.45922746781116,999,8.25625625625626
765,233,8.18300653594771,8.4549356223176,998,8.24649298597194
771,227,8.2166018158236,8.37885462555066,998,8.25350701402806
772,224,8.20854922279793,8.3125,996,8.23192771084337
780,219,8.23333333333333,8.31506849315068,999,8.25125125125125
769,230,8.25357607282185,8.31739130434783,999,8.26826826826827
779,219,8.26187419768934,8.35159817351598,998,8.28156312625251
768,231,8.265625,8.32467532467532,999,8.27927927927928
770,228,8.26753246753247,8.32017543859649,998,8.27955911823647
766,233,8.25848563968668,8.34763948497854,999,8.27927927927928
756,240,8.244708994709,8.3375,996,8.26706827309237
758,240,8.26253298153034,8.32083333333333,998,8.27655310621243
757,242,8.26552179656539,8.34710743801653,999,8.28528528528529
763,235,8.26605504587156,8.37446808510638,998,8.29158316633267
767,230,8.27118644067797,8.4,997,8.30090270812437
763,235,8.25294888597641,8.39148936170213,998,8.28557114228457
772,227,8.25388601036269,8.42290748898678,999,8.29229229229229
775,224,8.25161290322581,8.41071428571429,999,8.28728728728729
775,223,8.24774193548387,8.45739910313901,998,8.29458917835671
769,230,8.24317295188557,8.44347826086956,999,8.28928928928929
767,231,8.26205997392438,8.38528138528138,998,8.29058116232465
776,223,8.23067010309278,8.34977578475336,999,8.25725725725726
772,226,8.23056994818653,8.32300884955752,998,8.25150300601202
774,225,8.22093023255814,8.32888888888889,999,8.24524524524525
773,225,8.21992238033635,8.34222222222222,998,8.24749498997996
775,224,8.22064516129032,8.33035714285714,999,8.24524524524525
774,225,8.24677002583979,8.32444444444444,999,8.26426426426426
771,226,8.25940337224384,8.2787610619469,997,8.26379137412237
767,231,8.20469361147327,8.22943722943723,998,8.21042084168337
765,231,8.22483660130719,8.22943722943723,996,8.22590361445783
763,236,8.19790301441678,8.25847457627119,999,8.21221221221221
758,240,8.22031662269129,8.22916666666667,998,8.22244488977956
763,235,8.22018348623853,8.17446808510638,998,8.20941883767535
764,235,8.21465968586388,8.22978723404255,999,8.21821821821822
769,230,8.23016905071522,8.25652173913043,999,8.23623623623624
762,237,8.22834645669291,8.27004219409283,999,8.23823823823824
755,241,8.25695364238411,8.28630705394191,996,8.2640562248996
761,236,8.25361366622865,8.27118644067797,997,8.25777331995988
763,236,8.23197903014417,8.26694915254237,999,8.24024024024024
758,241,8.20316622691293,8.27385892116183,999,8.22022022022022
755,243,8.20132450331126,8.27572016460905,998,8.21943887775551
755,244,8.19337748344371,8.29918032786885,999,8.21921921921922
754,245,8.15915119363395,8.33061224489796,999,8.2012012012012
761,237,8.15374507227332,8.32489451476793,998,8.19438877755511
759,238,8.17259552042161,8.31512605042017,997,8.20661985957874
770,228,8.18051948051948,8.32456140350877,998,8.21342685370741
760,237,8.18815789473684,8.37552742616034,997,8.23269809428285
758,241,8.19920844327177,8.33195020746888,999,8.23123123123123
767,231,8.20990873533246,8.33766233766234,998,8.23947895791583
762,237,8.23097112860892,8.36286919831224,999,8.26226226226226
762,235,8.23490813648294,8.37021276595745,997,8.26680040120361
755,244,8.23973509933775,8.38934426229508,999,8.27627627627628
767,231,8.2490221642764,8.34632034632035,998,8.27154308617235
760,238,8.24078947368421,8.3655462184874,998,8.27054108216433
768,231,8.25260416666667,8.32467532467532,999,8.26926926926927
759,240,8.2094861660079,8.38333333333333,999,8.25125125125125
759,239,8.23583662714097,8.40585774058577,998,8.27655310621243
762,235,8.24540682414698,8.36170212765957,997,8.2728184553661
762,235,8.21784776902887,8.32340425531915,997,8.24272818455366
768,231,8.24348958333333,8.36796536796537,999,8.27227227227227
767,230,8.25684485006519,8.33478260869565,997,8.27482447342026
769,229,8.25487646293888,8.31004366812227,998,8.26753507014028
768,229,8.25,8.3056768558952,997,8.26278836509529
764,233,8.2565445026178,8.32618025751073,997,8.2728184553661
770,229,8.27402597402597,8.29257641921397,999,8.27827827827828
764,235,8.2630890052356,8.28936170212766,999,8.26926926926927
764,235,8.28403141361257,8.23404255319149,999,8.27227227227227
760,238,8.31052631578947,8.21848739495798,998,8.28857715430862
767,231,8.28292046936115,8.21212121212121,998,8.26653306613226
761,236,8.26806833114323,8.21186440677966,997,8.25476429287864
768,231,8.296875,8.23809523809524,999,8.28328328328328
770,229,8.31038961038961,8.20524017467249,999,8.28628628628629
766,232,8.28590078328982,8.23275862068965,998,8.27354709418838
769,229,8.30689206762029,8.21397379912664,998,8.28557114228457
762,237,8.31627296587926,8.19409282700422,999,8.28728728728729
762,237,8.34776902887139,8.22784810126582,999,8.31931931931932
758,241,8.37335092348285,8.21991701244813,999,8.33633633633634
757,241,8.3553500660502,8.21161825726141,998,8.32064128256513
758,241,8.35224274406333,8.19502074688797,999,8.31431431431431
757,242,8.31175693527081,8.22727272727273,999,8.29129129129129
753,246,8.32536520584329,8.20325203252033,999,8.2952952952953
756,243,8.32539682539683,8.16460905349794,999,8.28628628628629
754,243,8.31167108753316,8.1522633744856,997,8.2728184553661
750,247,8.308,8.1578947368421,997,8.27081243731194
743,255,8.33781965006729,8.13725490196078,998,8.28657314629259
736,262,8.31521739130435,8.14885496183206,998,8.27154308617235
736,262,8.32744565217391,8.1793893129771,998,8.28857715430862
747,251,8.33199464524766,8.15537848605578,998,8.2875751503006
740,259,8.36351351351351,8.15057915057915,999,8.30830830830831
739,260,8.3680649526387,8.14615384615385,999,8.31031031031031
741,258,8.35222672064777,8.15503875968992,999,8.3013013013013
738,261,8.34552845528455,8.1264367816092,999,8.28828828828829
742,256,8.34366576819407,8.19140625,998,8.30460921843687
750,248,8.33866666666667,8.20564516129032,998,8.30561122244489
751,248,8.30892143808256,8.18951612903226,999,8.27927927927928
744,253,8.30510752688172,8.14624505928854,997,8.26479438314945
741,258,8.27125506072874,8.13178294573643,999,8.23523523523524
747,251,8.27443105756359,8.1792828685259,998,8.25050100200401
754,245,8.27851458885942,8.15510204081633,999,8.24824824824825
754,244,8.27984084880637,8.16393442622951,998,8.25150300601202
754,245,8.26790450928382,8.17551020408163,999,8.24524524524525
760,239,8.24736842105263,8.19246861924686,999,8.23423423423423
754,242,8.26259946949602,8.16115702479339,996,8.23795180722892
766,232,8.26631853785901,8.17241379310345,998,8.24448897795591
755,241,8.25960264900662,8.19502074688797,996,8.24397590361446
757,240,8.27080581241744,8.15833333333333,997,8.24373119358074
754,243,8.24933687002653,8.15637860082304,997,8.22668004012036
754,245,8.26790450928382,8.2,999,8.25125125125125
749,249,8.30040053404539,8.17670682730924,998,8.26953907815631
746,252,8.31635388739946,8.21825396825397,998,8.29158316633267
737,262,8.33649932157395,8.13740458015267,999,8.28428428428428
735,263,8.29659863945578,8.15209125475285,998,8.25851703406814
744,255,8.30913978494624,8.14901960784314,999,8.26826826826827
743,256,8.31897711978466,8.078125,999,8.25725725725726
744,255,8.29704301075269,8.08235294117647,999,8.24224224224224
746,250,8.27747989276139,8.116,996,8.23694779116466
755,243,8.26622516556291,8.08230452674897,998,8.22144288577154
765,233,8.26143790849673,8.10729613733906,998,8.22545090180361
766,233,8.22062663185379,8.1244635193133,999,8.1981981981982
767,231,8.23207301173403,8.15584415584416,998,8.21442885771543
759,239,8.21475625823452,8.14644351464435,998,8.19839679358717
764,235,8.15968586387435,8.17446808510638,999,8.16316316316316
760,239,8.16578947368421,8.12970711297071,999,8.15715715715716
757,242,8.17569352708058,8.16942148760331,999,8.17417417417417
759,240,8.15942028985507,8.175,999,8.16316316316316
758,241,8.16094986807388,8.19502074688797,999,8.16916916916917
755,243,8.16556291390729,8.1358024691358,998,8.15831663326653
744,255,8.13709677419355,8.12941176470588,999,8.13513513513514
740,259,8.14189189189189,8.13899613899614,999,8.14114114114114
738,261,8.1449864498645,8.13409961685824,999,8.14214214214214
730,268,8.16438356164384,8.14179104477612,998,8.15831663326653
730,269,8.18630136986301,8.15241635687732,999,8.17717717717718
728,271,8.18269230769231,8.17712177121771,999,8.18118118118118
722,277,8.20083102493075,8.1913357400722,999,8.1981981981982
722,276,8.16204986149584,8.15579710144928,998,8.16032064128257
720,278,8.16388888888889,8.1726618705036,998,8.16633266533066
727,272,8.17744154057772,8.18014705882353,999,8.17817817817818
719,280,8.1808066759388,8.21785714285714,999,8.19119119119119
727,272,8.22283356258597,8.28676470588235,999,8.24024024024024
727,272,8.24346629986245,8.36764705882353,999,8.27727727727728
727,271,8.29573590096286,8.36531365313653,998,8.31462925851703
735,264,8.24625850340136,8.35606060606061,999,8.27527527527528
734,265,8.23569482288828,8.30188679245283,999,8.25325325325325
733,265,8.27421555252387,8.29433962264151,998,8.27955911823647
726,273,8.23415977961433,8.25641025641026,999,8.24024024024024
725,273,8.2248275862069,8.24542124542124,998,8.23046092184369
736,263,8.22690217391304,8.25095057034221,999,8.23323323323323
744,255,8.2002688172043,8.1921568627451,999,8.1981981981982
741,256,8.1808367071525,8.2109375,997,8.18856569709127
743,255,8.18842530282638,8.16078431372549,998,8.1813627254509
740,255,8.16891891891892,8.14509803921569,995,8.16281407035176
743,256,8.17362045760431,8.1953125,999,8.17917917917918
747,252,8.18741633199465,8.1984126984127,999,8.19019019019019
748,251,8.19251336898396,8.22310756972112,999,8.2002002002002
746,253,8.1970509383378,8.23320158102767,999,8.20620620620621
736,263,8.19972826086956,8.22053231939164,999,8.20520520520521
733,265,8.20600272851296,8.2377358490566,998,8.21442885771543
736,263,8.20652173913044,8.18250950570342,999,8.2002002002002
731,267,8.21887824897401,8.1498127340824,998,8.20040080160321
726,273,8.20523415977961,8.13553113553114,999,8.18618618618619
721,278,8.21775312066574,8.08273381294964,999,8.18018018018018
727,271,8.20495185694636,8.09963099630996,998,8.17635270541082
723,275,8.25034578146611,8.08363636363636,998,8.20440881763527
714,284,8.24229691876751,8.05281690140845,998,8.18837675350701
717,282,8.23430962343096,8.02482269503546,999,8.17517517517518
711,286,8.29254571026723,8.06293706293706,997,8.22668004012036
711,288,8.29254571026723,8.07638888888889,999,8.23023023023023
713,285,8.27629733520337,8.07017543859649,998,8.21743486973948
711,287,8.25316455696202,8.06620209059233,998,8.19939879759519
715,283,8.26293706293706,8.03180212014134,998,8.19739478957916
720,278,8.27222222222222,8.01438848920863,998,8.20040080160321
721,277,8.22191400832178,8.01083032490975,998,8.16332665330661
717,282,8.24128312412831,7.99290780141844,999,8.17117117117117
718,279,8.24094707520891,8.05017921146953,997,8.18756268806419
725,272,8.24689655172414,8.04411764705882,997,8.19157472417252
727,271,8.23246217331499,8.0479704797048,998,8.18236472945892
713,286,8.25946704067321,8.07692307692308,999,8.20720720720721
721,277,8.2746185852982,8.12996389891697,998,8.23446893787575
726,272,8.29614325068871,8.13970588235294,998,8.25350701402806
728,270,8.28159340659341,8.18518518518519,998,8.25551102204409
728,271,8.29807692307692,8.19188191881919,999,8.26926926926927
728,271,8.33653846153846,8.18081180811808,999,8.29429429429429
735,264,8.34829931972789,8.22348484848485,999,8.31531531531532
735,264,8.27891156462585,8.12878787878788,999,8.23923923923924
737,259,8.27001356852103,8.12355212355212,996,8.23192771084337
740,259,8.26891891891892,8.10810810810811,999,8.22722722722723
749,250,8.28170894526035,8.068,999,8.22822822822823
744,255,8.30510752688172,8.10588235294118,999,8.25425425425425
746,253,8.26943699731904,8.06719367588933,999,8.21821821821822
744,255,8.23655913978495,8.07450980392157,999,8.1951951951952
745,254,8.23489932885906,8.07874015748031,999,8.1951951951952
751,248,8.21171770972037,8.08064516129032,999,8.17917917917918
744,254,8.19354838709677,8.06692913385827,998,8.16132264529058
737,260,8.17503392130258,8.08076923076923,997,8.15045135406219
734,265,8.22070844686649,8.12075471698113,999,8.19419419419419
735,264,8.22585034013605,8.10227272727273,999,8.19319319319319
737,261,8.24287652645862,8.11111111111111,998,8.20841683366733
740,258,8.20675675675676,8.15116279069767,998,8.19238476953908
742,255,8.23315363881402,8.14901960784314,997,8.21163490471414
746,251,8.21179624664879,8.14741035856574,997,8.19558676028084
757,242,8.22324966974901,8.09090909090909,999,8.19119119119119
758,240,8.23218997361478,8.10416666666667,998,8.20140280561122
758,240,8.24802110817942,8.09166666666667,998,8.21042084168337
754,244,8.24270557029178,8.09426229508197,998,8.2064128256513
750,248,8.22533333333333,8.14112903225806,998,8.20440881763527
753,246,8.2124833997344,8.1869918699187,999,8.20620620620621
750,247,8.22,8.15384615384615,997,8.20361083249749
746,250,8.2426273458445,8.144,996,8.21787148594377
756,243,8.2473544973545,8.14814814814815,999,8.22322322322322
748,251,8.25401069518717,8.20318725099602,999,8.24124124124124
750,247,8.26266666666667,8.1336032388664,997,8.23069207622869
749,250,8.28571428571429,8.228,999,8.27127127127127
743,256,8.28129205921938,8.20703125,999,8.26226226226226
743,254,8.27994616419919,8.16535433070866,997,8.25075225677031
735,264,8.26666666666667,8.18181818181818,999,8.24424424424424
731,263,8.24487004103967,8.17490494296578,994,8.22635814889336
729,270,8.24554183813443,8.25185185185185,999,8.24724724724725
735,263,8.22993197278912,8.22813688212928,998,8.22945891783567
731,268,8.22571819425445,8.29850746268657,999,8.24524524524525
729,268,8.23319615912209,8.20522388059701,997,8.22567703109328
729,269,8.24142661179698,8.21189591078067,998,8.23346693386774
734,264,8.2275204359673,8.16666666666667,998,8.21142284569138
721,276,8.23162274618585,8.19202898550725,997,8.22066198595787
724,274,8.22237569060773,8.21167883211679,998,8.21943887775551
721,276,8.2122052704577,8.18115942028986,997,8.20361083249749
719,279,8.19749652294854,8.1505376344086,998,8.18436873747495
718,281,8.20891364902507,8.1423487544484,999,8.19019019019019
712,285,8.19943820224719,8.12631578947368,997,8.17853560682046
720,279,8.20416666666667,8.11111111111111,999,8.17817817817818
728,270,8.20879120879121,8.11111111111111,998,8.18236472945892
726,273,8.232782369146,8.15018315018315,999,8.21021021021021
729,268,8.25925925925926,8.17537313432836,997,8.23671013039117
725,274,8.25655172413793,8.18248175182482,999,8.23623623623624
723,276,8.25172890733057,8.19202898550725,999,8.23523523523524
723,276,8.29183955739972,8.21014492753623,999,8.26926926926927
729,270,8.25651577503429,8.17037037037037,999,8.23323323323323
726,273,8.24931129476584,8.17582417582418,999,8.22922922922923
725,273,8.24413793103448,8.16483516483516,998,8.22244488977956
723,275,8.25172890733057,8.12727272727273,998,8.21743486973948
730,268,8.21232876712329,8.12313432835821,998,8.18837675350701
734,265,8.21117166212534,8.11320754716981,999,8.18518518518519
731,268,8.20246238030096,8.05597014925373,999,8.16316316316316
733,266,8.21828103683493,8.09398496240602,999,8.18518518518519
731,268,8.2311901504788,8.07089552238806,999,8.18818818818819
730,269,8.21095890410959,8.05947955390335,999,8.17017017017017
728,269,8.23763736263736,8.04089219330855,997,8.18455366098295
716,282,8.24441340782123,8.06737588652482,998,8.19438877755511
724,274,8.27486187845304,7.99270072992701,998,8.19739478957916
725,273,8.29793103448276,7.95604395604396,998,8.20440881763527
732,265,8.30737704918033,7.98867924528302,997,8.22266800401204
736,263,8.27173913043478,8.04942965779468,999,8.21321321321321
735,263,8.25578231292517,8.106463878327,998,8.21643286573146
742,256,8.26145552560647,8.05859375,998,8.20941883767535
742,255,8.26819407008086,8.07843137254902,997,8.21965897693079
740,257,8.27972972972973,8.08560311284047,997,8.2296890672016
741,257,8.27395411605938,8.11673151750973,998,8.23346693386774
741,257,8.2523616734143,8.09338521400778,998,8.21142284569138
744,255,8.25940860215054,8.09803921568627,999,8.21821821821822
744,254,8.27016129032258,8.11811023622047,998,8.2314629258517
751,248,8.26098535286285,8.13306451612903,999,8.22922922922923
741,256,8.26720647773279,8.1328125,997,8.23269809428285
741,258,8.2753036437247,8.08139534883721,999,8.22522522522523
734,265,8.25204359673024,8.13962264150943,999,8.22222222222222
731,267,8.25034199726402,8.12734082397004,998,8.21743486973948
727,271,8.24209078404402,8.17343173431734,998,8.22344689378757
738,260,8.25474254742547,8.18461538461538,998,8.23647294589178
733,264,8.27148703956344,8.31439393939394,997,8.28284854563691
730,267,8.27123287671233,8.35955056179775,997,8.29488465396189
742,257,8.25067385444744,8.35019455252918,999,8.27627627627628
731,268,8.24623803009576,8.36567164179104,999,8.27827827827828
735,263,8.25170068027211,8.37642585551331,998,8.28456913827655
734,265,8.23297002724796,8.33207547169811,999,8.25925925925926
736,261,8.25815217391304,8.39080459770115,997,8.29287863590772
731,266,8.25444596443228,8.37593984962406,997,8.28686058174524
729,267,8.24691358024691,8.35580524344569,996,8.27610441767068
729,270,8.26063100137174,8.3962962962963,999,8.2972972972973
726,273,8.23829201101928,8.35897435897436,999,8.27127127127127
728,270,8.2706043956044,8.35925925925926,998,8.29458917835671
721,277,8.28016643550624,8.33574007220217,998,8.29559118236473
721,277,8.29819694868238,8.27797833935018,998,8.29258517034068
733,264,8.30559345156889,8.22727272727273,997,8.28485456369107
734,265,8.30381471389646,8.24528301886792,999,8.28828828828829
732,266,8.33060109289617,8.23684210526316,998,8.30561122244489
730,268,8.32602739726027,8.25746268656716,998,8.30761523046092
728,271,8.31318681318681,8.2619926199262,999,8.2992992992993
730,267,8.3041095890411,8.2434456928839,997,8.28786359077232
737,261,8.30393487109905,8.22222222222222,998,8.28256513026052
744,254,8.3010752688172,8.19685039370079,998,8.27454909819639
737,260,8.2876526458616,8.17307692307692,997,8.25777331995988
740,257,8.27702702702703,8.16342412451362,997,8.24774322968907
736,262,8.26630434782609,8.19465648854962,998,8.24749498997996
732,267,8.27049180327869,8.25468164794007,999,8.26626626626627
725,274,8.25241379310345,8.31386861313869,999,8.26926926926927
715,282,8.2,8.32978723404255,997,8.23671013039117
718,280,8.21448467966574,8.31071428571429,998,8.24148296593186
719,278,8.21418636995828,8.28776978417266,997,8.23470411233701
719,280,8.21418636995828,8.25714285714286,999,8.22622622622623
719,279,8.20584144645341,8.25448028673835,998,8.21943887775551
721,278,8.21775312066574,8.22302158273381,999,8.21921921921922
722,277,8.21606648199446,8.23104693140794,999,8.22022022022022
731,267,8.24623803009576,8.25468164794007,998,8.24849699398798
729,270,8.26063100137174,8.17037037037037,999,8.23623623623624
732,267,8.30191256830601,8.17977528089888,999,8.26926926926927
736,263,8.33152173913044,8.15969581749049,999,8.28628628628629
745,254,8.36107382550336,8.16141732283465,999,8.31031031031031
746,253,8.36058981233244,8.1501976284585,999,8.30730730730731
750,249,8.368,8.1566265060241,999,8.31531531531532
750,247,8.344,8.12550607287449,997,8.28986960882648
758,240,8.3311345646438,8.125,998,8.28156312625251
747,251,8.32262382864793,8.14342629482072,998,8.27755511022044
748,251,8.32352941176471,8.11553784860558,999,8.27127127127127
743,256,8.31224764468372,8.109375,999,8.26026026026026
750,249,8.33733333333333,8.16867469879518,999,8.2952952952953
752,247,8.33909574468085,8.17813765182186,999,8.2992992992993
747,251,8.33333333333333,8.17529880478088,998,8.2935871743487
747,252,8.33333333333333,8.17857142857143,999,8.29429429429429
744,255,8.37231182795699,8.25490196078431,999,8.34234234234234
749,250,8.33511348464619,8.24,999,8.31131131131131
755,244,8.35099337748344,8.2172131147541,999,8.31831831831832
753,244,8.35458167330677,8.14754098360656,997,8.30391173520562
762,236,8.34645669291339,8.14406779661017,998,8.29859719438878
758,241,8.32058047493404,8.18257261410788,999,8.28728728728729
758,240,8.33509234828496,8.19166666666667,998,8.30060120240481
764,234,8.36387434554974,8.26495726495727,998,8.34068136272545
758,240,8.38522427440633,8.27916666666667,998,8.35971943887776
762,237,8.38976377952756,8.26582278481013,999,8.36036036036036
758,240,8.36543535620053,8.28333333333333,998,8.34569138276553
765,234,8.3843137254902,8.34615384615385,999,8.37537537537538
756,243,8.35714285714286,8.28395061728395,999,8.33933933933934
747,252,8.34136546184739,8.3015873015873,999,8.33133133133133
740,257,8.33513513513513,8.26848249027237,997,8.31795386158475
733,264,8.32742155525239,8.23484848484848,997,8.30290872617854
725,271,8.31172413793103,8.24354243542435,996,8.29317269076305
721,276,8.2871012482663,8.26086956521739,997,8.27983951855567
717,282,8.23291492329149,8.27659574468085,999,8.24524524524525
709,288,8.22425952045134,8.26041666666667,997,8.23470411233701
715,282,8.25034965034965,8.25886524822695,997,8.25275827482447
713,286,8.2328190743338,8.25874125874126,999,8.24024024024024
709,289,8.22566995768688,8.16955017301038,998,8.20941883767535
720,279,8.25416666666667,8.22939068100358,999,8.24724724724725
722,277,8.2590027700831,8.22743682310469,999,8.25025025025025
733,265,8.22646657571623,8.16603773584906,998,8.21042084168337
739,259,8.24357239512855,8.16988416988417,998,8.22444889779559
743,254,8.24091520861373,8.14566929133858,997,8.21664994984955
750,249,8.20666666666667,8.15261044176707,999,8.19319319319319
755,241,8.22384105960265,8.05394190871369,996,8.18273092369478
755,244,8.20662251655629,8.07377049180328,999,8.17417417417417
751,247,8.20639147802929,8.10931174089069,998,8.18236472945892
745,254,8.20134228187919,8.0748031496063,999,8.16916916916917
755,244,8.18543046357616,8.15573770491803,999,8.17817817817818
755,242,8.18940397350993,8.19421487603306,997,8.19057171514544
764,235,8.18324607329843,8.18723404255319,999,8.18418418418418
756,243,8.15873015873016,8.15637860082304,999,8.15815815815816
759,239,8.18050065876153,8.17154811715481,998,8.17835671342685
757,242,8.16512549537649,8.19421487603306,999,8.17217217217217
760,238,8.17105263157895,8.20168067226891,998,8.17835671342685
768,231,8.16796875,8.16017316017316,999,8.16616616616617
761,238,8.21550591327201,8.23109243697479,999,8.21921921921922
759,238,8.20553359683795,8.15966386554622,997,8.19458375125376
755,244,8.22913907284768,8.15163934426229,999,8.21021021021021
759,238,8.24901185770751,8.19327731092437,997,8.23570712136409
760,238,8.22894736842105,8.21008403361344,998,8.22444889779559
765,233,8.25098039215686,8.28326180257511,998,8.25851703406814
765,234,8.26535947712418,8.33760683760684,999,8.28228228228228
770,228,8.25064935064935,8.32456140350877,998,8.26753507014028
767,232,8.26075619295958,8.34051724137931,999,8.27927927927928
772,227,8.24222797927461,8.34361233480176,999,8.26526526526527
777,221,8.22779922779923,8.38461538461539,998,8.2625250501002
777,221,8.23809523809524,8.31674208144796,998,8.25551102204409
772,226,8.25259067357513,8.34070796460177,998,8.27254509018036
767,230,8.23859191655802,8.37391304347826,997,8.26980942828486
771,228,8.25421530479896,8.42105263157895,999,8.29229229229229
772,226,8.20984455958549,8.39823008849558,998,8.25250501002004
773,226,8.22250970245796,8.42477876106195,999,8.26826826826827
768,230,8.23567708333333,8.39130434782609,998,8.27154308617235
775,224,8.22967741935484,8.37946428571429,999,8.26326326326326
773,225,8.23285899094437,8.39111111111111,998,8.2685370741483
781,217,8.22535211267606,8.36866359447005,998,8.2565130260521
769,230,8.2405721716515,8.32173913043478,999,8.25925925925926
765,233,8.24836601307189,8.33476394849785,998,8.2685370741483
761,236,8.26149802890933,8.34322033898305,997,8.28084252758275
755,243,8.25562913907285,8.2880658436214,998,8.26352705410822
760,239,8.27236842105263,8.28033472803347,999,8.27427427427427
767,232,8.29595827900913,8.31465517241379,999,8.3003003003003
759,240,8.30171277997365,8.3,999,8.3013013013013
772,227,8.30958549222798,8.22026431718062,999,8.28928928928929
771,228,8.30090791180285,8.22368421052632,999,8.28328328328328
777,221,8.31660231660232,8.28054298642534,998,8.30861723446894
779,220,8.31322207958922,8.26363636363636,999,8.3023023023023
776,223,8.29639175257732,8.25112107623318,999,8.28628628628629
776,223,8.32474226804124,8.26457399103139,999,8.31131131131131
765,234,8.3124183006536,8.28205128205128,999,8.30530530530531
764,235,8.29450261780105,8.22978723404255,999,8.27927927927928
761,238,8.27069645203679,8.27731092436975,999,8.27227227227227
763,236,8.29095674967235,8.32627118644068,999,8.2992992992993
761,238,8.30354796320631,8.28991596638656,999,8.3003003003003
762,235,8.30183727034121,8.23829787234042,997,8.28686058174524
763,235,8.31192660550459,8.25106382978723,998,8.29759519038076
764,235,8.33638743455497,8.31914893617021,999,8.33233233233233
765,234,8.35947712418301,8.29059829059829,999,8.34334334334334
773,226,8.36222509702458,8.29646017699115,999,8.34734734734735
767,232,8.35332464146023,8.25862068965517,999,8.33133133133133
766,233,8.36945169712794,8.24463519313305,999,8.34034034034034
769,230,8.35890767230169,8.3304347826087,999,8.35235235235235
764,235,8.3717277486911,8.2936170212766,999,8.35335335335335
757,242,8.37648612945839,8.28512396694215,999,8.35435435435435
763,235,8.36435124508519,8.2936170212766,998,8.34769539078156
764,235,8.36256544502618,8.31063829787234,999,8.35035035035035
773,226,8.38421733505822,8.30530973451327,999,8.36636636636637
776,222,8.3840206185567,8.32432432432432,998,8.37074148296593
779,219,8.36842105263158,8.31506849315068,998,8.35671342685371
782,217,8.3618925831202,8.28110599078341,999,8.34434434434434
779,220,8.36585365853658,8.22727272727273,999,8.33533533533534
779,220,8.34659820282413,8.21363636363636,999,8.31731731731732
781,217,8.31370038412292,8.25345622119816,998,8.30060120240481
783,213,8.30651340996169,8.23474178403756,996,8.29116465863454
784,214,8.30102040816327,8.2803738317757,998,8.29659318637275
791,207,8.28318584070797,8.32850241545894,998,8.29258517034068
787,211,8.28970775095299,8.36492890995261,998,8.30561122244489
781,217,8.28809218950064,8.3778801843318,998,8.30761523046092
787,212,8.29224904701398,8.41981132075472,999,8.31931931931932
783,214,8.28352490421456,8.39719626168224,997,8.30792377131394
782,215,8.29283887468031,8.4,997,8.31594784353059
770,228,8.3038961038961,8.3640350877193,998,8.31763527054108
778,220,8.30077120822622,8.37272727272727,998,8.31663326653307
775,224,8.2941935483871,8.45089285714286,999,8.32932932932933
781,217,8.27912932138284,8.48847926267281,998,8.32464929859719
775,223,8.25935483870968,8.42600896860987,998,8.29659318637275
780,219,8.23589743589744,8.46118721461187,999,8.28528528528529
783,215,8.22988505747126,8.46976744186047,998,8.28156312625251
790,208,8.23291139240506,8.45192307692308,998,8.27855711422846
793,206,8.24716267339218,8.36407766990291,999,8.27127127127127
795,204,8.22767295597484,8.43137254901961,999,8.26926926926927
801,197,8.24719101123596,8.46192893401015,998,8.28957915831663
793,204,8.23329129886507,8.46078431372549,997,8.27983951855567
803,195,8.21917808219178,8.5025641025641,998,8.27454909819639
810,189,8.21358024691358,8.48677248677249,999,8.26526526526527
810,188,8.21851851851852,8.47340425531915,998,8.26653306613226
816,182,8.22671568627451,8.48901098901099,998,8.27454909819639
826,172,8.20702179176755,8.47674418604651,998,8.25350701402806
820,177,8.23536585365854,8.46892655367232,997,8.27683049147442
824,174,8.25485436893204,8.48850574712644,998,8.29559118236473
828,171,8.20772946859903,8.52631578947368,999,8.26226226226226
829,169,8.21954161640531,8.56213017751479,998,8.27755511022044
830,167,8.20963855421687,8.58682634730539,997,8.2728184553661
833,166,8.1968787515006,8.58433734939759,999,8.26126126126126
840,159,8.17976190476191,8.57232704402516,999,8.24224224224224
832,164,8.18870192307692,8.59146341463415,996,8.25502008032129
829,169,8.19541616405308,8.55621301775148,998,8.2565130260521
837,162,8.18040621266428,8.53086419753086,999,8.23723723723724
834,164,8.18705035971223,8.59146341463415,998,8.25350701402806
834,165,8.19544364508393,8.61818181818182,999,8.26526526526527
829,169,8.19059107358263,8.57988165680473,998,8.2565130260521
825,173,8.20121212121212,8.57225433526012,998,8.26553106212425
827,172,8.19588875453446,8.5406976744186,999,8.25525525525526
822,177,8.20316301703163,8.50847457627119,999,8.25725725725726
815,184,8.19877300613497,8.46195652173913,999,8.24724724724725
815,183,8.19018404907975,8.50819672131148,998,8.24849699398798
810,188,8.2,8.55851063829787,998,8.26753507014028
806,191,8.21464019851117,8.53403141361257,997,8.27582748244734
799,199,8.22403003754693,8.51758793969849,998,8.28256513026052
793,203,8.25725094577554,8.50738916256158,996,8.30823293172691
791,207,8.19974715549937,8.4975845410628,998,8.26152304609218
785,214,8.18853503184713,8.52336448598131,999,8.26026026026026
786,213,8.19465648854962,8.55868544600939,999,8.27227227227227
786,212,8.19847328244275,8.54716981132075,998,8.27254509018036
789,210,8.19898605830165,8.53809523809524,999,8.27027027027027
783,216,8.18901660280971,8.53240740740741,999,8.26326326326326
783,216,8.21711366538953,8.53240740740741,999,8.28528528528529
776,223,8.23711340206185,8.5067264573991,999,8.2972972972973
776,221,8.22938144329897,8.50226244343891,997,8.28986960882648
784,215,8.24872448979592,8.49767441860465,999,8.3023023023023
785,214,8.22675159235669,8.47663551401869,999,8.28028028028028
788,209,8.25,8.38755980861244,997,8.27883650952859
787,211,8.26302414231258,8.43127962085308,998,8.29859719438878
796,203,8.27889447236181,8.41871921182266,999,8.30730730730731
792,207,8.25757575757576,8.41062801932367,999,8.28928928928929
802,197,8.26558603491272,8.37055837563452,999,8.28628628628629
801,198,8.24094881398252,8.35353535353535,999,8.26326326326326
