forward_num,reverse_num,forward_rate,reverse_rate,organism_num,organism_rate
5,5,5.0,5.0,10,5.0
5,5,5.0,5.0,10,5.0
5,5,5.0,5.0,10,5.0
6,6,5.33333333333333,5.33333333333333,12,5.33333333333333
7,7,5.42857142857143,5.42857142857143,14,5.42857142857143
8,8,5.375,5.375,16,5.375
11,11,5.54545454545455,5.54545454545455,22,5.54545454545455
13,14,5.30769230769231,5.42857142857143,27,5.37037037037037
13,14,5.30769230769231,5.42857142857143,27,5.37037037037037
18,20,5.55555555555556,5.7,38,5.63157894736842
18,20,5.55555555555556,5.7,38,5.63157894736842
24,26,5.5,5.61538461538461,50,5.56
30,34,5.8,5.94117647058824,64,5.875
34,38,5.70588235294118,5.84210526315789,72,5.77777777777778
44,48,5.63636363636364,5.75,92,5.69565217391304
56,64,5.92857142857143,6.0625,120,6.0
60,68,5.8,5.94117647058824,128,5.875
83,90,5.78313253012048,5.86666666666667,173,5.82658959537572
107,124,6.05607476635514,6.16129032258065,231,6.11255411255411
107,124,6.05607476635514,6.16129032258065,231,6.11255411255411
107,124,6.05607476635514,6.16129032258065,231,6.11255411255411
214,248,6.05607476635514,6.16129032258065,462,6.11255411255411
214,248,6.05607476635514,6.16129032258065,462,6.11255411255411
214,248,6.05607476635514,6.16129032258065,462,6.11255411255411
374,440,6.28877005347594,6.38181818181818,814,6.33906633906634
406,471,6.1871921182266,6.28662420382166,877,6.2405929304447
424,486,6.12264150943396,6.2119341563786,910,6.17032967032967
512,485,6.275390625,6.25773195876289,997,6.26680040120361
496,500,6.22782258064516,6.246,996,6.23694779116466
512,486,6.17578125,6.19753086419753,998,6.18637274549098
510,488,6.23333333333333,6.26229508196721,998,6.24749498997996
501,497,6.19560878243513,6.26760563380282,998,6.2314629258517
498,499,6.22088353413655,6.2685370741483,997,6.24473420260782
498,500,6.22489959839357,6.312,998,6.2685370741483
503,495,6.27833001988072,6.34545454545455,998,6.31162324649299
505,494,6.29108910891089,6.37246963562753,999,6.33133133133133
496,502,6.27822580645161,6.35657370517928,998,6.31763527054108
495,503,6.3010101010101,6.36182902584493,998,6.33166332665331
493,506,6.32860040567951,6.37747035573123,999,6.35335335335335
487,511,6.33675564681725,6.41682974559687,998,6.37775551102204
479,519,6.35699373695198,6.40077071290944,998,6.37975951903808
471,528,6.3099787685775,6.39393939393939,999,6.35435435435435
474,525,6.31856540084388,6.37904761904762,999,6.35035035035035
476,523,6.34873949579832,6.38814531548757,999,6.36936936936937
480,519,6.31875,6.39691714836223,999,6.35935935935936
484,515,6.3202479338843,6.40194174757282,999,6.36236236236236
490,508,6.33265306122449,6.4251968503937,998,6.37975951903808
485,513,6.34639175257732,6.39181286549708,998,6.36973947895792
489,510,6.33946830265849,6.4078431372549,999,6.37437437437437
492,506,6.32926829268293,6.40316205533597,998,6.36673346693387
492,506,6.35569105691057,6.42094861660079,998,6.38877755511022
485,513,6.3340206185567,6.41910331384016,998,6.37775551102204
480,518,6.34583333333333,6.44594594594595,998,6.39779559118236
492,507,6.34756097560976,6.45167652859961,999,6.4004004004004
486,513,6.3559670781893,6.46393762183236,999,6.41141141141141
476,522,6.34453781512605,6.47509578544061,998,6.41282565130261
479,520,6.35490605427975,6.51153846153846,999,6.43643643643644
468,530,6.34615384615385,6.50566037735849,998,6.43086172344689
477,522,6.32494758909853,6.5095785440613,999,6.42142142142142
474,525,6.33122362869198,6.51238095238095,999,6.42642642642643
468,529,6.35042735042735,6.53875236294896,997,6.45035105315948
476,521,6.33403361344538,6.5278310940499,997,6.43530591775326
485,513,6.34845360824742,6.52826510721248,998,6.44088176352705
486,513,6.32716049382716,6.57309941520468,999,6.45345345345345
487,511,6.35934291581109,6.57729941291585,998,6.47094188376754
496,502,6.33870967741935,6.56972111553785,998,6.45490981963928
495,504,6.34545454545455,6.57738095238095,999,6.46246246246246
490,507,6.35510204081633,6.5956607495069,997,6.47743229689067
497,502,6.34808853118712,6.62549800796813,999,6.48748748748749
497,501,6.3158953722334,6.62874251497006,998,6.47294589178357
506,493,6.3300395256917,6.62068965517241,999,6.47347347347347
495,503,6.34141414141414,6.61232604373757,998,6.47795591182365
483,515,6.36645962732919,6.62330097087379,998,6.49899799599198
494,504,6.3582995951417,6.64484126984127,998,6.50300601202405
489,510,6.34560327198364,6.64313725490196,999,6.4974974974975
484,515,6.34917355371901,6.64854368932039,999,6.5035035035035
494,505,6.37651821862348,6.63762376237624,999,6.50850850850851
481,516,6.38253638253638,6.6453488372093,997,6.518555667001
482,515,6.35684647302905,6.62718446601942,997,6.49648946840522
497,502,6.37223340040241,6.61553784860558,999,6.49449449449449
500,498,6.358,6.63253012048193,998,6.49498997995992
500,498,6.364,6.63253012048193,998,6.49799599198397
514,484,6.3715953307393,6.6301652892562,998,6.49699398797595
510,489,6.36274509803922,6.63394683026585,999,6.4954954954955
509,488,6.37917485265226,6.64959016393443,997,6.51153460381143
520,479,6.36538461538461,6.63883089770355,999,6.4964964964965
512,487,6.3515625,6.64065708418891,999,6.49249249249249
504,494,6.35119047619048,6.62955465587045,998,6.48897795591182
513,485,6.38206627680312,6.62680412371134,998,6.50100200400802
517,482,6.36750483558994,6.63900414937759,999,6.4984984984985
518,481,6.36100386100386,6.62577962577963,999,6.48848848848849
521,477,6.3742802303263,6.60796645702306,998,6.48597194388778
514,485,6.40077821011673,6.61855670103093,999,6.50650650650651
516,483,6.38565891472868,6.63354037267081,999,6.50550550550551
519,480,6.37957610789981,6.62708333333333,999,6.4984984984985
523,476,6.39196940726577,6.63865546218487,999,6.50950950950951
517,482,6.40425531914894,6.65767634854772,999,6.52652652652653
521,477,6.38579654510557,6.66457023060797,998,6.51903807615231
531,467,6.3804143126177,6.64025695931478,998,6.50200400801603
531,468,6.36158192090396,6.64316239316239,999,6.49349349349349
519,480,6.38342967244701,6.64791666666667,999,6.51051051051051
521,477,6.37236084452975,6.65618448637317,998,6.50801603206413
522,477,6.38122605363985,6.64989517819706,999,6.50950950950951
533,466,6.39399624765478,6.66309012875536,999,6.51951951951952
527,472,6.39278937381404,6.66101694915254,999,6.51951951951952
523,475,6.40917782026769,6.65052631578947,998,6.52404809619238
527,471,6.40607210626186,6.67940552016985,998,6.53507014028056
534,463,6.39325842696629,6.67386609071274,997,6.52357071213641
524,474,6.41221374045802,6.66877637130802,998,6.53406813627254
531,468,6.42372881355932,6.69230769230769,999,6.54954954954955
531,468,6.39924670433145,6.69017094017094,999,6.53553553553554
524,474,6.41221374045802,6.68776371308017,998,6.54308617234469
525,473,6.40380952380952,6.6892177589852,998,6.53907815631263
517,482,6.42553191489362,6.68879668049793,999,6.55255255255255
519,479,6.42774566473988,6.69102296450939,998,6.55410821643287
515,483,6.4252427184466,6.68737060041408,998,6.55210420841683
504,495,6.4484126984127,6.68282828282828,999,6.56456456456456
508,490,6.47047244094488,6.68571428571429,998,6.57615230460922
508,490,6.4744094488189,6.68775510204082,998,6.57915831663327
497,502,6.4486921529175,6.69322709163347,999,6.57157157157157
506,493,6.45652173913043,6.69168356997972,999,6.57257257257257
505,493,6.48712871287129,6.69574036511156,998,6.59018036072144
509,490,6.47151277013752,6.68775510204082,999,6.57757757757758
518,481,6.49420849420849,6.6964656964657,999,6.59159159159159
520,476,6.47884615384615,6.72058823529412,996,6.59437751004016
527,471,6.47438330170778,6.69214437367304,998,6.57715430861723
535,464,6.45607476635514,6.70258620689655,999,6.57057057057057
531,467,6.46516007532957,6.71092077087794,998,6.58016032064128
537,460,6.46741154562384,6.69782608695652,997,6.57372116349047
546,451,6.47435897435897,6.67849223946785,997,6.5667001003009
536,462,6.49067164179105,6.67748917748918,998,6.57715430861723
541,458,6.4916820702403,6.67467248908297,999,6.57557557557558
544,455,6.50919117647059,6.66373626373626,999,6.57957957957958
526,473,6.52471482889734,6.6723044397463,999,6.59459459459459
534,463,6.52808988764045,6.65874730021598,997,6.58876629889669
528,469,6.52083333333333,6.66524520255864,997,6.58876629889669
516,483,6.51937984496124,6.67494824016563,999,6.59459459459459
518,481,6.54633204633205,6.66528066528067,999,6.6036036036036
520,479,6.54230769230769,6.67223382045929,999,6.6046046046046
514,484,6.55252918287938,6.65495867768595,998,6.60220440881764
515,483,6.53980582524272,6.65424430641822,998,6.59519038076152
524,474,6.53053435114504,6.66033755274262,998,6.59218436873747
521,477,6.55662188099808,6.68763102725367,998,6.61923847695391
530,469,6.57358490566038,6.6865671641791,999,6.62662662662663
533,466,6.58724202626642,6.70815450643777,999,6.64364364364364
532,467,6.60526315789474,6.7152034261242,999,6.65665665665666
534,463,6.60112359550562,6.70626349892009,997,6.64994984954865
532,467,6.57142857142857,6.7152034261242,999,6.63863863863864
519,479,6.5626204238921,6.71398747390397,998,6.63527054108216
521,477,6.57965451055662,6.71698113207547,998,6.64529058116232
519,480,6.58574181117534,6.725,999,6.65265265265265
518,480,6.56370656370656,6.73541666666667,998,6.64629258517034
516,483,6.57751937984496,6.73706004140787,999,6.65465465465465
500,495,6.574,6.72929292929293,995,6.65125628140704
499,499,6.5751503006012,6.73346693386774,998,6.65430861723447
504,495,6.58333333333333,6.72727272727273,999,6.65465465465465
498,501,6.59036144578313,6.73453093812375,999,6.66266266266266
502,497,6.58764940239044,6.75050301810865,999,6.66866866866867
505,494,6.59009900990099,6.74898785425101,999,6.66866866866867
499,499,6.56713426853707,6.75751503006012,998,6.6623246492986
502,497,6.59163346613546,6.77263581488934,999,6.68168168168168
505,494,6.58613861386139,6.77935222672065,999,6.68168168168168
497,502,6.58752515090543,6.77888446215139,999,6.68368368368368
492,505,6.57723577235772,6.78019801980198,997,6.68004012036108
494,505,6.59514170040486,6.78613861386139,999,6.69169169169169
481,517,6.59251559251559,6.7852998065764,998,6.69238476953908
478,521,6.58577405857741,6.78694817658349,999,6.69069069069069
482,516,6.57676348547718,6.78294573643411,998,6.68336673346693
472,526,6.58898305084746,6.78136882129278,998,6.69038076152305
467,530,6.58886509635974,6.77358490566038,997,6.68706118355065
473,526,6.60253699788584,6.78136882129278,999,6.6966966966967
473,526,6.59830866807611,6.78326996197719,999,6.6956956956957
472,527,6.60169491525424,6.78937381404175,999,6.7007007007007
479,520,6.59707724425887,6.79423076923077,999,6.6996996996997
475,524,6.58947368421053,6.79770992366412,999,6.6986986986987
479,519,6.57620041753653,6.79768786127168,998,6.69138276553106
483,515,6.59006211180124,6.80388349514563,998,6.70040080160321
485,512,6.56701030927835,6.810546875,997,6.69207622868606
484,514,6.58264462809917,6.79377431906615,998,6.69138276553106
488,511,6.5983606557377,6.78864970645793,999,6.6956956956957
493,504,6.58215010141988,6.79166666666667,997,6.68806419257773
494,505,6.57692307692308,6.79207920792079,999,6.68568568568569
491,508,6.57637474541752,6.78543307086614,999,6.68268268268268
493,505,6.57200811359026,6.78019801980198,998,6.67735470941884
494,505,6.57894736842105,6.77821782178218,999,6.67967967967968
494,505,6.57287449392713,6.77821782178218,999,6.67667667667668
492,506,6.55691056910569,6.77470355731225,998,6.66733466933868
496,501,6.58064516129032,6.76646706586826,997,6.6740220661986
498,501,6.55823293172691,6.76047904191617,999,6.65965965965966
503,495,6.55864811133201,6.76363636363636,998,6.66032064128257
508,491,6.56692913385827,6.76374745417515,999,6.66366366366366
513,484,6.56530214424951,6.76652892561984,997,6.6629889669007
519,478,6.57418111753372,6.76569037656904,997,6.66599799398195
521,478,6.57581573896353,6.77405857740586,999,6.67067067067067
519,480,6.59730250481696,6.77291666666667,999,6.68168168168168
526,473,6.59125475285171,6.76744186046512,999,6.67467467467467
526,473,6.5893536121673,6.77589852008457,999,6.67767767767768
523,475,6.57934990439771,6.77473684210526,998,6.67234468937876
535,464,6.57943925233645,6.77801724137931,999,6.67167167167167
541,457,6.56746765249538,6.77242888402626,998,6.66132264529058
528,471,6.57007575757576,6.7791932059448,999,6.66866866866867
530,469,6.5811320754717,6.80170575692964,999,6.68468468468468
528,470,6.5719696969697,6.81276595744681,998,6.68537074148297
522,477,6.57662835249042,6.81551362683438,999,6.69069069069069
520,477,6.55961538461538,6.81970649895178,997,6.68405215646941
522,477,6.57088122605364,6.82599580712788,999,6.69269269269269
521,477,6.57389635316699,6.82389937106918,998,6.69338677354709
520,478,6.55,6.82008368200837,998,6.67935871743487
513,485,6.56140350877193,6.82474226804124,998,6.68937875751503
510,488,6.56078431372549,6.82991803278689,998,6.69238476953908
510,488,6.56666666666667,6.83606557377049,998,6.69839679358717
505,494,6.57029702970297,6.84008097165992,999,6.7037037037037
508,491,6.57677165354331,6.82688391038697,999,6.6996996996997
510,489,6.57843137254902,6.83435582822086,999,6.7037037037037
516,482,6.56976744186047,6.83609958506224,998,6.69839679358717
517,481,6.5705996131528,6.83575883575884,998,6.69839679358717
510,488,6.57843137254902,6.82172131147541,998,6.69739478957916
515,483,6.58058252427184,6.82608695652174,998,6.69939879759519
518,480,6.59073359073359,6.83125,998,6.7064128256513
530,468,6.58867924528302,6.83333333333333,998,6.70340681362725
531,468,6.58568738229755,6.82478632478632,999,6.6976976976977
524,475,6.58396946564886,6.81684210526316,999,6.69469469469469
524,474,6.57824427480916,6.82278481012658,998,6.69438877755511
524,474,6.59541984732824,6.83333333333333,998,6.70841683366733
522,475,6.60153256704981,6.83157894736842,997,6.7111334002006
523,476,6.59082217973231,6.82352941176471,999,6.7017017017017
522,477,6.59003831417624,6.82599580712788,999,6.7027027027027
529,468,6.58223062381853,6.82478632478632,997,6.69608826479438
531,467,6.5743879472693,6.82869379014989,998,6.69338677354709
528,470,6.56628787878788,6.82978723404255,998,6.69038076152305
532,467,6.55639097744361,6.83297644539615,999,6.68568568568569
530,468,6.56981132075472,6.83547008547009,998,6.69438877755511
532,467,6.58270676691729,6.84368308351178,999,6.7047047047047
536,463,6.58955223880597,6.8488120950324,999,6.70970970970971
530,469,6.59811320754717,6.84861407249467,999,6.71571571571572
522,475,6.59578544061303,6.84842105263158,997,6.71614844533601
520,478,6.59615384615385,6.85564853556485,998,6.72044088176353
524,475,6.58969465648855,6.86105263157895,999,6.71871871871872
525,474,6.58666666666667,6.85232067510549,999,6.71271271271271
527,471,6.58064516129032,6.85987261146497,998,6.7124248496994
527,470,6.58444022770398,6.87021276595745,997,6.71915747241725
525,472,6.58285714285714,6.88347457627119,997,6.72517552657974
537,461,6.58845437616387,6.88286334056399,998,6.72444889779559
538,460,6.58921933085502,6.88260869565217,998,6.72444889779559
539,459,6.59369202226345,6.88671023965142,998,6.72845691382765
537,459,6.59404096834264,6.88671023965142,996,6.7289156626506
535,463,6.59065420560748,6.88552915766739,998,6.72745490981964
540,459,6.5962962962963,6.88235294117647,999,6.72772772772773
542,457,6.61623616236162,6.88402625820569,999,6.73873873873874
549,450,6.61566484517304,6.88444444444444,999,6.73673673673674
544,455,6.61580882352941,6.88571428571429,999,6.73873873873874
547,452,6.61791590493602,6.88716814159292,999,6.73973973973974
551,444,6.62613430127042,6.88738738738739,995,6.7427135678392
549,450,6.63387978142076,6.88444444444444,999,6.74674674674675
551,447,6.60254083484574,6.88143176733781,998,6.72745490981964
547,451,6.61791590493602,6.8780487804878,998,6.73547094188377
553,446,6.61663652802893,6.87219730941704,999,6.73073073073073
553,446,6.62929475587703,6.87892376681614,999,6.74074074074074
546,452,6.62271062271062,6.86946902654867,998,6.73446893787575
543,456,6.6279926335175,6.87719298245614,999,6.74174174174174
542,456,6.62177121771218,6.88157894736842,998,6.74048096192385
541,458,6.63031423290203,6.882096069869,999,6.74574574574575
533,465,6.64352720450281,6.88172043010753,998,6.75450901803607
534,463,6.63857677902622,6.88120950323974,997,6.75125376128385
536,463,6.625,6.87688984881209,999,6.74174174174174
535,464,6.62429906542056,6.87715517241379,999,6.74174174174174
526,473,6.63878326996198,6.87737843551797,999,6.75175175175175
524,475,6.63358778625954,6.87578947368421,999,6.74874874874875
525,474,6.6247619047619,6.87130801687764,999,6.74174174174174
527,470,6.6280834914611,6.87446808510638,997,6.74423269809428
532,465,6.6203007518797,6.8752688172043,997,6.73921765295888
528,469,6.63068181818182,6.88059701492537,997,6.74824473420261
534,465,6.62734082397004,6.88602150537634,999,6.74774774774775
536,460,6.63619402985075,6.88695652173913,996,6.75200803212851
537,460,6.62756052141527,6.88260869565217,997,6.74523570712136
539,460,6.64749536178108,6.88478260869565,999,6.75675675675676
541,457,6.63955637707948,6.88402625820569,998,6.75150300601202
533,463,6.62851782363977,6.88120950323974,996,6.74598393574297
542,457,6.63653136531365,6.88840262582057,999,6.75175175175175
545,454,6.63669724770642,6.89867841409692,999,6.75575575575576
550,447,6.63818181818182,6.89261744966443,997,6.75225677031093
551,446,6.63702359346642,6.90134529147982,997,6.75526579739218
552,446,6.63224637681159,6.89686098654709,998,6.75050100200401
555,444,6.63063063063063,6.9009009009009,999,6.75075075075075
561,437,6.62566844919786,6.90846681922197,998,6.74949899799599
553,446,6.63652802893309,6.90358744394619,999,6.75575575575576
557,442,6.63913824057451,6.90497737556561,999,6.75675675675676
557,442,6.62657091561939,6.90497737556561,999,6.74974974974975
557,442,6.62657091561939,6.90950226244344,999,6.75175175175175
550,449,6.63818181818182,6.90645879732739,999,6.75875875875876
547,451,6.64351005484461,6.90022172949002,998,6.75951903807615
534,462,6.64419475655431,6.8982683982684,996,6.76204819277108
539,459,6.64935064935065,6.89760348583878,998,6.76352705410822
525,473,6.65142857142857,6.89217758985201,998,6.76553106212425
533,465,6.63789868667917,6.9010752688172,998,6.76052104208417
540,458,6.64814814814815,6.90174672489083,998,6.76452905811623
533,466,6.65103189493433,6.89699570815451,999,6.76576576576577
546,453,6.64835164835165,6.89403973509934,999,6.75975975975976
545,452,6.64770642201835,6.90044247787611,997,6.76228686058174
543,455,6.65193370165746,6.90989010989011,998,6.76953907815631
553,446,6.63110307414105,6.91255605381166,999,6.75675675675676
562,437,6.63167259786477,6.91533180778032,999,6.75575575575576
559,440,6.6350626118068,6.91590909090909,999,6.75875875875876
563,436,6.63232682060391,6.9105504587156,999,6.75375375375375
571,428,6.61821366024518,6.92056074766355,999,6.74774774774775
559,439,6.61001788908766,6.92938496583144,998,6.75050100200401
551,447,6.60798548094374,6.92170022371365,998,6.74849699398798
559,440,6.59928443649374,6.91818181818182,999,6.73973973973974
551,446,6.59165154264973,6.92152466367713,997,6.73921765295888
549,450,6.60655737704918,6.92,999,6.74774774774775
543,455,6.61878453038674,6.91208791208791,998,6.75250501002004
538,460,6.61710037174721,6.91304347826087,998,6.75350701402806
529,468,6.61625708884688,6.91452991452991,997,6.75626880641926
535,464,6.62616822429907,6.9073275862069,999,6.75675675675676
537,462,6.64059590316574,6.90692640692641,999,6.76376376376376
540,458,6.65,6.90174672489083,998,6.76553106212425
533,464,6.65853658536585,6.89439655172414,997,6.76830491474423
543,456,6.65009208103131,6.89254385964912,999,6.76076076076076
546,453,6.65750915750916,6.90066225165563,999,6.76776776776777
541,458,6.66913123844732,6.90829694323144,999,6.77877877877878
546,450,6.67399267399267,6.90666666666667,996,6.77911646586345
543,454,6.66850828729282,6.90969162995595,997,6.77833500501505
543,456,6.66850828729282,6.91447368421053,999,6.78078078078078
541,458,6.65988909426987,6.90393013100437,999,6.77177177177177
542,457,6.66051660516605,6.89715536105033,999,6.76876876876877
545,454,6.65321100917431,6.90528634361233,999,6.76776776776777
549,449,6.66302367941712,6.89755011135857,998,6.7685370741483
546,453,6.66300366300366,6.90286975717439,999,6.77177177177177
537,459,6.6536312849162,6.9041394335512,996,6.76907630522088
547,451,6.6672760511883,6.90465631929047,998,6.77454909819639
546,452,6.67216117216117,6.89380530973451,998,6.77254509018036
537,462,6.66852886405959,6.9004329004329,999,6.77577577577578
547,452,6.6563071297989,6.90486725663717,999,6.76876876876877
539,459,6.63450834879406,6.89106753812636,998,6.75250501002004
532,465,6.63721804511278,6.88602150537634,997,6.75325977933801
536,463,6.65298507462687,6.88768898488121,999,6.76176176176176
534,464,6.64606741573034,6.88362068965517,998,6.7565130260521
535,464,6.64672897196262,6.88362068965517,999,6.75675675675676
548,451,6.63868613138686,6.88026607538803,999,6.74774774774775
539,460,6.62894248608534,6.88695652173913,999,6.74774774774775
535,463,6.63364485981308,6.88552915766739,998,6.75050100200401
546,453,6.63186813186813,6.88079470198675,999,6.74474474474474
547,452,6.63619744058501,6.88716814159292,999,6.74974974974975
556,443,6.62589928057554,6.88939051918736,999,6.74274274274274
560,437,6.625,6.88787185354691,997,6.74022066198596
563,435,6.61278863232682,6.88505747126437,998,6.7314629258517
572,427,6.61188811188811,6.87822014051522,999,6.72572572572573
571,426,6.62521891418564,6.87793427230047,997,6.73319959879639
576,423,6.640625,6.88652482269504,999,6.74474474474474
585,414,6.64786324786325,6.88647342995169,999,6.74674674674675
583,414,6.65523156089194,6.89130434782609,997,6.75325977933801
581,418,6.66092943201377,6.89473684210526,999,6.75875875875876
577,421,6.66724436741768,6.89548693586698,998,6.76352705410822
574,425,6.65679442508711,6.90588235294118,999,6.76276276276276
569,427,6.65202108963093,6.89929742388759,996,6.75803212851406
561,436,6.6541889483066,6.89908256880734,997,6.76128385155466
556,442,6.66546762589928,6.90045248868778,998,6.76953907815631
549,450,6.66302367941712,6.89777777777778,999,6.76876876876877
559,440,6.6654740608229,6.89318181818182,999,6.76576576576577
561,437,6.66488413547237,6.89702517162471,998,6.76653306613226
552,446,6.66847826086957,6.90582959641256,998,6.77454909819639
549,450,6.67213114754098,6.90222222222222,999,6.77577577577578
548,449,6.6551094890511,6.90423162583519,997,6.76730190571715
549,450,6.65755919854281,6.90444444444444,999,6.76876876876877
549,449,6.66302367941712,6.9086859688196,998,6.77354709418838
555,444,6.66306306306306,6.8963963963964,999,6.76676676676677
546,453,6.65934065934066,6.8962472406181,999,6.76676676676677
550,449,6.66,6.9086859688196,999,6.77177177177177
555,444,6.65945945945946,6.91216216216216,999,6.77177177177177
558,440,6.67383512544803,6.90681818181818,998,6.77655310621242
561,437,6.66488413547237,6.90160183066362,998,6.7685370741483
553,446,6.66907775768535,6.90582959641256,999,6.77477477477477
556,443,6.67985611510791,6.89841986455982,999,6.77677677677678
562,435,6.6779359430605,6.89425287356322,997,6.77231695085256
567,431,6.68783068783069,6.89559164733179,998,6.77755511022044
569,429,6.67486818980668,6.89277389277389,998,6.7685370741483
565,433,6.67610619469027,6.89376443418014,998,6.77054108216433
572,427,6.68356643356643,6.89227166276347,999,6.77277277277277
577,421,6.67764298093588,6.88836104513064,998,6.76653306613226
581,415,6.67814113597246,6.88192771084337,996,6.76305220883534
583,413,6.68782161234991,6.89346246973366,996,6.77309236947791
584,414,6.70205479452055,6.90096618357488,998,6.78456913827655
581,417,6.7039586919105,6.8968824940048,998,6.78456913827655
579,420,6.69430051813471,6.8952380952381,999,6.77877877877878
581,418,6.70912220309811,6.90191387559809,999,6.78978978978979
580,418,6.72241379310345,6.91148325358852,998,6.80160320641283
578,421,6.72664359861592,6.91923990498812,999,6.80780780780781
579,420,6.73402417962003,6.91904761904762,999,6.81181181181181
574,425,6.73867595818815,6.92235294117647,999,6.81681681681682
570,427,6.71929824561404,6.92037470725995,997,6.80541624874624
580,419,6.72758620689655,6.92124105011933,999,6.80880880880881
573,426,6.72774869109948,6.92723004694836,999,6.81281281281281
572,426,6.72727272727273,6.92723004694836,998,6.812625250501
580,419,6.72931034482759,6.92124105011933,999,6.80980980980981
580,418,6.73965517241379,6.91626794258373,998,6.81362725450902
574,423,6.74564459930314,6.91962174940898,997,6.81945837512538
581,418,6.7487091222031,6.91387559808612,999,6.81781781781782
579,418,6.76338514680484,6.91866028708134,997,6.82848545636911
573,426,6.76614310645724,6.92018779342723,999,6.83183183183183
577,422,6.76083188908146,6.91943127962085,999,6.82782782782783
576,423,6.77256944444444,6.91725768321513,999,6.83383383383383
572,425,6.76048951048951,6.92,997,6.82848545636911
581,418,6.75903614457831,6.92344497607655,999,6.82782782782783
582,416,6.77147766323024,6.92067307692308,998,6.83366733466934
579,419,6.77892918825561,6.93556085918854,998,6.84468937875751
578,420,6.76297577854671,6.93809523809524,998,6.83667334669339
577,422,6.76256499133449,6.93364928909953,999,6.83483483483483
571,427,6.76357267950963,6.93208430913349,998,6.83567134268537
568,431,6.7693661971831,6.93271461716937,999,6.83983983983984
570,429,6.75614035087719,6.94172494172494,999,6.83583583583584
577,420,6.76256499133449,6.93333333333333,997,6.83450351053159
580,419,6.76034482758621,6.93317422434368,999,6.83283283283283
588,409,6.75510204081633,6.94132029339853,997,6.83149448345035
596,403,6.76677852348993,6.9454094292804,999,6.83883883883884
590,409,6.77627118644068,6.94865525672372,999,6.84684684684685
585,414,6.76752136752137,6.95169082125604,999,6.84384384384384
592,407,6.76182432432432,6.95331695331695,999,6.83983983983984
595,402,6.77478991596639,6.95024875621891,997,6.84553660982949
596,403,6.78187919463087,6.95037220843672,999,6.84984984984985
597,402,6.77721943048576,6.95273631840796,999,6.84784784784785
594,405,6.78956228956229,6.96049382716049,999,6.85885885885886
595,403,6.79327731092437,6.95037220843672,998,6.85671342685371
601,398,6.79201331114809,6.95477386934673,999,6.85685685685686
590,409,6.7864406779661,6.9559902200489,999,6.85585585585586
597,402,6.80067001675042,6.95273631840796,999,6.86186186186186
609,390,6.80788177339902,6.95641025641026,999,6.86586586586587
606,393,6.80693069306931,6.95674300254453,999,6.86586586586587
604,395,6.81456953642384,6.95696202531646,999,6.87087087087087
598,401,6.81939799331104,6.9501246882793,999,6.87187187187187
594,404,6.80976430976431,6.9529702970297,998,6.86773547094188
590,409,6.80847457627119,6.9559902200489,999,6.86886886886887
589,409,6.81154499151104,6.95354523227384,998,6.86973947895792
592,407,6.82939189189189,6.95577395577396,999,6.88088088088088
595,404,6.81344537815126,6.95792079207921,999,6.87187187187187
599,400,6.80801335559265,6.955,999,6.86686686686687
594,405,6.80976430976431,6.95308641975309,999,6.86786786786787
595,403,6.80504201680672,6.95285359801489,998,6.86472945891784
603,395,6.80762852404643,6.95189873417721,998,6.86472945891784
607,392,6.80560131795717,6.95408163265306,999,6.86386386386386
616,383,6.80681818181818,6.95822454308094,999,6.86486486486486
608,391,6.80427631578947,6.95907928388747,999,6.86486486486486
612,387,6.79738562091503,6.96382428940568,999,6.86186186186186
610,388,6.80327868852459,6.95618556701031,998,6.8627254509018
609,389,6.80459770114942,6.95886889460154,998,6.86472945891784
614,385,6.80618892508143,6.95584415584416,999,6.86386386386386
625,373,6.8048,6.9597855227882,998,6.8627254509018
617,379,6.80713128038898,6.95778364116095,996,6.8644578313253
624,375,6.81089743589744,6.952,999,6.86386386386386
629,370,6.80922098569157,6.95675675675676,999,6.86386386386386
625,374,6.824,6.94919786096257,999,6.87087087087087
614,384,6.82247557003257,6.95052083333333,998,6.87174348697395
609,389,6.81937602627258,6.95115681233933,998,6.87074148296593
611,388,6.81996726677578,6.95876288659794,999,6.87387387387387
608,391,6.82236842105263,6.95652173913043,999,6.87487487487487
613,386,6.82055464926591,6.95336787564767,999,6.87187187187187
608,391,6.82401315789474,6.95140664961637,999,6.87387387387387
605,394,6.83305785123967,6.95431472081218,999,6.88088088088088
604,394,6.82781456953642,6.95431472081218,998,6.87775551102204
614,384,6.83876221498371,6.95572916666667,998,6.88376753507014
618,381,6.84304207119741,6.95538057742782,999,6.88588588588589
612,385,6.83333333333333,6.95324675324675,997,6.87963891675025
620,378,6.83387096774194,6.94973544973545,998,6.87775551102204
624,375,6.84935897435897,6.94933333333333,999,6.88688688688689
615,383,6.84715447154472,6.94778067885118,998,6.88577154308617
617,379,6.84440842787682,6.94986807387863,996,6.88453815261044
630,369,6.84920634920635,6.95663956639566,999,6.88888888888889
619,380,6.8546042003231,6.95526315789474,999,6.89289289289289
629,368,6.85691573926868,6.95380434782609,997,6.89267803410231
635,364,6.85669291338583,6.95604395604396,999,6.89289289289289
622,377,6.86173633440514,6.96021220159151,999,6.8988988988989
622,377,6.86173633440514,6.95490716180371,999,6.8968968968969
620,376,6.85806451612903,6.95478723404255,996,6.89457831325301
624,375,6.85576923076923,6.95733333333333,999,6.89389389389389
627,372,6.85645933014354,6.95698924731183,999,6.89389389389389
619,380,6.86752827140549,6.95526315789474,999,6.9009009009009
608,391,6.86842105263158,6.95140664961637,999,6.9009009009009
611,388,6.87561374795417,6.95103092783505,999,6.9049049049049
596,401,6.86912751677852,6.94763092269327,997,6.90070210631896
594,404,6.86868686868687,6.94306930693069,998,6.89879759519038
604,394,6.8841059602649,6.94416243654822,998,6.90781563126253
600,399,6.885,6.94235588972431,999,6.90790790790791
610,388,6.88196721311475,6.94329896907217,998,6.90581162324649
606,393,6.88943894389439,6.94910941475827,999,6.91291291291291
612,384,6.8921568627451,6.953125,996,6.91566265060241
611,388,6.88870703764321,6.95618556701031,999,6.91491491491491
618,381,6.88834951456311,6.95800524934383,999,6.91491491491491
615,383,6.89593495934959,6.96344647519582,998,6.92184368737475
614,385,6.89250814332248,6.96103896103896,999,6.91891891891892
614,384,6.89087947882736,6.95572916666667,998,6.91583166332665
618,379,6.89644012944984,6.96042216358839,997,6.92076228686058
618,381,6.88996763754045,6.96325459317585,999,6.91791791791792
620,378,6.88548387096774,6.96031746031746,998,6.91382765531062
621,378,6.88888888888889,6.96296296296296,999,6.91691691691692
621,377,6.88083735909823,6.96286472148541,998,6.91182364729459
629,370,6.88235294117647,6.95945945945946,999,6.91091091091091
636,362,6.88522012578616,6.96132596685083,998,6.91282565130261
631,368,6.89223454833598,6.96467391304348,999,6.91891891891892
637,361,6.89638932496075,6.9584487534626,998,6.9188376753507
638,361,6.90438871473354,6.95290858725762,999,6.92192192192192
633,365,6.91153238546603,6.95890410958904,998,6.92885771543086
635,364,6.90866141732283,6.96428571428571,999,6.92892892892893
638,360,6.90282131661442,6.95833333333333,998,6.92284569138277
636,363,6.90880503144654,6.95592286501377,999,6.92592592592593
634,365,6.90851735015773,6.95616438356164,999,6.92592592592593
628,371,6.9156050955414,6.95687331536388,999,6.93093093093093
625,372,6.9184,6.95698924731183,997,6.93279839518556
628,371,6.92197452229299,6.96495956873315,999,6.93793793793794
628,371,6.92356687898089,6.97035040431267,999,6.94094094094094
629,368,6.93004769475358,6.96467391304348,997,6.94282848545637
634,365,6.93059936908517,6.96712328767123,999,6.94394394394394
623,376,6.92937399678973,6.96542553191489,999,6.94294294294294
621,375,6.93075684380032,6.96,996,6.94176706827309
623,374,6.93579454253612,6.96256684491979,997,6.94583751253761
609,388,6.93103448275862,6.95876288659794,997,6.94182547642929
613,386,6.92985318107667,6.95854922279793,999,6.94094094094094
607,391,6.94069192751236,6.96675191815857,998,6.95090180360721
595,404,6.93613445378151,6.97029702970297,999,6.94994994994995
604,395,6.93543046357616,6.96455696202532,999,6.94694694694695
599,399,6.93656093489149,6.96240601503759,998,6.94689378757515
603,396,6.93698175787728,6.96464646464646,999,6.94794794794795
617,382,6.93841166936791,6.96596858638743,999,6.94894894894895
610,389,6.94426229508197,6.96658097686375,999,6.95295295295295
608,389,6.94243421052632,6.96915167095116,997,6.95285857572718
615,383,6.94308943089431,6.97127937336815,998,6.95390781563126
612,385,6.93790849673203,6.97402597402597,997,6.9518555667001
610,389,6.9327868852459,6.97686375321337,999,6.94994994994995
613,386,6.93148450244698,6.97927461139896,999,6.94994994994995
618,381,6.92718446601942,6.98425196850394,999,6.94894894894895
623,376,6.92134831460674,6.98404255319149,999,6.94494494494494
631,368,6.92234548335975,6.98641304347826,999,6.94594594594595
620,379,6.91774193548387,6.98416886543536,999,6.94294294294294
632,367,6.92405063291139,6.98637602179836,999,6.94694694694695
639,358,6.92801251956182,6.98603351955307,997,6.94884653961886
634,363,6.92586750788644,6.9862258953168,997,6.94784353059178
638,361,6.93416927899687,6.98614958448753,999,6.95295295295295
637,362,6.93563579277865,6.98618784530387,999,6.95395395395395
631,368,6.93185419968304,6.98641304347826,999,6.95195195195195
635,363,6.93700787401575,6.98347107438016,998,6.95390781563126
644,355,6.93944099378882,6.9830985915493,999,6.95495495495495
637,362,6.9403453689168,6.98066298342541,999,6.95495495495495
650,349,6.93692307692308,6.98280802292264,999,6.95295295295295
651,348,6.93701996927803,6.98563218390805,999,6.95395395395395
648,351,6.93364197530864,6.98575498575499,999,6.95195195195195
665,333,6.93533834586466,6.98498498498498,998,6.95190380761523
663,332,6.93514328808446,6.98493975903614,995,6.95175879396985
657,342,6.92694063926941,6.98830409356725,999,6.94794794794795
669,330,6.9237668161435,6.98787878787879,999,6.94494494494494
675,324,6.92444444444444,6.98765432098765,999,6.94494494494494
666,332,6.92342342342342,6.99096385542169,998,6.94589178356713
670,329,6.92537313432836,6.99088145896657,999,6.94694694694695
673,326,6.92867756315007,6.99079754601227,999,6.94894894894895
677,322,6.93205317577548,6.99068322981366,999,6.95095095095095
676,323,6.92899408284024,6.99071207430341,999,6.94894894894895
676,322,6.93343195266272,6.99068322981366,998,6.95190380761523
676,322,6.93639053254438,6.99068322981366,998,6.95390781563126
678,321,6.93510324483776,6.99065420560748,999,6.95295295295295
668,331,6.93263473053892,6.99093655589124,999,6.95195195195195
665,334,6.93233082706767,6.9940119760479,999,6.95295295295295
653,346,6.93415007656968,6.99132947976879,999,6.95395395395395
646,353,6.93343653250774,6.9915014164306,999,6.95395395395395
643,356,6.94245723172628,6.99438202247191,999,6.96096096096096
641,358,6.94071762870515,6.99720670391061,999,6.96096096096096
640,358,6.94375,6.99720670391061,998,6.96292585170341
646,353,6.93962848297214,6.9971671388102,999,6.95995995995996
658,341,6.94376899696049,6.99706744868035,999,6.96196196196196
650,347,6.94,6.9971181556196,997,6.95987963891675
663,336,6.93665158371041,6.99702380952381,999,6.95695695695696
659,340,6.93171471927162,6.99705882352941,999,6.95395395395395
659,339,6.92716236722307,6.99410029498525,998,6.9498997995992
668,331,6.9311377245509,6.99395770392749,999,6.95195195195195
668,330,6.92814371257485,6.99393939393939,998,6.9498997995992
666,333,6.92642642642643,6.99099099099099,999,6.94794794794795
671,325,6.92697466467958,6.99384615384615,996,6.94879518072289
671,328,6.92548435171386,6.99390243902439,999,6.94794794794795
673,326,6.92273402674591,6.99386503067485,999,6.94594594594595
671,325,6.92548435171386,6.99384615384615,996,6.94779116465863
674,323,6.91691394658754,7.0,997,6.94383149448345
671,325,6.92101341281669,7.0,996,6.94678714859438
677,322,6.9231905465288,7.0,999,6.94794794794795
669,329,6.92227204783259,7.0,998,6.94789579158317
670,327,6.91641791044776,7.0,997,6.94383149448345
665,333,6.91278195488722,7.0,998,6.94188376753507
657,340,6.91324200913242,7.0,997,6.94282848545637
656,342,6.91158536585366,7.0,998,6.94188376753507
653,346,6.90964777947933,7.0,999,6.94094094094094
658,341,6.90881458966565,7.0,999,6.93993993993994
661,338,6.90771558245083,7.0,999,6.93893893893894
651,348,6.90476190476191,7.0,999,6.93793793793794
653,345,6.90811638591118,7.0,998,6.93987975951904
649,349,6.90292758089368,7.0,998,6.93687374749499
644,355,6.90062111801242,7.0,999,6.93593593593594
648,351,6.89506172839506,7.0,999,6.93193193193193
650,349,6.89384615384615,7.0,999,6.93093093093093
649,349,6.88751926040062,7.0,998,6.92685370741483
649,347,6.89830508474576,7.0,996,6.93373493975904
652,347,6.90030674846626,7.0,999,6.93493493493493
656,340,6.90243902439024,7.0,996,6.93574297188755
662,337,6.8987915407855,7.0,999,6.93293293293293
656,343,6.90091463414634,7.0,999,6.93493493493493
656,342,6.90548780487805,7.0,998,6.93787575150301
656,343,6.90243902439024,7.0,999,6.93593593593594
655,344,6.90076335877863,7.0,999,6.93493493493493
656,343,6.90701219512195,7.0,999,6.93893893893894
660,339,6.90909090909091,7.0,999,6.93993993993994
657,341,6.90563165905632,7.0,998,6.93787575150301
666,333,6.90840840840841,7.0,999,6.93893893893894
669,330,6.91031390134529,7.0,999,6.93993993993994
663,334,6.91251885369532,7.0,997,6.94182547642929
665,333,6.91428571428571,7.0,998,6.94288577154309
659,339,6.92564491654021,7.0,998,6.95090180360721
667,331,6.93103448275862,7.0,998,6.95390781563126
662,336,6.92900302114804,7.0,998,6.95290581162325
666,333,6.92642642642643,7.0,999,6.95095095095095
668,331,6.9311377245509,7.0,999,6.95395395395395
668,330,6.92814371257485,7.0,998,6.95190380761523
672,325,6.92559523809524,7.0,997,6.94984954864594
676,323,6.92455621301775,7.0,999,6.94894894894895
670,329,6.93134328358209,7.0,999,6.95395395395395
664,334,6.93222891566265,7.0,998,6.95490981963928
667,331,6.93853073463268,7.0,998,6.95891783567134
675,322,6.94074074074074,7.0,997,6.95987963891675
676,322,6.94230769230769,7.0,998,6.96092184368737
683,315,6.94436310395315,7.0,998,6.96192384769539
687,312,6.94614264919942,7.0,999,6.96296296296296
687,311,6.94468704512373,7.0,998,6.96192384769539
695,303,6.94532374100719,7.0,998,6.96192384769539
690,309,6.94492753623188,7.0,999,6.96196196196196
681,318,6.94566813509545,7.0,999,6.96296296296296
692,306,6.95375722543353,7.0,998,6.96793587174349
697,301,6.95408895265423,7.0,998,6.96793587174349
694,305,6.95533141210375,7.0,999,6.96896896896897
700,299,6.95857142857143,7.0,999,6.97097097097097
708,289,6.9590395480226,7.0,997,6.97091273821464
697,302,6.95408895265423,7.0,999,6.96796796796797
700,298,6.95428571428571,7.0,998,6.96793587174349
698,299,6.9541547277937,7.0,997,6.9679037111334
689,310,6.95355587808418,7.0,999,6.96796796796797
699,300,6.9585121602289,7.0,999,6.97097097097097
694,304,6.95677233429395,7.0,998,6.96993987975952
688,311,6.95494186046512,7.0,999,6.96896896896897
690,306,6.95942028985507,7.0,996,6.9718875502008
676,322,6.96153846153846,7.0,998,6.97394789579158
671,328,6.95827123695976,7.0,999,6.97197197197197
678,321,6.96017699115044,7.0,999,6.97297297297297
670,326,6.96417910447761,7.0,996,6.97590361445783
663,336,6.96078431372549,7.0,999,6.97397397397397
669,330,6.95814648729447,7.0,999,6.97197197197197
662,336,6.95770392749245,7.0,998,6.97194388777555
660,338,6.96060606060606,7.0,998,6.97394789579158
668,331,6.9565868263473,7.0,999,6.97097097097097
668,331,6.95958083832335,7.0,999,6.97297297297297
664,333,6.96084337349398,7.0,997,6.97392176529589
672,325,6.96428571428571,7.0,997,6.97592778335005
673,326,6.962852897474,7.0,999,6.97497497497497
677,321,6.9615952732644,7.0,998,6.97394789579158
679,319,6.96318114874816,7.0,998,6.9749498997996
691,307,6.96382054992764,7.0,998,6.9749498997996
689,310,6.96806966618287,7.0,999,6.97797797797798
691,307,6.96671490593343,7.0,998,6.97695390781563
693,305,6.96825396825397,7.0,998,6.97795591182365
695,303,6.9726618705036,7.0,998,6.98096192384769
702,296,6.97293447293447,7.0,998,6.98096192384769
697,301,6.97274031563845,7.0,998,6.98096192384769
688,310,6.97529069767442,7.0,998,6.98296593186373
692,306,6.97687861271676,7.0,998,6.98396793587174
696,302,6.97701149425287,7.0,998,6.98396793587174
701,298,6.97574893009986,7.0,999,6.98298298298298
699,298,6.97424892703863,7.0,997,6.98194583751254
702,296,6.97578347578348,7.0,998,6.98296593186373
699,299,6.97424892703863,7.0,998,6.98196392785571
703,295,6.97439544807966,7.0,998,6.98196392785571
709,290,6.97743300423131,7.0,999,6.98398398398398
709,290,6.97884344146685,7.0,999,6.98498498498498
705,292,6.97872340425532,7.0,997,6.98495486459378
707,292,6.97878359264498,7.0,999,6.98498498498498
708,290,6.98022598870056,7.0,998,6.98597194388778
697,302,6.98134863701578,7.0,999,6.98698698698699
699,300,6.97854077253219,7.0,999,6.98498498498498
711,288,6.9789029535865,7.0,999,6.98498498498498
711,288,6.9774964838256,7.0,999,6.98398398398398
709,289,6.97320169252468,7.0,998,6.98096192384769
710,289,6.97323943661972,7.0,999,6.98098098098098
712,286,6.97331460674157,7.0,998,6.98096192384769
720,277,6.975,7.0,997,6.98194583751254
713,285,6.97335203366059,7.0,998,6.98096192384769
713,286,6.97335203366059,7.0,999,6.98098098098098
711,287,6.9732770745429,7.0,998,6.98096192384769
712,286,6.97191011235955,7.0,998,6.97995991983968
710,287,6.97042253521127,7.0,997,6.97893681043129
703,296,6.97581792318634,7.0,999,6.98298298298298
705,294,6.97588652482269,7.0,999,6.98298298298298
702,296,6.97578347578348,7.0,998,6.98296593186373
697,302,6.97417503586801,7.0,999,6.98198198198198
700,298,6.97428571428571,7.0,998,6.98196392785571
700,298,6.97285714285714,7.0,998,6.98096192384769
702,296,6.97435897435897,7.0,998,6.98196392785571
704,293,6.97443181818182,7.0,997,6.98194583751254
699,300,6.97424892703863,7.0,999,6.98198198198198
696,303,6.97126436781609,7.0,999,6.97997997997998
701,298,6.97146932952924,7.0,999,6.97997997997998
693,305,6.97691197691198,7.0,998,6.98396793587174
694,305,6.97694524495677,7.0,999,6.98398398398398
700,299,6.97142857142857,7.0,999,6.97997997997998
688,309,6.96947674418605,7.0,997,6.97893681043129
690,309,6.96811594202899,7.0,999,6.97797797797798
677,321,6.96454948301329,7.0,998,6.97595190380762
675,322,6.96444444444444,7.0,997,6.97592778335005
672,326,6.96279761904762,7.0,998,6.9749498997996
678,321,6.96312684365782,7.0,999,6.97497497497497
679,319,6.96023564064801,7.0,998,6.97294589178357
682,314,6.96187683284457,7.0,996,6.97389558232932
678,319,6.9646017699115,7.0,997,6.97592778335005
683,315,6.96193265007321,7.0,998,6.97394789579158
682,316,6.96041055718475,7.0,998,6.97294589178357
688,310,6.96366279069767,7.0,998,6.9749498997996
691,308,6.96671490593343,7.0,999,6.97697697697698
692,305,6.97109826589595,7.0,997,6.97993981945837
694,304,6.97406340057637,7.0,998,6.98196392785571
700,297,6.97285714285714,7.0,997,6.98094282848546
705,294,6.96879432624113,7.0,999,6.97797797797798
701,297,6.96861626248217,7.0,998,6.97795591182365
702,296,6.96723646723647,7.0,998,6.97695390781563
699,300,6.96995708154506,7.0,999,6.97897897897898
701,298,6.96861626248217,7.0,999,6.97797797797798
703,294,6.97155049786629,7.0,997,6.97993981945837
703,296,6.96870554765292,7.0,999,6.97797797797798
702,297,6.97008547008547,7.0,999,6.97897897897898
707,292,6.97029702970297,7.0,999,6.97897897897898
699,300,6.96709585121602,7.0,999,6.97697697697698
691,307,6.96671490593343,7.0,998,6.97695390781563
690,309,6.96666666666667,7.0,999,6.97697697697698
690,308,6.97101449275362,7.0,998,6.97995991983968
687,312,6.9665211062591,7.0,999,6.97697697697698
686,312,6.96793002915452,7.0,998,6.97795591182365
681,318,6.96769456681351,7.0,999,6.97797797797798
680,319,6.96617647058823,7.0,999,6.97697697697698
678,320,6.96755162241888,7.0,998,6.97795591182365
672,327,6.96726190476191,7.0,999,6.97797797797798
677,322,6.96898079763663,7.0,999,6.97897897897898
671,328,6.96572280178838,7.0,999,6.97697697697698
670,329,6.96417910447761,7.0,999,6.97597597597598
673,326,6.96582466567608,7.0,999,6.97697697697698
676,319,6.96153846153846,7.0,995,6.97386934673367
669,330,6.96711509715994,7.0,999,6.97797797797798
669,329,6.96562032884903,7.0,998,6.97695390781563
674,325,6.9673590504451,7.0,999,6.97797797797798
665,333,6.96390977443609,7.0,998,6.97595190380762
667,332,6.96551724137931,7.0,999,6.97697697697698
676,323,6.96449704142012,7.0,999,6.97597597597598
670,327,6.96865671641791,7.0,997,6.97893681043129
670,328,6.97014925373134,7.0,998,6.97995991983968
678,321,6.96902654867257,7.0,999,6.97897897897898
670,328,6.97462686567164,7.0,998,6.98296593186373
668,331,6.97455089820359,7.0,999,6.98298298298298
663,334,6.97285067873303,7.0,997,6.98194583751254
666,333,6.96846846846847,7.0,999,6.97897897897898
669,328,6.96711509715994,7.0,997,6.97793380140421
674,324,6.96884272997033,7.0,998,6.97895791583166
679,319,6.96170839469809,7.0,998,6.97394789579158
674,325,6.96587537091988,7.0,999,6.97697697697698
667,331,6.97001499250375,7.0,998,6.97995991983968
671,325,6.97168405365127,7.0,996,6.98092369477912
670,327,6.96567164179104,7.0,997,6.97693079237713
662,337,6.96827794561934,7.0,999,6.97897897897898
669,330,6.96562032884903,7.0,999,6.97697697697698
666,333,6.96396396396396,7.0,999,6.97597597597598
665,334,6.96691729323308,7.0,999,6.97797797797798
667,332,6.97001499250375,7.0,999,6.97997997997998
657,340,6.96651445966514,7.0,997,6.97793380140421
658,341,6.96960486322188,7.0,999,6.97997997997998
661,338,6.97276853252647,7.0,999,6.98198198198198
656,342,6.96951219512195,7.0,998,6.97995991983968
661,336,6.96822995461422,7.0,997,6.97893681043129
661,336,6.96671709531014,7.0,997,6.97793380140421
667,331,6.96551724137931,7.0,998,6.97695390781563
674,325,6.96439169139466,7.0,999,6.97597597597598
678,320,6.95870206489676,7.0,998,6.97194388777555
668,331,6.9625748502994,7.0,999,6.97497497497497
673,326,6.95988112927192,7.0,999,6.97297297297297
670,328,6.96417910447761,7.0,998,6.97595190380762
665,334,6.96541353383459,7.0,999,6.97697697697698
665,331,6.96390977443609,7.0,996,6.97590361445783
662,337,6.96525679758308,7.0,999,6.97697697697698
657,342,6.96194824961948,7.0,999,6.97497497497497
662,337,6.96223564954683,7.0,999,6.97497497497497
667,332,6.9640179910045,7.0,999,6.97597597597598
658,340,6.96352583586626,7.0,998,6.97595190380762
659,337,6.96358118361153,7.0,996,6.97590361445783
663,335,6.96380090497738,7.0,998,6.97595190380762
667,332,6.96251874062968,7.0,999,6.97497497497497
663,334,6.9577677224736,7.0,997,6.97191574724173
657,341,6.95890410958904,7.0,998,6.97294589178357
652,344,6.95858895705521,7.0,996,6.97289156626506
672,326,6.95684523809524,7.0,998,6.97094188376754
669,330,6.95814648729447,7.0,999,6.97197197197197
665,333,6.9593984962406,7.0,998,6.97294589178357
663,336,6.95475113122172,7.0,999,6.96996996996997
664,335,6.95180722891566,7.0,999,6.96796796796797
666,332,6.95195195195195,7.0,998,6.96793587174349
669,329,6.95366218236173,7.0,998,6.9689378757515
676,321,6.95118343195266,7.0,997,6.96690070210632
685,314,6.95620437956204,7.0,999,6.96996996996997
685,313,6.95474452554745,7.0,998,6.9689378757515
685,313,6.95766423357664,7.0,998,6.97094188376754
691,306,6.96382054992764,7.0,997,6.97492477432297
684,315,6.96783625730994,7.0,999,6.97797797797798
678,319,6.96902654867257,7.0,997,6.97893681043129
689,309,6.966618287373,7.0,998,6.97695390781563
689,310,6.966618287373,7.0,999,6.97697697697698
689,309,6.96371552975327,7.0,998,6.9749498997996
693,305,6.96392496392496,7.0,998,6.9749498997996
691,308,6.96960926193922,7.0,999,6.97897897897898
689,310,6.96952104499274,7.0,999,6.97897897897898
690,309,6.96376811594203,7.0,999,6.97497497497497
695,304,6.96402877697842,7.0,999,6.97497497497497
699,299,6.96709585121602,7.0,998,6.97695390781563
698,301,6.96848137535817,7.0,999,6.97797797797798
696,302,6.96695402298851,7.0,998,6.97695390781563
694,305,6.97118155619597,7.0,999,6.97997997997998
702,296,6.97008547008547,7.0,998,6.97895791583166
701,297,6.97004279600571,7.0,998,6.97895791583166
702,297,6.97150997150997,7.0,999,6.97997997997998
699,300,6.97424892703863,7.0,999,6.98198198198198
695,303,6.97553956834532,7.0,998,6.98296593186373
699,300,6.97424892703863,7.0,999,6.98198198198198
694,305,6.97694524495677,7.0,999,6.98398398398398
699,300,6.97567954220315,7.0,999,6.98298298298298
697,300,6.97704447632712,7.0,997,6.9839518555667
701,297,6.97574893009986,7.0,998,6.98296593186373
708,289,6.97033898305085,7.0,997,6.97893681043129
720,279,6.97083333333333,7.0,999,6.97897897897898
722,275,6.97091412742382,7.0,997,6.97893681043129
727,272,6.9697386519945,7.0,999,6.97797797797798
723,275,6.97095435684647,7.0,998,6.97895791583166
717,282,6.9721059972106,7.0,999,6.97997997997998
714,284,6.97478991596639,7.0,998,6.98196392785571
710,287,6.97464788732394,7.0,997,6.98194583751254
710,288,6.97183098591549,7.0,998,6.97995991983968
710,288,6.97605633802817,7.0,998,6.98296593186373
720,279,6.975,7.0,999,6.98198198198198
725,274,6.96965517241379,7.0,999,6.97797797797798
730,269,6.96712328767123,7.0,999,6.97597597597598
731,268,6.9671682626539,7.0,999,6.97597597597598
723,276,6.96542185338866,7.0,999,6.97497497497497
732,267,6.96584699453552,7.0,999,6.97497497497497
733,265,6.97135061391542,7.0,998,6.97895791583166
729,270,6.97119341563786,7.0,999,6.97897897897898
732,267,6.96994535519126,7.0,999,6.97797797797798
730,268,6.97123287671233,7.0,998,6.97895791583166
733,265,6.9699863574352,7.0,998,6.97795591182365
727,271,6.96836313617607,7.0,998,6.97695390781563
727,271,6.96698762035763,7.0,998,6.97595190380762
731,268,6.9671682626539,7.0,999,6.97597597597598
732,267,6.96448087431694,7.0,999,6.97397397397397
737,260,6.9674355495251,7.0,997,6.97592778335005
735,262,6.97006802721088,7.0,997,6.97793380140421
730,269,6.97123287671233,7.0,999,6.97897897897898
726,272,6.97107438016529,7.0,998,6.97895791583166
733,266,6.97271487039563,7.0,999,6.97997997997998
731,266,6.97127222982216,7.0,997,6.97893681043129
728,271,6.9739010989011,7.0,999,6.98098098098098
727,272,6.97386519944979,7.0,999,6.98098098098098
727,272,6.97248968363136,7.0,999,6.97997997997998
722,277,6.97229916897507,7.0,999,6.97997997997998
722,275,6.97091412742382,7.0,997,6.97893681043129
733,264,6.9699863574352,7.0,997,6.97793380140421
728,271,6.97115384615385,7.0,999,6.97897897897898
735,264,6.97414965986395,7.0,999,6.98098098098098
729,269,6.97256515775034,7.0,998,6.97995991983968
728,270,6.9739010989011,7.0,998,6.98096192384769
736,262,6.97690217391304,7.0,998,6.98296593186373
730,267,6.98082191780822,7.0,997,6.98595787362086
722,277,6.98337950138504,7.0,999,6.98798798798799
720,279,6.98333333333333,7.0,999,6.98798798798799
719,280,6.98052851182197,7.0,999,6.98598598598599
716,283,6.98184357541899,7.0,999,6.98698698698699
724,274,6.98204419889503,7.0,998,6.98697394789579
719,279,6.98331015299026,7.0,998,6.98797595190381
720,279,6.98333333333333,7.0,999,6.98798798798799
719,279,6.98470097357441,7.0,998,6.98897795591182
719,279,6.98470097357441,7.0,998,6.98897795591182
720,278,6.98472222222222,7.0,998,6.98897795591182
721,277,6.98474341192788,7.0,998,6.98897795591182
717,281,6.98186889818689,7.0,998,6.98697394789579
714,284,6.98179271708683,7.0,998,6.98697394789579
720,278,6.98055555555556,7.0,998,6.98597194388778
713,285,6.98036465638149,7.0,998,6.98597194388778
710,289,6.97746478873239,7.0,999,6.98398398398398
712,286,6.97893258426966,7.0,998,6.98496993987976
708,290,6.97881355932203,7.0,998,6.98496993987976
716,282,6.97765363128492,7.0,998,6.98396793587174
721,277,6.97919556171983,7.0,998,6.98496993987976
729,268,6.97942386831276,7.0,997,6.98495486459378
735,264,6.97687074829932,7.0,999,6.98298298298298
737,261,6.97421981004071,7.0,998,6.98096192384769
738,261,6.97425474254743,7.0,999,6.98098098098098
739,259,6.97158322056834,7.0,998,6.97895791583166
740,258,6.97162162162162,7.0,998,6.97895791583166
746,253,6.97184986595174,7.0,999,6.97897897897898
744,254,6.97177419354839,7.0,998,6.97895791583166
747,252,6.97322623828648,7.0,999,6.97997997997998
754,243,6.97480106100796,7.0,997,6.98094282848546
758,241,6.97361477572559,7.0,999,6.97997997997998
760,239,6.97368421052632,7.0,999,6.97997997997998
755,244,6.97218543046358,7.0,999,6.97897897897898
760,237,6.97368421052632,7.0,997,6.97993981945837
763,236,6.9737876802097,7.0,999,6.97997997997998
752,246,6.97074468085106,7.0,998,6.97795591182365
753,245,6.97078353253652,7.0,998,6.97795591182365
756,243,6.97222222222222,7.0,999,6.97897897897898
753,246,6.97476759628154,7.0,999,6.98098098098098
753,245,6.97609561752988,7.0,998,6.98196392785571
747,252,6.97590361445783,7.0,999,6.98198198198198
745,254,6.9758389261745,7.0,999,6.98198198198198
743,256,6.97308209959623,7.0,999,6.97997997997998
747,249,6.97456492637215,7.0,996,6.98092369477912
748,251,6.97459893048128,7.0,999,6.98098098098098
754,245,6.97347480106101,7.0,999,6.97997997997998
762,237,6.97112860892388,7.0,999,6.97797797797798
759,240,6.97101449275362,7.0,999,6.97797797797798
756,242,6.97089947089947,7.0,998,6.97795591182365
751,248,6.96671105193076,7.0,999,6.97497497497497
750,248,6.96933333333333,7.0,998,6.97695390781563
747,252,6.97054886211513,7.0,999,6.97797797797798
742,257,6.97035040431267,7.0,999,6.97797797797798
738,258,6.97018970189702,7.0,996,6.97791164658635
740,259,6.97297297297297,7.0,999,6.97997997997998
735,262,6.97006802721088,7.0,997,6.97793380140421
749,249,6.96929238985314,7.0,998,6.97695390781563
748,251,6.97192513368984,7.0,999,6.97897897897898
748,250,6.97727272727273,7.0,998,6.98296593186373
753,246,6.97875166002656,7.0,999,6.98398398398398
749,249,6.97863818424566,7.0,998,6.98396793587174
745,254,6.97986577181208,7.0,999,6.98498498498498
745,253,6.97852348993289,7.0,998,6.98396793587174
744,255,6.98118279569892,7.0,999,6.98598598598599
741,258,6.98110661268556,7.0,999,6.98598598598599
742,255,6.9811320754717,7.0,997,6.98595787362086
740,256,6.97972972972973,7.0,996,6.98493975903614
747,252,6.97858099062918,7.0,999,6.98398398398398
745,254,6.97718120805369,7.0,999,6.98298298298298
744,255,6.9758064516129,7.0,999,6.98198198198198
744,254,6.97715053763441,7.0,998,6.98296593186373
738,260,6.97831978319783,7.0,998,6.98396793587174
751,247,6.97603195739015,7.0,998,6.98196392785571
752,246,6.97872340425532,7.0,998,6.98396793587174
750,249,6.98,7.0,999,6.98498498498498
757,241,6.97622192866579,7.0,998,6.98196392785571
756,243,6.97751322751323,7.0,999,6.98298298298298
762,237,6.97769028871391,7.0,999,6.98298298298298
764,233,6.97643979057592,7.0,997,6.98194583751254
761,238,6.96977660972405,7.0,999,6.97697697697698
764,233,6.97120418848168,7.0,997,6.97793380140421
769,227,6.9739921976593,7.0,996,6.97991967871486
777,222,6.97039897039897,7.0,999,6.97697697697698
778,218,6.96915167095116,7.0,996,6.97590361445783
776,222,6.97036082474227,7.0,998,6.97695390781563
773,225,6.97024579560155,7.0,998,6.97695390781563
771,228,6.9662775616083,7.0,999,6.97397397397397
766,233,6.96605744125326,7.0,999,6.97397397397397
758,240,6.96833773087071,7.0,998,6.97595190380762
769,230,6.97009102730819,7.0,999,6.97697697697698
761,238,6.96846254927727,7.0,999,6.97597597597598
755,244,6.97086092715232,7.0,999,6.97797797797798
759,239,6.97364953886693,7.0,998,6.97995991983968
750,248,6.97333333333333,7.0,998,6.97995991983968
748,250,6.97459893048128,7.0,998,6.98096192384769
744,254,6.97177419354839,7.0,998,6.97895791583166
744,255,6.97177419354839,7.0,999,6.97897897897898
744,255,6.9744623655914,7.0,999,6.98098098098098
742,257,6.9743935309973,7.0,999,6.98098098098098
749,250,6.96929238985314,7.0,999,6.97697697697698
747,252,6.9718875502008,7.0,999,6.97897897897898
745,253,6.97181208053691,7.0,998,6.97895791583166
758,241,6.97229551451187,7.0,999,6.97897897897898
762,236,6.97244094488189,7.0,998,6.97895791583166
753,245,6.97211155378486,7.0,998,6.97895791583166
764,234,6.97643979057592,7.0,998,6.98196392785571
781,217,6.97439180537772,7.0,998,6.97995991983968
772,227,6.97279792746114,7.0,999,6.97897897897898
759,240,6.97364953886693,7.0,999,6.97997997997998
771,227,6.9727626459144,7.0,998,6.97895791583166
766,232,6.97258485639687,7.0,998,6.97895791583166
757,240,6.97093791281374,7.0,997,6.97793380140421
762,237,6.97244094488189,7.0,999,6.97897897897898
761,237,6.96846254927727,7.0,998,6.97595190380762
753,245,6.96812749003984,7.0,998,6.97595190380762
756,243,6.96957671957672,7.0,999,6.97697697697698
758,241,6.96965699208443,7.0,999,6.97697697697698
760,238,6.97105263157895,7.0,998,6.97795591182365
759,239,6.96969696969697,7.0,998,6.97695390781563
757,242,6.97093791281374,7.0,999,6.97797797797798
754,241,6.96949602122016,7.0,995,6.97688442211055
759,238,6.96969696969697,7.0,997,6.97693079237713
749,250,6.96795727636849,7.0,999,6.97597597597598
747,252,6.96787148594377,7.0,999,6.97597597597598
749,250,6.96795727636849,7.0,999,6.97597597597598
753,246,6.9667994687915,7.0,999,6.97497497497497
751,247,6.96404793608522,7.0,998,6.97294589178357
747,251,6.96251673360107,7.0,998,6.97194388777555
742,256,6.96495956873315,7.0,998,6.97394789579158
