forward_num,reverse_num,forward_rate,reverse_rate,organism_num,organism_rate
5,5,5.0,5.0,10,5.0
5,5,5.0,5.0,10,5.0
5,5,5.0,5.0,10,5.0
6,5,5.66666666666667,5.0,11,5.36363636363636
7,7,5.42857142857143,5.42857142857143,14,5.42857142857143
8,8,5.125,5.625,16,5.375
11,9,5.27272727272727,5.22222222222222,20,5.25
13,11,4.92307692307692,5.27272727272727,24,5.08333333333333
14,15,5.07142857142857,5.2,29,5.13793103448276
18,17,5.16666666666667,5.35294117647059,35,5.25714285714286
21,20,5.23809523809524,5.55,41,5.39024390243902
26,25,5.19230769230769,5.64,51,5.41176470588235
30,27,5.3,5.7037037037037,57,5.49122807017544
36,34,5.69444444444444,5.61764705882353,70,5.65714285714286
45,40,5.6,5.7,85,5.64705882352941
55,50,5.81818181818182,5.84,105,5.82857142857143
65,63,5.92307692307692,5.84126984126984,128,5.8828125
80,77,5.825,5.87012987012987,157,5.84713375796178
105,95,5.95238095238095,6.07368421052632,200,6.01
124,112,5.91935483870968,6.0625,236,5.98728813559322
144,136,6.06944444444444,6.32352941176471,280,6.19285714285714
187,162,6.13368983957219,6.33333333333333,349,6.22636103151862
229,207,6.1353711790393,6.35265700483092,436,6.23853211009174
285,245,6.29473684210526,6.4734693877551,530,6.37735849056604
343,311,6.28571428571429,6.46945337620579,654,6.37308868501529
435,389,6.34022988505747,6.48071979434447,824,6.40655339805825
540,459,6.4037037037037,6.5119825708061,999,6.45345345345345
542,455,6.36715867158672,6.42637362637363,997,6.39418254764293
544,455,6.41176470588235,6.56703296703297,999,6.48248248248248
547,452,6.35283363802559,6.55973451327434,999,6.44644644644645
542,456,6.31549815498155,6.58114035087719,998,6.43687374749499
543,456,6.29097605893186,6.59210526315789,999,6.42842842842843
546,453,6.27106227106227,6.53863134657837,999,6.39239239239239
556,441,6.25179856115108,6.55555555555556,997,6.38615847542628
556,443,6.24640287769784,6.48758465011287,999,6.35335335335335
567,432,6.24867724867725,6.46990740740741,999,6.34434434434434
558,440,6.26164874551971,6.46590909090909,998,6.35170340681363
556,443,6.24640287769784,6.40180586907449,999,6.31531531531532
550,449,6.27454545454545,6.40311804008909,999,6.33233233233233
553,446,6.23508137432188,6.39461883408072,999,6.30630630630631
548,448,6.25182481751825,6.52232142857143,996,6.37349397590361
544,454,6.29411764705882,6.54185022026432,998,6.40681362725451
547,450,6.27970749542962,6.58,997,6.41524573721163
546,453,6.28754578754579,6.64679911699779,999,6.45045045045045
554,444,6.25270758122744,6.66216216216216,998,6.43486973947896
548,450,6.32664233576642,6.62888888888889,998,6.46292585170341
554,445,6.35559566787004,6.60898876404494,999,6.46846846846847
556,443,6.29676258992806,6.7020316027088,999,6.47647647647648
564,434,6.30496453900709,6.69815668202765,998,6.47595190380762
566,433,6.28975265017668,6.66512702078522,999,6.45245245245245
556,442,6.35611510791367,6.63348416289593,998,6.47895791583166
551,446,6.35753176043557,6.56053811659193,997,6.44834503510532
540,458,6.30925925925926,6.4825327510917,998,6.38877755511022
546,453,6.33516483516483,6.50551876379691,999,6.41241241241241
544,454,6.32536764705882,6.54185022026432,998,6.42384769539078
536,462,6.33208955223881,6.55627705627706,998,6.43587174348697
538,461,6.31970260223048,6.60086767895879,999,6.44944944944945
543,456,6.32965009208103,6.63815789473684,999,6.47047047047047
548,449,6.33576642335766,6.69487750556793,997,6.4974924774323
544,455,6.27022058823529,6.58681318681319,999,6.41441441441441
541,456,6.31423290203327,6.6140350877193,997,6.45135406218656
547,452,6.327239488117,6.58407079646018,999,6.44344344344344
539,458,6.3191094619666,6.67903930131004,997,6.48445336008024
551,447,6.3557168784029,6.66442953020134,998,6.4939879759519
548,451,6.34671532846715,6.62749445676275,999,6.47347347347347
541,458,6.35859519408503,6.63318777292576,999,6.48448448448448
537,461,6.35195530726257,6.49457700650759,998,6.41783567134269
534,464,6.34831460674157,6.52586206896552,998,6.43086172344689
540,457,6.3462962962963,6.51203501094092,997,6.4222668004012
539,460,6.33395176252319,6.5,999,6.41041041041041
531,468,6.38229755178908,6.52136752136752,999,6.44744744744745
531,464,6.34086629001883,6.51939655172414,995,6.42412060301508
534,463,6.30524344569288,6.52267818574514,997,6.4062186559679
530,468,6.28867924528302,6.51923076923077,998,6.39679358717435
530,466,6.27547169811321,6.50214592274678,996,6.38152610441767
520,479,6.23461538461538,6.55949895615866,999,6.39039039039039
525,473,6.28952380952381,6.54756871035941,998,6.41182364729459
524,474,6.23473282442748,6.60337552742616,998,6.40981963927856
526,473,6.18250950570342,6.6384778012685,999,6.3983983983984
526,472,6.1958174904943,6.66101694915254,998,6.41583166332665
524,475,6.17748091603053,6.63157894736842,999,6.39339339339339
522,477,6.19540229885058,6.56813417190776,999,6.37337337337337
519,479,6.23699421965318,6.62421711899791,998,6.42284569138277
508,491,6.24015748031496,6.61914460285132,999,6.42642642642643
498,501,6.22088353413655,6.67065868263473,999,6.44644644644645
490,507,6.22040816326531,6.6646942800789,997,6.44633901705115
506,493,6.24308300395257,6.62677484787018,999,6.43243243243243
514,483,6.15758754863813,6.65217391304348,997,6.39719157472417
505,493,6.17623762376238,6.61663286004057,998,6.3937875751503
506,491,6.22134387351779,6.63543788187373,997,6.42527582748245
514,484,6.24124513618677,6.58471074380165,998,6.40781563126253
519,480,6.25626204238921,6.61041666666667,999,6.42642642642643
516,483,6.33527131782946,6.57763975155279,999,6.45245245245245
517,481,6.38297872340426,6.62370062370062,998,6.49899799599198
516,483,6.37984496124031,6.62939958592133,999,6.5005005005005
514,485,6.42801556420233,6.67216494845361,999,6.54654654654655
510,489,6.40392156862745,6.80572597137014,999,6.6006006006006
515,482,6.45242718446602,6.71784232365145,997,6.58074222668004
511,488,6.43444227005871,6.72950819672131,999,6.57857857857858
500,499,6.41,6.72344689378758,999,6.56656656656657
505,494,6.38019801980198,6.69433198380567,999,6.53553553553554
505,494,6.4039603960396,6.64574898785425,999,6.52352352352352
504,495,6.375,6.63030303030303,999,6.5015015015015
510,488,6.40980392156863,6.66188524590164,998,6.53306613226453
518,481,6.49034749034749,6.72765072765073,999,6.6046046046046
513,486,6.4541910331384,6.77777777777778,999,6.61161161161161
516,482,6.44767441860465,6.69917012448133,998,6.56913827655311
513,486,6.44249512670565,6.68724279835391,999,6.56156156156156
520,479,6.46153846153846,6.64509394572025,999,6.54954954954955
511,488,6.45792563600783,6.63524590163934,999,6.54454454454454
516,483,6.43410852713178,6.6128364389234,999,6.52052052052052
505,492,6.45148514851485,6.66056910569106,997,6.55466399197593
511,488,6.47749510763209,6.71926229508197,999,6.5955955955956
507,492,6.44773175542406,6.74390243902439,999,6.59359359359359
502,494,6.39840637450199,6.79757085020243,996,6.59638554216868
510,489,6.36862745098039,6.79959100204499,999,6.57957957957958
514,484,6.34241245136187,6.86776859504132,998,6.59719438877756
517,481,6.36943907156673,6.87941787941788,998,6.61523046092184
517,482,6.36363636363636,6.87966804979253,999,6.61261261261261
508,491,6.37204724409449,6.91038696537678,999,6.63663663663664
509,489,6.39292730844794,6.91820040899796,998,6.6503006012024
509,490,6.43025540275049,7.01428571428571,999,6.71671671671672
514,484,6.46692607003891,7.02685950413223,998,6.73847695390782
514,484,6.34630350194552,7.03512396694215,998,6.68036072144289
517,479,6.36750483558994,7.04175365344468,996,6.69176706827309
518,480,6.42084942084942,7.05,998,6.72344689378758
503,493,6.39165009940358,6.99594320486815,996,6.69076305220884
507,492,6.41222879684418,7.01626016260163,999,6.70970970970971
508,491,6.35236220472441,6.95723014256619,999,6.64964964964965
501,498,6.34730538922156,6.96987951807229,999,6.65765765765766
496,503,6.35483870967742,6.94433399602386,999,6.65165165165165
503,496,6.37972166998012,6.93951612903226,999,6.65765765765766
510,489,6.41176470588235,6.94683026584867,999,6.67367367367367
514,484,6.42801556420233,6.94214876033058,998,6.67735470941884
527,471,6.41366223908918,6.93842887473461,998,6.66132264529058
530,468,6.38301886792453,6.93162393162393,998,6.64028056112224
529,467,6.39130434782609,6.96359743040685,996,6.65963855421687
521,478,6.44145873320537,6.94560669456067,999,6.68268268268268
527,472,6.47628083491461,6.99576271186441,999,6.72172172172172
535,464,6.44485981308411,6.91594827586207,999,6.66366366366366
537,462,6.51396648044693,6.93506493506494,999,6.70870870870871
536,460,6.57462686567164,6.93913043478261,996,6.7429718875502
540,458,6.59444444444444,6.95414847161572,998,6.75951903807615
536,461,6.62686567164179,6.87418655097614,997,6.74122367101304
541,456,6.53604436229205,6.88157894736842,997,6.69408224674022
535,464,6.50093457943925,6.89870689655172,999,6.68568568568569
529,469,6.52930056710775,6.86993603411514,998,6.68937875751503
536,462,6.44216417910448,6.87012987012987,998,6.64028056112224
529,469,6.37051039697543,6.8955223880597,998,6.61723446893788
521,476,6.36084452975048,6.92647058823529,997,6.6308926780341
513,486,6.38011695906433,6.95267489711934,999,6.65865865865866
514,485,6.40856031128405,6.94020618556701,999,6.66666666666667
523,475,6.34608030592734,7.01684210526316,998,6.66533066132265
524,472,6.36641221374046,6.96610169491525,996,6.65060240963855
526,473,6.27566539923954,6.89006342494715,999,6.56656656656657
515,482,6.3495145631068,6.89004149377593,997,6.61083249749248
518,481,6.38610038610039,6.8004158004158,999,6.58558558558559
537,462,6.39292364990689,6.79004329004329,999,6.57657657657658
532,466,6.33834586466165,6.7274678111588,998,6.52004008016032
540,458,6.29814814814815,6.68995633187773,998,6.47795591182365
538,459,6.26208178438662,6.63834422657952,997,6.43530591775326
541,456,6.21996303142329,6.64035087719298,997,6.41223671013039
536,462,6.2089552238806,6.68614718614719,998,6.42985971943888
536,462,6.21268656716418,6.74025974025974,998,6.45691382765531
531,468,6.22033898305085,6.70726495726496,999,6.44844844844845
532,467,6.23496240601504,6.73661670235546,999,6.46946946946947
537,461,6.21787709497207,6.8177874186551,998,6.49498997995992
549,450,6.2568306010929,6.76666666666667,999,6.48648648648649
539,459,6.21335807050093,6.73856209150327,998,6.45490981963928
532,467,6.31954887218045,6.77301927194861,999,6.53153153153153
524,473,6.31679389312977,6.76532769556025,997,6.5295887662989
532,467,6.31578947368421,6.72591006423983,999,6.50750750750751
525,474,6.34857142857143,6.75316455696202,999,6.54054054054054
518,481,6.35907335907336,6.73804573804574,999,6.54154154154154
523,475,6.38432122370937,6.70105263157895,998,6.53507014028056
521,478,6.4510556621881,6.73849372384937,999,6.58858858858859
518,479,6.43243243243243,6.76826722338205,997,6.5937813440321
521,478,6.48752399232246,6.69246861924686,999,6.58558558558559
524,474,6.44847328244275,6.72151898734177,998,6.57815631262525
530,469,6.40754716981132,6.68443496801706,999,6.53753753753754
528,470,6.40151515151515,6.76382978723404,998,6.57214428857715
526,473,6.43916349809886,6.7399577167019,999,6.58158158158158
520,479,6.48461538461538,6.7098121085595,999,6.59259259259259
530,468,6.50377358490566,6.69444444444444,998,6.59318637274549
531,468,6.51600753295669,6.68589743589744,999,6.5955955955956
523,474,6.52963671128107,6.62658227848101,997,6.57572718154463
525,472,6.60952380952381,6.61864406779661,997,6.61384152457372
528,470,6.63068181818182,6.63404255319149,998,6.63226452905812
525,473,6.64761904761905,6.63002114164905,998,6.63927855711423
528,470,6.59280303030303,6.6468085106383,998,6.61823647294589
524,474,6.55152671755725,6.59071729957806,998,6.57014028056112
519,480,6.55876685934489,6.675,999,6.61461461461461
524,475,6.54961832061069,6.66947368421053,999,6.60660660660661
527,472,6.55218216318786,6.68220338983051,999,6.61361361361361
527,472,6.57495256166983,6.69491525423729,999,6.63163163163163
532,467,6.54511278195489,6.70235546038544,999,6.61861861861862
533,466,6.53846153846154,6.70386266094421,999,6.61561561561562
536,463,6.47761194029851,6.65442764578834,999,6.55955955955956
528,471,6.53977272727273,6.62632696390658,999,6.58058058058058
528,470,6.5625,6.60425531914894,998,6.58216432865731
534,463,6.58801498127341,6.64578833693305,997,6.6148445336008
541,458,6.57670979667283,6.57205240174673,999,6.57457457457457
541,457,6.60813308687616,6.62582056892779,998,6.61623246492986
545,453,6.61100917431193,6.65342163355408,998,6.63026052104208
542,456,6.61992619926199,6.68640350877193,998,6.6503006012024
549,449,6.63023679417122,6.70378619153675,998,6.66332665330661
552,447,6.69021739130435,6.71140939597315,999,6.6996996996997
548,449,6.66788321167883,6.79732739420935,997,6.72617853560682
553,446,6.66726943942134,6.73094170403587,999,6.6956956956957
551,448,6.62068965517241,6.74776785714286,999,6.67767767767768
543,455,6.55616942909761,6.84175824175824,998,6.68637274549098
539,460,6.61224489795918,6.75869565217391,999,6.67967967967968
536,462,6.61007462686567,6.71861471861472,998,6.66032064128257
534,464,6.50936329588015,6.73491379310345,998,6.61422845691383
544,455,6.56617647058824,6.71648351648352,999,6.63463463463463
536,462,6.54664179104478,6.68614718614719,998,6.61122244488978
540,459,6.60185185185185,6.70152505446623,999,6.64764764764765
540,459,6.59814814814815,6.6797385620915,999,6.63563563563564
534,464,6.61423220973783,6.71120689655172,998,6.65931863727455
528,468,6.57007575757576,6.75,996,6.65461847389558
536,461,6.54664179104478,6.74620390455531,997,6.63891675025075
535,462,6.5607476635514,6.78354978354978,997,6.66399197592778
532,467,6.55451127819549,6.77730192719486,999,6.65865865865866
535,462,6.6018691588785,6.71212121212121,997,6.65295887662989
534,465,6.69288389513109,6.69032258064516,999,6.69169169169169
530,468,6.60754716981132,6.73290598290598,998,6.66633266533066
533,466,6.53846153846154,6.7725321888412,999,6.64764764764765
528,470,6.5625,6.76170212765957,998,6.6563126252505
524,475,6.54007633587786,6.69473684210526,999,6.61361361361361
527,470,6.54459203036053,6.75106382978723,997,6.641925777332
530,467,6.47735849056604,6.76017130620985,997,6.6098294884654
530,469,6.48679245283019,6.77185501066098,999,6.62062062062062
519,479,6.47591522157996,6.74947807933194,998,6.60721442885772
521,477,6.45297504798465,6.75681341719078,998,6.59819639278557
514,485,6.42996108949416,6.76494845360825,999,6.59259259259259
512,486,6.462890625,6.77366255144033,998,6.61422845691383
510,488,6.5,6.81967213114754,998,6.6563126252505
504,494,6.54960317460317,6.78542510121457,998,6.66633266533066
501,498,6.50299401197605,6.77309236947791,999,6.63763763763764
495,502,6.5030303030303,6.74302788844621,997,6.62387161484453
485,513,6.50103092783505,6.73099415204678,998,6.61923847695391
498,500,6.49196787148594,6.684,998,6.58817635270541
495,504,6.52323232323232,6.68849206349206,999,6.60660660660661
498,499,6.48995983935743,6.70741482965932,997,6.5987963891675
493,506,6.52535496957404,6.6600790513834,999,6.59359359359359
478,521,6.52510460251046,6.65259117082534,999,6.59159159159159
482,516,6.55809128630705,6.73255813953488,998,6.64829659318637
485,514,6.50927835051546,6.70622568093385,999,6.61061061061061
486,513,6.50205761316872,6.77387914230019,999,6.64164164164164
475,524,6.52842105263158,6.70229007633588,999,6.61961961961962
481,515,6.54261954261954,6.68543689320388,996,6.61646586345381
484,514,6.55371900826446,6.63229571984436,998,6.59418837675351
484,514,6.59917355371901,6.62256809338521,998,6.61122244488978
480,519,6.55416666666667,6.60308285163777,999,6.57957957957958
482,517,6.52904564315353,6.57253384912959,999,6.55155155155155
491,507,6.5234215885947,6.534516765286,998,6.52905811623246
482,515,6.47302904564315,6.50291262135922,997,6.48846539618857
487,512,6.39630390143737,6.501953125,999,6.45045045045045
476,522,6.43067226890756,6.45785440613027,998,6.44488977955912
483,515,6.42650103519669,6.45436893203884,998,6.44088176352705
479,519,6.46137787056367,6.46242774566474,998,6.46192384769539
478,521,6.48953974895398,6.49904030710173,999,6.49449449449449
482,517,6.4045643153527,6.46808510638298,999,6.43743743743744
495,504,6.41010101010101,6.47023809523809,999,6.44044044044044
497,500,6.42253521126761,6.49,997,6.45636910732197
489,509,6.40899795501022,6.50098231827112,998,6.45591182364729
490,508,6.45102040816327,6.43503937007874,998,6.44288577154309
489,509,6.42740286298569,6.49115913555992,998,6.45991983967936
491,508,6.43380855397149,6.51771653543307,999,6.47647647647648
485,514,6.42268041237113,6.5136186770428,999,6.46946946946947
481,518,6.37006237006237,6.51930501930502,999,6.44744744744745
479,520,6.33194154488518,6.49423076923077,999,6.41641641641642
474,525,6.31645569620253,6.46095238095238,999,6.39239239239239
473,524,6.28118393234672,6.37786259541985,997,6.33199598796389
475,524,6.21052631578947,6.36641221374046,999,6.29229229229229
476,522,6.13235294117647,6.32567049808429,998,6.23346693386774
468,531,6.18803418803419,6.35969868173258,999,6.27927927927928
475,523,6.18526315789474,6.26386233269599,998,6.22645290581162
485,514,6.27010309278351,6.28988326848249,999,6.28028028028028
486,513,6.26337448559671,6.2962962962963,999,6.28028028028028
489,508,6.30674846625767,6.29527559055118,997,6.30090270812437
508,490,6.36220472440945,6.25510204081633,998,6.30961923847695
493,506,6.3367139959432,6.28063241106719,999,6.30830830830831
507,490,6.32938856015779,6.28367346938775,997,6.30692076228686
508,491,6.30511811023622,6.23828920570265,999,6.27227227227227
517,481,6.24564796905222,6.25155925155925,998,6.24849699398798
518,481,6.22972972972973,6.22037422037422,999,6.22522522522523
523,475,6.32122370936902,6.27578947368421,998,6.29959919839679
523,474,6.29827915869981,6.31223628691983,997,6.3049147442327
518,481,6.28764478764479,6.29106029106029,999,6.28928928928929
513,485,6.2729044834308,6.28659793814433,998,6.27955911823647
505,493,6.25148514851485,6.32657200811359,998,6.28857715430862
508,491,6.2007874015748,6.41140529531568,999,6.3043043043043
512,487,6.248046875,6.43326488706365,999,6.33833833833834
504,495,6.20039682539683,6.40808080808081,999,6.3033033033033
499,499,6.24649298597194,6.44288577154309,998,6.34468937875751
498,500,6.28112449799197,6.41,998,6.34569138276553
499,498,6.18036072144289,6.48995983935743,997,6.33500501504514
488,511,6.16803278688525,6.52446183953033,999,6.35035035035035
489,510,6.16768916155419,6.47843137254902,999,6.32632632632633
493,506,6.08924949290061,6.49407114624506,999,6.29429429429429
500,499,6.128,6.46492985971944,999,6.2962962962963
508,490,6.04330708661417,6.36122448979592,998,6.19939879759519
502,497,6.05577689243028,6.38430583501006,999,6.21921921921922
502,495,6.02390438247012,6.42424242424242,997,6.22266800401204
506,490,6.00592885375494,6.40816326530612,996,6.20381526104418
506,493,6.09090909090909,6.36105476673428,999,6.22422422422422
504,495,6.13293650793651,6.32929292929293,999,6.23023023023023
514,485,6.22762645914397,6.32164948453608,999,6.27327327327327
502,497,6.18525896414343,6.36217303822938,999,6.27327327327327
504,494,6.15277777777778,6.39271255060729,998,6.27154308617235
494,505,6.21457489878543,6.37029702970297,999,6.29329329329329
487,511,6.2217659137577,6.37181996086106,998,6.29859719438878
485,514,6.24536082474227,6.3852140077821,999,6.31731731731732
483,516,6.25051759834369,6.43410852713178,999,6.34534534534535
491,507,6.19755600814664,6.42998027613412,998,6.31563126252505
488,511,6.22745901639344,6.42074363992172,999,6.32632632632633
489,510,6.19222903885481,6.38627450980392,999,6.29129129129129
486,513,6.20164609053498,6.42105263157895,999,6.31431431431431
485,514,6.20618556701031,6.36575875486381,999,6.28828828828829
492,507,6.22967479674797,6.32741617357002,999,6.27927927927928
492,507,6.17276422764228,6.30571992110454,999,6.24024024024024
500,498,6.192,6.35140562248996,998,6.27154308617235
492,506,6.20528455284553,6.38339920948617,998,6.29559118236473
492,507,6.22764227642276,6.32347140039448,999,6.27627627627628
494,504,6.25910931174089,6.34126984126984,998,6.30060120240481
494,504,6.2246963562753,6.38095238095238,998,6.30360721442886
497,502,6.19718309859155,6.33466135458167,999,6.26626626626627
500,497,6.276,6.37424547283702,997,6.32497492477432
507,492,6.25049309664694,6.40853658536585,999,6.32832832832833
501,497,6.35129740518962,6.40241448692153,998,6.37675350701403
495,504,6.31717171717172,6.40079365079365,999,6.35935935935936
493,506,6.32454361054767,6.42687747035573,999,6.37637637637638
488,511,6.3094262295082,6.36986301369863,999,6.34034034034034
492,507,6.3760162601626,6.43984220907298,999,6.40840840840841
497,502,6.37625754527163,6.46215139442231,999,6.41941941941942
501,497,6.40518962075848,6.47686116700201,998,6.44088176352705
500,499,6.406,6.42284569138277,999,6.41441441441441
496,503,6.34072580645161,6.36978131212724,999,6.35535535535536
497,500,6.29577464788732,6.416,997,6.35606820461384
496,502,6.28225806451613,6.40637450199203,998,6.34468937875751
505,493,6.28118811881188,6.46855983772819,998,6.37374749498998
511,487,6.24461839530333,6.41683778234086,998,6.32865731462926
516,482,6.26744186046512,6.44813278008299,998,6.35470941883768
513,486,6.31189083820663,6.49382716049383,999,6.4004004004004
514,484,6.30933852140078,6.45454545454545,998,6.37975951903808
515,480,6.29126213592233,6.41666666666667,995,6.35175879396985
512,487,6.314453125,6.36139630390144,999,6.33733733733734
524,472,6.2881679389313,6.36016949152542,996,6.32228915662651
526,471,6.27566539923954,6.35031847133758,997,6.31093279839519
531,468,6.27306967984934,6.28418803418803,999,6.27827827827828
528,470,6.25189393939394,6.27234042553192,998,6.26152304609218
527,472,6.21631878557875,6.26271186440678,999,6.23823823823824
524,474,6.3206106870229,6.23417721518987,998,6.27955911823647
527,472,6.35483870967742,6.29449152542373,999,6.32632632632633
534,464,6.34269662921348,6.29310344827586,998,6.31963927855711
537,461,6.3389199255121,6.27548806941432,998,6.30961923847695
535,464,6.29532710280374,6.30818965517241,999,6.3013013013013
532,467,6.2687969924812,6.30406852248394,999,6.28528528528529
522,476,6.27394636015326,6.32352941176471,998,6.29759519038076
526,473,6.35171102661597,6.33192389006343,999,6.34234234234234
532,466,6.37781954887218,6.25751072961373,998,6.32164328657315
534,465,6.3689138576779,6.31397849462366,999,6.34334334334334
528,471,6.34280303030303,6.29511677282378,999,6.32032032032032
520,479,6.40769230769231,6.32150313152401,999,6.36636636636637
516,483,6.40116279069767,6.33747412008282,999,6.37037037037037
504,492,6.43253968253968,6.33536585365854,996,6.38453815261044
505,493,6.44356435643564,6.36916835699797,998,6.40681362725451
506,493,6.47233201581028,6.35294117647059,999,6.41341341341341
515,483,6.49514563106796,6.3416149068323,998,6.42084168336673
514,483,6.46303501945525,6.37060041407867,997,6.41825476429288
517,481,6.55125725338491,6.37629937629938,998,6.46693386773547
512,487,6.59765625,6.36139630390144,999,6.48248248248248
511,488,6.6320939334638,6.44672131147541,999,6.54154154154154
512,487,6.654296875,6.435318275154,999,6.54754754754755
515,484,6.62912621359223,6.4504132231405,999,6.54254254254254
515,483,6.61165048543689,6.54037267080745,998,6.57715430861723
521,477,6.56621880998081,6.46960167714885,998,6.52004008016032
522,476,6.54980842911877,6.41386554621849,998,6.48496993987976
518,481,6.51351351351351,6.3991683991684,999,6.45845845845846
530,469,6.50377358490566,6.4136460554371,999,6.46146146146146
524,475,6.48282442748092,6.42526315789474,999,6.45545545545546
528,471,6.46022727272727,6.37367303609342,999,6.41941941941942
528,470,6.48484848484848,6.43191489361702,998,6.45991983967936
523,474,6.48565965583174,6.41350210970464,997,6.45135406218656
527,471,6.48007590132827,6.47346072186837,998,6.47695390781563
535,462,6.45233644859813,6.45670995670996,997,6.4543630892678
528,471,6.46022727272727,6.50106157112527,999,6.47947947947948
528,469,6.42234848484848,6.54157782515991,997,6.47843530591775
522,477,6.42911877394636,6.49895178197065,999,6.46246246246246
522,476,6.40804597701149,6.41176470588235,998,6.40981963927856
524,473,6.3912213740458,6.4122621564482,997,6.4012036108325
527,472,6.38330170777989,6.41525423728814,999,6.3983983983984
533,466,6.41651031894934,6.42274678111588,999,6.41941941941942
529,470,6.41020793950851,6.44468085106383,999,6.42642642642643
523,476,6.41108986615679,6.50840336134454,999,6.45745745745746
516,482,6.46705426356589,6.48132780082988,998,6.47394789579158
517,481,6.46034816247582,6.45114345114345,998,6.45591182364729
520,477,6.44423076923077,6.48008385744235,997,6.46138415245737
519,479,6.47398843930636,6.44676409185804,998,6.46092184368737
517,481,6.47582205029014,6.42619542619543,998,6.45190380761523
514,485,6.49221789883268,6.38762886597938,999,6.44144144144144
510,486,6.40980392156863,6.43415637860082,996,6.42168674698795
506,493,6.39130434782609,6.44624746450304,999,6.41841841841842
498,497,6.45582329317269,6.41247484909457,995,6.43417085427136
504,495,6.42063492063492,6.38585858585859,999,6.4034034034034
507,492,6.46942800788955,6.42886178861789,999,6.44944944944945
500,499,6.478,6.37875751503006,999,6.42842842842843
495,504,6.47676767676768,6.38095238095238,999,6.42842842842843
500,499,6.568,6.31663326653307,999,6.44244244244244
492,507,6.49390243902439,6.31755424063116,999,6.4044044044044
497,502,6.58551307847083,6.39043824701195,999,6.48748748748749
501,498,6.50898203592814,6.39357429718875,999,6.45145145145145
507,491,6.46351084812623,6.39511201629328,998,6.42985971943888
501,497,6.48303393213573,6.41448692152917,998,6.44889779559118
512,485,6.46875,6.40824742268041,997,6.43931795386158
513,485,6.48148148148148,6.45567010309278,998,6.4689378757515
516,483,6.49031007751938,6.45962732919255,999,6.47547547547548
512,484,6.482421875,6.50619834710744,996,6.49397590361446
521,476,6.54510556621881,6.50840336134454,997,6.52758274824473
516,483,6.52713178294574,6.50310559006211,999,6.51551551551552
526,473,6.54182509505703,6.50739957716702,999,6.52552552552553
528,471,6.4905303030303,6.45010615711253,999,6.47147147147147
526,473,6.50760456273764,6.4291754756871,999,6.47047047047047
529,469,6.50094517958412,6.38379530916844,998,6.44589178356713
538,461,6.45910780669145,6.38177874186551,999,6.42342342342342
537,462,6.487895716946,6.4025974025974,999,6.44844844844845
546,452,6.50549450549451,6.36946902654867,998,6.4438877755511
538,459,6.51672862453532,6.38126361655773,997,6.4543630892678
532,467,6.52255639097744,6.31263383297645,999,6.42442442442442
538,459,6.55390334572491,6.33115468409586,997,6.45135406218656
539,458,6.55844155844156,6.32751091703057,997,6.45235707121364
529,467,6.52173913043478,6.28051391862955,996,6.40863453815261
539,460,6.54545454545455,6.23695652173913,999,6.4034034034034
536,463,6.50932835820895,6.29805615550756,999,6.41141141141141
533,466,6.50656660412758,6.33905579399142,999,6.42842842842843
527,471,6.53700189753321,6.29936305732484,998,6.4248496993988
531,466,6.54990583804143,6.2725321888412,997,6.42026078234704
546,452,6.56227106227106,6.27654867256637,998,6.43286573146293
539,460,6.58256029684601,6.29130434782609,999,6.44844844844845
539,460,6.60111317254174,6.32173913043478,999,6.47247247247247
535,463,6.5607476635514,6.38876889848812,998,6.48096192384769
535,463,6.5588785046729,6.41036717062635,998,6.48997995991984
540,459,6.58888888888889,6.44226579520697,999,6.52152152152152
542,455,6.54612546125461,6.45714285714286,997,6.50551654964895
538,461,6.48884758364312,6.4468546637744,999,6.46946946946947
536,460,6.46641791044776,6.46739130434783,996,6.46686746987952
554,443,6.49097472924188,6.51693002257336,997,6.5025075225677
552,447,6.46920289855072,6.45637583892617,999,6.46346346346346
560,438,6.43928571428571,6.49086757990868,998,6.46192384769539
562,437,6.41103202846975,6.48512585812357,999,6.44344344344344
564,434,6.44858156028369,6.4331797235023,998,6.44188376753507
573,426,6.42408376963351,6.4906103286385,999,6.45245245245245
567,432,6.40388007054674,6.54398148148148,999,6.46446446446446
566,431,6.41696113074205,6.58932714617169,997,6.49147442326981
559,440,6.41502683363148,6.56818181818182,999,6.48248248248248
560,439,6.41964285714286,6.52619589977221,999,6.46646646646647
548,451,6.46350364963504,6.509977827051,999,6.48448448448448
537,461,6.44134078212291,6.54663774403471,998,6.48997995991984
549,450,6.45537340619308,6.51777777777778,999,6.48348348348348
550,449,6.45272727272727,6.54120267260579,999,6.49249249249249
547,450,6.44972577696527,6.57777777777778,997,6.50752256770311
549,450,6.42805100182149,6.56666666666667,999,6.49049049049049
549,450,6.4735883424408,6.51333333333333,999,6.49149149149149
546,453,6.47435897435897,6.48123620309051,999,6.47747747747748
542,456,6.46863468634686,6.53070175438596,998,6.49699398797595
536,463,6.51119402985075,6.50323974082073,999,6.50750750750751
540,457,6.50185185185185,6.51422319474836,997,6.50752256770311
546,453,6.45970695970696,6.50110375275938,999,6.47847847847848
533,465,6.4859287054409,6.52043010752688,998,6.50200400801603
554,444,6.49638989169675,6.48873873873874,998,6.49298597194389
545,453,6.49174311926606,6.48565121412804,998,6.48897795591182
546,450,6.43956043956044,6.48444444444444,996,6.45983935742972
560,438,6.4625,6.5365296803653,998,6.49498997995992
553,445,6.46835443037975,6.50561797752809,998,6.48496993987976
546,453,6.48351648351648,6.47902869757174,999,6.48148148148148
551,448,6.46642468239564,6.46651785714286,999,6.46646646646647
551,447,6.43375680580762,6.46532438478747,998,6.44789579158317
548,450,6.46167883211679,6.56222222222222,998,6.50701402805611
553,444,6.49367088607595,6.57657657657658,997,6.53059177532598
555,442,6.45765765765766,6.56787330316742,997,6.50651955867603
552,447,6.39492753623188,6.52796420581655,999,6.45445445445445
547,452,6.42230347349177,6.5,999,6.45745745745746
543,456,6.37937384898711,6.55043859649123,999,6.45745745745746
540,458,6.37777777777778,6.55240174672489,998,6.45791583166333
547,452,6.38939670932358,6.54867256637168,999,6.46146146146146
539,459,6.36549165120594,6.50326797385621,998,6.42885771543086
543,456,6.36648250460405,6.45175438596491,999,6.40540540540541
537,460,6.34450651769088,6.50434782608696,997,6.41825476429288
536,463,6.32276119402985,6.50107991360691,999,6.40540540540541
542,456,6.31918819188192,6.48026315789474,998,6.39278557114228
547,451,6.36197440585009,6.43680709534368,998,6.39579158316633
549,448,6.3551912568306,6.39732142857143,997,6.3741223671013
549,449,6.4207650273224,6.39420935412027,998,6.40881763527054
548,451,6.44160583941606,6.41906873614191,999,6.43143143143143
560,438,6.43214285714286,6.41552511415525,998,6.4248496993988
566,433,6.42579505300353,6.44803695150115,999,6.43543543543544
575,424,6.4904347826087,6.44103773584906,999,6.46946946946947
589,409,6.51782682512733,6.39853300733496,998,6.4689378757515
575,424,6.52695652173913,6.42924528301887,999,6.48548548548549
569,430,6.53602811950791,6.4046511627907,999,6.47947947947948
567,432,6.46913580246914,6.37731481481481,999,6.42942942942943
564,430,6.4645390070922,6.41162790697674,994,6.44164989939638
570,427,6.46140350877193,6.37236533957845,997,6.42326980942828
571,425,6.43607705779335,6.33882352941176,996,6.39457831325301
576,423,6.38715277777778,6.32151300236407,999,6.35935935935936
571,428,6.47635726795096,6.39485981308411,999,6.44144144144144
579,420,6.41968911917098,6.4,999,6.41141141141141
582,417,6.38316151202749,6.39088729016787,999,6.38638638638639
583,414,6.37392795883362,6.38647342995169,997,6.37913741223671
576,422,6.390625,6.38388625592417,998,6.3877755511022
567,432,6.45502645502645,6.39814814814815,999,6.43043043043043
576,423,6.46354166666667,6.34751773049645,999,6.41441441441441
578,421,6.43425605536332,6.35866983372922,999,6.4024024024024
574,424,6.40243902439024,6.34433962264151,998,6.37775551102204
568,430,6.45070422535211,6.41627906976744,998,6.43587174348697
563,435,6.42984014209592,6.40229885057471,998,6.41783567134269
559,440,6.42754919499106,6.44545454545455,999,6.43543543543544
560,438,6.39285714285714,6.44977168949772,998,6.41783567134269
562,437,6.36476868327402,6.50114416475973,999,6.42442442442442
558,441,6.3405017921147,6.58049886621315,999,6.44644644644645
555,444,6.32972972972973,6.5990990990991,999,6.44944944944945
552,446,6.44021739130435,6.55829596412556,998,6.49298597194389
549,450,6.4408014571949,6.55555555555556,999,6.49249249249249
556,442,6.45863309352518,6.50226244343891,998,6.47795591182365
562,437,6.43772241992883,6.43935926773455,999,6.43843843843844
572,426,6.39510489510489,6.481220657277,998,6.43186372745491
564,435,6.34574468085106,6.48965517241379,999,6.40840840840841
565,433,6.40176991150442,6.41570438799076,998,6.40781563126253
576,423,6.30208333333333,6.40661938534279,999,6.34634634634635
585,414,6.32136752136752,6.42270531400966,999,6.36336336336336
585,414,6.3042735042735,6.39613526570048,999,6.34234234234234
586,412,6.32764505119454,6.37378640776699,998,6.34669338677355
580,419,6.2948275862069,6.45107398568019,999,6.36036036036036
575,421,6.29565217391304,6.43942992874109,996,6.35642570281125
569,427,6.30931458699473,6.43793911007026,996,6.3644578313253
570,427,6.32105263157895,6.47775175644028,997,6.38816449348044
568,431,6.28521126760563,6.49419953596288,999,6.37537537537538
562,436,6.29003558718861,6.45412844036697,998,6.36172344689379
564,435,6.29787234042553,6.42758620689655,999,6.35435435435435
571,427,6.34325744308231,6.44262295081967,998,6.38577154308617
565,434,6.31681415929204,6.50230414746544,999,6.3973973973974
565,434,6.36106194690266,6.57834101382489,999,6.45545545545546
558,440,6.37634408602151,6.60227272727273,998,6.47595190380762
561,434,6.40106951871658,6.64976958525346,995,6.50954773869347
566,433,6.43816254416961,6.58198614318707,999,6.5005005005005
565,434,6.4,6.65207373271889,999,6.50950950950951
570,427,6.42982456140351,6.66744730679157,997,6.53159478435306
572,426,6.51573426573427,6.67136150234742,998,6.58216432865731
571,428,6.45884413309982,6.64018691588785,999,6.53653653653654
571,427,6.43432574430823,6.6135831381733,998,6.51102204408818
574,424,6.47386759581881,6.70283018867925,998,6.57114228456914
577,421,6.421143847487,6.70308788598575,998,6.54008016032064
569,429,6.40421792618629,6.69230769230769,998,6.52805611222445
574,425,6.41811846689895,6.68235294117647,999,6.53053053053053
568,431,6.39260563380282,6.66357308584687,999,6.50950950950951
572,427,6.38111888111888,6.66042154566745,999,6.5005005005005
582,417,6.45360824742268,6.64748201438849,999,6.53453453453453
578,420,6.49134948096886,6.7047619047619,998,6.5811623246493
584,414,6.49486301369863,6.66183574879227,998,6.56412825651303
575,423,6.46260869565217,6.66666666666667,998,6.54909819639279
577,419,6.45060658578856,6.70644391408115,996,6.55823293172691
572,427,6.46328671328671,6.69789227166276,999,6.56356356356356
577,420,6.45233968804159,6.73095238095238,997,6.56970912738215
564,435,6.40957446808511,6.77701149425287,999,6.56956956956957
571,427,6.40980735551664,6.74473067915691,998,6.55310621242485
555,444,6.44144144144144,6.73873873873874,999,6.57357357357357
561,438,6.45632798573975,6.74657534246575,999,6.58358358358358
565,434,6.47964601769911,6.73041474654378,999,6.58858858858859
570,429,6.48421052631579,6.69463869463869,999,6.57457457457457
575,423,6.48347826086956,6.71394799054374,998,6.5811623246493
577,419,6.48006932409012,6.7255369928401,996,6.58333333333333
591,408,6.46192893401015,6.68872549019608,999,6.55455455455455
593,404,6.48566610455312,6.67326732673267,997,6.5616850551655
591,406,6.45516074450085,6.67487684729064,997,6.54463390170512
601,397,6.42096505823627,6.69017632241814,998,6.52805611222445
606,393,6.44224422442244,6.68447837150127,999,6.53753753753754
603,396,6.50912106135987,6.62626262626263,999,6.55555555555556
601,397,6.54076539101498,6.68010075566751,998,6.59619238476954
601,398,6.53577371048253,6.72613065326633,999,6.61161161161161
606,393,6.49174917491749,6.77608142493639,999,6.6036036036036
596,403,6.51677852348993,6.79900744416873,999,6.63063063063063
594,403,6.5,6.75434243176179,997,6.60280842527583
599,400,6.48914858096828,6.825,999,6.62362362362362
601,397,6.52412645590682,6.81612090680101,998,6.64028056112224
597,400,6.56951423785595,6.84,997,6.67803410230692
596,399,6.52684563758389,6.80701754385965,995,6.6391959798995
596,402,6.46644295302013,6.74378109452736,998,6.57815631262525
586,413,6.43174061433447,6.77481840193705,999,6.57357357357357
588,411,6.3843537414966,6.79075425790754,999,6.55155155155155
581,416,6.39414802065405,6.75721153846154,997,6.5456369107322
578,421,6.40484429065744,6.73396674584323,999,6.54354354354354
579,419,6.44905008635579,6.70644391408115,998,6.55711422845691
580,419,6.49655172413793,6.73985680190931,999,6.5985985985986
572,427,6.43706293706294,6.69320843091335,999,6.54654654654655
571,427,6.46409807355517,6.66042154566745,998,6.54809619238477
576,422,6.46701388888889,6.59241706161137,998,6.52004008016032
574,424,6.42682926829268,6.63207547169811,998,6.51402805611222
579,418,6.44214162348877,6.57416267942584,997,6.4974924774323
575,424,6.47478260869565,6.51650943396226,999,6.49249249249249
581,418,6.47676419965577,6.52631578947368,999,6.4974974974975
583,414,6.46826758147513,6.48550724637681,997,6.47542627883651
574,422,6.49477351916376,6.43838862559242,996,6.47088353413655
592,407,6.49831081081081,6.41031941031941,999,6.46246246246246
585,413,6.47692307692308,6.44309927360775,998,6.46292585170341
578,420,6.53460207612457,6.48095238095238,998,6.51202404809619
575,423,6.56695652173913,6.38770685579196,998,6.49098196392786
593,405,6.60202360876897,6.36296296296296,998,6.50501002004008
590,409,6.62542372881356,6.39853300733496,999,6.53253253253253
602,396,6.63787375415282,6.41666666666667,998,6.5501002004008
599,400,6.58931552587646,6.4775,999,6.54454454454454
595,404,6.55798319327731,6.46287128712871,999,6.51951951951952
599,400,6.55258764607679,6.5075,999,6.53453453453453
591,405,6.53976311336717,6.50864197530864,996,6.52710843373494
598,400,6.51505016722408,6.51,998,6.51302605210421
599,399,6.53088480801336,6.54135338345865,998,6.53507014028056
596,403,6.55872483221477,6.57320099255583,999,6.56456456456456
597,399,6.50921273031826,6.59147869674185,996,6.54216867469879
596,402,6.55201342281879,6.58457711442786,998,6.56513026052104
592,406,6.61655405405405,6.57635467980296,998,6.6002004008016
589,410,6.58404074702886,6.51707317073171,999,6.55655655655656
590,408,6.55932203389831,6.44852941176471,998,6.51402805611222
588,409,6.56802721088435,6.45721271393643,997,6.52256770310933
587,411,6.55706984667802,6.38442822384428,998,6.48597194388778
591,408,6.58037225042301,6.37254901960784,999,6.4954954954955
592,405,6.58277027027027,6.42222222222222,997,6.51755265797392
594,404,6.58585858585859,6.40594059405941,998,6.51302605210421
600,398,6.56833333333333,6.35427135678392,998,6.48296593186373
597,402,6.57788944723618,6.30597014925373,999,6.46846846846847
598,401,6.54180602006689,6.27680798004988,999,6.43543543543544
609,389,6.52545155993432,6.24421593830334,998,6.41583166332665
604,394,6.4635761589404,6.24619289340102,998,6.37775551102204
597,400,6.43383584589615,6.2075,997,6.34302908726178
600,398,6.45833333333333,6.23366834170854,998,6.3687374749499
605,394,6.46446280991736,6.31472081218274,999,6.40540540540541
604,395,6.44701986754967,6.25822784810127,999,6.37237237237237
608,391,6.44572368421053,6.19693094629156,999,6.34834834834835
607,392,6.34266886326194,6.24489795918367,999,6.3043043043043
611,386,6.33878887070376,6.30829015544041,997,6.32698094282849
612,387,6.27124183006536,6.4031007751938,999,6.32232232232232
604,395,6.39072847682119,6.35696202531646,999,6.37737737737738
606,393,6.38118811881188,6.34096692111959,999,6.36536536536537
605,394,6.36859504132231,6.41370558375634,999,6.38638638638639
613,385,6.44698205546493,6.39480519480519,998,6.42685370741483
618,379,6.38187702265372,6.36675461741425,997,6.37612838515547
611,387,6.39607201309329,6.29715762273902,998,6.35771543086172
622,376,6.36495176848875,6.30053191489362,998,6.34068136272545
617,381,6.39222042139384,6.37270341207349,998,6.38476953907816
606,393,6.37128712871287,6.36641221374046,999,6.36936936936937
616,381,6.36363636363636,6.37795275590551,997,6.3691073219659
611,386,6.39443535188216,6.37305699481865,997,6.38615847542628
617,382,6.37277147487844,6.40314136125654,999,6.38438438438438
609,387,6.37931034482759,6.45736434108527,996,6.40963855421687
618,381,6.36731391585761,6.4750656167979,999,6.40840840840841
621,378,6.38969404186795,6.52645502645503,999,6.44144144144144
617,378,6.37601296596434,6.52380952380952,995,6.4321608040201
621,378,6.39452495974235,6.57936507936508,999,6.46446446446446
620,379,6.32903225806452,6.5646437994723,999,6.41841841841842
611,388,6.33878887070376,6.58505154639175,999,6.43443443443443
611,386,6.37643207855974,6.5259067357513,997,6.43430290872618
612,385,6.38071895424837,6.52987012987013,997,6.4383149448345
618,381,6.37378640776699,6.58530183727034,999,6.45445445445445
618,379,6.37378640776699,6.62269129287599,997,6.46840521564694
623,375,6.40609951845907,6.64,998,6.4939879759519
609,390,6.39737274220033,6.66410256410256,999,6.5015015015015
615,384,6.36422764227642,6.65625,999,6.47647647647648
617,381,6.41653160453809,6.70341207349081,998,6.52605210420842
616,382,6.40097402597403,6.71465968586387,998,6.52104208416834
598,400,6.50167224080268,6.7575,998,6.60420841683367
605,393,6.47107438016529,6.76590330788804,998,6.58717434869739
608,391,6.39473684210526,6.74168797953964,999,6.53053053053053
615,383,6.33658536585366,6.77284595300261,998,6.50400801603206
611,386,6.35351882160393,6.79274611398964,997,6.52357071213641
611,388,6.27823240589198,6.80412371134021,999,6.48248248248248
615,383,6.23089430894309,6.85639686684073,998,6.47094188376754
616,383,6.27272727272727,6.75718015665796,999,6.45845845845846
600,399,6.235,6.76441102756892,999,6.44644644644645
602,396,6.16279069767442,6.69191919191919,998,6.37274549098196
604,395,6.15894039735099,6.66835443037975,999,6.36036036036036
615,382,6.17886178861789,6.64921465968586,997,6.35907723169509
615,382,6.18211382113821,6.56544502617801,997,6.32898696088265
620,379,6.14838709677419,6.61213720316623,999,6.32432432432432
615,383,6.17235772357724,6.53002610966057,998,6.30961923847695
616,382,6.21266233766234,6.50523560209424,998,6.32464929859719
614,385,6.19543973941368,6.4961038961039,999,6.31131131131131
616,383,6.2012987012987,6.48825065274151,999,6.31131131131131
618,381,6.2378640776699,6.53280839895013,999,6.35035035035035
622,376,6.14790996784566,6.49734042553191,998,6.27955911823647
620,379,6.14032258064516,6.48284960422164,999,6.27027027027027
614,382,6.21661237785016,6.46858638743455,996,6.31325301204819
608,391,6.18421052631579,6.51406649616368,999,6.31331331331331
605,393,6.21322314049587,6.51908396946565,998,6.33366733466934
600,398,6.23333333333333,6.52763819095477,998,6.35070140280561
604,393,6.25165562913907,6.56234096692112,997,6.3741223671013
606,390,6.20792079207921,6.53333333333333,996,6.33534136546185
610,389,6.16885245901639,6.60668380462725,999,6.33933933933934
617,381,6.23500810372771,6.55380577427822,998,6.35671342685371
613,386,6.2463295269168,6.6139896373057,999,6.38838838838839
611,386,6.15384615384615,6.61139896373057,997,6.33099297893681
610,388,6.23114754098361,6.6520618556701,998,6.39478957915832
610,389,6.25901639344262,6.66838046272494,999,6.41841841841842
608,391,6.25164473684211,6.71611253196931,999,6.43343343343343
627,372,6.25358851674641,6.7258064516129,999,6.42942942942943
621,377,6.27375201288245,6.77188328912467,998,6.46192384769539
621,376,6.34943639291465,6.7313829787234,997,6.49348044132397
630,369,6.35714285714286,6.68834688346884,999,6.47947947947948
638,359,6.37617554858934,6.70473537604457,997,6.49448345035105
642,357,6.37071651090343,6.6358543417367,999,6.46546546546547
651,348,6.40860215053763,6.5948275862069,999,6.47347347347347
657,341,6.441400304414,6.63929618768328,998,6.50901803607214
654,345,6.42048929663609,6.61159420289855,999,6.48648648648649
655,342,6.40458015267176,6.54970760233918,997,6.4543630892678
660,339,6.40909090909091,6.57817109144543,999,6.46646646646647
650,349,6.41846153846154,6.56446991404011,999,6.46946946946947
652,347,6.41717791411043,6.51296829971182,999,6.45045045045045
652,347,6.4340490797546,6.51296829971182,999,6.46146146146146
659,340,6.42792109256449,6.47647058823529,999,6.44444444444444
659,340,6.43550834597876,6.56764705882353,999,6.48048048048048
666,333,6.42642642642643,6.58258258258258,999,6.47847847847848
667,330,6.42728635682159,6.54848484848485,997,6.46740220661986
666,332,6.45195195195195,6.62349397590361,998,6.50901803607214
666,332,6.41741741741742,6.60843373493976,998,6.48096192384769
665,333,6.43157894736842,6.58858858858859,998,6.48396793587174
659,339,6.44157814871017,6.6283185840708,998,6.50501002004008
661,337,6.45688350983359,6.62314540059347,998,6.51302605210421
664,335,6.42771084337349,6.58805970149254,999,6.48148148148148
654,344,6.42201834862385,6.52616279069767,998,6.45791583166333
655,342,6.43664122137405,6.5906432748538,997,6.48946840521565
670,328,6.46865671641791,6.53048780487805,998,6.48897795591182
670,327,6.4865671641791,6.57492354740061,997,6.51554663991976
668,330,6.42664670658683,6.53030303030303,998,6.46092184368737
665,333,6.40300751879699,6.51051051051051,998,6.43887775551102
666,333,6.44294294294294,6.45045045045045,999,6.44544544544545
661,335,6.43267776096823,6.47761194029851,996,6.44779116465863
668,329,6.4685628742515,6.48328267477204,997,6.47342026078235
670,329,6.46716417910448,6.47112462006079,999,6.46846846846847
660,338,6.45151515151515,6.51775147928994,998,6.47394789579158
650,349,6.42153846153846,6.46704871060172,999,6.43743743743744
652,347,6.42791411042945,6.47262247838617,999,6.44344344344344
647,351,6.42040185471406,6.45014245014245,998,6.43086172344689
656,342,6.4359756097561,6.46198830409357,998,6.44488977955912
663,335,6.42232277526395,6.41791044776119,998,6.42084168336673
654,345,6.36391437308868,6.42028985507246,999,6.38338338338338
661,337,6.45234493192133,6.43026706231454,998,6.44488977955912
667,332,6.42278860569715,6.42469879518072,999,6.42342342342342
663,334,6.39064856711916,6.47904191616766,997,6.42026078234704
673,323,6.42347696879643,6.53560371517028,996,6.45983935742972
677,321,6.46085672082718,6.48598130841121,998,6.4689378757515
672,327,6.44047619047619,6.3914373088685,999,6.42442442442442
674,324,6.47477744807122,6.29938271604938,998,6.41783567134269
686,313,6.42128279883382,6.24600638977636,999,6.36636636636637
681,317,6.39060205580029,6.21766561514196,998,6.33567134268537
680,318,6.38676470588235,6.20754716981132,998,6.32965931863727
678,319,6.38495575221239,6.25705329153605,997,6.34403209628887
683,316,6.39970717423133,6.33227848101266,999,6.37837837837838
677,321,6.36041358936485,6.23364485981308,998,6.31963927855711
680,319,6.40882352941177,6.31034482758621,999,6.37737737737738
689,309,6.35994194484761,6.24919093851133,998,6.32565130260521
692,307,6.31791907514451,6.23127035830619,999,6.29129129129129
691,306,6.32706222865412,6.23202614379085,997,6.29789368104313
686,311,6.36297376093294,6.22508038585209,997,6.31995987963892
682,315,6.32258064516129,6.3015873015873,997,6.31594784353059
691,306,6.31693198263386,6.32679738562091,997,6.31995987963892
676,322,6.34763313609467,6.31366459627329,998,6.33667334669339
685,313,6.35620437956204,6.33226837060703,998,6.34869739478958
678,320,6.37905604719764,6.25,998,6.3376753507014
672,327,6.40625,6.23547400611621,999,6.35035035035035
668,331,6.42215568862275,6.27492447129909,999,6.37337337337337
670,329,6.46417910447761,6.28267477203647,999,6.4044044044044
669,330,6.46337817638266,6.38484848484848,999,6.43743743743744
665,333,6.46015037593985,6.4024024024024,998,6.44088176352705
665,334,6.45413533834587,6.44910179640719,999,6.45245245245245
659,339,6.44916540212443,6.44542772861357,998,6.44789579158317
660,336,6.42727272727273,6.39583333333333,996,6.41666666666667
660,338,6.42272727272727,6.40532544378698,998,6.41683366733467
655,344,6.41984732824428,6.43604651162791,999,6.42542542542543
660,338,6.45909090909091,6.44082840236686,998,6.45290581162325
658,341,6.47112462006079,6.41055718475073,999,6.45045045045045
654,345,6.41284403669725,6.44347826086956,999,6.42342342342342
659,337,6.44006069802731,6.41839762611276,996,6.43273092369478
658,340,6.44072948328267,6.38823529411765,998,6.42284569138277
664,335,6.43825301204819,6.32835820895522,999,6.4014014014014
662,336,6.44259818731118,6.38690476190476,998,6.42384769539078
663,336,6.45098039215686,6.375,999,6.42542542542543
669,330,6.4813153961136,6.33939393939394,999,6.43443443443443
669,330,6.47384155455904,6.38181818181818,999,6.44344344344344
677,321,6.45494830132939,6.3582554517134,998,6.42384769539078
678,321,6.45575221238938,6.42056074766355,999,6.44444444444444
682,317,6.43988269794721,6.46687697160883,999,6.44844844844845
689,309,6.40783744557329,6.61488673139159,998,6.47194388777555
688,311,6.3953488372093,6.58842443729904,999,6.45545545545546
677,322,6.33825701624815,6.56211180124224,999,6.41041041041041
672,326,6.36160714285714,6.47546012269939,998,6.39879759519038
679,320,6.34462444771723,6.434375,999,6.37337337337337
675,321,6.36592592592593,6.39252336448598,996,6.37449799196787
681,318,6.46842878120411,6.36163522012579,999,6.43443443443443
676,323,6.51183431952663,6.36842105263158,999,6.46546546546547
671,328,6.48882265275708,6.38109756097561,999,6.45345345345345
674,322,6.52670623145401,6.40372670807453,996,6.48694779116466
671,328,6.53949329359165,6.33536585365854,999,6.47247247247247
666,332,6.5015015015015,6.40963855421687,998,6.47094188376754
673,323,6.5111441307578,6.40557275541796,996,6.47690763052209
670,328,6.47761194029851,6.46341463414634,998,6.47294589178357
677,321,6.42245199409158,6.48286604361371,998,6.44188376753507
687,310,6.44978165938865,6.53548387096774,997,6.47642928786359
681,315,6.46108663729809,6.51111111111111,996,6.47690763052209
680,319,6.41911764705882,6.53918495297806,999,6.45745745745746
687,311,6.41339155749636,6.4951768488746,998,6.43887775551102
680,318,6.45,6.44339622641509,998,6.44789579158317
678,321,6.50442477876106,6.4392523364486,999,6.48348348348348
674,323,6.44510385756677,6.46749226006192,997,6.45235707121364
679,318,6.44035346097202,6.39622641509434,997,6.42627883650953
678,320,6.45280235988201,6.3125,998,6.40781563126253
691,308,6.47322720694645,6.32792207792208,999,6.42842842842843
693,305,6.45598845598846,6.35409836065574,998,6.4248496993988
693,305,6.49494949494949,6.29508196721311,998,6.43386773547094
697,302,6.52223816355811,6.31788079470199,999,6.46046046046046
696,301,6.54310344827586,6.38538205980066,997,6.49548645937813
690,309,6.5536231884058,6.35275080906149,999,6.49149149149149
679,319,6.51693667157585,6.39498432601881,998,6.47795591182365
685,311,6.54160583941606,6.37299035369775,996,6.48895582329317
686,313,6.56122448979592,6.30031948881789,999,6.47947947947948
686,311,6.51603498542274,6.26688102893891,997,6.4383149448345
696,301,6.47413793103448,6.30564784053156,997,6.42326980942828
697,300,6.47632711621234,6.20666666666667,997,6.39518555667001
702,296,6.49430199430199,6.22635135135135,998,6.41482965931864
695,304,6.51510791366906,6.21710526315789,999,6.42442442442442
690,309,6.52028985507246,6.14239482200647,999,6.4034034034034
686,313,6.52769679300292,6.17571884984026,999,6.41741741741742
692,306,6.57514450867052,6.15032679738562,998,6.44488977955912
696,302,6.55316091954023,6.24503311258278,998,6.45991983967936
691,306,6.55861070911722,6.21241830065359,997,6.45235707121364
694,304,6.54755043227666,6.17763157894737,998,6.43486973947896
685,312,6.54890510948905,6.13141025641026,997,6.41825476429288
689,309,6.51233671988389,6.16504854368932,998,6.40480961923848
684,314,6.43421052631579,6.17834394904459,998,6.35370741482966
688,310,6.4156976744186,6.23548387096774,998,6.35971943887776
689,309,6.40058055152395,6.31715210355987,998,6.374749498998
695,304,6.38273381294964,6.36842105263158,999,6.37837837837838
689,309,6.40348330914369,6.4368932038835,998,6.41382765531062
695,303,6.42446043165468,6.55775577557756,998,6.46492985971944
693,306,6.3997113997114,6.5718954248366,999,6.45245245245245
702,296,6.4031339031339,6.61486486486486,998,6.46593186372746
693,305,6.38528138528139,6.64262295081967,998,6.46392785571142
697,302,6.36728837876614,6.65894039735099,999,6.45545545545546
696,303,6.37212643678161,6.67986798679868,999,6.46546546546547
692,307,6.36271676300578,6.57328990228013,999,6.42742742742743
691,306,6.37337192474674,6.56862745098039,997,6.4332998996991
690,309,6.37536231884058,6.50809061488673,999,6.41641641641642
687,311,6.35807860262009,6.45980707395498,998,6.38977955911824
692,306,6.35838150289017,6.5359477124183,998,6.41282565130261
692,307,6.35838150289017,6.54397394136808,999,6.41541541541542
687,312,6.372634643377,6.55128205128205,999,6.42842842842843
685,314,6.35036496350365,6.53821656050955,999,6.40940940940941
685,314,6.33576642335766,6.42993630573248,999,6.36536536536537
680,319,6.38382352941176,6.47021943573668,999,6.41141141141141
689,309,6.41799709724238,6.44660194174757,998,6.42685370741483
680,316,6.33823529411765,6.44620253164557,996,6.37248995983936
678,321,6.31268436578171,6.52336448598131,999,6.38038038038038
687,312,6.33333333333333,6.5224358974359,999,6.39239239239239
682,317,6.38856304985337,6.53312302839117,999,6.43443443443443
677,322,6.38257016248154,6.50621118012422,999,6.42242242242242
675,324,6.40592592592593,6.48765432098765,999,6.43243243243243
670,329,6.35820895522388,6.49240121580547,999,6.4024024024024
676,323,6.3594674556213,6.4953560371517,999,6.4034034034034
678,321,6.35988200589971,6.49221183800623,999,6.4024024024024
682,316,6.35923753665689,6.49367088607595,998,6.40180360721443
675,324,6.38962962962963,6.48456790123457,999,6.42042042042042
681,318,6.3935389133627,6.5251572327044,999,6.43543543543544
681,318,6.44640234948605,6.4937106918239,999,6.46146146146146
680,318,6.46029411764706,6.51572327044025,998,6.47795591182365
679,319,6.42857142857143,6.55172413793103,998,6.46793587174349
682,317,6.4208211143695,6.50473186119874,999,6.44744744744745
686,313,6.4198250728863,6.45047923322684,999,6.42942942942943
679,319,6.40058910162003,6.55485893416928,998,6.4498997995992
681,318,6.38472834067548,6.61320754716981,999,6.45745745745746
670,328,6.32985074626866,6.64634146341463,998,6.43386773547094
671,328,6.31296572280179,6.67682926829268,999,6.43243243243243
676,322,6.28994082840237,6.71428571428571,998,6.42685370741483
668,328,6.3188622754491,6.71341463414634,996,6.44879518072289
659,340,6.32928679817906,6.77058823529412,999,6.47947947947948
670,328,6.29253731343284,6.76829268292683,998,6.44889779559118
669,330,6.3288490284006,6.74848484848485,999,6.46746746746747
672,326,6.32886904761905,6.75460122699386,998,6.46793587174349
674,325,6.37537091988131,6.71384615384615,999,6.48548548548549
689,310,6.40928882438316,6.71935483870968,999,6.50550550550551
697,302,6.43041606886657,6.78476821192053,999,6.53753753753754
693,304,6.39538239538239,6.77631578947368,997,6.51153460381143
703,294,6.46230440967283,6.80612244897959,997,6.56369107321966
703,295,6.48933143669986,6.84067796610169,998,6.59318637274549
713,286,6.5273492286115,6.88811188811189,999,6.63063063063063
711,288,6.52461322081575,6.81944444444444,999,6.60960960960961
708,291,6.50564971751412,6.79037800687285,999,6.58858858858859
712,287,6.5252808988764,6.77351916376307,999,6.5965965965966
703,296,6.4950213371266,6.78040540540541,999,6.57957957957958
692,307,6.46531791907514,6.80130293159609,999,6.56856856856857
688,311,6.40843023255814,6.80385852090032,999,6.53153153153153
683,314,6.42313323572474,6.76751592356688,997,6.53159478435306
684,313,6.44005847953216,6.75079872204473,997,6.53761283851555
683,316,6.45680819912152,6.70253164556962,999,6.53453453453453
680,318,6.44558823529412,6.66352201257862,998,6.51503006012024
676,320,6.52514792899408,6.6625,996,6.56927710843374
676,322,6.48076923076923,6.62111801242236,998,6.52605210420842
681,318,6.48604992657856,6.59119496855346,999,6.51951951951952
696,303,6.48132183908046,6.54785478547855,999,6.5015015015015
692,307,6.51300578034682,6.55048859934853,999,6.52452452452452
697,302,6.53802008608321,6.57615894039735,999,6.54954954954955
702,297,6.52991452991453,6.65319865319865,999,6.56656656656657
700,298,6.50428571428571,6.70469798657718,998,6.56412825651303
699,298,6.49928469241774,6.74496644295302,997,6.57271815446339
701,298,6.46077032810271,6.77852348993289,999,6.55555555555556
704,293,6.49147727272727,6.74061433447099,997,6.56469408224674
706,293,6.4971671388102,6.72354948805461,999,6.56356356356356
702,297,6.47435897435897,6.77104377104377,999,6.56256256256256
696,301,6.47270114942529,6.74418604651163,997,6.55466399197593
700,299,6.49571428571429,6.69899665551839,999,6.55655655655656
700,298,6.47714285714286,6.58724832214765,998,6.51002004008016
696,302,6.47413793103448,6.56622516556291,998,6.50200400801603
690,308,6.50289855072464,6.52597402597403,998,6.51002004008016
689,309,6.5166908563135,6.45307443365696,998,6.49699398797595
686,312,6.44752186588921,6.44551282051282,998,6.44689378757515
687,312,6.43085880640466,6.49679487179487,999,6.45145145145145
690,309,6.45652173913043,6.48543689320388,999,6.46546546546547
694,303,6.45821325648415,6.44884488448845,997,6.45536609829488
698,301,6.46418338108883,6.41860465116279,999,6.45045045045045
707,292,6.51909476661952,6.43150684931507,999,6.49349349349349
706,292,6.52691218130312,6.46575342465753,998,6.50901803607214
705,294,6.51063829787234,6.45578231292517,999,6.49449449449449
699,296,6.51072961373391,6.375,995,6.47035175879397
709,290,6.49365303244006,6.37586206896552,999,6.45945945945946
713,286,6.49228611500701,6.47202797202797,999,6.48648648648649
702,295,6.51282051282051,6.44406779661017,997,6.49247743229689
702,296,6.56410256410256,6.51351351351351,998,6.54909819639279
686,313,6.53935860058309,6.49201277955272,999,6.52452452452452
683,313,6.50073206442167,6.43130990415335,996,6.4789156626506
680,318,6.49411764705882,6.43081761006289,998,6.47394789579158
671,327,6.45901639344262,6.45871559633028,998,6.45891783567134
678,321,6.42477876106195,6.48598130841121,999,6.44444444444444
682,317,6.44574780058651,6.51735015772871,999,6.46846846846847
672,327,6.44642857142857,6.4954128440367,999,6.46246246246246
670,329,6.42835820895522,6.52887537993921,999,6.46146146146146
672,327,6.37797619047619,6.55351681957187,999,6.43543543543544
669,330,6.38266068759342,6.63030303030303,999,6.46446446446446
673,325,6.41456166419019,6.61538461538461,998,6.47995991983968
669,330,6.41106128550075,6.62121212121212,999,6.48048048048048
658,340,6.4483282674772,6.63235294117647,998,6.51102204408818
662,337,6.47583081570997,6.59940652818991,999,6.51751751751752
657,340,6.51750380517504,6.50882352941176,997,6.51454363089268
661,338,6.50983358547655,6.53254437869822,999,6.51751751751752
663,336,6.50980392156863,6.57142857142857,999,6.53053053053053
667,329,6.5832083958021,6.56534954407295,996,6.57730923694779
665,334,6.51278195488722,6.52994011976048,999,6.51851851851852
659,340,6.52200303490137,6.44705882352941,999,6.4964964964965
659,340,6.53110773899848,6.40882352941177,999,6.48948948948949
664,335,6.49096385542169,6.46865671641791,999,6.48348348348348
662,337,6.51057401812689,6.39762611275964,999,6.47247247247247
668,331,6.54191616766467,6.40181268882175,999,6.4954954954955
677,322,6.52141802067947,6.40683229813665,999,6.48448448448448
682,316,6.53372434017595,6.50949367088608,998,6.52605210420842
683,316,6.53147877013177,6.55063291139241,999,6.53753753753754
687,312,6.55021834061135,6.4775641025641,999,6.52752752752753
688,309,6.54796511627907,6.51456310679612,997,6.53761283851555
683,316,6.56515373352855,6.53481012658228,999,6.55555555555556
688,310,6.5406976744186,6.41935483870968,998,6.50300601202405
690,308,6.50724637681159,6.48701298701299,998,6.50100200400802
694,304,6.47262247838617,6.50986842105263,998,6.48396793587174
697,301,6.42611190817791,6.41528239202658,998,6.42284569138277
697,301,6.43472022955524,6.51162790697674,998,6.45791583166333
696,303,6.44683908045977,6.45214521452145,999,6.44844844844845
691,308,6.41968162083936,6.48376623376623,999,6.43943943943944
685,313,6.37080291970803,6.45047923322684,998,6.39579158316633
692,307,6.35982658959538,6.43648208469055,999,6.38338338338338
683,314,6.35871156661786,6.42356687898089,997,6.37913741223671
683,316,6.36163982430454,6.34810126582278,999,6.35735735735736
696,303,6.3448275862069,6.39273927392739,999,6.35935935935936
689,308,6.38751814223512,6.30844155844156,997,6.36308926780341
689,308,6.38316400580552,6.2987012987013,997,6.35707121364092
696,303,6.38793103448276,6.28382838283828,999,6.35635635635636
694,304,6.39048991354467,6.23684210526316,998,6.3436873747495
696,302,6.4051724137931,6.22847682119205,998,6.35170340681363
699,300,6.41344778254649,6.26,999,6.36736736736737
696,303,6.42528735632184,6.22112211221122,999,6.36336336336336
688,311,6.37354651162791,6.2540192926045,999,6.33633633633634
691,307,6.40810419681621,6.20846905537459,998,6.34669338677355
677,321,6.45051698670606,6.19314641744548,998,6.36773547094188
677,318,6.4165435745938,6.16352201257862,995,6.3356783919598
678,321,6.39823008849558,6.21806853582555,999,6.34034034034034
682,316,6.40029325513196,6.31329113924051,998,6.37274549098196
683,315,6.36749633967789,6.36190476190476,998,6.36573146292585
665,331,6.37443609022556,6.40181268882175,996,6.38353413654619
657,341,6.35616438356164,6.35190615835777,998,6.35470941883768
659,339,6.3535660091047,6.3952802359882,998,6.36773547094188
665,333,6.31127819548872,6.38138138138138,998,6.33466933867735
666,333,6.24624624624625,6.43543543543544,999,6.30930930930931
665,334,6.27518796992481,6.50299401197605,999,6.35135135135135
665,333,6.26015037593985,6.57957957957958,998,6.36673346693387
668,331,6.29191616766467,6.54380664652568,999,6.37537537537538
676,321,6.30769230769231,6.53271028037383,997,6.38014042126379
675,322,6.28444444444444,6.50931677018634,997,6.35707121364092
680,319,6.29852941176471,6.52664576802508,999,6.37137137137137
684,312,6.31140350877193,6.56089743589744,996,6.38955823293173
