forward_num,reverse_num,forward_rate,reverse_rate,organism_num,organism_rate
50,50,5.5,5.5,100,5.5
64,62,5.671875,5.69354838709677,126,5.68253968253968
82,77,5.95121951219512,6.05194805194805,159,6.0
97,87,6.19587628865979,6.19540229885058,184,6.19565217391304
120,116,6.59166666666667,6.71551724137931,236,6.65254237288136
151,136,6.81456953642384,6.70588235294118,287,6.76306620209059
190,182,7.14736842105263,7.04395604395604,372,7.09677419354839
229,231,7.19213973799127,7.12554112554113,460,7.15869565217391
319,291,7.50783699059561,7.45360824742268,610,7.48196721311475
384,362,7.53125,7.69889502762431,746,7.61260053619303
527,471,7.78178368121442,7.87473460721868,998,7.82565130260521
529,470,7.82608695652174,7.94893617021277,999,7.88388388388388
526,472,7.83460076045627,7.91101694915254,998,7.87074148296593
531,467,7.80979284369115,7.84368308351178,998,7.82565130260521
514,485,7.85019455252918,7.87628865979381,999,7.86286286286286
518,481,7.83397683397683,7.85862785862786,999,7.84584584584585
512,486,7.91796875,7.97530864197531,998,7.94589178356713
517,482,7.92069632495164,8.00829875518672,999,7.96296296296296
528,471,7.90909090909091,7.97452229299363,999,7.93993993993994
514,485,7.91828793774319,8.0020618556701,999,7.95895895895896
529,468,7.9773156899811,8.01495726495727,997,7.99498495486459
528,470,8.00568181818182,8.06595744680851,998,8.03406813627254
522,476,8.05938697318008,8.06932773109244,998,8.06412825651303
531,468,8.09039548022599,8.13461538461539,999,8.11111111111111
536,463,8.1044776119403,8.1792656587473,999,8.13913913913914
532,466,8.05639097744361,8.23390557939914,998,8.13927855711423
539,460,8.1113172541744,8.2,999,8.15215215215215
540,458,8.0962962962963,8.29257641921397,998,8.18637274549098
533,463,8.10506566604128,8.33693304535637,996,8.21285140562249
524,475,8.10496183206107,8.34526315789474,999,8.21921921921922
536,463,8.13992537313433,8.36069114470842,999,8.24224224224224
526,473,8.15969581749049,8.39957716701903,999,8.27327327327327
536,462,8.19216417910448,8.42640692640693,998,8.30060120240481
533,466,8.19136960600375,8.44420600858369,999,8.30930930930931
538,461,8.23048327137546,8.44902386117137,999,8.33133133133133
531,468,8.24293785310734,8.46153846153846,999,8.34534534534535
535,464,8.30280373831776,8.44612068965517,999,8.36936936936937
542,457,8.33763837638376,8.472647702407,999,8.3993993993994
544,455,8.34007352941176,8.49010989010989,999,8.40840840840841
539,460,8.37662337662338,8.48695652173913,999,8.42742742742743
536,463,8.40858208955224,8.51835853131749,999,8.45945945945946
530,468,8.39056603773585,8.56196581196581,998,8.47094188376754
531,467,8.36158192090396,8.54389721627409,998,8.44689378757515
533,466,8.45028142589118,8.55793991416309,999,8.5005005005005
530,469,8.42641509433962,8.62686567164179,999,8.52052052052052
528,470,8.4280303030303,8.67659574468085,998,8.54509018036072
536,461,8.42350746268657,8.67678958785249,997,8.54062186559679
527,472,8.49905123339659,8.65677966101695,999,8.57357357357357
523,475,8.47609942638623,8.69894736842105,998,8.58216432865732
526,472,8.50570342205323,8.6885593220339,998,8.59218436873748
518,481,8.51930501930502,8.73804573804574,999,8.62462462462462
520,479,8.53653846153846,8.73068893528184,999,8.62962962962963
515,483,8.5495145631068,8.73913043478261,998,8.64128256513026
508,491,8.5492125984252,8.78004073319756,999,8.66266266266266
499,500,8.54308617234469,8.772,999,8.65765765765766
509,489,8.54027504911591,8.8200408997955,998,8.67735470941884
516,482,8.5,8.84647302904564,998,8.66733466933868
517,482,8.49129593810445,8.85269709543569,999,8.66566566566567
513,486,8.47173489278752,8.81069958847737,999,8.63663663663664
509,489,8.49705304518664,8.87321063394683,998,8.6813627254509
518,481,8.49034749034749,8.85239085239085,999,8.66466466466466
510,486,8.54313725490196,8.83539094650206,996,8.68574297188755
511,488,8.5440313111546,8.82581967213115,999,8.68168168168168
511,486,8.52054794520548,8.83950617283951,997,8.67602808425276
504,494,8.53571428571429,8.88461538461539,998,8.70841683366733
509,488,8.51669941060904,8.91803278688525,997,8.71313941825476
513,485,8.49707602339181,8.89896907216495,998,8.69238476953908
509,489,8.48919449901768,8.89366053169734,998,8.687374749499
508,491,8.48425196850394,8.86354378818737,999,8.67067067067067
512,487,8.47265625,8.90759753593429,999,8.68468468468468
514,484,8.47665369649805,8.9504132231405,998,8.7064128256513
501,498,8.44111776447106,8.92771084337349,999,8.68368368368368
504,494,8.4781746031746,8.97165991902834,998,8.72244488977956
504,493,8.50793650793651,8.99797160243408,997,8.75025075225677
510,489,8.5078431372549,9.01022494887525,999,8.75375375375375
499,500,8.52304609218437,8.986,999,8.75475475475475
508,491,8.53937007874016,9.0,999,8.76576576576577
514,485,8.57976653696498,9.00412371134021,999,8.78578578578579
514,485,8.59338521400778,9.02061855670103,999,8.8008008008008
519,480,8.59537572254335,9.01666666666667,999,8.7977977977978
517,481,8.62088974854932,9.04365904365904,998,8.82464929859719
518,480,8.65830115830116,9.05,998,8.84669338677355
534,464,8.68539325842697,9.07112068965517,998,8.86472945891784
532,466,8.68609022556391,9.07081545064378,998,8.86573146292585
533,466,8.70544090056285,9.06437768240343,999,8.87287287287287
530,468,8.71132075471698,9.08547008547009,998,8.88677354709419
529,469,8.7296786389414,9.12793176972281,998,8.91683366733467
542,456,8.74354243542435,9.15570175438597,998,8.93186372745491
539,459,8.80705009276438,9.13071895424837,998,8.95591182364729
533,466,8.84427767354597,9.17596566523605,999,8.998998998999
533,466,8.83677298311445,9.20600858369099,999,9.00900900900901
520,479,8.84807692307692,9.22129436325678,999,9.02702702702703
528,467,8.85227272727273,9.1948608137045,995,9.01306532663317
518,480,8.85521235521236,9.23125,998,9.03607214428858
520,478,8.82115384615385,9.22384937238494,998,9.01402805611222
507,491,8.83037475345168,9.24439918533605,998,9.03406813627254
512,487,8.826171875,9.24229979466119,999,9.02902902902903
502,497,8.83067729083665,9.24346076458752,999,9.03603603603604
502,495,8.82868525896414,9.26868686868687,997,9.04714142427282
500,499,8.78,9.28256513026052,999,9.03103103103103
501,498,8.85429141716567,9.24899598393574,999,9.05105105105105
492,507,8.84552845528455,9.27218934911243,999,9.06206206206206
506,491,8.87549407114624,9.25254582484725,997,9.06118355065196
496,502,8.88709677419355,9.2390438247012,998,9.06412825651303
495,502,8.93333333333333,9.25298804780877,997,9.09428284854564
487,510,8.91991786447639,9.28039215686275,997,9.10431293881645
497,502,8.97786720321932,9.28286852589641,999,9.13113113113113
502,496,9.00199203187251,9.29233870967742,998,9.14629258517034
515,484,9.02330097087379,9.27479338842975,999,9.14514514514515
507,492,9.05128205128205,9.30691056910569,999,9.17717717717718
528,471,9.06628787878788,9.28025477707006,999,9.16716716716717
532,467,9.05827067669173,9.33190578158458,999,9.18618618618619
528,471,9.07386363636364,9.30785562632696,999,9.18418418418418
527,472,9.07969639468691,9.30720338983051,999,9.18718718718719
528,471,9.07007575757576,9.28662420382166,999,9.17217217217217
532,467,9.03947368421053,9.29336188436831,999,9.15815815815816
531,466,9.04143126177025,9.27682403433476,997,9.15145436308927
535,464,9.05794392523364,9.26508620689655,999,9.15415415415415
546,453,9.05494505494505,9.26710816777042,999,9.15115115115115
548,451,9.02007299270073,9.27937915742794,999,9.13713713713714
543,455,9.06998158379374,9.27912087912088,998,9.16533066132265
548,451,9.06021897810219,9.2860310421286,999,9.16216216216216
539,460,9.10204081632653,9.27608695652174,999,9.18218218218218
542,457,9.12177121771218,9.29540481400438,999,9.2012012012012
541,458,9.14417744916821,9.29912663755458,999,9.21521521521522
551,448,9.14882032667877,9.27678571428571,999,9.20620620620621
539,458,9.16141001855287,9.29694323144105,997,9.22367101303912
544,455,9.18382352941176,9.30549450549451,999,9.23923923923924
538,461,9.18587360594796,9.31887201735358,999,9.24724724724725
544,454,9.19485294117647,9.31277533039648,998,9.24849699398798
546,453,9.19413919413919,9.31567328918322,999,9.24924924924925
544,455,9.21139705882353,9.30769230769231,999,9.25525525525526
542,454,9.21217712177122,9.29295154185022,996,9.24899598393574
542,455,9.17712177121771,9.31428571428571,997,9.23971915747242
549,447,9.19125683060109,9.30425055928412,996,9.24196787148594
557,442,9.19569120287253,9.31674208144796,999,9.24924924924925
566,433,9.18374558303887,9.32101616628175,999,9.24324324324324
563,436,9.15985790408526,9.32339449541284,999,9.23123123123123
570,429,9.19473684210526,9.32867132867133,999,9.25225225225225
562,437,9.18861209964413,9.34096109839817,999,9.25525525525526
570,428,9.2140350877193,9.3481308411215,998,9.27154308617235
569,430,9.16520210896309,9.34418604651163,999,9.24224224224224
570,429,9.18947368421053,9.34731934731935,999,9.25725725725726
564,434,9.17553191489362,9.35253456221198,998,9.25250501002004
565,433,9.19115044247788,9.34411085450346,998,9.25751503006012
564,433,9.20744680851064,9.34411085450346,997,9.26680040120361
561,436,9.1729055258467,9.36238532110092,997,9.25576730190572
570,429,9.16842105263158,9.36596736596737,999,9.25325325325325
561,438,9.18181818181818,9.36986301369863,999,9.26426426426426
556,443,9.20143884892086,9.36568848758465,999,9.27427427427427
549,450,9.183970856102,9.36444444444444,999,9.26526526526527
546,450,9.2014652014652,9.36222222222222,996,9.27409638554217
551,445,9.1978221415608,9.40224719101124,996,9.28915662650602
553,445,9.18264014466546,9.37977528089888,998,9.27054108216433
558,439,9.18996415770609,9.38952164009112,997,9.2778335005015
549,448,9.17486338797814,9.37276785714286,997,9.26379137412237
545,449,9.17614678899083,9.40089086859688,994,9.27766599597586
550,449,9.19090909090909,9.38084632516704,999,9.27627627627628
536,461,9.19402985074627,9.37960954446855,997,9.27983951855567
532,466,9.20300751879699,9.41630901287554,998,9.30260521042084
538,460,9.18587360594796,9.41521739130435,998,9.29158316633267
536,462,9.19402985074627,9.38311688311688,998,9.28156312625251
532,466,9.20300751879699,9.40128755364807,998,9.29559118236473
532,467,9.20676691729323,9.39186295503212,999,9.29329329329329
532,467,9.22368421052632,9.37901498929336,999,9.2962962962963
528,471,9.23295454545454,9.39065817409766,999,9.30730730730731
531,468,9.25047080979284,9.4017094017094,999,9.32132132132132
518,481,9.23552123552123,9.41164241164241,999,9.32032032032032
523,475,9.25430210325048,9.39368421052631,998,9.32064128256513
515,484,9.26019417475728,9.41322314049587,999,9.33433433433433
510,489,9.24509803921569,9.40490797546012,999,9.32332332332332
509,485,9.26915520628684,9.41030927835052,994,9.33802816901408
502,497,9.26494023904382,9.45472837022133,999,9.35935935935936
505,494,9.22178217821782,9.4251012145749,999,9.32232232232232
502,497,9.22908366533865,9.43058350100604,999,9.32932932932933
509,490,9.22003929273085,9.4469387755102,999,9.33133133133133
495,504,9.20808080808081,9.44642857142857,999,9.32832832832833
504,495,9.1984126984127,9.45454545454546,999,9.32532532532533
503,495,9.1948310139165,9.47070707070707,998,9.33166332665331
508,491,9.18307086614173,9.45621181262729,999,9.31731731731732
505,494,9.16435643564356,9.48178137651822,999,9.32132132132132
510,489,9.17254901960784,9.4560327198364,999,9.31131131131131
524,474,9.18129770992366,9.44514767932489,998,9.30661322645291
514,484,9.15953307392996,9.44834710743802,998,9.29959919839679
524,475,9.18129770992366,9.44631578947368,999,9.30730730730731
522,476,9.21072796934866,9.44117647058824,998,9.32064128256513
536,461,9.19216417910448,9.43167028199566,997,9.30290872617854
540,459,9.20740740740741,9.44444444444444,999,9.31631631631632
531,466,9.22787193973635,9.45708154506438,997,9.33500501504514
533,466,9.22138836772983,9.45708154506438,999,9.33133133133133
527,471,9.24098671726755,9.4692144373673,998,9.34869739478958
530,469,9.20188679245283,9.47121535181237,999,9.32832832832833
531,468,9.20527306967985,9.46581196581197,999,9.32732732732733
532,467,9.18984962406015,9.48394004282655,999,9.32732732732733
536,463,9.18283582089552,9.50755939524838,999,9.33333333333333
528,470,9.1969696969697,9.52340425531915,998,9.35070140280561
529,469,9.21550094517958,9.52878464818763,998,9.3627254509018
528,470,9.19507575757576,9.51489361702128,998,9.34569138276553
532,466,9.21052631578947,9.51716738197425,998,9.35370741482966
529,469,9.21361058601134,9.5181236673774,998,9.35671342685371
522,477,9.20114942528736,9.51781970649895,999,9.35235235235235
524,475,9.18320610687023,9.50736842105263,999,9.33733733733734
526,473,9.23384030418251,9.50739957716702,999,9.36336336336336
526,473,9.22623574144487,9.51374207188161,999,9.36236236236236
522,477,9.23180076628353,9.50733752620545,999,9.36336336336336
527,472,9.24478178368121,9.50635593220339,999,9.36836836836837
538,460,9.25092936802974,9.49565217391304,998,9.36372745490982
539,460,9.27829313543599,9.50217391304348,999,9.38138138138138
541,457,9.2902033271719,9.5054704595186,998,9.38877755511022
543,453,9.29650092081031,9.50993377483444,996,9.39357429718875
546,453,9.31684981684982,9.52097130242826,999,9.40940940940941
541,455,9.32902033271719,9.51648351648352,996,9.41465863453815
540,459,9.31481481481481,9.50980392156863,999,9.4044044044044
548,449,9.31204379562044,9.53006681514477,997,9.41023069207623
549,449,9.27686703096539,9.52338530066815,998,9.38777555110221
535,464,9.27102803738318,9.51939655172414,999,9.38638638638639
535,462,9.25233644859813,9.52164502164502,997,9.37713139418255
541,458,9.23475046210721,9.53275109170306,999,9.37137137137137
543,456,9.22099447513812,9.52412280701754,999,9.35935935935936
542,457,9.2029520295203,9.5382932166302,999,9.35635635635636
552,447,9.21014492753623,9.52348993288591,999,9.35035035035035
549,450,9.16575591985428,9.54,999,9.33433433433433
552,446,9.18297101449275,9.53363228699552,998,9.33967935871743
553,445,9.17359855334539,9.54831460674157,998,9.34068136272545
554,445,9.17509025270758,9.57078651685393,999,9.35135135135135
553,446,9.17902350813743,9.5627802690583,999,9.35035035035035
558,441,9.17562724014337,9.55102040816327,999,9.34134134134134
548,451,9.18065693430657,9.5609756097561,999,9.35235235235235
551,447,9.17785843920145,9.59060402684564,998,9.3627254509018
541,458,9.20887245841035,9.59606986899563,999,9.38638638638639
539,459,9.24489795918367,9.61873638344227,998,9.41683366733467
544,454,9.21691176470588,9.61674008810573,998,9.39879759519038
542,457,9.20664206642066,9.62363238512035,999,9.3973973973974
535,464,9.25046728971963,9.62284482758621,999,9.42342342342342
533,464,9.23076923076923,9.63362068965517,997,9.41825476429288
532,466,9.21240601503759,9.6480686695279,998,9.41583166332665
521,478,9.23032629558541,9.64435146443515,999,9.42842842842843
531,468,9.21280602636535,9.63461538461539,999,9.41041041041041
525,474,9.19238095238095,9.62869198312236,999,9.3993993993994
520,479,9.23846153846154,9.62630480167015,999,9.42442442442442
526,473,9.23574144486692,9.62790697674419,999,9.42142142142142
528,471,9.24621212121212,9.62420382165605,999,9.42442442442442
520,479,9.25576923076923,9.62212943632568,999,9.43143143143143
532,466,9.27255639097744,9.62017167381974,998,9.43486973947896
526,471,9.28136882129278,9.62420382165605,997,9.44332998996991
527,470,9.29222011385199,9.63191489361702,997,9.45235707121364
534,464,9.30711610486891,9.64439655172414,998,9.46392785571142
528,469,9.32386363636364,9.64179104477612,997,9.47342026078235
530,468,9.3188679245283,9.64957264957265,998,9.47394789579158
530,468,9.34150943396226,9.64957264957265,998,9.48597194388778
532,467,9.3421052631579,9.67665952890792,999,9.4984984984985
529,470,9.37240075614367,9.7063829787234,999,9.52952952952953
536,463,9.35634328358209,9.70410367170626,999,9.51751751751752
534,464,9.38951310861423,9.70905172413793,998,9.53807615230461
539,460,9.39146567717996,9.70869565217391,999,9.53753753753754
531,468,9.40489642184557,9.71367521367521,999,9.54954954954955
531,468,9.42937853107345,9.73717948717949,999,9.57357357357357
539,459,9.45269016697588,9.74291938997821,998,9.58617234468938
532,467,9.45676691729323,9.74518201284797,999,9.59159159159159
529,470,9.44990548204159,9.74255319148936,999,9.58758758758759
528,470,9.44318181818182,9.73829787234042,998,9.58216432865732
524,475,9.48091603053435,9.73473684210526,999,9.6016016016016
527,471,9.45161290322581,9.74734607218684,998,9.59118236472946
528,470,9.49242424242424,9.74468085106383,998,9.61122244488978
530,468,9.50943396226415,9.73931623931624,998,9.61723446893788
523,475,9.50860420650096,9.74736842105263,998,9.62224448897796
520,476,9.52884615384615,9.75840336134454,996,9.63855421686747
514,485,9.53696498054475,9.76082474226804,999,9.64564564564565
523,476,9.54684512428298,9.75210084033614,999,9.64464464464464
524,474,9.53053435114504,9.74261603375527,998,9.6312625250501
529,469,9.53497164461248,9.74840085287846,998,9.63527054108216
543,455,9.5414364640884,9.75604395604396,998,9.63927855711423
549,449,9.56284153005464,9.74832962138085,998,9.64629258517034
555,442,9.54594594594595,9.74886877828054,997,9.63590772316951
553,446,9.56419529837251,9.76233183856502,999,9.65265265265265
556,443,9.5863309352518,9.75169300225734,999,9.65965965965966
557,442,9.58527827648115,9.76018099547511,999,9.66266266266266
571,428,9.58493870402802,9.74532710280374,999,9.65365365365365
574,424,9.5993031358885,9.75235849056604,998,9.66432865731463
571,428,9.60420315236427,9.75233644859813,999,9.66766766766767
569,430,9.59402460456942,9.75116279069768,999,9.66166166166166
563,435,9.58259325044405,9.7632183908046,998,9.66132264529058
563,436,9.58259325044405,9.75917431192661,999,9.65965965965966
562,437,9.5729537366548,9.73684210526316,999,9.64464464464464
557,441,9.57630161579892,9.73015873015873,998,9.64428857715431
553,446,9.5623869801085,9.73991031390135,999,9.64164164164164
557,442,9.56014362657092,9.71945701357466,999,9.63063063063063
554,445,9.5884476534296,9.7123595505618,999,9.64364364364364
556,443,9.58453237410072,9.71106094808126,999,9.64064064064064
550,449,9.58,9.70824053452116,999,9.63763763763764
553,444,9.59312839059674,9.69369369369369,997,9.63791374122367
548,451,9.58029197080292,9.70066518847007,999,9.63463463463463
546,453,9.58974358974359,9.6887417218543,999,9.63463463463463
547,452,9.58318098720292,9.6858407079646,999,9.62962962962963
558,441,9.57168458781362,9.71655328798186,999,9.63563563563564
557,442,9.58886894075404,9.70135746606335,999,9.63863863863864
554,444,9.58664259927798,9.70495495495495,998,9.63927855711423
556,443,9.58992805755396,9.69525959367946,999,9.63663663663664
547,451,9.60511882998172,9.68292682926829,998,9.64028056112224
544,455,9.61397058823529,9.68131868131868,999,9.64464464464464
539,460,9.6456400742115,9.6804347826087,999,9.66166166166166
554,445,9.62815884476534,9.67640449438202,999,9.64964964964965
540,459,9.6462962962963,9.68845315904139,999,9.66566566566567
544,455,9.64338235294118,9.68131868131868,999,9.66066066066066
539,460,9.67532467532468,9.68260869565217,999,9.67867867867868
543,453,9.67403314917127,9.67328918322296,996,9.67369477911647
558,441,9.67741935483871,9.68027210884354,999,9.67867867867868
564,434,9.67730496453901,9.67281105990783,998,9.67535070140281
560,439,9.67321428571429,9.69248291571754,999,9.68168168168168
558,440,9.66845878136201,9.69545454545455,998,9.68036072144289
565,434,9.67079646017699,9.69815668202765,999,9.68268268268268
569,429,9.66256590509666,9.6993006993007,998,9.67835671342685
560,439,9.65535714285714,9.6879271070615,999,9.66966966966967
559,440,9.66726296958855,9.68409090909091,999,9.67467467467467
563,436,9.69271758436945,9.68348623853211,999,9.68868868868869
572,427,9.68356643356643,9.69086651053864,999,9.68668668668669
575,424,9.68521739130435,9.67688679245283,999,9.68168168168168
572,424,9.68181818181818,9.66745283018868,996,9.67570281124498
568,430,9.67605633802817,9.66744186046512,998,9.67234468937876
567,430,9.67548500881834,9.66511627906977,997,9.67101303911735
573,426,9.68935427574171,9.65962441314554,999,9.67667667667668
581,418,9.70051635111876,9.66985645933014,999,9.68768768768769
573,420,9.69633507853403,9.65952380952381,993,9.68076535750252
573,425,9.70157068062827,9.66117647058824,998,9.68436873747495
574,423,9.70034843205575,9.65011820330969,997,9.679037111334
579,420,9.70984455958549,9.65,999,9.68468468468468
576,423,9.70833333333333,9.65011820330969,999,9.68368368368368
576,423,9.71527777777778,9.64302600472813,999,9.68468468468468
585,414,9.71282051282051,9.64251207729469,999,9.68368368368368
588,409,9.7312925170068,9.63080684596577,997,9.6900702106319
588,411,9.71938775510204,9.62043795620438,999,9.67867867867868
581,418,9.70567986230637,9.60765550239234,999,9.66466466466466
585,414,9.71794871794872,9.60628019323672,999,9.67167167167167
588,410,9.70918367346939,9.58780487804878,998,9.65931863727455
582,416,9.73367697594502,9.57211538461539,998,9.66633266533066
588,411,9.7312925170068,9.58394160583942,999,9.67067067067067
588,406,9.73809523809524,9.57142857142857,994,9.67002012072435
593,405,9.74367622259696,9.56296296296296,998,9.67034068136273
590,408,9.72372881355932,9.55637254901961,998,9.65531062124249
587,411,9.73424190800681,9.54501216545012,998,9.6563126252505
581,418,9.73321858864028,9.52870813397129,999,9.64764764764765
584,415,9.73801369863014,9.51807228915663,999,9.64664664664665
586,412,9.74061433447099,9.54126213592233,998,9.65831663326653
579,419,9.74956822107081,9.5346062052506,998,9.65931863727455
590,409,9.75593220338983,9.54523227383863,999,9.66966966966967
595,404,9.75294117647059,9.53712871287129,999,9.66566566566567
596,403,9.76006711409396,9.52357320099256,999,9.66466466466466
600,398,9.75833333333333,9.52010050251256,998,9.66332665330661
599,399,9.76460767946578,9.50877192982456,998,9.6623246492986
595,403,9.76638655462185,9.50124069478908,998,9.65931863727455
594,404,9.78956228956229,9.50742574257426,998,9.67535070140281
589,409,9.78607809847199,9.49388753056235,998,9.66633266533066
598,401,9.7876254180602,9.49625935162095,999,9.67067067067067
598,401,9.79264214046823,9.50623441396509,999,9.67767767767768
603,396,9.7893864013267,9.48989898989899,999,9.67067067067067
605,394,9.7801652892562,9.48477157360406,999,9.66366366366366
603,395,9.77943615257048,9.48354430379747,998,9.6623246492986
601,398,9.77703826955075,9.47236180904523,999,9.65565565565566
597,400,9.7822445561139,9.4825,997,9.66198595787362
600,397,9.76666666666667,9.47607052896725,997,9.65095285857573
611,387,9.76759410801964,9.47545219638243,998,9.65430861723447
607,392,9.77429983525535,9.46683673469388,999,9.65365365365365
616,383,9.76948051948052,9.48302872062663,999,9.65965965965966
619,379,9.76575121163166,9.48548812664908,998,9.65931863727455
610,389,9.77540983606557,9.48586118251928,999,9.66266266266266
601,397,9.76372712146423,9.47103274559194,998,9.64729458917836
604,395,9.76655629139073,9.47594936708861,999,9.65165165165165
605,394,9.77851239669421,9.45431472081218,999,9.65065065065065
602,396,9.75913621262458,9.44191919191919,998,9.63326653306613
596,401,9.77684563758389,9.47630922693267,997,9.65596790371113
597,402,9.76716917922948,9.46517412935323,999,9.64564564564565
604,395,9.75331125827815,9.47594936708861,999,9.64364364364364
606,393,9.75577557755776,9.46310432569975,999,9.64064064064064
606,390,9.74917491749175,9.45897435897436,996,9.6355421686747
606,393,9.73432343234323,9.470737913486,999,9.63063063063063
606,390,9.74752475247525,9.47692307692308,996,9.64156626506024
614,385,9.7442996742671,9.45974025974026,999,9.63463463463463
611,386,9.73486088379705,9.44818652849741,997,9.62387161484453
616,381,9.73376623376623,9.44356955380577,997,9.62286860581745
621,378,9.72946859903382,9.43650793650794,999,9.61861861861862
629,370,9.72972972972973,9.41891891891892,999,9.61461461461461
630,368,9.73174603174603,9.42119565217391,998,9.61723446893788
617,382,9.74392220421394,9.41099476439791,999,9.61661661661662
618,381,9.73462783171521,9.41732283464567,999,9.61361361361361
617,379,9.73743922204214,9.41952506596306,996,9.61646586345381
623,376,9.75120385232745,9.41489361702128,999,9.62462462462462
608,391,9.75,9.40920716112532,999,9.61661661661662
605,394,9.76528925619835,9.40609137055838,999,9.62362362362362
604,394,9.76324503311258,9.42131979695431,998,9.62825651302605
600,399,9.77166666666667,9.40852130325815,999,9.62662662662663
602,397,9.78571428571429,9.41309823677582,999,9.63763763763764
593,406,9.78246205733558,9.42118226600985,999,9.63563563563564
603,395,9.7893864013267,9.45063291139241,998,9.65531062124249
596,402,9.78859060402685,9.46517412935323,998,9.65831663326653
601,398,9.79700499168053,9.46733668341709,999,9.66566566566567
588,411,9.79761904761905,9.48905109489051,999,9.67067067067067
591,407,9.79695431472081,9.46437346437346,998,9.66132264529058
588,410,9.79421768707483,9.45853658536585,998,9.6563126252505
584,415,9.80993150684932,9.46265060240964,999,9.66566566566567
579,420,9.81519861830743,9.47619047619048,999,9.67267267267267
579,420,9.81174438687392,9.48809523809524,999,9.67567567567568
583,413,9.81303602058319,9.4818401937046,996,9.67570281124498
587,412,9.8160136286201,9.49271844660194,999,9.68268268268268
586,412,9.81228668941979,9.49514563106796,998,9.6813627254509
574,424,9.80313588850174,9.49528301886792,998,9.67234468937876
577,421,9.80415944540728,9.50356294536817,998,9.67735470941884
568,429,9.79929577464789,9.50582750582751,997,9.67301905717151
576,423,9.79513888888889,9.49881796690307,999,9.66966966966967
576,423,9.79861111111111,9.52955082742317,999,9.68468468468468
585,414,9.8,9.51207729468599,999,9.68068068068068
569,428,9.8066783831283,9.51401869158878,997,9.68104312938816
573,425,9.81849912739965,9.51058823529412,998,9.687374749499
572,427,9.82342657342657,9.50819672131148,999,9.68868868868869
577,421,9.82495667244367,9.52256532066508,998,9.69739478957916
575,424,9.82608695652174,9.53301886792453,999,9.7017017017017
565,434,9.83716814159292,9.51612903225806,999,9.6976976976977
565,434,9.83362831858407,9.51612903225806,999,9.6956956956957
562,436,9.83985765124555,9.51834862385321,998,9.69939879759519
574,424,9.84320557491289,9.51415094339623,998,9.70340681362725
577,422,9.83708838821491,9.52132701421801,999,9.7037037037037
589,410,9.84380305602716,9.50731707317073,999,9.70570570570571
591,408,9.85279187817259,9.51225490196078,999,9.71371371371371
597,401,9.84589614740369,9.51870324189526,998,9.71442885771543
592,405,9.84290540540541,9.50864197530864,997,9.70712136409228
595,404,9.82857142857143,9.52227722772277,999,9.7047047047047
611,387,9.83633387888707,9.51937984496124,998,9.71342685370741
603,394,9.82587064676617,9.51015228426396,997,9.70110330992979
604,393,9.83443708609271,9.4910941475827,997,9.69909729187563
598,397,9.82943143812709,9.46599496221662,995,9.68442211055276
606,391,9.83003300330033,9.47826086956522,997,9.69207622868606
594,404,9.82491582491583,9.48762376237624,998,9.68837675350701
591,407,9.81725888324873,9.46928746928747,998,9.67535070140281
586,413,9.81058020477816,9.47215496368039,999,9.67067067067067
593,405,9.81450252951096,9.48888888888889,998,9.68236472945892
598,401,9.81605351170569,9.49376558603491,999,9.68668668668669
598,398,9.81438127090301,9.50251256281407,996,9.68975903614458
589,410,9.81324278438031,9.53170731707317,999,9.6976976976977
583,414,9.83018867924528,9.52173913043478,997,9.70210631895687
582,417,9.82817869415808,9.53956834532374,999,9.70770770770771
580,419,9.82586206896552,9.54415274463007,999,9.70770770770771
578,421,9.82698961937716,9.53919239904988,999,9.70570570570571
575,424,9.83652173913043,9.5377358490566,999,9.70970970970971
578,421,9.84083044982699,9.5249406175772,999,9.70770770770771
589,410,9.83870967741935,9.53414634146341,999,9.71371371371371
582,417,9.84192439862543,9.52038369304556,999,9.70770770770771
580,417,9.85344827586207,9.52997601918465,997,9.71815446339017
580,419,9.87068965517241,9.52505966587112,999,9.72572572572573
586,412,9.8703071672355,9.53155339805825,998,9.73046092184369
589,410,9.86757215619694,9.52926829268293,999,9.72872872872873
600,398,9.85833333333333,9.52010050251256,998,9.72344689378757
597,402,9.85594639865997,9.52985074626866,999,9.72472472472472
601,397,9.86189683860233,9.5264483627204,998,9.72845691382765
595,403,9.85546218487395,9.50868486352357,998,9.71543086172345
603,396,9.86401326699834,9.51515151515152,999,9.72572572572573
596,402,9.86073825503356,9.52238805970149,998,9.72444889779559
593,406,9.8566610455312,9.51724137931035,999,9.71871871871872
597,402,9.85762144053601,9.52238805970149,999,9.72272272272272
603,395,9.86235489220564,9.52911392405063,998,9.73046092184369
595,404,9.8655462184874,9.52722772277228,999,9.72872872872873
601,398,9.87188019966722,9.53015075376884,999,9.73573573573574
601,396,9.86688851913478,9.53787878787879,997,9.73620862587763
599,400,9.86811352253756,9.52,999,9.72872872872873
608,391,9.86019736842105,9.51406649616368,999,9.72472472472472
604,395,9.85430463576159,9.52405063291139,999,9.72372372372372
608,390,9.86513157894737,9.52307692307692,998,9.7314629258517
611,387,9.86088379705401,9.54005167958656,998,9.73647294589178
601,397,9.85690515806988,9.55163727959698,998,9.73547094188377
603,396,9.86069651741293,9.5530303030303,999,9.73873873873874
606,393,9.85643564356436,9.58269720101781,999,9.74874874874875
608,391,9.86019736842105,9.58312020460358,999,9.75175175175175
612,387,9.8578431372549,9.58397932816538,999,9.75175175175175
611,387,9.85924713584288,9.61757105943152,998,9.76553106212425
609,390,9.85385878489327,9.61794871794872,999,9.76176176176176
610,388,9.84590163934426,9.6340206185567,998,9.76352705410822
611,387,9.8379705400982,9.63307493540052,998,9.75851703406814
615,383,9.82926829268293,9.63446475195822,998,9.75450901803607
617,382,9.83954619124797,9.66230366492147,999,9.77177177177177
617,381,9.84278768233387,9.66666666666667,998,9.77555110220441
623,376,9.83948635634029,9.65425531914894,999,9.76976976976977
623,376,9.8330658105939,9.66755319148936,999,9.77077077077077
626,373,9.82428115015975,9.64075067024129,999,9.75575575575576
626,372,9.82747603833866,9.64247311827957,998,9.75851703406814
630,368,9.82539682539683,9.62771739130435,998,9.75250501002004
630,368,9.81904761904762,9.6195652173913,998,9.74549098196393
636,363,9.81918238993711,9.63636363636364,999,9.75275275275275
642,357,9.82398753894081,9.62745098039216,999,9.75375375375375
645,354,9.82945736434108,9.64971751412429,999,9.76576576576577
645,354,9.82635658914729,9.64689265536723,999,9.76276276276276
648,351,9.82098765432099,9.64672364672365,999,9.75975975975976
649,349,9.82434514637904,9.65902578796562,998,9.76653306613226
636,362,9.82075471698113,9.65193370165746,998,9.75951903807615
639,359,9.82942097026604,9.65459610027855,998,9.76653306613226
635,364,9.8236220472441,9.6456043956044,999,9.75875875875876
641,358,9.81747269890796,9.6340782122905,999,9.75175175175175
641,357,9.81123244929797,9.63305322128851,998,9.74749498997996
649,348,9.81664098613251,9.61781609195402,997,9.74724172517553
638,361,9.81191222570533,9.64265927977839,999,9.75075075075075
656,343,9.8125,9.64139941690962,999,9.75375375375375
650,347,9.82923076923077,9.63976945244957,997,9.76328986960883
654,344,9.81804281345566,9.61918604651163,998,9.74949899799599
651,348,9.82334869431644,9.61781609195402,999,9.75175175175175
662,337,9.82477341389728,9.59643916913947,999,9.74774774774775
657,341,9.82952815829528,9.63636363636364,998,9.76352705410822
655,343,9.83969465648855,9.6530612244898,998,9.77555110220441
657,341,9.82648401826484,9.64809384164223,998,9.76553106212425
659,339,9.82094081942337,9.66961651917404,998,9.76953907815631
657,340,9.82952815829528,9.68235294117647,997,9.77933801404213
648,348,9.82407407407407,9.66954022988506,996,9.77008032128514
643,356,9.83514774494557,9.66573033707865,999,9.77477477477477
643,356,9.8398133748056,9.6685393258427,999,9.77877877877878
635,362,9.83779527559055,9.66022099447514,997,9.77331995987964
630,369,9.85238095238095,9.67479674796748,999,9.78678678678679
623,376,9.84590690208668,9.66755319148936,999,9.77877877877878
612,387,9.86111111111111,9.66666666666667,999,9.78578578578579
612,386,9.86111111111111,9.67357512953368,998,9.78857715430862
606,392,9.85313531353135,9.68112244897959,998,9.78557114228457
602,396,9.84883720930233,9.69949494949495,998,9.78957915831663
602,396,9.85215946843854,9.72727272727273,998,9.80260521042084
608,391,9.86184210526316,9.72634271099744,999,9.80880880880881
603,396,9.87230514096186,9.70707070707071,999,9.80680680680681
612,387,9.88398692810457,9.70801033591731,999,9.81581581581582
604,392,9.87582781456954,9.69132653061224,996,9.80321285140562
608,391,9.87828947368421,9.69309462915601,999,9.80580580580581
601,398,9.87853577371048,9.68844221105528,999,9.8028028028028
609,390,9.88013136288998,9.7051282051282,999,9.81181181181181
607,392,9.88138385502471,9.7015306122449,999,9.81081081081081
604,394,9.88576158940397,9.70558375634518,998,9.81462925851703
600,399,9.89,9.70676691729323,999,9.81681681681682
602,397,9.88538205980066,9.70780856423174,999,9.81481481481481
592,405,9.89189189189189,9.70617283950617,997,9.81644934804413
592,406,9.88851351351351,9.7192118226601,998,9.81963927855711
585,412,9.88547008547009,9.70388349514563,997,9.81043129388165
596,403,9.88422818791946,9.71464019851117,999,9.81581581581582
594,405,9.87878787878788,9.71358024691358,999,9.81181181181181
602,396,9.88538205980066,9.74494949494949,998,9.82965931863727
595,401,9.87731092436975,9.75311720698254,996,9.82730923694779
604,393,9.87417218543046,9.74554707379135,997,9.8234704112337
599,399,9.87312186978297,9.7593984962406,998,9.82765531062124
594,404,9.87205387205387,9.75990099009901,998,9.82665330661323
596,402,9.87751677852349,9.77363184079602,998,9.83567134268537
605,394,9.87272727272727,9.76649746192893,999,9.83083083083083
604,395,9.88245033112583,9.7620253164557,999,9.83483483483483
607,391,9.88632619439868,9.76470588235294,998,9.83867735470942
600,397,9.88166666666667,9.76070528967254,997,9.83350050150451
603,396,9.88225538971808,9.76010101010101,999,9.83383383383383
610,388,9.88196721311475,9.7680412371134,998,9.8376753507014
607,392,9.88962108731466,9.75510204081633,999,9.83683683683684
604,394,9.89569536423841,9.74619289340102,998,9.83667334669339
603,394,9.89220563847429,9.74365482233503,997,9.83350050150451
613,386,9.8858075040783,9.72538860103627,999,9.82382382382382
617,382,9.89303079416532,9.71989528795812,999,9.82682682682683
612,386,9.8937908496732,9.70984455958549,998,9.82264529058116
608,390,9.89967105263158,9.72307692307692,998,9.83066132264529
617,382,9.90437601296596,9.74083769633508,999,9.84184184184184
611,388,9.90180032733224,9.73969072164948,999,9.83883883883884
611,387,9.89852700490998,9.73385012919897,998,9.83466933867735
605,394,9.89256198347107,9.73350253807107,999,9.82982982982983
605,393,9.88925619834711,9.72773536895674,998,9.82565130260521
596,402,9.89765100671141,9.72636815920398,998,9.82865731462926
596,401,9.8993288590604,9.72319201995012,997,9.82848545636911
589,409,9.91001697792869,9.72860635696822,998,9.83567134268537
587,412,9.90289608177172,9.74029126213592,999,9.83583583583584
582,417,9.90378006872852,9.73621103117506,999,9.83383383383383
580,419,9.9,9.73508353221957,999,9.83083083083083
583,414,9.90222984562607,9.73913043478261,997,9.8345035105316
580,418,9.91034482758621,9.7488038277512,998,9.84268537074148
583,416,9.90566037735849,9.75961538461539,999,9.84484484484484
581,418,9.90361445783133,9.7488038277512,999,9.83883883883884
578,420,9.91522491349481,9.7452380952381,998,9.8436873747495
584,415,9.9041095890411,9.73734939759036,999,9.83483483483483
579,420,9.90500863557858,9.73333333333333,999,9.83283283283283
582,416,9.89690721649485,9.75240384615385,998,9.83667334669339
578,421,9.89100346020761,9.73871733966746,999,9.82682682682683
585,414,9.8957264957265,9.72946859903382,999,9.82682682682683
592,406,9.88682432432432,9.74630541871921,998,9.82965931863727
599,399,9.89315525876461,9.72681704260652,998,9.82665330661323
592,405,9.89527027027027,9.73333333333333,997,9.82948846539619
592,405,9.88344594594595,9.73827160493827,997,9.82447342026078
592,407,9.89189189189189,9.73464373464373,999,9.82782782782783
588,411,9.88775510204082,9.7323600973236,999,9.82382382382382
589,410,9.8811544991511,9.74634146341463,999,9.82582582582583
577,421,9.88561525129983,9.74109263657957,998,9.82464929859719
584,414,9.88356164383562,9.743961352657,998,9.82565130260521
576,423,9.88715277777778,9.74940898345154,999,9.82882882882883
582,416,9.87972508591065,9.75721153846154,998,9.82865731462926
583,415,9.88336192109777,9.77349397590361,998,9.8376753507014
587,412,9.8824531516184,9.75242718446602,999,9.82882882882883
586,411,9.89761092150171,9.76155717761557,997,9.84152457372116
582,416,9.88831615120275,9.75480769230769,998,9.83266533066132
577,421,9.88561525129983,9.77672209026128,998,9.83967935871743
578,420,9.89273356401384,9.76428571428571,998,9.83867735470942
574,423,9.9006968641115,9.75177304964539,997,9.83751253761284
573,426,9.9022687609075,9.75117370892019,999,9.83783783783784
569,430,9.90158172231986,9.74883720930232,999,9.83583583583584
578,420,9.91003460207613,9.76428571428571,998,9.84869739478958
588,411,9.91326530612245,9.7639902676399,999,9.85185185185185
578,421,9.91003460207613,9.75296912114014,999,9.84384384384384
587,412,9.90630323679727,9.75728155339806,999,9.84484484484484
586,411,9.9061433447099,9.74695863746959,997,9.84052156469408
593,406,9.9106239460371,9.7487684729064,999,9.84484484484484
602,397,9.90033222591362,9.75818639798489,999,9.84384384384384
597,401,9.90117252931323,9.75311720698254,998,9.84168336673347
597,401,9.892797319933,9.75062344139651,998,9.83567134268537
597,402,9.88777219430486,9.74129353233831,999,9.82882882882883
594,402,9.88047138047138,9.74626865671642,996,9.82630522088353
591,408,9.89340101522843,9.75,999,9.83483483483483
600,399,9.895,9.74185463659148,999,9.83383383383383
599,400,9.89649415692821,9.7525,999,9.83883883883884
598,400,9.89297658862876,9.745,998,9.83366733466934
602,397,9.88870431893688,9.75818639798489,999,9.83683683683684
599,400,9.89649415692821,9.755,999,9.83983983983984
605,394,9.89256198347107,9.75888324873096,999,9.83983983983984
605,394,9.89256198347107,9.75380710659898,999,9.83783783783784
606,393,9.8960396039604,9.78117048346056,999,9.85085085085085
606,393,9.9026402640264,9.80152671755725,999,9.86286286286286
608,391,9.90131578947368,9.81074168797954,999,9.86586586586587
613,385,9.89885807504078,9.8025974025974,998,9.86172344689379
606,392,9.89438943894389,9.80612244897959,998,9.85971943887776
610,389,9.89016393442623,9.80462724935733,999,9.85685685685686
607,392,9.89126853377265,9.80867346938776,999,9.85885885885886
611,387,9.88543371522095,9.81136950904393,998,9.85671342685371
618,381,9.88349514563107,9.82152230971129,999,9.85985985985986
620,378,9.87741935483871,9.7989417989418,998,9.84769539078156
623,374,9.87640449438202,9.80748663101604,997,9.85055165496489
622,377,9.88263665594855,9.80371352785146,999,9.85285285285285
614,384,9.86807817589577,9.79427083333333,998,9.83967935871743
618,380,9.86893203883495,9.79210526315789,998,9.83967935871743
618,380,9.86569579288026,9.78947368421053,998,9.83667334669339
625,374,9.8688,9.77272727272727,999,9.83283283283283
615,384,9.87804878048781,9.7734375,999,9.83783783783784
617,382,9.88168557536467,9.75916230366492,999,9.83483483483483
612,386,9.89052287581699,9.74611398963731,998,9.83466933867735
618,378,9.89482200647249,9.74603174603175,996,9.83835341365462
624,375,9.89583333333333,9.74933333333333,999,9.84084084084084
634,365,9.89116719242902,9.75890410958904,999,9.84284284284284
633,365,9.89415481832543,9.76164383561644,998,9.84569138276553
632,365,9.89715189873418,9.74794520547945,997,9.84252758274824
638,359,9.89341692789969,9.76323119777159,997,9.84653961885657
645,354,9.90077519379845,9.77401129943503,999,9.85585585585586
638,361,9.91065830721003,9.78393351800554,999,9.86486486486486
639,360,9.90297339593114,9.775,999,9.85685685685686
649,350,9.90292758089368,9.76857142857143,999,9.85585585585586
644,353,9.91614906832298,9.77053824362606,997,9.86459378134403
638,361,9.92476489028213,9.80332409972299,999,9.88088088088088
641,355,9.92199687987519,9.82535211267606,996,9.88755020080321
647,352,9.92117465224111,9.81534090909091,999,9.88388388388388
651,345,9.92165898617512,9.82608695652174,996,9.88855421686747
661,338,9.91981845688351,9.82840236686391,999,9.88888888888889
660,338,9.91969696969697,9.84319526627219,998,9.8937875751503
665,334,9.92180451127819,9.87724550898204,999,9.90690690690691
659,338,9.91805766312595,9.8905325443787,997,9.90872617853561
669,330,9.92227204783259,9.89393939393939,999,9.91291291291291
671,328,9.92399403874814,9.89024390243902,999,9.91291291291291
669,329,9.92227204783259,9.89665653495441,998,9.91382765531062
660,339,9.92272727272727,9.88790560471976,999,9.91091091091091
671,328,9.92101341281669,9.89634146341463,999,9.91291291291291
666,333,9.91891891891892,9.8978978978979,999,9.91191191191191
670,328,9.93432835820895,9.88414634146342,998,9.91783567134268
660,339,9.93181818181818,9.90560471976401,999,9.92292292292292
665,333,9.92631578947368,9.9039039039039,998,9.9188376753507
657,342,9.93455098934551,9.90643274853801,999,9.92492492492492
666,333,9.94594594594595,9.90690690690691,999,9.93293293293293
659,340,9.94081942336874,9.88823529411765,999,9.92292292292292
663,336,9.95022624434389,9.875,999,9.92492492492492
654,345,9.94954128440367,9.87826086956522,999,9.92492492492492
662,337,9.94259818731118,9.86053412462908,999,9.91491491491491
655,343,9.95114503816794,9.86588921282799,998,9.92184368737475
663,336,9.95022624434389,9.87202380952381,999,9.92392392392392
658,341,9.94528875379939,9.87390029325513,999,9.92092092092092
669,330,9.94319880418535,9.86969696969697,999,9.91891891891892
668,331,9.95059880239521,9.87009063444109,999,9.92392392392392
669,330,9.949177877429,9.85757575757576,999,9.91891891891892
669,329,9.94768310911809,9.86322188449848,998,9.91983967935872
687,312,9.95050946142649,9.86217948717949,999,9.92292292292292
688,310,9.95058139534884,9.88064516129032,998,9.92885771543086
692,306,9.95231213872832,9.88888888888889,998,9.93286573146293
689,309,9.95210449927431,9.88349514563107,998,9.93086172344689
694,305,9.94236311239193,9.88852459016393,999,9.92592592592593
686,312,9.94752186588921,9.88782051282051,998,9.92885771543086
685,314,9.94014598540146,9.87261146496815,999,9.91891891891892
688,311,9.94331395348837,9.88745980707395,999,9.92592592592593
683,316,9.94582723279649,9.87025316455696,999,9.92192192192192
691,307,9.94500723589001,9.88273615635179,998,9.92585170340681
695,304,9.94388489208633,9.9078947368421,999,9.93293293293293
689,310,9.94339622641509,9.89677419354839,999,9.92892892892893
700,298,9.94428571428571,9.91610738255033,998,9.93587174348697
693,306,9.94660894660895,9.91176470588235,999,9.93593593593594
690,309,9.94782608695652,9.90938511326861,999,9.93593593593594
691,306,9.94211287988423,9.90849673202614,997,9.93179538615848
700,298,9.94285714285714,9.90268456375839,998,9.93086172344689
695,303,9.94676258992806,9.91749174917492,998,9.93787575150301
697,302,9.95265423242468,9.92384105960265,999,9.94394394394394
697,300,9.95552367288379,9.91333333333333,997,9.94282848545637
698,300,9.95845272206304,9.91333333333333,998,9.94488977955912
699,300,9.96137339055794,9.90666666666667,999,9.94494494494494
697,302,9.96269727403156,9.90397350993377,999,9.94494494494494
707,291,9.95756718528996,9.90721649484536,998,9.94288577154309
706,293,9.96317280453258,9.89419795221843,999,9.94294294294294
717,282,9.96373779637378,9.91489361702128,999,9.94994994994995
706,291,9.96742209631728,9.90378006872852,997,9.94884653961886
711,287,9.9634317862166,9.89895470383275,998,9.94488977955912
714,284,9.96078431372549,9.91549295774648,998,9.94789579158317
715,282,9.95664335664336,9.89716312056738,997,9.93981945837513
717,282,9.95955369595537,9.89716312056738,999,9.94194194194194
724,272,9.95580110497237,9.88970588235294,996,9.93775100401606
724,274,9.95580110497237,9.88321167883212,998,9.93587174348697
733,266,9.96180081855389,9.88345864661654,999,9.94094094094094
735,264,9.96190476190476,9.87121212121212,999,9.93793793793794
728,271,9.96428571428571,9.88191881918819,999,9.94194194194194
725,274,9.97241379310345,9.89416058394161,999,9.95095095095095
718,280,9.97493036211699,9.88214285714286,998,9.94889779559118
714,285,9.97478991596639,9.88771929824561,999,9.94994994994995
717,281,9.97629009762901,9.88612099644128,998,9.95090180360721
713,286,9.97896213183731,9.88111888111888,999,9.95095095095095
722,275,9.98199445983379,9.88,997,9.95386158475426
727,272,9.98486932599725,9.88970588235294,999,9.95895895895896
735,262,9.98503401360544,9.89312977099237,997,9.96088264794383
732,267,9.98224043715847,9.89513108614232,999,9.95895895895896
724,275,9.98204419889503,9.89090909090909,999,9.95695695695696
729,270,9.97942386831276,9.88148148148148,999,9.95295295295295
718,280,9.97632311977716,9.88571428571429,998,9.95090180360721
722,276,9.97368421052632,9.86231884057971,998,9.94288577154309
713,284,9.97054698457223,9.86267605633803,997,9.93981945837513
720,279,9.96805555555556,9.87096774193548,999,9.94094094094094
714,284,9.96778711484594,9.86971830985915,998,9.93987975951904
726,272,9.96831955922865,9.86029411764706,998,9.93887775551102
718,280,9.96100278551532,9.85714285714286,998,9.93186372745491
719,280,9.96105702364395,9.85357142857143,999,9.93093093093093
721,277,9.95700416088766,9.85198555956679,998,9.92785571142285
724,274,9.95580110497237,9.86131386861314,998,9.92985971943888
725,273,9.96,9.86446886446886,998,9.93386773547094
724,274,9.95994475138122,9.86496350364964,998,9.93386773547094
721,276,9.9625520110957,9.84782608695652,997,9.93079237713139
730,266,9.96575342465753,9.85338345864662,996,9.93574297188755
726,273,9.97107438016529,9.84615384615385,999,9.93693693693694
725,274,9.97655172413793,9.83211678832117,999,9.93693693693694
728,271,9.97664835164835,9.85239852398524,999,9.94294294294294
724,273,9.97651933701657,9.83150183150183,997,9.93681043129388
723,273,9.97648686030429,9.83150183150183,996,9.93674698795181
724,274,9.98480662983425,9.81751824817518,998,9.93887775551102
721,277,9.98474341192788,9.81949458483754,998,9.93887775551102
723,276,9.98755186721992,9.83333333333333,999,9.94494494494494
711,287,9.9901547116737,9.84320557491289,998,9.94789579158317
719,280,9.99026425591099,9.84285714285714,999,9.94894894894895
714,285,9.99019607843137,9.83508771929825,999,9.94594594594595
715,284,9.99020979020979,9.83802816901408,999,9.94694694694695
715,283,9.99020979020979,9.84452296819788,998,9.94889779559118
725,274,9.99034482758621,9.85766423357664,999,9.95395395395395
718,281,9.99303621169916,9.84341637010676,999,9.95095095095095
722,276,9.98891966759003,9.85144927536232,998,9.95090180360721
720,279,9.99305555555556,9.85304659498208,999,9.95395395395395
724,273,9.99309392265193,9.85714285714286,997,9.95586760280842
728,270,9.99313186813187,9.85925925925926,998,9.95691382765531
732,267,9.99590163934426,9.8501872659176,999,9.95695695695696
730,269,9.9958904109589,9.8550185873606,999,9.95795795795796
738,260,9.99593495934959,9.86923076923077,998,9.96292585170341
735,264,9.99591836734694,9.86742424242424,999,9.96196196196196
734,265,9.99591280653951,9.86037735849057,999,9.95995995995996
725,273,9.99586206896552,9.86446886446886,998,9.95991983967936
726,272,9.99586776859504,9.86397058823529,998,9.95991983967936
715,283,9.9958041958042,9.86219081272085,998,9.95791583166333
718,280,9.9958217270195,9.87857142857143,998,9.96292585170341
718,281,9.9958217270195,9.86832740213523,999,9.95995995995996
719,280,9.99721835883171,9.875,999,9.96296296296296
725,274,9.99724137931035,9.86496350364964,999,9.96096096096096
723,275,9.99723374827109,9.85818181818182,998,9.95891783567134
731,267,9.99726402188782,9.88014981273408,998,9.96593186372746
736,263,9.99728260869565,9.893536121673,999,9.96996996996997
738,260,9.99728997289973,9.89230769230769,998,9.96993987975952
738,261,9.99728997289973,9.90038314176245,999,9.97197197197197
736,262,9.99728260869565,9.88549618320611,998,9.96793587174349
737,262,9.99457259158752,9.90076335877863,999,9.96996996996997
732,267,9.99453551912568,9.91011235955056,999,9.97197197197197
730,268,9.99452054794521,9.91044776119403,998,9.97194388777555
736,263,10.0,9.91634980988593,999,9.97797797797798
746,251,10.0,9.92828685258964,997,9.98194583751254
751,248,10.0,9.95161290322581,999,9.98798798798799
754,245,10.0,9.94285714285714,999,9.98598598598599
748,250,10.0,9.944,998,9.98597194388778
751,248,10.0,9.94354838709677,999,9.98598598598599
749,250,10.0,9.952,999,9.98798798798799
757,237,10.0,9.94936708860759,994,9.98792756539235
753,245,10.0,9.94285714285714,998,9.98597194388778
752,245,10.0,9.94285714285714,997,9.98595787362086
745,252,10.0,9.95238095238095,997,9.98796389167503
745,253,10.0,9.94466403162055,998,9.98597194388778
732,266,10.0,9.94736842105263,998,9.98597194388778
725,273,10.0,9.94871794871795,998,9.98597194388778
721,276,10.0,9.94927536231884,997,9.98595787362086
728,271,10.0,9.96309963099631,999,9.98998998998999
731,267,10.0,9.9625468164794,998,9.98997995991984
726,273,10.0,9.96336996336996,999,9.98998998998999
714,282,10.0,9.9645390070922,996,9.98995983935743
727,272,10.0,9.94852941176471,999,9.98598598598599
726,273,10.0,9.94871794871795,999,9.98598598598599
731,266,10.0,9.94736842105263,997,9.98595787362086
730,268,10.0,9.94776119402985,998,9.98597194388778
740,259,10.0,9.93822393822394,999,9.98398398398398
734,264,10.0,9.93181818181818,998,9.98196392785571
729,270,10.0,9.93333333333333,999,9.98198198198198
736,263,10.0,9.93155893536122,999,9.98198198198198
728,270,10.0,9.93333333333333,998,9.98196392785571
737,262,10.0,9.93129770992366,999,9.98198198198198
737,262,10.0,9.93893129770992,999,9.98398398398398
735,262,10.0,9.93129770992366,997,9.98194583751254
730,267,10.0,9.9250936329588,997,9.97993981945837
725,273,10.0,9.91941391941392,998,9.97795591182365
726,272,10.0,9.93382352941176,998,9.98196392785571
726,272,10.0,9.92647058823529,998,9.97995991983968
726,273,10.0,9.92673992673993,999,9.97997997997998
724,275,10.0,9.92,999,9.97797797797798
719,279,10.0,9.92114695340502,998,9.97795591182365
719,280,10.0,9.94285714285714,999,9.98398398398398
716,283,10.0,9.9434628975265,999,9.98398398398398
724,274,10.0,9.94890510948905,998,9.98597194388778
730,269,10.0,9.97026022304833,999,9.99199199199199
730,269,10.0,9.97026022304833,999,9.99199199199199
738,260,10.0,9.97692307692308,998,9.9939879759519
732,263,10.0,9.98479087452471,995,9.99597989949749
739,259,10.0,9.98455598455598,998,9.99599198396794
734,264,10.0,9.98484848484848,998,9.99599198396794
739,260,10.0,9.97692307692308,999,9.99399399399399
749,249,10.0,9.97590361445783,998,9.9939879759519
752,245,10.0,9.96734693877551,997,9.99197592778335
753,245,10.0,9.96734693877551,998,9.99198396793587
752,246,10.0,9.96747967479675,998,9.99198396793587
755,243,10.0,9.95884773662551,998,9.98997995991984
754,245,10.0,9.95918367346939,999,9.98998998998999
751,247,10.0,9.95951417004049,998,9.98997995991984
758,237,10.0,9.94936708860759,995,9.98793969849246
761,237,10.0,9.94936708860759,998,9.98797595190381
754,244,10.0,9.95081967213115,998,9.98797595190381
759,240,10.0,9.95,999,9.98798798798799
756,241,10.0,9.95850622406639,997,9.98996990972919
759,238,10.0,9.95798319327731,997,9.98996990972919
758,240,10.0,9.95833333333333,998,9.98997995991984
755,244,10.0,9.95901639344262,999,9.98998998998999
757,241,10.0,9.95850622406639,998,9.98997995991984
757,242,10.0,9.95867768595041,999,9.98998998998999
763,236,10.0,9.95762711864407,999,9.98998998998999
751,247,10.0,9.95141700404858,998,9.98797595190381
755,244,10.0,9.95901639344262,999,9.98998998998999
758,240,10.0,9.95,998,9.98797595190381
760,238,10.0,9.95798319327731,998,9.98997995991984
760,239,10.0,9.9581589958159,999,9.98998998998999
770,227,10.0,9.95594713656388,997,9.98996990972919
769,230,10.0,9.94782608695652,999,9.98798798798799
773,226,10.0,9.94690265486726,999,9.98798798798799
768,229,10.0,9.94759825327511,997,9.98796389167503
776,222,10.0,9.95495495495495,998,9.98997995991984
767,229,10.0,9.96506550218341,996,9.99196787148594
770,229,10.0,9.97379912663756,999,9.99399399399399
762,235,10.0,9.97446808510638,997,9.99398194583751
767,232,10.0,9.97413793103448,999,9.99399399399399
758,241,10.0,9.97510373443983,999,9.99399399399399
762,236,10.0,9.96610169491525,998,9.99198396793587
758,240,10.0,9.975,998,9.9939879759519
753,246,10.0,9.97560975609756,999,9.99399399399399
746,252,10.0,9.98412698412698,998,9.99599198396794
752,247,10.0,9.98380566801619,999,9.995995995996
739,259,10.0,9.98455598455598,998,9.99599198396794
740,259,10.0,9.98455598455598,999,9.995995995996
738,261,10.0,9.98467432950192,999,9.995995995996
735,264,10.0,9.99242424242424,999,9.997997997998
734,264,10.0,9.99242424242424,998,9.99799599198397
738,260,10.0,9.99230769230769,998,9.99799599198397
734,265,10.0,9.99245283018868,999,9.997997997998
733,265,10.0,9.99245283018868,998,9.99799599198397
736,262,10.0,9.99236641221374,998,9.99799599198397
731,268,10.0,9.99253731343284,999,9.997997997998
736,262,10.0,9.99236641221374,998,9.99799599198397
726,272,10.0,9.99264705882353,998,9.99799599198397
737,261,10.0,9.99233716475096,998,9.99799599198397
741,255,10.0,9.9921568627451,996,9.99799196787149
735,264,10.0,9.99242424242424,999,9.997997997998
739,259,10.0,9.98455598455598,998,9.99599198396794
741,258,10.0,9.98449612403101,999,9.995995995996
740,258,10.0,9.98449612403101,998,9.99599198396794
740,258,10.0,9.97674418604651,998,9.9939879759519
747,252,10.0,9.98412698412698,999,9.995995995996
749,250,10.0,9.984,999,9.995995995996
752,247,10.0,9.97570850202429,999,9.99399399399399
748,251,10.0,9.97609561752988,999,9.99399399399399
751,247,10.0,9.97570850202429,998,9.9939879759519
745,254,10.0,9.97637795275591,999,9.99399399399399
745,253,10.0,9.97628458498024,998,9.9939879759519
741,258,10.0,9.98449612403101,999,9.995995995996
746,252,10.0,9.98412698412698,998,9.99599198396794
741,258,10.0,9.98449612403101,999,9.995995995996
743,255,10.0,10.0,998,10.0
738,261,10.0,10.0,999,10.0
724,275,10.0,10.0,999,10.0
720,278,10.0,10.0,998,10.0
709,290,10.0,10.0,999,10.0
716,282,10.0,10.0,998,10.0
711,286,10.0,10.0,997,10.0
719,279,10.0,10.0,998,10.0
720,278,10.0,10.0,998,10.0
721,278,10.0,10.0,999,10.0
725,274,10.0,10.0,999,10.0
730,268,10.0,10.0,998,10.0
738,259,10.0,10.0,997,10.0
740,259,10.0,10.0,999,10.0
740,259,10.0,10.0,999,10.0
735,262,10.0,10.0,997,10.0
743,255,10.0,10.0,998,10.0
746,253,10.0,10.0,999,10.0
734,265,10.0,10.0,999,10.0
730,268,10.0,10.0,998,10.0
723,275,10.0,10.0,998,10.0
722,276,10.0,10.0,998,10.0
731,268,10.0,10.0,999,10.0
741,258,10.0,10.0,999,10.0
750,249,10.0,10.0,999,10.0
749,250,10.0,10.0,999,10.0
750,249,10.0,10.0,999,10.0
751,247,10.0,10.0,998,10.0
757,242,10.0,10.0,999,10.0
752,246,10.0,10.0,998,10.0
754,243,10.0,10.0,997,10.0
748,251,10.0,10.0,999,10.0
749,248,10.0,10.0,997,10.0
749,249,10.0,10.0,998,10.0
756,242,10.0,10.0,998,10.0
750,248,10.0,10.0,998,10.0
760,239,10.0,10.0,999,10.0
761,238,10.0,10.0,999,10.0
762,236,10.0,10.0,998,10.0
762,237,10.0,10.0,999,10.0
759,240,10.0,10.0,999,10.0
749,250,10.0,10.0,999,10.0
746,252,10.0,10.0,998,10.0
744,255,10.0,10.0,999,10.0
745,254,10.0,10.0,999,10.0
745,252,10.0,10.0,997,10.0
752,246,10.0,10.0,998,10.0
753,243,10.0,10.0,996,10.0
759,240,10.0,10.0,999,10.0
757,242,10.0,10.0,999,10.0
759,239,10.0,10.0,998,10.0
765,234,10.0,10.0,999,10.0
769,230,10.0,10.0,999,10.0
770,227,10.0,10.0,997,10.0
776,223,10.0,10.0,999,10.0
773,225,10.0,10.0,998,10.0
770,227,10.0,10.0,997,10.0
779,220,10.0,10.0,999,10.0
784,215,10.0,10.0,999,10.0
785,214,10.0,10.0,999,10.0
782,216,10.0,10.0,998,10.0
786,211,10.0,10.0,997,10.0
788,210,10.0,10.0,998,10.0
794,203,10.0,10.0,997,10.0
796,203,10.0,10.0,999,10.0
791,207,10.0,10.0,998,10.0
775,222,10.0,10.0,997,10.0
775,224,10.0,10.0,999,10.0
771,228,10.0,10.0,999,10.0
768,231,10.0,10.0,999,10.0
762,235,10.0,10.0,997,10.0
771,227,10.0,10.0,998,10.0
762,236,10.0,10.0,998,10.0
757,240,10.0,10.0,997,10.0
750,248,10.0,10.0,998,10.0
745,251,10.0,10.0,996,10.0
751,247,10.0,10.0,998,10.0
748,249,10.0,10.0,997,10.0
753,242,10.0,10.0,995,10.0
763,235,10.0,10.0,998,10.0
769,229,10.0,10.0,998,10.0
769,230,10.0,10.0,999,10.0
780,218,10.0,10.0,998,10.0
779,219,10.0,10.0,998,10.0
789,210,10.0,10.0,999,10.0
790,209,10.0,10.0,999,10.0
793,206,10.0,10.0,999,10.0
792,207,10.0,10.0,999,10.0
793,206,10.0,10.0,999,10.0
792,206,10.0,10.0,998,10.0
795,204,10.0,10.0,999,10.0
801,197,10.0,10.0,998,10.0
804,195,10.0,10.0,999,10.0
806,193,10.0,10.0,999,10.0
801,197,10.0,10.0,998,10.0
801,198,10.0,10.0,999,10.0
798,200,10.0,10.0,998,10.0
793,205,10.0,10.0,998,10.0
787,211,10.0,10.0,998,10.0
782,217,10.0,10.0,999,10.0
786,213,10.0,10.0,999,10.0
785,214,10.0,10.0,999,10.0
790,209,10.0,10.0,999,10.0
794,204,10.0,10.0,998,10.0
807,192,10.0,10.0,999,10.0
811,188,10.0,10.0,999,10.0
806,192,10.0,10.0,998,10.0
807,191,10.0,10.0,998,10.0
811,188,10.0,10.0,999,10.0
814,185,10.0,10.0,999,10.0
810,187,10.0,10.0,997,10.0
813,184,10.0,10.0,997,10.0
