forward_num,reverse_num,forward_rate,reverse_rate,organism_num,organism_rate
5,5,5.0,5.0,10,5.0
5,5,5.0,5.0,10,5.0
5,5,5.0,5.0,10,5.0
6,6,5.33333333333333,5.33333333333333,12,5.33333333333333
7,7,5.42857142857143,5.42857142857143,14,5.42857142857143
8,8,5.375,5.375,16,5.375
11,11,5.54545454545455,5.54545454545455,22,5.54545454545455
14,14,5.42857142857143,5.42857142857143,28,5.42857142857143
14,14,5.42857142857143,5.42857142857143,28,5.42857142857143
20,20,5.7,5.7,40,5.7
20,20,5.7,5.7,40,5.7
26,26,5.61538461538461,5.61538461538461,52,5.61538461538461
34,34,5.94117647058824,5.94117647058824,68,5.94117647058824
38,38,5.84210526315789,5.84210526315789,76,5.84210526315789
48,48,5.75,5.75,96,5.75
64,64,6.0625,6.0625,128,6.0625
68,68,5.94117647058824,5.94117647058824,136,5.94117647058824
92,92,5.8695652173913,5.8695652173913,184,5.8695652173913
124,124,6.16129032258065,6.16129032258065,248,6.16129032258065
124,124,6.16129032258065,6.16129032258065,248,6.16129032258065
124,124,6.16129032258065,6.16129032258065,248,6.16129032258065
248,248,6.16129032258065,6.16129032258065,496,6.16129032258065
248,248,6.16129032258065,6.16129032258065,496,6.16129032258065
248,248,6.16129032258065,6.16129032258065,496,6.16129032258065
440,440,6.38181818181818,6.38181818181818,880,6.38181818181818
471,472,6.28874734607219,6.28813559322034,943,6.28844114528102
499,500,6.23246492985972,6.236,999,6.23423423423423
494,503,6.25303643724696,6.26640159045726,997,6.25977933801404
496,503,6.28225806451613,6.27634194831014,999,6.27927927927928
493,505,6.24340770791075,6.25940594059406,998,6.25150300601202
502,497,6.32270916334661,6.30784708249497,999,6.31531531531532
495,504,6.27474747474747,6.24404761904762,999,6.25925925925926
492,506,6.29878048780488,6.27075098814229,998,6.28456913827655
496,503,6.30241935483871,6.26838966202783,999,6.28528528528529
491,508,6.28716904276986,6.26181102362205,999,6.27427427427427
483,516,6.29606625258799,6.2984496124031,999,6.2972972972973
481,517,6.2993762993763,6.30947775628627,998,6.30460921843687
472,527,6.30084745762712,6.29411764705882,999,6.2972972972973
453,546,6.32229580573951,6.31868131868132,999,6.32032032032032
464,535,6.38362068965517,6.35327102803738,999,6.36736736736737
471,528,6.39702760084926,6.38636363636364,999,6.39139139139139
467,532,6.35546038543897,6.3515037593985,999,6.35335335335335
476,523,6.38235294117647,6.33078393881453,999,6.35535535535536
472,525,6.39194915254237,6.29333333333333,997,6.34002006018054
472,526,6.38559322033898,6.32699619771863,998,6.35470941883768
473,525,6.39746300211416,6.33142857142857,998,6.3627254509018
482,516,6.40871369294606,6.35271317829457,998,6.37975951903808
482,516,6.38174273858921,6.34302325581395,998,6.36172344689379
480,518,6.41041666666667,6.33783783783784,998,6.37274549098196
484,514,6.40909090909091,6.33657587548638,998,6.37174348697395
484,513,6.42768595041322,6.34892787524366,997,6.38716148445336
481,517,6.42203742203742,6.37137330754352,998,6.39579158316633
491,507,6.41547861507128,6.36489151873767,998,6.38977955911824
492,507,6.4369918699187,6.38658777120316,999,6.41141141141141
494,504,6.44939271255061,6.37896825396825,998,6.41382765531062
488,510,6.46926229508197,6.40588235294118,998,6.43687374749499
490,509,6.47551020408163,6.42239685658153,999,6.44844844844845
494,503,6.48380566801619,6.42743538767396,997,6.45536609829488
491,506,6.47046843177189,6.44268774703557,997,6.45636910732197
490,508,6.48979591836735,6.43307086614173,998,6.46092184368737
491,507,6.5132382892057,6.42603550295858,998,6.4689378757515
479,519,6.50313152400835,6.4354527938343,998,6.46793587174349
483,516,6.51138716356108,6.43217054263566,999,6.47047047047047
482,515,6.5207468879668,6.41941747572816,997,6.46840521564694
472,526,6.52118644067797,6.40874524714829,998,6.46192384769539
474,525,6.51054852320675,6.42666666666667,999,6.46646646646647
471,527,6.51592356687898,6.42884250474383,998,6.46993987975952
465,534,6.50537634408602,6.43258426966292,999,6.46646646646647
469,530,6.51172707889126,6.44528301886792,999,6.47647647647648
470,529,6.52553191489362,6.45557655954631,999,6.48848848848849
470,529,6.51489361702128,6.43289224952741,999,6.47147147147147
480,517,6.49583333333333,6.43133462282398,997,6.46238716148445
495,504,6.5030303030303,6.43253968253968,999,6.46746746746747
500,497,6.498,6.4486921529175,997,6.47342026078235
500,499,6.504,6.45290581162325,999,6.47847847847848
494,504,6.50607287449393,6.45039682539683,998,6.47795591182365
503,496,6.48707753479125,6.45967741935484,999,6.47347347347347
502,496,6.49402390438247,6.45362903225806,998,6.47394789579158
498,501,6.48192771084337,6.46307385229541,999,6.47247247247247
508,491,6.48031496062992,6.47250509164969,999,6.47647647647648
501,496,6.48502994011976,6.48790322580645,997,6.4864593781344
497,500,6.49496981891348,6.506,997,6.50050150451354
502,497,6.50398406374502,6.51307847082495,999,6.50850850850851
491,508,6.5010183299389,6.51181102362205,999,6.50650650650651
486,513,6.48148148148148,6.49707602339181,999,6.48948948948949
485,514,6.48659793814433,6.5136186770428,999,6.5005005005005
482,517,6.4896265560166,6.52224371373308,999,6.50650650650651
480,519,6.47291666666667,6.53371868978805,999,6.5045045045045
487,512,6.46611909650924,6.521484375,999,6.49449449449449
487,511,6.48254620123203,6.51663405088063,998,6.5
487,511,6.45790554414784,6.50880626223092,998,6.48396793587174
492,507,6.46341463414634,6.51282051282051,999,6.48848848848849
495,504,6.46060606060606,6.52579365079365,999,6.49349349349349
500,497,6.454,6.53118712273642,997,6.49247743229689
505,494,6.46138613861386,6.53643724696356,999,6.4984984984985
498,499,6.44979919678715,6.54709418837675,997,6.49849548645938
500,499,6.46,6.56513026052104,999,6.51251251251251
513,485,6.4327485380117,6.55670103092783,998,6.49298597194389
517,481,6.43907156673114,6.57172557172557,998,6.50300601202405
525,473,6.44190476190476,6.58985200845666,998,6.51202404809619
524,474,6.45610687022901,6.59493670886076,998,6.52204408817635
526,471,6.46577946768061,6.59660297239915,997,6.52758274824473
528,471,6.47537878787879,6.6135881104034,999,6.54054054054054
530,468,6.47547169811321,6.6025641025641,998,6.53507014028056
536,463,6.49067164179105,6.60691144708423,999,6.54454454454454
534,465,6.47752808988764,6.58709677419355,999,6.52852852852853
525,474,6.48380952380952,6.58438818565401,999,6.53153153153153
525,474,6.49333333333333,6.58860759493671,999,6.53853853853854
532,466,6.49812030075188,6.59656652360515,998,6.54408817635271
536,463,6.47014925373134,6.59179265658747,999,6.52652652652653
532,467,6.48496240601504,6.59743040685225,999,6.53753753753754
526,472,6.50760456273764,6.6228813559322,998,6.56212424849699
528,471,6.5094696969697,6.63269639065817,999,6.56756756756757
530,469,6.47547169811321,6.63752665245203,999,6.55155155155155
530,468,6.49245283018868,6.63888888888889,998,6.56112224448898
530,468,6.49622641509434,6.65811965811966,998,6.57214428857715
516,481,6.49612403100775,6.64241164241164,997,6.5667001003009
519,480,6.49132947976879,6.65,999,6.56756756756757
524,474,6.49236641221374,6.66877637130802,998,6.57615230460922
521,478,6.48368522072937,6.6652719665272,999,6.57057057057057
521,478,6.49328214971209,6.65899581589958,999,6.57257257257257
528,470,6.48295454545455,6.6468085106383,998,6.56012024048096
525,473,6.48761904761905,6.64270613107822,998,6.56112224448898
523,476,6.50478011472275,6.64495798319328,999,6.57157157157157
534,463,6.49812734082397,6.65010799136069,997,6.56870611835507
549,450,6.49544626593807,6.65333333333333,999,6.56656656656657
544,455,6.50551470588235,6.64615384615385,999,6.56956956956957
545,454,6.51192660550459,6.64757709251101,999,6.57357357357357
551,447,6.53539019963702,6.64653243847875,998,6.58517034068136
541,456,6.51386321626617,6.64912280701754,997,6.57572718154463
543,456,6.51012891344383,6.64254385964912,999,6.57057057057057
547,451,6.55393053016453,6.65188470066519,998,6.59819639278557
542,455,6.55719557195572,6.67032967032967,997,6.60882647943832
540,458,6.54074074074074,6.65065502183406,998,6.59118236472946
547,450,6.53564899451554,6.64444444444444,997,6.58475426278837
554,442,6.53249097472924,6.65837104072398,996,6.58835341365462
556,443,6.54676258992806,6.66817155756208,999,6.6006006006006
559,439,6.54025044722719,6.65148063781321,998,6.58917835671343
560,437,6.52142857142857,6.67048054919908,997,6.58676028084253
559,439,6.50983899821109,6.66970387243736,998,6.58016032064128
560,436,6.52321428571429,6.66743119266055,996,6.5863453815261
558,441,6.53584229390681,6.66439909297052,999,6.59259259259259
559,440,6.52593917710197,6.66590909090909,999,6.58758758758759
562,437,6.51245551601424,6.67963386727689,999,6.58558558558559
553,445,6.52622061482821,6.67191011235955,998,6.59118236472946
557,442,6.52423698384201,6.66742081447964,999,6.58758758758759
552,447,6.52355072463768,6.66890380313199,999,6.58858858858859
562,437,6.52491103202847,6.67734553775744,999,6.59159159159159
563,436,6.5417406749556,6.6651376146789,999,6.5955955955956
556,443,6.53057553956835,6.66365688487585,999,6.58958958958959
558,441,6.52688172043011,6.65759637188209,999,6.58458458458458
560,438,6.5375,6.66438356164384,998,6.59318637274549
561,437,6.53832442067736,6.66819221967963,998,6.59519038076152
565,434,6.52743362831858,6.67741935483871,999,6.59259259259259
561,436,6.53119429590018,6.67660550458716,997,6.59478435305918
565,433,6.52035398230089,6.68591224018476,998,6.59218436873747
568,430,6.49647887323944,6.68139534883721,998,6.57615230460922
573,426,6.51134380453752,6.67136150234742,999,6.57957957957958
573,426,6.52530541012216,6.69014084507042,999,6.5955955955956
574,425,6.50871080139373,6.68470588235294,999,6.58358358358358
577,422,6.51819757365685,6.6824644549763,999,6.58758758758759
557,441,6.5278276481149,6.68027210884354,998,6.59519038076152
555,444,6.52972972972973,6.68918918918919,999,6.6006006006006
558,441,6.52867383512545,6.68707482993197,999,6.5985985985986
545,453,6.54128440366972,6.69757174392936,998,6.6122244488978
542,457,6.54428044280443,6.6980306345733,999,6.61461461461461
543,455,6.52486187845304,6.67692307692308,998,6.59418837675351
532,467,6.53947368421053,6.68522483940043,999,6.60760760760761
540,459,6.55740740740741,6.68845315904139,999,6.61761761761762
537,462,6.5512104283054,6.67748917748918,999,6.60960960960961
536,463,6.54850746268657,6.67818574514039,999,6.60860860860861
543,456,6.55432780847145,6.67105263157895,999,6.60760760760761
539,460,6.54916512059369,6.68695652173913,999,6.61261261261261
541,458,6.53789279112754,6.68558951965066,999,6.60560560560561
545,453,6.55045871559633,6.66887417218543,998,6.60420841683367
538,461,6.55576208178439,6.67895878524946,999,6.61261261261261
531,468,6.54425612052731,6.68376068376068,999,6.60960960960961
537,461,6.5195530726257,6.68112798264642,998,6.59418837675351
528,470,6.51515151515152,6.69148936170213,998,6.59819639278557
527,472,6.54459203036053,6.69067796610169,999,6.61361361361361
526,473,6.54562737642586,6.70824524312896,999,6.62262262262262
523,476,6.53728489483748,6.71218487394958,999,6.62062062062062
524,475,6.55725190839695,6.71578947368421,999,6.63263263263263
522,475,6.56513409961686,6.72421052631579,997,6.64092276830491
505,494,6.57029702970297,6.72672064777328,999,6.64764764764765
514,484,6.57003891050584,6.73140495867769,998,6.64829659318637
504,494,6.56150793650794,6.72064777327935,998,6.64028056112224
506,491,6.58300395256917,6.73523421588595,997,6.6579739217653
510,489,6.57843137254902,6.72188139059305,999,6.64864864864865
516,483,6.58139534883721,6.73291925465838,999,6.65465465465465
512,486,6.58203125,6.74279835390946,998,6.66032064128257
513,485,6.57699805068226,6.7340206185567,998,6.65330661322645
518,481,6.58108108108108,6.73388773388773,999,6.65465465465465
517,481,6.58027079303675,6.74220374220374,998,6.65831663326653
512,487,6.578125,6.73511293634497,999,6.65465465465465
515,484,6.58640776699029,6.73553719008264,999,6.65865865865866
518,478,6.5984555984556,6.74267782426778,996,6.66767068273092
514,485,6.59727626459144,6.7340206185567,999,6.66366366366366
508,491,6.59842519685039,6.73319755600815,999,6.66466466466466
505,494,6.60594059405941,6.73684210526316,999,6.67067067067067
503,496,6.60437375745527,6.73588709677419,999,6.66966966966967
493,505,6.60446247464503,6.74851485148515,998,6.67735470941884
505,493,6.6019801980198,6.75659229208925,998,6.67835671342685
503,494,6.60636182902585,6.74898785425101,997,6.67703109327984
493,505,6.59837728194726,6.74653465346535,998,6.67334669338677
502,496,6.59362549800797,6.75201612903226,998,6.67234468937876
496,502,6.58870967741935,6.75697211155379,998,6.67334669338677
483,516,6.59006211180124,6.75387596899225,999,6.67467467467467
488,511,6.58606557377049,6.75146771037182,999,6.67067067067067
484,514,6.60123966942149,6.76653696498054,998,6.68637274549098
477,521,6.59329140461216,6.7831094049904,998,6.69238476953908
471,528,6.59447983014862,6.76893939393939,999,6.68668668668669
470,529,6.58297872340426,6.78071833648393,999,6.68768768768769
465,532,6.57849462365591,6.79511278195489,997,6.69408224674022
471,528,6.5796178343949,6.79356060606061,999,6.69269269269269
465,534,6.58279569892473,6.79775280898876,999,6.6976976976977
459,539,6.57952069716776,6.79777365491651,998,6.69739478957916
467,532,6.58672376873662,6.79323308270677,999,6.6966966966967
458,540,6.58296943231441,6.79814814814815,998,6.69939879759519
462,537,6.58225108225108,6.78957169459963,999,6.69369369369369
465,534,6.59569892473118,6.78838951310861,999,6.6986986986987
455,543,6.5978021978022,6.79189686924494,998,6.70340681362725
457,541,6.61050328227571,6.79112754158965,998,6.70841683366733
461,537,6.6117136659436,6.78212290502793,998,6.70340681362725
455,542,6.61758241758242,6.78966789667897,997,6.7111334002006
456,543,6.63377192982456,6.78821362799263,999,6.71771771771772
458,541,6.63318777292576,6.78743068391867,999,6.71671671671672
457,541,6.61269146608315,6.79482439926063,998,6.71142284569138
455,542,6.63516483516484,6.79151291512915,997,6.72016048144433
460,539,6.62608695652174,6.79962894248608,999,6.71971971971972
455,544,6.60879120879121,6.80514705882353,999,6.71571571571572
463,535,6.6133909287257,6.8,998,6.71342685370742
455,544,6.61758241758242,6.79411764705882,999,6.71371371371371
451,548,6.61862527716186,6.79744525547445,999,6.71671671671672
449,547,6.60356347438753,6.80255941499086,996,6.71285140562249
437,562,6.63844393592677,6.80249110320285,999,6.73073073073073
433,566,6.66050808314088,6.79681978798587,999,6.73773773773774
432,566,6.65972222222222,6.80212014134276,998,6.74048096192385
433,565,6.65588914549654,6.80530973451327,998,6.74048096192385
444,555,6.66441441441441,6.81441441441441,999,6.74774774774775
442,556,6.66968325791855,6.80215827338129,998,6.7434869739479
450,549,6.67111111111111,6.82149362477231,999,6.75375375375375
449,549,6.67260579064588,6.82695810564663,998,6.75751503006012
448,550,6.6875,6.82363636363636,998,6.7625250501002
445,554,6.70112359550562,6.82851985559567,999,6.77177177177177
435,564,6.68965517241379,6.83156028368794,999,6.76976976976977
443,555,6.69977426636569,6.82882882882883,998,6.77154308617235
439,560,6.69931662870159,6.82857142857143,999,6.77177177177177
433,565,6.69284064665127,6.8283185840708,998,6.76953907815631
432,565,6.70601851851852,6.8212389380531,997,6.77131394182548
436,563,6.69495412844037,6.81527531083481,999,6.76276276276276
431,568,6.70533642691415,6.81866197183099,999,6.76976976976977
434,564,6.69354838709677,6.82269503546099,998,6.76653306613226
436,562,6.68348623853211,6.81494661921708,998,6.75751503006012
429,567,6.67599067599068,6.82539682539683,996,6.76104417670683
428,571,6.67289719626168,6.82486865148862,999,6.75975975975976
430,569,6.67674418604651,6.83479789103691,999,6.76676676676677
423,576,6.66903073286052,6.83159722222222,999,6.76276276276276
419,576,6.66587112171838,6.83506944444444,995,6.76381909547739
421,577,6.67933491686461,6.842287694974,998,6.77354709418838
421,578,6.66508313539192,6.8477508650519,999,6.77077077077077
419,580,6.65871121718377,6.84137931034483,999,6.76476476476476
423,575,6.66193853427896,6.84173913043478,998,6.76553106212425
425,573,6.66117647058824,6.8499127399651,998,6.76953907815631
431,565,6.66357308584687,6.84601769911504,996,6.76706827309237
427,571,6.65807962529274,6.84588441330998,998,6.76553106212425
428,571,6.66588785046729,6.84938704028021,999,6.77077077077077
434,565,6.66359447004608,6.85132743362832,999,6.76976976976977
420,579,6.6452380952381,6.86701208981002,999,6.77377377377377
411,587,6.63503649635036,6.86712095400341,998,6.77154308617235
415,583,6.6289156626506,6.87478559176672,998,6.77254509018036
408,591,6.62745098039216,6.87648054145516,999,6.77477477477477
404,595,6.62128712871287,6.87394957983193,999,6.77177177177177
404,595,6.61881188118812,6.87731092436975,999,6.77277277277277
402,597,6.62437810945274,6.87102177554439,999,6.77177177177177
408,590,6.64705882352941,6.87118644067797,998,6.77955911823647
408,590,6.64950980392157,6.86949152542373,998,6.77955911823647
408,591,6.63970588235294,6.87309644670051,999,6.77777777777778
411,588,6.62773722627737,6.87585034013605,999,6.77377377377377
416,580,6.62019230769231,6.88793103448276,996,6.77610441767068
414,584,6.61111111111111,6.89041095890411,998,6.77454909819639
413,585,6.63438256658596,6.88547008547009,998,6.7815631262525
411,587,6.64476885644769,6.89097103918228,998,6.78957915831663
418,580,6.64354066985646,6.9,998,6.79258517034068
417,582,6.65227817745803,6.90721649484536,999,6.8008008008008
412,585,6.64563106796117,6.90940170940171,997,6.80040120361083
403,594,6.6575682382134,6.90909090909091,997,6.8074222668004
399,599,6.68170426065163,6.91485809682805,998,6.82164328657315
395,604,6.68101265822785,6.91225165562914,999,6.82082082082082
394,605,6.68527918781726,6.91570247933884,999,6.82482482482482
394,604,6.68274111675127,6.9205298013245,998,6.82665330661323
393,603,6.68447837150127,6.92371475953566,996,6.8293172690763
399,599,6.68421052631579,6.92487479131886,998,6.82865731462926
402,597,6.69651741293532,6.92462311557789,999,6.83283283283283
402,596,6.70398009950249,6.9244966442953,998,6.83567134268537
404,594,6.7029702970297,6.92255892255892,998,6.83366733466934
408,591,6.70833333333333,6.917089678511,999,6.83183183183183
408,591,6.71813725490196,6.92724196277496,999,6.84184184184184
414,584,6.72222222222222,6.93150684931507,998,6.84468937875751
409,590,6.71393643031785,6.93050847457627,999,6.84184184184184
405,593,6.73086419753086,6.93254637436762,998,6.85070140280561
410,589,6.73170731707317,6.93718166383701,999,6.85285285285285
413,583,6.73123486682809,6.93138936535163,996,6.84839357429719
404,594,6.72772277227723,6.92760942760943,998,6.84669338677355
407,592,6.73218673218673,6.93412162162162,999,6.85185185185185
408,589,6.72794117647059,6.9320882852292,997,6.84854563691073
405,593,6.73333333333333,6.93086003372681,998,6.85070140280561
401,598,6.74064837905237,6.93311036789298,999,6.85585585585586
399,599,6.74185463659148,6.93322203672788,998,6.85671342685371
384,614,6.7421875,6.9299674267101,998,6.85771543086172
384,614,6.75260416666667,6.92671009771987,998,6.85971943887776
388,611,6.73453608247423,6.92471358428805,999,6.85085085085085
388,609,6.73711340206186,6.93103448275862,997,6.8555667001003
398,601,6.74120603015075,6.92845257903494,999,6.85385385385385
401,596,6.74812967581047,6.92785234899329,997,6.8555667001003
401,597,6.75311720698254,6.92629815745394,998,6.85671342685371
402,597,6.75124378109453,6.92462311557789,999,6.85485485485485
407,589,6.75429975429975,6.92699490662139,996,6.85642570281125
403,595,6.74937965260546,6.92436974789916,998,6.85370741482966
412,585,6.75728155339806,6.92478632478633,997,6.8555667001003
406,593,6.76600985221675,6.92074198988196,999,6.85785785785786
401,596,6.76807980049875,6.92114093959732,997,6.85957873620863
403,595,6.76178660049628,6.92268907563025,998,6.85771543086172
408,590,6.75980392156863,6.9271186440678,998,6.85871743486974
415,581,6.7566265060241,6.92943201376936,996,6.8574297188755
408,591,6.75245098039216,6.93062605752961,999,6.85785785785786
407,591,6.74938574938575,6.92893401015228,998,6.85571142284569
419,579,6.75656324582339,6.92918825561313,998,6.85671342685371
425,574,6.75058823529412,6.92160278745645,999,6.84884884884885
421,578,6.74346793349169,6.92214532871972,999,6.84684684684685
419,578,6.74701670644391,6.91176470588235,997,6.84252758274824
425,574,6.75529411764706,6.91637630662021,999,6.84784784784785
417,580,6.74340527577938,6.91551724137931,997,6.84353059177533
420,578,6.74761904761905,6.9083044982699,998,6.84068136272545
411,588,6.74939172749392,6.90476190476191,999,6.84084084084084
406,593,6.74630541871921,6.90387858347386,999,6.83983983983984
407,592,6.75921375921376,6.90371621621622,999,6.84484484484484
403,594,6.75682382133995,6.9040404040404,997,6.84453360080241
404,595,6.75247524752475,6.90588235294118,999,6.84384384384384
409,589,6.75305623471883,6.8981324278438,998,6.83867735470942
405,594,6.74814814814815,6.8956228956229,999,6.83583583583584
404,595,6.75247524752475,6.90084033613445,999,6.84084084084084
409,590,6.75305623471883,6.89830508474576,999,6.83883883883884
407,591,6.75921375921376,6.90524534686971,998,6.84569138276553
404,594,6.76237623762376,6.90740740740741,998,6.84869739478958
411,588,6.78102189781022,6.91156462585034,999,6.85785785785786
412,584,6.77427184466019,6.91095890410959,996,6.85441767068273
401,598,6.77556109725686,6.90635451505017,999,6.85385385385385
410,589,6.77804878048781,6.91001697792869,999,6.85585585585586
406,592,6.77832512315271,6.91216216216216,998,6.85771543086172
412,587,6.78398058252427,6.91311754684838,999,6.85985985985986
402,596,6.78855721393035,6.91107382550336,998,6.86172344689379
400,598,6.7925,6.91137123745819,998,6.86372745490982
407,592,6.8009828009828,6.90540540540541,999,6.86286286286286
406,592,6.80049261083744,6.90709459459459,998,6.86372745490982
398,600,6.79145728643216,6.90166666666667,998,6.85771543086172
402,597,6.7910447761194,6.90284757118928,999,6.85785785785786
392,607,6.7984693877551,6.90609555189456,999,6.86386386386386
389,610,6.79434447300771,6.90327868852459,999,6.86086086086086
388,611,6.80154639175258,6.90671031096563,999,6.86586586586587
386,612,6.81347150259067,6.90686274509804,998,6.87074148296593
385,613,6.81038961038961,6.90701468189233,998,6.86973947895792
380,618,6.80789473684211,6.90129449838188,998,6.86573146292585
382,616,6.81413612565445,6.89935064935065,998,6.86673346693387
369,629,6.80487804878049,6.90779014308426,998,6.86973947895792
374,624,6.81016042780749,6.90224358974359,998,6.86773547094188
380,616,6.80263157894737,6.90584415584416,996,6.86646586345381
373,625,6.79356568364611,6.9088,998,6.86573146292585
377,621,6.79575596816976,6.91304347826087,998,6.8687374749499
372,626,6.80376344086022,6.91533546325879,998,6.87374749498998
369,630,6.8130081300813,6.91111111111111,999,6.87487487487487
378,620,6.81481481481481,6.90967741935484,998,6.87374749498998
377,622,6.81167108753316,6.90032154340836,999,6.86686686686687
381,618,6.80314960629921,6.89805825242718,999,6.86186186186186
377,622,6.80901856763926,6.89228295819936,999,6.86086086086086
378,620,6.81481481481481,6.88709677419355,998,6.85971943887776
374,625,6.8048128342246,6.8912,999,6.85885885885886
375,624,6.80533333333333,6.89102564102564,999,6.85885885885886
378,620,6.81216931216931,6.89354838709677,998,6.8627254509018
378,620,6.8042328042328,6.89032258064516,998,6.85771543086172
380,617,6.80526315789474,6.88816855753647,997,6.85656970912738
372,624,6.80376344086022,6.89102564102564,996,6.85843373493976
374,625,6.81016042780749,6.896,999,6.86386386386386
376,623,6.81117021276596,6.89245585874799,999,6.86186186186186
379,619,6.81002638522427,6.89499192245557,998,6.8627254509018
381,618,6.80577427821522,6.89644012944984,999,6.86186186186186
384,614,6.79947916666667,6.89739413680782,998,6.85971943887776
379,618,6.80211081794195,6.89805825242718,997,6.86158475426279
383,616,6.79895561357702,6.89285714285714,999,6.85685685685686
385,613,6.8025974025974,6.89233278955954,998,6.85771543086172
376,621,6.80053191489362,6.89371980676329,997,6.85857572718154
377,621,6.80901856763926,6.89694041867955,998,6.86372745490982
373,625,6.8230563002681,6.8976,998,6.86973947895792
372,627,6.81182795698925,6.89952153110048,999,6.86686686686687
377,622,6.81697612732096,6.89710610932476,999,6.86686686686687
366,633,6.82513661202186,6.90047393364929,999,6.87287287287287
353,644,6.82152974504249,6.90372670807453,997,6.87462387161484
365,633,6.84383561643836,6.90363349131122,998,6.88176352705411
365,634,6.83835616438356,6.90694006309148,999,6.88188188188188
369,629,6.84281842818428,6.91096979332273,998,6.88577154308617
372,624,6.84408602150538,6.91346153846154,996,6.88755020080321
378,621,6.84126984126984,6.91626409017713,999,6.88788788788789
369,630,6.84823848238482,6.91746031746032,999,6.89189189189189
374,622,6.85026737967914,6.91800643086817,996,6.8925702811245
376,623,6.84574468085106,6.91492776886035,999,6.88888888888889
369,629,6.83739837398374,6.9093799682035,998,6.88276553106212
385,613,6.83896103896104,6.91680261011419,998,6.88677354709419
392,605,6.8469387755102,6.91074380165289,997,6.88565697091274
389,610,6.85347043701799,6.91311475409836,999,6.88988988988989
403,596,6.85359801488834,6.91442953020134,999,6.88988988988989
397,602,6.8463476070529,6.91528239202658,999,6.88788788788789
387,610,6.83462532299742,6.91475409836066,997,6.88365095285858
392,607,6.84183673469388,6.92092257001647,999,6.88988988988989
393,606,6.86005089058524,6.92079207920792,999,6.8968968968969
383,616,6.85900783289817,6.91720779220779,999,6.89489489489489
392,605,6.86734693877551,6.92066115702479,997,6.89969909729188
392,604,6.85969387755102,6.93046357615894,996,6.90261044176707
384,615,6.8671875,6.92682926829268,999,6.9039039039039
396,601,6.86363636363636,6.92678868552413,997,6.90170511534604
387,611,6.85271317829457,6.93453355155483,998,6.90280561122244
384,614,6.86197916666667,6.93159609120521,998,6.90480961923848
387,612,6.8578811369509,6.93300653594771,999,6.9039039039039
377,622,6.84615384615385,6.93247588424437,999,6.8998998998999
372,625,6.83870967741935,6.9344,997,6.89869608826479
376,623,6.83776595744681,6.92776886035313,999,6.89389389389389
371,628,6.84366576819407,6.92356687898089,999,6.89389389389389
377,621,6.83554376657825,6.92270531400966,998,6.88977955911824
369,629,6.84281842818428,6.91732909379968,998,6.88977955911824
363,636,6.84573002754821,6.91509433962264,999,6.88988988988989
362,637,6.83149171270718,6.92150706436421,999,6.88888888888889
374,625,6.83422459893048,6.912,999,6.88288288288288
378,621,6.83862433862434,6.90660225442834,999,6.88088088088088
372,625,6.82795698924731,6.9072,997,6.87763289869609
371,627,6.81940700808625,6.92025518341308,998,6.88276553106212
376,623,6.83244680851064,6.91492776886035,999,6.88388388388388
366,633,6.83879781420765,6.913112164297,999,6.88588588588589
366,633,6.8224043715847,6.91785150078989,999,6.88288288288288
367,632,6.83651226158038,6.9129746835443,999,6.88488488488488
366,631,6.82786885245902,6.90966719492868,997,6.87963891675025
360,637,6.81944444444444,6.91679748822606,997,6.88164493480441
362,637,6.8232044198895,6.91365777080063,999,6.88088088088088
363,635,6.82644628099174,6.91023622047244,998,6.87975951903808
358,641,6.83240223463687,6.90327613104524,999,6.87787787787788
359,639,6.83008356545961,6.90766823161189,998,6.87975951903808
366,631,6.83333333333333,6.89857369255151,997,6.87462387161484
359,640,6.83565459610028,6.896875,999,6.87487487487487
376,623,6.83244680851064,6.89887640449438,999,6.87387387387387
385,613,6.82337662337662,6.89885807504078,998,6.86973947895792
373,623,6.82037533512064,6.89727126805778,996,6.86847389558233
379,620,6.8179419525066,6.89354838709677,999,6.86486486486486
385,613,6.8025974025974,6.89722675367047,998,6.86072144288577
377,622,6.80636604774536,6.89871382636656,999,6.86386386386386
376,623,6.80585106382979,6.89406099518459,999,6.86086086086086
373,621,6.80160857908847,6.90016103059581,994,6.86317907444668
369,630,6.7940379403794,6.9031746031746,999,6.86286286286286
369,626,6.80487804878049,6.90095846645367,995,6.86532663316583
364,633,6.7967032967033,6.90205371248025,997,6.86359077231695
358,641,6.79329608938547,6.90639625585023,999,6.86586586586587
364,633,6.8021978021978,6.90363349131122,997,6.86659979939819
359,640,6.7966573816156,6.9046875,999,6.86586586586587
361,638,6.79501385041551,6.90595611285266,999,6.86586586586587
369,629,6.82113821138211,6.9093799682035,998,6.87675350701403
351,646,6.82621082621083,6.90866873065016,997,6.87963891675025
347,652,6.8328530259366,6.90337423312883,999,6.87887887887888
353,644,6.8413597733711,6.90372670807453,997,6.88164493480441
344,654,6.83720930232558,6.91131498470948,998,6.88577154308617
344,654,6.8343023255814,6.90978593272171,998,6.88376753507014
357,641,6.8375350140056,6.91263650546022,998,6.88577154308617
356,643,6.83988764044944,6.91135303265941,999,6.88588588588589
354,641,6.83898305084746,6.91419656786271,995,6.88743718592965
356,642,6.83426966292135,6.91277258566978,998,6.88476953907816
346,653,6.83236994219653,6.91883614088821,999,6.88888888888889
343,654,6.83381924198251,6.91590214067278,997,6.8876629889669
355,643,6.83943661971831,6.91135303265941,998,6.88577154308617
349,648,6.83381088825215,6.91358024691358,997,6.88565697091274
347,652,6.84149855907781,6.92024539877301,999,6.89289289289289
347,652,6.84149855907781,6.91717791411043,999,6.89089089089089
339,660,6.84070796460177,6.92424242424242,999,6.8958958958959
343,656,6.83965014577259,6.92835365853659,999,6.8978978978979
343,655,6.84839650145773,6.9236641221374,998,6.89779559118236
341,658,6.841642228739,6.92249240121581,999,6.89489489489489
336,663,6.84226190476191,6.92609351432881,999,6.8978978978979
340,659,6.85,6.92716236722307,999,6.9009009009009
334,665,6.8622754491018,6.91578947368421,999,6.8978978978979
339,658,6.85250737463127,6.91185410334347,997,6.89167502507523
347,651,6.85590778097983,6.91397849462366,998,6.8937875751503
344,654,6.8546511627907,6.91437308868502,998,6.8937875751503
342,656,6.84502923976608,6.91006097560976,998,6.8877755511022
348,651,6.83620689655172,6.91244239631336,999,6.88588588588589
338,660,6.84615384615385,6.91363636363636,998,6.89078156312625
345,652,6.84057971014493,6.90644171779141,997,6.88365095285858
352,647,6.83238636363636,6.90880989180835,999,6.88188188188188
350,647,6.82857142857143,6.91653786707883,997,6.88565697091274
346,653,6.84393063583815,6.91424196018377,999,6.88988988988989
349,650,6.83954154727794,6.91384615384615,999,6.88788788788789
355,644,6.84507042253521,6.92236024844721,999,6.89489489489489
344,653,6.86337209302326,6.92649310872894,997,6.90471414242728
342,656,6.85672514619883,6.92378048780488,998,6.90080160320641
348,649,6.86494252873563,6.92758089368259,997,6.90571715145436
342,657,6.87134502923977,6.93302891933029,999,6.91191191191191
337,662,6.86646884272997,6.92900302114804,999,6.90790790790791
335,661,6.88358208955224,6.92586989409985,996,6.91164658634538
335,664,6.88955223880597,6.92921686746988,999,6.91591591591592
333,665,6.89189189189189,6.92932330827068,998,6.91683366733467
336,663,6.89285714285714,6.92458521870287,999,6.91391391391391
331,668,6.89123867069486,6.9311377245509,999,6.91791791791792
327,672,6.89296636085627,6.92857142857143,999,6.91691691691692
327,671,6.8868501529052,6.92548435171386,998,6.91282565130261
322,677,6.87888198757764,6.93205317577548,999,6.91491491491491
314,685,6.87261146496815,6.93284671532847,999,6.91391391391391
326,673,6.86503067484663,6.93610698365528,999,6.91291291291291
326,672,6.87116564417178,6.93452380952381,998,6.91382765531062
316,682,6.87658227848101,6.93695014662757,998,6.91783567134269
326,672,6.88343558282209,6.92857142857143,998,6.91382765531062
329,669,6.88753799392097,6.92974588938714,998,6.91583166332665
334,665,6.88922155688623,6.93233082706767,999,6.91791791791792
345,654,6.88405797101449,6.9388379204893,999,6.91991991991992
342,657,6.88011695906433,6.93607305936073,999,6.91691691691692
344,655,6.87790697674419,6.93587786259542,999,6.91591591591592
343,655,6.88921282798834,6.93740458015267,998,6.92084168336673
343,656,6.89212827988338,6.9375,999,6.92192192192192
343,655,6.88921282798834,6.93129770992366,998,6.91683366733467
340,659,6.88823529411765,6.93778452200304,999,6.92092092092092
339,659,6.88790560471976,6.93930197268589,998,6.92184368737475
333,664,6.88888888888889,6.94126506024096,997,6.92377131394183
334,665,6.88023952095808,6.93684210526316,999,6.91791791791792
328,670,6.88109756097561,6.93582089552239,998,6.91783567134269
327,671,6.87461773700306,6.93293591654247,998,6.91382765531062
329,670,6.8693009118541,6.92985074626866,999,6.90990990990991
330,669,6.86969696969697,6.92974588938714,999,6.90990990990991
327,671,6.86544342507645,6.93293591654247,998,6.91082164328657
331,668,6.86404833836858,6.93263473053892,999,6.90990990990991
328,670,6.85975609756098,6.93283582089552,998,6.90881763527054
320,678,6.8625,6.93510324483776,998,6.91182364729459
317,682,6.86750788643533,6.93988269794721,999,6.91691691691692
307,692,6.86644951140065,6.9393063583815,999,6.91691691691692
309,690,6.86407766990291,6.94347826086956,999,6.91891891891892
316,683,6.86392405063291,6.94729136163982,999,6.92092092092092
315,683,6.85714285714286,6.94729136163982,998,6.9188376753507
316,682,6.85443037974684,6.94868035190616,998,6.9188376753507
311,688,6.86173633440514,6.94622093023256,999,6.91991991991992
305,694,6.87213114754098,6.94812680115274,999,6.92492492492492
311,688,6.86495176848875,6.94912790697674,999,6.92292292292292
305,692,6.85901639344262,6.94942196531792,997,6.92176529588766
305,693,6.85245901639344,6.94516594516594,998,6.91683366733467
309,690,6.86084142394822,6.9463768115942,999,6.91991991991992
309,690,6.86407766990291,6.95072463768116,999,6.92392392392392
307,691,6.8599348534202,6.95369030390738,998,6.9248496993988
306,693,6.87908496732026,6.95382395382395,999,6.93093093093093
309,690,6.88025889967638,6.95217391304348,999,6.92992992992993
315,684,6.87936507936508,6.95321637426901,999,6.92992992992993
320,679,6.884375,6.95729013254786,999,6.93393393393393
320,679,6.90625,6.95434462444772,999,6.93893893893894
321,678,6.90965732087227,6.95132743362832,999,6.93793793793794
323,676,6.90712074303406,6.94822485207101,999,6.93493493493493
319,677,6.90282131661442,6.9453471196455,996,6.93172690763052
315,683,6.90793650793651,6.94875549048316,998,6.93587174348697
322,676,6.8944099378882,6.94822485207101,998,6.93086172344689
325,674,6.89230769230769,6.94807121661721,999,6.92992992992993
328,671,6.89024390243902,6.95380029806259,999,6.93293293293293
331,666,6.8761329305136,6.95195195195195,997,6.92678034102307
336,661,6.88392857142857,6.94553706505295,997,6.92477432296891
333,666,6.88288288288288,6.95195195195195,999,6.92892892892893
334,661,6.88023952095808,6.95612708018154,995,6.93065326633166
328,671,6.88414634146341,6.95976154992548,999,6.93493493493493
326,673,6.89263803680982,6.95393759286776,999,6.93393393393393
316,683,6.90189873417722,6.95461200585652,999,6.93793793793794
322,675,6.88819875776398,6.95407407407407,997,6.93279839518556
329,670,6.88449848024316,6.95223880597015,999,6.92992992992993
330,669,6.88181818181818,6.949177877429,999,6.92692692692693
332,667,6.89156626506024,6.94902548725637,999,6.92992992992993
334,665,6.88023952095808,6.94586466165414,999,6.92392392392392
333,665,6.87987987987988,6.95187969924812,998,6.92785571142285
341,654,6.88856304985337,6.94648318042813,995,6.92663316582915
347,651,6.88472622478386,6.9431643625192,998,6.92284569138277
344,655,6.88081395348837,6.94809160305344,999,6.92492492492492
338,659,6.88461538461539,6.94688922610015,997,6.92577733199599
342,657,6.88011695906433,6.94368340943683,999,6.92192192192192
334,665,6.88323353293413,6.94436090225564,999,6.92392392392392
334,664,6.89221556886228,6.94578313253012,998,6.92785571142285
340,659,6.90588235294118,6.94233687405159,999,6.92992992992993
341,657,6.90322580645161,6.93911719939117,998,6.92685370741483
332,667,6.91867469879518,6.94152923538231,999,6.93393393393393
337,661,6.91691394658754,6.93948562783661,998,6.93186372745491
339,660,6.90855457227139,6.94090909090909,999,6.92992992992993
342,656,6.9093567251462,6.9344512195122,998,6.92585170340681
335,663,6.91044776119403,6.93212669683258,998,6.9248496993988
329,670,6.91489361702128,6.93283582089552,999,6.92692692692693
342,657,6.92105263157895,6.93150684931507,999,6.92792792792793
340,658,6.91764705882353,6.92705167173252,998,6.92384769539078
336,662,6.91666666666667,6.92447129909366,998,6.92184368737475
342,657,6.91812865497076,6.92237442922374,999,6.92092092092092
339,659,6.90855457227139,6.91805766312595,998,6.91482965931864
332,666,6.91265060240964,6.92342342342342,998,6.91983967935872
341,656,6.9208211143695,6.92835365853659,997,6.92577733199599
339,659,6.92330383480826,6.92564491654021,998,6.9248496993988
341,658,6.9208211143695,6.92857142857143,999,6.92592592592593
341,658,6.93548387096774,6.92857142857143,999,6.93093093093093
346,652,6.93063583815029,6.92177914110429,998,6.9248496993988
347,651,6.92795389048991,6.92319508448541,998,6.9248496993988
344,655,6.93604651162791,6.92519083969466,999,6.92892892892893
345,653,6.92753623188406,6.92955589586524,998,6.92885771543086
352,647,6.92897727272727,6.9258114374034,999,6.92692692692693
351,648,6.93732193732194,6.92746913580247,999,6.93093093093093
350,649,6.94,6.9306625577812,999,6.93393393393393
349,650,6.94555873925501,6.92461538461538,999,6.93193193193193
353,646,6.94900849858357,6.92569659442724,999,6.93393393393393
346,653,6.95375722543353,6.92955589586524,999,6.93793793793794
352,647,6.95454545454545,6.93353941267388,999,6.94094094094094
361,635,6.95290858725762,6.9244094488189,996,6.93473895582329
355,644,6.95211267605634,6.92546583850932,999,6.93493493493493
350,648,6.94857142857143,6.92901234567901,998,6.93587174348697
348,648,6.94827586206897,6.92901234567901,996,6.93574297188755
352,646,6.95170454545455,6.92724458204334,998,6.93587174348697
346,653,6.95953757225434,6.93108728943338,999,6.94094094094094
356,642,6.95505617977528,6.93146417445483,998,6.93987975951904
359,639,6.94707520891365,6.93270735524257,998,6.93787575150301
369,630,6.95121951219512,6.93015873015873,999,6.93793793793794
364,634,6.9478021978022,6.92586750788644,998,6.93386773547094
362,636,6.94198895027624,6.92295597484277,998,6.92985971943888
373,625,6.95174262734584,6.9248,998,6.93486973947896
377,622,6.94694960212202,6.92926045016077,999,6.93593593593594
376,621,6.95478723404255,6.93075684380032,997,6.93981945837513
385,614,6.95324675324675,6.93485342019544,999,6.94194194194194
379,617,6.95514511873351,6.93841166936791,996,6.94477911646586
374,625,6.95454545454545,6.936,999,6.94294294294294
372,627,6.95967741935484,6.94258373205742,999,6.94894894894895
367,632,6.96457765667575,6.94462025316456,999,6.95195195195195
359,640,6.95543175487465,6.9453125,999,6.94894894894895
356,642,6.95505617977528,6.94548286604361,998,6.94889779559118
358,641,6.9608938547486,6.94539781591264,999,6.95095095095095
351,648,6.95156695156695,6.94598765432099,999,6.94794794794795
360,639,6.95833333333333,6.94053208137715,999,6.94694694694695
367,632,6.9591280653951,6.93670886075949,999,6.94494494494494
376,623,6.96542553191489,6.93579454253612,999,6.94694694694695
376,622,6.96542553191489,6.93247588424437,998,6.94488977955912
378,621,6.96296296296296,6.93558776167472,999,6.94594594594595
378,620,6.96825396825397,6.93870967741935,998,6.9498997995992
388,609,6.97422680412371,6.93924466338259,997,6.95285857572718
388,611,6.97680412371134,6.94271685761047,999,6.95595595595596
388,611,6.97680412371134,6.9443535188216,999,6.95695695695696
387,611,6.97932816537468,6.9443535188216,998,6.95791583166333
391,608,6.97953964194373,6.9375,999,6.95395395395395
393,606,6.97709923664122,6.94389438943894,999,6.95695695695696
390,608,6.97692307692308,6.93914473684211,998,6.95390781563126
385,614,6.97662337662338,6.9413680781759,999,6.95495495495495
393,605,6.97964376590331,6.9404958677686,998,6.95591182364729
384,612,6.97916666666667,6.93954248366013,996,6.95481927710843
373,626,6.97587131367292,6.93929712460064,999,6.95295295295295
379,620,6.97097625329815,6.94677419354839,999,6.95595595595596
375,624,6.97333333333333,6.95032051282051,999,6.95895895895896
369,629,6.97289972899729,6.94276629570747,998,6.95390781563126
366,632,6.9672131147541,6.94778481012658,998,6.95490981963928
359,637,6.96935933147632,6.94662480376766,996,6.95481927710843
360,639,6.97777777777778,6.94835680751174,999,6.95895895895896
360,639,6.975,6.95305164319249,999,6.96096096096096
357,642,6.97478991596639,6.95015576323988,999,6.95895895895896
360,639,6.975,6.94679186228482,999,6.95695695695696
359,640,6.97493036211699,6.95,999,6.95895895895896
350,649,6.97142857142857,6.94453004622496,999,6.95395395395395
353,646,6.96883852691218,6.94427244582043,999,6.95295295295295
353,645,6.97450424929179,6.93953488372093,998,6.95190380761523
351,648,6.97435897435897,6.93981481481481,999,6.95195195195195
347,650,6.97406340057637,6.93692307692308,997,6.94984954864594
347,652,6.97406340057637,6.94325153374233,999,6.95395395395395
342,656,6.97368421052632,6.9375,998,6.9498997995992
341,658,6.97360703812317,6.93313069908815,999,6.94694694694695
338,660,6.97337278106509,6.93484848484848,998,6.94789579158317
323,676,6.97213622291022,6.93195266272189,999,6.94494494494494
332,667,6.97289156626506,6.92503748125937,999,6.94094094094094
334,663,6.97305389221557,6.92458521870287,997,6.94082246740221
328,670,6.97256097560976,6.92537313432836,998,6.94088176352705
351,648,6.97150997150997,6.9212962962963,999,6.93893893893894
343,656,6.97084548104956,6.92530487804878,999,6.94094094094094
338,661,6.97337278106509,6.92738275340393,999,6.94294294294294
349,650,6.97421203438395,6.93230769230769,999,6.94694694694695
342,657,6.96491228070175,6.93302891933029,999,6.94394394394394
345,653,6.97391304347826,6.93261868300153,998,6.94689378757515
351,647,6.97150997150997,6.93044822256569,998,6.94488977955912
354,645,6.96892655367232,6.93178294573643,999,6.94494494494494
361,634,6.96675900277008,6.93217665615142,995,6.94472361809045
362,637,6.96961325966851,6.93877551020408,999,6.94994994994995
368,631,6.97010869565217,6.94136291600634,999,6.95195195195195
373,625,6.97319034852547,6.9392,998,6.95190380761523
371,628,6.97304582210243,6.93789808917197,999,6.95095095095095
366,633,6.9672131147541,6.93522906793049,999,6.94694694694695
361,637,6.96675900277008,6.93563579277865,998,6.94689378757515
364,635,6.96703296703297,6.93385826771654,999,6.94594594594595
359,638,6.96935933147632,6.93416927899687,997,6.94684052156469
356,643,6.96348314606742,6.93157076205288,999,6.94294294294294
344,654,6.96802325581395,6.93425076452599,998,6.94589178356713
344,654,6.97093023255814,6.92966360856269,998,6.9438877755511
344,655,6.96511627906977,6.92977099236641,999,6.94194194194194
339,659,6.9646017699115,6.92716236722307,998,6.93987975951904
342,656,6.97076023391813,6.92225609756098,998,6.93887775551102
349,650,6.96848137535817,6.91846153846154,999,6.93593593593594
344,655,6.96802325581395,6.91603053435114,999,6.93393393393393
344,654,6.96802325581395,6.91590214067278,998,6.93386773547094
351,646,6.97150997150997,6.91486068111455,997,6.93480441323972
351,646,6.96581196581197,6.91640866873065,997,6.93380140421264
365,634,6.96438356164384,6.91167192429022,999,6.93093093093093
371,627,6.96765498652291,6.91387559808612,998,6.93386773547094
371,628,6.96765498652291,6.9156050955414,999,6.93493493493493
374,625,6.97326203208556,6.9168,999,6.93793793793794
386,613,6.96891191709845,6.91353996737357,999,6.93493493493493
384,615,6.96875,6.91869918699187,999,6.93793793793794
393,606,6.96692111959288,6.91749174917492,999,6.93693693693694
402,597,6.96268656716418,6.92294807370184,999,6.93893893893894
398,601,6.96482412060301,6.9234608985025,999,6.93993993993994
409,589,6.96577017114914,6.92869269949066,998,6.9438877755511
408,590,6.96078431372549,6.9271186440678,998,6.94088176352705
408,591,6.96078431372549,6.92554991539763,999,6.93993993993994
413,585,6.96125907990315,6.92478632478633,998,6.93987975951904
416,583,6.96394230769231,6.91938250428816,999,6.93793793793794
408,590,6.96078431372549,6.91525423728814,998,6.93386773547094
405,593,6.96296296296296,6.91736930860034,998,6.93587174348697
400,599,6.965,6.91986644407346,999,6.93793793793794
400,599,6.96,6.91652754590985,999,6.93393393393393
405,594,6.96049382716049,6.91919191919192,999,6.93593593593594
390,608,6.96153846153846,6.91940789473684,998,6.93587174348697
387,611,6.95348837209302,6.91489361702128,998,6.92985971943888
385,614,6.95064935064935,6.9071661237785,999,6.92392392392392
392,607,6.9515306122449,6.90774299835255,999,6.92492492492492
388,610,6.95360824742268,6.90655737704918,998,6.9248496993988
382,616,6.95026178010471,6.89935064935065,998,6.9188376753507
383,613,6.95039164490862,6.9021207177814,996,6.9206827309237
380,619,6.95,6.90791599353796,999,6.92392392392392
380,619,6.94473684210526,6.90306946688207,999,6.91891891891892
376,621,6.94946808510638,6.90016103059581,997,6.91875626880642
388,611,6.95103092783505,6.90998363338789,999,6.92592592592593
390,608,6.94871794871795,6.90953947368421,998,6.9248496993988
391,607,6.94373401534527,6.91268533772652,998,6.9248496993988
398,601,6.94221105527638,6.91181364392679,999,6.92392392392392
401,598,6.9426433915212,6.91137123745819,999,6.92392392392392
405,593,6.94074074074074,6.90725126475548,998,6.92084168336673
402,597,6.95024875621891,6.91122278056951,999,6.92692692692693
397,602,6.95717884130982,6.91196013289037,999,6.92992992992993
402,597,6.96019900497512,6.91122278056951,999,6.93093093093093
397,602,6.96221662468514,6.91860465116279,999,6.93593593593594
394,604,6.96192893401015,6.91721854304636,998,6.93486973947896
388,609,6.9639175257732,6.92118226600985,997,6.93781344032096
381,618,6.96062992125984,6.92071197411003,999,6.93593593593594
383,615,6.96344647519582,6.9219512195122,998,6.93787575150301
377,621,6.96286472148541,6.92592592592593,998,6.93987975951904
378,618,6.95502645502645,6.92394822006472,996,6.93574297188755
369,629,6.95392953929539,6.92368839427663,998,6.93486973947896
380,617,6.95526315789474,6.92544570502431,997,6.93681043129388
382,617,6.95287958115183,6.92220421393841,999,6.93393393393393
374,625,6.95454545454545,6.92,999,6.93293293293293
377,622,6.95490716180371,6.91479099678457,999,6.92992992992993
378,621,6.95502645502645,6.91304347826087,999,6.92892892892893
385,614,6.95064935064935,6.91693811074919,999,6.92992992992993
378,621,6.95502645502645,6.91304347826087,999,6.92892892892893
377,622,6.95225464190981,6.91800643086817,999,6.93093093093093
377,622,6.94960212201592,6.91961414790997,999,6.93093093093093
373,623,6.95710455764075,6.92295345104334,996,6.93574297188755
371,627,6.9622641509434,6.92822966507177,998,6.94088176352705
373,626,6.95710455764075,6.93290734824281,999,6.94194194194194
372,626,6.95430107526882,6.9297124600639,998,6.93887775551102
371,626,6.95687331536388,6.93610223642172,997,6.94383149448345
372,623,6.95967741935484,6.9454253611557,995,6.95075376884422
377,621,6.95225464190981,6.94202898550725,998,6.94589178356713
379,619,6.95514511873351,6.93699515347334,998,6.9438877755511
377,622,6.95755968169761,6.94212218649518,999,6.94794794794795
380,619,6.95526315789474,6.94345718901454,999,6.94794794794795
375,622,6.95466666666667,6.94212218649518,997,6.94684052156469
374,625,6.95454545454545,6.9424,999,6.94694694694695
368,630,6.94836956521739,6.93968253968254,998,6.94288577154309
373,626,6.93833780160858,6.93929712460064,999,6.93893893893894
381,618,6.94225721784777,6.94174757281553,999,6.94194194194194
376,623,6.9468085106383,6.9438202247191,999,6.94494494494494
381,617,6.9501312335958,6.94975688816856,998,6.9498997995992
383,615,6.95039164490862,6.95284552845528,998,6.95190380761523
385,613,6.94805194805195,6.95432300163132,998,6.95190380761523
398,601,6.94974874371859,6.95174708818636,999,6.95095095095095
383,616,6.94516971279373,6.95616883116883,999,6.95195195195195
379,620,6.95250659630607,6.95645161290323,999,6.95495495495495
384,615,6.953125,6.95772357723577,999,6.95595595595596
372,627,6.96236559139785,6.95534290271132,999,6.95795795795796
370,628,6.96756756756757,6.95541401273885,998,6.95991983967936
372,627,6.96505376344086,6.95693779904306,999,6.95995995995996
373,624,6.96246648793566,6.95032051282051,997,6.95486459378134
371,628,6.96765498652291,6.95700636942675,999,6.96096096096096
362,636,6.96961325966851,6.95754716981132,998,6.96192384769539
361,638,6.96675900277008,6.95611285266458,999,6.95995995995996
363,635,6.96969696969697,6.95275590551181,998,6.95891783567134
365,634,6.97260273972603,6.95583596214511,999,6.96196196196196
364,634,6.96978021978022,6.95583596214511,998,6.96092184368737
363,635,6.97245179063361,6.95433070866142,998,6.96092184368737
362,636,6.97513812154696,6.9559748427673,998,6.96292585170341
359,640,6.98050139275766,6.9546875,999,6.96396396396396
360,639,6.97777777777778,6.95618153364632,999,6.96396396396396
354,643,6.97457627118644,6.950233281493,997,6.95887662988967
355,644,6.97746478873239,6.95496894409938,999,6.96296296296296
365,634,6.97808219178082,6.95425867507886,999,6.96296296296296
361,638,6.97783933518006,6.94984326018809,999,6.95995995995996
361,635,6.97506925207756,6.9496062992126,996,6.95883534136546
360,639,6.97777777777778,6.94835680751174,999,6.95895895895896
363,635,6.98347107438016,6.94803149606299,998,6.96092184368737
370,627,6.98108108108108,6.95215311004785,997,6.96288866599799
365,634,6.97808219178082,6.95741324921136,999,6.96496496496496
361,636,6.98614958448753,6.9622641509434,997,6.97091273821464
365,633,6.98904109589041,6.96050552922591,998,6.97094188376754
374,624,6.98395721925134,6.96153846153846,998,6.96993987975952
379,619,6.98416886543536,6.96122778675283,998,6.96993987975952
377,622,6.9840848806366,6.95498392282958,999,6.96596596596597
384,615,6.98177083333333,6.95609756097561,999,6.96596596596597
384,615,6.98177083333333,6.95772357723577,999,6.96696696696697
394,605,6.98223350253807,6.9603305785124,999,6.96896896896897
398,600,6.97989949748744,6.955,998,6.96492985971944
393,605,6.98218829516539,6.95371900826446,998,6.96492985971944
386,613,6.98186528497409,6.95758564437194,999,6.96696696696697
390,609,6.98205128205128,6.95402298850575,999,6.96496496496496
395,604,6.98227848101266,6.95695364238411,999,6.96696696696697
400,597,6.9825,6.95309882747069,997,6.96489468405216
392,604,6.98214285714286,6.94205298013245,996,6.95783132530121
381,618,6.98425196850394,6.94822006472492,999,6.96196196196196
378,621,6.98412698412698,6.95008051529791,999,6.96296296296296
380,619,6.98684210526316,6.94507269789984,999,6.96096096096096
373,625,6.98391420911528,6.9504,998,6.96292585170341
388,611,6.98453608247423,6.95090016366612,999,6.96396396396396
387,611,6.98449612403101,6.94762684124386,998,6.96192384769539
386,613,6.98445595854922,6.94616639477977,999,6.96096096096096
393,606,6.98473282442748,6.95214521452145,999,6.96496496496496
403,592,6.98263027295285,6.95101351351351,995,6.96381909547739
396,603,6.98737373737374,6.95190713101161,999,6.96596596596597
393,606,6.98727735368957,6.95544554455446,999,6.96796796796797
396,603,6.99242424242424,6.95688225538972,999,6.97097097097097
392,607,6.99234693877551,6.95716639209226,999,6.97097097097097
389,606,6.99228791773779,6.95874587458746,995,6.97185929648241
390,608,6.98974358974359,6.96217105263158,998,6.97294589178357
398,601,6.98743718592965,6.96173044925125,999,6.97197197197197
390,608,6.98974358974359,6.96052631578947,998,6.97194388777555
397,602,6.98992443324937,6.96511627906977,999,6.97497497497497
395,603,6.99240506329114,6.96683250414594,998,6.97695390781563
397,602,6.98992443324937,6.96345514950166,999,6.97397397397397
400,596,6.99,6.96308724832215,996,6.97389558232932
406,593,6.99261083743842,6.964586846543,999,6.97597597597598
411,587,6.99026763990268,6.96252129471891,998,6.97394789579158
424,573,6.99056603773585,6.96335078534031,997,6.97492477432297
421,577,6.99287410926366,6.96707105719237,998,6.97795591182365
419,578,6.99284009546539,6.96885813148789,997,6.97893681043129
421,577,6.99287410926366,6.96880415944541,998,6.97895791583166
426,573,6.99295774647887,6.97556719022688,999,6.98298298298298
429,570,6.99300699300699,6.97543859649123,999,6.98298298298298
426,573,6.9906103286385,6.97033158813263,999,6.97897897897898
417,580,6.99040767386091,6.96896551724138,997,6.97793380140421
417,582,6.99280575539568,6.97079037800687,999,6.97997997997998
409,587,6.99022004889976,6.96763202725724,996,6.97690763052209
402,596,6.98756218905473,6.96644295302013,998,6.9749498997996
411,585,6.99026763990268,6.96239316239316,996,6.97389558232932
414,583,6.99033816425121,6.95540308747856,997,6.96990972918756
404,594,6.98514851485149,6.96127946127946,998,6.97094188376754
408,588,6.98529411764706,6.9608843537415,996,6.97088353413655
400,598,6.9875,6.96153846153846,998,6.97194388777555
397,601,6.98992443324937,6.96006655574043,998,6.97194388777555
405,594,6.99012345679012,6.96464646464646,999,6.97497497497497
406,590,6.99014778325123,6.96440677966102,996,6.97489959839357
401,598,6.99002493765586,6.96321070234114,999,6.97397397397397
398,601,6.98994974874372,6.96173044925125,999,6.97297297297297
401,597,6.9925187032419,6.96482412060301,998,6.97595190380762
397,600,6.99496221662469,6.96333333333333,997,6.97592778335005
404,595,6.9950495049505,6.96134453781513,999,6.97497497497497
394,605,6.99492385786802,6.96694214876033,999,6.97797797797798
390,608,6.99487179487179,6.97039473684211,998,6.97995991983968
398,600,6.99246231155779,6.97333333333333,998,6.98096192384769
383,616,6.99216710182768,6.97727272727273,999,6.98298298298298
394,605,6.99238578680203,6.97851239669421,999,6.98398398398398
391,608,6.9923273657289,6.97532894736842,999,6.98198198198198
382,617,6.9869109947644,6.97568881685575,999,6.97997997997998
384,614,6.98697916666667,6.9771986970684,998,6.98096192384769
387,612,6.98708010335917,6.97712418300654,999,6.98098098098098
383,616,6.98694516971279,6.98214285714286,999,6.98398398398398
395,603,6.98987341772152,6.98341625207297,998,6.98597194388778
402,596,6.99004975124378,6.98489932885906,998,6.98697394789579
401,597,6.99002493765586,6.98492462311558,998,6.98697394789579
399,598,6.98997493734336,6.98494983277592,997,6.98696088264794
403,596,6.99007444168735,6.98489932885906,999,6.98698698698699
401,597,6.99002493765586,6.98994974874372,998,6.98997995991984
407,592,6.98771498771499,6.98986486486486,999,6.98898898898899
407,591,6.98771498771499,6.98815566835871,998,6.98797595190381
410,588,6.98780487804878,6.98809523809524,998,6.98797595190381
397,600,6.98488664987406,6.98833333333333,997,6.98696088264794
396,601,6.98737373737374,6.99001663893511,997,6.98896690070211
400,599,6.9875,6.98998330550918,999,6.98898898898899
397,601,6.98488664987406,6.99334442595674,998,6.98997995991984
406,592,6.98522167487685,6.99155405405405,998,6.98897795591182
404,595,6.98267326732673,6.99159663865546,999,6.98798798798799
410,588,6.98292682926829,6.99149659863946,998,6.98797595190381
407,592,6.98034398034398,6.98817567567568,999,6.98498498498498
413,585,6.98305084745763,6.98974358974359,998,6.98697394789579
417,582,6.98321342925659,6.98969072164948,999,6.98698698698699
416,582,6.98557692307692,6.98797250859107,998,6.98697394789579
413,586,6.98547215496368,6.99146757679181,999,6.98898898898899
413,586,6.98547215496368,6.99146757679181,999,6.98898898898899
410,589,6.98780487804878,6.99151103565365,999,6.98998998998999
410,588,6.99024390243902,6.99149659863946,998,6.99098196392786
408,591,6.99019607843137,6.99153976311337,999,6.99099099099099
401,598,6.99002493765586,6.9933110367893,999,6.99199199199199
403,596,6.99255583126551,6.99161073825503,999,6.99199199199199
401,597,6.99002493765586,6.99162479061977,998,6.99098196392786
397,602,6.98992443324937,6.99335548172757,999,6.99199199199199
403,596,6.99007444168735,6.99328859060403,999,6.99199199199199
399,599,6.98997493734336,6.99165275459098,998,6.99098196392786
391,607,6.98721227621483,6.99341021416804,998,6.99098196392786
397,601,6.98740554156171,6.99334442595674,998,6.99098196392786
395,604,6.9873417721519,6.99172185430464,999,6.98998998998999
392,607,6.98469387755102,6.99341021416804,999,6.98998998998999
402,596,6.98756218905473,6.99328859060403,998,6.99098196392786
398,599,6.98743718592965,6.99499165275459,997,6.99197592778335
388,611,6.98969072164948,6.99509001636661,999,6.99299299299299
396,603,6.98989898989899,6.99502487562189,999,6.99299299299299
389,610,6.98971722365039,6.99672131147541,999,6.99399399399399
385,613,6.99220779220779,6.99673735725938,998,6.99498997995992
399,600,6.98997493734336,6.99666666666667,999,6.99399399399399
400,599,6.99,6.9983305509182,999,6.99499499499499
400,598,6.99,6.99832775919732,998,6.99498997995992
406,591,6.99014778325123,6.99830795262267,997,6.99498495486459
406,592,6.99261083743842,6.99831081081081,998,6.99599198396794
418,580,6.99282296650718,6.99655172413793,998,6.99498997995992
414,584,6.9951690821256,6.99657534246575,998,6.99599198396794
416,583,6.99278846153846,6.99828473413379,999,6.995995995996
415,584,6.99277108433735,6.99828767123288,999,6.995995995996
419,579,6.99284009546539,6.99654576856649,998,6.99498997995992
412,587,6.99029126213592,6.99659284497445,999,6.99399399399399
413,586,6.99031476997579,6.99658703071672,999,6.99399399399399
413,584,6.99273607748184,6.99486301369863,997,6.99398194583751
398,600,6.98994974874372,6.995,998,6.99298597194389
407,592,6.99017199017199,6.99493243243243,999,6.99299299299299
398,600,6.99246231155779,6.995,998,6.9939879759519
383,615,6.99216710182768,6.99512195121951,998,6.9939879759519
388,611,6.98969072164948,6.99509001636661,999,6.99299299299299
382,617,6.98952879581152,6.9967585089141,999,6.99399399399399
381,617,6.98950131233596,6.9967585089141,998,6.9939879759519
387,610,6.98966408268734,6.99672131147541,997,6.99398194583751
388,611,6.98969072164948,6.99672667757774,999,6.99399399399399
388,611,6.98969072164948,6.99672667757774,999,6.99399399399399
390,609,6.98974358974359,6.99671592775041,999,6.99399399399399
394,605,6.99238578680203,6.99669421487603,999,6.99499499499499
393,606,6.99236641221374,6.996699669967,999,6.99499499499499
396,602,6.99242424242424,6.99667774086379,998,6.99498997995992
398,601,6.99246231155779,6.99667221297837,999,6.99499499499499
398,599,6.98994974874372,6.99666110183639,997,6.99398194583751
406,593,6.99014778325123,6.99662731871838,999,6.99399399399399
410,589,6.99024390243902,6.99490662139219,999,6.99299299299299
399,600,6.9874686716792,6.995,999,6.99199199199199
405,594,6.98765432098765,6.99494949494949,999,6.99199199199199
406,591,6.99261083743842,6.99323181049069,997,6.99297893681043
401,598,6.9925187032419,6.9933110367893,999,6.99299299299299
402,596,6.99004975124378,6.99496644295302,998,6.99298597194389
404,594,6.99009900990099,6.99326599326599,998,6.99198396793587
397,601,6.98992443324937,6.99168053244592,998,6.99098196392786
402,596,6.98507462686567,6.99161073825503,998,6.98897795591182
410,589,6.98536585365854,6.99151103565365,999,6.98898898898899
416,583,6.98557692307692,6.98970840480274,999,6.98798798798799
397,602,6.9823677581864,6.99003322259136,999,6.98698698698699
399,600,6.98245614035088,6.99,999,6.98698698698699
401,597,6.98254364089776,6.98994974874372,998,6.98697394789579
389,609,6.98200514138817,6.99014778325123,998,6.98697394789579
398,601,6.97989949748744,6.99001663893511,999,6.98598598598599
395,603,6.97974683544304,6.99004975124378,998,6.98597194388778
397,602,6.9823677581864,6.99003322259136,999,6.98698698698699
404,594,6.98019801980198,6.98989898989899,998,6.98597194388778
407,591,6.98280098280098,6.98984771573604,998,6.98697394789579
392,606,6.98214285714286,6.98844884488449,998,6.98597194388778
398,600,6.97989949748744,6.98833333333333,998,6.98496993987976
392,606,6.98214285714286,6.98844884488449,998,6.98597194388778
385,614,6.98181818181818,6.99022801302932,999,6.98698698698699
377,621,6.98143236074271,6.99033816425121,998,6.98697394789579
377,622,6.97877984084881,6.991961414791,999,6.98698698698699
380,618,6.97894736842105,6.99190938511327,998,6.98697394789579
379,619,6.98153034300792,6.98869143780291,998,6.98597194388778
380,619,6.97631578947368,6.98869143780291,999,6.98398398398398
380,619,6.97631578947368,6.98869143780291,999,6.98398398398398
380,619,6.97631578947368,6.98707592891761,999,6.98298298298298
380,618,6.97631578947368,6.98543689320388,998,6.98196392785571
379,619,6.97361477572559,6.98707592891761,998,6.98196392785571
384,613,6.97395833333333,6.98694942903752,997,6.98194583751254
385,614,6.97402597402597,6.98534201954397,999,6.98098098098098
386,613,6.97150259067358,6.98694942903752,999,6.98098098098098
380,617,6.97105263157895,6.98865478119935,997,6.98194583751254
379,620,6.97625329815303,6.98870967741935,999,6.98398398398398
381,618,6.97375328083989,6.99190938511327,999,6.98498498498498
376,621,6.97074468085106,6.99194847020934,997,6.9839518555667
374,623,6.97860962566845,6.99357945425361,997,6.98796389167503
382,617,6.98167539267016,6.9935170178282,999,6.98898898898899
381,617,6.97637795275591,6.9935170178282,998,6.98697394789579
370,629,6.97567567567568,6.99364069952305,999,6.98698698698699
369,630,6.97560975609756,6.99365079365079,999,6.98698698698699
359,639,6.98050139275766,6.99530516431925,998,6.98997995991984
363,636,6.98347107438016,6.99842767295597,999,6.99299299299299
373,626,6.98391420911528,6.99840255591054,999,6.99299299299299
368,631,6.98097826086957,6.99841521394612,999,6.99199199199199
360,637,6.98611111111111,6.99843014128728,997,6.99398194583751
368,631,6.98369565217391,6.99841521394612,999,6.99299299299299
364,635,6.98351648351648,6.99842519685039,999,6.99299299299299
362,637,6.98342541436464,6.99843014128728,999,6.99299299299299
366,631,6.98633879781421,6.99841521394612,997,6.99398194583751
362,636,6.98618784530387,6.99842767295597,998,6.9939879759519
364,635,6.98901098901099,6.99685039370079,999,6.99399399399399
368,631,6.98913043478261,6.99683042789223,999,6.99399399399399
