forward_num,reverse_num,forward_rate,reverse_rate,organism_num,organism_rate
50,50,5.5,5.5,100,5.5
62,66,5.74193548387097,5.65151515151515,128,5.6953125
74,80,5.95945945945946,6.0,154,5.98051948051948
92,94,6.08695652173913,6.25531914893617,186,6.17204301075269
123,118,6.45528455284553,6.51694915254237,241,6.48547717842324
141,153,6.73758865248227,6.73202614379085,294,6.73469387755102
178,188,7.03932584269663,7.03191489361702,366,7.03551912568306
234,245,7.24358974358974,7.22448979591837,479,7.23382045929019
292,320,7.42808219178082,7.35,612,7.38725490196078
389,401,7.66323907455013,7.60598503740648,790,7.63417721518987
471,516,7.86411889596603,7.83720930232558,987,7.8500506585613
482,517,7.9045643153527,7.8027079303675,999,7.85185185185185
487,512,7.94866529774127,7.837890625,999,7.89189189189189
491,505,7.94093686354379,7.84356435643564,996,7.89156626506024
498,501,7.9859437751004,7.78243512974052,999,7.88388388388388
499,500,8.02004008016032,7.806,999,7.91291291291291
504,495,8.04563492063492,7.85858585858586,999,7.95295295295295
509,490,8.11198428290766,7.88571428571429,999,8.001001001001
514,485,8.00972762645914,7.95463917525773,999,7.98298298298298
512,485,8.04296875,7.99587628865979,997,8.02006018054163
506,493,8.09090909090909,8.05476673427992,999,8.07307307307307
509,488,8.1237721021611,8.04303278688525,997,8.08425275827482
511,488,8.1174168297456,8.08606557377049,999,8.1021021021021
518,481,8.14285714285714,8.14760914760915,999,8.14514514514515
522,477,8.1360153256705,8.18448637316562,999,8.15915915915916
512,485,8.173828125,8.24536082474227,997,8.2086258776329
518,480,8.23359073359073,8.25416666666667,998,8.2434869739479
504,492,8.24603174603175,8.25813008130081,996,8.25200803212851
511,488,8.28180039138943,8.28688524590164,999,8.28428428428428
503,493,8.31411530815109,8.35496957403651,996,8.33433734939759
517,481,8.357833655706,8.2972972972973,998,8.32865731462926
507,492,8.40039447731755,8.3150406504065,999,8.35835835835836
518,481,8.3957528957529,8.30769230769231,999,8.35335335335335
515,484,8.38640776699029,8.25206611570248,999,8.32132132132132
524,475,8.44847328244275,8.28421052631579,999,8.37037037037037
519,479,8.42196531791907,8.2839248434238,998,8.35571142284569
522,477,8.40804597701149,8.32285115303983,999,8.36736736736737
520,478,8.41730769230769,8.34100418410042,998,8.38076152304609
515,483,8.43689320388349,8.38509316770186,998,8.41182364729459
512,487,8.400390625,8.42505133470226,999,8.41241241241241
517,482,8.40425531914894,8.4356846473029,999,8.41941941941942
509,489,8.4007858546169,8.4478527607362,998,8.42384769539078
497,502,8.39839034205231,8.41434262948207,999,8.40640640640641
496,503,8.41129032258065,8.43936381709742,999,8.42542542542543
496,503,8.41733870967742,8.46719681908549,999,8.44244244244244
490,508,8.42244897959184,8.48031496062992,998,8.45190380761523
487,511,8.41889117043121,8.45205479452055,998,8.43587174348697
488,511,8.39344262295082,8.47553816046967,999,8.43543543543544
491,508,8.42566191446029,8.54724409448819,999,8.48748748748749
485,513,8.45773195876289,8.62768031189084,998,8.54509018036072
487,511,8.4476386036961,8.61448140900196,998,8.53306613226453
486,511,8.47736625514403,8.59686888454012,997,8.53861584754263
477,520,8.47169811320755,8.67692307692308,997,8.57873620862588
477,522,8.46540880503145,8.65708812260536,999,8.56556556556557
468,531,8.47435897435897,8.65348399246704,999,8.56956956956957
462,536,8.43939393939394,8.71828358208955,998,8.58917835671343
463,534,8.46868250539957,8.73033707865168,997,8.60882647943832
453,546,8.49227373068433,8.75457875457876,999,8.63563563563564
456,540,8.51754385964912,8.80740740740741,996,8.67469879518072
451,548,8.48558758314856,8.83941605839416,999,8.67967967967968
439,559,8.43507972665148,8.82468694096601,998,8.65330661322645
436,563,8.46788990825688,8.82770870337478,999,8.67067067067067
432,567,8.45138888888889,8.8641975308642,999,8.68568568568569
436,563,8.44495412844037,8.89342806394316,999,8.6976976976977
433,565,8.43879907621247,8.86902654867257,998,8.68236472945892
438,561,8.49315068493151,8.87700534759358,999,8.70870870870871
438,560,8.50456621004566,8.86607142857143,998,8.70741482965932
440,558,8.54772727272727,8.89964157706093,998,8.74448897795591
446,551,8.54035874439462,8.90744101633394,997,8.7432296890672
447,551,8.58389261744967,8.89473684210526,998,8.75551102204409
453,545,8.62472406181015,8.91926605504587,998,8.78557114228457
459,540,8.62745098039216,8.93148148148148,999,8.79179179179179
472,527,8.64406779661017,8.95256166982922,999,8.80680680680681
481,518,8.67775467775468,8.98648648648649,999,8.83783783783784
474,522,8.69198312236287,8.94252873563218,996,8.82329317269076
479,518,8.62004175365344,8.95945945945946,997,8.79638916750251
478,520,8.61924686192469,8.95769230769231,998,8.79559118236473
481,518,8.62370062370062,8.94594594594595,999,8.79079079079079
474,524,8.64556962025316,8.95610687022901,998,8.80861723446894
486,513,8.6522633744856,8.9317738791423,999,8.7957957957958
496,502,8.61895161290323,8.95418326693227,998,8.7875751503006
508,490,8.6496062992126,8.96734693877551,998,8.80561122244489
500,499,8.684,8.98396793587174,999,8.83383383383383
506,493,8.6600790513834,8.96146044624746,999,8.80880880880881
489,508,8.70347648261759,8.95669291338583,997,8.83249749247743
494,504,8.65991902834008,8.95039682539683,998,8.80661322645291
493,506,8.67342799188641,9.00197628458498,999,8.83983983983984
503,496,8.67992047713718,9.02217741935484,999,8.84984984984985
502,497,8.67729083665339,8.98993963782696,999,8.83283283283283
502,496,8.71115537848606,8.99798387096774,998,8.85370741482966
505,493,8.70693069306931,8.98580121703854,998,8.84468937875751
509,489,8.72888015717092,8.96319018404908,998,8.8436873747495
503,496,8.76739562624254,8.94354838709677,999,8.85485485485485
500,499,8.746,8.99198396793587,999,8.86886886886887
500,499,8.784,9.00400801603206,999,8.89389389389389
502,497,8.78486055776892,9.00201207243461,999,8.89289289289289
502,497,8.81474103585657,8.97987927565392,999,8.8968968968969
496,502,8.80443548387097,9.02589641434263,998,8.91583166332665
493,502,8.81338742393509,8.99203187250996,995,8.9035175879397
495,503,8.81010101010101,9.02385685884692,998,8.91783567134268
495,503,8.85858585858586,9.06163021868787,998,8.96092184368737
494,503,8.8582995951417,9.05367793240557,997,8.95687061183551
504,494,8.81944444444444,9.05060728744939,998,8.93386773547094
498,501,8.80923694779116,9.07385229540918,999,8.94194194194194
492,505,8.83536585365854,9.09108910891089,997,8.96489468405216
494,503,8.7995951417004,9.08349900596422,997,8.94282848545637
492,506,8.82317073170732,9.11462450592885,998,8.97094188376754
485,514,8.82061855670103,9.11089494163424,999,8.96996996996997
483,516,8.82194616977226,9.1453488372093,999,8.98898898898899
484,513,8.7995867768595,9.14619883040936,997,8.97793380140421
484,515,8.77892561983471,9.13592233009709,999,8.96296296296296
492,507,8.80081300813008,9.09664694280079,999,8.95095095095095
488,511,8.80737704918033,9.12915851272016,999,8.97197197197197
482,517,8.82157676348548,9.10058027079304,999,8.96596596596597
481,516,8.7962577962578,9.0891472868217,997,8.94784353059178
483,516,8.77846790890269,9.12596899224806,999,8.95795795795796
476,522,8.78781512605042,9.10727969348659,998,8.95490981963928
484,515,8.78719008264463,9.10485436893204,999,8.95095095095095
485,514,8.76082474226804,9.11867704280156,999,8.94494494494494
492,507,8.78861788617886,9.12228796844181,999,8.95795795795796
493,506,8.77484787018256,9.13833992094862,999,8.95895895895896
491,508,8.76782077393075,9.12992125984252,999,8.95195195195195
493,506,8.76876267748479,9.13438735177866,999,8.95395395395395
489,509,8.75460122699386,9.14145383104126,998,8.95190380761523
495,504,8.77979797979798,9.14880952380952,999,8.96596596596597
482,516,8.83402489626556,9.15503875968992,998,9.0
496,502,8.85887096774194,9.17729083665339,998,9.0190380761523
501,498,8.86427145708583,9.20883534136546,999,9.03603603603604
494,505,8.89473684210526,9.22970297029703,999,9.06406406406406
504,495,8.88293650793651,9.23434343434343,999,9.05705705705706
498,501,8.87550200803213,9.2435129740519,999,9.06006006006006
496,503,8.91532258064516,9.24652087475149,999,9.08208208208208
493,506,8.94117647058824,9.23122529644269,999,9.08808808808809
486,512,8.9320987654321,9.216796875,998,9.07815631262525
498,501,8.93172690763052,9.20958083832335,999,9.07107107107107
499,500,8.94188376753507,9.206,999,9.07407407407407
493,506,8.94320486815416,9.23122529644269,999,9.08908908908909
496,503,8.92540322580645,9.2544731610338,999,9.09109109109109
493,506,8.91683569979716,9.24901185770751,999,9.08508508508509
504,495,8.93055555555556,9.26666666666667,999,9.0970970970971
504,495,8.92261904761905,9.27878787878788,999,9.0990990990991
508,491,8.93503937007874,9.27698574338086,999,9.1031031031031
496,502,8.94354838709677,9.3207171314741,998,9.13326653306613
495,503,8.94747474747475,9.30417495029821,998,9.12725450901804
496,503,8.97379032258065,9.30815109343936,999,9.14214214214214
499,500,8.98997995991984,9.292,999,9.14114114114114
498,500,8.9859437751004,9.312,998,9.14929859719439
499,500,9.00200400801603,9.316,999,9.15915915915916
502,497,8.99800796812749,9.33199195171026,999,9.16416416416416
505,493,8.99207920792079,9.34685598377282,998,9.16733466933868
507,492,8.98816568047337,9.32520325203252,999,9.15415415415415
502,496,8.99601593625498,9.3366935483871,998,9.16533066132265
503,496,9.0,9.35282258064516,999,9.17517517517518
504,495,8.97023809523809,9.36969696969697,999,9.16816816816817
503,496,8.99801192842942,9.34274193548387,999,9.16916916916917
496,503,8.99193548387097,9.35785288270378,999,9.17617617617618
497,500,9.00603621730382,9.366,997,9.18655967903711
485,513,9.0020618556701,9.38206627680312,998,9.19739478957916
485,514,8.96082474226804,9.38715953307393,999,9.18018018018018
485,514,8.97525773195876,9.39105058365759,999,9.18918918918919
468,531,8.98717948717949,9.40866290018832,999,9.21121121121121
465,533,9.00645161290323,9.4296435272045,998,9.23246492985972
458,540,8.9825327510917,9.42777777777778,998,9.22344689378757
455,544,9.01538461538462,9.44117647058824,999,9.24724724724725
457,542,8.98249452954048,9.44833948339483,999,9.23523523523524
452,547,8.98893805309734,9.44606946983547,999,9.23923923923924
450,549,8.96444444444444,9.4408014571949,999,9.22622622622623
445,554,8.90112359550562,9.42960288808664,999,9.19419419419419
452,547,8.9070796460177,9.43144424131627,999,9.19419419419419
446,553,8.91031390134529,9.44846292947559,999,9.20820820820821
451,548,8.8980044345898,9.43613138686131,999,9.19319319319319
456,543,8.92982456140351,9.41620626151013,999,9.19419419419419
454,544,8.94052863436123,9.42830882352941,998,9.2064128256513
451,545,8.93348115299335,9.4348623853211,996,9.20783132530121
448,550,8.94196428571429,9.42,998,9.20541082164329
440,558,8.94318181818182,9.4336917562724,998,9.21743486973948
438,560,8.96575342465753,9.42857142857143,998,9.22545090180361
430,568,8.94883720930233,9.45246478873239,998,9.23547094188377
444,554,8.96171171171171,9.44404332129964,998,9.22945891783567
445,553,8.98876404494382,9.45750452079566,998,9.24849699398798
443,555,8.99548532731377,9.45585585585586,998,9.25150300601202
434,564,9.01612903225806,9.4645390070922,998,9.26953907815631
440,559,9.00909090909091,9.48121645796064,999,9.27327327327327
433,566,8.96535796766744,9.48056537102473,999,9.25725725725726
423,575,8.9645390070922,9.48173913043478,998,9.2625250501002
427,572,8.97423887587822,9.48426573426574,999,9.26626626626627
418,580,8.94497607655502,9.49310344827586,998,9.26352705410822
420,579,8.92857142857143,9.48359240069085,999,9.25025025025025
415,584,8.90120481927711,9.48458904109589,999,9.24224224224224
417,581,8.92565947242206,9.49569707401033,998,9.25751503006012
407,591,8.91646191646192,9.46531302876481,998,9.24148296593186
395,602,8.92405063291139,9.47840531561462,997,9.25877632898696
393,606,8.96437659033079,9.47029702970297,999,9.27127127127127
391,608,8.99744245524297,9.46381578947368,999,9.28128128128128
386,610,9.01036269430052,9.46229508196721,996,9.28714859437751
377,622,9.06896551724138,9.47588424437299,999,9.32232232232232
382,615,9.03926701570681,9.46016260162602,997,9.29889669007021
374,625,9.04010695187166,9.464,999,9.30530530530531
379,620,9.05013192612137,9.46129032258064,999,9.30530530530531
375,623,9.05333333333333,9.46548956661316,998,9.31062124248497
377,622,9.03978779840849,9.47749196141479,999,9.31231231231231
384,615,9.05989583333333,9.44390243902439,999,9.2962962962963
386,610,9.05958549222798,9.42295081967213,996,9.28212851405623
380,619,9.01842105263158,9.4232633279483,999,9.26926926926927
384,614,9.04427083333333,9.40879478827362,998,9.2685370741483
373,625,9.02680965147453,9.4096,998,9.26653306613226
373,626,9.03485254691689,9.40415335463259,999,9.26626626626627
373,626,9.03753351206434,9.39137380191693,999,9.25925925925926
374,625,9.03743315508021,9.4064,999,9.26826826826827
374,625,9.02673796791444,9.4288,999,9.27827827827828
383,616,9.01827676240209,9.41558441558442,999,9.26326326326326
374,625,9.00534759358289,9.4272,999,9.26926926926927
379,618,9.00791556728232,9.41747572815534,997,9.2617853560682
369,629,9.04336043360434,9.41494435612083,998,9.27755511022044
376,623,9.02393617021277,9.41252006420546,999,9.26626626626627
363,636,9.03305785123967,9.43238993710692,999,9.28728728728729
352,645,9.04545454545454,9.44031007751938,997,9.30090270812437
353,645,9.02549575070821,9.42945736434108,998,9.28657314629259
356,643,9.03089887640449,9.42301710730949,999,9.28328328328328
352,646,9.06818181818182,9.41795665634675,998,9.29458917835671
350,649,9.06285714285714,9.42372881355932,999,9.2972972972973
356,643,9.04775280898876,9.43390357698289,999,9.2962962962963
355,643,9.03380281690141,9.44167962674961,998,9.29659318637275
352,647,9.07102272727273,9.42194744976816,999,9.2982982982983
345,653,9.07826086956522,9.43032159264931,998,9.30861723446894
339,660,9.07964601769912,9.42575757575758,999,9.30830830830831
336,663,9.08333333333333,9.44193061840121,999,9.32132132132132
335,664,9.10149253731343,9.45933734939759,999,9.33933933933934
329,668,9.10334346504559,9.46107784431138,997,9.34302908726178
332,666,9.15361445783133,9.48048048048048,998,9.37174348697395
333,664,9.15315315315315,9.47590361445783,997,9.36810431293882
335,663,9.12835820895522,9.47963800904977,998,9.36172344689379
335,664,9.16417910447761,9.48042168674699,999,9.37437437437437
340,659,9.15588235294118,9.50227617602428,999,9.38438438438438
343,656,9.17492711370262,9.52134146341463,999,9.4024024024024
340,659,9.16176470588235,9.5144157814871,999,9.39439439439439
342,657,9.17543859649123,9.51902587519026,999,9.4014014014014
338,660,9.1508875739645,9.51363636363636,998,9.39078156312625
350,648,9.18857142857143,9.52469135802469,998,9.40681362725451
345,654,9.16521739130435,9.53211009174312,999,9.40540540540541
344,655,9.17441860465116,9.54961832061069,999,9.42042042042042
348,648,9.14942528735632,9.55864197530864,996,9.41566265060241
343,655,9.16326530612245,9.55267175572519,998,9.4188376753507
348,650,9.14367816091954,9.55846153846154,998,9.41382765531062
342,657,9.16959064327485,9.54490106544901,999,9.41641641641642
344,655,9.17732558139535,9.54503816793893,999,9.41841841841842
345,653,9.17391304347826,9.55436447166922,998,9.42284569138276
337,662,9.1839762611276,9.54682779456193,999,9.42442442442442
333,666,9.16516516516517,9.54804804804805,999,9.42042042042042
337,662,9.20771513353116,9.55438066465257,999,9.43743743743744
338,659,9.24556213017751,9.54172989377845,997,9.44132397191575
339,658,9.28318584070797,9.5531914893617,997,9.46138415245737
343,655,9.30903790087464,9.55267175572519,998,9.4689378757515
349,650,9.31805157593123,9.55230769230769,999,9.47047047047047
346,653,9.35549132947977,9.55589586523737,999,9.48648648648649
343,656,9.35860058309038,9.55335365853658,999,9.48648648648649
335,664,9.36716417910448,9.56626506024096,999,9.4994994994995
340,659,9.33529411764706,9.57359635811836,999,9.49249249249249
347,651,9.29682997118156,9.57142857142857,998,9.47595190380762
339,660,9.33333333333333,9.58484848484848,999,9.4994994994995
347,651,9.31988472622478,9.60983102918587,998,9.50901803607214
345,653,9.33623188405797,9.60490045941807,998,9.51202404809619
341,658,9.34897360703812,9.60790273556231,999,9.51951951951952
342,654,9.3421052631579,9.6039755351682,996,9.5140562248996
333,666,9.37537537537538,9.5960960960961,999,9.52252252252252
337,662,9.34421364985163,9.6012084592145,999,9.51451451451451
333,665,9.34234234234234,9.60300751879699,998,9.51603206412826
332,666,9.33433734939759,9.61561561561562,998,9.52204408817635
325,671,9.32615384615385,9.61400894187779,996,9.52008032128514
325,674,9.35384615384615,9.61275964391691,999,9.52852852852853
324,675,9.3641975308642,9.60296296296296,999,9.52552552552553
330,669,9.37575757575758,9.60837070254111,999,9.53153153153153
327,672,9.35779816513761,9.61309523809524,999,9.52952952952953
325,673,9.39384615384615,9.62109955423477,998,9.54709418837675
331,668,9.39577039274925,9.62874251497006,999,9.55155155155155
331,668,9.38368580060423,9.63323353293413,999,9.55055055055055
341,658,9.3900293255132,9.63677811550152,999,9.55255255255255
338,660,9.38165680473373,9.65,998,9.55911823647295
340,658,9.37352941176471,9.64893617021277,998,9.55511022044088
331,665,9.36555891238671,9.63157894736842,996,9.54317269076305
328,670,9.39329268292683,9.64029850746269,998,9.55911823647295
328,668,9.39024390243902,9.6377245508982,996,9.55622489959839
322,677,9.41614906832298,9.62629246676514,999,9.55855855855856
325,672,9.41230769230769,9.63095238095238,997,9.55967903711133
326,672,9.4079754601227,9.62797619047619,998,9.5561122244489
325,674,9.43384615384615,9.62166172106825,999,9.56056056056056
327,672,9.4434250764526,9.63541666666667,999,9.57257257257257
329,670,9.43768996960486,9.63283582089552,999,9.56856856856857
324,672,9.42592592592593,9.63392857142857,996,9.56626506024096
319,677,9.44827586206897,9.63367799113737,996,9.57429718875502
325,674,9.47384615384615,9.65727002967359,999,9.5975975975976
323,673,9.4922600619195,9.65824665676077,996,9.60441767068273
322,676,9.47515527950311,9.66715976331361,998,9.60521042084168
326,672,9.47546012269939,9.66220238095238,998,9.60120240480962
323,676,9.46749226006192,9.67011834319527,999,9.6046046046046
325,671,9.44615384615385,9.67809239940387,996,9.60240963855422
318,681,9.43710691823899,9.67400881057269,999,9.5985985985986
318,680,9.42767295597484,9.67205882352941,998,9.59418837675351
317,682,9.44794952681388,9.66715542521994,999,9.5975975975976
309,689,9.44336569579288,9.67343976777939,998,9.60220440881764
301,698,9.42524916943522,9.68194842406877,999,9.6046046046046
308,691,9.42857142857143,9.69464544138929,999,9.61261261261261
309,689,9.44336569579288,9.70391872278665,998,9.62324649298597
307,692,9.45928338762215,9.70086705202312,999,9.62662662662663
309,689,9.44660194174757,9.6966618287373,998,9.61923847695391
310,689,9.45806451612903,9.68505079825835,999,9.61461461461461
312,687,9.4551282051282,9.69141193595342,999,9.61761761761762
301,698,9.47176079734219,9.689111747851,999,9.62362362362362
297,701,9.47474747474747,9.67475035663338,998,9.61523046092184
300,698,9.47,9.68481375358166,998,9.62024048096192
294,704,9.46258503401361,9.66761363636364,998,9.60721442885771
300,699,9.46,9.66523605150215,999,9.6036036036036
302,697,9.44701986754967,9.68292682926829,999,9.61161161161161
292,707,9.43835616438356,9.69306930693069,999,9.61861861861862
288,711,9.40625,9.69760900140647,999,9.61361361361361
287,711,9.43205574912892,9.70745428973277,998,9.62825651302605
297,701,9.44781144781145,9.70613409415121,998,9.62925851703407
297,700,9.44107744107744,9.72571428571429,997,9.64092276830491
298,701,9.45637583892617,9.72610556348074,999,9.64564564564565
291,707,9.46048109965636,9.72418670438472,998,9.64729458917836
284,714,9.47887323943662,9.72128851540616,998,9.65230460921844
287,712,9.45993031358885,9.71348314606742,999,9.64064064064064
285,712,9.45964912280702,9.71067415730337,997,9.63891675025075
282,717,9.46808510638298,9.70013947001395,999,9.63463463463463
281,717,9.44839857651245,9.71408647140865,998,9.63927855711423
274,725,9.44890510948905,9.71310344827586,999,9.64064064064064
277,721,9.46570397111913,9.71567267683773,998,9.64629258517034
275,724,9.44,9.71270718232044,999,9.63763763763764
275,723,9.43636363636364,9.71507607192254,998,9.63827655310621
277,722,9.41516245487365,9.71052631578947,999,9.62862862862863
275,724,9.44363636363636,9.70165745856354,999,9.63063063063063
274,724,9.45985401459854,9.70718232044199,998,9.63927855711423
266,733,9.46616541353383,9.70532060027285,999,9.64164164164164
270,727,9.4962962962963,9.7111416781293,997,9.65295887662989
269,729,9.48698884758364,9.70644718792867,998,9.64729458917836
272,726,9.49264705882353,9.70247933884298,998,9.64529058116232
273,726,9.49450549450549,9.69972451790634,999,9.64364364364364
270,729,9.51111111111111,9.70919067215364,999,9.65565565565566
272,725,9.5,9.71034482758621,997,9.65295887662989
280,719,9.48928571428571,9.71627260083449,999,9.65265265265265
277,722,9.48736462093863,9.7202216066482,999,9.65565565565566
271,728,9.47970479704797,9.71016483516484,999,9.64764764764765
270,727,9.47407407407407,9.71251719394773,997,9.64794383149448
267,731,9.49063670411985,9.71545827633379,998,9.65531062124249
263,735,9.48669201520913,9.71292517006803,998,9.65330661322645
271,728,9.49446494464945,9.70879120879121,999,9.65065065065065
272,726,9.50367647058824,9.69972451790634,998,9.64629258517034
275,723,9.52727272727273,9.69709543568465,998,9.6503006012024
275,724,9.53818181818182,9.70027624309392,999,9.65565565565566
276,723,9.54347826086956,9.70401106500691,999,9.65965965965966
286,713,9.52097902097902,9.70827489481066,999,9.65465465465465
281,718,9.55871886120996,9.7075208913649,999,9.66566566566567
284,715,9.57042253521127,9.72027972027972,999,9.67767767767768
291,708,9.55670103092783,9.7274011299435,999,9.67767767767768
289,709,9.56401384083045,9.72637517630466,998,9.67935871743487
288,711,9.53472222222222,9.71870604781997,999,9.66566566566567
291,708,9.51546391752577,9.71892655367232,999,9.65965965965966
285,712,9.48771929824561,9.71769662921348,997,9.65195586760281
290,709,9.49310344827586,9.71650211565585,999,9.65165165165165
284,715,9.50352112676056,9.72027972027972,999,9.65865865865866
293,705,9.51194539249147,9.73191489361702,998,9.66733466933868
282,717,9.49290780141844,9.72245467224547,999,9.65765765765766
286,713,9.52097902097902,9.72230014025245,999,9.66466466466466
287,711,9.52613240418119,9.73277074542897,998,9.67334669338677
284,714,9.55985915492958,9.73669467787115,998,9.68637274549098
277,722,9.5812274368231,9.73684210526316,999,9.69369369369369
287,709,9.58536585365854,9.73060648801128,996,9.68875502008032
279,720,9.584229390681,9.72916666666667,999,9.68868868868869
283,715,9.62897526501767,9.71888111888112,998,9.69338677354709
286,711,9.61188811188811,9.72151898734177,997,9.6900702106319
287,712,9.62369337979094,9.71488764044944,999,9.68868868868869
286,713,9.61188811188811,9.72510518934081,999,9.69269269269269
279,720,9.6415770609319,9.725,999,9.7017017017017
282,717,9.65957446808511,9.72942817294282,999,9.70970970970971
274,725,9.66058394160584,9.72137931034483,999,9.7047047047047
273,726,9.68498168498168,9.72727272727273,999,9.71571571571572
272,726,9.66176470588235,9.72589531680441,998,9.70841683366733
271,728,9.67527675276753,9.73214285714286,999,9.71671671671672
264,732,9.65909090909091,9.72540983606557,996,9.70783132530121
265,734,9.66037735849057,9.7275204359673,999,9.70970970970971
257,742,9.63035019455253,9.72506738544474,999,9.7007007007007
267,732,9.62172284644195,9.74180327868852,999,9.70970970970971
260,735,9.63076923076923,9.73877551020408,995,9.71055276381909
257,741,9.63424124513619,9.73549257759784,998,9.70941883767535
249,750,9.62248995983936,9.74533333333333,999,9.71471471471471
244,754,9.63114754098361,9.73607427055703,998,9.71042084168337
252,747,9.59523809523809,9.74564926372155,999,9.70770770770771
260,739,9.64230769230769,9.74154262516915,999,9.71571571571572
256,740,9.6328125,9.74324324324324,996,9.714859437751
261,738,9.62068965517241,9.74525745257453,999,9.71271271271271
259,740,9.65250965250965,9.74864864864865,999,9.72372372372372
261,738,9.66283524904215,9.76016260162602,999,9.73473473473473
254,743,9.68503937007874,9.75908479138627,997,9.74022066198596
258,740,9.67441860465116,9.76756756756757,998,9.7434869739479
264,733,9.69318181818182,9.7762619372442,997,9.75426278836509
265,732,9.68301886792453,9.77595628415301,997,9.75125376128385
274,724,9.68613138686131,9.77762430939227,998,9.75250501002004
266,733,9.68421052631579,9.78171896316507,999,9.75575575575576
279,720,9.67741935483871,9.77916666666667,999,9.75075075075075
268,731,9.67164179104478,9.78796169630643,999,9.75675675675676
263,734,9.66920152091255,9.7874659400545,997,9.75626880641926
253,745,9.66798418972332,9.78926174496644,998,9.75851703406814
254,744,9.65354330708661,9.78897849462366,998,9.75450901803607
255,743,9.63921568627451,9.80349932705249,998,9.76152304609218
253,746,9.62450592885376,9.81903485254692,999,9.76976976976977
260,739,9.61538461538461,9.81732070365359,999,9.76476476476476
258,741,9.62403100775194,9.81781376518219,999,9.76776776776777
267,731,9.61048689138577,9.82216142270862,998,9.76553106212425
265,733,9.61132075471698,9.83083219645293,998,9.77254509018036
270,727,9.62592592592593,9.83493810178817,997,9.77833500501504
273,725,9.61172161172161,9.83586206896552,998,9.77454909819639
288,711,9.61458333333333,9.84106891701828,999,9.77577577577578
287,712,9.60627177700349,9.85112359550562,999,9.78078078078078
292,707,9.61986301369863,9.86280056577086,999,9.79179179179179
286,713,9.63986013986014,9.86115007012623,999,9.7977977977978
292,707,9.6472602739726,9.85572842998586,999,9.79479479479479
293,705,9.61092150170649,9.8468085106383,998,9.77755511022044
301,698,9.62790697674419,9.84097421203438,999,9.77677677677678
294,704,9.62585034013605,9.83806818181818,998,9.77555110220441
290,709,9.64137931034483,9.83497884344147,999,9.77877877877878
288,711,9.65277777777778,9.84247538677918,999,9.78778778778779
287,712,9.63763066202091,9.84269662921348,999,9.78378378378378
278,720,9.64028776978417,9.85138888888889,998,9.79258517034068
277,719,9.63898916967509,9.84144645340751,996,9.785140562249
276,723,9.64492753623188,9.84232365145228,999,9.78778778778779
282,715,9.62056737588652,9.84895104895105,997,9.78435305917753
284,713,9.63732394366197,9.84431977559607,997,9.78535606820461
281,718,9.61921708185053,9.84122562674095,999,9.77877877877878
281,718,9.62633451957295,9.83704735376045,999,9.77777777777778
272,727,9.65441176470588,9.83768913342503,999,9.78778778778779
270,729,9.62962962962963,9.83676268861454,999,9.78078078078078
271,728,9.6309963099631,9.84478021978022,999,9.78678678678679
273,724,9.64102564102564,9.84116022099447,997,9.7863590772317
275,722,9.62181818181818,9.84626038781163,997,9.78435305917753
270,727,9.6037037037037,9.84731774415406,997,9.78134403209629
275,723,9.58909090909091,9.8478561549101,998,9.77655310621243
264,733,9.58712121212121,9.85129604365621,997,9.78134403209629
269,729,9.55762081784387,9.86556927297668,998,9.78256513026052
267,728,9.56928838951311,9.87225274725275,995,9.79095477386935
259,737,9.56370656370656,9.86567164179104,996,9.78714859437751
267,730,9.56179775280899,9.86027397260274,997,9.78034102306921
265,733,9.5811320754717,9.85538881309686,998,9.78256513026052
265,733,9.55849056603774,9.85402455661664,998,9.77555110220441
270,729,9.55555555555556,9.85733882030178,999,9.77577577577578
269,729,9.54646840148699,9.8477366255144,998,9.76653306613226
261,737,9.52107279693487,9.8493894165536,998,9.76352705410822
263,736,9.54752851711027,9.85190217391304,999,9.77177177177177
259,739,9.51737451737452,9.84303112313938,998,9.75851703406814
259,740,9.4980694980695,9.84459459459459,999,9.75475475475475
243,756,9.47325102880658,9.83333333333333,999,9.74574574574575
247,750,9.47368421052632,9.848,997,9.75526579739218
237,762,9.43459915611814,9.85826771653543,999,9.75775775775776
231,767,9.43290043290043,9.85658409387223,998,9.75851703406814
228,770,9.41666666666667,9.85844155844156,998,9.75751503006012
231,768,9.41558441558442,9.86848958333333,999,9.76376376376376
233,765,9.38197424892704,9.87450980392157,998,9.75951903807615
226,773,9.38938053097345,9.875808538163,999,9.76576576576577
223,776,9.38565022421525,9.87628865979381,999,9.76676676676677
223,774,9.37219730941704,9.88759689922481,997,9.77231695085256
219,779,9.39269406392694,9.88318356867779,998,9.77555110220441
222,775,9.38288288288288,9.88516129032258,997,9.77331995987964
211,786,9.45497630331753,9.88931297709924,997,9.79739217652959
212,786,9.45754716981132,9.88549618320611,998,9.79458917835671
214,785,9.42990654205608,9.89808917197452,999,9.7977977977978
213,785,9.46948356807512,9.89044585987261,998,9.80060120240481
215,784,9.43255813953488,9.88647959183673,999,9.78878878878879
213,786,9.45070422535211,9.89058524173028,999,9.7967967967968
212,787,9.46698113207547,9.8856416772554,999,9.7967967967968
216,783,9.4537037037037,9.88505747126437,999,9.79179179179179
220,779,9.45909090909091,9.88318356867779,999,9.78978978978979
221,777,9.45701357466063,9.88288288288288,998,9.78857715430862
223,776,9.44394618834081,9.88144329896907,999,9.78378378378378
224,773,9.48214285714286,9.88098318240621,997,9.7913741223671
234,765,9.4957264957265,9.88104575163399,999,9.79079079079079
236,761,9.52542372881356,9.87910643889619,997,9.79538615847543
232,765,9.54741379310345,9.87320261437909,997,9.79739217652959
235,764,9.57021276595745,9.87696335078534,999,9.8048048048048
226,772,9.57964601769912,9.88212435233161,998,9.81362725450902
226,773,9.55752212389381,9.88098318240621,999,9.80780780780781
219,780,9.57534246575342,9.87948717948718,999,9.81281281281281
215,784,9.56744186046512,9.87372448979592,999,9.80780780780781
215,782,9.58604651162791,9.87468030690537,997,9.81243731193581
209,790,9.57894736842105,9.8746835443038,999,9.81281281281281
201,797,9.53731343283582,9.86951066499373,998,9.80260521042084
191,808,9.55497382198953,9.86881188118812,999,9.80880880880881
182,815,9.54395604395604,9.87730061349693,997,9.81644934804413
180,818,9.60555555555556,9.88141809290954,998,9.83166332665331
178,819,9.58426966292135,9.88034188034188,997,9.82748244734203
180,817,9.56111111111111,9.88494492044064,997,9.82647943831494
170,829,9.57058823529412,9.88661037394451,999,9.83283283283283
167,831,9.55688622754491,9.88688327316486,998,9.83166332665331
162,836,9.58641975308642,9.88636363636364,998,9.8376753507014
160,839,9.58125,9.88557806912992,999,9.83683683683684
157,842,9.57324840764331,9.88598574821853,999,9.83683683683684
160,835,9.60625,9.89461077844311,995,9.84824120603015
158,841,9.59493670886076,9.89655172413793,999,9.84884884884885
153,846,9.61437908496732,9.89479905437352,999,9.85185185185185
152,846,9.58552631578947,9.89598108747045,998,9.84869739478958
148,850,9.5472972972973,9.89529411764706,998,9.8436873747495
146,851,9.54109589041096,9.88484136310223,997,9.8345035105316
145,853,9.53103448275862,9.88745603751465,998,9.83567134268537
143,854,9.55244755244755,9.88875878220141,997,9.84052156469408
141,857,9.53191489361702,9.89498249708285,998,9.8436873747495
135,864,9.54074074074074,9.89583333333333,999,9.84784784784785
130,868,9.54615384615385,9.90437788018433,998,9.85771543086172
131,868,9.54961832061069,9.90322580645161,999,9.85685685685686
128,871,9.5546875,9.90700344431688,999,9.86186186186186
129,870,9.5891472868217,9.90689655172414,999,9.86586586586587
124,874,9.58870967741935,9.91075514874142,998,9.87074148296593
114,885,9.59649122807017,9.90847457627119,999,9.87287287287287
109,890,9.61467889908257,9.90561797752809,999,9.87387387387387
108,889,9.59259259259259,9.90888638920135,997,9.87462387161484
103,896,9.63106796116505,9.90513392857143,999,9.87687687687688
105,894,9.62857142857143,9.90492170022371,999,9.87587587587588
101,898,9.64356435643564,9.9109131403118,999,9.88388388388388
106,893,9.67924528301887,9.91489361702128,999,9.88988988988989
108,891,9.68518518518519,9.92143658810325,999,9.8958958958959
106,892,9.67924528301887,9.92937219730942,998,9.90280561122244
103,895,9.66990291262136,9.92737430167598,998,9.90080160320641
94,904,9.63829787234043,9.93362831858407,998,9.90581162324649
94,904,9.63829787234043,9.93252212389381,998,9.90480961923848
94,902,9.62765957446809,9.93348115299335,996,9.90461847389558
97,902,9.72164948453608,9.93791574279379,999,9.91691691691692
90,909,9.68888888888889,9.93729372937294,999,9.91491491491491
94,903,9.68085106382979,9.94130675526024,997,9.91675025075226
93,906,9.6989247311828,9.94260485651214,999,9.91991991991992
97,901,9.70103092783505,9.94339622641509,998,9.91983967935872
94,904,9.67021276595745,9.94800884955752,998,9.92184368737475
98,900,9.6530612244898,9.95222222222222,998,9.92284569138276
96,902,9.64583333333333,9.95121951219512,998,9.92184368737475
98,898,9.64285714285714,9.95657015590201,996,9.92570281124498
94,905,9.64893617021277,9.95469613259669,999,9.92592592592593
98,899,9.68367346938776,9.95216907675195,997,9.92577733199599
93,906,9.63440860215054,9.94922737306843,999,9.91991991991992
94,905,9.63829787234043,9.94696132596685,999,9.91791791791792
94,905,9.6063829787234,9.94696132596685,999,9.91491491491491
96,901,9.61458333333333,9.94117647058824,997,9.90972918756269
93,906,9.63440860215054,9.93929359823399,999,9.91091091091091
94,905,9.61702127659574,9.94475138121547,999,9.91391391391391
99,900,9.65656565656566,9.94222222222222,999,9.91391391391391
98,900,9.61224489795918,9.94555555555556,998,9.9128256513026
96,903,9.59375,9.94130675526024,999,9.90790790790791
94,904,9.58510638297872,9.9391592920354,998,9.90581162324649
91,907,9.58241758241758,9.93715545755237,998,9.90480961923848
92,906,9.60869565217391,9.93377483443709,998,9.90380761523046
98,900,9.60204081632653,9.93444444444444,998,9.90180360721443
96,901,9.55208333333333,9.9322974472808,997,9.89568706118355
99,899,9.58585858585859,9.93548387096774,998,9.90080160320641
100,899,9.56,9.93325917686318,999,9.8958958958959
104,892,9.57692307692308,9.93161434977578,996,9.89457831325301
110,888,9.55454545454545,9.93918918918919,998,9.89679358717435
107,892,9.60747663551402,9.9372197309417,999,9.9019019019019
107,892,9.60747663551402,9.94058295964126,999,9.9049049049049
107,892,9.60747663551402,9.94170403587444,999,9.90590590590591
104,895,9.59615384615385,9.94301675977654,999,9.90690690690691
108,890,9.65740740740741,9.94494382022472,998,9.91382765531062
108,890,9.69444444444444,9.94943820224719,998,9.92184368737475
113,885,9.69911504424779,9.94802259887006,998,9.91983967935872
111,887,9.72972972972973,9.94475760992108,998,9.92084168336673
111,887,9.72972972972973,9.94588500563698,998,9.92184368737475
111,887,9.74774774774775,9.94813979706877,998,9.92585170340681
114,884,9.78070175438597,9.94683257918552,998,9.92785571142285
111,888,9.77477477477477,9.94369369369369,999,9.92492492492492
115,882,9.78260869565217,9.9421768707483,997,9.92377131394183
115,884,9.71304347826087,9.93778280542986,999,9.91191191191191
120,879,9.725,9.93629124004551,999,9.91091091091091
120,878,9.725,9.93280182232346,998,9.90781563126252
123,876,9.69918699186992,9.92922374429224,999,9.9009009009009
116,882,9.70689655172414,9.93310657596372,998,9.90681362725451
116,882,9.68103448275862,9.93310657596372,998,9.90380761523046
112,887,9.66964285714286,9.93573844419391,999,9.90590590590591
114,885,9.69298245614035,9.94350282485876,999,9.91491491491491
112,884,9.70535714285714,9.94230769230769,996,9.91566265060241
122,877,9.71311475409836,9.93956670467503,999,9.91191191191191
124,875,9.66935483870968,9.93942857142857,999,9.90590590590591
130,867,9.68461538461538,9.93886966551326,997,9.90571715145436
128,871,9.6875,9.93340987370838,999,9.9019019019019
135,863,9.68888888888889,9.93279258400927,998,9.8997995991984
138,861,9.67391304347826,9.93263646922184,999,9.8968968968969
141,858,9.66666666666667,9.93473193473194,999,9.8968968968969
136,863,9.64705882352941,9.92815758980301,999,9.88988988988989
134,864,9.6865671641791,9.92939814814815,998,9.89679358717435
132,866,9.66666666666667,9.9284064665127,998,9.8937875751503
135,863,9.64444444444444,9.92815758980301,998,9.88977955911824
131,868,9.64885496183206,9.92741935483871,999,9.89089089089089
133,865,9.64661654135338,9.92369942196532,998,9.88677354709419
129,870,9.62790697674419,9.9264367816092,999,9.88788788788789
136,863,9.64705882352941,9.92236384704519,999,9.88488488488488
134,864,9.6044776119403,9.92013888888889,998,9.87775551102204
131,865,9.6030534351145,9.91098265895954,996,9.87048192771084
132,867,9.61363636363636,9.91349480968858,999,9.87387387387387
132,867,9.58333333333333,9.90772779700115,999,9.86486486486486
126,872,9.62698412698413,9.90940366972477,998,9.87374749498998
124,874,9.63709677419355,9.90389016018307,998,9.87074148296593
123,876,9.64227642276423,9.91438356164384,999,9.88088088088088
116,883,9.63793103448276,9.91732729331823,999,9.88488488488488
117,882,9.67521367521367,9.91609977324263,999,9.88788788788789
112,887,9.66964285714286,9.91657271702367,999,9.88888888888889
109,887,9.6697247706422,9.91319052987599,996,9.88654618473896
106,892,9.65094339622642,9.91591928251121,998,9.88777555110221
107,892,9.68224299065421,9.92040358744395,999,9.89489489489489
106,892,9.67924528301887,9.91928251121076,998,9.8937875751503
107,892,9.64485981308411,9.92040358744395,999,9.89089089089089
106,893,9.65094339622642,9.92385218365062,999,9.89489489489489
105,894,9.65714285714286,9.92393736017897,999,9.8958958958959
103,896,9.63106796116505,9.93080357142857,999,9.8998998998999
101,898,9.68316831683168,9.93207126948775,999,9.90690690690691
102,895,9.68627450980392,9.92290502793296,997,9.89869608826479
102,897,9.65686274509804,9.93088071348941,999,9.9029029029029
105,894,9.66666666666667,9.92729306487696,999,9.8998998998999
107,892,9.61682242990654,9.93497757847534,999,9.9009009009009
108,890,9.63888888888889,9.93595505617978,998,9.90380761523046
112,886,9.64285714285714,9.94130925507901,998,9.90781563126252
115,884,9.61739130434783,9.94570135746606,999,9.90790790790791
114,885,9.60526315789474,9.94463276836158,999,9.90590590590591
119,880,9.56302521008403,9.95454545454546,999,9.90790790790791
121,877,9.58677685950413,9.94982896237172,998,9.90581162324649
116,883,9.56896551724138,9.95583238958097,999,9.91091091091091
119,880,9.5546218487395,9.95340909090909,999,9.90590590590591
117,882,9.53846153846154,9.95351473922902,999,9.9049049049049
121,878,9.53719008264463,9.95216400911162,999,9.9019019019019
121,878,9.52892561983471,9.95671981776765,999,9.9049049049049
123,874,9.55284552845528,9.95766590389016,997,9.90772316950853
123,875,9.53658536585366,9.95771428571429,998,9.90581162324649
124,875,9.54032258064516,9.95542857142857,999,9.9039039039039
131,867,9.52671755725191,9.94925028835064,998,9.8937875751503
126,873,9.5,9.94845360824742,999,9.89189189189189
123,874,9.51219512195122,9.94736842105263,997,9.89368104312939
122,876,9.50819672131148,9.94292237442922,998,9.88977955911824
123,876,9.47967479674797,9.93835616438356,999,9.88188188188188
126,873,9.5,9.93814432989691,999,9.88288288288288
126,872,9.53174603174603,9.93807339449541,998,9.88677354709419
126,870,9.54761904761905,9.93103448275862,996,9.88253012048193
125,874,9.552,9.93478260869565,999,9.88688688688689
123,876,9.54471544715447,9.93949771689498,999,9.89089089089089
117,882,9.56410256410256,9.93764172335601,999,9.89389389389389
116,882,9.56896551724138,9.93764172335601,998,9.89478957915832
116,880,9.60344827586207,9.94090909090909,996,9.90160642570281
107,891,9.62616822429907,9.94276094276094,998,9.90881763527054
107,890,9.58878504672897,9.9438202247191,997,9.90571715145436
102,896,9.56862745098039,9.9453125,998,9.90681362725451
106,893,9.58490566037736,9.94288913773796,999,9.9049049049049
104,895,9.59615384615385,9.94525139664804,999,9.90890890890891
109,890,9.62385321100918,9.94494382022472,999,9.90990990990991
105,893,9.63809523809524,9.94736842105263,998,9.91482965931864
105,894,9.64761904761905,9.94742729306488,999,9.91591591591592
104,895,9.69230769230769,9.94860335195531,999,9.92192192192192
107,891,9.66355140186916,9.94612794612795,998,9.91583166332665
106,892,9.67924528301887,9.94618834080718,998,9.91783567134268
105,893,9.7047619047619,9.94624860022396,998,9.92084168336673
107,891,9.68224299065421,9.94500561167228,998,9.91683366733467
106,892,9.72641509433962,9.94506726457399,998,9.92184368737475
108,890,9.69444444444444,9.93707865168539,998,9.91082164328657
110,886,9.69090909090909,9.93115124153499,996,9.90461847389558
109,889,9.68807339449541,9.92913385826772,998,9.90280561122244
107,891,9.67289719626168,9.92368125701459,998,9.89679358717435
106,893,9.66981132075472,9.93057110862262,999,9.9029029029029
107,892,9.63551401869159,9.92937219730942,999,9.8978978978979
103,895,9.63106796116505,9.93184357541899,998,9.90080160320641
106,891,9.63207547169811,9.92592592592593,997,9.89468405215647
107,891,9.60747663551402,9.92704826038159,998,9.89278557114229
109,890,9.59633027522936,9.9247191011236,999,9.88888888888889
108,890,9.61111111111111,9.92921348314607,998,9.89478957915832
109,889,9.59633027522936,9.93250843644544,998,9.89579158316633
112,887,9.59821428571429,9.93573844419391,999,9.8978978978979
113,886,9.61061946902655,9.94018058690745,999,9.9029029029029
108,890,9.65740740740741,9.93483146067416,998,9.90480961923848
112,887,9.6875,9.94250281848929,999,9.91391391391391
104,895,9.69230769230769,9.93854748603352,999,9.91291291291291
111,888,9.69369369369369,9.93918918918919,999,9.91191191191191
107,891,9.73831775700935,9.93827160493827,998,9.91683366733467
113,885,9.76991150442478,9.93898305084746,998,9.91983967935872
115,883,9.73913043478261,9.93544733861835,998,9.9128256513026
115,884,9.74782608695652,9.93438914027149,999,9.91291291291291
121,878,9.75206611570248,9.93394077448747,999,9.91191191191191
127,872,9.73228346456693,9.93233944954128,999,9.90690690690691
127,871,9.73228346456693,9.93570608495982,998,9.90981963927856
125,873,9.712,9.93012600229095,998,9.90280561122244
129,870,9.67441860465116,9.93103448275862,999,9.8978978978979
124,874,9.70161290322581,9.9324942791762,998,9.90380761523046
125,874,9.688,9.93363844393593,999,9.9029029029029
128,871,9.671875,9.93570608495982,999,9.9019019019019
131,868,9.6793893129771,9.93548387096774,999,9.9019019019019
136,862,9.63235294117647,9.93619489559165,998,9.89478957915832
140,858,9.65714285714286,9.94055944055944,998,9.90080160320641
135,864,9.63703703703704,9.94560185185185,999,9.9039039039039
130,868,9.63846153846154,9.94354838709677,998,9.90380761523046
129,870,9.64341085271318,9.94712643678161,999,9.90790790790791
121,877,9.64462809917355,9.94412770809578,998,9.90781563126252
121,878,9.65289256198347,9.94533029612756,999,9.90990990990991
120,878,9.64166666666667,9.94419134396355,998,9.90781563126252
119,876,9.58823529411765,9.94178082191781,995,9.89949748743719
118,880,9.63559322033898,9.94318181818182,998,9.90681362725451
117,882,9.66666666666667,9.94331065759637,999,9.91091091091091
119,880,9.69747899159664,9.94090909090909,999,9.91191191191191
117,881,9.7008547008547,9.94324631101022,998,9.91482965931864
119,880,9.67226890756302,9.94431818181818,999,9.91191191191191
116,882,9.73275862068965,9.94557823129252,998,9.92084168336673
108,890,9.72222222222222,9.94606741573034,998,9.92184368737475
105,894,9.7047619047619,9.93959731543624,999,9.91491491491491
102,895,9.69607843137255,9.94413407821229,997,9.91875626880642
100,896,9.71,9.94084821428571,996,9.91767068273092
100,899,9.73,9.9488320355951,999,9.92692692692693
100,899,9.73,9.9488320355951,999,9.92692692692693
99,900,9.73737373737374,9.94777777777778,999,9.92692692692693
98,900,9.71428571428571,9.95222222222222,998,9.92885771543086
96,900,9.71875,9.95111111111111,996,9.92871485943775
91,907,9.78021978021978,9.95369349503859,998,9.93787575150301
96,903,9.79166666666667,9.95016611295681,999,9.93493493493493
95,904,9.78947368421053,9.94911504424779,999,9.93393393393393
94,904,9.82978723404255,9.95022123893805,998,9.93887775551102
93,906,9.87096774193548,9.94701986754967,999,9.93993993993994
94,905,9.87234042553191,9.94917127071823,999,9.94194194194194
93,906,9.87096774193548,9.94922737306843,999,9.94194194194194
94,905,9.87234042553191,9.95027624309392,999,9.94294294294294
94,905,9.85106382978723,9.94585635359116,999,9.93693693693694
93,906,9.8494623655914,9.94812362030905,999,9.93893893893894
94,904,9.82978723404255,9.94579646017699,998,9.93486973947896
91,907,9.84615384615385,9.94487320837927,998,9.93587174348697
84,915,9.84523809523809,9.9431693989071,999,9.93493493493493
84,915,9.82142857142857,9.94644808743169,999,9.93593593593594
81,916,9.81481481481481,9.94323144104803,997,9.93279839518556
80,918,9.8625,9.94444444444444,998,9.93787575150301
77,921,9.88311688311688,9.9413680781759,998,9.93687374749499
78,920,9.88461538461539,9.94239130434783,998,9.93787575150301
76,923,9.96052631578947,9.94149512459372,999,9.94294294294294
74,924,9.95945945945946,9.94155844155844,998,9.94288577154309
81,918,9.95061728395062,9.94335511982571,999,9.94394394394394
75,924,9.94666666666667,9.94480519480519,999,9.94494494494494
78,921,9.93589743589744,9.95331161780673,999,9.95195195195195
81,918,9.93827160493827,9.94880174291939,999,9.94794794794795
81,916,9.93827160493827,9.95524017467249,997,9.95386158475426
84,915,9.94047619047619,9.95300546448087,999,9.95195195195195
82,916,9.9390243902439,9.95196506550218,998,9.95090180360721
88,909,9.92045454545454,9.95049504950495,997,9.94784353059178
88,911,9.92045454545454,9.94950603732162,999,9.94694694694695
92,905,9.91304347826087,9.94917127071823,997,9.94583751253761
92,907,9.90217391304348,9.95259095920617,999,9.94794794794795
94,904,9.92553191489362,9.95464601769912,998,9.95190380761523
92,907,9.91304347826087,9.95369349503859,999,9.94994994994995
94,905,9.9468085106383,9.95469613259669,999,9.95395395395395
87,912,9.95402298850575,9.95065789473684,999,9.95095095095095
86,910,9.93023255813953,9.94945054945055,996,9.94779116465863
82,915,9.95121951219512,9.94972677595628,997,9.94984954864594
81,918,9.92592592592593,9.95315904139434,999,9.95095095095095
81,918,9.92592592592593,9.94662309368192,999,9.94494494494494
77,921,9.97402597402597,9.94788273615635,998,9.9498997995992
71,927,10.0,9.95361380798274,998,9.95691382765531
68,931,10.0,9.95166487647691,999,9.95495495495495
71,928,10.0,9.95150862068965,999,9.95495495495495
68,931,10.0,9.9484425349087,999,9.95195195195195
66,933,10.0,9.95391211146838,999,9.95695695695696
58,941,10.0,9.95005313496281,999,9.95295295295295
62,935,10.0,9.95187165775401,997,9.95486459378134
55,944,10.0,9.95127118644068,999,9.95395395395395
58,940,10.0,9.95106382978723,998,9.95390781563126
58,941,10.0,9.95111583421892,999,9.95395395395395
61,938,10.0,9.9498933901919,999,9.95295295295295
61,936,10.0,9.9508547008547,997,9.95386158475426
59,940,10.0,9.95,999,9.95295295295295
61,938,10.0,9.94776119402985,999,9.95095095095095
62,937,10.0,9.94663820704376,999,9.94994994994995
64,935,10.0,9.95401069518716,999,9.95695695695696
63,936,10.0,9.9551282051282,999,9.95795795795796
64,933,10.0,9.95391211146838,997,9.95687061183551
60,939,10.0,9.95633652822151,999,9.95895895895896
62,937,10.0,9.95517609391676,999,9.95795795795796
60,938,10.0,9.95522388059701,998,9.95791583166333
70,926,10.0,9.95464362850972,996,9.95783132530121
66,931,10.0,9.95273899033297,997,9.95586760280842
72,927,10.0,9.95253505933118,999,9.95595595595596
69,928,10.0,9.95474137931035,997,9.95787362086259
72,926,10.0,9.95788336933045,998,9.96092184368737
67,931,10.0,9.95703544575725,998,9.95991983967936
66,931,10.0,9.95703544575725,997,9.95987963891675
66,933,10.0,9.95927116827438,999,9.96196196196196
71,927,10.0,9.96008629989213,998,9.96292585170341
67,932,10.0,9.95815450643777,999,9.96096096096096
71,928,10.0,9.96012931034483,999,9.96296296296296
67,929,10.0,9.95909580193757,996,9.96184738955823
72,927,10.0,9.96008629989213,999,9.96296296296296
69,927,10.0,9.957928802589,996,9.96084337349398
74,924,10.0,9.95887445887446,998,9.96192384769539
74,924,10.0,9.96103896103896,998,9.96392785571142
74,925,10.0,9.96,999,9.96296296296296
76,922,10.0,9.96203904555315,998,9.96492985971944
76,923,10.0,9.96099674972914,999,9.96396396396396
73,926,10.0,9.96436285097192,999,9.96696696696697
81,916,10.0,9.96506550218341,997,9.9679037111334
78,921,10.0,9.96742671009772,999,9.96996996996997
82,917,10.0,9.96619411123228,999,9.96896896896897
78,921,10.0,9.96634093376764,999,9.96896896896897
84,914,10.0,9.96936542669584,998,9.97194388777555
78,920,10.0,9.96739130434783,998,9.96993987975952
81,918,10.0,9.96840958605664,999,9.97097097097097
79,920,10.0,9.96739130434783,999,9.96996996996997
84,914,10.0,9.97045951859956,998,9.97294589178357
81,918,10.0,9.97058823529412,999,9.97297297297297
86,913,10.0,9.973713033954,999,9.97597597597598
79,919,10.0,9.97606093579978,998,9.97795591182365
80,918,10.0,9.97276688453159,998,9.9749498997996
77,921,10.0,9.9728555917481,998,9.9749498997996
71,927,10.0,9.97195253505933,998,9.97394789579158
70,928,10.0,9.97306034482759,998,9.9749498997996
72,926,10.0,9.97300215982721,998,9.9749498997996
68,930,10.0,9.97204301075269,998,9.97394789579158
66,933,10.0,9.97213290460879,999,9.97397397397397
67,932,10.0,9.97532188841202,999,9.97697697697698
69,929,10.0,9.97308934337998,998,9.9749498997996
66,933,10.0,9.97106109324759,999,9.97297297297297
68,931,10.0,9.97099892588614,999,9.97297297297297
67,931,10.0,9.96992481203008,998,9.97194388777555
67,931,10.0,9.97314715359828,998,9.9749498997996
69,929,10.0,9.97308934337998,998,9.9749498997996
71,925,10.0,9.97297297297297,996,9.97489959839357
73,925,10.0,9.97621621621622,998,9.97795591182365
72,925,10.0,9.97837837837838,997,9.97993981945837
76,923,10.0,9.9783315276273,999,9.97997997997998
79,920,10.0,9.97826086956522,999,9.97997997997998
82,915,10.0,9.97814207650273,997,9.97993981945837
83,916,10.0,9.98034934497817,999,9.98198198198198
82,916,10.0,9.9792576419214,998,9.9809619238477
78,920,10.0,9.97934782608696,998,9.9809619238477
82,917,10.0,9.97818974918212,999,9.97997997997998
85,914,10.0,9.97483588621444,999,9.97697697697698
80,919,10.0,9.97606093579978,999,9.97797797797798
75,924,10.0,9.97835497835498,999,9.97997997997998
78,921,10.0,9.97937024972856,999,9.98098098098098
72,924,10.0,9.97835497835498,996,9.97991967871486
73,926,10.0,9.97948164146868,999,9.98098098098098
69,930,10.0,9.98064516129032,999,9.98198198198198
71,928,10.0,9.98168103448276,999,9.98298298298298
72,927,10.0,9.98274002157497,999,9.98398398398398
75,924,10.0,9.98268398268398,999,9.98398398398398
77,922,10.0,9.98373101952278,999,9.98498498498498
80,919,10.0,9.98476605005441,999,9.98598598598599
82,917,10.0,9.98582333696837,999,9.98698698698699
77,922,10.0,9.98698481561822,999,9.98798798798799
76,922,10.0,9.98698481561822,998,9.98797595190381
80,918,10.0,9.9880174291939,998,9.98897795591182
82,917,10.0,9.98909487459106,999,9.98998998998999
86,910,10.0,9.98901098901099,996,9.98995983935743
84,914,10.0,9.98796498905908,998,9.98897795591182
85,914,10.0,9.9890590809628,999,9.98998998998999
89,910,10.0,9.98791208791209,999,9.98898898898899
92,906,10.0,9.98565121412804,998,9.98697394789579
93,906,10.0,9.98675496688742,999,9.98798798798799
92,906,10.0,9.98344370860927,998,9.98496993987976
92,907,10.0,9.98566703417861,999,9.98698698698699
90,908,10.0,9.98348017621145,998,9.98496993987976
91,907,10.0,9.98346196251378,998,9.98496993987976
95,903,10.0,9.9811738648948,998,9.98296593186373
98,901,10.0,9.9811320754717,999,9.98298298298298
99,900,10.0,9.98333333333333,999,9.98498498498498
99,900,10.0,9.98111111111111,999,9.98298298298298
97,902,10.0,9.98337028824834,999,9.98498498498498
96,903,10.0,9.9811738648948,999,9.98298298298298
95,904,10.0,9.98340707964602,999,9.98498498498498
100,897,10.0,9.98439241917503,997,9.98595787362086
102,896,10.0,9.98772321428571,998,9.98897795591182
102,897,10.0,9.98662207357859,999,9.98798798798799
101,898,10.0,9.98775055679287,999,9.98898898898899
98,900,10.0,9.98777777777778,998,9.98897795591182
99,898,10.0,9.98775055679287,997,9.98896690070211
103,895,10.0,9.9877094972067,998,9.98897795591182
104,895,10.0,9.98882681564246,999,9.98998998998999
110,888,10.0,9.99324324324324,998,9.9939879759519
107,891,10.0,9.99326599326599,998,9.9939879759519
111,887,10.0,9.99323562570462,998,9.9939879759519
106,892,10.0,9.9932735426009,998,9.9939879759519
108,891,10.0,9.99326599326599,999,9.99399399399399
108,890,10.0,9.99438202247191,998,9.99498997995992
110,888,10.0,9.99436936936937,998,9.99498997995992
104,894,10.0,9.99440715883669,998,9.99498997995992
110,889,10.0,9.99437570303712,999,9.99499499499499
102,897,10.0,9.99442586399108,999,9.99499499499499
98,901,10.0,9.99445061043285,999,9.99499499499499
89,907,10.0,9.99338478500551,996,9.99397590361446
90,907,10.0,9.99448732083793,997,9.99498495486459
82,915,10.0,9.99344262295082,997,9.99398194583751
83,916,10.0,9.99344978165939,999,9.99399399399399
84,915,10.0,9.99453551912568,999,9.99499499499499
87,911,10.0,9.99560922063666,998,9.99599198396794
81,918,10.0,9.99673202614379,999,9.996996996997
77,922,10.0,9.99674620390456,999,9.996996996997
80,918,10.0,9.99673202614379,998,9.99699398797595
82,917,10.0,9.99672846237732,999,9.996996996997
80,919,10.0,9.99673558215452,999,9.996996996997
71,928,10.0,9.99784482758621,999,9.997997997998
75,923,10.0,9.9967497291441,998,9.99699398797595
71,926,10.0,9.99784017278618,997,9.99799398194584
77,921,10.0,9.99782844733985,998,9.99799599198397
77,922,10.0,9.99783080260304,999,9.997997997998
82,917,10.0,9.99781897491821,999,9.997997997998
82,916,10.0,9.99781659388646,998,9.99799599198397
81,917,10.0,9.99781897491821,998,9.99799599198397
80,919,10.0,9.99782372143634,999,9.997997997998
86,913,10.0,9.99780941949617,999,9.997997997998
85,914,10.0,9.99781181619256,999,9.997997997998
85,914,10.0,9.99781181619256,999,9.997997997998
83,916,10.0,9.99672489082969,999,9.996996996997
85,913,10.0,9.99671412924425,998,9.99699398797595
84,914,10.0,9.99671772428884,998,9.99699398797595
87,912,10.0,9.99561403508772,999,9.995995995996
87,910,10.0,9.9956043956044,997,9.99598796389168
88,911,10.0,9.99451152579583,999,9.99499499499499
87,911,10.0,9.99451152579583,998,9.99498997995992
80,919,10.0,9.99347116430903,999,9.99399399399399
83,916,10.0,9.99563318777293,999,9.995995995996
81,918,10.0,9.99673202614379,999,9.996996996997
77,922,10.0,9.99566160520607,999,9.995995995996
73,926,10.0,9.99568034557235,999,9.995995995996
77,922,10.0,9.99566160520607,999,9.995995995996
74,924,10.0,9.99458874458874,998,9.99498997995992
82,915,10.0,9.99453551912568,997,9.99498495486459
78,917,10.0,9.99345692475463,995,9.99396984924623
81,918,10.0,9.99346405228758,999,9.99399399399399
80,919,10.0,9.99673558215452,999,9.996996996997
81,917,10.0,9.99672846237732,998,9.99699398797595
84,914,10.0,9.99781181619256,998,9.99799599198397
83,916,10.0,9.99672489082969,999,9.996996996997
82,917,10.0,9.99781897491821,999,9.997997997998
80,918,10.0,9.99782135076253,998,9.99799599198397
81,917,10.0,9.99781897491821,998,9.99799599198397
81,918,10.0,9.99782135076253,999,9.997997997998
88,910,10.0,9.9978021978022,998,9.99799599198397
90,904,10.0,9.99889380530973,994,9.9989939637827
94,905,10.0,9.99889502762431,999,9.998998998999
87,912,10.0,9.99890350877193,999,9.998998998999
86,913,10.0,9.99890470974808,999,9.998998998999
86,910,10.0,9.9989010989011,996,9.99899598393574
89,910,10.0,9.9989010989011,999,9.998998998999
94,902,10.0,9.99889135254989,996,9.99899598393574
93,904,10.0,9.99889380530973,997,9.99899699097292
93,906,10.0,10.0,999,10.0
91,908,10.0,10.0,999,10.0
94,905,10.0,10.0,999,10.0
93,906,10.0,10.0,999,10.0
90,908,10.0,10.0,998,10.0
92,905,10.0,10.0,997,10.0
93,905,10.0,10.0,998,10.0
96,902,10.0,10.0,998,10.0
92,907,10.0,10.0,999,10.0
88,911,10.0,10.0,999,10.0
90,906,10.0,10.0,996,10.0
83,915,10.0,10.0,998,10.0
85,912,10.0,10.0,997,10.0
86,912,10.0,10.0,998,10.0
78,920,10.0,10.0,998,10.0
78,920,10.0,10.0,998,10.0
80,919,10.0,10.0,999,10.0
79,920,10.0,10.0,999,10.0
81,917,10.0,10.0,998,10.0
77,921,10.0,10.0,998,10.0
77,922,10.0,10.0,999,10.0
74,923,10.0,10.0,997,10.0
75,923,10.0,10.0,998,10.0
79,919,10.0,10.0,998,10.0
79,920,10.0,10.0,999,10.0
81,918,10.0,10.0,999,10.0
82,917,10.0,10.0,999,10.0
82,916,10.0,10.0,998,10.0
82,917,10.0,10.0,999,10.0
82,917,10.0,10.0,999,10.0
86,913,10.0,10.0,999,10.0
85,912,10.0,10.0,997,10.0
85,914,10.0,10.0,999,10.0
83,915,10.0,10.0,998,10.0
83,915,10.0,10.0,998,10.0
83,915,10.0,10.0,998,10.0
81,918,10.0,10.0,999,10.0
84,912,10.0,10.0,996,10.0
89,909,10.0,10.0,998,10.0
87,911,10.0,10.0,998,10.0
89,910,10.0,10.0,999,10.0
95,904,10.0,10.0,999,10.0
97,902,10.0,10.0,999,10.0
98,901,10.0,10.0,999,10.0
103,895,10.0,10.0,998,10.0
103,893,10.0,10.0,996,10.0
104,894,10.0,10.0,998,10.0
105,894,10.0,10.0,999,10.0
106,893,10.0,10.0,999,10.0
106,891,10.0,10.0,997,10.0
108,890,10.0,10.0,998,10.0
102,894,10.0,10.0,996,10.0
101,896,10.0,10.0,997,10.0
102,896,10.0,10.0,998,10.0
97,899,10.0,10.0,996,10.0
95,903,10.0,10.0,998,10.0
91,907,10.0,10.0,998,10.0
95,903,10.0,10.0,998,10.0
91,907,10.0,10.0,998,10.0
94,905,10.0,10.0,999,10.0
96,901,10.0,10.0,997,10.0
96,903,10.0,10.0,999,10.0
96,901,10.0,10.0,997,10.0
102,897,10.0,10.0,999,10.0
103,896,10.0,10.0,999,10.0
106,893,10.0,10.0,999,10.0
108,891,10.0,10.0,999,10.0
