forward_num,reverse_num,forward_rate,reverse_rate,organism_num,organism_rate
5,5,5.0,5.0,10,5.0
5,5,5.0,5.0,10,5.0
5,5,5.0,5.0,10,5.0
6,5,5.33333333333333,5.0,11,5.18181818181818
7,7,5.42857142857143,5.42857142857143,14,5.42857142857143
8,8,5.375,5.375,16,5.375
11,9,5.54545454545455,5.22222222222222,20,5.4
14,12,5.42857142857143,5.58333333333333,26,5.5
14,14,5.42857142857143,5.42857142857143,28,5.42857142857143
20,16,5.7,5.375,36,5.55555555555556
20,20,5.7,5.7,40,5.7
25,26,5.56,5.61538461538461,51,5.58823529411765
32,26,5.875,5.61538461538461,58,5.75862068965517
36,38,5.77777777777778,5.84210526315789,74,5.81081081081081
46,39,5.69565217391304,5.84615384615385,85,5.76470588235294
60,48,6.0,5.75,108,5.88888888888889
64,64,5.875,6.0625,128,5.96875
88,69,5.81818181818182,5.92753623188406,157,5.86624203821656
116,92,6.10344827586207,5.8695652173913,208,6.0
116,124,6.10344827586207,6.16129032258065,240,6.13333333333333
116,124,6.10344827586207,6.16129032258065,240,6.13333333333333
232,124,6.10344827586207,6.16129032258065,356,6.12359550561798
232,248,6.10344827586207,6.16129032258065,480,6.13333333333333
232,248,6.10344827586207,6.16129032258065,480,6.13333333333333
408,248,6.33333333333333,6.16129032258065,656,6.26829268292683
440,429,6.23636363636364,6.39160839160839,869,6.31300345224396
456,472,6.15789473684211,6.28813559322034,928,6.22413793103448
557,442,6.31956912028725,6.27149321266968,999,6.2982982982983
542,457,6.28782287822878,6.33479212253829,999,6.30930930930931
536,463,6.21641791044776,6.32829373650108,999,6.26826826826827
553,445,6.3254972875226,6.30112359550562,998,6.31462925851703
558,440,6.30286738351254,6.35909090909091,998,6.32765531062124
522,477,6.28544061302682,6.37735849056604,999,6.32932932932933
546,452,6.28571428571429,6.35619469026549,998,6.31763527054108
555,443,6.29189189189189,6.37697516930023,998,6.32965931863727
540,457,6.29814814814815,6.38949671772429,997,6.34002006018054
559,438,6.3309481216458,6.35159817351598,997,6.34002006018054
568,431,6.32394366197183,6.36426914153132,999,6.34134134134134
558,439,6.31003584229391,6.40091116173121,997,6.35005015045135
556,443,6.35611510791367,6.37697516930023,999,6.36536536536537
552,447,6.3804347826087,6.43176733780761,999,6.4034034034034
533,465,6.33958724202627,6.43440860215054,998,6.38376753507014
547,452,6.36380255941499,6.42477876106195,999,6.39139139139139
536,463,6.39925373134328,6.414686825054,999,6.40640640640641
526,473,6.38593155893536,6.43763213530655,999,6.41041041041041
546,452,6.41758241758242,6.42477876106195,998,6.42084168336673
545,454,6.40183486238532,6.40088105726872,999,6.4014014014014
535,463,6.38691588785047,6.44924406047516,998,6.41583166332665
540,458,6.41851851851852,6.45414847161572,998,6.43486973947896
550,447,6.41454545454545,6.46979865771812,997,6.43931795386158
539,460,6.41558441558442,6.47391304347826,999,6.44244244244244
549,448,6.42987249544627,6.47544642857143,997,6.45035105315948
556,442,6.44064748201439,6.5,998,6.46693386773547
558,440,6.42652329749104,6.525,998,6.46993987975952
565,434,6.44955752212389,6.50921658986175,999,6.47547547547548
564,434,6.46099290780142,6.49539170506912,998,6.47595190380762
567,432,6.46560846560847,6.49074074074074,999,6.47647647647648
570,429,6.45964912280702,6.51048951048951,999,6.48148148148148
567,430,6.46384479717813,6.51860465116279,997,6.48746238716148
560,439,6.47142857142857,6.53075170842825,999,6.4974974974975
559,440,6.47584973166369,6.54545454545455,999,6.50650650650651
572,426,6.47202797202797,6.52816901408451,998,6.49599198396794
581,418,6.44061962134251,6.5311004784689,999,6.47847847847848
572,426,6.45979020979021,6.53755868544601,998,6.49298597194389
576,423,6.48090277777778,6.53427895981087,999,6.5035035035035
580,418,6.48448275862069,6.53349282296651,998,6.50501002004008
577,422,6.48006932409012,6.55450236966825,999,6.51151151151151
576,423,6.45659722222222,6.56737588652482,999,6.5035035035035
576,420,6.47916666666667,6.54761904761905,996,6.50803212851406
567,432,6.48500881834215,6.57638888888889,999,6.52452452452452
566,432,6.47879858657244,6.56481481481481,998,6.51603206412826
557,442,6.46858168761221,6.56787330316742,999,6.51251251251251
546,453,6.43589743589744,6.57836644591611,999,6.5005005005005
543,455,6.44014732965009,6.59120879120879,998,6.50901803607214
545,453,6.40917431192661,6.61147902869757,998,6.50100200400802
534,465,6.41011235955056,6.60860215053763,999,6.5025025025025
534,464,6.43258426966292,6.61206896551724,998,6.51603206412826
548,450,6.42153284671533,6.61111111111111,998,6.50701402805611
537,461,6.39106145251397,6.61605206073753,998,6.49498997995992
536,462,6.40485074626866,6.62554112554113,998,6.50701402805611
538,461,6.43494423791822,6.60737527114967,999,6.51451451451451
534,464,6.44943820224719,6.62284482758621,998,6.53006012024048
540,457,6.43148148148148,6.66520787746171,997,6.53861584754263
543,456,6.41988950276243,6.66885964912281,999,6.53353353353353
535,464,6.42803738317757,6.67672413793103,999,6.54354354354354
527,471,6.42884250474383,6.67728237791932,998,6.54609218436874
534,464,6.42322097378277,6.69181034482759,998,6.54809619238477
532,465,6.43233082706767,6.6989247311828,997,6.55667001003009
527,471,6.42125237191651,6.68365180467091,998,6.54509018036072
531,467,6.44632768361582,6.68522483940043,998,6.55811623246493
529,469,6.43478260869565,6.70362473347548,998,6.56112224448898
527,472,6.46489563567362,6.69491525423729,999,6.57357357357357
537,462,6.49720670391061,6.67099567099567,999,6.57757757757758
535,463,6.47663551401869,6.67818574514039,998,6.57014028056112
528,470,6.47348484848485,6.71489361702128,998,6.58717434869739
523,474,6.49330783938815,6.70675105485232,997,6.59478435305918
522,476,6.5,6.68067226890756,998,6.58617234468938
516,482,6.48062015503876,6.68879668049793,998,6.5811623246493
521,478,6.4721689059501,6.69456066945607,999,6.57857857857858
524,474,6.46946564885496,6.68987341772152,998,6.57414829659319
516,483,6.48062015503876,6.68530020703934,999,6.57957957957958
504,495,6.49206349206349,6.67878787878788,999,6.58458458458458
506,490,6.52173913043478,6.69795918367347,996,6.60843373493976
512,485,6.517578125,6.71134020618557,997,6.61183550651956
508,490,6.54133858267717,6.70408163265306,998,6.62124248496994
521,478,6.57773512476008,6.71129707112971,999,6.64164164164164
522,476,6.57088122605364,6.72268907563025,998,6.64328657314629
526,472,6.56273764258555,6.70974576271186,998,6.63226452905812
530,468,6.59056603773585,6.70512820512821,998,6.64428857715431
528,470,6.59090909090909,6.72765957446808,998,6.65531062124249
526,473,6.58745247148289,6.723044397463,999,6.65165165165165
526,473,6.61977186311787,6.723044397463,999,6.66866866866867
525,474,6.62095238095238,6.72784810126582,999,6.67167167167167
530,469,6.62452830188679,6.71855010660981,999,6.66866866866867
522,477,6.6360153256705,6.74423480083857,999,6.68768768768769
525,473,6.65714285714286,6.74630021141649,998,6.69939879759519
535,464,6.65046728971963,6.75862068965517,999,6.7007007007007
526,473,6.66539923954373,6.74841437632135,999,6.7047047047047
529,469,6.67485822306238,6.73773987206823,998,6.70440881763527
527,469,6.6527514231499,6.75692963752665,996,6.70180722891566
522,474,6.65134099616858,6.75738396624473,996,6.70180722891566
528,471,6.64772727272727,6.75583864118896,999,6.6986986986987
530,467,6.65471698113208,6.7558886509636,997,6.70210631895687
536,463,6.65485074626866,6.75809935205184,999,6.7027027027027
533,464,6.67729831144465,6.75215517241379,997,6.71213640922768
535,461,6.6803738317757,6.75054229934924,996,6.71285140562249
544,454,6.67279411764706,6.7511013215859,998,6.70841683366733
539,460,6.69016697588126,6.75434782608696,999,6.71971971971972
554,442,6.70397111913357,6.75565610859729,996,6.72690763052209
551,447,6.70780399274047,6.75167785234899,998,6.72745490981964
555,444,6.71531531531532,6.74324324324324,999,6.72772772772773
553,445,6.69620253164557,6.74606741573034,998,6.7184368737475
552,447,6.69021739130435,6.76062639821029,999,6.72172172172172
544,454,6.70404411764706,6.78193832599119,998,6.73947895791583
545,454,6.70825688073394,6.76651982378855,999,6.73473473473473
538,461,6.70817843866171,6.76789587852495,999,6.73573573573574
537,461,6.7243947858473,6.78308026030369,998,6.75150300601202
532,467,6.7312030075188,6.78372591006424,999,6.75575575575576
531,468,6.71374764595104,6.78205128205128,999,6.74574574574575
527,472,6.70967741935484,6.77966101694915,999,6.74274274274274
530,469,6.71698113207547,6.77611940298507,999,6.74474474474474
519,480,6.71483622350674,6.77708333333333,999,6.74474474474474
523,475,6.7074569789675,6.77263157894737,998,6.73847695390782
524,474,6.71564885496183,6.76160337552743,998,6.7374749498998
523,475,6.7131931166348,6.7578947368421,998,6.73446893787575
515,484,6.70679611650485,6.7396694214876,999,6.72272272272272
526,472,6.70912547528517,6.73728813559322,998,6.72244488977956
518,480,6.69111969111969,6.74375,998,6.71643286573146
522,476,6.68773946360153,6.74159663865546,998,6.71342685370742
529,470,6.69943289224953,6.74468085106383,999,6.72072072072072
513,485,6.71345029239766,6.7360824742268,998,6.72444889779559
521,477,6.71401151631478,6.72536687631027,998,6.71943887775551
520,478,6.69230769230769,6.73849372384937,998,6.71442885771543
506,491,6.70355731225296,6.75560081466395,997,6.72918756268806
510,488,6.71960784313726,6.76844262295082,998,6.7434869739479
519,479,6.73410404624277,6.75991649269311,998,6.74649298597194
498,501,6.75100401606426,6.75249500998004,999,6.75175175175175
501,497,6.74850299401198,6.77062374245473,998,6.75951903807615
511,487,6.74755381604697,6.78439425051335,998,6.76553106212425
503,496,6.74751491053678,6.79233870967742,999,6.76976976976977
507,490,6.7534516765286,6.79795918367347,997,6.7753259779338
511,488,6.76320939334638,6.78893442622951,999,6.77577577577578
497,501,6.75050301810865,6.79840319361277,998,6.77454909819639
514,485,6.76070038910506,6.80412371134021,999,6.78178178178178
523,474,6.76481835564054,6.80379746835443,997,6.78335005015045
523,475,6.74569789674952,6.81052631578947,998,6.77655310621242
527,467,6.75142314990512,6.80728051391863,994,6.77766599597586
533,465,6.75234521575985,6.79569892473118,998,6.77254509018036
527,472,6.75711574952562,6.77966101694915,999,6.76776776776777
534,465,6.74906367041199,6.79139784946237,999,6.76876876876877
546,450,6.75091575091575,6.81555555555556,996,6.78012048192771
536,463,6.76305970149254,6.82937365010799,999,6.79379379379379
533,466,6.76923076923077,6.83047210300429,999,6.7977977977978
537,461,6.76722532588454,6.82429501084599,998,6.7935871743487
541,458,6.76894639556377,6.82751091703057,999,6.7957957957958
540,459,6.78888888888889,6.82135076252723,999,6.8038038038038
541,458,6.78743068391867,6.81441048034934,999,6.7997997997998
537,461,6.78212290502793,6.82646420824295,998,6.80260521042084
545,454,6.78899082568807,6.81718061674009,999,6.8018018018018
548,451,6.78467153284672,6.82039911308204,999,6.8008008008008
540,459,6.77777777777778,6.81263616557734,999,6.79379379379379
549,449,6.77777777777778,6.83073496659243,998,6.80160320641283
550,449,6.78,6.82182628062361,999,6.7987987987988
555,444,6.77297297297297,6.82207207207207,999,6.79479479479479
543,452,6.77348066298343,6.82522123893805,995,6.79698492462312
546,453,6.78205128205128,6.8233995584989,999,6.8008008008008
551,448,6.79128856624319,6.80803571428571,999,6.7987987987988
551,447,6.78039927404719,6.8255033557047,998,6.80060120240481
551,448,6.78402903811252,6.83928571428571,999,6.80880880880881
548,449,6.78649635036496,6.83518930957684,997,6.80842527582748
544,455,6.77757352941176,6.82197802197802,999,6.7977977977978
543,455,6.77716390423573,6.83076923076923,998,6.80160320641283
539,459,6.78664192949907,6.84095860566449,998,6.81162324649299
541,457,6.79112754158965,6.84026258205689,998,6.81362725450902
545,453,6.79266055045872,6.83664459161148,998,6.812625250501
536,461,6.78731343283582,6.83731019522777,997,6.81043129388164
547,452,6.79159049360146,6.83849557522124,999,6.81281281281281
557,441,6.79533213644524,6.82993197278912,998,6.81062124248497
562,436,6.79537366548043,6.84633027522936,998,6.81763527054108
565,434,6.79823008849558,6.84562211981567,999,6.81881881881882
574,424,6.78745644599303,6.84669811320755,998,6.812625250501
573,424,6.79581151832461,6.85849056603774,997,6.82246740220662
574,421,6.79094076655052,6.86223277909739,995,6.82110552763819
577,421,6.78856152512998,6.85985748218527,998,6.8186372745491
572,427,6.78671328671329,6.85948477751756,999,6.81781781781782
590,409,6.79322033898305,6.86308068459658,999,6.82182182182182
590,408,6.8,6.86519607843137,998,6.82665330661323
588,411,6.79591836734694,6.85888077858881,999,6.82182182182182
583,415,6.80789022298456,6.85060240963855,998,6.82565130260521
590,409,6.80677966101695,6.85819070904645,999,6.82782782782783
595,400,6.80168067226891,6.86,995,6.8251256281407
605,391,6.78347107438017,6.846547314578,996,6.80823293172691
596,403,6.79362416107383,6.85111662531017,999,6.81681681681682
599,399,6.78130217028381,6.8546365914787,998,6.81062124248497
608,388,6.78289473684211,6.85051546391753,996,6.80923694779116
599,400,6.78964941569282,6.86,999,6.81781781781782
595,403,6.78823529411765,6.86600496277916,998,6.81963927855711
596,403,6.79026845637584,6.87593052109181,999,6.82482482482482
586,413,6.79863481228669,6.87893462469734,999,6.83183183183183
587,412,6.80068143100511,6.87378640776699,999,6.83083083083083
592,407,6.79391891891892,6.88206388206388,999,6.82982982982983
583,415,6.78902229845626,6.88192771084337,998,6.82765531062124
590,408,6.79322033898305,6.87990196078431,998,6.82865731462926
585,414,6.79145299145299,6.8743961352657,999,6.82582582582583
589,410,6.78098471986418,6.88780487804878,999,6.82482482482482
588,411,6.77721088435374,6.88807785888078,999,6.82282282282282
583,414,6.78902229845626,6.88647342995169,997,6.82948846539619
589,409,6.7741935483871,6.880195599022,998,6.81763527054108
593,406,6.77234401349073,6.88423645320197,999,6.81781781781782
593,406,6.79258010118044,6.89162561576355,999,6.83283283283283
595,403,6.79495798319328,6.8833746898263,998,6.83066132264529
604,395,6.78973509933775,6.87594936708861,999,6.82382382382382
591,408,6.79695431472081,6.87990196078431,999,6.83083083083083
592,407,6.81418918918919,6.88206388206388,999,6.84184184184184
602,397,6.81063122923588,6.88413098236776,999,6.83983983983984
602,396,6.79900332225914,6.87878787878788,998,6.83066132264529
609,390,6.80623973727422,6.86153846153846,999,6.82782782782783
614,385,6.80130293159609,6.86493506493507,999,6.82582582582583
607,392,6.80395387149918,6.85714285714286,999,6.82482482482482
608,390,6.81414473684211,6.84871794871795,998,6.82765531062124
614,385,6.80618892508143,6.83896103896104,999,6.81881881881882
605,394,6.80330578512397,6.84010152284264,999,6.81781781781782
612,385,6.79084967320261,6.83376623376623,997,6.8074222668004
613,386,6.79119086460033,6.84455958549223,999,6.81181181181181
608,390,6.77960526315789,6.85128205128205,998,6.80761523046092
608,387,6.77631578947368,6.84496124031008,995,6.80301507537688
616,383,6.78733766233766,6.84334203655352,999,6.80880880880881
608,391,6.79440789473684,6.8542199488491,999,6.81781781781782
601,396,6.79534109816972,6.84848484848485,997,6.81644934804413
599,400,6.79131886477462,6.845,999,6.81281281281281
590,409,6.80338983050847,6.84352078239609,999,6.81981981981982
595,404,6.79663865546218,6.83663366336634,999,6.81281281281281
596,403,6.79194630872483,6.84615384615385,999,6.81381381381381
599,400,6.80467445742905,6.86,999,6.82682682682683
598,401,6.80936454849498,6.84788029925187,999,6.82482482482482
603,396,6.80265339966833,6.8459595959596,999,6.81981981981982
600,398,6.80333333333333,6.84924623115578,998,6.82164328657315
606,390,6.8003300330033,6.84102564102564,996,6.81626506024096
614,384,6.79641693811075,6.84114583333333,998,6.81362725450902
613,385,6.7862969004894,6.84935064935065,998,6.81062124248497
618,381,6.78964401294498,6.85564304461942,999,6.81481481481481
614,385,6.78501628664495,6.84415584415584,999,6.80780780780781
609,389,6.78489326765189,6.8560411311054,998,6.812625250501
619,380,6.78836833602585,6.85263157894737,999,6.81281281281281
628,371,6.78662420382166,6.85983827493261,999,6.81381381381381
624,374,6.78685897435897,6.8475935828877,998,6.80961923847695
640,357,6.7859375,6.87114845938375,997,6.81644934804413
640,358,6.7859375,6.87709497206704,998,6.8186372745491
643,356,6.78227060653188,6.87078651685393,999,6.81381381381381
652,346,6.79294478527607,6.86994219653179,998,6.81963927855711
652,346,6.79447852760736,6.88728323699422,998,6.82665330661323
653,346,6.78713629402757,6.89017341040462,999,6.82282282282282
646,353,6.80030959752322,6.87818696883853,999,6.82782782782783
649,350,6.79661016949153,6.88857142857143,999,6.82882882882883
652,347,6.80674846625767,6.89048991354467,999,6.83583583583584
644,355,6.80434782608696,6.89295774647887,999,6.83583583583584
638,361,6.81818181818182,6.89750692520776,999,6.84684684684685
642,356,6.81775700934579,6.89325842696629,998,6.84468937875751
636,363,6.80660377358491,6.89256198347107,999,6.83783783783784
636,363,6.80660377358491,6.89531680440771,999,6.83883883883884
635,362,6.81102362204724,6.89502762430939,997,6.84152457372116
630,369,6.7968253968254,6.89159891598916,999,6.83183183183183
638,361,6.80094043887147,6.89473684210526,999,6.83483483483483
646,353,6.80495356037152,6.87818696883853,999,6.83083083083083
642,356,6.8006230529595,6.87921348314607,998,6.82865731462926
647,352,6.79443585780526,6.88068181818182,999,6.82482482482482
650,348,6.80461538461538,6.8764367816092,998,6.82965931863727
650,349,6.81076923076923,6.88252148997135,999,6.83583583583584
656,342,6.80335365853659,6.88011695906433,998,6.82965931863727
665,334,6.80451127819549,6.88323353293413,999,6.83083083083083
666,332,6.80630630630631,6.89457831325301,998,6.83567134268537
663,336,6.80392156862745,6.89285714285714,999,6.83383383383383
667,331,6.81109445277361,6.89425981873112,998,6.83867735470942
671,327,6.81818181818182,6.89908256880734,998,6.84468937875751
672,326,6.81696428571429,6.90490797546012,998,6.84569138276553
673,326,6.82615156017831,6.90490797546012,999,6.85185185185185
665,333,6.82105263157895,6.9009009009009,998,6.84769539078156
669,328,6.82062780269058,6.89329268292683,997,6.84453360080241
670,329,6.81940298507463,6.90273556231003,999,6.84684684684685
666,332,6.82132132132132,6.89759036144578,998,6.84669338677355
668,331,6.8248502994012,6.90030211480363,999,6.84984984984985
667,332,6.81859070464768,6.9066265060241,999,6.84784784784785
674,325,6.82344213649852,6.89538461538462,999,6.84684684684685
665,333,6.82105263157895,6.87987987987988,998,6.84068136272545
667,332,6.81859070464768,6.88855421686747,999,6.84184184184184
679,320,6.81296023564065,6.884375,999,6.83583583583584
677,320,6.81388478581979,6.88125,997,6.83550651955868
675,324,6.81777777777778,6.88888888888889,999,6.84084084084084
687,310,6.81804949053857,6.89354838709677,997,6.84152457372116
671,325,6.82712369597616,6.89230769230769,996,6.84839357429719
670,328,6.83134328358209,6.90243902439024,998,6.85470941883768
679,319,6.81885125184094,6.9153605015674,998,6.8496993987976
681,318,6.81057268722467,6.92452830188679,999,6.84684684684685
674,324,6.81008902077151,6.92283950617284,998,6.84669338677355
678,320,6.81120943952802,6.928125,998,6.84869739478958
682,315,6.80205278592375,6.93015873015873,997,6.84252758274824
693,306,6.80808080808081,6.9281045751634,999,6.84484484484484
699,300,6.80543633762518,6.92,999,6.83983983983984
689,310,6.79535558780842,6.9258064516129,999,6.83583583583584
698,301,6.80085959885387,6.93355481727575,999,6.84084084084084
705,294,6.79716312056738,6.93197278911565,999,6.83683683683684
699,300,6.78969957081545,6.92333333333333,999,6.82982982982983
701,298,6.79600570613409,6.91946308724832,999,6.83283283283283
707,292,6.7977369165488,6.92123287671233,999,6.83383383383383
702,295,6.78347578347578,6.92542372881356,997,6.82547642928786
702,296,6.78205128205128,6.91216216216216,998,6.82064128256513
704,295,6.78551136363636,6.91525423728814,999,6.82382382382382
704,295,6.78835227272727,6.91186440677966,999,6.82482482482482
704,294,6.77130681818182,6.91496598639456,998,6.81362725450902
711,287,6.78199718706048,6.90940766550523,998,6.8186372745491
709,289,6.78843441466855,6.91695501730104,998,6.82565130260521
704,293,6.77556818181818,6.92150170648464,997,6.81845536609829
719,279,6.78998609179416,6.92114695340502,998,6.82665330661323
711,286,6.79324894514768,6.93356643356643,997,6.83350050150451
713,286,6.77840112201963,6.92657342657343,999,6.82082082082082
727,272,6.77854195323246,6.93382352941176,999,6.82082082082082
720,278,6.79166666666667,6.94604316546763,998,6.83466933867735
718,281,6.78690807799443,6.93950177935943,999,6.82982982982983
725,273,6.79034482758621,6.92673992673993,998,6.82765531062124
720,279,6.79861111111111,6.93548387096774,999,6.83683683683684
717,282,6.80055788005579,6.94326241134752,999,6.84084084084084
713,284,6.80084151472651,6.93661971830986,997,6.839518555667
719,279,6.79833101529903,6.93906810035842,998,6.8376753507014
709,289,6.81523272214386,6.94463667820069,998,6.85270541082164
702,297,6.80626780626781,6.94612794612795,999,6.84784784784785
704,295,6.80113636363636,6.94576271186441,999,6.84384384384384
700,299,6.80142857142857,6.93979933110368,999,6.84284284284284
697,300,6.80918220946915,6.93666666666667,997,6.84754262788365
704,293,6.79829545454545,6.93856655290102,997,6.839518555667
696,302,6.80316091954023,6.93377483443709,998,6.84268537074148
694,305,6.81412103746398,6.93114754098361,999,6.84984984984985
695,304,6.81294964028777,6.92434210526316,999,6.84684684684685
688,310,6.80813953488372,6.9258064516129,998,6.84468937875751
689,309,6.81567489114659,6.92233009708738,998,6.84869739478958
696,303,6.81896551724138,6.91089108910891,999,6.84684684684685
696,302,6.81896551724138,6.92384105960265,998,6.85070140280561
695,302,6.83021582733813,6.92384105960265,997,6.85857572718154
687,311,6.83842794759825,6.92604501607717,998,6.86573146292585
685,313,6.83211678832117,6.92651757188498,998,6.86172344689379
681,314,6.82672540381791,6.92356687898089,995,6.8572864321608
691,307,6.83357452966715,6.92833876221498,998,6.8627254509018
678,321,6.83628318584071,6.92523364485981,999,6.86486486486486
687,312,6.83842794759825,6.92628205128205,999,6.86586586586587
687,312,6.84570596797671,6.91666666666667,999,6.86786786786787
687,312,6.85443959243086,6.91666666666667,999,6.87387387387387
696,301,6.85057471264368,6.91029900332226,997,6.86860581745236
691,307,6.84949348769899,6.90228013029316,998,6.86573146292585
691,307,6.85672937771346,6.90228013029316,998,6.87074148296593
690,309,6.85652173913043,6.90938511326861,999,6.87287287287287
702,297,6.85185185185185,6.9023569023569,999,6.86686686686687
699,300,6.85836909871245,6.91333333333333,999,6.87487487487487
699,299,6.85979971387697,6.91304347826087,998,6.87575150300601
700,298,6.85571428571429,6.90604026845638,998,6.87074148296593
702,297,6.85754985754986,6.91245791245791,999,6.87387387387387
711,287,6.86357243319269,6.9198606271777,998,6.87975951903808
717,282,6.85913528591353,6.91843971631206,999,6.87587587587588
716,282,6.85335195530726,6.9113475177305,998,6.86973947895792
713,284,6.86115007012623,6.91549295774648,997,6.87662988966901
712,287,6.87078651685393,6.93031358885017,999,6.88788788788789
715,283,6.86573426573427,6.92932862190813,998,6.88376753507014
718,281,6.87325905292479,6.93238434163701,999,6.88988988988989
710,288,6.87464788732394,6.93055555555556,998,6.89078156312625
698,300,6.87392550143267,6.92666666666667,998,6.88977955911824
701,298,6.8716119828816,6.93288590604027,999,6.88988988988989
704,295,6.875,6.92542372881356,999,6.88988988988989
694,304,6.86887608069164,6.92434210526316,998,6.88577154308617
697,301,6.87087517934003,6.93355481727575,998,6.88977955911824
698,301,6.87965616045845,6.93355481727575,999,6.8958958958959
698,300,6.87535816618911,6.93666666666667,998,6.8937875751503
703,296,6.87197724039829,6.93581081081081,999,6.89089089089089
693,306,6.88023088023088,6.93790849673203,999,6.8978978978979
696,302,6.88218390804598,6.93708609271523,998,6.89879759519038
688,309,6.88517441860465,6.93527508090615,997,6.90070210631896
688,310,6.88372093023256,6.92903225806452,998,6.89779559118236
673,326,6.89598811292719,6.92638036809816,999,6.90590590590591
674,324,6.89317507418398,6.93518518518519,998,6.90681362725451
675,323,6.88888888888889,6.93498452012384,998,6.90380761523046
674,325,6.8946587537092,6.92923076923077,999,6.90590590590591
671,328,6.89269746646796,6.93292682926829,999,6.90590590590591
673,326,6.88112927191679,6.93558282208589,999,6.8988988988989
668,331,6.88023952095808,6.93051359516616,999,6.8968968968969
668,331,6.89670658682635,6.92447129909366,999,6.90590590590591
677,322,6.88478581979321,6.91925465838509,999,6.8958958958959
673,325,6.88558692421991,6.91692307692308,998,6.89579158316633
675,323,6.88296296296296,6.91640866873065,998,6.8937875751503
676,323,6.88313609467456,6.90712074303406,999,6.89089089089089
682,316,6.87683284457478,6.91139240506329,998,6.8877755511022
688,308,6.88517441860465,6.9025974025974,996,6.89056224899598
685,314,6.88905109489051,6.89171974522293,999,6.88988988988989
682,315,6.8841642228739,6.88888888888889,997,6.88565697091274
684,315,6.89327485380117,6.88571428571429,999,6.89089089089089
690,309,6.89420289855072,6.88673139158576,999,6.89189189189189
690,309,6.89565217391304,6.88025889967638,999,6.89089089089089
689,310,6.88824383164006,6.87741935483871,999,6.88488488488488
691,306,6.89146164978292,6.87908496732026,997,6.8876629889669
690,309,6.89710144927536,6.86731391585761,999,6.88788788788789
691,308,6.89580318379161,6.87337662337662,999,6.88888888888889
694,304,6.89913544668588,6.85197368421053,998,6.88476953907816
702,295,6.9031339031339,6.84406779661017,997,6.88565697091274
695,304,6.89784172661871,6.85197368421053,999,6.88388388388388
697,301,6.90100430416069,6.84385382059801,998,6.88376753507014
698,301,6.89541547277937,6.83720930232558,999,6.87787787787788
696,302,6.89511494252874,6.83112582781457,998,6.87575150300601
702,297,6.89458689458689,6.83164983164983,999,6.87587587587588
699,298,6.8898426323319,6.83892617449664,997,6.87462387161484
689,307,6.8911465892598,6.84364820846906,996,6.87650602409639
686,312,6.89941690962099,6.83653846153846,998,6.87975951903808
687,312,6.90975254730713,6.83653846153846,999,6.88688688688689
679,319,6.91016200294551,6.84012539184953,998,6.8877755511022
681,318,6.91042584434655,6.85534591194969,999,6.89289289289289
680,316,6.91764705882353,6.86708860759494,996,6.90160642570281
683,316,6.9194729136164,6.87658227848101,999,6.90590590590591
683,315,6.91654465592972,6.87301587301587,998,6.90280561122244
680,319,6.91617647058824,6.87460815047022,999,6.9029029029029
689,309,6.92597968069666,6.87378640776699,998,6.90981963927856
686,310,6.93148688046647,6.87096774193548,996,6.91265060240964
688,309,6.92732558139535,6.87378640776699,997,6.91073219658977
680,319,6.92941176470588,6.87460815047022,999,6.91191191191191
676,319,6.92603550295858,6.87147335423198,995,6.90854271356784
677,321,6.92171344165436,6.87538940809969,998,6.90681362725451
676,322,6.92307692307692,6.8695652173913,998,6.90581162324649
685,312,6.92116788321168,6.87820512820513,997,6.90772316950853
675,323,6.91555555555556,6.88544891640867,998,6.90581162324649
677,321,6.91580502215657,6.8785046728972,998,6.90380761523046
673,326,6.91679049034175,6.87730061349693,999,6.9039039039039
671,327,6.92101341281669,6.87767584097859,998,6.90681362725451
673,326,6.92124814264487,6.87730061349693,999,6.90690690690691
673,326,6.92124814264487,6.88650306748466,999,6.90990990990991
666,330,6.92042042042042,6.89090909090909,996,6.91064257028112
664,333,6.92319277108434,6.88288288288288,997,6.90972918756269
661,336,6.92738275340393,6.88095238095238,997,6.91173520561685
664,335,6.92319277108434,6.88059701492537,999,6.90890890890891
660,339,6.92575757575758,6.88495575221239,999,6.91191191191191
657,339,6.92998477929985,6.87905604719764,996,6.91265060240964
652,346,6.92944785276074,6.87861271676301,998,6.91182364729459
648,351,6.92901234567901,6.86609686609687,999,6.90690690690691
649,349,6.93220338983051,6.86532951289398,998,6.90881763527054
650,349,6.92923076923077,6.85959885386819,999,6.9049049049049
657,341,6.92846270928463,6.86510263929619,998,6.90681362725451
660,337,6.93636363636364,6.86943620178042,997,6.91374122367101
668,331,6.93712574850299,6.86404833836858,999,6.91291291291291
662,337,6.93655589123867,6.86646884272997,999,6.91291291291291
673,324,6.93759286775632,6.85493827160494,997,6.91073219658977
678,320,6.94247787610619,6.85625,998,6.91482965931864
673,325,6.95096582466568,6.87076923076923,998,6.9248496993988
689,309,6.95355587808418,6.8705501618123,998,6.92785571142285
685,314,6.95328467153285,6.88216560509554,999,6.93093093093093
690,308,6.95507246376812,6.88636363636364,998,6.93386773547094
696,303,6.95114942528736,6.88448844884488,999,6.93093093093093
693,306,6.95670995670996,6.88562091503268,999,6.93493493493493
690,309,6.95797101449275,6.88673139158576,999,6.93593593593594
693,305,6.95670995670996,6.89836065573771,998,6.93887775551102
693,305,6.95238095238095,6.89508196721312,998,6.93486973947896
700,298,6.95142857142857,6.89261744966443,998,6.93386773547094
703,296,6.95448079658606,6.88851351351351,999,6.93493493493493
707,292,6.95332390381895,6.89041095890411,999,6.93493493493493
706,291,6.95750708215297,6.87972508591065,997,6.93480441323972
714,282,6.96218487394958,6.8758865248227,996,6.93775100401606
722,277,6.96398891966759,6.88086642599278,999,6.94094094094094
725,274,6.96275862068966,6.89051094890511,999,6.94294294294294
726,271,6.96280991735537,6.8929889298893,997,6.94383149448345
729,270,6.96296296296296,6.89259259259259,999,6.94394394394394
726,273,6.96005509641873,6.88644688644689,999,6.93993993993994
733,266,6.95907230559345,6.88721804511278,999,6.93993993993994
731,268,6.96306429548564,6.8955223880597,999,6.94494494494494
719,279,6.96801112656467,6.89605734767025,998,6.94789579158317
724,274,6.96546961325967,6.89416058394161,998,6.94589178356713
723,276,6.9640387275242,6.90579710144928,999,6.94794794794795
717,282,6.96373779637378,6.90780141843972,999,6.94794794794795
723,276,6.96265560165975,6.90579710144928,999,6.94694694694695
716,283,6.9622905027933,6.90459363957597,999,6.94594594594595
705,292,6.9645390070922,6.91438356164384,997,6.94984954864594
711,288,6.9634317862166,6.92013888888889,999,6.95095095095095
709,290,6.96191819464034,6.92758620689655,999,6.95195195195195
709,290,6.96332863187588,6.92758620689655,999,6.95295295295295
712,286,6.96910112359551,6.92657342657343,998,6.95691382765531
713,285,6.96633941093969,6.92280701754386,998,6.95390781563126
716,282,6.96648044692737,6.92198581560284,998,6.95390781563126
727,272,6.9697386519945,6.91176470588235,999,6.95395395395395
739,260,6.9702300405954,6.91153846153846,999,6.95495495495495
734,265,6.97275204359673,6.92075471698113,999,6.95895895895896
731,268,6.97537619699042,6.91044776119403,999,6.95795795795796
737,261,6.97557666214383,6.91187739463602,998,6.95891783567134
737,261,6.97421981004071,6.9272030651341,998,6.96192384769539
743,254,6.97981157469717,6.92913385826772,997,6.96690070210632
748,250,6.97994652406417,6.928,998,6.96693386773547
750,249,6.98133333333333,6.92771084337349,999,6.96796796796797
753,246,6.98273572377158,6.92276422764228,999,6.96796796796797
745,253,6.98389261744966,6.92094861660079,998,6.96793587174349
748,249,6.98395721925134,6.91164658634538,997,6.96589769307924
755,244,6.9841059602649,6.92213114754098,999,6.96896896896897
745,251,6.98389261744966,6.91633466135458,996,6.96686746987952
741,256,6.98515519568151,6.90625,997,6.96489468405216
747,252,6.98259705488621,6.90476190476191,999,6.96296296296296
737,261,6.98507462686567,6.89655172413793,998,6.96192384769539
736,263,6.98233695652174,6.893536121673,999,6.95895895895896
744,254,6.98387096774194,6.88582677165354,998,6.95891783567134
745,254,6.98255033557047,6.87795275590551,999,6.95595595595596
750,249,6.98133333333333,6.87951807228916,999,6.95595595595596
741,256,6.98380566801619,6.8984375,997,6.96188565697091
747,251,6.98259705488621,6.90438247011952,998,6.96292585170341
747,251,6.98259705488621,6.9003984063745,998,6.96192384769539
760,239,6.98421052631579,6.89958158995816,999,6.96396396396396
763,236,6.9829619921363,6.91101694915254,999,6.96596596596597
762,235,6.98425196850394,6.92340425531915,997,6.96990972918756
764,235,6.98298429319372,6.93617021276596,999,6.97197197197197
763,235,6.98427260812582,6.93617021276596,998,6.97294589178357
763,235,6.9829619921363,6.93617021276596,998,6.97194388777555
760,238,6.98157894736842,6.94117647058824,998,6.97194388777555
756,242,6.98148148148148,6.94214876033058,998,6.97194388777555
767,232,6.98044328552803,6.95689655172414,999,6.97497497497497
768,229,6.98177083333333,6.95633187772926,997,6.97592778335005
769,228,6.98179453836151,6.95175438596491,997,6.97492477432297
783,216,6.98339719029374,6.94907407407407,999,6.97597597597598
783,216,6.98339719029374,6.95833333333333,999,6.97797797797798
782,216,6.98209718670077,6.94907407407407,998,6.9749498997996
786,213,6.98091603053435,6.94835680751174,999,6.97397397397397
789,208,6.98352344740177,6.94711538461539,997,6.97592778335005
792,207,6.98358585858586,6.94685990338164,999,6.97597597597598
786,212,6.98218829516539,6.93867924528302,998,6.97294589178357
792,206,6.98358585858586,6.9368932038835,998,6.97394789579158
794,204,6.98740554156171,6.94117647058824,998,6.97795591182365
791,208,6.98735777496839,6.9375,999,6.97697697697698
797,202,6.98870765370138,6.94059405940594,999,6.97897897897898
801,198,6.99126092384519,6.93939393939394,999,6.98098098098098
797,202,6.99121706398996,6.94554455445545,999,6.98198198198198
796,200,6.98994974874372,6.935,996,6.9789156626506
796,202,6.98994974874372,6.94554455445545,998,6.98096192384769
797,202,6.98996235884567,6.94554455445545,999,6.98098098098098
799,197,6.98748435544431,6.93908629441624,996,6.97791164658635
803,194,6.98879202988792,6.93814432989691,997,6.97893681043129
812,186,6.98891625615764,6.93548387096774,998,6.97895791583166
820,178,6.98780487804878,6.9438202247191,998,6.97995991983968
816,183,6.98651960784314,6.94535519125683,999,6.97897897897898
812,187,6.98891625615764,6.94652406417112,999,6.98098098098098
819,179,6.98901098901099,6.94972067039106,998,6.98196392785571
815,184,6.98895705521472,6.94565217391304,999,6.98098098098098
814,185,6.99017199017199,6.95135135135135,999,6.98298298298298
817,180,6.99265605875153,6.95,997,6.98495486459378
823,176,6.9902794653706,6.96022727272727,999,6.98498498498498
821,178,6.99269183922046,6.96067415730337,999,6.98698698698699
827,170,6.99274486094317,6.96470588235294,997,6.98796389167503
832,167,6.99158653846154,6.96407185628743,999,6.98698698698699
832,167,6.99038461538461,6.97604790419162,999,6.98798798798799
838,160,6.99164677804296,6.96875,998,6.98797595190381
839,160,6.99284862932062,6.975,999,6.98998998998999
831,167,6.9927797833935,6.98203592814371,998,6.99098196392786
831,167,6.99398315282792,6.98802395209581,998,6.99298597194389
836,163,6.99401913875598,6.98773006134969,999,6.99299299299299
833,166,6.99279711884754,6.98795180722892,999,6.99199199199199
823,175,6.99270959902795,6.98857142857143,998,6.99198396793587
823,176,6.99270959902795,6.98863636363636,999,6.99199199199199
816,183,6.99264705882353,6.98907103825137,999,6.99199199199199
815,182,6.99509202453988,6.98901098901099,997,6.99398194583751
821,176,6.99512789281364,6.98863636363636,997,6.99398194583751
820,179,6.99512195121951,6.98882681564246,999,6.99399399399399
816,180,6.99509803921569,6.99444444444444,996,6.99497991967872
824,175,6.99393203883495,6.99428571428571,999,6.99399399399399
817,182,6.99388004895961,6.99450549450549,999,6.99399399399399
818,179,6.99633251833741,6.99441340782123,997,6.99598796389168
821,178,6.99512789281364,6.98876404494382,999,6.99399399399399
822,177,6.9963503649635,6.98870056497175,999,6.99499499499499
818,181,6.99633251833741,6.98895027624309,999,6.99499499499499
818,181,6.99755501222494,6.98342541436464,999,6.99499499499499
822,176,6.9963503649635,6.98295454545455,998,6.9939879759519
831,167,6.99638989169675,6.98802395209581,998,6.99498997995992
828,171,6.9975845410628,6.98830409356725,999,6.995995995996
830,167,6.99638554216867,6.98802395209581,997,6.99498495486459
832,166,6.99639423076923,6.98795180722892,998,6.99498997995992
830,169,6.99638554216867,6.99408284023669,999,6.995995995996
835,164,6.99520958083832,6.99390243902439,999,6.99499499499499
832,167,6.99519230769231,6.98802395209581,999,6.99399399399399
827,171,6.99516324062878,6.99415204678363,998,6.99498997995992
826,173,6.99515738498789,6.99421965317919,999,6.99499499499499
820,179,6.99390243902439,6.98882681564246,999,6.99299299299299
818,177,6.99388753056235,6.98870056497175,995,6.9929648241206
822,175,6.99391727493917,6.98857142857143,997,6.99297893681043
815,184,6.99263803680982,6.98913043478261,999,6.99199199199199
818,181,6.99266503667482,6.98342541436464,999,6.99099099099099
823,175,6.99270959902795,6.98285714285714,998,6.99098196392786
818,180,6.99388753056235,6.98333333333333,998,6.99198396793587
810,188,6.99382716049383,6.97872340425532,998,6.99098196392786
814,183,6.99385749385749,6.97814207650273,997,6.99097291875627
819,180,6.99267399267399,6.97777777777778,999,6.98998998998999
825,174,6.99151515151515,6.98275862068965,999,6.98998998998999
822,175,6.99148418491484,6.97714285714286,997,6.98896690070211
827,169,6.99032648125756,6.97633136094675,996,6.98795180722892
829,170,6.9891435464415,6.98235294117647,999,6.98798798798799
827,172,6.99153567110036,6.97674418604651,999,6.98898898898899
837,161,6.99163679808841,6.98757763975155,998,6.99098196392786
839,158,6.99046483909416,6.9873417721519,997,6.98996990972919
832,166,6.98918269230769,6.98795180722892,998,6.98897795591182
833,164,6.98799519807923,6.98780487804878,997,6.98796389167503
830,169,6.98674698795181,6.98816568047337,999,6.98698698698699
823,174,6.98541919805589,6.98850574712644,997,6.98595787362086
825,174,6.98666666666667,6.98850574712644,999,6.98698698698699
827,171,6.98669891172914,6.98830409356725,998,6.98697394789579
823,176,6.98663426488457,6.99431818181818,999,6.98798798798799
826,172,6.98426150121065,6.99418604651163,998,6.98597194388778
828,169,6.98913043478261,6.99408284023669,997,6.98996990972919
829,170,6.99034981905911,6.99411764705882,999,6.99099099099099
827,169,6.98911729141475,6.99408284023669,996,6.98995983935743
831,166,6.98796630565584,6.99397590361446,997,6.98896690070211
825,174,6.98787878787879,6.99425287356322,999,6.98898898898899
824,175,6.98665048543689,6.99428571428571,999,6.98798798798799
828,171,6.98671497584541,6.99415204678363,999,6.98798798798799
815,182,6.98773006134969,6.98901098901099,997,6.98796389167503
820,178,6.9890243902439,6.99438202247191,998,6.98997995991984
829,168,6.98673100120627,6.99404761904762,997,6.98796389167503
823,176,6.98663426488457,6.99431818181818,999,6.98798798798799
823,174,6.98663426488457,6.98850574712644,997,6.98696088264794
832,167,6.98677884615385,6.98802395209581,999,6.98698698698699
821,177,6.98416565164434,6.98870056497175,998,6.98496993987976
822,177,6.98661800486618,6.98305084745763,999,6.98598598598599
821,176,6.98660170523751,6.98295454545455,997,6.98595787362086
816,182,6.98651960784314,6.98901098901099,998,6.98697394789579
824,173,6.98422330097087,6.98843930635838,997,6.98495486459378
828,171,6.98550724637681,6.98830409356725,999,6.98598598598599
829,169,6.98431845597105,6.98816568047337,998,6.98496993987976
840,159,6.98571428571429,6.9937106918239,999,6.98698698698699
836,162,6.98444976076555,6.99382716049383,998,6.98597194388778
834,165,6.98681055155875,6.99393939393939,999,6.98798798798799
842,157,6.98456057007126,6.99363057324841,999,6.98598598598599
842,156,6.98574821852732,6.99358974358974,998,6.98697394789579
834,165,6.98681055155875,6.99393939393939,999,6.98798798798799
835,163,6.98682634730539,6.99386503067485,998,6.98797595190381
844,155,6.9845971563981,6.99354838709677,999,6.98598598598599
833,164,6.984393757503,6.99390243902439,997,6.98595787362086
840,158,6.98333333333333,6.99367088607595,998,6.98496993987976
847,151,6.98110979929162,6.99337748344371,998,6.98296593186373
842,153,6.98218527315914,6.98692810457516,995,6.98291457286432
846,153,6.9822695035461,6.98692810457516,999,6.98298298298298
843,153,6.98102016607355,6.98692810457516,996,6.98192771084337
851,147,6.97884841363102,6.97959183673469,998,6.97895791583166
852,146,6.981220657277,6.98630136986301,998,6.98196392785571
845,151,6.98224852071006,6.98675496688742,996,6.98293172690763
858,140,6.98251748251748,6.98571428571429,998,6.98296593186373
862,137,6.98491879350348,6.97810218978102,999,6.98398398398398
859,140,6.9871944121071,6.97857142857143,999,6.98598598598599
863,134,6.98725376593279,6.97761194029851,997,6.98595787362086
859,140,6.9871944121071,6.97857142857143,999,6.98598598598599
852,147,6.98708920187793,6.97278911564626,999,6.98498498498498
855,142,6.9859649122807,6.97887323943662,997,6.98495486459378
854,144,6.98711943793911,6.98611111111111,998,6.98697394789579
849,150,6.98822143698469,6.98,999,6.98698698698699
853,146,6.989449003517,6.98630136986301,999,6.98898898898899
856,143,6.98831775700935,6.98601398601399,999,6.98798798798799
857,142,6.98833138856476,6.98591549295775,999,6.98798798798799
863,136,6.98957126303592,6.97794117647059,999,6.98798798798799
859,139,6.9871944121071,6.97841726618705,998,6.98597194388778
854,144,6.98829039812646,6.97916666666667,998,6.98697394789579
856,141,6.98831775700935,6.97163120567376,997,6.98595787362086
851,148,6.98942420681551,6.98648648648649,999,6.98898898898899
848,149,6.98702830188679,6.98657718120805,997,6.98696088264794
854,145,6.98829039812646,6.98620689655172,999,6.98798798798799
853,146,6.98827667057444,6.97260273972603,999,6.98598598598599
858,140,6.98834498834499,6.97857142857143,998,6.98697394789579
858,141,6.98601398601399,6.97872340425532,999,6.98498498498498
854,145,6.98946135831382,6.97241379310345,999,6.98698698698699
859,138,6.9906868451688,6.96376811594203,997,6.98696088264794
856,142,6.98948598130841,6.96478873239437,998,6.98597194388778
853,146,6.98827667057444,6.96575342465753,999,6.98498498498498
852,146,6.9906103286385,6.95890410958904,998,6.98597194388778
850,147,6.99176470588235,6.95918367346939,997,6.98696088264794
854,144,6.98946135831382,6.97916666666667,998,6.98797595190381
859,140,6.9895227008149,6.98571428571429,999,6.98898898898899
857,141,6.98949824970828,6.97872340425532,998,6.98797595190381
855,143,6.98830409356725,6.97902097902098,998,6.98697394789579
863,134,6.98841251448436,6.97761194029851,997,6.98696088264794
865,134,6.98959537572254,6.97014925373134,999,6.98698698698699
859,140,6.9871944121071,6.97857142857143,999,6.98598598598599
861,138,6.9883855981417,6.98550724637681,999,6.98798798798799
860,138,6.98953488372093,6.98550724637681,998,6.98897795591182
854,144,6.98829039812646,6.97916666666667,998,6.98697394789579
852,146,6.98591549295775,6.97945205479452,998,6.98496993987976
852,146,6.98826291079812,6.98630136986301,998,6.98797595190381
847,150,6.98937426210153,6.98666666666667,997,6.98896690070211
857,141,6.98949824970828,6.97872340425532,998,6.98797595190381
855,144,6.98947368421053,6.97916666666667,999,6.98798798798799
854,144,6.98829039812646,6.98611111111111,998,6.98797595190381
860,137,6.98953488372093,6.98540145985401,997,6.98896690070211
863,136,6.98725376593279,6.98529411764706,999,6.98698698698699
857,141,6.98716452742124,6.98581560283688,998,6.98697394789579
857,141,6.98716452742124,6.99290780141844,998,6.98797595190381
858,140,6.98834498834499,6.99285714285714,998,6.98897795591182
858,140,6.98834498834499,6.99285714285714,998,6.98897795591182
859,140,6.988358556461,6.99285714285714,999,6.98898898898899
860,137,6.98953488372093,6.99270072992701,997,6.98996990972919
858,141,6.99067599067599,7.0,999,6.99199199199199
866,132,6.99076212471132,7.0,998,6.99198396793587
866,131,6.99076212471132,7.0,997,6.99197592778335
864,134,6.99189814814815,7.0,998,6.99298597194389
867,131,6.9919261822376,7.0,998,6.99298597194389
867,131,6.99077277970011,7.0,998,6.99198396793587
870,128,6.99310344827586,7.0,998,6.9939879759519
875,124,6.99314285714286,7.0,999,6.99399399399399
880,117,6.99318181818182,7.0,997,6.99398194583751
882,116,6.99319727891156,7.0,998,6.9939879759519
877,120,6.99201824401368,7.0,997,6.99297893681043
872,126,6.99197247706422,7.0,998,6.99298597194389
873,124,6.99198167239404,7.0,997,6.99297893681043
875,123,6.992,7.0,998,6.99298597194389
871,127,6.99081515499426,7.0,998,6.99198396793587
877,122,6.9908779931585,7.0,999,6.99199199199199
878,119,6.99202733485194,7.0,997,6.99297893681043
881,118,6.99091940976163,7.0,999,6.99199199199199
882,116,6.99092970521542,7.0,998,6.99198396793587
886,113,6.99097065462754,7.0,999,6.99199199199199
877,120,6.99201824401368,7.0,997,6.99297893681043
876,123,6.99200913242009,7.0,999,6.99299299299299
879,119,6.99544937428896,7.0,998,6.99599198396794
877,122,6.99543899657925,7.0,999,6.995995995996
880,119,6.99545454545455,7.0,999,6.995995995996
885,113,6.9954802259887,7.0,998,6.99599198396794
882,116,6.99659863945578,7.0,998,6.99699398797595
884,114,6.99773755656109,7.0,998,6.99799599198397
885,114,6.99774011299435,7.0,999,6.997997997998
885,114,6.99774011299435,7.0,999,6.997997997998
892,106,6.99887892376682,7.0,998,6.99899799599198
890,108,6.99887640449438,7.0,998,6.99899799599198
889,109,6.99887514060742,7.0,998,6.99899799599198
892,107,6.99887892376682,7.0,999,6.998998998999
887,111,6.9988726042841,7.0,998,6.99899799599198
884,115,6.99886877828054,7.0,999,6.998998998999
880,116,6.99886363636364,7.0,996,6.99899598393574
882,117,6.99886621315193,7.0,999,6.998998998999
876,120,6.99885844748858,7.0,996,6.99899598393574
884,114,6.99886877828054,7.0,998,6.99899799599198
879,118,6.99886234357224,7.0,997,6.99899699097292
878,120,6.99886104783599,7.0,998,6.99899799599198
885,113,6.99887005649718,7.0,998,6.99899799599198
883,116,6.99886749716874,7.0,999,6.998998998999
883,115,6.99886749716874,7.0,998,6.99899799599198
880,118,6.99886363636364,7.0,998,6.99899799599198
881,117,6.9988649262202,7.0,998,6.99899799599198
877,121,6.99885974914481,7.0,998,6.99899799599198
880,119,6.99886363636364,7.0,999,6.998998998999
877,120,6.99771949828962,7.0,997,6.99799398194584
880,118,6.99772727272727,7.0,998,6.99799599198397
880,119,6.99772727272727,7.0,999,6.997997997998
877,120,6.99771949828962,7.0,997,6.99799398194584
884,114,6.99660633484163,7.0,998,6.99699398797595
886,113,6.99661399548533,7.0,999,6.996996996997
879,119,6.99772468714448,7.0,998,6.99799599198397
879,120,6.99772468714448,7.0,999,6.997997997998
870,129,6.99770114942529,7.0,999,6.997997997998
867,131,6.99769319492503,7.0,998,6.99799599198397
875,124,6.99771428571429,7.0,999,6.997997997998
869,129,6.99769850402762,7.0,998,6.99799599198397
878,121,6.99772209567198,7.0,999,6.997997997998
880,118,6.99772727272727,7.0,998,6.99799599198397
877,121,6.99771949828962,7.0,998,6.99799599198397
882,117,6.99773242630385,7.0,999,6.997997997998
879,117,6.99886234357224,7.0,996,6.99899598393574
880,119,6.99886363636364,7.0,999,6.998998998999
883,116,6.99886749716874,7.0,999,6.998998998999
885,113,6.99887005649718,7.0,998,6.99899799599198
886,111,6.99887133182844,7.0,997,6.99899699097292
892,106,6.99775784753363,7.0,998,6.99799599198397
895,103,6.99776536312849,7.0,998,6.99799599198397
896,103,6.99776785714286,7.0,999,6.997997997998
899,100,6.99777530589544,7.0,999,6.997997997998
898,100,6.99665924276169,7.0,998,6.99699398797595
897,102,6.99777034559643,7.0,999,6.997997997998
900,99,6.99777777777778,7.0,999,6.997997997998
899,99,6.99666295884316,7.0,998,6.99699398797595
891,106,6.996632996633,7.0,997,6.99699097291876
894,104,6.99664429530201,7.0,998,6.99699398797595
895,102,6.99664804469274,7.0,997,6.99699097291876
892,106,6.99663677130045,7.0,998,6.99699398797595
894,104,6.99888143176734,7.0,998,6.99899799599198
897,101,6.99888517279822,7.0,998,6.99899799599198
894,102,6.99776286353468,7.0,996,6.99799196787149
895,101,6.99776536312849,7.0,996,6.99799196787149
895,103,6.99776536312849,7.0,998,6.99799599198397
899,100,6.99666295884316,7.0,999,6.996996996997
890,108,6.99662921348315,7.0,998,6.99699398797595
891,108,6.996632996633,7.0,999,6.996996996997
893,105,6.996640537514,7.0,998,6.99699398797595
889,108,6.9955005624297,7.0,997,6.99598796389168
888,111,6.9954954954955,7.0,999,6.995995995996
888,111,6.9954954954955,7.0,999,6.995995995996
890,109,6.99662921348315,7.0,999,6.996996996997
888,109,6.99662162162162,7.0,997,6.99699097291876
885,113,6.99661016949153,7.0,998,6.99699398797595
889,108,6.99662542182227,7.0,997,6.99699097291876
888,109,6.99662162162162,7.0,997,6.99699097291876
893,106,6.99776035834267,7.0,999,6.997997997998
888,110,6.99774774774775,7.0,998,6.99799599198397
887,111,6.9988726042841,7.0,998,6.99899799599198
889,110,7.0,7.0,999,7.0
894,104,7.0,7.0,998,7.0
891,108,7.0,7.0,999,7.0
891,108,7.0,7.0,999,7.0
895,104,7.0,7.0,999,7.0
893,105,7.0,7.0,998,7.0
897,102,7.0,7.0,999,7.0
896,103,7.0,7.0,999,7.0
898,101,7.0,7.0,999,7.0
898,101,7.0,7.0,999,7.0
897,101,7.0,7.0,998,7.0
894,104,7.0,7.0,998,7.0
890,109,7.0,7.0,999,7.0
893,104,7.0,7.0,997,7.0
892,105,7.0,7.0,997,7.0
897,102,7.0,7.0,999,7.0
894,102,7.0,7.0,996,7.0
893,105,7.0,7.0,998,7.0
888,111,7.0,7.0,999,7.0
892,106,7.0,7.0,998,7.0
891,107,7.0,7.0,998,7.0
892,107,7.0,7.0,999,7.0
887,111,7.0,7.0,998,7.0
887,109,7.0,7.0,996,7.0
889,108,7.0,7.0,997,7.0
881,116,7.0,7.0,997,7.0
886,113,7.0,7.0,999,7.0
886,113,7.0,7.0,999,7.0
881,117,7.0,7.0,998,7.0
882,116,7.0,7.0,998,7.0
883,116,7.0,7.0,999,7.0
884,113,7.0,7.0,997,7.0
892,107,7.0,7.0,999,7.0
893,106,7.0,7.0,999,7.0
893,106,7.0,7.0,999,7.0
891,108,7.0,7.0,999,7.0
889,109,7.0,7.0,998,7.0
882,116,7.0,7.0,998,7.0
881,118,7.0,7.0,999,7.0
879,120,7.0,7.0,999,7.0
878,120,7.0,7.0,998,7.0
886,113,7.0,7.0,999,7.0
882,117,7.0,7.0,999,7.0
881,116,7.0,7.0,997,7.0
890,109,7.0,7.0,999,7.0
888,107,7.0,7.0,995,7.0
894,105,7.0,7.0,999,7.0
896,102,7.0,7.0,998,7.0
896,103,7.0,7.0,999,7.0
895,103,7.0,7.0,998,7.0
899,100,7.0,7.0,999,7.0
894,104,7.0,7.0,998,7.0
898,100,7.0,7.0,998,7.0
901,97,7.0,7.0,998,7.0
898,100,7.0,7.0,998,7.0
897,100,7.0,7.0,997,7.0
900,99,7.0,7.0,999,7.0
903,95,7.0,7.0,998,7.0
907,91,7.0,7.0,998,7.0
914,85,7.0,7.0,999,7.0
914,85,7.0,7.0,999,7.0
907,91,7.0,7.0,998,7.0
907,91,7.0,7.0,998,7.0
912,87,7.0,7.0,999,7.0
909,89,7.0,7.0,998,7.0
915,83,7.0,7.0,998,7.0
913,85,7.0,7.0,998,7.0
913,85,7.0,7.0,998,7.0
913,85,7.0,7.0,998,7.0
910,88,7.0,7.0,998,7.0
910,89,7.0,7.0,999,7.0
910,89,7.0,7.0,999,7.0
910,88,7.0,7.0,998,7.0
906,93,7.0,7.0,999,7.0
905,94,7.0,7.0,999,7.0
902,94,7.0,7.0,996,7.0
902,97,7.0,7.0,999,7.0
903,95,7.0,7.0,998,7.0
909,90,7.0,7.0,999,7.0
906,93,7.0,7.0,999,7.0
911,88,7.0,7.0,999,7.0
912,87,7.0,7.0,999,7.0
909,89,7.0,7.0,998,7.0
907,92,7.0,7.0,999,7.0
912,85,7.0,7.0,997,7.0
910,88,7.0,7.0,998,7.0
915,84,7.0,7.0,999,7.0
912,87,7.0,7.0,999,7.0
913,86,7.0,7.0,999,7.0
910,89,7.0,7.0,999,7.0
918,81,7.0,7.0,999,7.0
919,77,7.0,7.0,996,7.0
922,76,7.0,7.0,998,7.0
927,72,7.0,7.0,999,7.0
927,72,7.0,7.0,999,7.0
925,73,7.0,7.0,998,7.0
921,77,7.0,7.0,998,7.0
922,76,7.0,7.0,998,7.0
921,78,7.0,7.0,999,7.0
921,78,7.0,7.0,999,7.0
923,75,7.0,7.0,998,7.0
921,76,7.0,7.0,997,7.0
921,78,7.0,7.0,999,7.0
920,79,7.0,7.0,999,7.0
916,82,7.0,7.0,998,7.0
915,84,7.0,7.0,999,7.0
909,90,7.0,7.0,999,7.0
910,89,7.0,7.0,999,7.0
911,88,7.0,7.0,999,7.0
908,89,7.0,7.0,997,7.0
908,91,7.0,7.0,999,7.0
906,91,7.0,7.0,997,7.0
909,90,7.0,7.0,999,7.0
913,85,7.0,7.0,998,7.0
914,84,7.0,7.0,998,7.0
917,82,7.0,7.0,999,7.0
913,85,7.0,7.0,998,7.0
915,83,7.0,7.0,998,7.0
913,85,7.0,7.0,998,7.0
916,81,7.0,7.0,997,7.0
919,80,7.0,7.0,999,7.0
919,80,7.0,7.0,999,7.0
920,79,7.0,7.0,999,7.0
924,75,7.0,7.0,999,7.0
931,68,7.0,7.0,999,7.0
929,70,7.0,7.0,999,7.0
936,63,7.0,7.0,999,7.0
937,61,7.0,7.0,998,7.0
939,60,7.0,7.0,999,7.0
946,52,7.0,7.0,998,7.0
945,54,7.0,7.0,999,7.0
942,57,7.0,7.0,999,7.0
942,56,7.0,7.0,998,7.0
945,52,7.0,7.0,997,7.0
946,53,7.0,7.0,999,7.0
946,53,7.0,7.0,999,7.0
948,51,7.0,7.0,999,7.0
949,50,7.0,7.0,999,7.0
944,52,7.0,7.0,996,7.0
943,56,7.0,7.0,999,7.0
948,50,7.0,7.0,998,7.0
947,49,7.0,7.0,996,7.0
939,59,7.0,7.0,998,7.0
938,59,7.0,7.0,997,7.0
940,57,7.0,7.0,997,7.0
939,60,7.0,7.0,999,7.0
935,63,7.0,7.0,998,7.0
935,62,7.0,7.0,997,7.0
939,60,7.0,7.0,999,7.0
936,62,7.0,7.0,998,7.0
939,58,7.0,7.0,997,7.0
936,63,7.0,7.0,999,7.0
941,58,7.0,7.0,999,7.0
945,54,7.0,7.0,999,7.0
939,58,7.0,7.0,997,7.0
942,55,7.0,7.0,997,7.0
943,55,7.0,7.0,998,7.0
943,56,7.0,7.0,999,7.0
945,53,7.0,7.0,998,7.0
942,56,7.0,7.0,998,7.0
939,58,7.0,7.0,997,7.0
946,50,7.0,7.0,996,7.0
949,49,7.0,7.0,998,7.0
951,47,7.0,7.0,998,7.0
950,48,7.0,7.0,998,7.0
950,49,7.0,7.0,999,7.0
947,50,7.0,7.0,997,7.0
947,52,7.0,7.0,999,7.0
946,52,7.0,7.0,998,7.0
946,52,7.0,7.0,998,7.0
946,53,7.0,7.0,999,7.0
946,51,7.0,7.0,997,7.0
944,53,7.0,7.0,997,7.0
943,56,7.0,7.0,999,7.0
940,57,7.0,7.0,997,7.0
938,61,7.0,7.0,999,7.0
936,63,7.0,7.0,999,7.0
941,57,7.0,7.0,998,7.0
942,57,7.0,7.0,999,7.0
942,57,7.0,7.0,999,7.0
940,57,7.0,7.0,997,7.0
941,56,7.0,7.0,997,7.0
940,57,7.0,7.0,997,7.0
942,57,7.0,7.0,999,7.0
941,58,7.0,7.0,999,7.0
945,54,7.0,7.0,999,7.0
943,56,7.0,7.0,999,7.0
941,58,7.0,7.0,999,7.0
941,57,7.0,7.0,998,7.0
943,56,7.0,7.0,999,7.0
943,56,7.0,7.0,999,7.0
