forward_num,reverse_num,forward_rate,reverse_rate,organism_num,organism_rate
500,500,5.5,5.5,1000,5.5
496,494,5.49798387096774,5.48785425101215,990,5.49292929292929
493,494,5.50304259634888,5.48785425101215,987,5.49544072948328
538,461,5.97955390334572,5.48590021691974,999,5.75175175175175
577,421,6.08838821490468,5.5083135391924,998,5.8436873747495
615,383,6.16747967479675,5.46475195822454,998,5.89779559118236
643,356,6.17884914463453,5.48033707865169,999,5.92992992992993
665,334,6.2406015037594,5.47604790419162,999,5.98498498498498
681,317,6.35535976505139,5.32492113564669,998,6.02805611222445
684,315,6.42397660818713,5.16825396825397,999,6.02802802802803
675,323,6.57037037037037,5.09907120743034,998,6.09418837675351
699,298,6.42346208869814,5.09395973154362,997,6.02607823470411
680,318,6.50147058823529,5.07232704402516,998,6.04609218436874
676,321,6.50147928994083,5.21806853582555,997,6.08826479438315
660,339,6.40757575757576,5.63421828908555,999,6.14514514514515
658,339,6.50759878419453,5.61946902654867,997,6.20561685055165
635,362,6.53385826771654,5.71823204419889,997,6.23771313941826
623,376,6.57624398073836,5.94414893617021,999,6.33833833833834
645,353,6.66356589147287,5.9971671388102,998,6.42785571142285
650,349,6.74461538461538,6.0458452722063,999,6.5005005005005
633,365,6.89099526066351,6.16164383561644,998,6.62424849699399
655,344,6.64580152671756,6.08720930232558,999,6.45345345345345
635,363,6.6755905511811,6.08815426997245,998,6.46192384769539
645,354,6.75193798449612,6.13559322033898,999,6.53353353353353
671,328,6.80774962742176,6.0609756097561,999,6.56256256256256
661,338,6.83963691376702,6.17751479289941,999,6.61561561561562
668,331,6.89221556886228,6.0392749244713,999,6.60960960960961
675,324,6.88592592592593,6.21604938271605,999,6.66866866866867
683,314,6.95168374816984,6.21656050955414,997,6.72016048144433
685,312,6.98540145985401,6.3525641025641,997,6.78736208625878
681,318,7.0367107195301,6.39622641509434,999,6.83283283283283
680,318,6.99264705882353,6.34276729559748,998,6.78557114228457
679,319,7.03681885125184,6.31034482758621,998,6.80460921843687
675,324,7.10962962962963,6.56172839506173,999,6.93193193193193
688,310,7.11918604651163,6.56774193548387,998,6.94789579158317
684,313,7.14619883040936,6.79233226837061,997,7.03510531594784
672,323,7.16369047619048,6.74303405572755,995,7.02713567839196
682,317,7.16275659824047,6.88328075709779,999,7.07407407407407
682,316,7.17595307917889,6.91139240506329,998,7.09218436873747
679,320,7.27982326951399,6.94375,999,7.17217217217217
674,325,7.33382789317507,6.99076923076923,999,7.22222222222222
671,327,7.35171385991058,6.98165137614679,998,7.23046092184369
679,317,7.44182621502209,7.0410094637224,996,7.31425702811245
676,323,7.40236686390533,6.95046439628483,999,7.25625625625626
682,317,7.39882697947214,6.94006309148265,999,7.25325325325325
677,321,7.43131462333826,6.92834890965732,998,7.26953907815631
675,324,7.48740740740741,6.96913580246914,999,7.31931931931932
677,321,7.51403249630724,6.90654205607477,998,7.3186372745491
677,321,7.51698670605613,6.89719626168224,998,7.31763527054108
683,316,7.53879941434846,6.84810126582278,999,7.32032032032032
682,316,7.48973607038123,6.89556962025316,998,7.30160320641283
689,310,7.45573294629898,6.87741935483871,999,7.27627627627628
682,316,7.47214076246334,6.90822784810127,998,7.2935871743487
670,326,7.5044776119403,6.84355828220859,996,7.28815261044177
683,314,7.49487554904832,6.95859872611465,997,7.3259779338014
691,306,7.56874095513748,7.04575163398693,997,7.40822467402207
685,313,7.6014598540146,7.07348242811502,998,7.43587174348697
685,313,7.67883211678832,7.07987220447284,998,7.49098196392786
689,309,7.65166908563135,7.13592233009709,998,7.49198396793587
698,301,7.70487106017192,7.18936877076412,999,7.54954954954955
699,300,7.65808297567954,7.2,999,7.52052052052052
695,304,7.69064748201439,7.28618421052632,999,7.56756756756757
698,301,7.71489971346705,7.28571428571429,999,7.58558558558559
696,302,7.69109195402299,7.34105960264901,998,7.58517034068136
699,299,7.69814020028612,7.31103678929766,998,7.58216432865731
703,295,7.7425320056899,7.25423728813559,998,7.59819639278557
707,291,7.71004243281471,7.28178694158076,998,7.58517034068136
703,295,7.76386913229018,7.30847457627119,998,7.62925851703407
695,300,7.7841726618705,7.39,995,7.66532663316583
706,292,7.77903682719547,7.40068493150685,998,7.66833667334669
702,297,7.81481481481481,7.42087542087542,999,7.6976976976977
707,292,7.79490806223479,7.37671232876712,999,7.67267267267267
713,284,7.77279102384292,7.42957746478873,997,7.67502507522568
724,274,7.81767955801105,7.37591240875912,998,7.69639278557114
725,272,7.81103448275862,7.28308823529412,997,7.66700100300903
727,272,7.81980742778542,7.36029411764706,999,7.69469469469469
727,272,7.84456671251719,7.33455882352941,999,7.70570570570571
725,272,7.82896551724138,7.39705882352941,997,7.7111334002006
731,266,7.81805745554036,7.44736842105263,997,7.71915747241725
729,269,7.85048010973937,7.49442379182156,998,7.75450901803607
726,273,7.84848484848485,7.53479853479853,999,7.76276276276276
734,265,7.83242506811989,7.53584905660377,999,7.75375375375375
733,266,7.85129604365621,7.57518796992481,999,7.77777777777778
744,254,7.85752688172043,7.62204724409449,998,7.79759519038076
741,258,7.85290148448043,7.61627906976744,999,7.79179179179179
734,264,7.83514986376022,7.67045454545455,998,7.79158316633267
731,267,7.87004103967168,7.66666666666667,998,7.81563126252505
723,276,7.86721991701245,7.73913043478261,999,7.83183183183183
720,278,7.89444444444444,7.71942446043165,998,7.84569138276553
720,278,7.90277777777778,7.79136690647482,998,7.87174348697395
723,276,7.92669432918396,7.86594202898551,999,7.90990990990991
723,276,7.91424619640387,7.8768115942029,999,7.9039039039039
726,272,7.96005509641873,7.91544117647059,998,7.94789579158317
721,278,7.99029126213592,7.90647482014388,999,7.96696696696697
719,280,7.9874826147427,7.86428571428571,999,7.95295295295295
725,274,8.0,7.96350364963504,999,7.98998998998999
724,274,8.0,8.02554744525547,998,8.00701402805611
719,280,8.01808066759388,8.07857142857143,999,8.03503503503504
716,283,8.0195530726257,8.07067137809187,999,8.03403403403403
710,289,7.99577464788732,8.11072664359862,999,8.02902902902903
704,295,8.00852272727273,8.11186440677966,999,8.03903903903904
707,292,8.05091937765205,8.1541095890411,999,8.08108108108108
716,283,8.05865921787709,8.08480565371025,999,8.06606606606607
719,280,8.08066759388039,8.21428571428571,999,8.11811811811812
718,279,8.11838440111421,8.16487455197133,997,8.13139418254764
710,288,8.13802816901408,8.17013888888889,998,8.14729458917836
716,283,8.17178770949721,8.113074204947,999,8.15515515515516
710,289,8.17183098591549,8.17647058823529,999,8.17317317317317
704,294,8.20170454545454,8.18027210884354,998,8.19539078156313
698,300,8.17335243553009,8.21333333333333,998,8.18537074148297
701,295,8.18544935805991,8.17966101694915,996,8.18373493975904
704,294,8.21164772727273,8.23469387755102,998,8.21843687374749
699,299,8.18884120171674,8.27759197324415,998,8.21543086172345
700,298,8.17142857142857,8.18120805369128,998,8.17434869739479
699,300,8.15307582260372,8.22333333333333,999,8.17417417417417
698,301,8.18338108882521,8.2624584717608,999,8.20720720720721
702,296,8.17806267806268,8.26689189189189,998,8.20440881763527
707,292,8.2022630834512,8.25,999,8.21621621621622
701,298,8.21683309557775,8.20805369127517,999,8.21421421421421
711,287,8.23066104078762,8.25435540069686,998,8.2374749498998
720,278,8.25694444444444,8.26978417266187,998,8.26052104208417
721,278,8.24271844660194,8.26618705035971,999,8.24924924924925
721,278,8.25104022191401,8.26258992805755,999,8.25425425425425
716,283,8.25139664804469,8.26501766784452,999,8.25525525525526
712,285,8.27949438202247,8.24210526315789,997,8.26880641925777
719,278,8.27538247566064,8.25179856115108,997,8.26880641925777
714,284,8.26330532212885,8.27464788732394,998,8.26653306613226
717,282,8.2649930264993,8.29078014184397,999,8.27227227227227
724,275,8.29281767955801,8.28727272727273,999,8.29129129129129
715,280,8.2951048951049,8.31071428571429,995,8.29949748743719
719,279,8.31988873435327,8.35125448028674,998,8.32865731462926
719,280,8.33379694019471,8.35357142857143,999,8.33933933933934
710,287,8.34084507042254,8.34843205574913,997,8.34302908726178
714,285,8.35854341736695,8.32631578947368,999,8.34934934934935
720,278,8.33194444444444,8.32014388489209,998,8.32865731462926
716,283,8.36173184357542,8.32508833922262,999,8.35135135135135
709,290,8.38645980253879,8.3551724137931,999,8.37737737737738
710,289,8.39154929577465,8.3840830449827,999,8.38938938938939
706,293,8.37535410764873,8.40955631399317,999,8.38538538538539
706,292,8.39943342776204,8.37671232876712,998,8.39278557114229
704,295,8.41335227272727,8.40677966101695,999,8.41141141141141
696,301,8.41954022988506,8.39202657807309,997,8.41123370110331
688,310,8.43895348837209,8.38709677419355,998,8.42284569138276
690,309,8.43623188405797,8.39805825242718,999,8.42442442442442
685,314,8.42919708029197,8.40764331210191,999,8.42242242242242
681,318,8.46842878120411,8.40880503144654,999,8.44944944944945
681,318,8.46842878120411,8.42767295597484,999,8.45545545545546
690,308,8.49710144927536,8.42532467532468,998,8.4749498997996
687,311,8.47889374090247,8.491961414791,998,8.48296593186373
691,308,8.47467438494935,8.47402597402597,999,8.47447447447447
688,310,8.45639534883721,8.48387096774194,998,8.46492985971944
689,310,8.4833091436865,8.5258064516129,999,8.4964964964965
689,309,8.50362844702467,8.56310679611651,998,8.52204408817635
690,308,8.50289855072464,8.58441558441558,998,8.52805611222445
689,309,8.52685050798258,8.54368932038835,998,8.53206412825651
691,308,8.56005788712012,8.52922077922078,999,8.55055055055055
690,309,8.50434782608696,8.50485436893204,999,8.5045045045045
685,314,8.55036496350365,8.50955414012739,999,8.53753753753754
691,308,8.52677279305355,8.49675324675325,999,8.51751751751752
689,310,8.5544267053701,8.51935483870968,999,8.54354354354354
682,316,8.56011730205279,8.53481012658228,998,8.55210420841683
682,315,8.56304985337243,8.51111111111111,997,8.54663991975928
677,322,8.59084194977843,8.51552795031056,999,8.56656656656657
682,316,8.58651026392962,8.51582278481013,998,8.56412825651303
678,319,8.5811209439528,8.52351097178683,997,8.56268806419258
676,323,8.60059171597633,8.5077399380805,999,8.57057057057057
681,317,8.58883994126285,8.54574132492113,998,8.5751503006012
682,317,8.58797653958944,8.51735015772871,999,8.56556556556557
672,325,8.57886904761905,8.53230769230769,997,8.56369107321966
686,312,8.59037900874636,8.51923076923077,998,8.56813627254509
681,316,8.60058737151248,8.51898734177215,997,8.57472417251755
677,321,8.61447562776957,8.52959501557632,998,8.5871743486974
678,321,8.6401179941003,8.5202492211838,999,8.6016016016016
686,312,8.62390670553936,8.56089743589744,998,8.60420841683367
689,310,8.68505079825835,8.53870967741936,999,8.63963963963964
690,308,8.69420289855072,8.55194805194805,998,8.6503006012024
700,299,8.71,8.56521739130435,999,8.66666666666667
704,295,8.73153409090909,8.59322033898305,999,8.69069069069069
706,293,8.75637393767705,8.58361774744027,999,8.70570570570571
702,297,8.78062678062678,8.5959595959596,999,8.72572572572573
710,289,8.77605633802817,8.62629757785467,999,8.73273273273273
707,292,8.80480905233381,8.6027397260274,999,8.74574574574575
704,295,8.78835227272727,8.68474576271186,999,8.75775775775776
705,294,8.7758865248227,8.71768707482993,999,8.75875875875876
704,295,8.79971590909091,8.73559322033898,999,8.78078078078078
703,296,8.77809388335704,8.75675675675676,999,8.77177177177177
707,291,8.77227722772277,8.76975945017182,998,8.77154308617235
702,297,8.75641025641026,8.77441077441078,999,8.76176176176176
695,303,8.76402877697842,8.75577557755776,998,8.76152304609218
689,310,8.7677793904209,8.77741935483871,999,8.77077077077077
686,311,8.74489795918367,8.7620578778135,997,8.75025075225677
692,306,8.77601156069364,8.74183006535948,998,8.76553106212425
697,302,8.77331420373027,8.76490066225166,999,8.77077077077077
709,290,8.78279266572638,8.79655172413793,999,8.78678678678679
713,286,8.77980364656382,8.82867132867133,999,8.79379379379379
707,292,8.78359264497878,8.79794520547945,999,8.78778778778779
707,292,8.80622347949081,8.79452054794521,999,8.8028028028028
714,284,8.81372549019608,8.80281690140845,998,8.81062124248497
717,282,8.8047419804742,8.80851063829787,999,8.80580580580581
719,280,8.81780250347705,8.77142857142857,999,8.8048048048048
727,270,8.82668500687758,8.77777777777778,997,8.81344032096289
724,273,8.84668508287293,8.79120879120879,997,8.83149448345035
721,278,8.85852981969487,8.81654676258993,999,8.84684684684685
720,279,8.84861111111111,8.83154121863799,999,8.84384384384384
720,279,8.86111111111111,8.79928315412186,999,8.84384384384384
721,278,8.88904299583911,8.80575539568345,999,8.86586586586587
717,281,8.87308228730823,8.83274021352313,998,8.86172344689379
724,274,8.86049723756906,8.84671532846715,998,8.85671342685371
713,285,8.86395511921459,8.86315789473684,998,8.86372745490982
712,287,8.85393258426966,8.86062717770035,999,8.85585585585586
718,280,8.87883008356546,8.83571428571429,998,8.86673346693387
712,285,8.90449438202247,8.86666666666667,997,8.89368104312939
715,284,8.8979020979021,8.90140845070423,999,8.8988988988989
711,287,8.90998593530239,8.91637630662021,998,8.91182364729459
706,293,8.92351274787535,8.95221843003413,999,8.93193193193193
713,285,8.92286115007013,8.9859649122807,998,8.94088176352705
713,286,8.90322580645161,8.93006993006993,999,8.91091091091091
705,294,8.9177304964539,8.91496598639456,999,8.91691691691692
705,293,8.93758865248227,8.93515358361775,998,8.93687374749499
699,300,8.94134477825465,8.98333333333333,999,8.95395395395395
699,300,8.93991416309013,8.97666666666667,999,8.95095095095095
703,296,8.94452347083926,8.96283783783784,999,8.94994994994995
698,301,8.95272206303725,8.96345514950166,999,8.95595595595596
702,297,8.97578347578348,9.0,999,8.98298298298298
703,294,8.98719772403983,8.98299319727891,997,8.98595787362086
700,298,8.98428571428571,8.98657718120805,998,8.98496993987976
700,299,9.01285714285714,9.02341137123746,999,9.01601601601602
710,289,9.01408450704225,9.05190311418685,999,9.02502502502503
704,295,9.01988636363636,9.0135593220339,999,9.01801801801802
704,295,9.02414772727273,8.98983050847458,999,9.01401401401401
705,293,9.00283687943262,8.96928327645051,998,8.99298597194389
710,289,9.01408450704225,8.95847750865052,999,8.997997997998
710,289,9.00422535211268,8.98961937716263,999,9.0
711,287,8.9915611814346,8.98257839721254,998,8.98897795591182
714,283,8.98459383753501,9.0530035335689,997,9.00401203610832
705,294,9.00709219858156,9.05102040816327,999,9.02002002002002
705,294,8.98156028368794,9.07142857142857,999,9.00800800800801
708,290,8.99152542372881,9.13448275862069,998,9.03306613226453
708,291,8.98870056497175,9.15463917525773,999,9.03703703703704
711,288,8.9929676511955,9.16319444444444,999,9.04204204204204
710,288,9.00985915492958,9.18055555555556,998,9.05911823647295
704,294,9.00710227272727,9.14965986394558,998,9.04909819639279
706,293,8.9943342776204,9.20477815699659,999,9.05605605605606
704,294,8.99857954545454,9.20408163265306,998,9.05911823647295
708,290,9.0183615819209,9.21034482758621,998,9.07414829659319
709,290,9.0296191819464,9.20689655172414,999,9.08108108108108
709,290,9.03244005641749,9.2448275862069,999,9.09409409409409
709,290,9.03667136812412,9.25862068965517,999,9.1011011011011
708,290,9.0593220338983,9.26206896551724,998,9.11823647294589
695,303,9.06618705035971,9.27062706270627,998,9.12825651302605
701,295,9.08131241084165,9.24745762711864,996,9.13052208835341
697,302,9.07173601147776,9.24172185430464,999,9.12312312312312
702,296,9.05840455840456,9.25675675675676,998,9.11723446893788
697,302,9.06312769010043,9.18211920529801,999,9.0990990990991
701,298,9.05563480741797,9.20469798657718,999,9.1001001001001
700,299,9.02857142857143,9.25083612040134,999,9.0950950950951
703,295,9.02702702702703,9.24067796610169,998,9.09018036072144
694,305,9.02593659942363,9.24918032786885,999,9.09409409409409
699,299,9.03004291845494,9.32107023411371,998,9.11723446893788
695,303,9.02014388489209,9.30693069306931,998,9.10721442885771
701,297,9.04279600570613,9.30639730639731,998,9.12124248496994
695,303,9.04460431654676,9.31683168316832,998,9.12725450901804
693,304,9.07647907647908,9.31907894736842,997,9.15045135406219
688,311,9.06395348837209,9.33118971061093,999,9.14714714714715
692,306,9.0621387283237,9.29738562091503,998,9.13426853707415
693,306,9.05483405483406,9.31699346405229,999,9.13513513513514
694,304,9.05619596541787,9.32565789473684,998,9.13827655310621
692,307,9.05780346820809,9.3257328990228,999,9.14014014014014
690,309,9.05942028985507,9.33656957928803,999,9.14514514514515
686,313,9.05539358600583,9.33546325878594,999,9.14314314314314
687,312,9.05531295487627,9.3301282051282,999,9.14114114114114
690,309,9.04347826086956,9.35275080906149,999,9.13913913913914
702,296,9.06267806267806,9.36486486486486,998,9.15230460921844
700,299,9.06142857142857,9.37458193979933,999,9.15515515515516
705,294,9.04964539007092,9.36054421768707,999,9.14114114114114
704,294,9.05255681818182,9.40476190476191,998,9.1563126252505
696,303,9.05459770114943,9.43894389438944,999,9.17117117117117
698,300,9.03151862464183,9.46666666666667,998,9.1623246492986
690,309,9.02028985507246,9.4789644012945,999,9.16216216216216
690,309,9.01449275362319,9.47249190938511,999,9.15615615615616
686,312,9.02186588921283,9.49679487179487,998,9.17034068136273
682,317,9.00146627565982,9.49211356466877,999,9.15715715715716
675,324,9.02814814814815,9.50308641975309,999,9.18218218218218
673,325,9.0148588410104,9.49230769230769,998,9.17034068136273
677,322,9.0,9.47515527950311,999,9.15315315315315
671,326,9.00149031296572,9.43865030674847,997,9.1444332998997
673,325,9.02377414561664,9.47384615384615,998,9.17034068136273
664,334,9.0,9.47305389221557,998,9.15831663326653
668,331,9.00449101796407,9.46525679758308,999,9.15715715715716
679,319,8.99705449189985,9.47021943573668,998,9.14829659318637
676,323,9.00739644970414,9.4953560371517,999,9.16516516516517
689,310,9.01741654571843,9.49032258064516,999,9.16416416416416
694,305,9.02881844380403,9.52131147540984,999,9.17917917917918
687,312,9.03639010189229,9.50961538461539,999,9.18418418418418
688,311,9.03779069767442,9.57556270096463,999,9.20520520520521
687,312,9.06113537117904,9.56730769230769,999,9.21921921921922
676,323,9.0310650887574,9.57585139318885,999,9.20720720720721
687,311,9.02183406113537,9.58199356913183,998,9.19639278557114
674,324,9.03709198813056,9.58641975308642,998,9.21543086172345
684,315,9.02923976608187,9.57777777777778,999,9.2022022022022
674,324,9.03709198813056,9.58333333333333,998,9.21442885771543
676,323,9.02218934911243,9.57894736842105,999,9.2022022022022
679,319,9.02503681885125,9.59561128526646,998,9.20741482965932
673,325,9.0297176820208,9.60615384615385,998,9.21743486973948
685,313,9.02481751824818,9.61022364217252,998,9.20841683366733
680,317,9.03823529411765,9.63091482649842,997,9.22668004012036
687,310,9.03202328966521,9.64193548387097,997,9.22166499498496
681,318,9.05726872246696,9.61949685534591,999,9.23623623623624
681,317,9.05873715124816,9.60883280757098,998,9.23346693386774
679,318,9.06185567010309,9.61949685534591,997,9.23971915747242
670,328,9.07014925373134,9.58536585365854,998,9.23947895791583
673,325,9.10549777117385,9.57230769230769,998,9.25751503006012
666,332,9.08408408408408,9.56927710843373,998,9.24549098196393
664,335,9.08584337349398,9.57313432835821,999,9.24924924924925
670,327,9.10149253731343,9.57186544342508,997,9.25576730190572
673,326,9.11738484398217,9.57055214723926,999,9.26526526526527
671,327,9.13412816691505,9.56269113149847,998,9.27454909819639
667,328,9.15892053973013,9.5609756097561,995,9.29145728643216
677,321,9.16543574593796,9.57009345794392,998,9.29559118236473
667,331,9.1544227886057,9.58912386706949,998,9.29859719438878
674,325,9.16765578635015,9.63076923076923,999,9.31831831831832
673,326,9.16344725111441,9.6319018404908,999,9.31631631631632
671,327,9.15797317436662,9.64220183486239,998,9.31663326653307
674,325,9.13649851632047,9.68,999,9.31331331331331
672,327,9.13690476190476,9.67584097859327,999,9.31331331331331
671,327,9.15648286140089,9.67889908256881,998,9.32765531062124
667,332,9.17991004497751,9.68674698795181,999,9.34834834834835
669,328,9.15695067264574,9.6859756097561,997,9.33099297893681
668,331,9.17215568862276,9.68277945619335,999,9.34134134134134
670,327,9.16567164179104,9.68807339449541,997,9.3370110330993
667,331,9.15592203898051,9.6797583081571,998,9.32965931863727
668,330,9.15269461077844,9.67878787878788,998,9.32665330661323
662,337,9.1404833836858,9.70623145400593,999,9.33133133133133
662,334,9.13595166163142,9.67664670658683,996,9.31726907630522
664,334,9.1460843373494,9.67664670658683,998,9.32364729458918
668,331,9.15419161676647,9.70090634441088,999,9.33533533533534
664,334,9.13253012048193,9.70359281437126,998,9.32364729458918
662,336,9.13595166163142,9.69345238095238,998,9.32364729458918
655,343,9.14809160305344,9.70262390670554,998,9.33867735470942
669,330,9.12855007473842,9.7,999,9.31731731731732
669,330,9.11958146487294,9.70909090909091,999,9.31431431431431
667,331,9.11544227886057,9.70090634441088,998,9.30961923847695
663,335,9.11764705882353,9.69850746268657,998,9.312625250501
665,334,9.11729323308271,9.69760479041916,999,9.31131131131131
662,335,9.12537764350453,9.71641791044776,997,9.32397191574724
664,333,9.12650602409639,9.71171171171171,997,9.32196589769308
668,328,9.11676646706587,9.73475609756098,996,9.32028112449799
667,332,9.13193403298351,9.73192771084337,999,9.33133133133133
663,334,9.13574660633484,9.72754491017964,997,9.33400200601805
667,330,9.14992503748126,9.75151515151515,997,9.34904714142427
667,330,9.16491754122939,9.73939393939394,997,9.35506519558676
664,334,9.18373493975904,9.75149700598802,998,9.37374749498998
658,340,9.20516717325228,9.74705882352941,998,9.38977955911824
656,343,9.19969512195122,9.75801749271137,999,9.39139139139139
651,348,9.21658986175115,9.74712643678161,999,9.4014014014014
656,343,9.24390243902439,9.74927113702624,999,9.41741741741742
666,333,9.22522522522523,9.75375375375375,999,9.4014014014014
670,326,9.21492537313433,9.73312883435583,996,9.38453815261044
671,328,9.22801788375559,9.73475609756098,999,9.39439439439439
672,324,9.24255952380952,9.72222222222222,996,9.39859437751004
673,325,9.23625557206538,9.72923076923077,998,9.39679358717435
679,320,9.2459499263623,9.721875,999,9.3983983983984
688,311,9.24563953488372,9.73311897106109,999,9.3973973973974
685,313,9.21167883211679,9.73162939297125,998,9.374749498998
686,312,9.23615160349854,9.73397435897436,998,9.39178356713427
683,315,9.20351390922401,9.73650793650794,998,9.37174348697395
687,312,9.2037845705968,9.73397435897436,999,9.36936936936937
681,317,9.18208516886931,9.73501577287066,998,9.35771543086172
686,311,9.18513119533528,9.7491961414791,997,9.36108324974925
676,323,9.18047337278107,9.76470588235294,999,9.36936936936937
681,318,9.17621145374449,9.75471698113208,999,9.36036036036036
679,320,9.18114874815906,9.775,999,9.37137137137137
682,317,9.19061583577713,9.77602523659306,999,9.37637637637638
676,322,9.17899408284024,9.77639751552795,998,9.37174348697395
673,324,9.17682020802377,9.78703703703704,997,9.37512537612839
663,336,9.17496229260935,9.78869047619048,999,9.38138138138138
668,331,9.18562874251497,9.797583081571,999,9.38838838838839
656,341,9.14329268292683,9.79472140762463,997,9.36609829488465
658,341,9.15045592705167,9.80058651026393,999,9.37237237237237
659,338,9.1350531107739,9.79585798816568,997,9.35907723169509
662,336,9.15256797583082,9.78571428571429,998,9.36573146292585
662,336,9.14350453172205,9.77380952380952,998,9.35571142284569
658,338,9.12917933130699,9.77218934911243,996,9.34738955823293
662,337,9.12839879154079,9.76557863501484,999,9.34334334334334
664,334,9.12951807228916,9.75149700598802,998,9.3376753507014
669,330,9.12406576980568,9.73636363636364,999,9.32632632632633
667,331,9.11994002998501,9.72507552870091,998,9.32064128256513
666,330,9.12462462462462,9.72424242424242,996,9.32329317269076
672,326,9.12351190476191,9.71779141104295,998,9.31763527054108
673,324,9.15601783060921,9.71913580246914,997,9.33901705115346
680,319,9.16617647058824,9.72413793103448,999,9.34434434434434
676,322,9.16863905325444,9.72049689440994,998,9.34669338677355
680,319,9.15735294117647,9.70846394984326,999,9.33333333333333
676,321,9.15532544378698,9.70404984423676,997,9.33199598796389
684,315,9.17690058479532,9.71746031746032,999,9.34734734734735
681,316,9.18208516886931,9.70886075949367,997,9.34904714142427
676,322,9.17455621301775,9.69565217391304,998,9.34268537074148
673,326,9.15304606240713,9.69938650306749,999,9.33133133133133
671,328,9.18181818181818,9.69207317073171,999,9.34934934934935
679,320,9.18851251840942,9.70625,999,9.35435435435435
675,324,9.2,9.72222222222222,999,9.36936936936937
680,319,9.22058823529412,9.72413793103448,999,9.38138138138138
675,323,9.21925925925926,9.72136222910217,998,9.38176352705411
673,324,9.23031203566122,9.71913580246914,997,9.38916750250752
676,322,9.2396449704142,9.72049689440994,998,9.39478957915832
673,326,9.24219910846954,9.70552147239264,999,9.39339339339339
682,317,9.24046920821114,9.70031545741325,999,9.38638638638639
683,315,9.24304538799414,9.6984126984127,998,9.38677354709419
683,316,9.22401171303075,9.68987341772152,999,9.37137137137137
682,316,9.21994134897361,9.70253164556962,998,9.37274549098196
686,313,9.19533527696793,9.71565495207668,999,9.35835835835836
690,309,9.19855072463768,9.70226537216828,999,9.35435435435435
686,313,9.21720116618076,9.68690095846645,999,9.36436436436436
681,316,9.19530102790015,9.68354430379747,997,9.35005015045135
683,316,9.17130307467057,9.67405063291139,999,9.33033033033033
685,312,9.18978102189781,9.66666666666667,997,9.33901705115346
692,307,9.17919075144509,9.64820846905537,999,9.32332332332332
698,301,9.18338108882521,9.64119601328904,999,9.32132132132132
694,305,9.15850144092219,9.64262295081967,999,9.30630630630631
695,304,9.18273381294964,9.65131578947368,999,9.32532532532533
685,313,9.18686131386861,9.65495207667732,998,9.33366733466934
694,304,9.18011527377522,9.65131578947368,998,9.32364729458918
700,299,9.18,9.65886287625418,999,9.32332332332332
703,296,9.19487908961593,9.64864864864865,999,9.32932932932933
712,286,9.20926966292135,9.65734265734266,998,9.3376753507014
717,282,9.23988842398884,9.63829787234043,999,9.35235235235235
712,285,9.22752808988764,9.65964912280702,997,9.35105315947844
717,281,9.21896792189679,9.65836298932384,998,9.34268537074148
713,286,9.22019635343618,9.67482517482518,999,9.35035035035035
723,274,9.22544951590595,9.66788321167883,997,9.34704112337011
725,274,9.22896551724138,9.67153284671533,999,9.35035035035035
727,272,9.23246217331499,9.66544117647059,999,9.35035035035035
730,268,9.22328767123288,9.66417910447761,998,9.34168336673347
728,270,9.23626373626374,9.66296296296296,998,9.35170340681363
729,268,9.23868312757202,9.64925373134328,997,9.34904714142427
735,264,9.25034013605442,9.62878787878788,999,9.35035035035035
739,260,9.25710419485792,9.62692307692308,999,9.35335335335335
744,254,9.26344086021505,9.62204724409449,998,9.35470941883768
739,259,9.27198917456022,9.62548262548263,998,9.36372745490982
735,263,9.26802721088435,9.61596958174905,998,9.35971943887776
732,265,9.26092896174863,9.61132075471698,997,9.35406218655968
738,261,9.25745257452574,9.59386973180077,999,9.34534534534535
722,275,9.27285318559557,9.61454545454546,997,9.36710130391173
724,273,9.26243093922652,9.60805860805861,997,9.35707121364092
726,271,9.2534435261708,9.62730627306273,997,9.35506519558676
724,275,9.25,9.63272727272727,999,9.35535535535536
713,285,9.24263674614306,9.64210526315789,998,9.35671342685371
710,289,9.24225352112676,9.64359861591696,999,9.35835835835836
703,295,9.25604551920341,9.66101694915254,998,9.37575150300601
700,298,9.24,9.66442953020134,998,9.36673346693387
695,303,9.24460431654676,9.66666666666667,998,9.37274549098196
696,301,9.25718390804598,9.67441860465116,997,9.38314944834504
700,299,9.23428571428571,9.65551839464883,999,9.36036036036036
697,302,9.24533715925395,9.65562913907285,999,9.36936936936937
695,302,9.26043165467626,9.64900662251656,997,9.37813440320963
701,298,9.2567760342368,9.6510067114094,999,9.37437437437437
707,292,9.24893917963225,9.64383561643836,999,9.36436436436436
700,298,9.26428571428571,9.63422818791946,998,9.374749498998
701,298,9.27104136947218,9.63422818791946,999,9.37937937937938
709,290,9.27644569816643,9.65172413793104,999,9.38538538538539
707,292,9.28429985855728,9.64383561643836,999,9.38938938938939
704,295,9.30823863636364,9.64406779661017,999,9.40740740740741
713,286,9.31416549789621,9.64685314685315,999,9.40940940940941
703,295,9.33001422475107,9.63389830508475,998,9.41983967935872
707,292,9.33804809052334,9.63698630136986,999,9.42542542542543
706,291,9.35694050991501,9.63230240549828,997,9.43731193580742
695,303,9.36402877697842,9.63366336633663,998,9.44589178356713
696,302,9.36206896551724,9.62913907284768,998,9.44288577154309
694,304,9.36167146974063,9.64473684210526,998,9.44789579158317
699,300,9.36337625178827,9.65666666666667,999,9.45145145145145
695,304,9.36258992805755,9.65131578947368,999,9.45045045045045
699,300,9.36480686695279,9.65333333333333,999,9.45145145145145
699,297,9.36051502145923,9.64983164983165,996,9.44678714859438
703,296,9.36699857752489,9.65202702702703,999,9.45145145145145
697,302,9.3687230989957,9.64569536423841,999,9.45245245245245
709,289,9.36248236953456,9.65051903114187,998,9.44589178356713
702,296,9.34757834757835,9.64189189189189,998,9.43486973947896
697,301,9.35007173601148,9.64119601328904,998,9.43787575150301
696,302,9.35488505747126,9.63245033112583,998,9.43887775551102
697,302,9.34433285509326,9.63245033112583,999,9.43143143143143
696,303,9.35344827586207,9.62376237623762,999,9.43543543543544
702,297,9.36324786324786,9.5993265993266,999,9.43343343343343
711,285,9.37412095639944,9.6140350877193,996,9.44277108433735
714,281,9.37535014005602,9.6085409252669,995,9.44120603015075
714,285,9.35294117647059,9.6280701754386,999,9.43143143143143
705,292,9.37163120567376,9.60616438356164,997,9.44032096288867
712,286,9.35955056179775,9.62587412587413,998,9.43587174348697
709,288,9.36953455571227,9.61111111111111,997,9.43931795386158
705,293,9.38581560283688,9.62116040955631,998,9.45490981963928
712,286,9.39747191011236,9.62237762237762,998,9.46192384769539
708,291,9.41666666666667,9.60481099656357,999,9.47147147147147
711,288,9.41772151898734,9.625,999,9.47747747747748
699,299,9.41773962804006,9.62207357859532,998,9.47895791583166
698,301,9.42263610315186,9.63787375415282,999,9.48748748748749
695,304,9.40863309352518,9.625,999,9.47447447447447
701,296,9.42368045649073,9.63175675675676,997,9.48545636910732
709,289,9.40902679830748,9.64705882352941,998,9.47795591182365
706,293,9.40793201133144,9.65529010238908,999,9.48048048048048
700,298,9.39571428571429,9.66442953020134,998,9.47595190380762
695,304,9.39280575539568,9.66118421052632,999,9.47447447447447
702,295,9.3988603988604,9.66101694915254,997,9.47642928786359
711,288,9.41631504922644,9.67013888888889,999,9.48948948948949
716,283,9.41620111731844,9.65017667844523,999,9.48248248248248
715,283,9.43076923076923,9.6643109540636,998,9.49699398797595
723,275,9.43430152143845,9.64,998,9.49098196392786
714,285,9.44397759103641,9.64561403508772,999,9.5015015015015
710,288,9.45070422535211,9.63194444444444,998,9.50300601202405
708,291,9.44491525423729,9.61512027491409,999,9.49449449449449
707,290,9.46110325318246,9.61034482758621,997,9.50451354062186
707,290,9.46817538896747,9.60344827586207,997,9.50752256770311
711,287,9.46694796061885,9.59581881533101,998,9.50400801603206
714,285,9.46638655462185,9.61754385964912,999,9.50950950950951
719,280,9.45897079276773,9.61785714285714,999,9.5035035035035
717,282,9.45885634588563,9.63120567375887,999,9.50750750750751
710,288,9.45492957746479,9.63541666666667,998,9.50701402805611
706,293,9.45892351274787,9.6382252559727,999,9.51151151151151
706,292,9.44475920679887,9.64041095890411,998,9.50200400801603
699,300,9.45207439198856,9.63666666666667,999,9.50750750750751
693,305,9.45310245310245,9.65245901639344,998,9.51402805611222
690,308,9.45507246376812,9.66233766233766,998,9.5190380761523
692,307,9.45231213872832,9.67752442996743,999,9.52152152152152
692,306,9.45664739884393,9.67647058823529,998,9.52404809619238
690,309,9.45652173913044,9.6957928802589,999,9.53053053053053
690,308,9.47971014492754,9.7012987012987,998,9.54809619238477
688,311,9.46075581395349,9.69774919614148,999,9.53453453453453
687,310,9.45414847161572,9.69032258064516,997,9.52758274824473
684,314,9.46637426900585,9.68471337579618,998,9.53507014028056
687,312,9.46433770014556,9.68589743589744,999,9.53353353353353
684,314,9.45614035087719,9.68152866242038,998,9.52705410821643
688,310,9.4593023255814,9.67096774193548,998,9.5250501002004
688,309,9.45058139534884,9.67961165048544,997,9.52156469408225
693,305,9.44444444444444,9.6655737704918,998,9.51202404809619
695,304,9.4273381294964,9.66447368421053,999,9.4994994994995
694,305,9.4135446685879,9.66229508196721,999,9.48948948948949
690,309,9.39275362318841,9.66019417475728,999,9.47547547547548
684,314,9.39912280701754,9.6624203821656,998,9.48196392785571
694,304,9.38760806916427,9.65131578947368,998,9.46793587174349
704,295,9.39204545454546,9.63728813559322,999,9.46446446446446
700,299,9.40428571428571,9.64882943143813,999,9.47747747747748
701,298,9.42368045649073,9.64765100671141,999,9.49049049049049
702,297,9.43732193732194,9.64646464646465,999,9.4994994994995
703,293,9.44381223328592,9.61092150170649,996,9.4929718875502
707,289,9.46110325318246,9.60553633217993,996,9.50301204819277
711,287,9.46132208157525,9.60975609756098,998,9.50400801603206
713,285,9.46283309957924,9.62105263157895,998,9.50801603206413
710,288,9.44929577464789,9.61805555555556,998,9.49799599198397
709,288,9.4654442877292,9.64236111111111,997,9.51654964894684
713,286,9.46704067321178,9.63986013986014,999,9.51651651651652
707,292,9.48373408769448,9.62671232876712,999,9.52552552552553
712,287,9.48314606741573,9.64808362369338,999,9.53053053053053
712,287,9.48174157303371,9.62369337979094,999,9.52252252252252
710,289,9.48450704225352,9.63321799307958,999,9.52752752752753
712,287,9.48033707865168,9.62717770034843,999,9.52252252252252
712,285,9.48455056179775,9.65263157894737,997,9.53259779338014
716,283,9.45810055865922,9.62897526501767,999,9.50650650650651
710,289,9.45492957746479,9.62975778546713,999,9.50550550550551
722,277,9.44182825484765,9.61371841155235,999,9.48948948948949
714,283,9.44817927170868,9.60424028268551,997,9.49247743229689
721,278,9.44937586685159,9.59352517985612,999,9.48948948948949
723,276,9.4536652835408,9.58333333333333,999,9.48948948948949
724,272,9.43922651933702,9.58088235294118,996,9.47791164658635
716,282,9.4427374301676,9.57801418439716,998,9.4809619238477
714,285,9.4453781512605,9.5719298245614,999,9.48148148148148
717,282,9.43514644351465,9.59574468085106,999,9.48048048048048
706,291,9.44192634560907,9.59106529209622,997,9.48545636910732
709,290,9.43864598025388,9.6,999,9.48548548548549
705,294,9.45531914893617,9.60884353741497,999,9.5005005005005
699,298,9.44635193133047,9.62080536912752,997,9.49849548645938
698,298,9.4512893982808,9.61744966442953,996,9.50100401606426
696,302,9.44540229885057,9.64238410596026,998,9.50501002004008
700,299,9.45571428571429,9.65551839464883,999,9.51551551551552
692,307,9.46387283236994,9.65798045602606,999,9.52352352352352
694,304,9.47838616714697,9.67105263157895,998,9.53707414829659
688,310,9.47674418604651,9.68709677419355,998,9.54208416833667
697,302,9.48350071736012,9.6887417218543,999,9.54554554554555
695,304,9.4863309352518,9.69078947368421,999,9.54854854854855
709,289,9.49224259520451,9.70588235294118,998,9.55410821643287
703,295,9.4950213371266,9.72203389830509,998,9.56212424849699
700,296,9.49571428571429,9.72635135135135,996,9.56425702811245
701,298,9.49928673323823,9.73489932885906,999,9.56956956956957
695,303,9.49064748201439,9.71947194719472,998,9.56012024048096
696,303,9.49281609195402,9.71617161716172,999,9.56056056056056
704,295,9.49431818181818,9.69830508474576,999,9.55455455455455
702,297,9.5,9.7003367003367,999,9.55955955955956
704,293,9.49857954545454,9.72013651877133,997,9.56369107321966
699,300,9.50643776824034,9.70333333333333,999,9.56556556556557
699,300,9.49499284692418,9.69666666666667,999,9.55555555555556
698,299,9.47134670487106,9.68561872909699,997,9.53560682046138
709,290,9.47954866008463,9.69655172413793,999,9.54254254254254
708,291,9.48446327683616,9.68384879725086,999,9.54254254254254
703,296,9.4950213371266,9.68243243243243,999,9.55055055055055
708,290,9.50423728813559,9.67586206896552,998,9.55410821643287
713,286,9.49789621318373,9.65734265734266,999,9.54354354354354
713,284,9.49789621318373,9.65492957746479,997,9.54262788365095
712,287,9.50140449438202,9.6411149825784,999,9.54154154154154
711,286,9.50351617440225,9.62937062937063,997,9.53961885656971
713,286,9.51332398316971,9.61888111888112,999,9.54354354354354
710,289,9.5056338028169,9.62975778546713,999,9.54154154154154
704,295,9.515625,9.63050847457627,999,9.54954954954955
700,298,9.51714285714286,9.65436241610738,998,9.55811623246493
700,299,9.51571428571429,9.65551839464883,999,9.55755755755756
682,317,9.52492668621701,9.64668769716088,999,9.56356356356356
682,317,9.52785923753666,9.65299684542587,999,9.56756756756757
681,317,9.53157121879589,9.65299684542587,998,9.57014028056112
674,324,9.5459940652819,9.65123456790123,998,9.58016032064128
676,322,9.54437869822485,9.63664596273292,998,9.57414829659319
665,331,9.54736842105263,9.65256797583082,996,9.58232931726908
675,324,9.55407407407407,9.65123456790123,999,9.58558558558559
668,331,9.54790419161677,9.66163141993958,999,9.58558558558559
677,321,9.56129985228951,9.65420560747664,998,9.59118236472946
672,325,9.55505952380952,9.65846153846154,997,9.58876629889669
671,326,9.55737704918033,9.66871165644172,997,9.5937813440321
673,325,9.55869242199108,9.68,998,9.59819639278557
672,327,9.55505952380952,9.68195718654434,999,9.5965965965966
668,330,9.5374251497006,9.68787878787879,998,9.5871743486974
667,332,9.53373313343328,9.67168674698795,999,9.57957957957958
674,325,9.52225519287834,9.67076923076923,999,9.57057057057057
680,317,9.53235294117647,9.66246056782334,997,9.57372116349047
690,309,9.52463768115942,9.66666666666667,999,9.56856856856857
693,306,9.52813852813853,9.66013071895425,999,9.56856856856857
694,305,9.53602305475504,9.6655737704918,999,9.57557557557558
696,302,9.5301724137931,9.67549668874172,998,9.57414829659319
695,304,9.5410071942446,9.67763157894737,999,9.58258258258258
688,311,9.54796511627907,9.68167202572347,999,9.58958958958959
686,312,9.55539358600583,9.67628205128205,998,9.59318637274549
691,307,9.55426917510854,9.69381107491857,998,9.59719438877756
694,305,9.56195965417867,9.69836065573771,999,9.6036036036036
689,308,9.55732946298984,9.71428571428571,997,9.60581745235707
698,301,9.55587392550143,9.7109634551495,999,9.6026026026026
689,310,9.56023222060958,9.71935483870968,999,9.60960960960961
690,309,9.54927536231884,9.72168284789644,999,9.6026026026026
689,309,9.55007256894049,9.70873786407767,998,9.59919839679359
693,304,9.55122655122655,9.70723684210526,997,9.5987963891675
684,315,9.54970760233918,9.7015873015873,999,9.5975975975976
689,310,9.55007256894049,9.70322580645161,999,9.5975975975976
688,311,9.55523255813953,9.70739549839228,999,9.6026026026026
681,318,9.54625550660793,9.69496855345912,999,9.59359359359359
677,321,9.53618906942393,9.70093457943925,998,9.58917835671343
681,318,9.54331864904552,9.69496855345912,999,9.59159159159159
679,319,9.54344624447717,9.68965517241379,998,9.59018036072144
681,318,9.53744493392071,9.68867924528302,999,9.58558558558559
691,308,9.52532561505065,9.69155844155844,999,9.57657657657658
694,304,9.52161383285303,9.6875,998,9.57214428857715
693,305,9.52813852813853,9.71147540983607,998,9.58416833667335
693,306,9.51515151515152,9.69607843137255,999,9.57057057057057
693,305,9.52236652236652,9.69180327868852,998,9.57414829659319
696,303,9.52729885057471,9.67656765676568,999,9.57257257257257
702,296,9.53133903133903,9.66891891891892,998,9.57214428857715
704,294,9.515625,9.67687074829932,998,9.56312625250501
703,296,9.51778093883357,9.69256756756757,999,9.56956956956957
705,293,9.52340425531915,9.67918088737201,998,9.56913827655311
708,291,9.52401129943503,9.69072164948454,999,9.57257257257257
718,280,9.53760445682451,9.69285714285714,998,9.5811623246493
716,283,9.54329608938547,9.68197879858657,999,9.58258258258258
715,283,9.54125874125874,9.68551236749117,998,9.58216432865732
707,292,9.53748231966054,9.66780821917808,999,9.57557557557558
703,293,9.53769559032717,9.66894197952218,996,9.57630522088353
700,295,9.54571428571429,9.67118644067797,995,9.58291457286432
709,289,9.54160789844852,9.67820069204152,998,9.5811623246493
712,285,9.52949438202247,9.66666666666667,997,9.56870611835507
720,279,9.55277777777778,9.66666666666667,999,9.58458458458458
717,282,9.53695955369596,9.68085106382979,999,9.57757757757758
718,280,9.54317548746518,9.69285714285714,998,9.58517034068136
720,278,9.54305555555556,9.69064748201439,998,9.58416833667335
715,283,9.54125874125874,9.68197879858657,998,9.5811623246493
717,280,9.55230125523012,9.7,997,9.5937813440321
709,289,9.54724964739069,9.69896193771626,998,9.59118236472946
709,290,9.57263751763046,9.7,999,9.60960960960961
710,289,9.56197183098592,9.71280276816609,999,9.60560560560561
702,297,9.58404558404558,9.70707070707071,999,9.62062062062062
695,302,9.57410071942446,9.69205298013245,997,9.6098294884654
694,304,9.56195965417867,9.68092105263158,998,9.59819639278557
693,306,9.56565656565657,9.68954248366013,999,9.6036036036036
695,303,9.54964028776979,9.67326732673267,998,9.5871743486974
698,299,9.55730659025788,9.68896321070234,997,9.59679037111334
698,299,9.54297994269341,9.67892976588629,997,9.58375125376128
711,286,9.52742616033755,9.6993006993007,997,9.57673019057171
717,282,9.53556485355648,9.70567375886525,999,9.58358358358358
714,285,9.55602240896359,9.71929824561403,999,9.6026026026026
715,281,9.54965034965035,9.72241992882562,996,9.59839357429719
722,276,9.54709141274238,9.71739130434783,998,9.59418837675351
725,273,9.54896551724138,9.72527472527472,998,9.59719438877756
723,276,9.55878284923928,9.72826086956522,999,9.60560560560561
725,273,9.56275862068965,9.74725274725275,998,9.61322645290581
720,277,9.56527777777778,9.74007220216606,997,9.61384152457372
725,273,9.5751724137931,9.75091575091575,998,9.62324649298597
729,270,9.56652949245542,9.75185185185185,999,9.61661661661662
719,279,9.57301808066759,9.75985663082437,998,9.625250501002
724,275,9.58011049723757,9.76363636363636,999,9.63063063063063
716,283,9.59357541899441,9.75618374558304,999,9.63963963963964
719,280,9.58136300417246,9.76071428571429,999,9.63163163163163
707,291,9.56718528995757,9.74570446735395,998,9.61923847695391
704,294,9.58522727272727,9.75170068027211,998,9.63426853707415
698,299,9.56303724928367,9.73913043478261,997,9.61584754262788
711,287,9.56540084388186,9.72822299651568,998,9.61222444889779
709,289,9.57263751763046,9.72318339100346,998,9.61623246492986
708,291,9.57627118644068,9.70790378006873,999,9.61461461461461
710,289,9.55492957746479,9.69204152249135,999,9.59459459459459
708,291,9.56638418079096,9.68041237113402,999,9.5995995995996
706,292,9.55807365439093,9.68835616438356,998,9.59619238476954
702,297,9.57407407407407,9.66666666666667,999,9.6016016016016
706,292,9.57790368271955,9.67808219178082,998,9.60721442885771
704,295,9.56960227272727,9.66779661016949,999,9.5985985985986
698,299,9.58022922636103,9.66889632107023,997,9.60682046138415
705,294,9.58156028368794,9.66326530612245,999,9.60560560560561
700,299,9.60142857142857,9.65886287625418,999,9.61861861861862
692,304,9.61416184971098,9.66118421052632,996,9.6285140562249
698,301,9.62177650429799,9.66445182724252,999,9.63463463463463
696,302,9.625,9.6887417218543,998,9.64428857715431
696,302,9.6264367816092,9.6887417218543,998,9.64529058116232
695,304,9.64460431654676,9.70394736842105,999,9.66266266266266
687,311,9.63464337700146,9.70739549839228,998,9.65731462925852
687,312,9.6433770014556,9.70833333333333,999,9.66366366366366
681,318,9.62408223201175,9.70754716981132,999,9.65065065065065
689,308,9.61973875181422,9.70454545454546,997,9.64593781344032
680,317,9.61911764705882,9.72870662460568,997,9.65396188565697
683,316,9.62225475841874,9.71518987341772,999,9.65165165165165
675,321,9.62222222222222,9.74143302180685,996,9.66064257028112
678,320,9.62536873156342,9.75,998,9.66533066132265
679,320,9.61708394698085,9.75,999,9.65965965965966
677,322,9.62038404726736,9.74534161490683,999,9.66066066066066
677,322,9.6248153618907,9.74844720496894,999,9.66466466466466
676,323,9.63165680473373,9.74922600619195,999,9.66966966966967
672,326,9.63244047619048,9.7361963190184,998,9.66633266533066
666,331,9.63663663663664,9.74622356495468,997,9.67301905717151
666,331,9.64864864864865,9.74320241691843,997,9.68004012036108
674,324,9.6513353115727,9.74382716049383,998,9.6813627254509
673,325,9.66716196136701,9.72615384615385,998,9.68637274549098
675,324,9.68,9.73148148148148,999,9.6966966966967
675,323,9.66962962962963,9.73065015479876,998,9.68937875751503
674,325,9.69881305637982,9.74153846153846,999,9.71271271271271
673,325,9.68647845468053,9.74461538461538,998,9.70541082164329
684,315,9.69152046783626,9.72380952380952,999,9.7017017017017
684,315,9.69005847953216,9.72698412698413,999,9.7017017017017
680,317,9.68823529411765,9.72555205047319,997,9.70010030090271
681,318,9.69162995594714,9.74213836477987,999,9.70770770770771
682,317,9.69208211143695,9.74447949526814,999,9.70870870870871
684,315,9.67982456140351,9.73333333333333,999,9.6966966966967
686,313,9.6734693877551,9.72523961661342,999,9.68968968968969
678,321,9.68289085545723,9.72585669781932,999,9.6966966966967
674,324,9.66765578635015,9.71604938271605,998,9.68336673346693
666,333,9.67717717717718,9.71471471471471,999,9.68968968968969
660,339,9.65909090909091,9.71681415929203,999,9.67867867867868
652,345,9.65490797546012,9.71884057971014,997,9.67703109327984
659,339,9.66160849772382,9.71976401179941,998,9.6813627254509
661,338,9.65960665658094,9.74556213017751,999,9.68868868868869
661,338,9.66111951588502,9.75443786982249,999,9.69269269269269
649,350,9.65793528505393,9.75714285714286,999,9.69269269269269
643,355,9.65629860031104,9.75211267605634,998,9.69038076152305
636,363,9.65566037735849,9.76308539944904,999,9.69469469469469
631,367,9.65768621236133,9.76021798365123,998,9.69539078156313
628,370,9.64808917197452,9.78108108108108,998,9.69739478957916
621,376,9.6634460547504,9.77393617021277,997,9.70511534603811
629,368,9.67885532591415,9.77173913043478,997,9.71313941825476
626,372,9.68210862619808,9.77956989247312,998,9.71843687374749
626,371,9.69808306709265,9.78436657681941,997,9.73019057171514
631,367,9.70047543581616,9.77656675749319,998,9.72845691382765
636,363,9.70754716981132,9.78236914600551,999,9.73473473473473
640,359,9.7078125,9.7883008356546,999,9.73673673673674
645,353,9.70232558139535,9.80169971671388,998,9.7374749498998
646,353,9.70743034055728,9.80453257790368,999,9.74174174174174
639,357,9.7151799687011,9.81512605042017,996,9.75100401606426
644,354,9.70962732919255,9.81638418079096,998,9.74749498997996
645,353,9.70852713178295,9.80169971671388,998,9.74148296593186
646,350,9.70123839009288,9.80285714285714,996,9.73694779116466
655,344,9.69465648854962,9.80232558139535,999,9.73173173173173
650,348,9.69692307692308,9.78735632183908,998,9.72845691382765
656,343,9.6890243902439,9.79883381924198,999,9.72672672672673
649,347,9.69491525423729,9.79538904899136,996,9.72991967871486
650,349,9.71230769230769,9.79942693409742,999,9.74274274274274
635,364,9.70551181102362,9.80769230769231,999,9.74274274274274
628,369,9.70541401273885,9.81029810298103,997,9.74423269809428
621,378,9.7037037037037,9.81216931216931,999,9.74474474474474
627,371,9.70015948963317,9.80862533692722,998,9.74048096192385
618,381,9.6957928802589,9.81889763779528,999,9.74274274274274
632,366,9.70569620253165,9.81420765027322,998,9.74549098196393
622,377,9.71382636655949,9.81697612732095,999,9.75275275275275
627,371,9.70972886762361,9.8167115902965,998,9.74949899799599
623,376,9.71428571428571,9.8218085106383,999,9.75475475475475
626,373,9.71725239616613,9.83378016085791,999,9.76076076076076
636,363,9.71698113207547,9.83195592286501,999,9.75875875875876
625,373,9.7248,9.83378016085791,998,9.76553106212425
631,368,9.72900158478605,9.83423913043478,999,9.76776776776777
626,373,9.71725239616613,9.83646112600536,999,9.76176176176176
636,363,9.72012578616352,9.84297520661157,999,9.76476476476476
638,360,9.72257053291536,9.84444444444444,998,9.76653306613226
634,361,9.71293375394322,9.8421052631579,995,9.75979899497487
633,365,9.72511848341232,9.83287671232877,998,9.76452905811623
640,358,9.7171875,9.83240223463687,998,9.75851703406814
633,366,9.72353870458136,9.8224043715847,999,9.75975975975976
637,362,9.72056514913658,9.83149171270718,999,9.76076076076076
632,367,9.71677215189873,9.83378746594005,999,9.75975975975976
629,368,9.72337042925278,9.82336956521739,997,9.76028084252758
635,362,9.72125984251969,9.83149171270718,997,9.76128385155466
626,372,9.71565495207668,9.8252688172043,998,9.7565130260521
643,356,9.71228615863141,9.81741573033708,999,9.74974974974975
637,362,9.72527472527472,9.8121546961326,999,9.75675675675676
634,365,9.72555205047319,9.81917808219178,999,9.75975975975976
632,366,9.72626582278481,9.83333333333333,998,9.76553106212425
628,371,9.71337579617834,9.81940700808625,999,9.75275275275275
631,366,9.71473851030111,9.83333333333333,997,9.75827482447342
622,376,9.70578778135048,9.82446808510638,998,9.75050100200401
626,373,9.70127795527157,9.83378016085791,999,9.75075075075075
622,377,9.69131832797428,9.83023872679045,999,9.74374374374374
618,380,9.69093851132686,9.82105263157895,998,9.74048096192385
619,379,9.68982229402262,9.82321899736148,998,9.74048096192385
621,378,9.69565217391304,9.82275132275132,999,9.74374374374374
623,375,9.69662921348315,9.83466666666667,998,9.74849699398798
628,370,9.69108280254777,9.83513513513513,998,9.74448897795591
628,371,9.68152866242038,9.84097035040431,999,9.74074074074074
615,384,9.67642276422764,9.83854166666667,999,9.73873873873874
626,373,9.67571884984025,9.85522788203753,999,9.74274274274274
616,381,9.66720779220779,9.85301837270341,997,9.7382146439318
617,381,9.6677471636953,9.85826771653543,998,9.74048096192385
625,374,9.6688,9.86096256684492,999,9.74074074074074
633,366,9.6650868878357,9.84699453551913,999,9.73173173173173
640,357,9.665625,9.84593837535014,997,9.73019057171514
632,367,9.68512658227848,9.84468664850136,999,9.74374374374374
630,369,9.67460317460317,9.85907859078591,999,9.74274274274274
628,371,9.67834394904459,9.84636118598383,999,9.74074074074074
622,376,9.67684887459807,9.85106382978723,998,9.74248496993988
619,380,9.67851373182553,9.85263157894737,999,9.74474474474474
609,390,9.68965517241379,9.85897435897436,999,9.75575575575576
602,395,9.68106312292359,9.86835443037975,997,9.75526579739218
598,400,9.68896321070234,9.8575,998,9.7565130260521
599,400,9.67278797996661,9.86,999,9.74774774774775
590,408,9.67966101694915,9.86029411764706,998,9.75350701402806
598,401,9.67391304347826,9.87281795511222,999,9.75375375375375
594,405,9.67508417508417,9.8641975308642,999,9.75175175175175
592,407,9.68412162162162,9.86977886977887,999,9.75975975975976
589,410,9.67572156196944,9.8609756097561,999,9.75175175175175
587,411,9.70187393526405,9.8661800486618,998,9.76953907815631
588,411,9.70408163265306,9.86374695863747,999,9.76976976976977
587,412,9.69676320272572,9.85679611650485,999,9.76276276276276
580,418,9.70172413793103,9.86363636363636,998,9.76953907815631
582,415,9.70618556701031,9.85542168674699,997,9.76830491474423
590,408,9.70847457627119,9.86274509803922,998,9.77154308617235
582,417,9.69931271477663,9.85851318944844,999,9.76576576576577
581,417,9.70051635111876,9.86091127098321,998,9.76753507014028
578,421,9.70069204152249,9.8646080760095,999,9.76976976976977
578,421,9.71626297577855,9.85748218527316,999,9.77577577577578
584,415,9.69691780821918,9.86506024096385,999,9.76676676676677
586,413,9.69795221843003,9.86198547215496,999,9.76576576576577
590,409,9.67966101694915,9.86063569682152,999,9.75375375375375
594,405,9.68181818181818,9.85925925925926,999,9.75375375375375
606,391,9.68151815181518,9.86700767263427,997,9.75426278836509
610,389,9.67868852459016,9.86118251928021,999,9.74974974974975
613,384,9.68026101141925,9.86197916666667,997,9.75025075225677
615,384,9.66666666666667,9.86458333333333,999,9.74274274274274
616,383,9.67694805194805,9.86945169712794,999,9.75075075075075
619,380,9.67205169628433,9.87368421052632,999,9.74874874874875
623,376,9.67094703049759,9.87765957446809,999,9.74874874874875
622,377,9.66398713826367,9.88328912466844,999,9.74674674674675
618,381,9.65210355987055,9.88976377952756,999,9.74274274274274
627,372,9.65071770334928,9.88978494623656,999,9.73973973973974
631,367,9.65927099841521,9.88828337874659,998,9.7434869739479
626,373,9.66932907348243,9.89812332439678,999,9.75475475475475
621,377,9.6682769726248,9.90185676392573,998,9.7565130260521
622,377,9.67202572347267,9.89389920424403,999,9.75575575575576
615,383,9.67317073170732,9.90339425587467,998,9.76152304609218
614,385,9.67263843648209,9.91168831168831,999,9.76476476476476
616,382,9.66396103896104,9.90575916230367,998,9.7565130260521
610,389,9.66885245901639,9.89974293059126,999,9.75875875875876
612,387,9.66666666666667,9.89922480620155,999,9.75675675675676
609,388,9.66830870279146,9.9020618556701,997,9.7592778335005
604,395,9.66721854304636,9.90632911392405,999,9.76176176176176
602,395,9.66777408637874,9.91645569620253,997,9.76629889669007
594,403,9.66498316498316,9.92059553349876,997,9.76830491474423
601,397,9.68552412645591,9.91939546599496,998,9.77855711422846
598,401,9.66220735785953,9.91271820448878,999,9.76276276276276
607,391,9.65897858319605,9.9156010230179,998,9.75951903807615
614,384,9.65960912052117,9.91666666666667,998,9.75851703406814
620,379,9.65322580645161,9.91292875989446,999,9.75175175175175
621,378,9.64573268921095,9.91269841269841,999,9.74674674674675
618,380,9.63430420711974,9.91052631578947,998,9.73947895791583
623,376,9.64365971107544,9.91223404255319,999,9.74474474474474
624,375,9.64903846153846,9.904,999,9.74474474474474
624,375,9.65224358974359,9.90666666666667,999,9.74774774774775
617,381,9.64667747163695,9.9002624671916,998,9.7434869739479
611,386,9.65630114566285,9.90932642487047,997,9.75426278836509
605,394,9.6495867768595,9.90609137055838,999,9.75075075075075
614,384,9.67100977198697,9.91145833333333,998,9.76352705410822
613,385,9.66394779771615,9.91688311688312,998,9.76152304609218
620,379,9.66612903225806,9.91029023746702,999,9.75875875875876
631,368,9.66561014263075,9.91032608695652,999,9.75575575575576
627,369,9.66188197767145,9.91056910569106,996,9.75401606425703
636,361,9.66981132075472,9.91135734072022,997,9.75727181544634
637,361,9.66875981161695,9.90858725761773,998,9.75551102204409
633,365,9.66824644549763,9.91506849315068,998,9.75851703406814
638,360,9.66614420062696,9.91388888888889,998,9.75551102204409
637,361,9.67189952904239,9.9196675900277,998,9.76152304609218
639,360,9.679186228482,9.93055555555556,999,9.76976976976977
633,365,9.66824644549763,9.93150684931507,998,9.76452905811623
629,370,9.68362480127186,9.92972972972973,999,9.77477477477477
621,378,9.67632850241546,9.92857142857143,999,9.77177177177177
616,383,9.67207792207792,9.9242819843342,999,9.76876876876877
607,392,9.6836902800659,9.92857142857143,999,9.77977977977978
600,398,9.675,9.91959798994975,998,9.77254509018036
589,409,9.68590831918506,9.92909535452323,998,9.78557114228457
585,413,9.68888888888889,9.92493946731235,998,9.78657314629259
587,412,9.68824531516184,9.92233009708738,999,9.78478478478478
588,411,9.69897959183673,9.91484184914842,999,9.78778778778779
586,413,9.6962457337884,9.91767554479419,999,9.78778778778779
583,415,9.70154373927959,9.91084337349398,998,9.78857715430862
581,418,9.71944922547332,9.9066985645933,999,9.7977977977978
579,420,9.72366148531952,9.90952380952381,999,9.8018018018018
587,412,9.73594548551959,9.89320388349515,999,9.8008008008008
596,403,9.74496644295302,9.89330024813896,999,9.8048048048048
583,414,9.75128644939966,9.89130434782609,997,9.80942828485456
596,402,9.72818791946309,9.89303482587065,998,9.79458917835671
601,398,9.73211314475873,9.8894472361809,999,9.79479479479479
607,390,9.71993410214168,9.89230769230769,997,9.78736208625878
612,386,9.70915032679738,9.89637305699482,998,9.78156312625251
609,389,9.72577996715928,9.89203084832905,998,9.79058116232465
607,391,9.72652388797364,9.89769820971867,998,9.7935871743487
606,392,9.72277227722772,9.89285714285714,998,9.78957915831663
610,389,9.72131147540984,9.89460154241645,999,9.78878878878879
609,388,9.73563218390805,9.89175257731959,997,9.79638916750251
615,384,9.73983739837398,9.8984375,999,9.8008008008008
614,384,9.74592833876222,9.89583333333333,998,9.80360721442886
608,391,9.75822368421053,9.9002557544757,999,9.81381381381381
604,395,9.75993377483444,9.90126582278481,999,9.81581581581582
597,402,9.76884422110553,9.90298507462687,999,9.82282282282282
606,392,9.76897689768977,9.90816326530612,998,9.82364729458918
608,390,9.76809210526316,9.90769230769231,998,9.82264529058116
604,393,9.77814569536424,9.91348600508906,997,9.83149448345035
605,394,9.77685950413223,9.90862944162436,999,9.82882882882883
604,394,9.79304635761589,9.90862944162436,998,9.83867735470942
610,389,9.79344262295082,9.91259640102828,999,9.83983983983984
603,393,9.787728026534,9.90330788804071,996,9.83333333333333
609,390,9.78489326765189,9.91025641025641,999,9.83383383383383
601,397,9.79034941763727,9.91183879093199,998,9.83867735470942
603,396,9.79436152570481,9.90656565656566,999,9.83883883883884
596,403,9.78859060402685,9.90570719602978,999,9.83583583583584
594,405,9.8013468013468,9.89876543209876,999,9.84084084084084
588,409,9.79761904761905,9.89975550122249,997,9.839518555667
595,404,9.80168067226891,9.90346534653465,999,9.84284284284284
590,407,9.80677966101695,9.9041769041769,997,9.84653961885657
588,410,9.81122448979592,9.90487804878049,998,9.8496993987976
587,410,9.82112436115843,9.90243902439024,997,9.85456369107322
591,406,9.82233502538071,9.90394088669951,997,9.8555667001003
601,397,9.80865224625624,9.90428211586902,998,9.84669338677355
601,395,9.79866888519135,9.90632911392405,996,9.84136546184739
608,389,9.79440789473684,9.91002570694087,997,9.839518555667
618,380,9.79288025889968,9.91052631578947,998,9.8376753507014
623,376,9.79775280898876,9.91489361702128,999,9.84184184184184
626,372,9.79872204472843,9.91129032258065,998,9.84068136272545
620,376,9.80161290322581,9.90957446808511,996,9.84236947791165
628,371,9.79140127388535,9.90835579514825,999,9.83483483483483
622,377,9.79581993569132,9.90981432360743,999,9.83883883883884
628,370,9.79140127388535,9.90540540540541,998,9.83366733466934
625,371,9.7856,9.90296495956873,996,9.82931726907631
628,371,9.79936305732484,9.90835579514825,999,9.83983983983984
622,375,9.81672025723473,9.90933333333333,997,9.85155466399198
625,374,9.8272,9.91978609625668,999,9.86186186186186
624,375,9.83333333333333,9.91733333333333,999,9.86486486486486
620,379,9.8258064516129,9.91029023746702,999,9.85785785785786
615,383,9.83089430894309,9.911227154047,998,9.86172344689379
614,383,9.8257328990228,9.91383812010444,997,9.85957873620863
605,394,9.83636363636364,9.90862944162436,999,9.86486486486486
609,388,9.83087027914614,9.90721649484536,997,9.86058174523571
618,380,9.83009708737864,9.89736842105263,998,9.85571142284569
625,372,9.8256,9.89784946236559,997,9.85255767301906
619,379,9.83037156704362,9.89709762532982,998,9.85571142284569
614,384,9.83061889250814,9.89583333333333,998,9.85571142284569
615,384,9.83414634146341,9.8984375,999,9.85885885885886
620,378,9.82903225806452,9.91269841269841,998,9.86072144288577
621,378,9.83091787439614,9.91269841269841,999,9.86186186186186
616,383,9.83441558441558,9.911227154047,999,9.86386386386386
613,385,9.83360522022839,9.91428571428571,998,9.86472945891784
622,377,9.83440514469453,9.90450928381963,999,9.86086086086086
629,370,9.83465818759936,9.9027027027027,999,9.85985985985986
629,368,9.84737678855326,9.90217391304348,997,9.86760280842528
637,361,9.84772370486656,9.90581717451524,998,9.8687374749499
636,362,9.85377358490566,9.90883977900553,998,9.87374749498998
633,366,9.85150078988942,9.92076502732241,999,9.87687687687688
632,365,9.85601265822785,9.92602739726027,997,9.88164493480441
633,366,9.85308056872038,9.91530054644809,999,9.87587587587588
634,365,9.86119873817035,9.91232876712329,999,9.87987987987988
632,366,9.86075949367089,9.90983606557377,998,9.87875751503006
635,363,9.8740157480315,9.91184573002755,998,9.88777555110221
639,359,9.87793427230047,9.90807799442897,998,9.88877755511022
631,368,9.87321711568938,9.90217391304348,999,9.88388388388388
640,358,9.8734375,9.90223463687151,998,9.88376753507014
637,362,9.86656200941915,9.91160220994475,999,9.88288288288288
649,348,9.86286594761171,9.90804597701149,997,9.87863590772317
645,353,9.86666666666667,9.90651558073654,998,9.88076152304609
657,341,9.8751902587519,9.90615835777126,998,9.88577154308617
660,339,9.87424242424242,9.90855457227139,999,9.88588588588589
657,342,9.88280060882801,9.91520467836257,999,9.89389389389389
658,341,9.87689969604863,9.91788856304985,999,9.89089089089089
654,343,9.87308868501529,9.92128279883382,997,9.88966900702106
658,341,9.87234042553191,9.9266862170088,999,9.89089089089089
659,339,9.87101669195751,9.92920353982301,998,9.89078156312625
662,336,9.87764350453172,9.93452380952381,998,9.89679358717435
666,333,9.87537537537538,9.94294294294294,999,9.8978978978979
667,332,9.87556221889055,9.93674698795181,999,9.8958958958959
667,332,9.87106446776612,9.94277108433735,999,9.89489489489489
676,323,9.86686390532544,9.93498452012384,999,9.88888888888889
670,328,9.87164179104478,9.94207317073171,998,9.89478957915832
671,328,9.87481371087928,9.9390243902439,999,9.8958958958959
