forward_num,reverse_num,forward_rate,reverse_rate,organism_num,organism_rate
500,500,5.5,5.5,1000,5.5
494,496,5.5080971659919,5.48185483870968,990,5.49494949494949
492,492,5.51626016260163,5.47967479674797,984,5.4979674796748
502,490,5.54581673306773,5.47959183673469,992,5.51310483870968
514,481,5.53307392996109,5.46985446985447,995,5.50251256281407
519,479,5.47784200385356,5.4446764091858,998,5.46192384769539
532,467,5.38533834586466,5.49250535331906,999,5.43543543543544
531,467,5.34274952919021,5.48394004282655,998,5.40881763527054
535,463,5.27663551401869,5.45140388768898,998,5.35771543086172
552,447,5.30253623188406,5.38702460850112,999,5.34034034034034
542,455,5.2859778597786,5.31208791208791,997,5.29789368104313
581,418,5.08605851979346,5.25358851674641,999,5.15615615615616
568,431,5.12852112676056,5.23201856148492,999,5.17317317317317
579,417,5.05699481865285,5.13189448441247,996,5.08835341365462
575,423,4.92695652173913,4.92198581560284,998,4.9248496993988
581,414,4.89672977624785,4.84057971014493,995,4.87336683417085
593,406,4.91568296795953,4.83743842364532,999,4.88388388388388
602,397,4.91694352159468,4.87657430730479,999,4.9009009009009
599,400,4.91819699499165,4.86,999,4.89489489489489
578,420,4.93079584775086,4.74285714285714,998,4.85170340681363
592,407,4.90878378378378,4.76904176904177,999,4.85185185185185
617,382,4.75850891410049,4.76439790575916,999,4.76076076076076
632,366,4.72310126582278,4.77049180327869,998,4.74048096192385
640,358,4.69375,4.75139664804469,998,4.71442885771543
645,354,4.66356589147287,4.74011299435028,999,4.69069069069069
644,354,4.68012422360248,4.59322033898305,998,4.64929859719439
648,351,4.69444444444444,4.54700854700855,999,4.64264264264264
644,355,4.72360248447205,4.4,999,4.60860860860861
649,350,4.71494607087827,4.36857142857143,999,4.59359359359359
648,351,4.70987654320988,4.38746438746439,999,4.5965965965966
662,335,4.72205438066465,4.4089552238806,997,4.61685055165496
672,326,4.72470238095238,4.42944785276074,998,4.62825651302605
672,326,4.65625,4.46319018404908,998,4.59318637274549
675,323,4.63111111111111,4.5015479876161,998,4.58917835671343
681,318,4.69309838472834,4.4748427672956,999,4.62362362362362
679,320,4.65684830633284,4.515625,999,4.61161161161161
682,317,4.67008797653959,4.45425867507886,999,4.6016016016016
673,326,4.65230312035661,4.42638036809816,999,4.57857857857858
682,317,4.6466275659824,4.44479495268139,999,4.58258258258258
682,317,4.63196480938416,4.41324921135647,999,4.56256256256256
678,321,4.59882005899705,4.28971962616822,999,4.4994994994995
680,315,4.58970588235294,4.23174603174603,995,4.47638190954774
688,310,4.52470930232558,4.2741935483871,998,4.44689378757515
698,301,4.50143266475645,4.31229235880399,999,4.44444444444444
699,299,4.47639484978541,4.32107023411371,998,4.42985971943888
704,295,4.48295454545455,4.30508474576271,999,4.43043043043043
701,298,4.43223965763195,4.26510067114094,999,4.38238238238238
710,288,4.47464788732394,4.36111111111111,998,4.44188376753507
710,289,4.49295774647887,4.32871972318339,999,4.44544544544545
710,289,4.46619718309859,4.23529411764706,999,4.3993993993994
720,277,4.45416666666667,4.25992779783394,997,4.40020060180542
727,271,4.4525447042641,4.26937269372694,998,4.40280561122244
734,263,4.45095367847411,4.25855513307985,997,4.40020060180542
739,260,4.44113667117727,4.23076923076923,999,4.38638638638639
747,251,4.44846050870147,4.25099601593625,998,4.39879759519038
745,253,4.46845637583893,4.23715415019763,998,4.40981963927856
748,251,4.44385026737968,4.25896414342629,999,4.3973973973974
748,250,4.42379679144385,4.232,998,4.37575150300601
747,251,4.41633199464525,4.19521912350598,998,4.36072144288577
745,253,4.39597315436242,4.15415019762846,998,4.33466933867735
747,249,4.40963855421687,4.21285140562249,996,4.36044176706827
758,239,4.41160949868074,4.23849372384937,997,4.37011033099298
766,233,4.36814621409922,4.18454935622318,999,4.32532532532533
773,226,4.37904269081501,4.11061946902655,999,4.31831831831832
767,232,4.35984354628422,4.13362068965517,999,4.30730730730731
763,235,4.38663171690695,4.17872340425532,998,4.3376753507014
771,227,4.34889753566796,4.16740088105727,998,4.30761523046092
765,234,4.35947712418301,4.08974358974359,999,4.2962962962963
761,238,4.34954007884363,4.03781512605042,999,4.27527527527528
772,227,4.32772020725389,4.04405286343612,999,4.26326326326326
769,229,4.33029908972692,4.04803493449782,998,4.26553106212425
771,228,4.32295719844358,4.07894736842105,999,4.26726726726727
785,214,4.2828025477707,4.07009345794393,999,4.23723723723724
794,205,4.29722921914358,4.08292682926829,999,4.25325325325325
798,200,4.28320802005013,4.045,998,4.23547094188377
795,204,4.27295597484277,3.99509803921569,999,4.21621621621622
796,203,4.28140703517588,4.01477832512315,999,4.22722722722723
789,210,4.27503168567807,3.98571428571429,999,4.21421421421421
790,208,4.30759493670886,4.00480769230769,998,4.24448897795591
797,200,4.32747804265998,3.965,997,4.25476429287864
806,191,4.29156327543424,3.91623036649215,997,4.21965897693079
808,191,4.26608910891089,3.95287958115183,999,4.20620620620621
807,191,4.26889714993804,3.94764397905759,998,4.20741482965932
810,188,4.23086419753086,4.02127659574468,998,4.19138276553106
800,199,4.26,4.06532663316583,999,4.22122122122122
795,203,4.25408805031447,4.01970443349754,998,4.2064128256513
793,205,4.2875157629256,4.00487804878049,998,4.22945891783567
798,200,4.25062656641604,4.095,998,4.21943887775551
800,197,4.26125,4.06091370558376,997,4.22166499498495
803,195,4.27397260273973,4.13333333333333,998,4.24649298597194
801,198,4.28714107365793,4.14646464646465,999,4.25925925925926
794,203,4.30604534005038,4.21182266009852,997,4.28686058174524
795,204,4.28805031446541,4.25,999,4.28028028028028
795,202,4.28301886792453,4.19306930693069,997,4.26479438314945
797,202,4.26474278544542,4.15841584158416,999,4.24324324324324
800,199,4.26875,4.20100502512563,999,4.25525525525526
800,198,4.26625,4.13636363636364,998,4.24048096192385
802,197,4.26932668329177,4.16243654822335,999,4.24824824824825
803,194,4.26525529265255,4.12886597938144,997,4.23871614844534
808,191,4.26732673267327,4.14659685863874,999,4.24424424424424
813,186,4.27429274292743,4.1505376344086,999,4.25125125125125
815,184,4.29693251533742,4.14673913043478,999,4.26926926926927
819,180,4.32844932844933,4.18888888888889,999,4.3033033033033
821,177,4.28380024360536,4.08474576271186,998,4.24849699398798
827,172,4.28415961305925,4.12790697674419,999,4.25725725725726
829,170,4.27261761158022,4.05882352941176,999,4.23623623623624
835,162,4.30059880239521,4.07407407407407,997,4.26379137412237
835,164,4.28622754491018,4.01219512195122,999,4.24124124124124
835,163,4.28862275449102,3.96319018404908,998,4.23547094188377
834,165,4.27338129496403,3.99393939393939,999,4.22722722722723
834,164,4.27697841726619,3.92682926829268,998,4.21943887775551
840,159,4.27976190476191,3.93710691823899,999,4.22522522522523
831,168,4.25391095066185,3.98214285714286,999,4.20820820820821
837,160,4.24731182795699,3.99375,997,4.20661985957874
840,158,4.22857142857143,3.99367088607595,998,4.19138276553106
849,150,4.22025912838634,4.09333333333333,999,4.2012012012012
848,150,4.25235849056604,4.09333333333333,998,4.22845691382765
848,150,4.26415094339623,4.06666666666667,998,4.23446893787575
849,149,4.25088339222615,4.04697986577181,998,4.22044088176353
850,148,4.28117647058824,4.06756756756757,998,4.24949899799599
860,138,4.30348837209302,4.02898550724638,998,4.26553106212425
863,136,4.31286210892236,4.07352941176471,999,4.28028028028028
863,136,4.3279258400927,4.09558823529412,999,4.2962962962963
859,140,4.32712456344587,4.08571428571429,999,4.29329329329329
859,140,4.31897555296857,4.10714285714286,999,4.28928928928929
864,134,4.28703703703704,4.12686567164179,998,4.26553106212425
864,133,4.28587962962963,4.18796992481203,997,4.2728184553661
866,133,4.3013856812933,4.14285714285714,999,4.28028028028028
864,135,4.30902777777778,4.11851851851852,999,4.28328328328328
866,131,4.30023094688222,4.08396946564886,997,4.27181544633902
875,124,4.296,4.14516129032258,999,4.27727727727728
875,124,4.30742857142857,4.11290322580645,999,4.28328328328328
874,125,4.30549199084668,4.152,999,4.28628628628629
872,127,4.31651376146789,4.24409448818898,999,4.30730730730731
874,124,4.31922196796339,4.20161290322581,998,4.30460921843687
876,123,4.28881278538813,4.20325203252033,999,4.27827827827828
874,124,4.26659038901602,4.11290322580645,998,4.24749498997996
874,124,4.25629290617849,4.07258064516129,998,4.23346693386774
870,128,4.30114942528736,4.078125,998,4.27254509018036
876,123,4.28881278538813,4.10569105691057,999,4.26626626626627
891,107,4.26374859708193,4.02803738317757,998,4.23847695390782
890,109,4.26179775280899,3.99082568807339,999,4.23223223223223
885,112,4.23502824858757,4.07142857142857,997,4.21664994984955
890,108,4.20674157303371,4.09259259259259,998,4.19438877755511
893,105,4.22508398656215,4.01904761904762,998,4.20340681362725
894,105,4.21923937360179,4.03809523809524,999,4.2002002002002
893,106,4.17469204927212,4.0377358490566,999,4.16016016016016
898,101,4.19599109131403,4.00990099009901,999,4.17717717717718
900,99,4.26555555555556,3.96969696969697,999,4.23623623623624
903,95,4.27796234772979,4.03157894736842,998,4.25450901803607
902,95,4.27272727272727,4.07368421052632,997,4.25376128385155
904,95,4.26880530973451,4.0,999,4.24324324324324
905,92,4.28397790055249,4.06521739130435,997,4.26379137412237
906,91,4.28476821192053,4.05494505494505,997,4.26379137412237
909,89,4.27282728272827,4.02247191011236,998,4.25050100200401
909,90,4.29152915291529,4.03333333333333,999,4.26826826826827
907,90,4.24917309812569,3.98888888888889,997,4.22567703109328
905,92,4.25745856353591,3.90217391304348,997,4.2246740220662
908,90,4.25330396475771,4.01111111111111,998,4.2314629258517
910,89,4.27692307692308,4.02247191011236,999,4.25425425425425
908,89,4.23568281938326,3.98876404494382,997,4.21364092276831
908,89,4.24118942731278,4.0,997,4.21965897693079
909,90,4.23432343234323,3.97777777777778,999,4.21121121121121
912,86,4.21929824561404,4.0,998,4.20040080160321
917,81,4.27699018538713,3.98765432098765,998,4.25350701402806
926,73,4.27753779697624,4.01369863013699,999,4.25825825825826
923,75,4.27735644637053,4.02666666666667,998,4.25851703406814
929,70,4.2497308934338,3.94285714285714,999,4.22822822822823
929,70,4.25618945102261,3.87142857142857,999,4.22922922922923
931,68,4.28678839957035,3.72058823529412,999,4.24824824824825
928,71,4.30603448275862,3.70422535211268,999,4.26326326326326
927,70,4.33009708737864,3.71428571428571,997,4.28686058174524
931,68,4.31364124597207,3.80882352941176,999,4.27927927927928
936,61,4.32905982905983,3.88524590163934,997,4.30190571715145
938,61,4.29637526652452,3.78688524590164,999,4.26526526526527
946,53,4.31606765327696,3.79245283018868,999,4.28828828828829
941,56,4.31137088204038,3.78571428571429,997,4.28184553660983
942,57,4.27707006369427,3.84210526315789,999,4.25225225225225
944,55,4.22669491525424,3.72727272727273,999,4.1991991991992
946,51,4.25158562367865,3.7843137254902,997,4.22768304914744
948,49,4.26054852320675,3.63265306122449,997,4.2296890672016
949,50,4.23603793466807,3.5,999,4.1991991991992
951,47,4.21661409043113,3.51063829787234,998,4.18336673346693
952,47,4.24159663865546,3.51063829787234,999,4.20720720720721
954,45,4.27148846960168,3.46666666666667,999,4.23523523523524
948,49,4.29113924050633,3.40816326530612,997,4.24774322968907
951,47,4.28601472134595,3.38297872340426,998,4.2434869739479
956,43,4.30125523012552,3.37209302325581,999,4.26126126126126
960,38,4.28958333333333,3.47368421052632,998,4.25851703406814
961,38,4.28199791883455,3.44736842105263,999,4.25025025025025
962,37,4.28898128898129,3.48648648648649,999,4.25925925925926
960,39,4.27708333333333,3.51282051282051,999,4.24724724724725
956,40,4.2928870292887,3.625,996,4.26606425702811
961,38,4.29240374609781,3.44736842105263,999,4.26026026026026
963,35,4.28764278296989,3.45714285714286,998,4.25851703406814
965,33,4.26010362694301,3.54545454545455,998,4.23647294589178
971,26,4.2399588053553,3.57692307692308,997,4.22266800401204
975,24,4.23794871794872,3.66666666666667,999,4.22422422422422
975,24,4.2225641025641,3.66666666666667,999,4.20920920920921
975,23,4.2574358974359,3.52173913043478,998,4.24048096192385
973,25,4.27235354573484,3.56,998,4.25450901803607
971,28,4.2615859938208,3.60714285714286,999,4.24324324324324
965,31,4.22901554404145,3.48387096774194,996,4.20582329317269
967,32,4.22854188210962,3.375,999,4.2012012012012
971,27,4.17095777548919,3.40740740740741,998,4.1503006012024
978,21,4.20245398773006,3.38095238095238,999,4.18518518518519
977,19,4.19959058341863,3.52631578947368,996,4.18674698795181
978,19,4.19631901840491,3.68421052631579,997,4.18655967903711
978,19,4.22699386503067,3.57894736842105,997,4.21464393179539
981,17,4.24057084607543,3.58823529411765,998,4.22945891783567
984,15,4.23678861788618,3.6,999,4.22722722722723
981,17,4.23139653414883,3.94117647058824,998,4.22645290581162
982,17,4.21486761710794,3.88235294117647,999,4.20920920920921
981,18,4.23547400611621,3.83333333333333,999,4.22822822822823
980,18,4.25204081632653,3.88888888888889,998,4.24549098196393
980,19,4.2969387755102,3.84210526315789,999,4.28828828828829
983,16,4.33367243133265,3.875,999,4.32632632632633
984,14,4.32012195121951,3.57142857142857,998,4.30961923847695
985,14,4.32690355329949,3.57142857142857,999,4.31631631631632
985,12,4.34314720812183,3.5,997,4.33299899699097
987,12,4.36474164133739,3.58333333333333,999,4.35535535535536
987,12,4.39918946301925,3.91666666666667,999,4.39339339339339
985,14,4.39289340101523,4.0,999,4.38738738738739
984,14,4.39939024390244,3.71428571428571,998,4.38977955911824
987,12,4.37993920972644,4.0,999,4.37537537537538
985,13,4.38172588832487,4.0,998,4.37675350701403
986,12,4.41277890466531,4.08333333333333,998,4.40881763527054
987,11,4.41843971631206,3.90909090909091,998,4.41282565130261
990,9,4.41515151515152,4.0,999,4.41141141141141
988,10,4.41396761133603,4.1,998,4.41082164328657
989,9,4.40242669362993,4.11111111111111,998,4.3997995991984
990,9,4.36868686868687,4.33333333333333,999,4.36836836836837
989,9,4.36400404448938,4.22222222222222,998,4.3627254509018
991,7,4.37336024217962,3.85714285714286,998,4.36973947895792
991,7,4.35620585267407,3.85714285714286,998,4.35270541082164
990,7,4.35757575757576,3.85714285714286,997,4.35406218655968
990,8,4.36363636363636,3.875,998,4.35971943887776
992,7,4.37701612903226,3.71428571428571,999,4.37237237237237
992,7,4.38306451612903,3.71428571428571,999,4.37837837837838
990,7,4.3969696969697,3.71428571428571,997,4.39217652958877
993,6,4.39073514602215,4.16666666666667,999,4.38938938938939
993,6,4.37562940584089,4.16666666666667,999,4.37437437437437
990,9,4.36060606060606,4.11111111111111,999,4.35835835835836
991,8,4.3481331987891,4.125,999,4.34634634634635
992,6,4.34375,4.5,998,4.34468937875751
993,5,4.31923464249748,4.6,998,4.32064128256513
993,5,4.29506545820745,4.6,998,4.29659318637275
992,6,4.31754032258065,4.66666666666667,998,4.31963927855711
993,6,4.337361530715,5.0,999,4.34134134134134
992,6,4.32459677419355,5.0,998,4.32865731462926
992,6,4.29939516129032,5.0,998,4.30360721442886
993,6,4.26586102719033,5.0,999,4.27027027027027
993,6,4.28499496475327,4.83333333333333,999,4.28828828828829
992,6,4.30745967741935,5.0,998,4.31162324649299
994,5,4.27967806841046,5.0,999,4.28328328328328
995,4,4.28743718592965,5.0,999,4.29029029029029
994,4,4.29979879275654,5.0,998,4.30260521042084
993,4,4.27089627391742,5.0,997,4.27382146439318
995,4,4.25628140703518,5.0,999,4.25925925925926
994,4,4.25150905432596,5.0,998,4.25450901803607
993,5,4.26888217522659,4.6,998,4.27054108216433
994,5,4.28470824949698,4.6,999,4.28628628628629
993,5,4.30715005035247,5.2,998,4.31162324649299
993,5,4.28600201409869,5.2,998,4.29058116232465
995,3,4.31457286432161,5.33333333333333,998,4.31763527054108
994,3,4.32796780684105,5.33333333333333,997,4.33099297893681
995,3,4.34572864321608,5.33333333333333,998,4.34869739478958
996,3,4.39056224899598,6.66666666666667,999,4.3973973973974
996,3,4.37751004016064,6.66666666666667,999,4.38438438438438
995,2,4.36482412060302,6.5,997,4.3691073219659
996,1,4.38253012048193,7.0,997,4.3851554663992
995,1,4.3748743718593,7.0,996,4.37751004016064
998,1,4.37875751503006,7.0,999,4.38138138138138
998,1,4.35771543086172,7.0,999,4.36036036036036
997,1,4.38615847542628,7.0,998,4.38877755511022
998,1,4.37575150300601,7.0,999,4.37837837837838
997,1,4.35606820461384,7.0,998,4.35871743486974
996,1,4.35341365461847,7.0,997,4.35606820461384
998,1,4.37074148296593,7.0,999,4.37337337337337
996,1,4.38755020080321,7.0,997,4.3901705115346
997,1,4.38716148445336,7.0,998,4.38977955911824
998,1,4.3436873747495,7.0,999,4.34634634634635
998,1,4.31663326653307,7.0,999,4.31931931931932
998,1,4.31162324649299,7.0,999,4.31431431431431
996,1,4.30321285140562,7.0,997,4.30591775325978
996,1,4.31024096385542,7.0,997,4.31293881644935
996,1,4.31325301204819,7.0,997,4.31594784353059
998,1,4.2935871743487,7.0,999,4.2962962962963
998,1,4.31563126252505,7.0,999,4.31831831831832
998,1,4.35070140280561,7.0,999,4.35335335335335
997,2,4.34704112337011,7.5,999,4.35335335335335
994,2,4.37323943661972,7.5,996,4.37951807228916
996,2,4.35140562248996,7.5,998,4.35771543086172
997,2,4.34302908726178,7.5,999,4.34934934934935
996,2,4.3504016064257,7.5,998,4.35671342685371
996,2,4.35843373493976,7.5,998,4.36472945891784
997,2,4.32196589769308,7.5,999,4.32832832832833
997,2,4.28686058174524,7.5,999,4.29329329329329
997,2,4.29989969909729,7.5,999,4.30630630630631
997,2,4.3259779338014,7.5,999,4.33233233233233
997,2,4.32798395185557,7.5,999,4.33433433433433
997,2,4.32296890672016,7.5,999,4.32932932932933
995,2,4.34170854271357,7.5,997,4.34804413239719
996,2,4.32730923694779,7.5,998,4.33366733466934
997,2,4.32798395185557,7.5,999,4.33433433433433
996,2,4.35542168674699,7.5,998,4.36172344689379
997,2,4.36108324974925,7.5,999,4.36736736736737
996,2,4.34036144578313,7.5,998,4.34669338677355
996,2,4.34538152610442,7.5,998,4.35170340681363
997,2,4.34002006018054,7.5,999,4.34634634634635
996,2,4.35642570281125,7.5,998,4.3627254509018
997,2,4.31795386158475,7.5,999,4.32432432432432
996,2,4.32028112449799,7.5,998,4.32665330661323
997,2,4.34102306920762,7.5,999,4.34734734734735
994,2,4.36016096579477,7.5,996,4.36646586345381
994,2,4.35110663983903,7.5,996,4.3574297188755
998,1,4.35771543086172,7.0,999,4.36036036036036
998,1,4.32665330661323,7.0,999,4.32932932932933
998,1,4.33266533066132,7.0,999,4.33533533533534
996,1,4.33835341365462,7.0,997,4.34102306920762
997,1,4.37211634904714,7.0,998,4.374749498998
996,2,4.35341365461847,6.5,998,4.35771543086172
997,2,4.35205616850552,6.5,999,4.35635635635636
997,2,4.31394182547643,6.5,999,4.31831831831832
998,1,4.31963927855711,7.0,999,4.32232232232232
997,1,4.36108324974925,7.0,998,4.36372745490982
998,1,4.35671342685371,7.0,999,4.35935935935936
998,1,4.34068136272545,7.0,999,4.34334334334334
998,1,4.32164328657315,7.0,999,4.32432432432432
995,1,4.28743718592965,7.0,996,4.29016064257028
998,1,4.27154308617235,7.0,999,4.27427427427427
997,1,4.28184553660983,7.0,998,4.28456913827655
997,1,4.27382146439318,7.0,998,4.27655310621242
997,1,4.24373119358074,7.0,998,4.24649298597194
998,1,4.24448897795591,7.0,999,4.24724724724725
998,1,4.20741482965932,7.0,999,4.21021021021021
997,1,4.17953861584754,7.0,998,4.18236472945892
997,1,4.15346038114343,7.0,998,4.1563126252505
998,1,4.18036072144289,7.0,999,4.18318318318318
998,1,4.17034068136273,7.0,999,4.17317317317317
997,1,4.15847542627884,7.0,998,4.16132264529058
998,1,4.15531062124249,7.0,999,4.15815815815816
998,1,4.14729458917836,7.0,999,4.15015015015015
998,0,4.16332665330661,NaN,998,4.16332665330661
996,0,4.18273092369478,NaN,996,4.18273092369478
999,0,4.17317317317317,NaN,999,4.17317317317317
999,0,4.15515515515516,NaN,999,4.15515515515516
999,0,4.15815815815816,NaN,999,4.15815815815816
996,0,4.16566265060241,NaN,996,4.16566265060241
998,0,4.187374749499,NaN,998,4.187374749499
998,0,4.16332665330661,NaN,998,4.16332665330661
999,0,4.14814814814815,NaN,999,4.14814814814815
999,0,4.14014014014014,NaN,999,4.14014014014014
998,0,4.16533066132265,NaN,998,4.16533066132265
999,0,4.15415415415415,NaN,999,4.15415415415415
998,0,4.11322645290581,NaN,998,4.11322645290581
997,0,4.11735205616851,NaN,997,4.11735205616851
999,0,4.12512512512513,NaN,999,4.12512512512513
999,0,4.11611611611612,NaN,999,4.11611611611612
998,0,4.10921843687375,NaN,998,4.10921843687375
999,0,4.11011011011011,NaN,999,4.11011011011011
998,0,4.09418837675351,NaN,998,4.09418837675351
999,0,4.12112112112112,NaN,999,4.12112112112112
997,0,4.12938816449348,NaN,997,4.12938816449348
999,0,4.1031031031031,NaN,999,4.1031031031031
999,0,4.08708708708709,NaN,999,4.08708708708709
998,0,4.11723446893788,NaN,998,4.11723446893788
998,0,4.13226452905812,NaN,998,4.13226452905812
998,0,4.09018036072144,NaN,998,4.09018036072144
999,0,4.08708708708709,NaN,999,4.08708708708709
998,0,4.08617234468938,NaN,998,4.08617234468938
998,0,4.08416833667335,NaN,998,4.08416833667335
999,0,4.0980980980981,NaN,999,4.0980980980981
999,0,4.12412412412412,NaN,999,4.12412412412412
999,0,4.12112112112112,NaN,999,4.12112112112112
998,0,4.13026052104208,NaN,998,4.13026052104208
998,0,4.11122244488978,NaN,998,4.11122244488978
997,0,4.12236710130391,NaN,997,4.12236710130391
998,0,4.13226452905812,NaN,998,4.13226452905812
998,0,4.11723446893788,NaN,998,4.11723446893788
999,0,4.15115115115115,NaN,999,4.15115115115115
999,0,4.12912912912913,NaN,999,4.12912912912913
999,0,4.14014014014014,NaN,999,4.14014014014014
998,0,4.11322645290581,NaN,998,4.11322645290581
997,0,4.11634904714142,NaN,997,4.11634904714142
997,0,4.11334002006018,NaN,997,4.11334002006018
998,0,4.10721442885772,NaN,998,4.10721442885772
998,0,4.09819639278557,NaN,998,4.09819639278557
997,0,4.10832497492477,NaN,997,4.10832497492477
999,0,4.14014014014014,NaN,999,4.14014014014014
997,0,4.14142427281846,NaN,997,4.14142427281846
999,0,4.12812812812813,NaN,999,4.12812812812813
999,0,4.09209209209209,NaN,999,4.09209209209209
999,0,4.1041041041041,NaN,999,4.1041041041041
998,0,4.12224448897796,NaN,998,4.12224448897796
998,0,4.12725450901804,NaN,998,4.12725450901804
998,0,4.09619238476954,NaN,998,4.09619238476954
998,0,4.07414829659319,NaN,998,4.07414829659319
999,0,4.08208208208208,NaN,999,4.08208208208208
999,0,4.1031031031031,NaN,999,4.1031031031031
999,0,4.1031031031031,NaN,999,4.1031031031031
999,0,4.04304304304304,NaN,999,4.04304304304304
999,0,4.08908908908909,NaN,999,4.08908908908909
999,0,4.08608608608609,NaN,999,4.08608608608609
999,0,4.08608608608609,NaN,999,4.08608608608609
999,0,4.11711711711712,NaN,999,4.11711711711712
998,0,4.12725450901804,NaN,998,4.12725450901804
998,0,4.13927855711423,NaN,998,4.13927855711423
999,0,4.14114114114114,NaN,999,4.14114114114114
999,0,4.15215215215215,NaN,999,4.15215215215215
999,0,4.13213213213213,NaN,999,4.13213213213213
999,0,4.10810810810811,NaN,999,4.10810810810811
999,0,4.14514514514515,NaN,999,4.14514514514515
998,0,4.125250501002,NaN,998,4.125250501002
999,0,4.11711711711712,NaN,999,4.11711711711712
999,0,4.11511511511512,NaN,999,4.11511511511512
996,0,4.14759036144578,NaN,996,4.14759036144578
999,0,4.14514514514515,NaN,999,4.14514514514515
998,0,4.16432865731463,NaN,998,4.16432865731463
999,0,4.18418418418418,NaN,999,4.18418418418418
998,0,4.17034068136273,NaN,998,4.17034068136273
999,0,4.15915915915916,NaN,999,4.15915915915916
997,0,4.15245737211635,NaN,997,4.15245737211635
999,0,4.15315315315315,NaN,999,4.15315315315315
999,0,4.1971971971972,NaN,999,4.1971971971972
999,0,4.17517517517518,NaN,999,4.17517517517518
998,0,4.22044088176353,NaN,998,4.22044088176353
998,0,4.22645290581162,NaN,998,4.22645290581162
999,0,4.18818818818819,NaN,999,4.18818818818819
999,0,4.16016016016016,NaN,999,4.16016016016016
997,0,4.13640922768305,NaN,997,4.13640922768305
999,0,4.14914914914915,NaN,999,4.14914914914915
998,0,4.14629258517034,NaN,998,4.14629258517034
999,0,4.17517517517518,NaN,999,4.17517517517518
999,0,4.16116116116116,NaN,999,4.16116116116116
997,0,4.14343029087262,NaN,997,4.14343029087262
998,0,4.10220440881764,NaN,998,4.10220440881764
999,0,4.12112112112112,NaN,999,4.12112112112112
998,0,4.09619238476954,NaN,998,4.09619238476954
999,0,4.12812812812813,NaN,999,4.12812812812813
999,0,4.12512512512513,NaN,999,4.12512512512513
999,0,4.10710710710711,NaN,999,4.10710710710711
999,0,4.13213213213213,NaN,999,4.13213213213213
999,0,4.13013013013013,NaN,999,4.13013013013013
999,0,4.10510510510511,NaN,999,4.10510510510511
999,0,4.13113113113113,NaN,999,4.13113113113113
998,0,4.12224448897796,NaN,998,4.12224448897796
998,0,4.12424849699399,NaN,998,4.12424849699399
997,0,4.15145436308927,NaN,997,4.15145436308927
999,0,4.18818818818819,NaN,999,4.18818818818819
999,0,4.17117117117117,NaN,999,4.17117117117117
997,0,4.18054162487462,NaN,997,4.18054162487462
998,0,4.20240480961924,NaN,998,4.20240480961924
999,0,4.20920920920921,NaN,999,4.20920920920921
999,0,4.20720720720721,NaN,999,4.20720720720721
999,0,4.20920920920921,NaN,999,4.20920920920921
999,0,4.20720720720721,NaN,999,4.20720720720721
999,0,4.21121121121121,NaN,999,4.21121121121121
999,0,4.21121121121121,NaN,999,4.21121121121121
998,0,4.23647294589178,NaN,998,4.23647294589178
997,0,4.22768304914744,NaN,997,4.22768304914744
999,0,4.22422422422422,NaN,999,4.22422422422422
997,0,4.23269809428285,NaN,997,4.23269809428285
999,0,4.25425425425425,NaN,999,4.25425425425425
998,0,4.2935871743487,NaN,998,4.2935871743487
999,0,4.28028028028028,NaN,999,4.28028028028028
998,0,4.28857715430862,NaN,998,4.28857715430862
998,0,4.29258517034068,NaN,998,4.29258517034068
999,0,4.28828828828829,NaN,999,4.28828828828829
999,0,4.3033033033033,NaN,999,4.3033033033033
997,0,4.31293881644935,NaN,997,4.31293881644935
999,0,4.31431431431431,NaN,999,4.31431431431431
998,0,4.35270541082164,NaN,998,4.35270541082164
998,0,4.35671342685371,NaN,998,4.35671342685371
997,0,4.31093279839519,NaN,997,4.31093279839519
998,0,4.30060120240481,NaN,998,4.30060120240481
999,0,4.31031031031031,NaN,999,4.31031031031031
999,0,4.36136136136136,NaN,999,4.36136136136136
997,0,4.35005015045135,NaN,997,4.35005015045135
999,0,4.35335335335335,NaN,999,4.35335335335335
999,0,4.37537537537538,NaN,999,4.37537537537538
999,0,4.35035035035035,NaN,999,4.35035035035035
998,0,4.34268537074148,NaN,998,4.34268537074148
997,0,4.32898696088265,NaN,997,4.32898696088265
999,0,4.32032032032032,NaN,999,4.32032032032032
999,0,4.32132132132132,NaN,999,4.32132132132132
997,0,4.27482447342026,NaN,997,4.27482447342026
998,0,4.28456913827655,NaN,998,4.28456913827655
999,0,4.28928928928929,NaN,999,4.28928928928929
998,0,4.28957915831663,NaN,998,4.28957915831663
999,0,4.30630630630631,NaN,999,4.30630630630631
998,0,4.27755511022044,NaN,998,4.27755511022044
999,0,4.25725725725726,NaN,999,4.25725725725726
999,0,4.3003003003003,NaN,999,4.3003003003003
999,0,4.27527527527528,NaN,999,4.27527527527528
996,0,4.2781124497992,NaN,996,4.2781124497992
998,0,4.25851703406814,NaN,998,4.25851703406814
999,0,4.27327327327327,NaN,999,4.27327327327327
998,0,4.2625250501002,NaN,998,4.2625250501002
997,0,4.26278836509529,NaN,997,4.26278836509529
998,0,4.24448897795591,NaN,998,4.24448897795591
999,0,4.22622622622623,NaN,999,4.22622622622623
999,0,4.16816816816817,NaN,999,4.16816816816817
998,0,4.14328657314629,NaN,998,4.14328657314629
999,0,4.13313313313313,NaN,999,4.13313313313313
999,0,4.15815815815816,NaN,999,4.15815815815816
998,0,4.12925851703407,NaN,998,4.12925851703407
997,0,4.1444332998997,NaN,997,4.1444332998997
999,0,4.15215215215215,NaN,999,4.15215215215215
996,0,4.14558232931727,NaN,996,4.14558232931727
997,0,4.17352056168505,NaN,997,4.17352056168505
999,0,4.1971971971972,NaN,999,4.1971971971972
998,0,4.18436873747495,NaN,998,4.18436873747495
999,0,4.18818818818819,NaN,999,4.18818818818819
998,0,4.2064128256513,NaN,998,4.2064128256513
998,0,4.19238476953908,NaN,998,4.19238476953908
999,0,4.16516516516517,NaN,999,4.16516516516517
999,0,4.13913913913914,NaN,999,4.13913913913914
998,0,4.12324649298597,NaN,998,4.12324649298597
998,0,4.14228456913828,NaN,998,4.14228456913828
998,0,4.14328657314629,NaN,998,4.14328657314629
999,0,4.14614614614615,NaN,999,4.14614614614615
999,0,4.13213213213213,NaN,999,4.13213213213213
998,0,4.09719438877756,NaN,998,4.09719438877756
998,0,4.13426853707415,NaN,998,4.13426853707415
998,0,4.12925851703407,NaN,998,4.12925851703407
999,0,4.15615615615616,NaN,999,4.15615615615616
999,0,4.17017017017017,NaN,999,4.17017017017017
999,0,4.14314314314314,NaN,999,4.14314314314314
997,0,4.17051153460381,NaN,997,4.17051153460381
998,0,4.17535070140281,NaN,998,4.17535070140281
997,0,4.19358074222668,NaN,997,4.19358074222668
999,0,4.18218218218218,NaN,999,4.18218218218218
998,0,4.18537074148297,NaN,998,4.18537074148297
997,0,4.17853560682046,NaN,997,4.17853560682046
999,0,4.19319319319319,NaN,999,4.19319319319319
999,0,4.15515515515516,NaN,999,4.15515515515516
998,0,4.14028056112224,NaN,998,4.14028056112224
992,0,4.15322580645161,NaN,992,4.15322580645161
998,0,4.16733466933868,NaN,998,4.16733466933868
998,0,4.17334669338677,NaN,998,4.17334669338677
998,0,4.17034068136273,NaN,998,4.17034068136273
999,0,4.15815815815816,NaN,999,4.15815815815816
997,0,4.16950852557673,NaN,997,4.16950852557673
999,0,4.12212212212212,NaN,999,4.12212212212212
999,0,4.14414414414414,NaN,999,4.14414414414414
999,0,4.12512512512513,NaN,999,4.12512512512513
999,0,4.15115115115115,NaN,999,4.15115115115115
997,0,4.13640922768305,NaN,997,4.13640922768305
997,0,4.12136409227683,NaN,997,4.12136409227683
998,0,4.09218436873747,NaN,998,4.09218436873747
998,0,4.08917835671343,NaN,998,4.08917835671343
998,0,4.14028056112224,NaN,998,4.14028056112224
995,0,4.14673366834171,NaN,995,4.14673366834171
999,0,4.15615615615616,NaN,999,4.15615615615616
997,0,4.12136409227683,NaN,997,4.12136409227683
997,0,4.10431293881645,NaN,997,4.10431293881645
999,0,4.13013013013013,NaN,999,4.13013013013013
998,0,4.13226452905812,NaN,998,4.13226452905812
998,0,4.1372745490982,NaN,998,4.1372745490982
999,0,4.13813813813814,NaN,999,4.13813813813814
998,0,4.14228456913828,NaN,998,4.14228456913828
999,0,4.12812812812813,NaN,999,4.12812812812813
999,0,4.13113113113113,NaN,999,4.13113113113113
999,0,4.12112112112112,NaN,999,4.12112112112112
999,0,4.11811811811812,NaN,999,4.11811811811812
999,0,4.14414414414414,NaN,999,4.14414414414414
999,0,4.14314314314314,NaN,999,4.14314314314314
998,0,4.1372745490982,NaN,998,4.1372745490982
996,0,4.12349397590361,NaN,996,4.12349397590361
999,0,4.13413413413413,NaN,999,4.13413413413413
999,0,4.13813813813814,NaN,999,4.13813813813814
999,0,4.13113113113113,NaN,999,4.13113113113113
999,0,4.13013013013013,NaN,999,4.13013013013013
998,0,4.11022044088176,NaN,998,4.11022044088176
999,0,4.12412412412412,NaN,999,4.12412412412412
999,0,4.12912912912913,NaN,999,4.12912912912913
999,0,4.14914914914915,NaN,999,4.14914914914915
999,0,4.12512512512513,NaN,999,4.12512512512513
998,0,4.11923847695391,NaN,998,4.11923847695391
999,0,4.11511511511512,NaN,999,4.11511511511512
999,0,4.08508508508509,NaN,999,4.08508508508509
999,0,4.12112112112112,NaN,999,4.12112112112112
999,0,4.11411411411411,NaN,999,4.11411411411411
998,0,4.12224448897796,NaN,998,4.12224448897796
997,0,4.10631895687061,NaN,997,4.10631895687061
999,0,4.09309309309309,NaN,999,4.09309309309309
999,0,4.09009009009009,NaN,999,4.09009009009009
999,0,4.12912912912913,NaN,999,4.12912912912913
997,0,4.1123370110331,NaN,997,4.1123370110331
998,0,4.07715430861723,NaN,998,4.07715430861723
999,0,4.09109109109109,NaN,999,4.09109109109109
999,0,4.12612612612613,NaN,999,4.12612612612613
998,0,4.13527054108216,NaN,998,4.13527054108216
999,0,4.13113113113113,NaN,999,4.13113113113113
999,0,4.16316316316316,NaN,999,4.16316316316316
999,0,4.16616616616617,NaN,999,4.16616616616617
999,0,4.17617617617618,NaN,999,4.17617617617618
998,0,4.18837675350701,NaN,998,4.18837675350701
999,0,4.1951951951952,NaN,999,4.1951951951952
998,0,4.20541082164329,NaN,998,4.20541082164329
999,0,4.18218218218218,NaN,999,4.18218218218218
999,0,4.19319319319319,NaN,999,4.19319319319319
998,0,4.22144288577154,NaN,998,4.22144288577154
999,0,4.22522522522523,NaN,999,4.22522522522523
996,0,4.23092369477912,NaN,996,4.23092369477912
999,0,4.22122122122122,NaN,999,4.22122122122122
999,0,4.21121121121121,NaN,999,4.21121121121121
999,0,4.18518518518519,NaN,999,4.18518518518519
999,0,4.21821821821822,NaN,999,4.21821821821822
999,0,4.24024024024024,NaN,999,4.24024024024024
999,0,4.23623623623624,NaN,999,4.23623623623624
998,0,4.21442885771543,NaN,998,4.21442885771543
998,0,4.23446893787575,NaN,998,4.23446893787575
998,0,4.24949899799599,NaN,998,4.24949899799599
999,0,4.27127127127127,NaN,999,4.27127127127127
998,0,4.2565130260521,NaN,998,4.2565130260521
998,0,4.25450901803607,NaN,998,4.25450901803607
998,0,4.22745490981964,NaN,998,4.22745490981964
999,0,4.23023023023023,NaN,999,4.23023023023023
997,0,4.23771313941826,NaN,997,4.23771313941826
998,0,4.22144288577154,NaN,998,4.22144288577154
999,0,4.21221221221221,NaN,999,4.21221221221221
998,0,4.18837675350701,NaN,998,4.18837675350701
999,0,4.20820820820821,NaN,999,4.20820820820821
995,0,4.21407035175879,NaN,995,4.21407035175879
999,0,4.22222222222222,NaN,999,4.22222222222222
999,0,4.24524524524525,NaN,999,4.24524524524525
999,0,4.2022022022022,NaN,999,4.2022022022022
998,0,4.20240480961924,NaN,998,4.20240480961924
999,0,4.25225225225225,NaN,999,4.25225225225225
997,0,4.24874623871615,NaN,997,4.24874623871615
999,0,4.24524524524525,NaN,999,4.24524524524525
995,0,4.2070351758794,NaN,995,4.2070351758794
999,0,4.21921921921922,NaN,999,4.21921921921922
998,0,4.18236472945892,NaN,998,4.18236472945892
999,0,4.18518518518519,NaN,999,4.18518518518519
998,0,4.19038076152305,NaN,998,4.19038076152305
998,0,4.15230460921844,NaN,998,4.15230460921844
999,0,4.15915915915916,NaN,999,4.15915915915916
999,0,4.17517517517518,NaN,999,4.17517517517518
998,0,4.20040080160321,NaN,998,4.20040080160321
998,0,4.17635270541082,NaN,998,4.17635270541082
998,0,4.17134268537074,NaN,998,4.17134268537074
999,0,4.14914914914915,NaN,999,4.14914914914915
998,0,4.20741482965932,NaN,998,4.20741482965932
999,0,4.26426426426426,NaN,999,4.26426426426426
998,0,4.22444889779559,NaN,998,4.22444889779559
998,0,4.19539078156313,NaN,998,4.19539078156313
996,0,4.20381526104418,NaN,996,4.20381526104418
998,0,4.22945891783567,NaN,998,4.22945891783567
999,0,4.22622622622623,NaN,999,4.22622622622623
996,0,4.2359437751004,NaN,996,4.2359437751004
999,0,4.22322322322322,NaN,999,4.22322322322322
999,0,4.25325325325325,NaN,999,4.25325325325325
999,0,4.28628628628629,NaN,999,4.28628628628629
999,0,4.27527527527528,NaN,999,4.27527527527528
999,0,4.27827827827828,NaN,999,4.27827827827828
999,0,4.27127127127127,NaN,999,4.27127127127127
999,0,4.24724724724725,NaN,999,4.24724724724725
999,0,4.24224224224224,NaN,999,4.24224224224224
999,0,4.20520520520521,NaN,999,4.20520520520521
999,0,4.20520520520521,NaN,999,4.20520520520521
996,0,4.17469879518072,NaN,996,4.17469879518072
999,0,4.22622622622623,NaN,999,4.22622622622623
998,0,4.22945891783567,NaN,998,4.22945891783567
999,0,4.21721721721722,NaN,999,4.21721721721722
998,0,4.25350701402806,NaN,998,4.25350701402806
998,0,4.30661322645291,NaN,998,4.30661322645291
999,0,4.3023023023023,NaN,999,4.3023023023023
999,0,4.27327327327327,NaN,999,4.27327327327327
998,0,4.2875751503006,NaN,998,4.2875751503006
997,0,4.30792377131394,NaN,997,4.30792377131394
999,0,4.28028028028028,NaN,999,4.28028028028028
998,0,4.26553106212425,NaN,998,4.26553106212425
998,0,4.23046092184369,NaN,998,4.23046092184369
999,0,4.23423423423423,NaN,999,4.23423423423423
998,0,4.22545090180361,NaN,998,4.22545090180361
997,0,4.22868605817452,NaN,997,4.22868605817452
998,0,4.23647294589178,NaN,998,4.23647294589178
999,0,4.20920920920921,NaN,999,4.20920920920921
999,0,4.19019019019019,NaN,999,4.19019019019019
998,0,4.18637274549098,NaN,998,4.18637274549098
998,0,4.19438877755511,NaN,998,4.19438877755511
999,0,4.2032032032032,NaN,999,4.2032032032032
998,0,4.22645290581162,NaN,998,4.22645290581162
999,0,4.21821821821822,NaN,999,4.21821821821822
999,0,4.21621621621622,NaN,999,4.21621621621622
999,0,4.20820820820821,NaN,999,4.20820820820821
995,0,4.21909547738693,NaN,995,4.21909547738693
999,0,4.22822822822823,NaN,999,4.22822822822823
997,0,4.23771313941826,NaN,997,4.23771313941826
999,0,4.2042042042042,NaN,999,4.2042042042042
998,0,4.19639278557114,NaN,998,4.19639278557114
999,0,4.2002002002002,NaN,999,4.2002002002002
999,0,4.17317317317317,NaN,999,4.17317317317317
998,0,4.18537074148297,NaN,998,4.18537074148297
999,0,4.19019019019019,NaN,999,4.19019019019019
998,0,4.21442885771543,NaN,998,4.21442885771543
998,0,4.25951903807615,NaN,998,4.25951903807615
998,0,4.2434869739479,NaN,998,4.2434869739479
998,0,4.23947895791583,NaN,998,4.23947895791583
998,0,4.24749498997996,NaN,998,4.24749498997996
999,0,4.25925925925926,NaN,999,4.25925925925926
999,0,4.28528528528529,NaN,999,4.28528528528529
998,0,4.26452905811623,NaN,998,4.26452905811623
996,0,4.28112449799197,NaN,996,4.28112449799197
998,0,4.29959919839679,NaN,998,4.29959919839679
998,0,4.28056112224449,NaN,998,4.28056112224449
999,0,4.31931931931932,NaN,999,4.31931931931932
998,0,4.31963927855711,NaN,998,4.31963927855711
999,0,4.28828828828829,NaN,999,4.28828828828829
999,0,4.28228228228228,NaN,999,4.28228228228228
998,0,4.2875751503006,NaN,998,4.2875751503006
999,0,4.32132132132132,NaN,999,4.32132132132132
999,0,4.32132132132132,NaN,999,4.32132132132132
999,0,4.32032032032032,NaN,999,4.32032032032032
998,0,4.32865731462926,NaN,998,4.32865731462926
999,0,4.34234234234234,NaN,999,4.34234234234234
998,0,4.35771543086172,NaN,998,4.35771543086172
998,0,4.37374749498998,NaN,998,4.37374749498998
999,0,4.32532532532533,NaN,999,4.32532532532533
997,0,4.29287863590772,NaN,997,4.29287863590772
998,0,4.27955911823647,NaN,998,4.27955911823647
997,0,4.32998996990973,NaN,997,4.32998996990973
999,0,4.2972972972973,NaN,999,4.2972972972973
998,0,4.24949899799599,NaN,998,4.24949899799599
997,0,4.28585757271815,NaN,997,4.28585757271815
999,0,4.28128128128128,NaN,999,4.28128128128128
999,0,4.29429429429429,NaN,999,4.29429429429429
999,0,4.32532532532533,NaN,999,4.32532532532533
999,0,4.33333333333333,NaN,999,4.33333333333333
998,0,4.30861723446894,NaN,998,4.30861723446894
998,0,4.31963927855711,NaN,998,4.31963927855711
999,0,4.32132132132132,NaN,999,4.32132132132132
998,0,4.32665330661323,NaN,998,4.32665330661323
997,0,4.34002006018054,NaN,997,4.34002006018054
999,0,4.36036036036036,NaN,999,4.36036036036036
996,0,4.35843373493976,NaN,996,4.35843373493976
998,0,4.33667334669339,NaN,998,4.33667334669339
999,0,4.33033033033033,NaN,999,4.33033033033033
996,0,4.35542168674699,NaN,996,4.35542168674699
998,0,4.37675350701403,NaN,998,4.37675350701403
999,0,4.36936936936937,NaN,999,4.36936936936937
998,0,4.35170340681363,NaN,998,4.35170340681363
999,0,4.3993993993994,NaN,999,4.3993993993994
999,0,4.3993993993994,NaN,999,4.3993993993994
998,0,4.38376753507014,NaN,998,4.38376753507014
998,0,4.37975951903808,NaN,998,4.37975951903808
998,0,4.38376753507014,NaN,998,4.38376753507014
999,0,4.39239239239239,NaN,999,4.39239239239239
998,0,4.39579158316633,NaN,998,4.39579158316633
999,0,4.3963963963964,NaN,999,4.3963963963964
998,0,4.40581162324649,NaN,998,4.40581162324649
998,0,4.38877755511022,NaN,998,4.38877755511022
998,0,4.3937875751503,NaN,998,4.3937875751503
999,0,4.37437437437437,NaN,999,4.37437437437437
999,0,4.3953953953954,NaN,999,4.3953953953954
999,0,4.44744744744745,NaN,999,4.44744744744745
998,0,4.42084168336673,NaN,998,4.42084168336673
998,0,4.43286573146293,NaN,998,4.43286573146293
997,0,4.42728184553661,NaN,997,4.42728184553661
999,0,4.38938938938939,NaN,999,4.38938938938939
999,0,4.39439439439439,NaN,999,4.39439439439439
999,0,4.40540540540541,NaN,999,4.40540540540541
999,0,4.39039039039039,NaN,999,4.39039039039039
999,0,4.37937937937938,NaN,999,4.37937937937938
999,0,4.38738738738739,NaN,999,4.38738738738739
999,0,4.42242242242242,NaN,999,4.42242242242242
999,0,4.43243243243243,NaN,999,4.43243243243243
999,0,4.44344344344344,NaN,999,4.44344344344344
998,0,4.44789579158317,NaN,998,4.44789579158317
999,0,4.43043043043043,NaN,999,4.43043043043043
996,0,4.41164658634538,NaN,996,4.41164658634538
999,0,4.3973973973974,NaN,999,4.3973973973974
999,0,4.37937937937938,NaN,999,4.37937937937938
998,0,4.39478957915832,NaN,998,4.39478957915832
999,0,4.38638638638639,NaN,999,4.38638638638639
999,0,4.39439439439439,NaN,999,4.39439439439439
999,0,4.39239239239239,NaN,999,4.39239239239239
999,0,4.4014014014014,NaN,999,4.4014014014014
999,0,4.37937937937938,NaN,999,4.37937937937938
999,0,4.37537537537538,NaN,999,4.37537537537538
999,0,4.31531531531532,NaN,999,4.31531531531532
997,0,4.29187562688064,NaN,997,4.29187562688064
999,0,4.3043043043043,NaN,999,4.3043043043043
997,0,4.29789368104313,NaN,997,4.29789368104313
999,0,4.27427427427427,NaN,999,4.27427427427427
998,0,4.27454909819639,NaN,998,4.27454909819639
999,0,4.3023023023023,NaN,999,4.3023023023023
999,0,4.27327327327327,NaN,999,4.27327327327327
998,0,4.32064128256513,NaN,998,4.32064128256513
998,0,4.32665330661323,NaN,998,4.32665330661323
998,0,4.33667334669339,NaN,998,4.33667334669339
998,0,4.33967935871743,NaN,998,4.33967935871743
998,0,4.3436873747495,NaN,998,4.3436873747495
997,0,4.32397191574724,NaN,997,4.32397191574724
998,0,4.31663326653307,NaN,998,4.31663326653307
999,0,4.31331331331331,NaN,999,4.31331331331331
997,0,4.29287863590772,NaN,997,4.29287863590772
997,0,4.28084252758275,NaN,997,4.28084252758275
998,0,4.29759519038076,NaN,998,4.29759519038076
999,0,4.31731731731732,NaN,999,4.31731731731732
998,0,4.30460921843687,NaN,998,4.30460921843687
997,0,4.33600802407222,NaN,997,4.33600802407222
998,0,4.30260521042084,NaN,998,4.30260521042084
997,0,4.27683049147442,NaN,997,4.27683049147442
998,0,4.25751503006012,NaN,998,4.25751503006012
998,0,4.27454909819639,NaN,998,4.27454909819639
998,0,4.25951903807615,NaN,998,4.25951903807615
999,0,4.23623623623624,NaN,999,4.23623623623624
999,0,4.25125125125125,NaN,999,4.25125125125125
997,0,4.27582748244734,NaN,997,4.27582748244734
998,0,4.28056112224449,NaN,998,4.28056112224449
998,0,4.26352705410822,NaN,998,4.26352705410822
999,0,4.26026026026026,NaN,999,4.26026026026026
999,0,4.25525525525526,NaN,999,4.25525525525526
998,0,4.26452905811623,NaN,998,4.26452905811623
999,0,4.25325325325325,NaN,999,4.25325325325325
998,0,4.21743486973948,NaN,998,4.21743486973948
996,0,4.20983935742972,NaN,996,4.20983935742972
999,0,4.18818818818819,NaN,999,4.18818818818819
999,0,4.25625625625626,NaN,999,4.25625625625626
999,0,4.23423423423423,NaN,999,4.23423423423423
999,0,4.22422422422422,NaN,999,4.22422422422422
997,0,4.2086258776329,NaN,997,4.2086258776329
998,0,4.17735470941884,NaN,998,4.17735470941884
999,0,4.16416416416416,NaN,999,4.16416416416416
998,0,4.13426853707415,NaN,998,4.13426853707415
999,0,4.15715715715716,NaN,999,4.15715715715716
998,0,4.21342685370742,NaN,998,4.21342685370742
998,0,4.18236472945892,NaN,998,4.18236472945892
998,0,4.19739478957916,NaN,998,4.19739478957916
999,0,4.16416416416416,NaN,999,4.16416416416416
999,0,4.18518518518519,NaN,999,4.18518518518519
999,0,4.17617617617618,NaN,999,4.17617617617618
999,0,4.15615615615616,NaN,999,4.15615615615616
995,0,4.1748743718593,NaN,995,4.1748743718593
998,0,4.17835671342685,NaN,998,4.17835671342685
999,0,4.13113113113113,NaN,999,4.13113113113113
999,0,4.12612612612613,NaN,999,4.12612612612613
996,0,4.11044176706827,NaN,996,4.11044176706827
999,0,4.13413413413413,NaN,999,4.13413413413413
997,0,4.0962888665998,NaN,997,4.0962888665998
999,0,4.12712712712713,NaN,999,4.12712712712713
998,0,4.11723446893788,NaN,998,4.11723446893788
999,0,4.12712712712713,NaN,999,4.12712712712713
998,0,4.13226452905812,NaN,998,4.13226452905812
998,0,4.13927855711423,NaN,998,4.13927855711423
999,0,4.13713713713714,NaN,999,4.13713713713714
998,0,4.12625250501002,NaN,998,4.12625250501002
998,0,4.13627254509018,NaN,998,4.13627254509018
999,0,4.0970970970971,NaN,999,4.0970970970971
998,0,4.11422845691383,NaN,998,4.11422845691383
999,0,4.15015015015015,NaN,999,4.15015015015015
998,0,4.17635270541082,NaN,998,4.17635270541082
996,0,4.17369477911647,NaN,996,4.17369477911647
996,0,4.17570281124498,NaN,996,4.17570281124498
999,0,4.13713713713714,NaN,999,4.13713713713714
999,0,4.16616616616617,NaN,999,4.16616616616617
999,0,4.16216216216216,NaN,999,4.16216216216216
998,0,4.16432865731463,NaN,998,4.16432865731463
997,0,4.18856569709127,NaN,997,4.18856569709127
998,0,4.18336673346693,NaN,998,4.18336673346693
999,0,4.17917917917918,NaN,999,4.17917917917918
999,0,4.16616616616617,NaN,999,4.16616616616617
999,0,4.17117117117117,NaN,999,4.17117117117117
997,0,4.17251755265797,NaN,997,4.17251755265797
998,0,4.15531062124249,NaN,998,4.15531062124249
997,0,4.1925777331996,NaN,997,4.1925777331996
999,0,4.16216216216216,NaN,999,4.16216216216216
997,0,4.17753259779338,NaN,997,4.17753259779338
999,0,4.18518518518519,NaN,999,4.18518518518519
999,0,4.22122122122122,NaN,999,4.22122122122122
999,0,4.21021021021021,NaN,999,4.21021021021021
997,0,4.2086258776329,NaN,997,4.2086258776329
995,0,4.21206030150754,NaN,995,4.21206030150754
998,0,4.20240480961924,NaN,998,4.20240480961924
997,0,4.20561685055165,NaN,997,4.20561685055165
999,0,4.19319319319319,NaN,999,4.19319319319319
998,0,4.20741482965932,NaN,998,4.20741482965932
997,0,4.19959879638917,NaN,997,4.19959879638917
997,0,4.21464393179539,NaN,997,4.21464393179539
999,0,4.1981981981982,NaN,999,4.1981981981982
999,0,4.18118118118118,NaN,999,4.18118118118118
999,0,4.21121121121121,NaN,999,4.21121121121121
999,0,4.22722722722723,NaN,999,4.22722722722723
998,0,4.20741482965932,NaN,998,4.20741482965932
999,0,4.2032032032032,NaN,999,4.2032032032032
999,0,4.2042042042042,NaN,999,4.2042042042042
999,0,4.2012012012012,NaN,999,4.2012012012012
999,0,4.21321321321321,NaN,999,4.21321321321321
999,0,4.23823823823824,NaN,999,4.23823823823824
998,0,4.24549098196393,NaN,998,4.24549098196393
998,0,4.24649298597194,NaN,998,4.24649298597194
995,0,4.22110552763819,NaN,995,4.22110552763819
997,0,4.24272818455366,NaN,997,4.24272818455366
997,0,4.24874623871615,NaN,997,4.24874623871615
998,0,4.21743486973948,NaN,998,4.21743486973948
998,0,4.20741482965932,NaN,998,4.20741482965932
999,0,4.22622622622623,NaN,999,4.22622622622623
998,0,4.18837675350701,NaN,998,4.18837675350701
999,0,4.15515515515516,NaN,999,4.15515515515516
999,0,4.16416416416416,NaN,999,4.16416416416416
999,0,4.16116116116116,NaN,999,4.16116116116116
998,0,4.16933867735471,NaN,998,4.16933867735471
999,0,4.14914914914915,NaN,999,4.14914914914915
998,0,4.14629258517034,NaN,998,4.14629258517034
999,0,4.15115115115115,NaN,999,4.15115115115115
999,0,4.15915915915916,NaN,999,4.15915915915916
999,0,4.14514514514515,NaN,999,4.14514514514515
998,0,4.14228456913828,NaN,998,4.14228456913828
999,0,4.15615615615616,NaN,999,4.15615615615616
999,0,4.15715715715716,NaN,999,4.15715715715716
999,0,4.17617617617618,NaN,999,4.17617617617618
999,0,4.17317317317317,NaN,999,4.17317317317317
999,0,4.15715715715716,NaN,999,4.15715715715716
999,0,4.19019019019019,NaN,999,4.19019019019019
999,0,4.21621621621622,NaN,999,4.21621621621622
997,0,4.18054162487462,NaN,997,4.18054162487462
999,0,4.17717717717718,NaN,999,4.17717717717718
999,0,4.16916916916917,NaN,999,4.16916916916917
998,0,4.17635270541082,NaN,998,4.17635270541082
999,0,4.15915915915916,NaN,999,4.15915915915916
999,0,4.15815815815816,NaN,999,4.15815815815816
998,0,4.18036072144289,NaN,998,4.18036072144289
999,0,4.17717717717718,NaN,999,4.17717717717718
998,0,4.21042084168337,NaN,998,4.21042084168337
999,0,4.21421421421421,NaN,999,4.21421421421421
999,0,4.22622622622623,NaN,999,4.22622622622623
998,0,4.23647294589178,NaN,998,4.23647294589178
998,0,4.24749498997996,NaN,998,4.24749498997996
997,0,4.23871614844534,NaN,997,4.23871614844534
997,0,4.21865596790371,NaN,997,4.21865596790371
997,0,4.197592778335,NaN,997,4.197592778335
999,0,4.19119119119119,NaN,999,4.19119119119119
998,0,4.22144288577154,NaN,998,4.22144288577154
998,0,4.23246492985972,NaN,998,4.23246492985972
997,0,4.23269809428285,NaN,997,4.23269809428285
999,0,4.24324324324324,NaN,999,4.24324324324324
997,0,4.21464393179539,NaN,997,4.21464393179539
998,0,4.19839679358717,NaN,998,4.19839679358717
999,0,4.21121121121121,NaN,999,4.21121121121121
997,0,4.23370110330993,NaN,997,4.23370110330993
999,0,4.1951951951952,NaN,999,4.1951951951952
999,0,4.20920920920921,NaN,999,4.20920920920921
999,0,4.19419419419419,NaN,999,4.19419419419419
999,0,4.17217217217217,NaN,999,4.17217217217217
998,0,4.22845691382765,NaN,998,4.22845691382765
998,0,4.23847695390782,NaN,998,4.23847695390782
998,0,4.22645290581162,NaN,998,4.22645290581162
994,0,4.23843058350101,NaN,994,4.23843058350101
998,0,4.25050100200401,NaN,998,4.25050100200401
999,0,4.27427427427427,NaN,999,4.27427427427427
998,0,4.21943887775551,NaN,998,4.21943887775551
999,0,4.23623623623624,NaN,999,4.23623623623624
998,0,4.25050100200401,NaN,998,4.25050100200401
998,0,4.2875751503006,NaN,998,4.2875751503006
999,0,4.26726726726727,NaN,999,4.26726726726727
997,0,4.26880641925777,NaN,997,4.26880641925777
999,0,4.27427427427427,NaN,999,4.27427427427427
998,0,4.25450901803607,NaN,998,4.25450901803607
998,0,4.27454909819639,NaN,998,4.27454909819639
999,0,4.29129129129129,NaN,999,4.29129129129129
999,0,4.27227227227227,NaN,999,4.27227227227227
999,0,4.28828828828829,NaN,999,4.28828828828829
998,0,4.31563126252505,NaN,998,4.31563126252505
999,0,4.30630630630631,NaN,999,4.30630630630631
996,0,4.30020080321285,NaN,996,4.30020080321285
999,0,4.3033033033033,NaN,999,4.3033033033033
998,0,4.312625250501,NaN,998,4.312625250501
996,0,4.32128514056225,NaN,996,4.32128514056225
997,0,4.31494483450351,NaN,997,4.31494483450351
999,0,4.31631631631632,NaN,999,4.31631631631632
999,0,4.33233233233233,NaN,999,4.33233233233233
998,0,4.34168336673347,NaN,998,4.34168336673347
998,0,4.35671342685371,NaN,998,4.35671342685371
996,0,4.33935742971888,NaN,996,4.33935742971888
998,0,4.32364729458918,NaN,998,4.32364729458918
999,0,4.34234234234234,NaN,999,4.34234234234234
998,0,4.33466933867735,NaN,998,4.33466933867735
999,0,4.34234234234234,NaN,999,4.34234234234234
999,0,4.33633633633634,NaN,999,4.33633633633634
999,0,4.32232232232232,NaN,999,4.32232232232232
999,0,4.33333333333333,NaN,999,4.33333333333333
999,0,4.3033033033033,NaN,999,4.3033033033033
999,0,4.3033033033033,NaN,999,4.3033033033033
999,0,4.32932932932933,NaN,999,4.32932932932933
999,0,4.33333333333333,NaN,999,4.33333333333333
999,0,4.32832832832833,NaN,999,4.32832832832833
999,0,4.33933933933934,NaN,999,4.33933933933934
998,0,4.35070140280561,NaN,998,4.35070140280561
999,0,4.33933933933934,NaN,999,4.33933933933934
999,0,4.34834834834835,NaN,999,4.34834834834835
999,0,4.33933933933934,NaN,999,4.33933933933934
999,0,4.33533533533534,NaN,999,4.33533533533534
994,0,4.33802816901408,NaN,994,4.33802816901408
998,0,4.34068136272545,NaN,998,4.34068136272545
997,0,4.32497492477432,NaN,997,4.32497492477432
998,0,4.32665330661323,NaN,998,4.32665330661323
999,0,4.35135135135135,NaN,999,4.35135135135135
