forward_num,reverse_num,forward_rate,reverse_rate,organism_num,organism_rate
500,500,5.5,5.5,1000,5.5
494,497,5.51012145748988,5.50503018108652,991,5.50756811301715
493,493,5.51115618661258,5.50709939148073,986,5.50912778904665
516,482,5.73643410852713,5.52282157676349,998,5.63326653306613
550,449,5.83272727272727,5.46770601336303,999,5.66866866866867
546,453,5.86996336996337,5.47682119205298,999,5.69169169169169
562,437,5.79537366548043,5.46910755148741,999,5.65265265265265
558,440,5.7258064516129,5.47727272727273,998,5.61623246492986
575,424,5.71304347826087,5.39622641509434,999,5.57857857857858
585,413,5.75726495726496,5.44309927360775,998,5.62725450901804
545,454,5.75229357798165,5.43832599118943,999,5.60960960960961
564,435,5.55673758865248,5.52183908045977,999,5.54154154154154
572,426,5.78846153846154,5.53286384976526,998,5.67935871743487
578,421,5.79757785467128,5.5083135391924,999,5.67567567567568
587,412,5.7649063032368,5.4368932038835,999,5.62962962962963
584,415,5.85787671232877,5.40240963855422,999,5.66866866866867
585,414,5.84102564102564,5.45652173913043,999,5.68168168168168
588,411,5.8469387755102,5.56447688564477,999,5.73073073073073
606,393,5.81848184818482,5.54961832061069,999,5.71271271271271
605,394,5.88429752066116,5.46192893401015,999,5.71771771771772
590,408,5.89661016949153,5.53676470588235,998,5.74949899799599
592,406,5.63851351351351,5.61330049261084,998,5.62825651302605
599,400,5.66277128547579,5.5725,999,5.62662662662663
613,385,5.61663947797716,5.56103896103896,998,5.59519038076152
602,395,5.62956810631229,5.63037974683544,997,5.62988966900702
590,407,5.68474576271186,5.56019656019656,997,5.63390170511535
594,404,5.71043771043771,5.52970297029703,998,5.6372745490982
598,400,5.73411371237458,5.47,998,5.62825651302605
601,398,5.74542429284526,5.47738693467337,999,5.63863863863864
598,400,5.82107023411371,5.5275,998,5.70340681362725
590,405,5.83559322033898,5.54074074074074,995,5.71557788944724
602,397,5.82724252491694,5.51889168765743,999,5.7047047047047
614,385,5.7785016286645,5.54025974025974,999,5.68668668668669
617,382,5.82658022690438,5.54973821989529,999,5.72072072072072
617,381,5.77795786061588,5.64304461942257,998,5.72645290581162
622,377,5.79581993569132,5.6657824933687,999,5.74674674674675
626,373,5.84025559105431,5.66756032171582,999,5.77577577577578
625,371,5.864,5.71428571428571,996,5.80823293172691
630,369,5.86031746031746,5.74254742547426,999,5.81681681681682
632,367,5.89082278481013,5.74931880108992,999,5.83883883883884
630,369,5.90793650793651,5.68834688346884,999,5.82682682682683
644,354,5.89130434782609,5.67796610169492,998,5.81563126252505
649,349,5.88135593220339,5.68481375358166,998,5.812625250501
646,352,5.90092879256966,5.73295454545455,998,5.84168336673347
657,342,5.89497716894977,5.75438596491228,999,5.84684684684685
657,339,5.90715372907154,5.7669616519174,996,5.85943775100402
665,334,5.86165413533835,5.78443113772455,999,5.83583583583584
666,333,5.8993993993994,5.82882882882883,999,5.87587587587588
659,340,5.87253414264036,5.82058823529412,999,5.85485485485485
663,336,5.87782805429864,5.83630952380952,999,5.86386386386386
670,329,5.87761194029851,5.83586626139818,999,5.86386386386386
662,337,5.94410876132931,5.89317507418398,999,5.92692692692693
669,329,5.94170403587444,5.89665653495441,998,5.92685370741483
668,331,5.94161676646707,5.90936555891239,999,5.93093093093093
675,324,5.95111111111111,5.88271604938272,999,5.92892892892893
689,310,5.95355587808418,5.90967741935484,999,5.93993993993994
702,296,5.95299145299145,5.88851351351351,998,5.93386773547094
705,294,5.95886524822695,5.94557823129252,999,5.95495495495495
718,281,5.96100278551532,5.95373665480427,999,5.95895895895896
725,273,5.91862068965517,5.96703296703297,998,5.93186372745491
721,275,5.94036061026352,6.02181818181818,996,5.96285140562249
720,279,5.97777777777778,6.02867383512545,999,5.99199199199199
720,278,5.96527777777778,6.05755395683453,998,5.99098196392786
723,276,5.99585062240664,6.08333333333333,999,6.02002002002002
720,279,6.00972222222222,6.15770609318996,999,6.05105105105105
727,271,5.98074277854195,6.2029520295203,998,6.04108216432866
737,262,5.96472184531886,6.20229007633588,999,6.02702702702703
729,270,5.96844993141289,6.18148148148148,999,6.02602602602603
726,273,6.01928374655647,6.1978021978022,999,6.06806806806807
731,267,6.00547195622435,6.16104868913858,998,6.04709418837675
739,260,6.01894451962111,6.14615384615385,999,6.05205205205205
737,261,6.04613297150611,6.18773946360153,998,6.08316633266533
743,256,6.04845222072678,6.26953125,999,6.10510510510511
742,256,6.03099730458221,6.25,998,6.08717434869739
749,250,6.05340453938585,6.248,999,6.1021021021021
749,250,6.086782376502,6.264,999,6.13113113113113
755,243,6.1046357615894,6.2798353909465,998,6.14729458917836
759,240,6.10803689064559,6.275,999,6.14814814814815
762,237,6.13910761154856,6.27004219409283,999,6.17017017017017
763,236,6.14678899082569,6.30084745762712,999,6.18318318318318
775,223,6.16258064516129,6.2914798206278,998,6.19138276553106
778,221,6.16066838046272,6.30316742081448,999,6.19219219219219
781,216,6.16901408450704,6.28703703703704,997,6.19458375125376
789,209,6.18884664131812,6.29665071770335,998,6.21142284569138
789,210,6.20152091254753,6.3,999,6.22222222222222
792,207,6.1969696969697,6.29951690821256,999,6.21821821821822
786,212,6.21501272264631,6.32075471698113,998,6.2374749498998
786,213,6.20992366412214,6.34272300469484,999,6.23823823823824
787,211,6.22109275730623,6.33175355450237,998,6.24448897795591
800,199,6.24375,6.321608040201,999,6.25925925925926
797,202,6.26976160602258,6.32673267326733,999,6.28128128128128
783,215,6.25159642401022,6.35348837209302,998,6.27354709418838
790,208,6.25569620253165,6.35576923076923,998,6.27655310621242
789,210,6.27249683143219,6.34761904761905,999,6.28828828828829
796,202,6.28266331658291,6.36633663366337,998,6.29959919839679
806,193,6.31389578163772,6.38341968911917,999,6.32732732732733
808,188,6.32673267326733,6.38829787234043,996,6.33835341365462
815,184,6.34110429447853,6.40217391304348,999,6.35235235235235
818,180,6.34718826405868,6.40555555555556,998,6.35771543086172
822,174,6.37104622871046,6.42528735632184,996,6.38052208835341
820,179,6.36585365853659,6.43575418994413,999,6.37837837837838
817,182,6.3671970624235,6.46153846153846,999,6.38438438438438
806,192,6.34615384615385,6.453125,998,6.36673346693387
811,188,6.32675709001233,6.41489361702128,999,6.34334334334334
809,190,6.33868974042027,6.45263157894737,999,6.36036036036036
804,195,6.33208955223881,6.40512820512821,999,6.34634634634635
802,197,6.31795511221945,6.41116751269035,999,6.33633633633634
811,186,6.31812577065351,6.39784946236559,997,6.33299899699097
813,186,6.3259532595326,6.4247311827957,999,6.34434434434434
814,184,6.33783783783784,6.46195652173913,998,6.36072144288577
817,181,6.34761321909425,6.47513812154696,998,6.37074148296593
816,182,6.3468137254902,6.47252747252747,998,6.36973947895792
826,171,6.31719128329298,6.43859649122807,997,6.33801404212638
822,177,6.31873479318735,6.47457627118644,999,6.34634634634635
819,179,6.33821733821734,6.49162011173184,998,6.36573146292585
826,173,6.35593220338983,6.47976878612717,999,6.37737737737738
826,173,6.3498789346247,6.5028901734104,999,6.37637637637638
828,170,6.36714975845411,6.49411764705882,998,6.38877755511022
828,171,6.35386473429952,6.45614035087719,999,6.37137137137137
828,170,6.36835748792271,6.49411764705882,998,6.38977955911824
826,173,6.36440677966102,6.45086705202312,999,6.37937937937938
822,176,6.35766423357664,6.47727272727273,998,6.37875751503006
820,178,6.35975609756098,6.51123595505618,998,6.38677354709419
818,181,6.33863080684597,6.49723756906077,999,6.36736736736737
827,172,6.35792019347037,6.47674418604651,999,6.37837837837838
827,171,6.34945586457074,6.50292397660819,998,6.37575150300601
821,177,6.36297198538368,6.48587570621469,998,6.38476953907816
832,167,6.35216346153846,6.49700598802395,999,6.37637637637638
838,160,6.36396181384248,6.5,998,6.38577154308617
843,156,6.36654804270463,6.53846153846154,999,6.39339339339339
843,155,6.39620403321471,6.52258064516129,998,6.41583166332665
843,155,6.41162514827995,6.49032258064516,998,6.42384769539078
848,150,6.42688679245283,6.48666666666667,998,6.43587174348697
849,150,6.44994110718492,6.46666666666667,999,6.45245245245245
850,147,6.45529411764706,6.48299319727891,997,6.45937813440321
859,139,6.45983701979045,6.49640287769784,998,6.46492985971944
859,139,6.45285215366706,6.51079136690648,998,6.46092184368737
861,137,6.47619047619048,6.52554744525547,998,6.48296593186373
867,132,6.48096885813149,6.52272727272727,999,6.48648648648649
868,131,6.48387096774194,6.55725190839695,999,6.49349349349349
864,135,6.46296296296296,6.58518518518519,999,6.47947947947948
860,139,6.4453488372093,6.58992805755396,999,6.46546546546547
866,131,6.4364896073903,6.6030534351145,997,6.45837512537613
869,130,6.42807825086306,6.62307692307692,999,6.45345345345345
872,126,6.43119266055046,6.64285714285714,998,6.45791583166333
879,120,6.45392491467577,6.63333333333333,999,6.47547547547548
887,111,6.47801578354002,6.67567567567568,998,6.5
890,108,6.45955056179775,6.62962962962963,998,6.47795591182365
886,112,6.47178329571106,6.61607142857143,998,6.48797595190381
888,111,6.46509009009009,6.64864864864865,999,6.48548548548549
885,114,6.45875706214689,6.66666666666667,999,6.48248248248248
885,112,6.44632768361582,6.65178571428571,997,6.46940822467402
882,117,6.44784580498866,6.64957264957265,999,6.47147147147147
883,115,6.45979614949037,6.64347826086957,998,6.48096192384769
884,115,6.46266968325792,6.65217391304348,999,6.48448448448448
887,111,6.46110484780158,6.63963963963964,998,6.48096192384769
880,119,6.46704545454545,6.6890756302521,999,6.49349349349349
891,107,6.45342312008979,6.67289719626168,998,6.47695390781563
893,105,6.45576707726764,6.63809523809524,998,6.4749498997996
895,102,6.46145251396648,6.63725490196078,997,6.47943831494483
893,105,6.4568868980963,6.60952380952381,998,6.47294589178357
897,100,6.4860646599777,6.59,997,6.49648946840522
900,99,6.49222222222222,6.60606060606061,999,6.5035035035035
904,95,6.48340707964602,6.57894736842105,999,6.49249249249249
906,91,6.4878587196468,6.6043956043956,997,6.49849548645938
905,92,6.49171270718232,6.60869565217391,997,6.5025075225677
903,94,6.49612403100775,6.65957446808511,997,6.51153460381143
902,97,6.49889135254989,6.64948453608247,999,6.51351351351351
898,101,6.5,6.67326732673267,999,6.51751751751752
903,96,6.50830564784053,6.63541666666667,999,6.52052052052052
896,102,6.51116071428571,6.64705882352941,998,6.5250501002004
900,98,6.50222222222222,6.62244897959184,998,6.51402805611222
905,92,6.5060773480663,6.6195652173913,997,6.51654964894684
905,93,6.51602209944751,6.61290322580645,998,6.5250501002004
906,93,6.50441501103753,6.60215053763441,999,6.51351351351351
904,95,6.5,6.61052631578947,999,6.51051051051051
903,95,6.49390919158361,6.61052631578947,998,6.50501002004008
904,95,6.48230088495575,6.61052631578947,999,6.49449449449449
910,89,6.48241758241758,6.66292134831461,999,6.4984984984985
906,93,6.49116997792494,6.6989247311828,999,6.51051051051051
901,96,6.4850166481687,6.66666666666667,997,6.5025075225677
898,101,6.49554565701559,6.6039603960396,999,6.50650650650651
896,103,6.49107142857143,6.5631067961165,999,6.4984984984985
895,101,6.49162011173184,6.56435643564356,996,6.49899598393574
905,94,6.49723756906077,6.5531914893617,999,6.5025025025025
909,90,6.52145214521452,6.51111111111111,999,6.52052052052052
910,89,6.53516483516484,6.48314606741573,999,6.53053053053053
903,96,6.53377630121816,6.45833333333333,999,6.52652652652653
908,91,6.53303964757709,6.45054945054945,999,6.52552552552553
910,89,6.54395604395604,6.47191011235955,999,6.53753753753754
903,94,6.54485049833887,6.5,997,6.54062186559679
906,93,6.52759381898455,6.48387096774194,999,6.52352352352352
907,91,6.52149944873208,6.50549450549451,998,6.52004008016032
900,99,6.52111111111111,6.45454545454545,999,6.51451451451451
895,101,6.53072625698324,6.53465346534653,996,6.53112449799197
897,102,6.53177257525084,6.55882352941176,999,6.53453453453453
903,93,6.52380952380952,6.59139784946237,996,6.53012048192771
912,86,6.53179824561404,6.6046511627907,998,6.53807615230461
916,82,6.55240174672489,6.59756097560976,998,6.5561122244489
920,79,6.56304347826087,6.58227848101266,999,6.56456456456456
918,80,6.56862745098039,6.6125,998,6.57214428857715
917,82,6.57033805888768,6.64634146341463,999,6.57657657657658
916,82,6.58296943231441,6.64634146341463,998,6.58817635270541
919,80,6.58977149075082,6.7,999,6.5985985985986
915,84,6.6,6.64285714285714,999,6.6036036036036
916,83,6.59606986899563,6.69879518072289,999,6.6046046046046
919,79,6.58650707290533,6.64556962025316,998,6.59118236472946
925,74,6.59891891891892,6.74324324324324,999,6.60960960960961
926,73,6.60475161987041,6.75342465753425,999,6.61561561561562
927,72,6.58576051779935,6.79166666666667,999,6.6006006006006
924,75,6.58225108225108,6.82666666666667,999,6.6006006006006
922,76,6.58568329718004,6.78947368421053,998,6.60120240480962
928,70,6.56896551724138,6.78571428571429,998,6.58416833667335
930,69,6.56451612903226,6.72463768115942,999,6.57557557557558
927,72,6.58252427184466,6.81944444444444,999,6.5995995995996
925,72,6.58162162162162,6.75,997,6.5937813440321
932,67,6.56545064377682,6.76119402985075,999,6.57857857857858
932,67,6.57618025751073,6.76119402985075,999,6.58858858858859
929,69,6.56727664155005,6.81159420289855,998,6.58416833667335
932,67,6.57081545064378,6.80597014925373,999,6.58658658658659
930,68,6.58064516129032,6.82352941176471,998,6.59719438877756
930,69,6.58494623655914,6.85507246376812,999,6.6036036036036
933,66,6.59056806002144,6.83333333333333,999,6.60660660660661
936,60,6.6025641025641,6.85,996,6.61746987951807
938,61,6.60234541577825,6.83606557377049,999,6.61661661661662
935,62,6.59465240641711,6.83870967741935,997,6.6098294884654
936,63,6.60149572649573,6.82539682539683,999,6.61561561561562
934,63,6.59635974304069,6.87301587301587,997,6.61384152457372
938,61,6.60874200426439,6.85245901639344,999,6.62362362362362
936,63,6.61111111111111,6.85714285714286,999,6.62662662662663
931,68,6.59613319011815,6.86764705882353,999,6.61461461461461
931,68,6.59828141783029,6.86764705882353,999,6.61661661661662
936,62,6.59188034188034,6.7741935483871,998,6.60320641282565
939,60,6.59850905218317,6.81666666666667,999,6.61161161161161
932,66,6.60515021459227,6.75757575757576,998,6.61523046092184
939,59,6.59957401490948,6.71186440677966,998,6.6062124248497
938,59,6.59808102345416,6.71186440677966,997,6.60481444332999
934,63,6.59635974304069,6.74603174603175,997,6.60581745235707
939,59,6.604898828541,6.76271186440678,998,6.61422845691383
942,57,6.6135881104034,6.78947368421053,999,6.62362362362362
941,58,6.61849096705632,6.82758620689655,999,6.63063063063063
942,57,6.63269639065817,6.82456140350877,999,6.64364364364364
942,57,6.63375796178344,6.78947368421053,999,6.64264264264264
942,57,6.65180467091295,6.80701754385965,999,6.66066066066066
939,59,6.64430244941427,6.8135593220339,998,6.65430861723447
936,61,6.64316239316239,6.78688524590164,997,6.65195586760281
940,59,6.64787234042553,6.76271186440678,999,6.65465465465465
945,54,6.64761904761905,6.74074074074074,999,6.65265265265265
944,54,6.64406779661017,6.74074074074074,998,6.64929859719439
946,53,6.64482029598309,6.79245283018868,999,6.65265265265265
947,49,6.65575501583949,6.71428571428571,996,6.65863453815261
947,52,6.63780359028511,6.69230769230769,999,6.64064064064064
947,52,6.64097148891235,6.71153846153846,999,6.64464464464464
949,49,6.65121180189673,6.73469387755102,998,6.65531062124249
950,49,6.64526315789474,6.79591836734694,999,6.65265265265265
952,47,6.68382352941176,6.72340425531915,999,6.68568568568569
952,47,6.66806722689076,6.70212765957447,999,6.66966966966967
953,46,6.68520461699895,6.67391304347826,999,6.68468468468468
953,44,6.67366211962225,6.70454545454545,997,6.67502507522568
956,43,6.67887029288703,6.72093023255814,999,6.68068068068068
955,43,6.67958115183246,6.76744186046512,998,6.68336673346693
956,43,6.67677824267782,6.74418604651163,999,6.67967967967968
952,46,6.67436974789916,6.67391304347826,998,6.67434869739479
950,49,6.66842105263158,6.6734693877551,999,6.66866866866867
951,47,6.66561514195584,6.70212765957447,998,6.66733466933868
952,47,6.67226890756303,6.72340425531915,999,6.67467467467467
952,45,6.67857142857143,6.73333333333333,997,6.68104312938816
957,41,6.67920585161964,6.68292682926829,998,6.67935871743487
955,43,6.67853403141361,6.69767441860465,998,6.67935871743487
960,38,6.66770833333333,6.71052631578947,998,6.66933867735471
959,39,6.66631908237748,6.71794871794872,998,6.66833667334669
959,40,6.67778936392075,6.725,999,6.67967967967968
962,37,6.67567567567568,6.72972972972973,999,6.67767767767768
962,37,6.67255717255717,6.86486486486486,999,6.67967967967968
962,37,6.67463617463617,6.86486486486486,999,6.68168168168168
961,37,6.66077003121748,6.86486486486486,998,6.66833667334669
962,37,6.66735966735967,6.83783783783784,999,6.67367367367367
964,35,6.66701244813278,6.88571428571429,999,6.67467467467467
967,32,6.67735263702172,6.84375,999,6.68268268268268
967,31,6.66804550155119,6.83870967741935,998,6.67334669338677
970,29,6.6680412371134,6.62068965517241,999,6.66666666666667
968,30,6.66219008264463,6.6,998,6.66032064128257
972,27,6.6656378600823,6.62962962962963,999,6.66466466466466
973,26,6.66803699897225,6.65384615384615,999,6.66766766766767
975,23,6.67487179487179,6.69565217391304,998,6.67535070140281
975,23,6.67179487179487,6.73913043478261,998,6.67334669338677
972,25,6.67078189300411,6.76,997,6.67301905717151
975,21,6.67794871794872,6.76190476190476,996,6.67971887550201
974,24,6.68275154004107,6.70833333333333,998,6.68336673346693
973,25,6.68653648509764,6.72,998,6.687374749499
974,25,6.69096509240246,6.72,999,6.69169169169169
971,25,6.69309989701339,6.72,996,6.69377510040161
968,31,6.68595041322314,6.70967741935484,999,6.68668668668669
966,31,6.69254658385093,6.70967741935484,997,6.69307923771314
969,28,6.67801857585139,6.75,997,6.68004012036108
972,26,6.67181069958848,6.73076923076923,998,6.67334669338677
971,28,6.67559217301751,6.71428571428571,999,6.67667667667668
971,28,6.67868177136972,6.60714285714286,999,6.67667667667668
972,25,6.67695473251029,6.6,997,6.67502507522568
973,26,6.68242548818088,6.61538461538461,999,6.68068068068068
974,25,6.68275154004107,6.68,999,6.68268268268268
974,25,6.68685831622177,6.72,999,6.68768768768769
973,26,6.68242548818088,6.65384615384615,999,6.68168168168168
974,25,6.68275154004107,6.68,999,6.68268268268268
969,29,6.69969040247678,6.68965517241379,998,6.69939879759519
972,27,6.69547325102881,6.7037037037037,999,6.6956956956957
969,30,6.69762641898865,6.76666666666667,999,6.6996996996997
969,30,6.71517027863777,6.73333333333333,999,6.71571571571572
970,29,6.71649484536082,6.75862068965517,999,6.71771771771772
967,31,6.72492244053775,6.74193548387097,998,6.72545090180361
968,29,6.72727272727273,6.75862068965517,997,6.72818455366098
970,29,6.74226804123711,6.6551724137931,999,6.73973973973974
971,28,6.74562306900103,6.75,999,6.74574574574575
970,29,6.73917525773196,6.72413793103448,999,6.73873873873874
965,32,6.73471502590674,6.71875,997,6.73420260782347
967,31,6.74146845915202,6.67741935483871,998,6.73947895791583
966,33,6.72981366459627,6.6969696969697,999,6.72872872872873
968,30,6.73037190082645,6.7,998,6.72945891783567
968,29,6.72830578512397,6.72413793103448,997,6.72818455366098
973,26,6.73175745118191,6.80769230769231,999,6.73373373373373
973,25,6.73381294964029,6.88,998,6.7374749498998
970,27,6.74123711340206,6.88888888888889,997,6.74523570712136
971,27,6.75077239958805,6.88888888888889,998,6.75450901803607
974,25,6.75359342915811,6.88,999,6.75675675675676
973,23,6.76464542651593,6.8695652173913,996,6.76706827309237
976,23,6.77049180327869,6.82608695652174,999,6.77177177177177
979,19,6.7752808988764,6.73684210526316,998,6.77454909819639
978,21,6.76891615541922,6.71428571428571,999,6.76776776776777
980,18,6.77142857142857,6.77777777777778,998,6.77154308617235
979,19,6.75689479060266,6.84210526315789,998,6.75851703406814
979,20,6.74259448416752,6.8,999,6.74374374374374
977,21,6.74513817809621,6.76190476190476,998,6.74549098196393
976,22,6.74180327868852,6.72727272727273,998,6.74148296593186
975,24,6.74564102564103,6.75,999,6.74574574574575
974,25,6.74024640657084,6.76,999,6.74074074074074
974,25,6.74332648870637,6.76,999,6.74374374374374
975,24,6.7425641025641,6.75,999,6.74274274274274
973,26,6.73484069886948,6.73076923076923,999,6.73473473473473
970,27,6.74226804123711,6.74074074074074,997,6.74222668004012
974,25,6.73819301848049,6.72,999,6.73773773773774
973,24,6.74511819116136,6.70833333333333,997,6.74423269809428
974,22,6.74332648870637,6.77272727272727,996,6.74397590361446
979,20,6.74157303370786,6.85,999,6.74374374374374
980,19,6.72448979591837,6.84210526315789,999,6.72672672672673
981,18,6.71559633027523,6.83333333333333,999,6.71771771771772
978,20,6.71574642126789,6.85,998,6.7184368737475
981,17,6.70948012232416,6.82352941176471,998,6.71142284569138
980,19,6.70816326530612,6.73684210526316,999,6.70870870870871
979,19,6.6996935648621,6.68421052631579,998,6.69939879759519
978,20,6.69120654396728,6.75,998,6.69238476953908
979,20,6.68130745658836,6.8,999,6.68368368368368
979,18,6.68335035750766,6.83333333333333,997,6.68605817452357
982,17,6.67006109979633,6.70588235294118,999,6.67067067067067
976,21,6.67110655737705,6.66666666666667,997,6.67101303911735
979,19,6.67620020429009,6.68421052631579,998,6.67635270541082
979,20,6.67620020429009,6.7,999,6.67667667667668
978,20,6.67484662576687,6.65,998,6.67434869739479
977,21,6.67349027635619,6.71428571428571,998,6.67434869739479
977,22,6.67656090071648,6.68181818181818,999,6.67667667667668
978,19,6.6840490797546,6.68421052631579,997,6.68405215646941
980,17,6.68367346938776,6.64705882352941,997,6.68304914744233
980,19,6.68061224489796,6.68421052631579,999,6.68068068068068
980,19,6.68367346938776,6.68421052631579,999,6.68368368368368
979,18,6.68335035750766,6.66666666666667,997,6.68304914744233
982,16,6.69144602851324,6.6875,998,6.69138276553106
982,17,6.68940936863544,6.76470588235294,999,6.69069069069069
985,13,6.68629441624365,6.69230769230769,998,6.68637274549098
986,13,6.69675456389452,6.61538461538461,999,6.6956956956957
985,13,6.69441624365482,6.61538461538461,998,6.69338677354709
985,14,6.69746192893401,6.64285714285714,999,6.6966966966967
984,13,6.70325203252033,6.69230769230769,997,6.70310932798395
984,13,6.70630081300813,6.69230769230769,997,6.7061183550652
982,17,6.69653767820774,6.64705882352941,999,6.6956956956957
982,17,6.70162932790224,6.64705882352941,999,6.7007007007007
984,14,6.70630081300813,6.57142857142857,998,6.70440881763527
982,14,6.70468431771894,6.57142857142857,996,6.70281124497992
984,15,6.69715447154472,6.53333333333333,999,6.69469469469469
982,17,6.69348268839104,6.52941176470588,999,6.69069069069069
983,16,6.68565615462869,6.5,999,6.68268268268268
983,15,6.68972533062055,6.53333333333333,998,6.687374749499
983,16,6.68463886063072,6.5625,999,6.68268268268268
980,17,6.68673469387755,6.52941176470588,997,6.68405215646941
983,16,6.69277721261445,6.5625,999,6.69069069069069
984,14,6.68394308943089,6.57142857142857,998,6.68236472945892
984,14,6.66869918699187,6.71428571428571,998,6.66933867735471
986,13,6.67849898580122,6.76923076923077,999,6.67967967967968
986,13,6.68661257606491,6.76923076923077,999,6.68768768768769
986,11,6.68864097363083,6.72727272727273,997,6.68906720160481
986,13,6.69574036511156,6.76923076923077,999,6.6966966966967
988,11,6.69534412955466,6.72727272727273,999,6.6956956956957
987,11,6.70212765957447,6.63636363636364,998,6.70140280561122
988,11,6.69230769230769,6.63636363636364,999,6.69169169169169
988,11,6.69736842105263,6.63636363636364,999,6.6966966966967
987,12,6.70212765957447,6.66666666666667,999,6.7017017017017
986,13,6.69574036511156,6.61538461538461,999,6.69469469469469
986,13,6.68864097363083,6.53846153846154,999,6.68668668668669
986,12,6.69269776876268,6.5,998,6.69038076152305
987,12,6.69300911854103,6.58333333333333,999,6.69169169169169
985,12,6.69137055837563,6.58333333333333,997,6.6900702106319
988,11,6.69433198380567,6.45454545454545,999,6.69169169169169
988,10,6.68218623481781,6.5,998,6.68036072144289
987,10,6.66261398176292,6.6,997,6.66198595787362
986,11,6.6632860040568,6.54545454545455,997,6.66198595787362
986,10,6.65821501014199,6.4,996,6.65562248995984
985,11,6.66192893401015,6.36363636363636,996,6.65863453815261
985,11,6.66192893401015,6.36363636363636,996,6.65863453815261
988,10,6.66194331983806,6.4,998,6.65931863727455
987,11,6.67477203647416,6.36363636363636,998,6.67134268537074
986,12,6.68661257606491,6.33333333333333,998,6.68236472945892
987,12,6.68794326241135,6.33333333333333,999,6.68368368368368
987,12,6.68490374873354,6.33333333333333,999,6.68068068068068
988,11,6.68218623481781,6.27272727272727,999,6.67767767767768
988,11,6.68724696356275,6.18181818181818,999,6.68168168168168
988,11,6.69635627530364,6.27272727272727,999,6.69169169169169
986,11,6.69675456389452,6.27272727272727,997,6.69207622868606
989,10,6.69565217391304,6.3,999,6.69169169169169
987,11,6.6919959473151,6.27272727272727,998,6.687374749499
986,11,6.69168356997972,6.36363636363636,997,6.68806419257773
987,12,6.70212765957447,6.33333333333333,999,6.6976976976977
986,11,6.69371196754564,6.36363636363636,997,6.6900702106319
988,11,6.71457489878543,6.36363636363636,999,6.71071071071071
988,11,6.71761133603239,6.45454545454545,999,6.71471471471471
987,11,6.71428571428571,6.45454545454545,998,6.71142284569138
988,11,6.72267206477733,6.45454545454545,999,6.71971971971972
990,9,6.73131313131313,6.55555555555556,999,6.72972972972973
988,11,6.72267206477733,6.54545454545455,999,6.72072072072072
988,11,6.73279352226721,6.54545454545455,999,6.73073073073073
989,9,6.72194135490394,6.44444444444444,998,6.71943887775551
989,10,6.72800808897877,6.4,999,6.72472472472472
989,9,6.72295247724975,6.44444444444444,998,6.72044088176353
989,10,6.72194135490394,6.7,999,6.72172172172172
991,8,6.72351160443996,6.625,999,6.72272272272272
989,9,6.72598584428716,6.55555555555556,998,6.72444889779559
990,9,6.73434343434343,6.55555555555556,999,6.73273273273273
991,8,6.74470232088799,6.625,999,6.74374374374374
991,8,6.74369323915237,6.625,999,6.74274274274274
991,8,6.74470232088799,6.625,999,6.74374374374374
990,9,6.74040404040404,6.55555555555556,999,6.73873873873874
988,10,6.74797570850202,6.6,998,6.74649298597194
991,8,6.73662966700303,6.75,999,6.73673673673674
989,9,6.737108190091,6.66666666666667,998,6.73647294589178
990,9,6.73838383838384,6.66666666666667,999,6.73773773773774
988,10,6.73076923076923,6.6,998,6.72945891783567
989,10,6.72497472194136,6.6,999,6.72372372372372
989,9,6.72598584428716,6.55555555555556,998,6.72444889779559
990,8,6.71414141414141,6.5,998,6.7124248496994
992,7,6.70866935483871,6.57142857142857,999,6.70770770770771
991,8,6.71745711402624,7.0,999,6.71971971971972
991,8,6.72754793138244,7.0,999,6.72972972972973
990,9,6.72121212121212,6.88888888888889,999,6.72272272272272
988,9,6.71761133603239,6.88888888888889,997,6.71915747241725
989,10,6.73104145601618,6.9,999,6.73273273273273
989,10,6.72699696663296,6.9,999,6.72872872872873
989,10,6.72194135490394,6.9,999,6.72372372372372
988,11,6.72672064777328,6.81818181818182,999,6.72772772772773
989,10,6.72497472194136,6.9,999,6.72672672672673
989,8,6.71688574317492,6.5,997,6.71514543630893
989,9,6.72093023255814,6.44444444444444,998,6.7184368737475
989,9,6.71587462082912,6.44444444444444,998,6.71342685370742
990,9,6.72222222222222,6.44444444444444,999,6.71971971971972
988,10,6.72368421052632,6.4,998,6.72044088176353
989,10,6.72699696663296,6.4,999,6.72372372372372
988,10,6.72672064777328,6.4,998,6.72344689378758
990,9,6.74141414141414,6.44444444444444,999,6.73873873873874
987,8,6.73758865248227,6.5,995,6.7356783919598
987,10,6.73353596757852,6.4,997,6.73019057171515
986,11,6.73529411764706,6.36363636363636,997,6.73119358074223
989,10,6.73508594539939,6.3,999,6.73073073073073
988,10,6.72874493927126,6.3,998,6.72444889779559
986,13,6.73326572008114,6.38461538461539,999,6.72872872872873
985,13,6.73197969543147,6.38461538461539,998,6.72745490981964
985,14,6.73401015228426,6.35714285714286,999,6.72872872872873
987,12,6.7274569402229,6.41666666666667,999,6.72372372372372
986,12,6.74036511156187,6.41666666666667,998,6.73647294589178
989,10,6.74620829120324,6.2,999,6.74074074074074
987,12,6.74366767983789,6.16666666666667,999,6.73673673673674
986,12,6.74137931034483,6.16666666666667,998,6.73446893787575
986,12,6.74645030425963,6.16666666666667,998,6.73947895791583
987,11,6.73657548125633,6.18181818181818,998,6.73046092184369
990,9,6.74141414141414,6.0,999,6.73473473473473
986,12,6.73123732251521,6.0,998,6.72244488977956
986,11,6.74543610547667,6.0,997,6.73721163490471
989,10,6.72194135490394,6.0,999,6.71471471471471
988,10,6.7165991902834,6.0,998,6.70941883767535
988,11,6.71963562753036,6.0,999,6.71171171171171
986,11,6.72210953346856,6.0,997,6.71414242728185
987,11,6.71732522796353,6.0,998,6.70941883767535
986,11,6.72819472616633,6.0,997,6.72016048144433
989,10,6.72598584428716,6.0,999,6.71871871871872
987,11,6.72137791286727,6.0,998,6.71342685370742
987,11,6.71225937183384,6.0,998,6.70440881763527
987,12,6.70719351570415,6.0,999,6.6986986986987
988,11,6.70445344129555,6.0,999,6.6966966966967
984,12,6.72256097560976,6.0,996,6.71385542168675
986,12,6.70993914807302,6.0,998,6.70140280561122
987,12,6.71225937183384,6.0,999,6.7037037037037
987,11,6.7112462006079,6.0,998,6.70340681362725
988,11,6.71255060728745,6.0,999,6.7047047047047
989,10,6.70677451971689,6.0,999,6.6996996996997
986,9,6.70993914807302,6.0,995,6.7035175879397
990,8,6.70808080808081,6.0,998,6.70240480961924
991,6,6.70232088799193,6.0,997,6.69809428284855
993,6,6.70191339375629,6.0,999,6.6976976976977
993,5,6.71097683786506,6.0,998,6.70741482965932
995,4,6.72462311557789,6.0,999,6.72172172172172
995,4,6.72562814070352,6.0,999,6.72272272272272
994,4,6.72434607645875,6.0,998,6.72144288577154
994,4,6.72434607645875,6.0,998,6.72144288577154
995,4,6.71959798994975,6.0,999,6.71671671671672
992,4,6.73084677419355,6.0,996,6.72791164658635
998,1,6.73947895791583,6.0,999,6.73873873873874
998,1,6.73647294589178,6.0,999,6.73573573573574
996,1,6.73895582329317,6.0,997,6.7382146439318
998,1,6.74148296593186,6.0,999,6.74074074074074
997,1,6.74122367101304,6.0,998,6.74048096192385
997,2,6.74122367101304,6.0,999,6.73973973973974
997,2,6.72818455366098,6.0,999,6.72672672672673
997,2,6.72517552657974,6.0,999,6.72372372372372
997,2,6.73019057171515,6.0,999,6.72872872872873
998,1,6.7314629258517,6.0,999,6.73073073073073
998,1,6.73346693386774,6.0,999,6.73273273273273
997,1,6.74222668004012,6.0,998,6.74148296593186
996,1,6.75200803212851,6.0,997,6.75125376128385
998,1,6.74849699398798,6.0,999,6.74774774774775
997,1,6.74623871614845,6.0,998,6.74549098196393
998,1,6.74549098196393,6.0,999,6.74474474474474
997,1,6.7432296890672,6.0,998,6.74248496993988
998,1,6.73346693386774,6.0,999,6.73273273273273
998,1,6.7434869739479,6.0,999,6.74274274274274
996,1,6.74799196787149,6.0,997,6.74724172517553
997,1,6.74222668004012,6.0,998,6.74148296593186
997,1,6.72918756268806,6.0,998,6.72845691382765
997,1,6.72417251755266,6.0,998,6.72344689378758
997,2,6.73119358074223,6.0,999,6.72972972972973
995,2,6.71959798994975,6.0,997,6.71815446339017
997,2,6.73219658976931,6.0,999,6.73073073073073
996,2,6.73293172690763,6.0,998,6.7314629258517
997,2,6.72617853560682,6.0,999,6.72472472472472
996,3,6.71887550200803,6.0,999,6.71671671671672
997,2,6.70912738214644,6.0,999,6.70770770770771
996,2,6.71887550200803,6.0,998,6.71743486973948
997,2,6.71213640922768,6.0,999,6.71071071071071
993,2,6.70896273917422,6.0,995,6.70753768844221
998,1,6.71943887775551,6.0,999,6.71871871871872
998,1,6.71442885771543,6.0,999,6.71371371371371
998,1,6.7064128256513,6.0,999,6.70570570570571
997,1,6.70712136409228,6.0,998,6.7064128256513
997,1,6.70010030090271,6.0,998,6.69939879759519
997,1,6.70812437311936,6.0,998,6.70741482965932
997,1,6.70210631895687,6.0,998,6.70140280561122
999,0,6.70870870870871,NaN,999,6.70870870870871
999,0,6.70970970970971,NaN,999,6.70970970970971
998,0,6.71943887775551,NaN,998,6.71943887775551
998,0,6.71743486973948,NaN,998,6.71743486973948
996,0,6.70983935742972,NaN,996,6.70983935742972
999,0,6.71171171171171,NaN,999,6.71171171171171
999,0,6.7007007007007,NaN,999,6.7007007007007
999,0,6.69469469469469,NaN,999,6.69469469469469
999,0,6.6996996996997,NaN,999,6.6996996996997
998,0,6.70440881763527,NaN,998,6.70440881763527
998,0,6.71442885771543,NaN,998,6.71442885771543
999,0,6.70970970970971,NaN,999,6.70970970970971
998,0,6.70440881763527,NaN,998,6.70440881763527
999,0,6.6986986986987,NaN,999,6.6986986986987
999,0,6.7037037037037,NaN,999,6.7037037037037
999,0,6.71671671671672,NaN,999,6.71671671671672
999,0,6.72372372372372,NaN,999,6.72372372372372
996,0,6.71987951807229,NaN,996,6.71987951807229
999,0,6.71471471471471,NaN,999,6.71471471471471
999,0,6.71771771771772,NaN,999,6.71771771771772
998,0,6.72144288577154,NaN,998,6.72144288577154
998,0,6.71042084168337,NaN,998,6.71042084168337
999,0,6.71071071071071,NaN,999,6.71071071071071
999,0,6.71371371371371,NaN,999,6.71371371371371
997,0,6.71013039117352,NaN,997,6.71013039117352
999,0,6.6986986986987,NaN,999,6.6986986986987
999,0,6.70870870870871,NaN,999,6.70870870870871
999,0,6.71271271271271,NaN,999,6.71271271271271
998,0,6.69438877755511,NaN,998,6.69438877755511
999,0,6.69369369369369,NaN,999,6.69369369369369
996,0,6.69578313253012,NaN,996,6.69578313253012
998,0,6.69038076152305,NaN,998,6.69038076152305
998,0,6.69138276553106,NaN,998,6.69138276553106
996,0,6.69477911646586,NaN,996,6.69477911646586
999,0,6.6976976976977,NaN,999,6.6976976976977
999,0,6.71071071071071,NaN,999,6.71071071071071
999,0,6.72372372372372,NaN,999,6.72372372372372
998,0,6.72845691382765,NaN,998,6.72845691382765
998,0,6.73647294589178,NaN,998,6.73647294589178
996,0,6.72590361445783,NaN,996,6.72590361445783
999,0,6.73573573573574,NaN,999,6.73573573573574
999,0,6.73773773773774,NaN,999,6.73773773773774
999,0,6.74974974974975,NaN,999,6.74974974974975
998,0,6.75851703406814,NaN,998,6.75851703406814
999,0,6.76876876876877,NaN,999,6.76876876876877
996,0,6.76305220883534,NaN,996,6.76305220883534
998,0,6.76553106212425,NaN,998,6.76553106212425
999,0,6.76776776776777,NaN,999,6.76776776776777
999,0,6.76276276276276,NaN,999,6.76276276276276
997,0,6.7703109327984,NaN,997,6.7703109327984
999,0,6.77577577577578,NaN,999,6.77577577577578
997,0,6.77231695085256,NaN,997,6.77231695085256
997,0,6.77933801404213,NaN,997,6.77933801404213
997,0,6.77131394182548,NaN,997,6.77131394182548
998,0,6.7685370741483,NaN,998,6.7685370741483
999,0,6.76076076076076,NaN,999,6.76076076076076
999,0,6.75775775775776,NaN,999,6.75775775775776
996,0,6.76506024096386,NaN,996,6.76506024096386
997,0,6.76228686058174,NaN,997,6.76228686058174
999,0,6.76276276276276,NaN,999,6.76276276276276
998,0,6.77555110220441,NaN,998,6.77555110220441
998,0,6.76152304609218,NaN,998,6.76152304609218
999,0,6.76676676676677,NaN,999,6.76676676676677
998,0,6.77855711422846,NaN,998,6.77855711422846
998,0,6.77354709418838,NaN,998,6.77354709418838
999,0,6.77177177177177,NaN,999,6.77177177177177
998,0,6.77655310621242,NaN,998,6.77655310621242
999,0,6.77477477477477,NaN,999,6.77477477477477
997,0,6.77733199598796,NaN,997,6.77733199598796
999,0,6.78778778778779,NaN,999,6.78778778778779
999,0,6.79279279279279,NaN,999,6.79279279279279
999,0,6.78478478478478,NaN,999,6.78478478478478
995,0,6.77889447236181,NaN,995,6.77889447236181
999,0,6.76876876876877,NaN,999,6.76876876876877
998,0,6.77254509018036,NaN,998,6.77254509018036
999,0,6.76876876876877,NaN,999,6.76876876876877
996,0,6.76506024096386,NaN,996,6.76506024096386
999,0,6.76976976976977,NaN,999,6.76976976976977
997,0,6.76128385155466,NaN,997,6.76128385155466
999,0,6.75975975975976,NaN,999,6.75975975975976
999,0,6.76876876876877,NaN,999,6.76876876876877
999,0,6.76776776776777,NaN,999,6.76776776776777
997,0,6.77432296890672,NaN,997,6.77432296890672
999,0,6.78178178178178,NaN,999,6.78178178178178
999,0,6.78978978978979,NaN,999,6.78978978978979
999,0,6.8008008008008,NaN,999,6.8008008008008
999,0,6.7957957957958,NaN,999,6.7957957957958
999,0,6.78578578578579,NaN,999,6.78578578578579
999,0,6.79479479479479,NaN,999,6.79479479479479
999,0,6.78678678678679,NaN,999,6.78678678678679
999,0,6.7977977977978,NaN,999,6.7977977977978
997,0,6.79538615847543,NaN,997,6.79538615847543
999,0,6.78978978978979,NaN,999,6.78978978978979
997,0,6.79739217652959,NaN,997,6.79739217652959
998,0,6.79158316633267,NaN,998,6.79158316633267
995,0,6.79899497487437,NaN,995,6.79899497487437
998,0,6.80460921843687,NaN,998,6.80460921843687
998,0,6.81462925851703,NaN,998,6.81462925851703
999,0,6.81181181181181,NaN,999,6.81181181181181
999,0,6.82182182182182,NaN,999,6.82182182182182
999,0,6.81781781781782,NaN,999,6.81781781781782
996,0,6.81325301204819,NaN,996,6.81325301204819
998,0,6.80861723446894,NaN,998,6.80861723446894
999,0,6.7987987987988,NaN,999,6.7987987987988
999,0,6.78778778778779,NaN,999,6.78778778778779
997,0,6.80341023069208,NaN,997,6.80341023069208
998,0,6.8186372745491,NaN,998,6.8186372745491
999,0,6.80880880880881,NaN,999,6.80880880880881
998,0,6.80861723446894,NaN,998,6.80861723446894
998,0,6.80961923847695,NaN,998,6.80961923847695
999,0,6.81181181181181,NaN,999,6.81181181181181
998,0,6.81062124248497,NaN,998,6.81062124248497
999,0,6.82182182182182,NaN,999,6.82182182182182
998,0,6.82064128256513,NaN,998,6.82064128256513
999,0,6.8038038038038,NaN,999,6.8038038038038
999,0,6.7997997997998,NaN,999,6.7997997997998
997,0,6.80341023069208,NaN,997,6.80341023069208
998,0,6.80260521042084,NaN,998,6.80260521042084
998,0,6.80360721442886,NaN,998,6.80360721442886
997,0,6.81444332998997,NaN,997,6.81444332998997
999,0,6.81281281281281,NaN,999,6.81281281281281
998,0,6.81663326653307,NaN,998,6.81663326653307
998,0,6.81963927855711,NaN,998,6.81963927855711
999,0,6.81081081081081,NaN,999,6.81081081081081
999,0,6.81381381381381,NaN,999,6.81381381381381
998,0,6.80761523046092,NaN,998,6.80761523046092
999,0,6.81481481481481,NaN,999,6.81481481481481
999,0,6.81581581581582,NaN,999,6.81581581581582
998,0,6.80661322645291,NaN,998,6.80661322645291
999,0,6.81081081081081,NaN,999,6.81081081081081
996,0,6.81024096385542,NaN,996,6.81024096385542
999,0,6.80680680680681,NaN,999,6.80680680680681
998,0,6.81162324649299,NaN,998,6.81162324649299
999,0,6.81681681681682,NaN,999,6.81681681681682
999,0,6.80780780780781,NaN,999,6.80780780780781
998,0,6.80961923847695,NaN,998,6.80961923847695
999,0,6.82682682682683,NaN,999,6.82682682682683
997,0,6.81845536609829,NaN,997,6.81845536609829
999,0,6.82282282282282,NaN,999,6.82282282282282
997,0,6.82046138415246,NaN,997,6.82046138415246
998,0,6.82064128256513,NaN,998,6.82064128256513
999,0,6.82182182182182,NaN,999,6.82182182182182
999,0,6.82882882882883,NaN,999,6.82882882882883
998,0,6.82665330661323,NaN,998,6.82665330661323
998,0,6.82064128256513,NaN,998,6.82064128256513
998,0,6.82565130260521,NaN,998,6.82565130260521
997,0,6.82046138415246,NaN,997,6.82046138415246
998,0,6.82164328657315,NaN,998,6.82164328657315
999,0,6.82082082082082,NaN,999,6.82082082082082
999,0,6.80880880880881,NaN,999,6.80880880880881
999,0,6.81081081081081,NaN,999,6.81081081081081
998,0,6.83266533066132,NaN,998,6.83266533066132
998,0,6.82865731462926,NaN,998,6.82865731462926
998,0,6.82765531062124,NaN,998,6.82765531062124
997,0,6.83350050150451,NaN,997,6.83350050150451
999,0,6.83383383383383,NaN,999,6.83383383383383
998,0,6.83366733466934,NaN,998,6.83366733466934
998,0,6.82264529058116,NaN,998,6.82264529058116
999,0,6.82582582582583,NaN,999,6.82582582582583
998,0,6.82464929859719,NaN,998,6.82464929859719
999,0,6.82582582582583,NaN,999,6.82582582582583
997,0,6.82647943831495,NaN,997,6.82647943831495
999,0,6.82982982982983,NaN,999,6.82982982982983
998,0,6.83366733466934,NaN,998,6.83366733466934
997,0,6.83350050150451,NaN,997,6.83350050150451
999,0,6.82582582582583,NaN,999,6.82582582582583
998,0,6.83867735470942,NaN,998,6.83867735470942
999,0,6.84084084084084,NaN,999,6.84084084084084
999,0,6.83583583583584,NaN,999,6.83583583583584
999,0,6.83983983983984,NaN,999,6.83983983983984
997,0,6.84353059177533,NaN,997,6.84353059177533
998,0,6.84468937875751,NaN,998,6.84468937875751
999,0,6.83883883883884,NaN,999,6.83883883883884
998,0,6.84168336673347,NaN,998,6.84168336673347
999,0,6.84184184184184,NaN,999,6.84184184184184
998,0,6.82665330661323,NaN,998,6.82665330661323
998,0,6.82464929859719,NaN,998,6.82464929859719
999,0,6.83083083083083,NaN,999,6.83083083083083
998,0,6.83166332665331,NaN,998,6.83166332665331
999,0,6.83383383383383,NaN,999,6.83383383383383
999,0,6.84584584584585,NaN,999,6.84584584584585
999,0,6.84884884884885,NaN,999,6.84884884884885
997,0,6.84754262788365,NaN,997,6.84754262788365
997,0,6.85255767301906,NaN,997,6.85255767301906
999,0,6.85885885885886,NaN,999,6.85885885885886
998,0,6.85671342685371,NaN,998,6.85671342685371
999,0,6.86386386386386,NaN,999,6.86386386386386
999,0,6.86786786786787,NaN,999,6.86786786786787
998,0,6.86072144288577,NaN,998,6.86072144288577
999,0,6.86686686686687,NaN,999,6.86686686686687
999,0,6.87387387387387,NaN,999,6.87387387387387
999,0,6.86686686686687,NaN,999,6.86686686686687
998,0,6.86673346693387,NaN,998,6.86673346693387
998,0,6.86172344689379,NaN,998,6.86172344689379
996,0,6.86646586345381,NaN,996,6.86646586345381
996,0,6.85542168674699,NaN,996,6.85542168674699
999,0,6.84684684684685,NaN,999,6.84684684684685
998,0,6.85871743486974,NaN,998,6.85871743486974
995,0,6.85326633165829,NaN,995,6.85326633165829
998,0,6.86072144288577,NaN,998,6.86072144288577
998,0,6.86673346693387,NaN,998,6.86673346693387
998,0,6.86472945891784,NaN,998,6.86472945891784
998,0,6.86773547094188,NaN,998,6.86773547094188
999,0,6.87187187187187,NaN,999,6.87187187187187
999,0,6.86486486486486,NaN,999,6.86486486486486
998,0,6.85571142284569,NaN,998,6.85571142284569
999,0,6.86386386386386,NaN,999,6.86386386386386
999,0,6.85485485485485,NaN,999,6.85485485485485
999,0,6.85185185185185,NaN,999,6.85185185185185
995,0,6.85427135678392,NaN,995,6.85427135678392
998,0,6.86072144288577,NaN,998,6.86072144288577
999,0,6.85985985985986,NaN,999,6.85985985985986
997,0,6.84754262788365,NaN,997,6.84754262788365
998,0,6.85771543086172,NaN,998,6.85771543086172
999,0,6.85385385385385,NaN,999,6.85385385385385
998,0,6.85671342685371,NaN,998,6.85671342685371
999,0,6.86486486486486,NaN,999,6.86486486486486
998,0,6.87374749498998,NaN,998,6.87374749498998
998,0,6.88076152304609,NaN,998,6.88076152304609
999,0,6.87487487487487,NaN,999,6.87487487487487
999,0,6.86686686686687,NaN,999,6.86686686686687
999,0,6.87387387387387,NaN,999,6.87387387387387
998,0,6.87174348697395,NaN,998,6.87174348697395
999,0,6.88088088088088,NaN,999,6.88088088088088
998,0,6.88977955911824,NaN,998,6.88977955911824
997,0,6.87462387161484,NaN,997,6.87462387161484
997,0,6.88164493480441,NaN,997,6.88164493480441
996,0,6.88955823293173,NaN,996,6.88955823293173
997,0,6.88164493480441,NaN,997,6.88164493480441
999,0,6.88888888888889,NaN,999,6.88888888888889
999,0,6.87887887887888,NaN,999,6.87887887887888
997,0,6.87362086258776,NaN,997,6.87362086258776
999,0,6.86986986986987,NaN,999,6.86986986986987
999,0,6.86986986986987,NaN,999,6.86986986986987
999,0,6.87187187187187,NaN,999,6.87187187187187
999,0,6.87287287287287,NaN,999,6.87287287287287
998,0,6.8687374749499,NaN,998,6.8687374749499
998,0,6.86472945891784,NaN,998,6.86472945891784
999,0,6.87287287287287,NaN,999,6.87287287287287
999,0,6.87187187187187,NaN,999,6.87187187187187
999,0,6.86986986986987,NaN,999,6.86986986986987
998,0,6.86973947895792,NaN,998,6.86973947895792
997,0,6.86459378134403,NaN,997,6.86459378134403
998,0,6.86573146292585,NaN,998,6.86573146292585
999,0,6.87687687687688,NaN,999,6.87687687687688
998,0,6.87575150300601,NaN,998,6.87575150300601
999,0,6.86886886886887,NaN,999,6.86886886886887
997,0,6.86559679037111,NaN,997,6.86559679037111
997,0,6.86860581745236,NaN,997,6.86860581745236
999,0,6.85785785785786,NaN,999,6.85785785785786
999,0,6.85985985985986,NaN,999,6.85985985985986
998,0,6.85571142284569,NaN,998,6.85571142284569
998,0,6.85170340681363,NaN,998,6.85170340681363
999,0,6.85785785785786,NaN,999,6.85785785785786
998,0,6.85170340681363,NaN,998,6.85170340681363
997,0,6.85255767301906,NaN,997,6.85255767301906
999,0,6.84884884884885,NaN,999,6.84884884884885
998,0,6.85170340681363,NaN,998,6.85170340681363
998,0,6.84769539078156,NaN,998,6.84769539078156
999,0,6.84384384384384,NaN,999,6.84384384384384
999,0,6.83883883883884,NaN,999,6.83883883883884
999,0,6.83983983983984,NaN,999,6.83983983983984
998,0,6.84669338677355,NaN,998,6.84669338677355
999,0,6.83583583583584,NaN,999,6.83583583583584
998,0,6.85170340681363,NaN,998,6.85170340681363
999,0,6.84784784784785,NaN,999,6.84784784784785
998,0,6.84468937875751,NaN,998,6.84468937875751
999,0,6.85285285285285,NaN,999,6.85285285285285
999,0,6.84584584584585,NaN,999,6.84584584584585
999,0,6.84284284284284,NaN,999,6.84284284284284
997,0,6.84453360080241,NaN,997,6.84453360080241
999,0,6.84984984984985,NaN,999,6.84984984984985
999,0,6.84584584584585,NaN,999,6.84584584584585
997,0,6.83751253761284,NaN,997,6.83751253761284
997,0,6.84453360080241,NaN,997,6.84453360080241
999,0,6.85485485485485,NaN,999,6.85485485485485
999,0,6.84184184184184,NaN,999,6.84184184184184
996,0,6.83232931726908,NaN,996,6.83232931726908
999,0,6.84184184184184,NaN,999,6.84184184184184
997,0,6.839518555667,NaN,997,6.839518555667
997,0,6.81644934804413,NaN,997,6.81644934804413
996,0,6.81124497991968,NaN,996,6.81124497991968
999,0,6.81481481481481,NaN,999,6.81481481481481
999,0,6.81581581581582,NaN,999,6.81581581581582
998,0,6.81963927855711,NaN,998,6.81963927855711
999,0,6.81681681681682,NaN,999,6.81681681681682
999,0,6.81281281281281,NaN,999,6.81281281281281
998,0,6.812625250501,NaN,998,6.812625250501
999,0,6.81981981981982,NaN,999,6.81981981981982
999,0,6.80780780780781,NaN,999,6.80780780780781
999,0,6.8018018018018,NaN,999,6.8018018018018
998,0,6.81162324649299,NaN,998,6.81162324649299
999,0,6.81081081081081,NaN,999,6.81081081081081
999,0,6.81981981981982,NaN,999,6.81981981981982
997,0,6.81845536609829,NaN,997,6.81845536609829
997,0,6.82447342026078,NaN,997,6.82447342026078
999,0,6.81681681681682,NaN,999,6.81681681681682
999,0,6.81381381381381,NaN,999,6.81381381381381
998,0,6.81763527054108,NaN,998,6.81763527054108
998,0,6.8186372745491,NaN,998,6.8186372745491
996,0,6.80522088353414,NaN,996,6.80522088353414
999,0,6.81081081081081,NaN,999,6.81081081081081
998,0,6.812625250501,NaN,998,6.812625250501
998,0,6.80961923847695,NaN,998,6.80961923847695
997,0,6.80541624874624,NaN,997,6.80541624874624
999,0,6.81181181181181,NaN,999,6.81181181181181
999,0,6.81881881881882,NaN,999,6.81881881881882
999,0,6.80980980980981,NaN,999,6.80980980980981
998,0,6.79759519038076,NaN,998,6.79759519038076
999,0,6.7987987987988,NaN,999,6.7987987987988
999,0,6.7977977977978,NaN,999,6.7977977977978
998,0,6.78957915831663,NaN,998,6.78957915831663
997,0,6.78635907723169,NaN,997,6.78635907723169
998,0,6.79058116232465,NaN,998,6.79058116232465
999,0,6.8018018018018,NaN,999,6.8018018018018
997,0,6.79839518555667,NaN,997,6.79839518555667
999,0,6.7977977977978,NaN,999,6.7977977977978
999,0,6.8008008008008,NaN,999,6.8008008008008
999,0,6.79379379379379,NaN,999,6.79379379379379
998,0,6.7935871743487,NaN,998,6.7935871743487
998,0,6.79258517034068,NaN,998,6.79258517034068
999,0,6.79079079079079,NaN,999,6.79079079079079
998,0,6.78957915831663,NaN,998,6.78957915831663
998,0,6.78857715430862,NaN,998,6.78857715430862
998,0,6.79659318637275,NaN,998,6.79659318637275
999,0,6.7977977977978,NaN,999,6.7977977977978
998,0,6.79559118236473,NaN,998,6.79559118236473
997,0,6.80341023069208,NaN,997,6.80341023069208
998,0,6.80460921843687,NaN,998,6.80460921843687
999,0,6.79279279279279,NaN,999,6.79279279279279
998,0,6.7935871743487,NaN,998,6.7935871743487
996,0,6.79016064257028,NaN,996,6.79016064257028
999,0,6.78678678678679,NaN,999,6.78678678678679
999,0,6.8008008008008,NaN,999,6.8008008008008
999,0,6.8038038038038,NaN,999,6.8038038038038
998,0,6.78857715430862,NaN,998,6.78857715430862
997,0,6.78535606820461,NaN,997,6.78535606820461
999,0,6.78778778778779,NaN,999,6.78778778778779
998,0,6.78657314629258,NaN,998,6.78657314629258
998,0,6.7875751503006,NaN,998,6.7875751503006
999,0,6.79279279279279,NaN,999,6.79279279279279
999,0,6.79379379379379,NaN,999,6.79379379379379
998,0,6.79158316633267,NaN,998,6.79158316633267
999,0,6.78978978978979,NaN,999,6.78978978978979
998,0,6.79158316633267,NaN,998,6.79158316633267
997,0,6.79739217652959,NaN,997,6.79739217652959
999,0,6.78978978978979,NaN,999,6.78978978978979
997,0,6.79237713139418,NaN,997,6.79237713139418
996,0,6.79518072289157,NaN,996,6.79518072289157
997,0,6.78936810431294,NaN,997,6.78936810431294
999,0,6.7967967967968,NaN,999,6.7967967967968
999,0,6.7967967967968,NaN,999,6.7967967967968
999,0,6.77677677677678,NaN,999,6.77677677677678
998,0,6.78056112224449,NaN,998,6.78056112224449
997,0,6.79638916750251,NaN,997,6.79638916750251
997,0,6.79638916750251,NaN,997,6.79638916750251
999,0,6.8028028028028,NaN,999,6.8028028028028
998,0,6.80160320641283,NaN,998,6.80160320641283
998,0,6.79759519038076,NaN,998,6.79759519038076
996,0,6.79618473895582,NaN,996,6.79618473895582
999,0,6.80680680680681,NaN,999,6.80680680680681
998,0,6.82164328657315,NaN,998,6.82164328657315
999,0,6.81681681681682,NaN,999,6.81681681681682
998,0,6.8186372745491,NaN,998,6.8186372745491
998,0,6.82665330661323,NaN,998,6.82665330661323
999,0,6.80780780780781,NaN,999,6.80780780780781
998,0,6.82865731462926,NaN,998,6.82865731462926
999,0,6.83583583583584,NaN,999,6.83583583583584
999,0,6.83583583583584,NaN,999,6.83583583583584
998,0,6.83366733466934,NaN,998,6.83366733466934
999,0,6.82882882882883,NaN,999,6.82882882882883
998,0,6.83366733466934,NaN,998,6.83366733466934
999,0,6.83383383383383,NaN,999,6.83383383383383
998,0,6.8436873747495,NaN,998,6.8436873747495
999,0,6.86086086086086,NaN,999,6.86086086086086
998,0,6.8436873747495,NaN,998,6.8436873747495
997,0,6.84754262788365,NaN,997,6.84754262788365
999,0,6.84484484484484,NaN,999,6.84484484484484
999,0,6.85285285285285,NaN,999,6.85285285285285
999,0,6.85685685685686,NaN,999,6.85685685685686
999,0,6.84184184184184,NaN,999,6.84184184184184
999,0,6.85185185185185,NaN,999,6.85185185185185
998,0,6.83967935871743,NaN,998,6.83967935871743
999,0,6.85785785785786,NaN,999,6.85785785785786
998,0,6.8496993987976,NaN,998,6.8496993987976
997,0,6.84653961885657,NaN,997,6.84653961885657
999,0,6.84584584584585,NaN,999,6.84584584584585
999,0,6.84184184184184,NaN,999,6.84184184184184
999,0,6.83183183183183,NaN,999,6.83183183183183
999,0,6.83383383383383,NaN,999,6.83383383383383
998,0,6.8436873747495,NaN,998,6.8436873747495
998,0,6.83667334669339,NaN,998,6.83667334669339
997,0,6.83851554663992,NaN,997,6.83851554663992
999,0,6.83883883883884,NaN,999,6.83883883883884
998,0,6.83366733466934,NaN,998,6.83366733466934
999,0,6.83883883883884,NaN,999,6.83883883883884
998,0,6.82264529058116,NaN,998,6.82264529058116
998,0,6.82464929859719,NaN,998,6.82464929859719
998,0,6.82464929859719,NaN,998,6.82464929859719
998,0,6.81763527054108,NaN,998,6.81763527054108
999,0,6.82082082082082,NaN,999,6.82082082082082
998,0,6.82064128256513,NaN,998,6.82064128256513
997,0,6.82046138415246,NaN,997,6.82046138415246
998,0,6.81963927855711,NaN,998,6.81963927855711
999,0,6.82582582582583,NaN,999,6.82582582582583
998,0,6.83366733466934,NaN,998,6.83366733466934
999,0,6.81781781781782,NaN,999,6.81781781781782
999,0,6.81081081081081,NaN,999,6.81081081081081
999,0,6.81281281281281,NaN,999,6.81281281281281
999,0,6.81681681681682,NaN,999,6.81681681681682
997,0,6.81243731193581,NaN,997,6.81243731193581
999,0,6.80780780780781,NaN,999,6.80780780780781
997,0,6.80842527582748,NaN,997,6.80842527582748
998,0,6.80260521042084,NaN,998,6.80260521042084
998,0,6.7935871743487,NaN,998,6.7935871743487
999,0,6.79179179179179,NaN,999,6.79179179179179
999,0,6.79379379379379,NaN,999,6.79379379379379
999,0,6.79379379379379,NaN,999,6.79379379379379
996,0,6.785140562249,NaN,996,6.785140562249
999,0,6.78278278278278,NaN,999,6.78278278278278
997,0,6.78535606820461,NaN,997,6.78535606820461
997,0,6.78134403209629,NaN,997,6.78134403209629
998,0,6.77855711422846,NaN,998,6.77855711422846
998,0,6.77655310621242,NaN,998,6.77655310621242
995,0,6.78190954773869,NaN,995,6.78190954773869
999,0,6.77977977977978,NaN,999,6.77977977977978
999,0,6.77877877877878,NaN,999,6.77877877877878
998,0,6.77955911823647,NaN,998,6.77955911823647
999,0,6.77577577577578,NaN,999,6.77577577577578
998,0,6.78356713426854,NaN,998,6.78356713426854
999,0,6.79379379379379,NaN,999,6.79379379379379
997,0,6.79939819458375,NaN,997,6.79939819458375
998,0,6.79158316633267,NaN,998,6.79158316633267
998,0,6.79058116232465,NaN,998,6.79058116232465
998,0,6.78557114228457,NaN,998,6.78557114228457
999,0,6.78478478478478,NaN,999,6.78478478478478
999,0,6.79079079079079,NaN,999,6.79079079079079
998,0,6.79258517034068,NaN,998,6.79258517034068
997,0,6.79939819458375,NaN,997,6.79939819458375
997,0,6.81043129388164,NaN,997,6.81043129388164
998,0,6.81563126252505,NaN,998,6.81563126252505
999,0,6.81581581581582,NaN,999,6.81581581581582
999,0,6.8028028028028,NaN,999,6.8028028028028
999,0,6.79379379379379,NaN,999,6.79379379379379
998,0,6.79759519038076,NaN,998,6.79759519038076
998,0,6.80360721442886,NaN,998,6.80360721442886
998,0,6.80060120240481,NaN,998,6.80060120240481
998,0,6.79859719438878,NaN,998,6.79859719438878
998,0,6.79158316633267,NaN,998,6.79158316633267
997,0,6.78836509528586,NaN,997,6.78836509528586
997,0,6.78836509528586,NaN,997,6.78836509528586
