forward_num,reverse_num,forward_rate,reverse_rate,organism_num,organism_rate
50,50,5.5,5.5,100,5.5
64,61,5.96875,5.91803278688525,125,5.944
79,74,6.06329113924051,6.12162162162162,153,6.09150326797386
99,95,6.3030303030303,6.10526315789474,194,6.20618556701031
120,113,6.40833333333333,6.19469026548673,233,6.30472103004292
144,144,6.43055555555556,6.29861111111111,288,6.36458333333333
192,173,6.52083333333333,6.36416184971098,365,6.44657534246575
237,213,6.56540084388186,6.49295774647887,450,6.53111111111111
293,257,6.64505119453925,6.59922178988327,550,6.62363636363636
370,326,6.65945945945946,6.58895705521472,696,6.6264367816092
469,404,6.70362473347548,6.62871287128713,873,6.66895761741123
532,467,6.74436090225564,6.63811563169165,999,6.69469469469469
531,468,6.77401129943503,6.60042735042735,999,6.69269269269269
511,487,6.80821917808219,6.58110882956879,998,6.69739478957916
517,482,6.8568665377176,6.59751037344398,999,6.73173173173173
513,486,6.83040935672515,6.56584362139918,999,6.7017017017017
508,491,6.75984251968504,6.52953156822811,999,6.64664664664665
502,497,6.69123505976096,6.46881287726358,999,6.58058058058058
506,492,6.61067193675889,6.45121951219512,998,6.53206412825651
507,491,6.57199211045365,6.44399185336049,998,6.50901803607214
503,496,6.57455268389662,6.45564516129032,999,6.51551551551552
511,488,6.57925636007828,6.46926229508197,999,6.52552552552553
514,485,6.56420233463035,6.45360824742268,999,6.51051051051051
505,494,6.57623762376238,6.47570850202429,999,6.52652652652653
509,490,6.5992141453831,6.48571428571429,999,6.54354354354354
504,494,6.56746031746032,6.51214574898785,998,6.54008016032064
501,498,6.53293413173653,6.48995983935743,999,6.51151151151151
504,495,6.56150793650794,6.47676767676768,999,6.51951951951952
487,509,6.58521560574949,6.53831041257367,996,6.56124497991968
478,519,6.6234309623431,6.59922928709056,997,6.61083249749248
486,513,6.65637860082305,6.58674463937622,999,6.62062062062062
480,518,6.63333333333333,6.6023166023166,998,6.61723446893788
476,522,6.65336134453782,6.65900383141762,998,6.6563126252505
479,519,6.66597077244259,6.61464354527938,998,6.63927855711423
471,528,6.71125265392781,6.625,999,6.66566566566567
484,515,6.6301652892562,6.69126213592233,999,6.66166166166166
479,518,6.59707724425887,6.71235521235521,997,6.65697091273822
490,509,6.57959183673469,6.74066797642436,999,6.66166166166166
489,510,6.59509202453988,6.76862745098039,999,6.68368368368368
486,513,6.559670781893,6.82651072124756,999,6.6966966966967
491,508,6.56211812627291,6.7992125984252,999,6.68268268268268
479,520,6.50104384133612,6.76923076923077,999,6.64064064064064
489,510,6.57873210633947,6.8156862745098,999,6.6996996996997
478,520,6.70502092050209,6.81153846153846,998,6.76052104208417
481,516,6.67359667359667,6.88759689922481,997,6.78435305917753
483,516,6.66459627329193,6.81976744186047,999,6.74474474474474
481,518,6.65488565488566,6.78764478764479,999,6.72372372372372
479,520,6.61586638830898,6.78076923076923,999,6.7017017017017
478,519,6.61715481171548,6.80154142581888,997,6.71313941825476
476,522,6.64075630252101,6.81992337164751,998,6.73446893787575
474,524,6.67088607594937,6.7881679389313,998,6.73246492985972
480,519,6.6375,6.84585741811175,999,6.74574574574575
470,529,6.65531914893617,6.79206049149338,999,6.72772772772773
463,536,6.62850971922246,6.75932835820895,999,6.6986986986987
464,534,6.62931034482759,6.74531835205993,998,6.69138276553106
460,539,6.60434782608696,6.76994434137291,999,6.69369369369369
465,534,6.61505376344086,6.75280898876404,999,6.68868868868869
470,529,6.63617021276596,6.67485822306238,999,6.65665665665666
472,527,6.65677966101695,6.66413662239089,999,6.66066066066066
483,516,6.6231884057971,6.67248062015504,999,6.64864864864865
483,515,6.63354037267081,6.69126213592233,998,6.66332665330661
489,509,6.62985685071575,6.62082514734774,998,6.625250501002
494,505,6.60728744939271,6.63564356435644,999,6.62162162162162
498,501,6.58232931726908,6.64471057884232,999,6.61361361361361
499,500,6.66332665330661,6.704,999,6.68368368368368
483,516,6.61697722567288,6.62403100775194,999,6.62062062062062
493,505,6.67139959432049,6.67920792079208,998,6.67535070140281
502,496,6.59561752988048,6.69959677419355,998,6.64729458917836
510,488,6.56470588235294,6.6577868852459,998,6.61022044088176
503,495,6.57057654075547,6.63838383838384,998,6.60420841683367
506,492,6.55335968379447,6.65040650406504,998,6.60120240480962
515,484,6.53398058252427,6.62396694214876,999,6.57757757757758
506,492,6.53754940711462,6.6280487804878,998,6.58216432865731
503,496,6.56461232604374,6.55846774193548,999,6.56156156156156
508,490,6.56889763779528,6.59387755102041,998,6.5811623246493
519,480,6.50674373795761,6.5625,999,6.53353353353353
520,479,6.55192307692308,6.59498956158664,999,6.57257257257257
520,478,6.52884615384615,6.64435146443515,998,6.58416833667335
531,468,6.53295668549906,6.62179487179487,999,6.57457457457457
525,473,6.56380952380952,6.65961945031713,998,6.60921843687375
525,474,6.5752380952381,6.67721518987342,999,6.62362362362362
520,478,6.58846153846154,6.6234309623431,998,6.60521042084168
520,476,6.54230769230769,6.56512605042017,996,6.55321285140562
521,477,6.53550863723608,6.57651991614256,998,6.55511022044088
522,476,6.57662835249042,6.56512605042017,998,6.57114228456914
538,461,6.58364312267658,6.54446854663774,999,6.56556556556557
532,467,6.56954887218045,6.54603854389722,999,6.55855855855856
538,459,6.53531598513011,6.55337690631808,997,6.54363089267803
531,468,6.51977401129944,6.53205128205128,999,6.52552552552553
529,470,6.47826086956522,6.52978723404255,999,6.5025025025025
528,469,6.47537878787879,6.45842217484009,997,6.46740220661986
540,459,6.44444444444444,6.45098039215686,999,6.44744744744745
538,458,6.43122676579926,6.41048034934498,996,6.42168674698795
532,464,6.40413533834586,6.33836206896552,996,6.37349397590361
540,458,6.43148148148148,6.31441048034934,998,6.37775551102204
540,457,6.43518518518519,6.28446389496718,997,6.36609829488465
531,468,6.51977401129944,6.27564102564103,999,6.40540540540541
526,473,6.58174904942966,6.26215644820296,999,6.43043043043043
523,475,6.5640535372849,6.29894736842105,998,6.43787575150301
521,478,6.5700575815739,6.32426778242678,999,6.45245245245245
520,478,6.54807692307692,6.38702928870293,998,6.47094188376754
528,471,6.58901515151515,6.38428874734607,999,6.49249249249249
527,471,6.62998102466793,6.40339702760085,998,6.52304609218437
531,468,6.6120527306968,6.39316239316239,999,6.50950950950951
534,465,6.56367041198502,6.45376344086022,999,6.51251251251251
533,466,6.61163227016886,6.45922746781116,999,6.54054054054054
532,466,6.59774436090226,6.45708154506438,998,6.53206412825651
545,453,6.56146788990826,6.49448123620309,998,6.5310621242485
554,445,6.58664259927798,6.4561797752809,999,6.52852852852853
548,451,6.6551094890511,6.47450110864745,999,6.57357357357357
552,447,6.61594202898551,6.43624161073826,999,6.53553553553554
555,443,6.57117117117117,6.42889390519187,998,6.50801603206413
556,443,6.55575539568345,6.46049661399549,999,6.51351351351351
557,441,6.53680430879713,6.36961451247166,998,6.46292585170341
556,443,6.60971223021583,6.38148984198646,999,6.50850850850851
557,441,6.63734290843806,6.38775510204082,998,6.52705410821643
559,438,6.60286225402504,6.3972602739726,997,6.51253761283852
553,446,6.55153707052441,6.41479820627803,999,6.49049049049049
546,453,6.55860805860806,6.40176600441501,999,6.48748748748749
552,447,6.53079710144928,6.37360178970917,999,6.46046046046046
556,439,6.53956834532374,6.37129840546697,995,6.46532663316583
552,447,6.54528985507246,6.39821029082774,999,6.47947947947948
568,431,6.51408450704225,6.35730858468678,999,6.44644644644645
563,436,6.57193605683837,6.35321100917431,999,6.47647647647648
571,428,6.61120840630473,6.39252336448598,999,6.51751751751752
568,431,6.62323943661972,6.39211136890951,999,6.52352352352352
572,427,6.57167832167832,6.40515222482436,999,6.5005005005005
560,438,6.48392857142857,6.43835616438356,998,6.46392785571142
567,431,6.4673721340388,6.45939675174014,998,6.46392785571142
571,428,6.43607705779335,6.45093457943925,999,6.44244244244244
563,434,6.49733570159858,6.45391705069124,997,6.47843530591775
561,437,6.48306595365419,6.48741418764302,998,6.48496993987976
576,423,6.40798611111111,6.44917257683215,999,6.42542542542543
568,431,6.40669014084507,6.415313225058,999,6.41041041041041
569,430,6.45694200351494,6.41395348837209,999,6.43843843843844
566,432,6.34628975265018,6.36805555555556,998,6.35571142284569
575,424,6.32347826086957,6.47405660377358,999,6.38738738738739
580,419,6.3448275862069,6.49164677804296,999,6.40640640640641
580,419,6.33793103448276,6.51073985680191,999,6.41041041041041
576,422,6.31770833333333,6.51421800947867,998,6.40080160320641
575,423,6.29391304347826,6.48936170212766,998,6.37675350701403
571,427,6.29947460595447,6.46604215456675,998,6.37074148296593
569,430,6.27768014059754,6.41860465116279,999,6.33833833833834
578,421,6.25432525951557,6.45130641330166,999,6.33733733733734
574,424,6.29965156794425,6.4811320754717,998,6.37675350701403
565,434,6.27610619469027,6.50230414746544,999,6.37437437437437
565,434,6.25486725663717,6.53456221198157,999,6.37637637637638
575,422,6.26260869565217,6.52843601895735,997,6.37512537612839
582,417,6.18041237113402,6.5083932853717,999,6.31731731731732
571,428,6.18563922942207,6.45560747663551,999,6.3013013013013
572,426,6.20629370629371,6.53286384976526,998,6.34569138276553
575,423,6.19652173913043,6.51063829787234,998,6.32965931863727
581,418,6.24612736660929,6.48325358851675,999,6.34534534534535
578,420,6.2318339100346,6.53333333333333,998,6.35871743486974
576,423,6.22743055555556,6.59810874704492,999,6.38438438438438
574,422,6.2787456445993,6.63744075829384,996,6.43072289156626
564,433,6.29078014184397,6.635103926097,997,6.44032096288867
568,429,6.27288732394366,6.58741258741259,997,6.40822467402207
563,435,6.26110124333925,6.50804597701149,998,6.3687374749499
574,425,6.21777003484321,6.53176470588235,999,6.35135135135135
581,416,6.28055077452668,6.46153846153846,997,6.35606820461384
589,410,6.29202037351443,6.43170731707317,999,6.34934934934935
587,412,6.29471890971039,6.4004854368932,999,6.33833833833834
576,422,6.27256944444444,6.40758293838863,998,6.32965931863727
582,417,6.26288659793814,6.39088729016787,999,6.31631631631632
582,415,6.29037800687285,6.48915662650602,997,6.37311935807422
595,404,6.30588235294118,6.52722772277228,999,6.3953953953954
587,412,6.30664395229983,6.54126213592233,999,6.4034034034034
600,399,6.33666666666667,6.531328320802,999,6.41441441441441
596,402,6.32885906040268,6.47761194029851,998,6.38877755511022
598,399,6.31605351170569,6.39097744360902,997,6.34603811434303
604,394,6.32450331125828,6.39593908629442,998,6.35270541082164
607,391,6.33772652388797,6.36317135549872,998,6.34769539078156
605,394,6.32231404958678,6.36548223350254,999,6.33933933933934
600,399,6.32333333333333,6.3483709273183,999,6.33333333333333
602,397,6.31727574750831,6.27707808564232,999,6.3013013013013
604,393,6.33774834437086,6.36132315521628,997,6.34704112337011
600,398,6.335,6.36934673366834,998,6.34869739478958
596,402,6.37248322147651,6.33830845771144,998,6.35871743486974
606,393,6.32673267326733,6.33587786259542,999,6.33033033033033
606,392,6.30858085808581,6.33928571428571,998,6.32064128256513
604,394,6.29470198675497,6.36802030456853,998,6.32364729458918
607,392,6.28500823723229,6.38010204081633,999,6.32232232232232
602,396,6.27076411960133,6.43939393939394,998,6.3376753507014
594,405,6.24410774410774,6.3358024691358,999,6.28128128128128
598,398,6.21070234113712,6.34924623115578,996,6.26606425702811
592,407,6.21959459459459,6.34398034398034,999,6.27027027027027
587,409,6.26405451448041,6.28117359413203,996,6.2710843373494
587,411,6.29471890971039,6.28223844282238,998,6.28957915831663
587,412,6.35434412265758,6.30339805825243,999,6.33333333333333
598,400,6.33277591973244,6.3375,998,6.33466933867735
594,404,6.39225589225589,6.3490099009901,998,6.374749498998
609,390,6.40394088669951,6.35897435897436,999,6.38638638638639
606,393,6.39108910891089,6.40458015267176,999,6.3963963963964
608,391,6.35526315789474,6.35294117647059,999,6.35435435435435
615,383,6.35609756097561,6.27937336814621,998,6.32665330661323
624,375,6.39423076923077,6.28266666666667,999,6.35235235235235
604,392,6.44867549668874,6.28826530612245,996,6.3855421686747
609,390,6.43021346469622,6.23076923076923,999,6.35235235235235
619,379,6.4329563812601,6.30079155672823,998,6.38276553106212
616,383,6.41071428571429,6.2976501305483,999,6.36736736736737
614,385,6.43811074918567,6.24675324675325,999,6.36436436436436
618,381,6.44498381877023,6.21784776902887,999,6.35835835835836
617,382,6.41653160453809,6.34031413612565,999,6.38738738738739
617,381,6.38411669367909,6.36220472440945,998,6.37575150300601
619,379,6.34248788368336,6.40105540897098,998,6.36472945891784
614,385,6.29967426710098,6.38961038961039,999,6.33433433433433
610,387,6.31639344262295,6.41085271317829,997,6.3530591775326
612,387,6.27614379084967,6.33850129198966,999,6.3003003003003
621,374,6.32206119162641,6.36096256684492,995,6.33668341708543
630,367,6.35079365079365,6.3732970027248,997,6.35907723169509
638,361,6.34639498432602,6.43490304709141,999,6.37837837837838
642,357,6.33177570093458,6.42296918767507,999,6.36436436436436
639,360,6.34428794992175,6.40555555555556,999,6.36636636636637
642,357,6.36915887850467,6.54341736694678,999,6.43143143143143
644,354,6.37888198757764,6.4774011299435,998,6.41382765531062
643,354,6.40746500777605,6.40112994350283,997,6.40521564694082
638,360,6.4717868338558,6.43888888888889,998,6.45991983967936
633,366,6.42654028436019,6.55191256830601,999,6.47247247247247
634,365,6.43059936908517,6.62739726027397,999,6.5025025025025
628,371,6.4187898089172,6.5822102425876,999,6.47947947947948
623,375,6.39325842696629,6.53066666666667,998,6.44488977955912
618,379,6.35113268608414,6.48548812664908,997,6.40220661985958
633,366,6.37914691943128,6.49726775956284,999,6.42242242242242
628,371,6.34713375796178,6.50943396226415,999,6.40740740740741
621,376,6.37520128824477,6.48404255319149,997,6.41624874623872
621,377,6.37520128824477,6.47480106100796,998,6.41282565130261
619,380,6.36025848142165,6.51052631578947,999,6.41741741741742
625,374,6.352,6.49197860962567,999,6.4044044044044
618,381,6.3252427184466,6.48818897637795,999,6.38738738738739
613,385,6.35073409461664,6.44675324675325,998,6.3877755511022
607,389,6.35914332784184,6.45244215938303,996,6.39558232931727
608,389,6.29934210526316,6.44215938303342,997,6.35506519558676
608,390,6.29934210526316,6.51025641025641,998,6.38176352705411
598,401,6.32107023411371,6.41645885286783,999,6.35935935935936
600,399,6.36166666666667,6.45112781954887,999,6.3973973973974
603,395,6.2636815920398,6.49620253164557,998,6.35571142284569
597,402,6.27638190954774,6.44278606965174,999,6.34334334334334
598,395,6.27257525083612,6.45316455696203,993,6.34441087613293
602,395,6.25083056478405,6.35949367088608,997,6.2938816449348
608,389,6.24342105263158,6.45758354755784,997,6.32698094282849
605,393,6.22644628099174,6.47582697201018,998,6.32464929859719
616,382,6.25649350649351,6.43455497382199,998,6.32464929859719
619,380,6.26009693053312,6.42631578947368,999,6.32332332332332
618,381,6.32038834951456,6.48556430446194,999,6.38338338338338
615,384,6.36260162601626,6.50260416666667,999,6.41641641641642
614,385,6.36156351791531,6.51948051948052,999,6.42242242242242
609,389,6.27093596059113,6.53470437017995,998,6.37374749498998
602,396,6.28239202657807,6.49494949494949,998,6.36673346693387
604,395,6.2317880794702,6.48354430379747,999,6.33133133133133
602,397,6.24916943521595,6.43828715365239,999,6.32432432432432
606,392,6.27227722772277,6.44132653061224,998,6.33867735470942
607,392,6.29654036243822,6.39540816326531,999,6.33533533533534
604,394,6.34933774834437,6.41370558375634,998,6.374749498998
612,385,6.33496732026144,6.43116883116883,997,6.37211634904714
613,386,6.32463295269168,6.52331606217617,999,6.4014014014014
620,379,6.30967741935484,6.52770448548813,999,6.39239239239239
621,376,6.28180354267311,6.56914893617021,997,6.3901705115346
616,381,6.32792207792208,6.54068241469816,997,6.40922768304915
622,377,6.33440514469453,6.56763925729443,999,6.42242242242242
613,386,6.28548123980424,6.57512953367876,999,6.3973973973974
615,383,6.29430894308943,6.47519582245431,998,6.36372745490982
599,400,6.30050083472454,6.435,999,6.35435435435435
599,399,6.31051752921536,6.42857142857143,998,6.35771543086172
596,402,6.33724832214765,6.44278606965174,998,6.37975951903808
592,406,6.34459459459459,6.29802955665025,998,6.32565130260521
603,396,6.31840796019901,6.31313131313131,999,6.31631631631632
595,403,6.29243697478992,6.28535980148883,998,6.28957915831663
604,395,6.26986754966887,6.29113924050633,999,6.27827827827828
605,393,6.32231404958678,6.26208651399491,998,6.29859719438878
603,396,6.37147595356551,6.28787878787879,999,6.33833833833834
603,396,6.33167495854063,6.29040404040404,999,6.31531531531532
601,397,6.3477537437604,6.28463476070529,998,6.32264529058116
599,399,6.38230383973289,6.36842105263158,998,6.37675350701403
602,397,6.40697674418605,6.31738035264484,999,6.37137137137137
602,396,6.41860465116279,6.35353535353535,998,6.39278557114228
606,393,6.38448844884488,6.29516539440204,999,6.34934934934935
609,390,6.38587848932676,6.29487179487179,999,6.35035035035035
601,398,6.41098169717138,6.29396984924623,999,6.36436436436436
598,400,6.45317725752508,6.3075,998,6.39478957915832
600,395,6.46666666666667,6.27341772151899,995,6.38994974874372
605,394,6.48264462809917,6.30456852791878,999,6.41241241241241
615,384,6.44715447154472,6.30208333333333,999,6.39139139139139
610,389,6.44262295081967,6.29048843187661,999,6.38338338338338
613,385,6.41598694942904,6.23376623376623,998,6.34569138276553
619,378,6.42003231017771,6.16402116402116,997,6.32296890672016
617,382,6.43111831442464,6.20680628272251,999,6.34534534534535
612,386,6.47385620915033,6.16839378238342,998,6.35571142284569
610,389,6.50819672131148,6.18766066838046,999,6.38338338338338
621,378,6.50724637681159,6.28571428571429,999,6.42342342342342
619,379,6.49757673667205,6.27176781002639,998,6.41182364729459
622,377,6.47909967845659,6.25994694960212,999,6.3963963963964
609,388,6.47947454844007,6.33505154639175,997,6.42326980942828
617,377,6.51863857374392,6.26259946949602,994,6.4215291750503
606,392,6.48844884488449,6.32397959183673,998,6.42384769539078
613,385,6.53344208809135,6.41558441558442,998,6.48797595190381
620,379,6.50483870967742,6.44854881266491,999,6.48348348348348
625,374,6.4816,6.47326203208556,999,6.47847847847848
630,368,6.48253968253968,6.4429347826087,998,6.46793587174349
634,365,6.46845425867508,6.38356164383562,999,6.43743743743744
631,367,6.47860538827258,6.40871934604905,998,6.45290581162325
625,373,6.4464,6.35388739946381,998,6.41182364729459
622,376,6.39067524115756,6.37765957446809,998,6.38577154308617
618,381,6.4126213592233,6.41207349081365,999,6.41241241241241
612,385,6.43790849673203,6.44935064935065,997,6.44232698094283
618,381,6.42071197411003,6.43569553805774,999,6.42642642642643
614,385,6.41042345276873,6.48051948051948,999,6.43743743743744
622,376,6.34405144694534,6.53723404255319,998,6.41683366733467
621,378,6.38325281803543,6.5,999,6.42742742742743
627,372,6.36682615629984,6.41666666666667,999,6.38538538538539
626,373,6.33067092651757,6.41554959785523,999,6.36236236236236
637,360,6.35164835164835,6.38055555555556,997,6.36208625877633
636,361,6.36320754716981,6.39058171745152,997,6.37311935807422
636,363,6.36477987421384,6.38292011019284,999,6.37137137137137
639,360,6.33489827856025,6.37222222222222,999,6.34834834834835
638,360,6.34639498432602,6.41666666666667,998,6.37174348697395
635,364,6.31968503937008,6.46703296703297,999,6.37337337337337
639,360,6.31768388106416,6.33611111111111,999,6.32432432432432
639,360,6.29890453834116,6.36111111111111,999,6.32132132132132
645,353,6.29302325581395,6.43626062322946,998,6.3436873747495
644,354,6.28105590062112,6.37005649717514,998,6.312625250501
644,353,6.26242236024845,6.39943342776204,997,6.31093279839519
645,353,6.31317829457364,6.42492917847026,998,6.35270541082164
653,346,6.26952526799387,6.46820809248555,999,6.33833833833834
654,344,6.3256880733945,6.4796511627907,998,6.37875751503006
656,343,6.28963414634146,6.46355685131195,999,6.34934934934935
651,347,6.27035330261137,6.46974063400576,998,6.33967935871743
645,353,6.30232558139535,6.52124645892351,998,6.37975951903808
651,347,6.32258064516129,6.53314121037464,998,6.39579158316633
652,346,6.31748466257669,6.49132947976879,998,6.37775551102204
648,351,6.31944444444444,6.50997150997151,999,6.38638638638639
651,347,6.25806451612903,6.45533141210375,998,6.32665330661323
649,349,6.24961479198767,6.47277936962751,998,6.32765531062124
642,356,6.20093457943925,6.4747191011236,998,6.29859719438878
637,359,6.22291993720565,6.54317548746518,996,6.33835341365462
637,362,6.26216640502355,6.48895027624309,999,6.34434434434434
641,358,6.29953198127925,6.59497206703911,999,6.40540540540541
651,348,6.25038402457757,6.67528735632184,999,6.3983983983984
653,345,6.29249617151608,6.64927536231884,998,6.41583166332665
646,353,6.29102167182663,6.60623229461756,999,6.4024024024024
644,353,6.33540372670807,6.59773371104816,997,6.42828485456369
643,354,6.35458786936236,6.61016949152542,997,6.44533600802407
647,351,6.37712519319938,6.63532763532764,998,6.46793587174349
653,343,6.38591117917305,6.61807580174927,996,6.46586345381526
658,338,6.34802431610942,6.64792899408284,996,6.44979919678715
651,346,6.32718894009217,6.63005780346821,997,6.43229689067202
652,347,6.32055214723926,6.61959654178674,999,6.42442442442442
648,351,6.29938271604938,6.55840455840456,999,6.39039039039039
635,363,6.33228346456693,6.5702479338843,998,6.4188376753507
644,354,6.3167701863354,6.53107344632768,998,6.39278557114228
648,350,6.3070987654321,6.63714285714286,998,6.42284569138277
651,348,6.26267281105991,6.54597701149425,999,6.36136136136136
642,356,6.28348909657321,6.53651685393258,998,6.37374749498998
640,359,6.3515625,6.61838440111421,999,6.44744744744745
646,352,6.3343653250774,6.59375,998,6.42585170340681
655,344,6.36030534351145,6.59883720930233,999,6.44244244244244
654,345,6.32415902140673,6.65507246376812,999,6.43843843843844
647,352,6.32766615146832,6.66477272727273,999,6.44644644644645
649,349,6.32203389830508,6.73065902578797,998,6.46492985971944
644,354,6.34937888198758,6.77966101694915,998,6.50200400801603
649,349,6.42526964560863,6.73638968481375,998,6.53406813627254
643,356,6.44012441679627,6.70224719101124,999,6.53353353353353
637,362,6.49293563579278,6.72651933701657,999,6.57757757757758
643,354,6.50855365474339,6.71751412429379,997,6.5827482447342
644,355,6.5527950310559,6.57183098591549,999,6.55955955955956
646,352,6.61764705882353,6.51420454545455,998,6.5811623246493
650,349,6.63692307692308,6.53008595988539,999,6.5995995995996
660,339,6.58484848484848,6.60766961651917,999,6.59259259259259
653,344,6.60336906584992,6.67732558139535,997,6.62888665997994
650,346,6.56923076923077,6.63294797687861,996,6.59136546184739
649,350,6.60092449922958,6.59428571428571,999,6.5985985985986
657,341,6.55707762557078,6.66568914956012,998,6.59418837675351
653,344,6.52373660030628,6.68604651162791,997,6.57973921765296
657,342,6.52359208523592,6.69005847953216,999,6.58058058058058
654,345,6.53363914373089,6.65507246376812,999,6.57557557557558
650,349,6.54153846153846,6.59885386819484,999,6.56156156156156
661,337,6.5839636913767,6.59050445103858,998,6.58617234468938
656,343,6.6219512195122,6.68221574344023,999,6.64264264264264
660,339,6.63636363636364,6.66666666666667,999,6.64664664664665
658,339,6.61094224924012,6.6047197640118,997,6.60882647943832
659,340,6.60091047040971,6.58823529411765,999,6.5965965965966
651,347,6.63594470046083,6.5792507204611,998,6.61623246492986
648,351,6.65586419753086,6.56980056980057,999,6.62562562562563
645,354,6.62325581395349,6.49717514124294,999,6.57857857857858
641,358,6.62246489859594,6.52513966480447,999,6.58758758758759
632,366,6.56803797468354,6.56830601092896,998,6.56813627254509
636,363,6.61320754716981,6.57300275482094,999,6.5985985985986
632,365,6.61708860759494,6.54246575342466,997,6.58976930792377
629,370,6.58346581875994,6.58918918918919,999,6.58558558558559
628,370,6.60191082802548,6.52972972972973,998,6.5751503006012
617,381,6.6547811993517,6.60629921259843,998,6.63627254509018
622,377,6.63183279742765,6.61803713527851,999,6.62662662662663
620,379,6.65483870967742,6.65963060686016,999,6.65665665665666
620,378,6.65483870967742,6.7037037037037,998,6.67334669338677
632,366,6.58227848101266,6.64207650273224,998,6.60420841683367
636,363,6.56446540880503,6.62258953168044,999,6.58558558558559
632,367,6.52689873417722,6.60217983651226,999,6.55455455455455
638,359,6.5141065830721,6.57660167130919,997,6.53660982948847
635,363,6.51181102362205,6.56749311294766,998,6.53206412825651
620,378,6.54354838709677,6.54232804232804,998,6.54308617234469
627,372,6.62360446570973,6.59139784946237,999,6.61161161161161
626,371,6.61022364217252,6.63611859838275,997,6.61985957873621
632,367,6.58227848101266,6.70844686648501,999,6.62862862862863
638,357,6.54702194357367,6.75070028011204,995,6.62010050251256
637,361,6.5447409733124,6.79224376731302,998,6.63426853707415
626,370,6.5702875399361,6.6972972972973,996,6.61746987951807
637,362,6.62637362637363,6.75690607734807,999,6.67367367367367
631,368,6.64659270998415,6.74728260869565,999,6.68368368368368
631,367,6.64025356576862,6.67302452316076,998,6.65230460921844
630,368,6.58571428571429,6.6820652173913,998,6.62124248496994
640,358,6.5625,6.77653631284916,998,6.63927855711423
641,357,6.53354134165367,6.71708683473389,998,6.59919839679359
644,354,6.54813664596273,6.74293785310734,998,6.61723446893788
638,358,6.51724137931035,6.72625698324022,996,6.59236947791165
633,364,6.48657187993681,6.60989010989011,997,6.53159478435306
631,368,6.45483359746434,6.58695652173913,999,6.5035035035035
633,366,6.49921011058452,6.56284153005465,999,6.52252252252252
630,368,6.55714285714286,6.5625,998,6.55911823647295
634,364,6.57097791798107,6.57692307692308,998,6.57314629258517
629,370,6.57392686804452,6.57027027027027,999,6.57257257257257
639,360,6.55868544600939,6.61111111111111,999,6.57757757757758
634,365,6.52839116719243,6.64931506849315,999,6.57257257257257
637,361,6.5541601255887,6.6786703601108,998,6.59919839679359
637,362,6.49293563579278,6.69337016574586,999,6.56556556556557
641,358,6.49453978159126,6.70391061452514,999,6.56956956956957
638,360,6.49373040752351,6.68611111111111,998,6.56312625250501
640,359,6.48125,6.72980501392758,999,6.57057057057057
643,356,6.41524105754277,6.71629213483146,999,6.52252252252252
645,354,6.42480620155039,6.61299435028249,999,6.49149149149149
646,351,6.45201238390093,6.68091168091168,997,6.53259779338014
639,359,6.46478873239437,6.68523676880223,998,6.54408817635271
661,338,6.49167927382753,6.72189349112426,999,6.56956956956957
657,342,6.4855403348554,6.70760233918129,999,6.56156156156156
666,333,6.4984984984985,6.72072072072072,999,6.57257257257257
665,333,6.51428571428571,6.75675675675676,998,6.59519038076152
655,342,6.5175572519084,6.71929824561404,997,6.58676028084253
655,343,6.49312977099237,6.66763848396501,998,6.55310621242485
661,338,6.49319213313162,6.64497041420118,999,6.54454454454454
681,318,6.48164464023495,6.68238993710692,999,6.54554554554555
673,325,6.47994056463596,6.66153846153846,998,6.53907815631263
669,330,6.4304932735426,6.62727272727273,999,6.4954954954955
668,331,6.45508982035928,6.69788519637462,999,6.53553553553554
669,329,6.42301943198804,6.66565349544073,998,6.50300601202405
660,339,6.42878787878788,6.63716814159292,999,6.4994994994995
657,341,6.45966514459665,6.5366568914956,998,6.48597194388778
664,335,6.45481927710843,6.57910447761194,999,6.4964964964965
668,330,6.47005988023952,6.59090909090909,998,6.51002004008016
665,334,6.44511278195489,6.62874251497006,999,6.50650650650651
676,323,6.51331360946746,6.60990712074303,999,6.54454454454454
684,313,6.48099415204678,6.63258785942492,997,6.52858575727182
678,321,6.48230088495575,6.61993769470405,999,6.52652652652653
677,322,6.4903988183161,6.70807453416149,999,6.56056056056056
671,326,6.50074515648286,6.69325153374233,997,6.56369107321966
663,335,6.43891402714932,6.72835820895522,998,6.53607214428858
670,327,6.44776119402985,6.78899082568807,997,6.55967903711133
668,329,6.41766467065868,6.75683890577508,997,6.5295887662989
676,322,6.37278106508876,6.75155279503106,998,6.49498997995992
671,327,6.39344262295082,6.75535168195719,998,6.51202404809619
674,324,6.43471810089021,6.72530864197531,998,6.52905811623246
672,325,6.46428571428571,6.69846153846154,997,6.54062186559679
674,324,6.49109792284866,6.70679012345679,998,6.56112224448898
678,321,6.4882005899705,6.67601246105919,999,6.54854854854855
673,326,6.5111441307578,6.70245398773006,999,6.57357357357357
681,317,6.4640234948605,6.72555205047319,998,6.54709418837675
673,323,6.39375928677563,6.77089783281734,996,6.51606425702811
666,331,6.32282282282282,6.70090634441088,997,6.44834503510532
668,330,6.36826347305389,6.78787878787879,998,6.50701402805611
668,330,6.36826347305389,6.80909090909091,998,6.51402805611222
671,328,6.35618479880775,6.80792682926829,999,6.5045045045045
677,321,6.34564254062038,6.73831775700935,998,6.47194388777555
670,328,6.35074626865672,6.8109756097561,998,6.50200400801603
663,334,6.34690799396682,6.75149700598802,997,6.48244734202608
677,321,6.31166912850812,6.82242990654206,998,6.47595190380762
678,321,6.29498525073746,6.84423676012461,999,6.47147147147147
679,320,6.39911634756996,6.828125,999,6.53653653653654
669,328,6.42152466367713,6.78353658536585,997,6.54062186559679
674,325,6.41246290801187,6.75076923076923,999,6.52252252252252
675,323,6.44592592592593,6.75232198142415,998,6.54509018036072
673,325,6.39375928677563,6.78461538461538,998,6.52104208416834
681,318,6.37004405286344,6.79874213836478,999,6.50650650650651
685,314,6.34598540145985,6.76433121019108,999,6.47747747747748
685,314,6.38832116788321,6.76433121019108,999,6.50650650650651
678,319,6.32743362831858,6.77429467084639,997,6.4704112337011
687,309,6.31877729257642,6.76699029126214,996,6.45783132530121
687,311,6.35225618631732,6.76848874598071,998,6.48196392785571
691,308,6.34298118668596,6.73051948051948,999,6.46246246246246
688,311,6.32994186046512,6.65916398713826,999,6.43243243243243
689,310,6.33381712626996,6.67096774193548,999,6.43843843843844
693,305,6.31313131313131,6.63606557377049,998,6.41182364729459
684,315,6.29970760233918,6.7015873015873,999,6.42642642642643
681,318,6.2848751835536,6.64779874213836,999,6.4004004004004
673,324,6.28380386329866,6.67592592592593,997,6.41123370110331
673,326,6.35512630014859,6.65644171779141,999,6.45345345345345
672,326,6.34821428571429,6.69631901840491,998,6.46192384769539
670,328,6.27910447761194,6.71951219512195,998,6.42384769539078
667,332,6.30134932533733,6.68072289156626,999,6.42742742742743
663,336,6.3499245852187,6.70833333333333,999,6.47047047047047
670,327,6.37313432835821,6.71559633027523,997,6.48545636910732
671,327,6.30253353204173,6.73700305810398,998,6.44488977955912
670,328,6.34925373134328,6.79573170731707,998,6.49599198396794
670,327,6.29850746268657,6.78899082568807,997,6.45937813440321
673,325,6.35958395245171,6.76615384615385,998,6.49198396793587
670,327,6.36119402985075,6.84097859327217,997,6.518555667001
665,334,6.40751879699248,6.91317365269461,999,6.57657657657658
667,329,6.39130434782609,6.85106382978723,996,6.54317269076305
674,324,6.40059347181009,6.84876543209877,998,6.54609218436874
665,332,6.34736842105263,6.90060240963855,997,6.53159478435306
671,328,6.34128166915052,6.85670731707317,999,6.51051051051051
661,338,6.33434190620272,6.87573964497041,999,6.51751751751752
662,336,6.31117824773414,6.82440476190476,998,6.48396793587174
661,338,6.31618759455371,6.82248520710059,999,6.48748748748749
669,330,6.33781763826607,6.77575757575758,999,6.48248248248248
658,340,6.29635258358663,6.65588235294118,998,6.4188376753507
662,336,6.26888217522659,6.72619047619048,998,6.42284569138277
651,347,6.27956989247312,6.76945244956772,998,6.4498997995992
657,339,6.28614916286149,6.84070796460177,996,6.47489959839357
661,335,6.25567322239032,6.82089552238806,996,6.44578313253012
660,338,6.29848484848485,6.81656804733728,998,6.47394789579158
647,350,6.24265842349304,6.83714285714286,997,6.45135406218656
652,346,6.25920245398773,6.80346820809249,998,6.44789579158317
654,345,6.26299694189602,6.80869565217391,999,6.45145145145145
652,345,6.22085889570552,6.73623188405797,997,6.39919759277833
644,355,6.32919254658385,6.74929577464789,999,6.47847847847848
639,358,6.32863849765258,6.76536312849162,997,6.48545636910732
631,367,6.37083993660856,6.77929155313351,998,6.52104208416834
635,364,6.39842519685039,6.7967032967033,999,6.54354354354354
632,366,6.40506329113924,6.83606557377049,998,6.56312625250501
637,362,6.425431711146,6.86740331491713,999,6.58558558558559
638,361,6.43730407523511,6.93628808864266,999,6.61761761761762
628,370,6.43471337579618,6.95675675675676,998,6.62825651302605
639,360,6.46322378716745,6.93888888888889,999,6.63463463463463
639,360,6.42410015649452,6.91666666666667,999,6.6016016016016
649,350,6.43913713405239,6.94857142857143,999,6.61761761761762
652,347,6.44631901840491,6.87608069164265,999,6.5955955955956
653,345,6.38131699846861,6.84347826086957,998,6.54108216432866
657,342,6.44596651445967,6.82748538011696,999,6.57657657657658
664,335,6.47590361445783,6.77313432835821,999,6.57557557557558
666,333,6.53153153153153,6.7987987987988,999,6.62062062062062
659,340,6.53414264036419,6.82647058823529,999,6.63363363363363
666,333,6.56606606606607,6.85285285285285,999,6.66166166166166
674,325,6.5459940652819,6.88,999,6.65465465465465
681,317,6.55066079295154,6.88328075709779,998,6.6563126252505
679,320,6.53166421207658,6.8,999,6.61761761761762
682,317,6.50879765395894,6.71608832807571,999,6.57457457457457
676,323,6.54289940828402,6.63777089783282,999,6.57357357357357
672,327,6.57142857142857,6.66360856269113,999,6.6016016016016
678,321,6.55014749262537,6.73520249221184,999,6.60960960960961
671,328,6.54396423248882,6.75609756097561,999,6.61361361361361
680,317,6.525,6.76971608832808,997,6.60280842527583
680,319,6.53382352941177,6.72100313479624,999,6.59359359359359
674,325,6.55489614243323,6.66461538461538,999,6.59059059059059
673,326,6.55274888558692,6.68711656441718,999,6.5965965965966
673,326,6.5482912332838,6.62883435582822,999,6.57457457457457
666,332,6.52402402402402,6.62349397590361,998,6.55711422845691
665,334,6.52481203007519,6.62275449101796,999,6.55755755755756
660,338,6.48484848484848,6.6094674556213,998,6.52705410821643
665,332,6.49323308270677,6.64759036144578,997,6.54463390170512
664,335,6.52409638554217,6.63582089552239,999,6.56156156156156
661,336,6.55673222390318,6.64285714285714,997,6.58575727181545
673,325,6.59583952451709,6.73846153846154,998,6.64228456913828
667,331,6.57421289355322,6.81570996978852,998,6.65430861723447
670,328,6.58358208955224,6.77439024390244,998,6.64629258517034
666,332,6.5975975975976,6.83433734939759,998,6.67635270541082
661,337,6.60060514372163,6.86646884272997,998,6.69038076152305
656,340,6.64481707317073,6.85882352941176,996,6.71787148594377
648,351,6.66358024691358,6.82051282051282,999,6.71871871871872
656,342,6.65548780487805,6.87719298245614,998,6.7314629258517
649,350,6.69953775038521,6.85714285714286,999,6.75475475475475
647,352,6.70015455950541,6.85511363636364,999,6.75475475475475
647,351,6.68006182380216,6.88319088319088,998,6.75150300601202
650,349,6.71846153846154,6.87965616045845,999,6.77477477477477
646,353,6.65479876160991,6.8328611898017,999,6.71771771771772
641,357,6.6411856474259,6.81512605042017,998,6.70340681362725
651,346,6.67434715821813,6.78323699421965,997,6.71213640922768
641,357,6.64274570982839,6.69747899159664,998,6.6623246492986
656,343,6.63567073170732,6.8134110787172,999,6.6966966966967
654,345,6.68195718654434,6.82608695652174,999,6.73173173173173
667,331,6.66116941529235,6.78851963746224,998,6.70340681362725
676,323,6.71449704142012,6.71826625386997,999,6.71571571571572
675,321,6.75111111111111,6.70404984423676,996,6.7359437751004
688,310,6.71511627906977,6.73870967741935,998,6.72244488977956
688,311,6.73691860465116,6.7524115755627,999,6.74174174174174
686,313,6.73760932944606,6.8370607028754,999,6.76876876876877
684,313,6.72953216374269,6.84025559105431,997,6.76429287863591
683,316,6.71010248901903,6.83544303797468,999,6.74974974974975
680,319,6.68970588235294,6.89028213166144,999,6.75375375375375
679,319,6.68041237113402,6.94984326018809,998,6.76653306613226
672,326,6.65773809523809,6.89570552147239,998,6.73547094188377
686,313,6.68367346938776,6.93610223642172,999,6.76276276276276
681,316,6.67254038179148,6.93987341772152,997,6.75727181544634
689,306,6.68214804063861,6.97712418300654,995,6.77286432160804
690,306,6.6231884057971,6.88888888888889,996,6.70481927710843
694,304,6.63976945244957,6.8125,998,6.69238476953908
691,305,6.66280752532561,6.80655737704918,996,6.70682730923695
692,305,6.6864161849711,6.89180327868852,997,6.74924774322969
698,300,6.66189111747851,6.95333333333333,998,6.74949899799599
699,298,6.63233190271817,6.92953020134228,997,6.72116349047141
702,296,6.56410256410256,6.93243243243243,998,6.67334669338677
704,295,6.52272727272727,6.85762711864407,999,6.62162162162162
706,292,6.58215297450425,6.78082191780822,998,6.64028056112224
715,284,6.5048951048951,6.86619718309859,999,6.60760760760761
718,280,6.48885793871866,6.87857142857143,998,6.59819639278557
718,281,6.47910863509749,6.87544483985765,999,6.59059059059059
712,286,6.52387640449438,6.78671328671329,998,6.59919839679359
722,276,6.53601108033241,6.80072463768116,998,6.60921843687375
713,283,6.51332398316971,6.75618374558304,996,6.58232931726908
716,282,6.54748603351955,6.76950354609929,998,6.61022044088176
718,281,6.49303621169916,6.70106761565836,999,6.55155155155155
727,271,6.47867950481431,6.66420664206642,998,6.52905811623246
716,283,6.50977653631285,6.74204946996466,999,6.57557557557558
712,287,6.51685393258427,6.76306620209059,999,6.58758758758759
719,280,6.49652294853964,6.67142857142857,999,6.54554554554555
722,277,6.53324099722992,6.66787003610108,999,6.57057057057057
717,282,6.46861924686193,6.63120567375887,999,6.51451451451451
722,275,6.42659279778393,6.64,997,6.48545636910732
729,270,6.4636488340192,6.78518518518518,999,6.55055055055055
727,271,6.48005502063274,6.81549815498155,998,6.57114228456914
717,281,6.50627615062761,6.76512455516014,998,6.57915831663327
726,272,6.49449035812672,6.72794117647059,998,6.55811623246493
724,275,6.49861878453039,6.66909090909091,999,6.54554554554555
720,279,6.5375,6.60215053763441,999,6.55555555555556
716,282,6.48882681564246,6.53900709219858,998,6.50300601202405
721,277,6.52843273231623,6.46209386281588,998,6.51002004008016
723,276,6.51728907330567,6.45289855072464,999,6.4994994994995
712,286,6.55196629213483,6.48251748251748,998,6.53206412825651
715,282,6.54265734265734,6.43262411347518,997,6.51153460381143
730,269,6.49178082191781,6.4907063197026,999,6.49149149149149
726,272,6.49862258953168,6.52941176470588,998,6.50701402805611
731,268,6.50205198358413,6.47388059701493,999,6.49449449449449
734,265,6.54359673024523,6.53207547169811,999,6.54054054054054
732,267,6.54371584699454,6.55056179775281,999,6.54554554554555
727,271,6.50343878954608,6.52029520295203,998,6.50801603206413
737,262,6.50610583446404,6.45419847328244,999,6.49249249249249
733,266,6.48567530695771,6.3984962406015,999,6.46246246246246
738,261,6.49186991869919,6.48659003831418,999,6.49049049049049
751,248,6.41411451398136,6.41532258064516,999,6.41441441441441
743,256,6.35262449528937,6.38671875,999,6.36136136136136
742,256,6.43530997304582,6.3828125,998,6.42184368737475
737,260,6.42605156037992,6.44615384615385,997,6.43129388164493
742,257,6.40431266846361,6.42412451361868,999,6.40940940940941
737,262,6.4314789687924,6.3969465648855,999,6.42242242242242
740,258,6.42162162162162,6.45348837209302,998,6.42985971943888
743,256,6.4185733512786,6.50390625,999,6.44044044044044
744,252,6.38978494623656,6.48015873015873,996,6.41265060240964
742,256,6.46091644204852,6.42578125,998,6.45190380761523
733,266,6.51841746248295,6.44360902255639,999,6.4984984984985
734,263,6.49046321525886,6.31939163498099,997,6.44533600802407
740,259,6.51621621621622,6.45559845559846,999,6.5005005005005
736,262,6.46467391304348,6.51145038167939,998,6.47695390781563
734,265,6.4850136239782,6.49811320754717,999,6.48848848848849
736,261,6.55570652173913,6.53256704980843,997,6.54964894684052
726,273,6.48209366391185,6.41025641025641,999,6.46246246246246
725,274,6.46068965517241,6.42335766423358,999,6.45045045045045
730,269,6.46438356164384,6.4907063197026,999,6.47147147147147
728,271,6.48214285714286,6.53505535055351,999,6.4964964964965
729,269,6.50480109739369,6.56133828996283,998,6.52004008016032
727,271,6.51169188445667,6.6309963099631,998,6.54408817635271
733,266,6.52933151432469,6.6390977443609,999,6.55855855855856
734,264,6.5299727520436,6.66666666666667,998,6.56613226452906
742,257,6.50539083557952,6.66147859922179,999,6.54554554554555
741,258,6.53036437246964,6.74806201550388,999,6.58658658658659
746,253,6.48525469168901,6.81818181818182,999,6.56956956956957
750,248,6.504,6.74193548387097,998,6.56312625250501
743,256,6.50336473755047,6.80859375,999,6.58158158158158
741,257,6.51282051282051,6.75875486381323,998,6.57615230460922
735,263,6.54285714285714,6.74524714828897,998,6.59619238476954
732,265,6.55601092896175,6.75471698113208,997,6.60882647943832
730,269,6.52739726027397,6.75092936802974,999,6.58758758758759
735,264,6.49931972789116,6.68939393939394,999,6.54954954954955
728,270,6.53846153846154,6.61111111111111,998,6.55811623246493
725,274,6.50068965517241,6.60583941605839,999,6.52952952952953
730,268,6.49178082191781,6.6044776119403,998,6.52204408817635
725,274,6.4951724137931,6.62773722627737,999,6.53153153153153
716,280,6.50558659217877,6.62857142857143,996,6.54016064257028
720,278,6.54166666666667,6.68705035971223,998,6.58216432865731
720,278,6.53611111111111,6.66187050359712,998,6.57114228456914
725,274,6.52551724137931,6.51459854014599,999,6.52252252252252
725,274,6.55172413793103,6.58394160583942,999,6.56056056056056
724,274,6.51104972375691,6.6021897810219,998,6.53607214428858
715,283,6.53286713286713,6.53356890459364,998,6.53306613226453
717,282,6.50767085076709,6.57446808510638,999,6.52652652652653
718,280,6.48050139275766,6.525,998,6.49298597194389
716,283,6.47346368715084,6.52650176678445,999,6.48848848848849
709,290,6.54724964739069,6.46896551724138,999,6.52452452452452
706,292,6.58073654390935,6.35616438356164,998,6.51503006012024
702,296,6.56980056980057,6.38175675675676,998,6.51402805611222
704,293,6.59801136363636,6.31740614334471,997,6.51554663991976
698,299,6.5730659025788,6.29765886287625,997,6.49047141424273
705,293,6.60283687943262,6.32764505119454,998,6.52204408817635
716,283,6.62290502793296,6.34982332155477,999,6.54554554554555
720,279,6.67638888888889,6.34767025089606,999,6.58458458458458
723,275,6.71784232365145,6.38909090909091,998,6.62725450901804
725,273,6.75448275862069,6.45421245421245,998,6.67234468937876
718,280,6.70194986072423,6.36428571428571,998,6.60721442885772
728,270,6.68406593406593,6.42962962962963,998,6.61523046092184
729,270,6.68587105624143,6.42962962962963,999,6.61661661661662
735,263,6.65714285714286,6.50190114068441,998,6.61623246492986
738,260,6.66937669376694,6.49230769230769,998,6.62324649298597
737,260,6.67164179104478,6.55,997,6.63991975927783
737,262,6.63772048846676,6.5,999,6.6016016016016
737,262,6.64179104477612,6.43893129770992,999,6.58858858858859
740,259,6.62837837837838,6.38610038610039,999,6.56556556556557
742,257,6.62264150943396,6.36964980544747,999,6.55755755755756
744,254,6.60752688172043,6.35826771653543,998,6.54408817635271
745,254,6.61879194630872,6.37007874015748,999,6.55555555555556
758,239,6.63984168865435,6.31799163179916,997,6.56268806419258
760,239,6.64210526315789,6.39330543933054,999,6.58258258258258
756,242,6.63492063492064,6.41322314049587,998,6.5811623246493
752,247,6.65026595744681,6.42914979757085,999,6.5955955955956
752,246,6.63297872340426,6.44715447154472,998,6.58717434869739
748,251,6.65374331550802,6.50996015936255,999,6.61761761761762
744,254,6.64784946236559,6.46456692913386,998,6.60120240480962
737,261,6.61329715061058,6.43295019157088,998,6.56613226452906
746,251,6.63002680965147,6.41035856573705,997,6.57472417251755
745,253,6.62013422818792,6.39525691699605,998,6.56312625250501
750,249,6.6,6.36144578313253,999,6.54054054054054
753,246,6.59362549800797,6.39024390243902,999,6.54354354354354
756,241,6.58333333333333,6.41078838174274,997,6.54162487462387
756,243,6.57142857142857,6.41975308641975,999,6.53453453453453
754,242,6.62864721485411,6.38842975206612,996,6.57028112449799
752,247,6.64494680851064,6.43724696356275,999,6.59359359359359
748,250,6.66844919786096,6.252,998,6.56412825651303
759,238,6.63372859025033,6.25210084033613,997,6.54262788365095
760,239,6.56842105263158,6.24267782426778,999,6.49049049049049
755,244,6.5523178807947,6.16803278688525,999,6.45845845845846
761,238,6.54796320630749,6.15126050420168,999,6.45345345345345
762,237,6.56036745406824,6.13502109704641,999,6.45945945945946
761,238,6.55059132720105,6.19327731092437,999,6.46546546546547
761,237,6.56504599211564,6.12658227848101,998,6.46092184368737
760,237,6.55394736842105,6.19831223628692,997,6.46940822467402
757,242,6.55746367239102,6.29338842975207,999,6.49349349349349
756,242,6.53703703703704,6.28925619834711,998,6.47695390781563
756,241,6.50925925925926,6.28630705394191,997,6.45536609829488
746,251,6.54959785522788,6.41035856573705,997,6.51454363089268
748,249,6.56283422459893,6.35341365461847,997,6.51053159478435
755,243,6.52317880794702,6.30452674897119,998,6.46993987975952
760,238,6.51578947368421,6.31512605042017,998,6.46793587174349
755,244,6.54039735099338,6.33196721311475,999,6.48948948948949
759,240,6.50724637681159,6.40416666666667,999,6.48248248248248
761,238,6.48226018396846,6.39915966386555,999,6.46246246246246
758,241,6.5065963060686,6.44813278008299,999,6.49249249249249
760,239,6.49736842105263,6.47698744769875,999,6.49249249249249
755,244,6.46887417218543,6.38934426229508,999,6.44944944944945
770,229,6.48961038961039,6.31877729257642,999,6.45045045045045
769,230,6.47464239271781,6.39130434782609,999,6.45545545545546
769,229,6.44993498049415,6.4235807860262,998,6.4438877755511
774,225,6.4625322997416,6.43555555555556,999,6.45645645645646
762,236,6.56824146981627,6.40677966101695,998,6.53006012024048
769,229,6.52665799739922,6.32314410480349,998,6.47995991983968
764,235,6.59685863874346,6.32340425531915,999,6.53253253253253
755,244,6.54569536423841,6.29918032786885,999,6.48548548548549
753,245,6.55245683930943,6.37551020408163,998,6.50901803607214
766,233,6.5509138381201,6.36051502145923,999,6.50650650650651
757,241,6.56538969616909,6.36514522821577,998,6.51703406813627
749,248,6.56475300400534,6.36290322580645,997,6.51454363089268
756,243,6.51058201058201,6.30864197530864,999,6.46146146146146
749,249,6.53538050734312,6.25301204819277,998,6.46492985971944
748,251,6.57754010695187,6.22709163346614,999,6.48948948948949
751,248,6.60985352862849,6.26209677419355,999,6.52352352352352
755,244,6.60662251655629,6.10655737704918,999,6.48448448448448
760,237,6.60921052631579,6.20253164556962,997,6.51253761283852
774,225,6.62144702842377,6.20444444444444,999,6.52752752752753
776,221,6.59664948453608,6.16742081447964,997,6.50150451354062
773,224,6.57956015523933,6.23660714285714,997,6.5025075225677
769,230,6.57607282184655,6.29130434782609,999,6.51051051051051
775,223,6.58193548387097,6.33183856502242,998,6.52605210420842
768,229,6.62109375,6.36244541484716,997,6.5616850551655
771,228,6.62127107652399,6.34210526315789,999,6.55755755755756
769,230,6.57737321196359,6.3304347826087,999,6.52052052052052
775,223,6.56,6.2914798206278,998,6.5
769,230,6.59167750325097,6.2695652173913,999,6.51751751751752
770,229,6.62337662337662,6.34061135371179,999,6.55855855855856
773,224,6.60931435963778,6.32589285714286,997,6.5456369107322
765,234,6.59738562091503,6.32905982905983,999,6.53453453453453
778,221,6.56041131105398,6.35746606334842,999,6.51551551551552
783,215,6.58109833971903,6.42790697674419,998,6.54809619238477
789,209,6.58174904942966,6.37320574162679,998,6.53807615230461
797,202,6.58845671267252,6.29207920792079,999,6.52852852852853
792,205,6.58333333333333,6.2390243902439,997,6.51253761283852
792,207,6.55555555555556,6.256038647343,999,6.49349349349349
796,202,6.54145728643216,6.31683168316832,998,6.49599198396794
800,199,6.55625,6.35678391959799,999,6.51651651651652
805,194,6.53291925465838,6.35051546391753,999,6.4974974974975
803,196,6.59775840597758,6.37244897959184,999,6.55355355355355
800,198,6.68625,6.37878787878788,998,6.625250501002
796,203,6.61683417085427,6.37931034482759,999,6.56856856856857
798,201,6.58145363408521,6.35820895522388,999,6.53653653653654
793,206,6.62295081967213,6.30582524271845,999,6.55755755755756
787,210,6.66709021601017,6.38095238095238,997,6.60682046138415
784,215,6.66581632653061,6.38139534883721,999,6.6046046046046
789,209,6.67300380228137,6.36842105263158,998,6.60921843687375
787,212,6.63405336721728,6.40566037735849,999,6.58558558558559
778,219,6.63881748071979,6.49771689497717,997,6.60782347041123
784,215,6.58290816326531,6.50697674418605,999,6.56656656656657
790,208,6.57215189873418,6.53365384615385,998,6.56412825651303
787,211,6.60228716645489,6.45023696682464,998,6.57014028056112
789,207,6.62103929024081,6.55072463768116,996,6.60642570281125
791,207,6.59797724399494,6.43961352657005,998,6.56513026052104
786,212,6.62595419847328,6.47169811320755,998,6.59318637274549
786,211,6.58905852417303,6.52132701421801,997,6.57472417251755
784,215,6.60969387755102,6.57674418604651,999,6.6026026026026
780,219,6.56666666666667,6.54794520547945,999,6.56256256256256
770,227,6.59350649350649,6.53744493392071,997,6.58074222668004
772,227,6.62176165803109,6.55506607929515,999,6.60660660660661
774,225,6.59819121447028,6.54222222222222,999,6.58558558558559
774,224,6.5968992248062,6.57142857142857,998,6.59118236472946
773,225,6.57179818887451,6.57777777777778,998,6.57314629258517
781,216,6.52240717029449,6.66666666666667,997,6.55366098294885
777,222,6.53667953667954,6.72972972972973,999,6.57957957957958
783,215,6.53512132822478,6.75813953488372,998,6.58316633266533
782,214,6.55115089514067,6.76635514018692,996,6.59738955823293
785,214,6.60636942675159,6.81308411214953,999,6.65065065065065
787,211,6.60864040660737,6.78199052132701,998,6.64529058116232
783,214,6.62579821200511,6.80841121495327,997,6.66499498495486
784,215,6.64540816326531,6.7906976744186,999,6.67667667667668
778,220,6.67223650385604,6.75909090909091,998,6.69138276553106
779,220,6.61232349165597,6.76363636363636,999,6.64564564564565
769,230,6.54226267880364,6.76086956521739,999,6.59259259259259
776,223,6.54896907216495,6.82062780269058,999,6.60960960960961
778,220,6.55526992287918,6.86363636363636,998,6.62324649298597
773,224,6.51617076326003,6.90625,997,6.60381143430291
776,223,6.54381443298969,6.95964125560538,999,6.63663663663664
776,222,6.56958762886598,6.95045045045045,998,6.65430861723447
774,224,6.58139534883721,6.87946428571429,998,6.64829659318637
769,229,6.49414824447334,6.88646288209607,998,6.58416833667335
770,229,6.5025974025974,6.80349344978166,999,6.57157157157157
770,229,6.47532467532467,6.82532751091703,999,6.55555555555556
771,226,6.52399481193256,6.80973451327434,997,6.58876629889669
770,229,6.52987012987013,6.73799126637555,999,6.57757757757758
775,223,6.54451612903226,6.80269058295964,998,6.60220440881764
777,222,6.56370656370656,6.81081081081081,999,6.61861861861862
777,221,6.58558558558559,6.81447963800905,998,6.63627254509018
778,221,6.55398457583548,6.83257918552036,999,6.61561561561562
773,226,6.52393272962484,6.72566371681416,999,6.56956956956957
775,224,6.47225806451613,6.71428571428571,999,6.52652652652653
777,221,6.51866151866152,6.72850678733032,998,6.56513026052104
778,221,6.51542416452442,6.74660633484163,999,6.56656656656657
781,217,6.4955185659411,6.73732718894009,998,6.54809619238477
777,222,6.52380952380952,6.81081081081081,999,6.58758758758759
781,218,6.47887323943662,6.81192660550459,999,6.55155155155155
775,224,6.43354838709677,6.79464285714286,999,6.51451451451451
783,214,6.47892720306513,6.81775700934579,997,6.55165496489468
781,218,6.46350832266325,6.94495412844037,999,6.56856856856857
769,229,6.43953185955787,6.92139737991266,998,6.5501002004008
772,227,6.40155440414508,6.86784140969163,999,6.50750750750751
766,233,6.37597911227154,6.94849785407725,999,6.50950950950951
766,232,6.37859007832898,6.96120689655172,998,6.51402805611222
773,224,6.36998706338939,6.96428571428571,997,6.50351053159478
773,226,6.34799482535576,6.95575221238938,999,6.48548548548549
778,221,6.3547557840617,6.95022624434389,999,6.48648648648649
772,227,6.36139896373057,6.9647577092511,999,6.4984984984985
766,232,6.37859007832898,6.97413793103448,998,6.51703406813627
757,241,6.44649933949802,6.89211618257261,998,6.55410821643287
757,242,6.45310435931308,6.9297520661157,999,6.56856856856857
761,238,6.47174770039422,7.01680672268908,999,6.6016016016016
755,243,6.52847682119205,6.99588477366255,998,6.64228456913828
745,253,6.51812080536913,7.0,998,6.64028056112224
744,253,6.60618279569892,7.0,997,6.7061183550652
744,254,6.5510752688172,6.84645669291339,998,6.62625250501002
734,265,6.58446866485014,6.78490566037736,999,6.63763763763764
726,272,6.58953168044077,6.80882352941176,998,6.64929859719439
715,282,6.62797202797203,6.84397163120567,997,6.68906720160481
716,281,6.63268156424581,6.88256227758007,997,6.70310932798395
713,285,6.61711079943899,6.91578947368421,998,6.70240480961924
707,291,6.57425742574257,6.90034364261168,998,6.66933867735471
708,291,6.57909604519774,6.85567010309278,999,6.65965965965966
710,289,6.5830985915493,6.90311418685121,999,6.67567567567568
717,282,6.51464435146443,6.8758865248227,999,6.61661661661662
726,273,6.52617079889807,6.83150183150183,999,6.60960960960961
723,274,6.53941908713693,6.78467153284672,997,6.60682046138415
738,261,6.50406504065041,6.75862068965517,999,6.57057057057057
732,266,6.50409836065574,6.7218045112782,998,6.56212424849699
728,271,6.48214285714286,6.70110701107011,999,6.54154154154154
723,274,6.50069156293223,6.74087591240876,997,6.5667001003009
716,282,6.52234636871508,6.74822695035461,998,6.58617234468938
712,285,6.49157303370786,6.71228070175439,997,6.55466399197593
716,282,6.45251396648045,6.65957446808511,998,6.51102204408818
702,296,6.45156695156695,6.65202702702703,998,6.51102204408818
706,292,6.47025495750708,6.68835616438356,998,6.53406813627254
706,293,6.41359773371105,6.5938566552901,999,6.46646646646647
705,294,6.45106382978723,6.63265306122449,999,6.5045045045045
708,288,6.48446327683616,6.61805555555556,996,6.52309236947791
712,287,6.4564606741573,6.61672473867596,999,6.5025025025025
709,289,6.49929478138223,6.71626297577855,998,6.56212424849699
705,294,6.50212765957447,6.79251700680272,999,6.58758758758759
716,283,6.51117318435754,6.80212014134276,999,6.59359359359359
712,287,6.49719101123596,6.78745644599303,999,6.58058058058058
708,288,6.54519774011299,6.8125,996,6.62248995983936
714,285,6.59103641456583,6.78245614035088,999,6.64564564564565
710,288,6.50704225352113,6.71527777777778,998,6.56713426853707
705,294,6.50070921985816,6.68707482993197,999,6.55555555555556
703,296,6.49928876244666,6.68581081081081,999,6.55455455455455
697,302,6.49497847919656,6.66887417218543,999,6.54754754754755
694,304,6.5028818443804,6.66118421052632,998,6.55110220440882
699,299,6.49499284692418,6.68561872909699,998,6.55210420841683
691,308,6.4876989869754,6.66233766233766,999,6.54154154154154
690,309,6.44057971014493,6.58899676375405,999,6.48648648648649
688,311,6.41424418604651,6.51446945337621,999,6.44544544544545
684,314,6.43713450292398,6.39171974522293,998,6.42284569138277
689,310,6.39187227866473,6.46451612903226,999,6.41441441441441
690,309,6.36231884057971,6.46601941747573,999,6.39439439439439
685,314,6.36350364963504,6.45859872611465,999,6.39339339339339
674,325,6.33382789317507,6.47076923076923,999,6.37837837837838
676,321,6.35502958579882,6.51401869158879,997,6.4062186559679
664,333,6.43975903614458,6.46546546546547,997,6.44834503510532
668,331,6.38023952095808,6.45619335347432,999,6.40540540540541
667,332,6.35232383808096,6.42469879518072,999,6.37637637637638
665,334,6.37443609022556,6.5059880239521,999,6.41841841841842
668,331,6.37724550898204,6.46223564954683,999,6.40540540540541
663,335,6.40422322775264,6.46865671641791,998,6.42585170340681
680,318,6.46323529411765,6.5188679245283,998,6.48096192384769
674,325,6.40504451038576,6.44307692307692,999,6.41741741741742
673,326,6.39673105497771,6.42331288343558,999,6.40540540540541
681,317,6.37738619676946,6.54258675078864,998,6.42985971943888
676,322,6.34023668639053,6.52173913043478,998,6.39879759519038
672,327,6.30059523809524,6.5565749235474,999,6.38438438438438
678,321,6.29646017699115,6.61370716510903,999,6.3983983983984
680,318,6.33382352941176,6.64465408805031,998,6.43286573146293
682,317,6.32551319648094,6.61829652996845,999,6.41841841841842
673,325,6.33135215453195,6.62769230769231,998,6.42785571142285
671,327,6.40387481371088,6.57492354740061,998,6.45991983967936
665,334,6.38195488721805,6.57784431137725,999,6.44744744744745
682,317,6.39882697947214,6.58990536277603,999,6.45945945945946
671,328,6.48882265275708,6.63414634146341,999,6.53653653653654
668,331,6.48053892215569,6.60725075528701,999,6.52252252252252
662,337,6.49697885196375,6.58753709198813,999,6.52752752752753
676,323,6.48668639053254,6.62848297213622,999,6.53253253253253
672,327,6.5,6.62385321100917,999,6.54054054054054
676,322,6.54289940828402,6.58074534161491,998,6.55511022044088
676,322,6.5103550295858,6.50621118012422,998,6.50901803607214
686,313,6.49416909620991,6.46964856230032,999,6.48648648648649
674,324,6.49109792284866,6.53703703703704,998,6.5060120240481
684,315,6.51169590643275,6.53015873015873,999,6.51751751751752
684,315,6.49707602339181,6.51111111111111,999,6.5015015015015
686,313,6.466472303207,6.54952076677316,999,6.49249249249249
683,316,6.45534407027818,6.49683544303798,999,6.46846846846847
674,324,6.43620178041543,6.5679012345679,998,6.47895791583166
680,319,6.43088235294118,6.55799373040752,999,6.47147147147147
683,316,6.41727672035139,6.57911392405063,999,6.46846846846847
675,324,6.44740740740741,6.57716049382716,999,6.48948948948949
677,321,6.39586410635155,6.64797507788162,998,6.47695390781563
678,321,6.38643067846608,6.57009345794393,999,6.44544544544545
672,327,6.43452380952381,6.55045871559633,999,6.47247247247247
672,326,6.41517857142857,6.5521472392638,998,6.45991983967936
672,326,6.41815476190476,6.50920245398773,998,6.44789579158317
683,316,6.41288433382138,6.57594936708861,999,6.46446446446446
686,312,6.36734693877551,6.58012820512821,998,6.43386773547094
687,312,6.38282387190684,6.61538461538461,999,6.45545545545546
688,310,6.38081395348837,6.59354838709677,998,6.44689378757515
692,306,6.39161849710983,6.62091503267974,998,6.46192384769539
687,311,6.3551673944687,6.58842443729904,998,6.42785571142285
689,308,6.3933236574746,6.61038961038961,997,6.46038114343029
688,311,6.39098837209302,6.54019292604502,999,6.43743743743744
686,312,6.43440233236152,6.57371794871795,998,6.47795591182365
680,318,6.43529411764706,6.55345911949686,998,6.47294589178357
689,310,6.39622641509434,6.5258064516129,999,6.43643643643644
683,314,6.41434846266471,6.52866242038217,997,6.45035105315948
679,320,6.4359351988218,6.4625,999,6.44444444444444
684,315,6.42251461988304,6.48571428571429,999,6.44244244244244
695,304,6.4273381294964,6.43421052631579,999,6.42942942942943
695,304,6.45467625899281,6.56907894736842,999,6.48948948948949
691,307,6.51664254703329,6.57654723127036,998,6.53507014028056
698,300,6.50286532951289,6.57,998,6.52304609218437
693,303,6.60606060606061,6.5016501650165,996,6.57429718875502
698,301,6.59598853868195,6.57142857142857,999,6.58858858858859
699,299,6.60228898426323,6.58862876254181,998,6.59819639278557
707,291,6.57708628005658,6.53264604810997,998,6.56412825651303
703,296,6.57752489331437,6.52702702702703,999,6.56256256256256
704,294,6.59090909090909,6.60884353741497,998,6.59619238476954
695,304,6.55539568345324,6.58552631578947,999,6.56456456456456
698,301,6.53151862464183,6.58471760797342,999,6.54754754754755
703,296,6.55903271692745,6.61824324324324,999,6.57657657657658
696,303,6.47988505747126,6.58085808580858,999,6.51051051051051
692,305,6.49566473988439,6.57704918032787,997,6.52056168505517
696,300,6.54597701149425,6.61666666666667,996,6.56726907630522
701,298,6.50356633380884,6.61409395973154,999,6.53653653653654
703,294,6.46088193456615,6.70068027210884,997,6.53159478435306
703,296,6.39118065433855,6.75675675675676,999,6.4994994994995
701,298,6.43366619115549,6.75503355704698,999,6.52952952952953
702,296,6.46438746438746,6.66554054054054,998,6.52404809619238
708,291,6.50423728813559,6.57044673539519,999,6.52352352352352
700,299,6.46571428571429,6.55518394648829,999,6.49249249249249
707,292,6.5049504950495,6.56849315068493,999,6.52352352352352
709,290,6.48095909732017,6.58965517241379,999,6.51251251251251
709,290,6.43441466854725,6.59655172413793,999,6.48148148148148
718,281,6.40807799442897,6.52669039145907,999,6.44144144144144
725,274,6.37655172413793,6.52189781021898,999,6.41641641641642
728,269,6.3543956043956,6.55762081784387,997,6.40922768304915
724,274,6.32734806629834,6.51094890510949,998,6.37775551102204
729,270,6.33470507544582,6.46296296296296,999,6.36936936936937
729,269,6.36213991769547,6.50185873605948,998,6.3997995991984
723,275,6.41355463347165,6.45454545454545,998,6.4248496993988
723,274,6.43845089903181,6.51824817518248,997,6.46038114343029
725,273,6.48551724137931,6.56776556776557,998,6.50801603206413
730,269,6.51506849315069,6.49442379182156,999,6.50950950950951
736,263,6.51630434782609,6.43726235741445,999,6.4954954954955
731,267,6.47879616963064,6.47565543071161,998,6.47795591182365
735,264,6.44353741496599,6.48863636363636,999,6.45545545545546
732,267,6.4931693989071,6.52434456928839,999,6.5015015015015
725,273,6.48413793103448,6.46886446886447,998,6.47995991983968
730,268,6.44657534246575,6.44776119402985,998,6.44689378757515
