forward_num,reverse_num,forward_rate,reverse_rate,organism_num,organism_rate
5,5,5.0,5.0,10,5.0
5,5,5.0,5.0,10,5.0
5,5,5.0,5.0,10,5.0
6,6,5.66666666666667,5.0,12,5.33333333333333
7,7,6.0,5.42857142857143,14,5.71428571428571
8,8,6.125,5.125,16,5.625
12,10,6.33333333333333,5.1,22,5.77272727272727
15,11,6.06666666666667,5.54545454545455,26,5.84615384615385
16,14,6.125,5.28571428571429,30,5.73333333333333
21,17,5.95238095238095,5.29411764705882,38,5.65789473684211
26,20,5.96153846153846,5.2,46,5.6304347826087
32,24,5.96875,5.29166666666667,56,5.67857142857143
38,28,6.0,5.39285714285714,66,5.74242424242424
48,33,6.14583333333333,5.45454545454545,81,5.8641975308642
60,38,6.15,5.57894736842105,98,5.92857142857143
72,47,6.27777777777778,5.70212765957447,119,6.05042016806723
88,56,6.23863636363636,5.80357142857143,144,6.06944444444444
114,72,6.36842105263158,5.98611111111111,186,6.22043010752688
143,86,6.34265734265734,5.98837209302326,229,6.20960698689956
172,104,6.41279069767442,6.09615384615385,276,6.29347826086957
211,127,6.38862559241706,6.21259842519685,338,6.32248520710059
271,154,6.39483394833948,6.32467532467532,425,6.36941176470588
335,195,6.41492537313433,6.32307692307692,530,6.3811320754717
410,238,6.50487804878049,6.3781512605042,648,6.45833333333333
521,292,6.4299424184261,6.47945205479452,813,6.44772447724477
648,351,6.50771604938272,6.42735042735043,999,6.47947947947948
655,344,6.49923664122137,6.42151162790698,999,6.47247247247247
648,351,6.49691358024691,6.47578347578348,999,6.48948948948949
654,344,6.44036697247706,6.52616279069767,998,6.46993987975952
653,346,6.44104134762634,6.59537572254335,999,6.49449449449449
656,342,6.45579268292683,6.61695906432749,998,6.51102204408818
660,339,6.46969696969697,6.6047197640118,999,6.51551551551552
661,338,6.46142208774584,6.54733727810651,999,6.49049049049049
659,340,6.49317147192716,6.46470588235294,999,6.48348348348348
655,343,6.43969465648855,6.52769679300292,998,6.46993987975952
654,342,6.37003058103976,6.45906432748538,996,6.40060240963855
656,343,6.34146341463415,6.48979591836735,999,6.39239239239239
659,339,6.38088012139605,6.5929203539823,998,6.45290581162325
665,334,6.37293233082707,6.57185628742515,999,6.43943943943944
661,336,6.33736762481089,6.54464285714286,997,6.40722166499499
653,345,6.33996937212864,6.55072463768116,998,6.41282565130261
651,347,6.31336405529954,6.52161383285303,998,6.38577154308617
661,338,6.27987897125567,6.45562130177515,999,6.33933933933934
655,343,6.22900763358779,6.49562682215743,998,6.32064128256513
665,334,6.20902255639098,6.51197604790419,999,6.31031031031031
665,334,6.21353383458647,6.45209580838323,999,6.29329329329329
661,338,6.22390317700454,6.5,999,6.31731731731732
663,333,6.21116138763198,6.48648648648649,996,6.30321285140562
658,337,6.18844984802432,6.48367952522255,995,6.28844221105528
652,347,6.20398773006135,6.50432276657061,999,6.30830830830831
649,348,6.18181818181818,6.48563218390805,997,6.28786359077232
655,343,6.22442748091603,6.41399416909621,998,6.28957915831663
644,354,6.23757763975155,6.42937853107345,998,6.30561122244489
651,348,6.20583717357911,6.54597701149425,999,6.32432432432432
645,353,6.22635658914729,6.58356940509915,998,6.35270541082164
641,357,6.198127925117,6.5266106442577,998,6.31563126252505
645,354,6.2046511627907,6.50282485875706,999,6.31031031031031
642,356,6.21495327102804,6.51123595505618,998,6.32064128256513
648,351,6.28858024691358,6.46153846153846,999,6.34934934934935
645,353,6.31472868217054,6.44475920679887,998,6.36072144288577
644,354,6.34937888198758,6.4774011299435,998,6.39478957915832
646,352,6.32507739938081,6.35795454545455,998,6.33667334669339
647,352,6.38794435857805,6.36079545454545,999,6.37837837837838
650,349,6.40615384615385,6.22063037249284,999,6.34134134134134
650,349,6.37846153846154,6.28080229226361,999,6.34434434434434
652,347,6.34815950920245,6.29971181556196,999,6.33133133133133
653,345,6.36294027565084,6.21449275362319,998,6.31162324649299
654,345,6.31345565749236,6.28985507246377,999,6.30530530530531
657,342,6.29223744292237,6.32456140350877,999,6.3033033033033
652,347,6.29601226993865,6.31700288184438,999,6.3033033033033
638,359,6.34012539184953,6.31476323119777,997,6.33099297893681
640,359,6.3453125,6.32311977715877,999,6.33733733733734
636,361,6.38207547169811,6.29362880886427,997,6.35005015045135
642,356,6.38940809968847,6.24157303370786,998,6.33667334669339
635,363,6.40472440944882,6.20385674931129,998,6.33166332665331
632,366,6.39240506329114,6.30054644808743,998,6.35871743486974
638,361,6.44827586206897,6.26315789473684,999,6.38138138138138
636,363,6.41194968553459,6.28374655647383,999,6.36536536536537
633,366,6.39968404423381,6.32786885245902,999,6.37337337337337
642,356,6.38629283489097,6.29494382022472,998,6.35370741482966
643,354,6.42457231726283,6.25988700564972,997,6.36609829488465
641,358,6.37597503900156,6.25698324022346,999,6.33333333333333
641,357,6.34945397815913,6.25770308123249,998,6.31663326653307
643,356,6.32192846034215,6.29775280898876,999,6.31331331331331
633,364,6.3696682464455,6.29395604395604,997,6.3420260782347
632,367,6.31803797468354,6.27792915531335,999,6.3033033033033
639,357,6.30985915492958,6.23249299719888,996,6.28212851405623
631,368,6.28526148969889,6.2445652173913,999,6.27027027027027
638,361,6.19278996865204,6.24653739612188,999,6.21221221221221
636,363,6.26100628930818,6.25895316804408,999,6.26026026026026
626,373,6.26357827476038,6.13941018766756,999,6.21721721721722
629,369,6.27344992050874,6.21680216802168,998,6.25250501002004
625,374,6.32,6.26470588235294,999,6.2992992992993
622,377,6.26848874598071,6.24137931034483,999,6.25825825825826
614,385,6.20521172638436,6.18701298701299,999,6.1981981981982
615,383,6.26341463414634,6.2088772845953,998,6.24248496993988
624,375,6.22275641025641,6.20266666666667,999,6.21521521521522
626,371,6.27635782747604,6.17250673854447,997,6.23771313941826
625,372,6.248,6.19354838709677,997,6.22768304914744
624,375,6.25801282051282,6.15733333333333,999,6.22022022022022
624,375,6.25160256410256,6.21066666666667,999,6.23623623623624
628,371,6.23089171974522,6.21832884097035,999,6.22622622622623
621,377,6.21900161030596,6.25464190981432,998,6.23246492985972
614,385,6.23615635179153,6.35844155844156,999,6.28328328328328
612,387,6.2156862745098,6.41085271317829,999,6.29129129129129
611,387,6.22258592471358,6.27906976744186,998,6.24448897795591
606,392,6.18316831683168,6.26785714285714,998,6.21643286573146
608,388,6.15460526315789,6.29381443298969,996,6.20883534136546
611,387,6.08674304418985,6.35142118863049,998,6.18937875751503
617,382,6.10858995137763,6.3848167539267,999,6.21421421421421
609,389,6.11822660098522,6.40359897172237,998,6.22945891783567
611,388,6.1505728314239,6.3479381443299,999,6.22722722722723
615,382,6.19837398373984,6.34031413612565,997,6.25275827482447
624,375,6.21153846153846,6.38133333333333,999,6.27527527527528
629,368,6.18441971383148,6.45108695652174,997,6.28284854563691
639,360,6.24882629107981,6.44444444444444,999,6.31931931931932
632,366,6.23892405063291,6.44262295081967,998,6.31362725450902
633,364,6.24644549763033,6.46703296703297,997,6.32698094282849
631,367,6.22187004754358,6.4550408719346,998,6.30761523046092
636,363,6.23427672955975,6.50137741046832,999,6.33133133133133
644,353,6.23291925465838,6.54957507082153,997,6.34503510531595
643,355,6.24727838258165,6.59154929577465,998,6.36973947895792
644,354,6.22049689440994,6.50282485875706,998,6.32064128256513
639,357,6.18779342723005,6.54621848739496,996,6.31626506024096
635,364,6.19370078740157,6.5467032967033,999,6.32232232232232
646,352,6.21517027863777,6.55397727272727,998,6.33466933867735
635,364,6.21417322834646,6.54395604395604,999,6.33433433433433
632,367,6.21835443037975,6.52316076294278,999,6.33033033033033
624,375,6.17948717948718,6.55466666666667,999,6.32032032032032
626,373,6.17571884984026,6.54423592493298,999,6.31331331331331
624,371,6.13621794871795,6.544474393531,995,6.28844221105528
617,381,6.12803889789303,6.56430446194226,998,6.29458917835671
623,376,6.16211878009631,6.6063829787234,999,6.32932932932933
623,375,6.13643659711075,6.56,998,6.29559118236473
620,378,6.13709677419355,6.59523809523809,998,6.31062124248497
622,376,6.10771704180064,6.56648936170213,998,6.28056112224449
624,375,6.12660256410256,6.55733333333333,999,6.28828828828829
615,383,6.15772357723577,6.50913838120104,998,6.29258517034068
618,380,6.14401294498382,6.46315789473684,998,6.26553106212425
629,368,6.15421303656598,6.44565217391304,997,6.2617853560682
637,362,6.13343799058085,6.50828729281768,999,6.26926926926927
639,359,6.18466353677621,6.44568245125348,998,6.27855711422846
648,351,6.13888888888889,6.49287749287749,999,6.26326326326326
645,351,6.1953488372093,6.48717948717949,996,6.29819277108434
657,342,6.23896499238965,6.44444444444444,999,6.30930930930931
658,339,6.29179331306991,6.40117994100295,997,6.32898696088265
651,347,6.31643625192012,6.34870317002882,998,6.32765531062124
653,345,6.34762633996937,6.30724637681159,998,6.33366733466934
650,348,6.37846153846154,6.25287356321839,998,6.33466933867735
644,354,6.34782608695652,6.27118644067797,998,6.32064128256513
638,360,6.37774294670846,6.27222222222222,998,6.33967935871743
641,357,6.34633385335413,6.27170868347339,998,6.31963927855711
636,361,6.36320754716981,6.30470914127424,997,6.3420260782347
636,363,6.38364779874214,6.37741046831956,999,6.38138138138138
637,361,6.39089481946625,6.38227146814404,998,6.3877755511022
640,359,6.409375,6.28969359331476,999,6.36636636636637
631,368,6.42313787638669,6.27445652173913,999,6.36836836836837
638,361,6.4576802507837,6.30193905817174,999,6.4014014014014
637,362,6.44897959183673,6.24861878453039,999,6.37637637637638
634,365,6.51261829652997,6.2986301369863,999,6.43443443443443
635,364,6.50236220472441,6.29120879120879,999,6.42542542542543
646,352,6.52012383900929,6.26136363636364,998,6.42885771543086
643,356,6.51166407465008,6.28651685393258,999,6.43143143143143
635,364,6.54488188976378,6.29395604395604,999,6.45345345345345
636,362,6.5440251572327,6.27900552486188,998,6.44789579158317
644,354,6.54192546583851,6.32768361581921,998,6.46593186372746
645,354,6.52093023255814,6.32768361581921,999,6.45245245245245
650,348,6.49846153846154,6.3735632183908,998,6.45490981963928
657,339,6.5144596651446,6.35398230088496,996,6.45983935742972
661,337,6.52950075642965,6.38872403560831,998,6.48196392785571
659,340,6.55386949924127,6.41764705882353,999,6.50750750750751
654,344,6.53975535168196,6.3953488372093,998,6.48997995991984
657,342,6.50532724505327,6.49122807017544,999,6.5005005005005
662,337,6.54078549848943,6.51038575667656,999,6.53053053053053
663,335,6.55806938159879,6.52835820895522,998,6.54809619238477
665,334,6.54135338345865,6.63473053892216,999,6.57257257257257
668,331,6.51646706586826,6.59818731117825,999,6.54354354354354
659,336,6.52048558421851,6.58630952380952,995,6.5427135678392
658,341,6.54407294832827,6.57478005865103,999,6.55455455455455
661,338,6.56580937972769,6.60355029585799,999,6.57857857857858
663,335,6.55052790346908,6.62985074626866,998,6.57715430861723
657,341,6.51902587519026,6.65395894428153,998,6.56513026052104
657,341,6.51598173515982,6.59824046920821,998,6.54408817635271
654,344,6.54434250764526,6.61337209302326,998,6.56813627254509
645,354,6.58759689922481,6.58474576271186,999,6.58658658658659
643,356,6.61741835147745,6.60674157303371,999,6.61361361361361
653,344,6.59418070444104,6.63081395348837,997,6.60682046138415
648,351,6.61574074074074,6.6039886039886,999,6.61161161161161
647,350,6.63369397217929,6.59714285714286,997,6.62086258776329
653,346,6.60796324655436,6.60982658959538,999,6.60860860860861
656,342,6.5625,6.71052631578947,998,6.61322645290581
654,343,6.56269113149847,6.7201166180758,997,6.61685055165496
653,346,6.5375191424196,6.69364161849711,999,6.59159159159159
651,348,6.53149001536098,6.69827586206897,999,6.58958958958959
649,350,6.53004622496148,6.67142857142857,999,6.57957957957958
656,342,6.51829268292683,6.65204678362573,998,6.56412825651303
656,343,6.54115853658537,6.64139941690962,999,6.57557557557558
649,349,6.56548536209553,6.63896848137536,998,6.59118236472946
663,335,6.56862745098039,6.66268656716418,998,6.6002004008016
656,342,6.55640243902439,6.7046783625731,998,6.60721442885772
653,346,6.5635528330781,6.68208092485549,999,6.6046046046046
650,349,6.52153846153846,6.64183381088825,999,6.56356356356356
648,350,6.4891975308642,6.7,998,6.56312625250501
643,353,6.4556765163297,6.68838526912181,996,6.53815261044177
651,347,6.47311827956989,6.72622478386167,998,6.56112224448898
647,350,6.44204018547141,6.70857142857143,997,6.53560682046138
655,343,6.43358778625954,6.75218658892128,998,6.54308617234469
660,339,6.40151515151515,6.76991150442478,999,6.52652652652653
652,346,6.41257668711656,6.6878612716763,998,6.50801603206413
653,344,6.42266462480858,6.64244186046512,997,6.49849548645938
644,355,6.42236024844721,6.54366197183099,999,6.46546546546547
656,342,6.41158536585366,6.51754385964912,998,6.44789579158317
663,335,6.45248868778281,6.49850746268657,998,6.46793587174349
662,337,6.3821752265861,6.51038575667656,999,6.42542542542543
660,339,6.41969696969697,6.53392330383481,999,6.45845845845846
654,345,6.47553516819572,6.5536231884058,999,6.5025025025025
652,346,6.45858895705521,6.56647398843931,998,6.49599198396794
659,340,6.45523520485584,6.50882352941176,999,6.47347347347347
665,333,6.49774436090226,6.54054054054054,998,6.51202404809619
664,335,6.54367469879518,6.5044776119403,999,6.53053053053053
670,328,6.46567164179104,6.48170731707317,998,6.47094188376754
674,325,6.49554896142433,6.50153846153846,999,6.4974974974975
673,325,6.46210995542348,6.48615384615385,998,6.46993987975952
673,325,6.49034175334324,6.47692307692308,998,6.48597194388778
668,329,6.54041916167665,6.54103343465046,997,6.54062186559679
675,324,6.57481481481481,6.58024691358025,999,6.57657657657658
674,325,6.60979228486647,6.46769230769231,999,6.56356356356356
674,325,6.67655786350148,6.50153846153846,999,6.61961961961962
682,317,6.66568914956012,6.43533123028391,999,6.59259259259259
676,322,6.72337278106509,6.3416149068323,998,6.6002004008016
667,332,6.76911544227886,6.30120481927711,999,6.61361361361361
666,332,6.70720720720721,6.33433734939759,998,6.58316633266533
663,335,6.71945701357466,6.34925373134328,998,6.59519038076152
674,325,6.66765578635015,6.28923076923077,999,6.54454454454454
672,326,6.63095238095238,6.26687116564417,998,6.51202404809619
665,332,6.65112781954887,6.26204819277108,997,6.52156469408225
667,332,6.65967016491754,6.26204819277108,999,6.52752752752753
670,329,6.67462686567164,6.33738601823708,999,6.56356356356356
666,331,6.66516516516517,6.36253776435045,997,6.56469408224674
669,329,6.63976083707025,6.28571428571429,998,6.52304609218437
678,321,6.64011799410029,6.22429906542056,999,6.50650650650651
680,317,6.65735294117647,6.23028391167192,997,6.52156469408225
673,326,6.61218424962853,6.26993865030675,999,6.5005005005005
678,319,6.6047197640118,6.29780564263323,997,6.50651955867603
675,324,6.48740740740741,6.36111111111111,999,6.44644644644645
670,329,6.45373134328358,6.34042553191489,999,6.41641641641642
675,324,6.44592592592593,6.36111111111111,999,6.41841841841842
676,323,6.4585798816568,6.41176470588235,999,6.44344344344344
666,331,6.54804804804805,6.38972809667674,997,6.49548645937813
667,332,6.5352323838081,6.3855421686747,999,6.48548548548549
663,336,6.53242835595777,6.39285714285714,999,6.48548548548549
666,333,6.58258258258258,6.45945945945946,999,6.54154154154154
663,336,6.67420814479638,6.37797619047619,999,6.57457457457457
654,343,6.6697247706422,6.45189504373178,997,6.59478435305918
657,341,6.7062404870624,6.48973607038123,998,6.63226452905812
661,336,6.73676248108926,6.58035714285714,997,6.68405215646941
665,333,6.75639097744361,6.6036036036036,998,6.70541082164329
671,328,6.7123695976155,6.57926829268293,999,6.66866866866867
668,331,6.69610778443114,6.63444108761329,999,6.67567567567568
664,335,6.65813253012048,6.65373134328358,999,6.65665665665666
668,330,6.65868263473054,6.6,998,6.63927855711423
666,330,6.65015015015015,6.63636363636364,996,6.64558232931727
670,329,6.62238805970149,6.67477203647416,999,6.63963963963964
664,335,6.6039156626506,6.62089552238806,999,6.60960960960961
672,327,6.59375,6.59021406727829,999,6.59259259259259
667,332,6.5592203898051,6.56626506024096,999,6.56156156156156
669,329,6.57249626307922,6.53799392097264,998,6.56112224448898
668,331,6.52395209580838,6.58006042296072,999,6.54254254254254
658,340,6.55775075987842,6.56764705882353,998,6.56112224448898
657,338,6.54642313546423,6.5887573964497,995,6.5608040201005
665,334,6.53233082706767,6.67964071856287,999,6.58158158158158
666,333,6.54504504504505,6.64864864864865,999,6.57957957957958
669,330,6.53512705530643,6.62424242424242,999,6.56456456456456
674,325,6.51632047477745,6.50461538461538,999,6.51251251251251
679,320,6.47864506627393,6.540625,999,6.4984984984985
687,312,6.49636098981077,6.50961538461539,999,6.5005005005005
673,326,6.5408618127786,6.52760736196319,999,6.53653653653654
675,324,6.58814814814815,6.58950617283951,999,6.58858858858859
676,322,6.56213017751479,6.64906832298137,998,6.59018036072144
676,320,6.5310650887574,6.665625,996,6.57429718875502
680,319,6.54117647058824,6.58934169278997,999,6.55655655655656
674,325,6.54302670623145,6.59692307692308,999,6.56056056056056
669,328,6.48281016442451,6.53048780487805,997,6.49849548645938
667,332,6.53823088455772,6.58734939759036,999,6.55455455455455
656,341,6.48628048780488,6.61290322580645,997,6.5295887662989
655,343,6.56030534351145,6.62973760932945,998,6.58416833667335
661,337,6.55219364599092,6.55489614243323,998,6.55310621242485
652,347,6.52760736196319,6.50720461095101,999,6.52052052052052
643,355,6.57231726283048,6.45352112676056,998,6.53006012024048
655,344,6.56030534351145,6.3953488372093,999,6.5035035035035
660,337,6.54545454545455,6.46587537091988,997,6.518555667001
661,338,6.63086232980333,6.46449704142012,999,6.57457457457457
662,336,6.67824773413897,6.44345238095238,998,6.59919839679359
665,331,6.68270676691729,6.38670694864048,996,6.58433734939759
677,320,6.69276218611521,6.43125,997,6.60882647943832
667,332,6.65217391304348,6.5,999,6.6016016016016
667,331,6.67016491754123,6.3987915407855,998,6.58016032064128
674,324,6.70771513353116,6.38271604938272,998,6.60220440881764
674,325,6.67359050445104,6.36615384615385,999,6.57357357357357
668,331,6.65419161676647,6.25679758308157,999,6.52252252252252
668,331,6.61377245508982,6.29607250755287,999,6.50850850850851
666,332,6.65765765765766,6.25602409638554,998,6.52404809619238
667,332,6.66566716641679,6.37048192771084,999,6.56756756756757
666,333,6.62612612612613,6.28228228228228,999,6.51151151151151
652,346,6.60736196319018,6.32369942196532,998,6.50901803607214
654,343,6.56422018348624,6.33236151603499,997,6.48445336008024
650,347,6.56769230769231,6.32276657060519,997,6.48244734202608
654,344,6.55351681957187,6.32848837209302,998,6.47595190380762
651,347,6.57603686635945,6.37175792507205,998,6.50501002004008
643,356,6.56143079315708,6.36797752808989,999,6.49249249249249
640,359,6.590625,6.33426183844011,999,6.4984984984985
637,361,6.55572998430141,6.37396121883657,998,6.48997995991984
645,354,6.54573643410853,6.4774011299435,999,6.52152152152152
657,342,6.49923896499239,6.56140350877193,999,6.52052052052052
651,348,6.50384024577573,6.52298850574713,999,6.51051051051051
649,350,6.5824345146379,6.54285714285714,999,6.56856856856857
652,346,6.56288343558282,6.55491329479769,998,6.56012024048096
644,355,6.6055900621118,6.6,999,6.6036036036036
639,360,6.58841940532081,6.59444444444444,999,6.59059059059059
647,351,6.60123647604328,6.62393162393162,998,6.60921843687375
647,352,6.53786707882535,6.59659090909091,999,6.55855855855856
641,355,6.53510140405616,6.5830985915493,996,6.55220883534137
643,356,6.58164852255054,6.61516853932584,999,6.59359359359359
644,354,6.58074534161491,6.51694915254237,998,6.55811623246493
645,350,6.48372093023256,6.52571428571429,995,6.49849246231156
651,348,6.45929339477727,6.46264367816092,999,6.46046046046046
659,339,6.39908952959029,6.47787610619469,998,6.42585170340681
664,335,6.42469879518072,6.62089552238806,999,6.49049049049049
660,338,6.45151515151515,6.61834319526627,998,6.50801603206413
660,339,6.45909090909091,6.66961651917404,999,6.53053053053053
666,332,6.47447447447447,6.64457831325301,998,6.5310621242485
670,329,6.48358208955224,6.62613981762918,999,6.53053053053053
667,331,6.48125937031484,6.64954682779456,998,6.53707414829659
668,328,6.44311377245509,6.67378048780488,996,6.51907630522088
668,331,6.44011976047904,6.65558912386707,999,6.51151151151151
666,333,6.44444444444444,6.6966966966967,999,6.52852852852853
660,339,6.42878787878788,6.70206489675516,999,6.52152152152152
652,346,6.41257668711656,6.69942196531792,998,6.51202404809619
644,354,6.42391304347826,6.68079096045198,998,6.51503006012024
644,354,6.44409937888199,6.66666666666667,998,6.52304609218437
654,344,6.4388379204893,6.63662790697674,998,6.50701402805611
645,354,6.44806201550388,6.64406779661017,999,6.51751751751752
649,350,6.47611710323575,6.67714285714286,999,6.54654654654655
651,348,6.50384024577573,6.65804597701149,999,6.55755755755756
650,349,6.53538461538462,6.62464183381089,999,6.56656656656657
649,350,6.50693374422188,6.66571428571429,999,6.56256256256256
651,346,6.49769585253456,6.58381502890173,997,6.52758274824473
655,343,6.53282442748092,6.57434402332362,998,6.54709418837675
657,342,6.50989345509893,6.51754385964912,999,6.51251251251251
661,338,6.48108925869894,6.50295857988166,999,6.48848848848849
663,336,6.50377073906486,6.54761904761905,999,6.51851851851852
656,341,6.51067073170732,6.55425219941349,997,6.52557673019057
664,335,6.49548192771084,6.58208955223881,999,6.52452452452452
674,324,6.5,6.59567901234568,998,6.5310621242485
669,329,6.4678624813154,6.57446808510638,998,6.50300601202405
672,326,6.48809523809524,6.63803680981595,998,6.53707414829659
677,322,6.46233382570162,6.62111801242236,999,6.51351351351351
673,326,6.46508172362556,6.68098159509202,999,6.53553553553554
671,328,6.45603576751118,6.72560975609756,999,6.54454454454454
664,335,6.47590361445783,6.66865671641791,999,6.54054054054054
664,335,6.49548192771084,6.71641791044776,999,6.56956956956957
657,342,6.54490106544901,6.70175438596491,999,6.5985985985986
668,331,6.49700598802395,6.73716012084592,999,6.57657657657658
671,328,6.47839046199702,6.79268292682927,999,6.58158158158158
674,324,6.48961424332344,6.77777777777778,998,6.58316633266533
670,328,6.48805970149254,6.72865853658537,998,6.56713426853707
669,329,6.47234678624813,6.74772036474164,998,6.56312625250501
668,330,6.47305389221557,6.73333333333333,998,6.55911823647295
665,330,6.46315789473684,6.73030303030303,995,6.55175879396985
664,335,6.5,6.74328358208955,999,6.58158158158158
657,340,6.50228310502283,6.71764705882353,997,6.57572718154463
660,339,6.51212121212121,6.69616519174041,999,6.57457457457457
659,338,6.4597875569044,6.70118343195266,997,6.54162487462387
653,345,6.43950995405819,6.8,998,6.56412825651303
657,341,6.43683409436834,6.74780058651026,998,6.54308617234469
657,342,6.46423135464231,6.78362573099415,999,6.57357357357357
651,348,6.47772657450077,6.83620689655172,999,6.6026026026026
649,349,6.46224961479199,6.90830945558739,998,6.61823647294589
653,346,6.45176110260337,6.90173410404624,999,6.60760760760761
653,345,6.47779479326187,6.88985507246377,998,6.62024048096192
661,338,6.43419062027231,6.82840236686391,999,6.56756756756757
666,332,6.47597597597598,6.84036144578313,998,6.59719438877756
668,331,6.46107784431138,6.76737160120846,999,6.56256256256256
675,322,6.41037037037037,6.72981366459627,997,6.5135406218656
671,328,6.33084947839046,6.67378048780488,999,6.44344344344344
670,329,6.32985074626866,6.62613981762918,999,6.42742742742743
665,334,6.30977443609023,6.58682634730539,999,6.4024024024024
664,334,6.30421686746988,6.56586826347305,998,6.39178356713427
661,337,6.29803328290469,6.58456973293769,998,6.39478957915832
662,337,6.27945619335347,6.57270029673591,999,6.37837837837838
671,328,6.30849478390462,6.625,999,6.41241241241241
670,328,6.34776119402985,6.66158536585366,998,6.45090180360721
673,324,6.34026745913819,6.67901234567901,997,6.45035105315948
679,320,6.34462444771723,6.721875,999,6.46546546546547
674,325,6.36646884272997,6.72,999,6.48148148148148
671,327,6.35171385991058,6.71865443425076,998,6.47194388777555
674,324,6.30712166172107,6.76543209876543,998,6.45591182364729
677,321,6.31610044313146,6.78816199376947,998,6.46793587174349
678,321,6.35103244837758,6.78816199376947,999,6.49149149149149
677,322,6.34416543574594,6.74844720496894,999,6.47447447447447
675,324,6.30962962962963,6.70987654320988,999,6.43943943943944
665,334,6.29172932330827,6.67964071856287,999,6.42142142142142
662,335,6.23262839879154,6.6865671641791,997,6.3851554663992
671,328,6.24590163934426,6.6859756097561,999,6.39039039039039
666,332,6.22072072072072,6.65361445783132,998,6.36472945891784
660,338,6.21060606060606,6.67455621301775,998,6.36773547094188
658,341,6.21580547112462,6.63636363636364,999,6.35935935935936
654,342,6.18960244648318,6.63450292397661,996,6.34236947791165
653,346,6.20061255742726,6.60982658959538,999,6.34234234234234
656,342,6.22865853658537,6.61988304093567,998,6.3627254509018
660,338,6.20757575757576,6.63905325443787,998,6.35370741482966
666,333,6.19069069069069,6.65765765765766,999,6.34634634634635
666,333,6.23273273273273,6.65165165165165,999,6.37237237237237
669,330,6.28550074738416,6.66666666666667,999,6.41141141141141
676,323,6.24112426035503,6.6656346749226,999,6.37837837837838
671,328,6.20864381520119,6.6280487804878,999,6.34634634634635
680,316,6.24558823529412,6.53481012658228,996,6.33734939759036
679,319,6.30486008836524,6.47021943573668,998,6.35771543086172
679,320,6.33873343151694,6.478125,999,6.38338338338338
688,310,6.2703488372093,6.58387096774194,998,6.36773547094188
686,313,6.3002915451895,6.61661341853035,999,6.3993993993994
686,313,6.30174927113703,6.5814696485623,999,6.38938938938939
685,313,6.33138686131387,6.60063897763578,998,6.41583166332665
694,304,6.35446685878963,6.53947368421053,998,6.41082164328657
691,307,6.32850940665702,6.55048859934853,998,6.39679358717435
686,313,6.27842565597668,6.53354632587859,999,6.35835835835836
688,311,6.18168604651163,6.44051446945338,999,6.26226226226226
688,309,6.17732558139535,6.42394822006472,997,6.25376128385155
690,309,6.18695652173913,6.46601941747573,999,6.27327327327327
697,300,6.21090387374462,6.43333333333333,997,6.2778335005015
690,307,6.20579710144928,6.42671009771987,997,6.27382146439318
696,303,6.23132183908046,6.35643564356436,999,6.26926926926927
686,312,6.26239067055394,6.34615384615385,998,6.28857715430862
683,316,6.28404099560761,6.25949367088608,999,6.27627627627628
688,310,6.25290697674419,6.27096774193548,998,6.25851703406814
688,310,6.24273255813953,6.27741935483871,998,6.25350701402806
686,312,6.2798833819242,6.33653846153846,998,6.29759519038076
677,322,6.30871491875923,6.31366459627329,999,6.31031031031031
669,328,6.33183856502242,6.35060975609756,997,6.33801404212638
673,325,6.38187221396731,6.34769230769231,998,6.37074148296593
680,319,6.43235294117647,6.29153605015674,999,6.38738738738739
680,319,6.44558823529412,6.31347962382445,999,6.4034034034034
689,310,6.45573294629898,6.2741935483871,999,6.3993993993994
687,311,6.46288209606987,6.30868167202572,998,6.41482965931864
679,319,6.4300441826215,6.38871473354232,998,6.41683366733467
677,322,6.43131462333826,6.3695652173913,999,6.41141141141141
670,329,6.43283582089552,6.41033434650456,999,6.42542542542543
672,326,6.39285714285714,6.39570552147239,998,6.3937875751503
672,326,6.35714285714286,6.38650306748466,998,6.36673346693387
672,327,6.34077380952381,6.45871559633028,999,6.37937937937938
673,325,6.30163447251114,6.51076923076923,998,6.36973947895792
672,325,6.35565476190476,6.49846153846154,997,6.40220661985958
679,317,6.41384388807069,6.47318611987382,996,6.43273092369478
683,315,6.43631039531479,6.48571428571429,998,6.45190380761523
685,314,6.44817518248175,6.55732484076433,999,6.48248248248248
687,311,6.4061135371179,6.64630225080386,998,6.48096192384769
685,314,6.33576642335766,6.67515923566879,999,6.44244244244244
682,317,6.4266862170088,6.79179810725552,999,6.54254254254254
680,319,6.43382352941176,6.74294670846395,999,6.53253253253253
675,323,6.48592592592593,6.79566563467492,998,6.58617234468938
668,331,6.48952095808383,6.797583081571,999,6.59159159159159
669,329,6.52466367713004,6.79635258358663,998,6.61422845691383
665,334,6.48721804511278,6.76946107784431,999,6.58158158158158
662,335,6.50906344410876,6.77611940298507,997,6.5987963891675
667,331,6.45877061469265,6.78549848942598,998,6.56713426853707
664,335,6.45933734939759,6.81492537313433,999,6.57857857857858
660,339,6.46515151515151,6.76401179941003,999,6.56656656656657
658,340,6.4483282674772,6.78235294117647,998,6.56212424849699
656,342,6.41310975609756,6.75438596491228,998,6.53006012024048
661,338,6.3661119515885,6.80473372781065,999,6.51451451451451
658,341,6.40729483282675,6.80938416422287,999,6.54454454454454
650,349,6.41538461538462,6.78510028653295,999,6.54454454454454
647,351,6.40185471406491,6.78062678062678,998,6.53507014028056
649,347,6.42989214175655,6.76368876080692,996,6.54618473895582
645,352,6.3953488372093,6.69034090909091,997,6.49949849548646
655,343,6.40763358778626,6.77842565597668,998,6.53507014028056
653,345,6.37212863705972,6.79420289855072,998,6.51803607214429
651,348,6.37019969278034,6.72126436781609,999,6.49249249249249
654,343,6.3914373088685,6.7463556851312,997,6.5135406218656
659,340,6.37784522003035,6.79411764705882,999,6.51951951951952
666,333,6.40990990990991,6.74474474474474,999,6.52152152152152
668,330,6.3937125748503,6.75151515151515,998,6.51202404809619
663,335,6.39366515837104,6.74925373134328,998,6.51302605210421
660,339,6.44393939393939,6.8141592920354,999,6.56956956956957
656,343,6.44817073170732,6.80174927113703,999,6.56956956956957
665,334,6.43759398496241,6.88023952095808,999,6.58558558558559
667,331,6.50824587706147,6.76435045317221,998,6.59318637274549
662,336,6.43353474320242,6.67261904761905,998,6.51402805611222
664,334,6.42319277108434,6.67964071856287,998,6.50901803607214
669,330,6.42750373692078,6.8,999,6.55055055055055
670,327,6.34925373134328,6.7217125382263,997,6.47141424272818
677,322,6.33087149187592,6.77018633540373,999,6.47247247247247
672,326,6.31994047619048,6.76380368098159,998,6.46492985971944
671,328,6.39344262295082,6.67378048780488,999,6.48548548548549
672,327,6.32440476190476,6.65137614678899,999,6.43143143143143
682,317,6.32404692082111,6.63091482649842,999,6.42142142142142
674,323,6.34569732937685,6.69040247678019,997,6.45737211634905
669,329,6.36023916292975,6.67173252279635,998,6.46292585170341
665,334,6.38195488721805,6.68562874251497,999,6.48348348348348
663,336,6.37556561085973,6.68154761904762,999,6.47847847847848
661,338,6.3767019667171,6.66863905325444,999,6.47547547547548
661,338,6.29349470499244,6.64497041420118,999,6.41241241241241
667,332,6.28485757121439,6.67168674698795,999,6.41341341341341
667,329,6.2623688155922,6.65045592705167,996,6.39056224899598
674,325,6.22403560830861,6.57230769230769,999,6.33733733733734
673,325,6.21248142644874,6.56615384615385,998,6.32765531062124
683,315,6.2796486090776,6.63174603174603,998,6.39078156312625
688,310,6.31104651162791,6.64516129032258,998,6.41482965931864
690,307,6.38550724637681,6.63843648208469,997,6.46339017051153
690,308,6.38115942028985,6.62337662337662,998,6.45591182364729
690,309,6.35942028985507,6.59546925566343,999,6.43243243243243
684,315,6.34649122807018,6.6,999,6.42642642642643
688,310,6.36046511627907,6.58709677419355,998,6.43086172344689
691,307,6.37047756874095,6.56026058631922,998,6.42885771543086
686,311,6.37172011661808,6.64951768488746,997,6.45837512537613
693,304,6.37662337662338,6.67105263157895,997,6.46639919759278
688,307,6.44476744186047,6.62866449511401,995,6.50150753768844
685,311,6.46423357664234,6.53697749196141,996,6.48694779116466
685,314,6.44087591240876,6.55095541401274,999,6.47547547547548
686,313,6.43294460641399,6.55591054313099,999,6.47147147147147
688,310,6.47383720930233,6.49354838709677,998,6.47995991983968
688,310,6.49273255813953,6.48709677419355,998,6.49098196392786
691,308,6.47612156295224,6.53571428571429,999,6.49449449449449
690,308,6.51449275362319,6.58116883116883,998,6.53507014028056
685,313,6.51678832116788,6.5814696485623,998,6.53707414829659
685,313,6.54160583941606,6.63897763578275,998,6.57214428857715
695,303,6.57697841726619,6.58415841584158,998,6.57915831663327
687,312,6.56331877729258,6.55769230769231,999,6.56156156156156
686,312,6.59766763848396,6.4775641025641,998,6.56012024048096
693,306,6.58441558441558,6.55882352941176,999,6.57657657657658
693,306,6.52958152958153,6.61437908496732,999,6.55555555555556
685,312,6.55912408759124,6.56730769230769,997,6.5616850551655
688,310,6.53488372093023,6.58387096774194,998,6.5501002004008
682,317,6.56451612903226,6.56782334384858,999,6.56556556556557
672,325,6.48809523809524,6.55692307692308,997,6.51053159478435
673,325,6.45022288261516,6.52923076923077,998,6.47595190380762
664,335,6.4066265060241,6.52835820895522,999,6.44744744744745
657,341,6.40943683409437,6.5366568914956,998,6.45290581162325
658,341,6.40729483282675,6.5366568914956,999,6.45145145145145
649,348,6.42835130970724,6.57471264367816,997,6.47943831494483
653,346,6.46860643185299,6.54046242774566,999,6.49349349349349
651,348,6.50384024577573,6.53448275862069,999,6.51451451451451
661,338,6.51134644478064,6.51775147928994,999,6.51351351351351
649,349,6.48536209553159,6.49283667621776,998,6.48797595190381
651,348,6.47465437788018,6.50862068965517,999,6.48648648648649
658,341,6.51215805471125,6.59237536656892,999,6.53953953953954
657,342,6.49010654490107,6.5906432748538,999,6.52452452452452
662,337,6.49848942598187,6.53412462908012,999,6.51051051051051
659,339,6.51289833080425,6.44837758112094,998,6.49098196392786
664,335,6.49698795180723,6.45373134328358,999,6.48248248248248
662,337,6.51812688821752,6.51038575667656,999,6.51551551551552
671,327,6.46348733233979,6.55963302752294,998,6.49498997995992
666,332,6.46246246246246,6.58734939759036,998,6.50400801603206
674,324,6.45845697329377,6.60493827160494,998,6.5060120240481
671,328,6.4575260804769,6.57012195121951,999,6.49449449449449
664,335,6.47138554216868,6.57014925373134,999,6.5045045045045
651,348,6.48694316436252,6.70402298850575,999,6.56256256256256
652,346,6.51533742331288,6.65606936416185,998,6.56412825651303
654,345,6.48470948012232,6.67826086956522,999,6.55155155155155
651,348,6.45468509984639,6.65804597701149,999,6.52552552552553
652,345,6.44938650306749,6.68115942028986,997,6.5295887662989
650,348,6.46,6.72413793103448,998,6.55210420841683
640,357,6.465625,6.76750700280112,997,6.57372116349047
646,351,6.48452012383901,6.87179487179487,997,6.62086258776329
654,344,6.46177370030581,6.84302325581395,998,6.59318637274549
656,343,6.48170731707317,6.88338192419825,999,6.61961961961962
651,346,6.46236559139785,6.86127167630058,997,6.60080240722167
661,338,6.41452344931921,6.81656804733728,999,6.55055055055055
663,335,6.42986425339367,6.87164179104478,998,6.57815631262525
671,327,6.39493293591654,6.87461773700306,998,6.55210420841683
678,318,6.45427728613569,6.88364779874214,996,6.59136546184739
672,326,6.46875,6.90490797546012,998,6.61122244488978
674,323,6.51186943620178,6.86687306501548,997,6.62688064192578
663,334,6.4630467571644,6.88922155688623,997,6.60581745235707
662,337,6.43202416918429,6.79821958456973,999,6.55555555555556
665,333,6.4406015037594,6.7957957957958,998,6.55911823647295
671,328,6.41579731743666,6.76219512195122,999,6.52952952952953
669,329,6.42301943198804,6.77811550151976,998,6.54008016032064
672,326,6.43601190476191,6.73006134969325,998,6.53206412825651
661,338,6.44175491679274,6.7396449704142,999,6.54254254254254
667,332,6.39730134932534,6.70481927710843,999,6.4994994994995
664,334,6.40963855421687,6.66766467065868,998,6.49599198396794
673,326,6.39970282317979,6.70552147239264,999,6.4994994994995
674,325,6.36646884272997,6.75076923076923,999,6.49149149149149
669,329,6.33333333333333,6.74164133738602,998,6.46793587174349
672,326,6.33333333333333,6.75460122699386,998,6.47094188376754
665,333,6.3218045112782,6.72972972972973,998,6.45791583166333
667,331,6.34932533733133,6.63444108761329,998,6.4438877755511
660,339,6.35757575757576,6.64601769911504,999,6.45545545545546
666,333,6.3978978978979,6.66966966966967,999,6.48848848848849
667,330,6.38530734632684,6.68484848484848,997,6.48445336008024
680,319,6.38970588235294,6.77742946708464,999,6.51351351351351
672,327,6.47767857142857,6.79816513761468,999,6.58258258258258
668,327,6.56287425149701,6.782874617737,995,6.63517587939698
672,326,6.58482142857143,6.68711656441718,998,6.61823647294589
679,320,6.54050073637702,6.64375,999,6.57357357357357
673,324,6.5482912332838,6.65123456790123,997,6.58174523570712
676,322,6.4896449704142,6.64906832298137,998,6.54108216432866
667,331,6.49625187406297,6.68277945619335,998,6.55811623246493
663,336,6.47963800904977,6.60416666666667,999,6.52152152152152
673,325,6.42496285289747,6.56307692307692,998,6.46993987975952
672,327,6.40029761904762,6.54128440366972,999,6.44644644644645
667,330,6.34632683658171,6.54545454545455,997,6.41223671013039
668,330,6.3877245508982,6.58787878787879,998,6.45390781563126
667,332,6.4167916041979,6.50602409638554,999,6.44644644644645
665,334,6.42255639097744,6.49700598802395,999,6.44744744744745
670,329,6.45820895522388,6.59270516717325,999,6.5025025025025
670,329,6.45970149253731,6.62917933130699,999,6.51551551551552
658,341,6.41945288753799,6.59237536656892,999,6.47847847847848
663,336,6.41478129713424,6.51190476190476,999,6.44744744744745
655,343,6.44274809160305,6.55102040816327,998,6.47995991983968
657,341,6.43074581430746,6.6099706744868,998,6.49198396793587
653,346,6.47166921898928,6.69364161849711,999,6.54854854854855
652,347,6.4340490797546,6.72046109510086,999,6.53353353353353
658,340,6.46504559270517,6.66764705882353,998,6.53406813627254
649,349,6.3959938366718,6.50716332378224,998,6.43486973947896
649,350,6.37596302003082,6.61142857142857,999,6.45845845845846
651,347,6.39938556067588,6.63688760806916,998,6.48196392785571
644,354,6.42701863354037,6.65254237288136,998,6.50701402805611
649,349,6.39291217257319,6.69627507163324,998,6.49899799599198
649,350,6.3713405238829,6.71142857142857,999,6.49049049049049
645,353,6.4015503875969,6.77337110481586,998,6.53306613226453
648,351,6.40277777777778,6.73789173789174,999,6.52052052052052
657,342,6.37442922374429,6.66959064327485,999,6.47547547547548
659,337,6.38239757207891,6.70623145400593,996,6.49196787148594
665,333,6.37593984962406,6.70570570570571,998,6.48597194388778
657,342,6.33637747336377,6.69590643274854,999,6.45945945945946
644,354,6.32919254658385,6.7316384180791,998,6.47194388777555
645,354,6.32558139534884,6.79378531073446,999,6.49149149149149
649,350,6.26810477657935,6.82,999,6.46146146146146
648,350,6.26234567901235,6.79142857142857,998,6.44789579158317
644,354,6.27639751552795,6.79378531073446,998,6.45991983967936
647,352,6.3338485316847,6.85795454545455,999,6.51851851851852
653,346,6.36600306278714,6.82080924855491,999,6.52352352352352
639,358,6.32550860719875,6.77374301675978,997,6.4864593781344
640,358,6.3078125,6.70949720670391,998,6.45190380761523
638,361,6.31191222570533,6.69806094182826,999,6.45145145145145
627,372,6.3859649122807,6.73118279569892,999,6.51451451451451
632,366,6.34810126582278,6.69398907103825,998,6.4749498997996
625,374,6.2736,6.74064171122995,999,6.44844844844845
624,375,6.33974358974359,6.66933333333333,999,6.46346346346346
622,377,6.32315112540193,6.6816976127321,999,6.45845845845846
618,381,6.33656957928803,6.69553805774278,999,6.47347347347347
633,365,6.38072669826224,6.6958904109589,998,6.49599198396794
629,367,6.29252782193959,6.68392370572207,996,6.43674698795181
617,381,6.24959481361426,6.70603674540682,998,6.42384769539078
622,373,6.21864951768489,6.68364611260054,995,6.3929648241206
630,369,6.25555555555556,6.68834688346884,999,6.41541541541542
624,374,6.29166666666667,6.77272727272727,998,6.47194388777555
626,372,6.28434504792332,6.8252688172043,998,6.48597194388778
629,368,6.25914149443561,6.74728260869565,997,6.43931795386158
627,371,6.26794258373206,6.7466307277628,998,6.44589178356713
629,369,6.30683624801272,6.68021680216802,998,6.44488977955912
634,363,6.28864353312303,6.71900826446281,997,6.44533600802407
644,355,6.29503105590062,6.67042253521127,999,6.42842842842843
630,368,6.3031746031746,6.70108695652174,998,6.4498997995992
628,370,6.35828025477707,6.69189189189189,998,6.48196392785571
635,364,6.35748031496063,6.70054945054945,999,6.48248248248248
630,369,6.37301587301587,6.71544715447155,999,6.4994994994995
633,366,6.37598736176935,6.72131147540984,999,6.5025025025025
640,358,6.3421875,6.76815642458101,998,6.49498997995992
638,361,6.32288401253918,6.76454293628809,999,6.48248248248248
632,366,6.26582278481013,6.73224043715847,998,6.43687374749499
628,369,6.23885350318471,6.67208672086721,997,6.39919759277833
629,370,6.16693163751987,6.74594594594595,999,6.38138138138138
629,370,6.19713831478537,6.75135135135135,999,6.4024024024024
625,371,6.2176,6.75202156334232,996,6.41666666666667
630,368,6.17142857142857,6.73369565217391,998,6.37875751503006
631,368,6.20443740095087,6.78532608695652,999,6.41841841841842
633,365,6.19747235387046,6.73698630136986,998,6.39478957915832
639,360,6.21596244131455,6.71388888888889,999,6.3953953953954
631,367,6.23930269413629,6.73297002724796,998,6.42084168336673
635,363,6.23622047244094,6.73278236914601,998,6.41683366733467
630,368,6.27460317460317,6.73369565217391,998,6.4438877755511
633,365,6.2654028436019,6.73150684931507,998,6.43587174348697
627,371,6.28708133971292,6.74393530997305,998,6.45691382765531
633,364,6.27014218009479,6.74175824175824,997,6.44232698094283
639,359,6.22691705790297,6.6908077994429,998,6.3937875751503
645,354,6.23410852713178,6.64124293785311,999,6.37837837837838
640,358,6.2484375,6.62290502793296,998,6.38276553106212
652,347,6.25613496932515,6.57060518731988,999,6.36536536536537
655,344,6.20458015267176,6.54651162790698,999,6.32232232232232
649,347,6.17257318952234,6.53025936599424,996,6.29718875502008
656,343,6.15548780487805,6.45481049562682,999,6.25825825825826
660,338,6.19090909090909,6.47041420118343,998,6.28557114228457
653,346,6.18683001531394,6.55780346820809,999,6.31531531531532
652,346,6.20858895705521,6.51734104046243,998,6.31563126252505
657,342,6.27853881278539,6.55847953216374,999,6.37437437437437
656,343,6.23018292682927,6.55102040816327,999,6.34034034034034
651,348,6.23195084485407,6.55172413793103,999,6.34334334334334
657,340,6.25418569254186,6.57647058823529,997,6.36409227683049
649,348,6.29121725731895,6.60919540229885,997,6.40220661985958
657,342,6.24809741248097,6.62865497076023,999,6.37837837837838
655,342,6.25343511450382,6.73391812865497,997,6.41825476429288
654,344,6.23241590214067,6.80813953488372,998,6.43086172344689
657,342,6.21765601217656,6.73391812865497,999,6.39439439439439
644,354,6.26708074534162,6.7090395480226,998,6.42384769539078
635,362,6.26614173228346,6.69060773480663,997,6.42026078234704
632,367,6.34651898734177,6.70844686648501,999,6.47947947947948
629,369,6.34181240063593,6.77235772357724,998,6.50100200400802
632,365,6.37025316455696,6.75616438356164,997,6.51153460381143
631,368,6.36925515055468,6.77717391304348,999,6.51951951951952
637,360,6.35792778649922,6.79444444444444,997,6.51554663991976
634,365,6.36435331230284,6.84657534246575,999,6.54054054054054
627,372,6.4066985645933,6.8494623655914,999,6.57157157157157
628,371,6.38375796178344,6.80053908355795,999,6.53853853853854
627,372,6.40350877192982,6.81720430107527,999,6.55755755755756
621,377,6.43478260869565,6.78779840848806,998,6.56813627254509
608,391,6.31578947368421,6.79539641943734,999,6.5035035035035
598,400,6.3428093645485,6.775,998,6.51603206412826
594,403,6.34343434343434,6.7394540942928,997,6.50351053159478
590,407,6.38983050847458,6.69041769041769,997,6.51253761283852
595,404,6.34453781512605,6.71782178217822,999,6.4954954954955
597,402,6.39530988274707,6.79601990049751,999,6.55655655655656
609,390,6.376026272578,6.81282051282051,999,6.54654654654655
600,395,6.38333333333333,6.88607594936709,995,6.58291457286432
603,396,6.36318407960199,6.86111111111111,999,6.56056056056056
596,403,6.36577181208054,6.83622828784119,999,6.55555555555556
593,406,6.29173693086003,6.83990147783251,999,6.51451451451451
592,407,6.27533783783784,6.78132678132678,999,6.48148148148148
591,407,6.3248730964467,6.75429975429975,998,6.5
591,407,6.31302876480541,6.76904176904177,998,6.49899799599198
586,413,6.31569965870307,6.7046004842615,999,6.47647647647648
588,410,6.35544217687075,6.6780487804878,998,6.48797595190381
582,417,6.43470790378007,6.71462829736211,999,6.55155155155155
581,418,6.42685025817556,6.70095693779904,999,6.54154154154154
579,420,6.48186528497409,6.66428571428571,999,6.55855855855856
579,417,6.47495682210708,6.62589928057554,996,6.53815261044177
586,412,6.44539249146758,6.62621359223301,998,6.52004008016032
589,407,6.47368421052632,6.6044226044226,996,6.52710843373494
592,407,6.52533783783784,6.62407862407862,999,6.56556556556557
590,409,6.50169491525424,6.71149144254279,999,6.58758758758759
596,403,6.46979865771812,6.74441687344913,999,6.58058058058058
597,401,6.43886097152429,6.7431421446384,998,6.56112224448898
597,400,6.45393634840871,6.73,997,6.56469408224674
606,391,6.47194719471947,6.74424552429667,997,6.57873620862588
603,395,6.47927031509121,6.72658227848101,998,6.57715430861723
600,397,6.435,6.76826196473552,997,6.56770310932798
591,407,6.4077834179357,6.78869778869779,998,6.56312625250501
588,411,6.44727891156463,6.79075425790754,999,6.58858858858859
581,417,6.40963855421687,6.79616306954436,998,6.57114228456914
584,413,6.3972602739726,6.76997578692494,997,6.55165496489468
591,405,6.43993231810491,6.77777777777778,996,6.57730923694779
584,414,6.42808219178082,6.85265700483092,998,6.60420841683367
584,414,6.41438356164384,6.92270531400966,998,6.625250501002
593,406,6.44350758853288,6.9064039408867,999,6.63163163163163
583,415,6.45797598627787,6.89397590361446,998,6.63927855711423
576,423,6.53645833333333,6.87706855791962,999,6.68068068068068
586,413,6.57849829351536,6.8861985472155,999,6.70570570570571
587,411,6.51788756388416,6.90997566909976,998,6.67935871743487
583,415,6.5008576329331,6.87710843373494,998,6.65731462925852
582,415,6.52920962199313,6.88433734939759,997,6.67703109327984
573,425,6.49912739965096,6.84470588235294,998,6.64629258517034
565,433,6.49380530973451,6.76674364896074,998,6.6122244488978
575,423,6.49565217391304,6.81796690307329,998,6.63226452905812
579,419,6.45077720207254,6.76610978520286,998,6.58316633266533
579,419,6.41278065630397,6.81145584725537,998,6.58016032064128
580,419,6.33620689655172,6.81145584725537,999,6.53553553553554
585,412,6.34358974358974,6.84708737864078,997,6.55165496489468
582,415,6.36941580756014,6.81927710843374,997,6.55667001003009
582,417,6.32989690721649,6.78657074340528,999,6.52052052052052
584,415,6.29965753424658,6.71325301204819,999,6.47147147147147
583,415,6.30874785591767,6.73975903614458,998,6.48797595190381
591,408,6.34348561759729,6.77450980392157,999,6.51951951951952
583,416,6.35849056603774,6.77163461538461,999,6.53053053053053
572,425,6.40559440559441,6.77647058823529,997,6.56369107321966
573,426,6.36649214659686,6.76525821596244,999,6.53653653653654
568,429,6.4137323943662,6.78088578088578,997,6.57171514543631
563,435,6.39076376554174,6.77011494252874,998,6.5561122244489
563,434,6.41030195381883,6.76267281105991,997,6.56369107321966
567,432,6.38095238095238,6.71527777777778,999,6.52552552552553
563,434,6.38898756660746,6.7741935483871,997,6.55667001003009
562,437,6.34341637010676,6.79176201372998,999,6.53953953953954
561,438,6.31550802139037,6.77168949771689,999,6.51551551551552
555,443,6.32972972972973,6.79683972911964,998,6.53707414829659
552,446,6.30434782608696,6.847533632287,998,6.54709418837675
548,450,6.3485401459854,6.87555555555556,998,6.58617234468938
548,451,6.32846715328467,6.87361419068736,999,6.57457457457457
546,452,6.35531135531135,6.72566371681416,998,6.52304609218437
543,454,6.29650092081031,6.76872246696035,997,6.51153460381143
546,452,6.25091575091575,6.70796460176991,998,6.45791583166333
548,451,6.28832116788321,6.6430155210643,999,6.44844844844845
534,463,6.24531835205993,6.67602591792657,997,6.44533600802407
530,469,6.25094339622641,6.65031982942431,999,6.43843843843844
534,463,6.22846441947566,6.67818574514039,997,6.43731193580742
531,468,6.25423728813559,6.66666666666667,999,6.44744744744745
517,482,6.21083172147002,6.59336099585062,999,6.3953953953954
512,486,6.189453125,6.61728395061728,998,6.39779559118236
502,496,6.18326693227092,6.57661290322581,998,6.37875751503006
500,499,6.252,6.48496993987976,999,6.36836836836837
489,510,6.27811860940695,6.51176470588235,999,6.3973973973974
487,512,6.25256673511294,6.564453125,999,6.41241241241241
495,503,6.25252525252525,6.60039761431412,998,6.42785571142285
488,511,6.30122950819672,6.56751467710372,999,6.43743743743744
482,516,6.26970954356846,6.57751937984496,998,6.42885771543086
490,509,6.30408163265306,6.60117878192534,999,6.45545545545546
479,520,6.40083507306889,6.55192307692308,999,6.47947947947948
478,519,6.46025104602511,6.6281310211946,997,6.54764292878636
483,516,6.36645962732919,6.66472868217054,999,6.52052052052052
485,513,6.34226804123711,6.7037037037037,998,6.52805611222445
486,513,6.28395061728395,6.74074074074074,999,6.51851851851852
494,505,6.38259109311741,6.6970297029703,999,6.54154154154154
484,514,6.36776859504132,6.70622568093385,998,6.54208416833667
483,515,6.36645962732919,6.71650485436893,998,6.54709418837675
480,519,6.41666666666667,6.70327552986513,999,6.56556556556557
488,511,6.39344262295082,6.65557729941292,999,6.52752752752753
488,511,6.48155737704918,6.60469667318982,999,6.54454454454454
489,510,6.4519427402863,6.63333333333333,999,6.54454454454454
489,510,6.44376278118609,6.67058823529412,999,6.55955955955956
487,511,6.43326488706365,6.70058708414873,998,6.57014028056112
493,505,6.46855983772819,6.71485148514851,998,6.59318637274549
492,507,6.51829268292683,6.7120315581854,999,6.61661661661662
495,502,6.5010101010101,6.77490039840637,997,6.63891675025075
490,509,6.46734693877551,6.78192534381139,999,6.62762762762763
488,508,6.52868852459016,6.75,996,6.64156626506024
502,496,6.46613545816733,6.71975806451613,998,6.59218436873747
506,493,6.44861660079051,6.72819472616633,999,6.58658658658659
509,490,6.38506876227898,6.73673469387755,999,6.55755755755756
515,484,6.37281553398058,6.66322314049587,999,6.51351351351351
504,493,6.36111111111111,6.68965517241379,997,6.52357071213641
516,481,6.42829457364341,6.65904365904366,997,6.53961885656971
520,479,6.44615384615385,6.68893528183716,999,6.56256256256256
521,477,6.46449136276392,6.70649895178197,998,6.58016032064128
522,476,6.45402298850575,6.61974789915966,998,6.53306613226453
533,466,6.39399624765478,6.63090128755365,999,6.5045045045045
531,467,6.3879472693032,6.62955032119914,998,6.50100200400802
523,476,6.37093690248566,6.60504201680672,999,6.48248248248248
525,472,6.34857142857143,6.61864406779661,997,6.47642928786359
526,473,6.33650190114068,6.66384778012685,999,6.49149149149149
523,475,6.282982791587,6.63368421052632,998,6.4498997995992
516,483,6.30426356589147,6.7184265010352,999,6.5045045045045
524,475,6.33396946564886,6.72421052631579,999,6.51951951951952
535,464,6.32523364485981,6.76939655172414,999,6.53153153153153
526,473,6.38593155893536,6.74630021141649,999,6.55655655655656
526,472,6.34980988593156,6.77966101694915,998,6.55310621242485
529,469,6.32703213610586,6.74626865671642,998,6.52404809619238
523,473,6.35372848948375,6.76109936575053,996,6.54718875502008
528,471,6.35984848484848,6.70700636942675,999,6.52352352352352
527,471,6.35294117647059,6.70488322717622,998,6.51903807615231
524,475,6.33396946564886,6.68631578947368,999,6.5015015015015
520,478,6.31346153846154,6.63179916317992,998,6.46593186372746
517,480,6.3384912959381,6.57083333333333,997,6.45035105315948
519,480,6.32947976878613,6.51875,999,6.42042042042042
517,480,6.29593810444874,6.55208333333333,997,6.41925777331996
512,486,6.291015625,6.57407407407407,998,6.42885771543086
516,482,6.2906976744186,6.62240663900415,998,6.45090180360721
512,486,6.3125,6.62345679012346,998,6.46392785571142
524,475,6.22900763358779,6.60421052631579,999,6.40740740740741
523,476,6.26195028680688,6.60504201680672,999,6.42542542542543
516,482,6.30232558139535,6.65767634854772,998,6.47394789579158
506,493,6.26877470355731,6.6369168356998,999,6.45045045045045
504,495,6.31547619047619,6.65050505050505,999,6.48148148148148
507,491,6.26824457593688,6.69857433808554,998,6.47995991983968
511,487,6.22113502935421,6.63039014373717,998,6.42084168336673
511,488,6.22700587084149,6.71311475409836,999,6.46446446446446
505,492,6.23564356435644,6.69308943089431,997,6.46138415245737
514,485,6.18093385214008,6.67216494845361,999,6.41941941941942
503,496,6.15705765407555,6.70967741935484,999,6.43143143143143
512,485,6.14453125,6.71546391752577,997,6.4222668004012
505,494,6.17623762376238,6.70647773279352,999,6.43843843843844
497,501,6.20523138832998,6.69860279441118,998,6.45290581162325
495,503,6.16969696969697,6.66202783300199,998,6.41783567134269
480,519,6.17916666666667,6.74373795761079,999,6.47247247247247
487,512,6.17659137577002,6.68359375,999,6.43643643643644
478,520,6.18410041841004,6.64615384615385,998,6.4248496993988
479,519,6.24217118997912,6.68208092485549,998,6.47094188376754
493,506,6.22312373225152,6.64624505928854,999,6.43743743743744
485,512,6.17731958762887,6.580078125,997,6.38415245737212
478,521,6.22803347280335,6.55662188099808,999,6.3993993993994
476,523,6.29411764705882,6.5717017208413,999,6.43943943943944
481,517,6.25779625779626,6.58220502901354,998,6.42585170340681
463,534,6.19654427645788,6.5749063670412,997,6.39919759277833
467,532,6.18843683083512,6.55827067669173,999,6.38538538538539
473,526,6.26638477801268,6.58174904942966,999,6.43243243243243
471,528,6.22505307855626,6.55492424242424,999,6.3993993993994
460,539,6.30217391304348,6.59369202226345,999,6.45945945945946
462,534,6.28138528138528,6.58426966292135,996,6.44377510040161
457,541,6.28665207877462,6.62661737523105,998,6.47094188376754
453,546,6.27373068432671,6.63003663003663,999,6.46846846846847
456,543,6.38377192982456,6.60589318600368,999,6.5045045045045
459,540,6.34858387799564,6.63333333333333,999,6.5025025025025
462,537,6.34632034632035,6.62942271880819,999,6.4984984984985
458,540,6.37117903930131,6.58333333333333,998,6.48597194388778
452,547,6.41592920353982,6.58866544789762,999,6.51051051051051
448,551,6.44196428571429,6.56442831215971,999,6.50950950950951
447,551,6.43176733780761,6.63339382940109,998,6.54308617234469
445,554,6.40674157303371,6.62996389891697,999,6.53053053053053
446,553,6.39910313901345,6.62929475587703,999,6.52652652652653
450,548,6.36,6.62408759124088,998,6.50501002004008
446,552,6.40807174887892,6.6195652173913,998,6.5250501002004
436,563,6.47247706422018,6.60746003552398,999,6.54854854854855
441,558,6.42857142857143,6.58064516129032,999,6.51351351351351
438,561,6.42009132420091,6.60427807486631,999,6.52352352352352
448,551,6.37723214285714,6.57350272232305,999,6.48548548548549
437,561,6.32723112128146,6.52406417112299,998,6.43787575150301
446,552,6.29820627802691,6.54166666666667,998,6.43286573146293
451,547,6.29933481152993,6.54478976234004,998,6.43386773547094
445,553,6.38651685393258,6.51356238698011,998,6.45691382765531
437,562,6.35697940503433,6.51779359430605,999,6.44744744744745
436,563,6.38761467889908,6.4955595026643,999,6.44844844844845
433,565,6.3810623556582,6.47610619469027,998,6.43486973947896
440,559,6.42045454545455,6.48837209302326,999,6.45845845845846
442,554,6.44343891402715,6.48194945848375,996,6.464859437751
440,559,6.44545454545455,6.43291592128801,999,6.43843843843844
439,559,6.47835990888383,6.40608228980322,998,6.43787575150301
443,556,6.59367945823928,6.40287769784173,999,6.48748748748749
454,545,6.62995594713656,6.34495412844037,999,6.47447447447447
455,543,6.68131868131868,6.34622467771639,998,6.49899799599198
445,554,6.63595505617978,6.39169675090253,999,6.5005005005005
448,551,6.56919642857143,6.41197822141561,999,6.48248248248248
430,569,6.66279069767442,6.41124780316344,999,6.51951951951952
427,572,6.62529274004684,6.40559440559441,999,6.4994994994995
422,575,6.54502369668246,6.42434782608696,997,6.47542627883651
431,566,6.58932714617169,6.45406360424028,997,6.51253761283852
434,565,6.61290322580645,6.45486725663717,999,6.52352352352352
434,565,6.60138248847926,6.44424778761062,999,6.51251251251251
433,566,6.60739030023095,6.46819787985866,999,6.52852852852853
437,561,6.59496567505721,6.45454545454545,998,6.51603206412826
444,555,6.56306306306306,6.44504504504505,999,6.4974974974975
452,545,6.51327433628319,6.48256880733945,997,6.49648946840522
457,542,6.50984682713348,6.49815498154982,999,6.5035035035035
449,548,6.53229398663697,6.45255474452555,997,6.48846539618857
451,548,6.54323725055432,6.42518248175182,999,6.47847847847848
453,546,6.5673289183223,6.41391941391941,999,6.48348348348348
451,546,6.58093126385809,6.3956043956044,997,6.47943831494483
460,538,6.56086956521739,6.39405204460967,998,6.47094188376754
464,534,6.55172413793103,6.39325842696629,998,6.46693386773547
462,537,6.53030303030303,6.38361266294227,999,6.45145145145145
461,536,6.46637744034707,6.41231343283582,997,6.43731193580742
457,539,6.47702407002188,6.51576994434137,996,6.49799196787149
472,527,6.46610169491525,6.52941176470588,999,6.4994994994995
472,526,6.57203389830508,6.47718631178707,998,6.52204408817635
471,528,6.51380042462845,6.51515151515152,999,6.51451451451451
473,526,6.53488372093023,6.51520912547528,999,6.52452452452452
473,525,6.53488372093023,6.50666666666667,998,6.52004008016032
472,526,6.52542372881356,6.5893536121673,998,6.55911823647295
473,524,6.52008456659619,6.5706106870229,997,6.54663991975928
471,528,6.5307855626327,6.53219696969697,999,6.53153153153153
468,531,6.55982905982906,6.57062146892655,999,6.56556556556557
466,531,6.61802575107296,6.58568738229755,997,6.60080240722167
472,527,6.56779661016949,6.62239089184061,999,6.5965965965966
473,526,6.54756871035941,6.65589353612167,999,6.6046046046046
479,520,6.52400835073069,6.68269230769231,999,6.60660660660661
479,520,6.49060542797495,6.59807692307692,999,6.54654654654655
482,517,6.50414937759336,6.58413926499033,999,6.54554554554555
473,526,6.46934460887949,6.57034220532319,999,6.52252252252252
479,518,6.50521920668058,6.55405405405405,997,6.53059177532598
485,513,6.51958762886598,6.53411306042885,998,6.52705410821643
478,519,6.45397489539749,6.4990366088632,997,6.47743229689067
481,515,6.49064449064449,6.55145631067961,996,6.52208835341365
494,504,6.44736842105263,6.54761904761905,998,6.49799599198397
492,505,6.52032520325203,6.6019801980198,997,6.5616850551655
492,507,6.50406504065041,6.64694280078895,999,6.57657657657658
489,509,6.46216768916155,6.67387033398821,998,6.57014028056112
479,520,6.39248434237996,6.66346153846154,999,6.53353353353353
476,522,6.32773109243697,6.65325670498084,998,6.49799599198397
482,516,6.40041493775934,6.72286821705426,998,6.56713426853707
481,517,6.43451143451143,6.66537717601547,998,6.55410821643287
477,521,6.42976939203354,6.65067178502879,998,6.54509018036072
480,517,6.42291666666667,6.678916827853,997,6.55566700100301
474,524,6.43459915611814,6.64885496183206,998,6.54709418837675
478,519,6.50627615062761,6.68015414258189,997,6.59679037111334
472,527,6.53177966101695,6.66793168880455,999,6.6036036036036
469,528,6.4818763326226,6.69507575757576,997,6.59478435305918
481,517,6.47609147609148,6.66537717601547,998,6.57414829659319
474,523,6.45991561181435,6.74187380497132,997,6.60782347041123
478,521,6.42468619246862,6.77543186180422,999,6.60760760760761
475,524,6.44210526315789,6.66221374045802,999,6.55755755755756
463,534,6.47084233261339,6.62921348314607,997,6.55566700100301
464,535,6.49568965517241,6.64299065420561,999,6.57457457457457
464,533,6.48706896551724,6.62851782363977,997,6.56268806419258
467,530,6.45610278372591,6.68679245283019,997,6.57873620862588
459,540,6.44444444444444,6.62407407407407,999,6.54154154154154
465,534,6.51397849462366,6.59176029962547,999,6.55555555555556
452,547,6.51106194690265,6.54113345521024,999,6.52752752752753
447,552,6.49217002237136,6.59057971014493,999,6.54654654654655
451,548,6.50110864745011,6.52737226277372,999,6.51551551551552
446,552,6.52017937219731,6.54528985507246,998,6.53406813627254
450,548,6.51333333333333,6.4963503649635,998,6.50400801603206
458,540,6.45196506550218,6.45925925925926,998,6.45591182364729
462,537,6.46320346320346,6.4487895716946,999,6.45545545545546
444,553,6.48423423423423,6.50090415913201,997,6.49348044132397
441,558,6.43083900226757,6.51792114695341,999,6.47947947947948
439,560,6.43280182232346,6.54464285714286,999,6.4954954954955
436,563,6.39220183486239,6.60923623445826,999,6.51451451451451
438,561,6.42922374429224,6.5650623885918,999,6.50550550550551
435,564,6.39540229885057,6.59397163120567,999,6.50750750750751
434,565,6.44700460829493,6.54867256637168,999,6.5045045045045
430,569,6.4046511627907,6.55008787346221,999,6.48748748748749
428,570,6.42056074766355,6.55438596491228,998,6.49699398797595
421,578,6.39192399049881,6.58650519031142,999,6.5045045045045
420,577,6.44285714285714,6.59272097053726,997,6.5295887662989
422,577,6.37914691943128,6.61005199306759,999,6.51251251251251
416,583,6.37740384615385,6.60548885077187,999,6.51051051051051
416,582,6.30769230769231,6.62886597938144,998,6.49498997995992
407,591,6.3022113022113,6.62944162436548,998,6.49599198396794
415,584,6.29397590361446,6.5513698630137,999,6.44444444444444
419,579,6.27207637231504,6.573402417962,998,6.44689378757515
410,589,6.17073170731707,6.55687606112054,999,6.3983983983984
409,590,6.17848410757946,6.54745762711864,999,6.3963963963964
406,593,6.21428571428571,6.6070826306914,999,6.44744744744745
