forward_num,reverse_num,forward_rate,reverse_rate,organism_num,organism_rate
5,5,5.0,5.0,10,5.0
5,5,5.0,5.0,10,5.0
5,5,5.0,5.0,10,5.0
6,6,5.33333333333333,5.33333333333333,12,5.33333333333333
7,7,5.42857142857143,5.42857142857143,14,5.42857142857143
8,8,5.375,5.375,16,5.375
11,11,5.54545454545455,5.54545454545455,22,5.54545454545455
14,14,5.42857142857143,5.42857142857143,28,5.42857142857143
14,14,5.42857142857143,5.42857142857143,28,5.42857142857143
20,20,5.7,5.7,40,5.7
20,20,5.7,5.7,40,5.7
26,26,5.61538461538461,5.61538461538461,52,5.61538461538461
34,34,5.94117647058824,5.94117647058824,68,5.94117647058824
38,38,5.84210526315789,5.84210526315789,76,5.84210526315789
48,48,5.75,5.75,96,5.75
64,64,6.0625,6.0625,128,6.0625
68,68,5.94117647058824,5.94117647058824,136,5.94117647058824
92,92,5.8695652173913,5.8695652173913,184,5.8695652173913
124,124,6.16129032258065,6.16129032258065,248,6.16129032258065
124,124,6.16129032258065,6.16129032258065,248,6.16129032258065
124,124,6.16129032258065,6.16129032258065,248,6.16129032258065
248,248,6.16129032258065,6.16129032258065,496,6.16129032258065
248,248,6.16129032258065,6.16129032258065,496,6.16129032258065
248,248,6.16129032258065,6.16129032258065,496,6.16129032258065
440,440,6.38181818181818,6.38181818181818,880,6.38181818181818
472,472,6.28813559322034,6.28813559322034,944,6.28813559322034
512,487,6.25390625,6.217659137577,999,6.23623623623624
521,476,6.28023032629559,6.24159663865546,997,6.2617853560682
512,485,6.2421875,6.25773195876289,997,6.24974924774323
535,463,6.22616822429907,6.207343412527,998,6.21743486973948
543,456,6.25230202578269,6.25219298245614,999,6.25225225225225
535,462,6.1981308411215,6.24242424242424,997,6.21865596790371
535,463,6.23738317757009,6.24622030237581,998,6.24148296593186
536,463,6.23134328358209,6.25701943844492,999,6.24324324324324
522,477,6.22988505747126,6.29140461215933,999,6.25925925925926
522,477,6.23563218390805,6.28301886792453,999,6.25825825825826
544,451,6.29044117647059,6.30155210643016,995,6.29547738693467
524,475,6.2881679389313,6.3221052631579,999,6.3043043043043
525,474,6.28952380952381,6.34388185654008,999,6.31531531531532
539,459,6.36734693877551,6.36601307189542,998,6.36673346693387
537,460,6.35195530726257,6.40217391304348,997,6.37512537612839
533,464,6.30393996247655,6.38146551724138,997,6.34002006018054
547,450,6.31627056672761,6.37777777777778,997,6.34403209628887
533,464,6.28142589118199,6.38146551724138,997,6.32798395185557
535,464,6.31588785046729,6.39870689655172,999,6.35435435435435
552,447,6.30434782608696,6.40268456375839,999,6.34834834834835
548,450,6.29014598540146,6.42888888888889,998,6.35270541082164
540,459,6.29444444444444,6.43790849673203,999,6.36036036036036
549,448,6.30054644808743,6.47321428571429,997,6.37813440320963
544,454,6.28308823529412,6.48678414096916,998,6.37575150300601
537,462,6.27374301675978,6.48701298701299,999,6.37237237237237
525,472,6.26666666666667,6.46610169491525,997,6.36108324974925
525,474,6.28190476190476,6.48101265822785,999,6.37637637637638
525,474,6.27428571428571,6.48101265822785,999,6.37237237237237
532,466,6.26503759398496,6.45922746781116,998,6.35571142284569
531,468,6.29378531073446,6.47222222222222,999,6.37737737737738
526,472,6.29467680608365,6.48728813559322,998,6.38577154308617
529,470,6.27977315689981,6.46595744680851,999,6.36736736736737
533,464,6.28893058161351,6.45905172413793,997,6.36810431293882
523,474,6.30975143403442,6.48523206751055,997,6.39317953861585
522,477,6.34865900383142,6.49266247379455,999,6.41741741741742
515,484,6.34757281553398,6.47314049586777,999,6.40840840840841
517,481,6.34622823984526,6.48648648648649,998,6.41382765531062
519,480,6.35452793834297,6.49583333333333,999,6.42242242242242
527,470,6.35673624288425,6.48085106382979,997,6.41524573721163
520,478,6.36153846153846,6.50418410041841,998,6.42985971943888
518,480,6.36100386100386,6.48958333333333,998,6.42284569138277
514,484,6.3579766536965,6.43595041322314,998,6.39579158316633
507,492,6.37278106508876,6.45121951219512,999,6.41141141141141
518,481,6.36872586872587,6.42411642411642,999,6.3953953953954
512,487,6.337890625,6.4394250513347,999,6.38738738738739
501,497,6.36127744510978,6.43661971830986,998,6.39879759519038
493,506,6.38742393509128,6.44466403162055,999,6.41641641641642
492,506,6.39024390243902,6.42490118577075,998,6.40781563126253
499,500,6.37074148296593,6.412,999,6.39139139139139
513,486,6.39961013645224,6.40123456790123,999,6.4004004004004
508,490,6.41535433070866,6.42857142857143,998,6.42184368737475
507,491,6.38856015779093,6.41751527494908,998,6.40280561122244
509,489,6.41846758349705,6.42331288343558,998,6.42084168336673
507,492,6.42998027613412,6.4369918699187,999,6.43343343343343
501,498,6.42914171656687,6.44176706827309,999,6.43543543543544
504,493,6.41269841269841,6.41176470588235,997,6.41223671013039
505,493,6.43168316831683,6.42393509127789,998,6.42785571142285
504,495,6.43253968253968,6.44242424242424,999,6.43743743743744
511,487,6.43248532289628,6.43121149897331,998,6.43186372745491
515,484,6.45242718446602,6.42561983471074,999,6.43943943943944
506,492,6.45059288537549,6.42479674796748,998,6.43787575150301
507,492,6.43786982248521,6.4369918699187,999,6.43743743743744
508,491,6.47047244094488,6.43584521384929,999,6.45345345345345
508,490,6.46456692913386,6.41836734693878,998,6.44188376753507
504,495,6.44246031746032,6.41010101010101,999,6.42642642642643
509,490,6.42632612966601,6.42448979591837,999,6.42542542542543
503,496,6.43737574552684,6.45564516129032,999,6.44644644644645
491,506,6.43584521384929,6.4604743083004,997,6.44834503510532
494,504,6.45344129554656,6.46825396825397,998,6.46092184368737
490,509,6.45714285714286,6.48919449901768,999,6.47347347347347
489,510,6.44989775051125,6.48627450980392,999,6.46846846846847
499,500,6.42284569138277,6.5,999,6.46146146146146
497,502,6.4466800804829,6.50996015936255,999,6.47847847847848
508,491,6.47637795275591,6.5173116089613,999,6.4964964964965
502,497,6.47808764940239,6.50704225352113,999,6.49249249249249
499,499,6.48697394789579,6.49498997995992,998,6.49098196392786
498,501,6.5,6.4810379241517,999,6.49049049049049
486,513,6.51646090534979,6.48343079922027,999,6.4994994994995
488,509,6.5266393442623,6.48133595284872,997,6.50351053159478
488,511,6.50614754098361,6.46575342465753,999,6.48548548548549
488,511,6.52459016393443,6.44814090019569,999,6.48548548548549
490,509,6.53265306122449,6.45579567779961,999,6.49349349349349
496,503,6.53629032258065,6.45526838966203,999,6.4954954954955
505,494,6.53267326732673,6.44534412955466,999,6.48948948948949
507,492,6.52859960552268,6.45121951219512,999,6.49049049049049
505,494,6.52673267326733,6.45951417004049,999,6.49349349349349
512,487,6.53515625,6.48049281314168,999,6.50850850850851
500,497,6.558,6.46881287726358,997,6.5135406218656
493,506,6.56795131845842,6.45849802371542,999,6.51251251251251
494,503,6.55668016194332,6.45328031809145,997,6.50451354062187
489,510,6.57259713701431,6.47843137254902,999,6.52452452452452
488,511,6.57377049180328,6.46183953033268,999,6.51651651651652
493,505,6.60446247464503,6.48514851485149,998,6.54408817635271
488,510,6.625,6.50196078431373,998,6.56212424849699
488,509,6.62295081967213,6.524557956778,997,6.57271815446339
494,502,6.65182186234818,6.52589641434263,996,6.58835341365462
492,507,6.6849593495935,6.52268244575937,999,6.6026026026026
485,514,6.68247422680412,6.52918287937743,999,6.6036036036036
490,509,6.70204081632653,6.54223968565815,999,6.62062062062062
487,511,6.70841889117043,6.53228962818004,998,6.61823647294589
490,509,6.67551020408163,6.53831041257367,999,6.60560560560561
490,509,6.67551020408163,6.54616895874263,999,6.60960960960961
485,511,6.69484536082474,6.56164383561644,996,6.62650602409639
493,506,6.69979716024341,6.55928853754941,999,6.62862862862863
503,492,6.67992047713718,6.5650406504065,995,6.62311557788945
499,498,6.68336673346693,6.55622489959839,997,6.61985957873621
499,500,6.69338677354709,6.558,999,6.62562562562563
498,501,6.69879518072289,6.54890219560878,999,6.62362362362362
503,496,6.69980119284294,6.53427419354839,999,6.61761761761762
497,502,6.71227364185111,6.51394422310757,999,6.61261261261261
495,503,6.70707070707071,6.52683896620278,998,6.61623246492986
503,495,6.71769383697813,6.51919191919192,998,6.61923847695391
494,504,6.71862348178138,6.54365079365079,998,6.63026052104208
487,511,6.71457905544148,6.54207436399217,998,6.62625250501002
509,490,6.71119842829077,6.54285714285714,999,6.62862862862863
512,485,6.720703125,6.54432989690722,997,6.63490471414243
501,494,6.73852295409182,6.54655870445344,995,6.64321608040201
513,485,6.74074074074074,6.5340206185567,998,6.64028056112224
502,496,6.73306772908367,6.55040322580645,998,6.64228456913828
497,501,6.74245472837022,6.55289421157685,998,6.64729458917836
504,495,6.73611111111111,6.55959595959596,999,6.64864864864865
502,496,6.71713147410359,6.55645161290323,998,6.6372745490982
496,503,6.70967741935484,6.55666003976143,999,6.63263263263263
500,497,6.72,6.55533199195171,997,6.63791374122367
506,492,6.70948616600791,6.55894308943089,998,6.63527054108216
508,489,6.69685039370079,6.57668711656442,997,6.63791374122367
519,480,6.71290944123314,6.575,999,6.64664664664665
523,476,6.72466539196941,6.57352941176471,999,6.65265265265265
520,479,6.68846153846154,6.57202505219207,999,6.63263263263263
517,481,6.70019342359768,6.57172557172557,998,6.63827655310621
519,480,6.70134874759152,6.59166666666667,999,6.64864864864865
517,481,6.6963249516441,6.59459459459459,998,6.64729458917836
519,480,6.69749518304432,6.5875,999,6.64464464464464
509,489,6.71905697445972,6.60327198364008,998,6.6623246492986
510,489,6.7078431372549,6.61554192229039,999,6.66266266266266
506,493,6.70948616600791,6.63286004056795,999,6.67167167167167
494,504,6.71052631578947,6.65079365079365,998,6.68036072144289
491,506,6.71283095723014,6.64822134387352,997,6.68004012036108
507,492,6.71794871794872,6.63211382113821,999,6.67567567567568
499,499,6.71342685370742,6.64529058116232,998,6.67935871743487
500,499,6.724,6.64929859719439,999,6.68668668668669
497,502,6.72635814889336,6.64143426294821,999,6.68368368368368
492,507,6.73577235772358,6.63313609467456,999,6.68368368368368
496,502,6.74798387096774,6.62948207171315,998,6.68837675350701
501,498,6.75249500998004,6.63253012048193,999,6.69269269269269
502,496,6.75498007968127,6.64516129032258,998,6.70040080160321
498,499,6.76305220883534,6.65130260521042,997,6.70712136409228
499,500,6.76953907815631,6.656,999,6.71271271271271
506,492,6.77272727272727,6.64430894308943,998,6.70941883767535
501,497,6.78243512974052,6.66197183098592,998,6.72244488977956
494,504,6.77732793522267,6.68055555555556,998,6.72845691382765
499,498,6.77955911823647,6.66666666666667,997,6.72316950852558
499,500,6.79158316633267,6.66,999,6.72572572572573
491,508,6.76171079429735,6.68700787401575,999,6.72372372372372
500,499,6.768,6.70140280561122,999,6.73473473473473
500,498,6.792,6.69277108433735,998,6.74248496993988
483,513,6.78674948240166,6.69590643274854,996,6.73995983935743
475,523,6.78105263157895,6.68068833652008,998,6.72845691382765
481,518,6.77546777546778,6.68532818532818,999,6.72872872872873
464,534,6.78448275862069,6.67790262172285,998,6.72745490981964
476,522,6.78991596638655,6.66666666666667,998,6.72545090180361
476,522,6.76680672268908,6.66283524904215,998,6.7124248496994
477,522,6.75471698113208,6.66283524904215,999,6.70670670670671
478,520,6.77196652719665,6.66538461538462,998,6.71643286573146
485,514,6.77525773195876,6.66731517509728,999,6.71971971971972
477,521,6.77568134171908,6.67178502879079,998,6.72144288577154
484,515,6.77685950413223,6.66601941747573,999,6.71971971971972
493,504,6.79716024340771,6.65873015873016,997,6.7271815446339
478,520,6.80125523012552,6.65769230769231,998,6.72645290581162
477,520,6.79454926624738,6.65576923076923,997,6.7221664994985
490,509,6.78571428571429,6.66404715127701,999,6.72372372372372
490,509,6.78571428571429,6.65815324165029,999,6.72072072072072
497,502,6.80080482897384,6.63545816733068,999,6.71771771771772
498,500,6.79919678714859,6.636,998,6.71743486973948
499,497,6.79158316633267,6.62776659959759,996,6.70983935742972
512,486,6.80859375,6.62757201646091,998,6.72044088176353
511,488,6.8160469667319,6.61270491803279,999,6.71671671671672
509,488,6.81532416502947,6.60655737704918,997,6.71313941825476
511,487,6.79843444227006,6.60574948665298,998,6.70440881763527
500,498,6.806,6.58433734939759,998,6.69539078156313
510,487,6.81960784313725,6.60164271047228,997,6.71313941825476
504,494,6.80753968253968,6.60728744939271,998,6.70841683366733
510,489,6.80980392156863,6.62372188139059,999,6.71871871871872
510,489,6.81764705882353,6.6278118609407,999,6.72472472472472
510,489,6.82156862745098,6.63394683026585,999,6.72972972972973
501,498,6.81437125748503,6.6285140562249,999,6.72172172172172
508,490,6.81692913385827,6.63877551020408,998,6.72945891783567
508,491,6.82677165354331,6.63340122199593,999,6.73173173173173
503,495,6.82306163021869,6.62424242424242,998,6.72444889779559
503,496,6.81312127236581,6.63306451612903,999,6.72372372372372
501,497,6.80838323353293,6.64386317907445,998,6.72645290581162
496,501,6.79032258064516,6.64071856287425,997,6.71514543630893
500,496,6.794,6.63508064516129,996,6.714859437751
508,489,6.78543307086614,6.64212678936605,997,6.71514543630893
498,501,6.77510040160643,6.67065868263473,999,6.72272272272272
502,497,6.77689243027888,6.64989939637827,999,6.71371371371371
495,502,6.78181818181818,6.66334661354582,997,6.7221664994985
495,504,6.77373737373737,6.65476190476191,999,6.71371371371371
502,497,6.77689243027888,6.65392354124748,999,6.71571571571572
498,501,6.77911646586345,6.66666666666667,999,6.72272272272272
507,492,6.78698224852071,6.67479674796748,999,6.73173173173173
506,493,6.78853754940711,6.66531440162272,999,6.72772772772773
496,502,6.78225806451613,6.67729083665339,998,6.72945891783567
502,496,6.78486055776892,6.68145161290323,998,6.73346693386774
501,498,6.78642714570858,6.67670682730924,999,6.73173173173173
493,504,6.78296146044625,6.67857142857143,997,6.73019057171515
497,500,6.77867203219316,6.676,997,6.7271815446339
494,505,6.77125506072874,6.67524752475247,999,6.72272272272272
486,513,6.76954732510288,6.67251461988304,999,6.71971971971972
495,503,6.76969696969697,6.67992047713718,998,6.72444889779559
491,506,6.75152749490835,6.69762845849802,997,6.72417251755266
487,510,6.73716632443532,6.7156862745098,997,6.72617853560682
497,502,6.73440643863179,6.70717131474104,999,6.72072072072072
504,494,6.74206349206349,6.71457489878543,998,6.72845691382765
495,504,6.73939393939394,6.72420634920635,999,6.73173173173173
485,514,6.75670103092784,6.73540856031128,999,6.74574574574575
487,512,6.75770020533881,6.724609375,999,6.74074074074074
485,514,6.74226804123711,6.73346303501946,999,6.73773773773774
493,506,6.74847870182556,6.73715415019763,999,6.74274274274274
484,513,6.75826446280992,6.74269005847953,997,6.75025075225677
485,512,6.75670103092784,6.744140625,997,6.75025075225677
479,520,6.74321503131524,6.73269230769231,999,6.73773773773774
481,518,6.74012474012474,6.73745173745174,999,6.73873873873874
477,522,6.75681341719078,6.74904214559387,999,6.75275275275275
472,527,6.73516949152542,6.74762808349146,999,6.74174174174174
482,517,6.7448132780083,6.74661508704062,999,6.74574574574575
483,516,6.74327122153209,6.74612403100775,999,6.74474474474474
490,509,6.7469387755102,6.77406679764244,999,6.76076076076076
487,512,6.76180698151951,6.78125,999,6.77177177177177
483,514,6.76190476190476,6.784046692607,997,6.77331995987964
482,517,6.76970954356846,6.79110251450677,999,6.78078078078078
483,516,6.74948240165631,6.80232558139535,999,6.77677677677678
480,519,6.75416666666667,6.8092485549133,999,6.78278278278278
479,520,6.75782881002088,6.80192307692308,999,6.78078078078078
483,514,6.75776397515528,6.80155642023346,997,6.78034102306921
480,519,6.74583333333333,6.8131021194605,999,6.78078078078078
483,515,6.74948240165631,6.83883495145631,998,6.79559118236473
495,504,6.74949494949495,6.8531746031746,999,6.8018018018018
496,500,6.75,6.854,996,6.80220883534137
492,506,6.74593495934959,6.85573122529644,998,6.80160320641283
484,514,6.75206611570248,6.85603112840467,998,6.80561122244489
482,514,6.75311203319502,6.8579766536965,996,6.80722891566265
482,516,6.73236514522822,6.86240310077519,998,6.79959919839679
491,508,6.73319755600815,6.8503937007874,999,6.79279279279279
492,507,6.73577235772358,6.84615384615385,999,6.79179179179179
491,508,6.75967413441955,6.84645669291339,999,6.8038038038038
498,501,6.75502008032128,6.8502994011976,999,6.8028028028028
502,497,6.75298804780877,6.86317907444668,999,6.80780780780781
498,501,6.76305220883534,6.86626746506986,999,6.81481481481481
502,497,6.77091633466135,6.85714285714286,999,6.81381381381381
505,494,6.75841584158416,6.86842105263158,999,6.81281281281281
510,489,6.76470588235294,6.86912065439673,999,6.81581581581582
516,482,6.77325581395349,6.86721991701245,998,6.8186372745491
512,487,6.765625,6.86652977412731,999,6.81481481481481
505,493,6.77623762376238,6.8762677484787,998,6.82565130260521
509,490,6.78388998035363,6.8734693877551,999,6.82782782782783
509,488,6.7721021611002,6.86065573770492,997,6.81544633901705
516,482,6.77906976744186,6.86721991701245,998,6.82164328657315
505,493,6.78217821782178,6.87423935091278,998,6.82765531062124
494,505,6.77732793522267,6.86732673267327,999,6.82282282282282
497,500,6.76659959758551,6.882,997,6.82447342026078
494,505,6.78137651821862,6.89108910891089,999,6.83683683683684
482,517,6.78008298755187,6.88781431334623,999,6.83583583583584
490,509,6.77551020408163,6.88998035363458,999,6.83383383383383
490,509,6.77551020408163,6.88998035363458,999,6.83383383383383
482,516,6.77593360995851,6.87209302325581,998,6.82565130260521
487,511,6.77618069815195,6.86497064579256,998,6.82164328657315
496,503,6.78225806451613,6.87475149105368,999,6.82882882882883
493,506,6.77281947261663,6.87351778656126,999,6.82382382382382
487,512,6.78850102669405,6.859375,999,6.82482482482482
486,513,6.80246913580247,6.85185185185185,999,6.82782782782783
482,516,6.79045643153527,6.8546511627907,998,6.82364729458918
483,515,6.77225672877847,6.8504854368932,998,6.812625250501
474,524,6.78059071729958,6.83587786259542,998,6.80961923847695
477,521,6.76939203354298,6.83109404990403,998,6.80160320641283
473,525,6.7737843551797,6.83428571428571,998,6.80561122244489
480,519,6.77083333333333,6.84585741811175,999,6.80980980980981
480,518,6.76041666666667,6.84749034749035,998,6.80561122244489
477,520,6.76519916142558,6.85384615384615,997,6.81143430290873
479,520,6.76826722338205,6.85961538461538,999,6.81581581581582
476,521,6.76470588235294,6.86180422264875,997,6.81544633901705
484,515,6.75,6.85631067961165,999,6.8048048048048
474,524,6.75738396624473,6.85687022900763,998,6.80961923847695
470,529,6.76595744680851,6.85444234404537,999,6.81281281281281
471,528,6.76857749469214,6.84848484848485,999,6.81081081081081
466,532,6.7725321888412,6.85714285714286,998,6.81763527054108
468,531,6.77991452991453,6.87570621468927,999,6.83083083083083
471,525,6.78556263269639,6.87238095238095,996,6.83132530120482
469,530,6.77185501066098,6.86792452830189,999,6.82282282282282
478,520,6.77615062761506,6.875,998,6.82765531062124
481,518,6.77546777546778,6.86872586872587,999,6.82382382382382
471,527,6.78768577494692,6.85578747628083,998,6.82364729458918
469,530,6.78678038379531,6.86415094339623,999,6.82782782782783
474,524,6.78481012658228,6.86832061068702,998,6.82865731462926
470,528,6.77021276595745,6.87878787878788,998,6.82765531062124
462,536,6.77705627705628,6.88059701492537,998,6.83266533066132
469,530,6.76545842217484,6.89433962264151,999,6.83383383383383
469,530,6.75692963752665,6.89056603773585,999,6.82782782782783
469,530,6.77185501066098,6.89056603773585,999,6.83483483483483
461,537,6.78091106290672,6.89199255121043,998,6.84068136272545
454,544,6.77973568281938,6.90257352941176,998,6.84669338677355
443,556,6.77426636568849,6.90287769784173,999,6.84584584584585
434,564,6.76728110599078,6.90248226950355,998,6.8436873747495
440,557,6.79318181818182,6.90664272890485,997,6.85656970912738
449,550,6.79064587973274,6.90363636363636,999,6.85285285285285
443,556,6.77878103837472,6.90827338129496,999,6.85085085085085
447,552,6.8076062639821,6.91666666666667,999,6.86786786786787
454,545,6.8215859030837,6.91009174311927,999,6.86986986986987
453,544,6.8233995584989,6.89889705882353,997,6.86459378134403
461,538,6.81344902386117,6.9182156133829,999,6.86986986986987
460,539,6.81086956521739,6.92022263450835,999,6.86986986986987
460,538,6.81304347826087,6.90334572490706,998,6.86172344689379
452,547,6.80530973451327,6.90493601462523,999,6.85985985985986
461,537,6.80694143167028,6.91061452513966,998,6.8627254509018
455,544,6.8021978021978,6.91911764705882,999,6.86586586586587
457,542,6.80087527352298,6.91512915129151,999,6.86286286286286
456,541,6.79824561403509,6.92051756007394,997,6.86459378134403
459,540,6.79084967320261,6.92407407407407,999,6.86286286286286
459,539,6.7843137254902,6.92022263450835,998,6.85771543086172
448,551,6.78571428571429,6.92558983666062,999,6.86286286286286
435,561,6.8,6.93048128342246,996,6.87349397590361
435,564,6.8183908045977,6.92553191489362,999,6.87887887887888
427,572,6.80093676814988,6.92132867132867,999,6.86986986986987
420,579,6.79285714285714,6.92227979274611,999,6.86786786786787
412,587,6.80339805825243,6.91652470187393,999,6.86986986986987
409,589,6.79706601466993,6.9151103565365,998,6.86673346693387
404,595,6.8019801980198,6.91260504201681,999,6.86786786786787
404,595,6.80940594059406,6.91428571428571,999,6.87187187187187
407,592,6.82309582309582,6.92060810810811,999,6.88088088088088
393,606,6.8295165394402,6.92079207920792,999,6.88488488488488
400,598,6.8275,6.9247491638796,998,6.88577154308617
394,604,6.82994923857868,6.91721854304636,998,6.88276553106212
378,621,6.82539682539683,6.91787439613527,999,6.88288288288288
377,621,6.83023872679045,6.91626409017713,998,6.88376753507014
385,613,6.83376623376623,6.91680261011419,998,6.88476953907816
381,615,6.82677165354331,6.91544715447154,996,6.88152610441767
391,606,6.83120204603581,6.92244224422442,997,6.88665997993982
393,606,6.82697201017812,6.92079207920792,999,6.88388388388388
385,614,6.83636363636364,6.91530944625407,999,6.88488488488488
385,613,6.83636363636364,6.92006525285481,998,6.8877755511022
392,606,6.83163265306122,6.91914191419142,998,6.88476953907816
386,613,6.83160621761658,6.91190864600326,999,6.88088088088088
394,605,6.83502538071066,6.92066115702479,999,6.88688688688689
397,600,6.82367758186398,6.92166666666667,997,6.88264794383149
398,600,6.83165829145729,6.92666666666667,998,6.88877755511022
398,599,6.82412060301507,6.92320534223706,997,6.88365095285858
392,606,6.83418367346939,6.91914191419142,998,6.88577154308617
398,600,6.82663316582915,6.915,998,6.87975951903808
388,611,6.82216494845361,6.91653027823241,999,6.87987987987988
390,607,6.82820512820513,6.91762767710049,997,6.88264794383149
390,608,6.82051282051282,6.92598684210526,998,6.88476953907816
400,598,6.8125,6.92809364548495,998,6.88176352705411
410,589,6.82682926829268,6.92869269949066,999,6.88688688688689
415,584,6.81927710843374,6.92808219178082,999,6.88288288288288
410,588,6.82682926829268,6.93707482993197,998,6.89178356713427
406,592,6.83251231527094,6.93412162162162,998,6.89278557114228
408,591,6.82843137254902,6.93062605752961,999,6.88888888888889
415,584,6.8289156626506,6.93150684931507,999,6.88888888888889
415,584,6.83614457831325,6.93664383561644,999,6.89489489489489
412,586,6.84708737864078,6.93344709897611,998,6.89779559118236
407,592,6.85503685503685,6.94425675675676,999,6.90790790790791
409,589,6.85574572127139,6.94057724957555,998,6.90581162324649
416,583,6.86298076923077,6.93653516295026,999,6.90590590590591
412,586,6.86893203883495,6.93686006825939,998,6.90881763527054
421,576,6.87648456057007,6.94618055555556,997,6.91675025075226
422,574,6.88151658767773,6.94599303135888,996,6.91867469879518
417,581,6.88249400479616,6.94492254733219,998,6.9188376753507
419,579,6.89021479713604,6.94645941278066,998,6.92284569138277
409,588,6.88753056234719,6.94557823129252,997,6.92176529588766
401,598,6.89027431421446,6.94481605351171,999,6.92292292292292
403,596,6.89330024813896,6.93791946308725,999,6.91991991991992
405,593,6.88641975308642,6.94097807757167,998,6.9188376753507
406,592,6.88669950738916,6.94256756756757,998,6.91983967935872
413,586,6.8861985472155,6.93856655290102,999,6.91691691691692
419,579,6.89260143198091,6.92918825561313,998,6.91382765531062
413,586,6.88861985472155,6.93003412969283,999,6.91291291291291
415,583,6.89397590361446,6.93481989708405,998,6.91783567134269
417,581,6.89208633093525,6.93459552495697,998,6.91683366733467
417,581,6.88968824940048,6.92598967297763,998,6.91082164328657
420,578,6.88809523809524,6.9204152249135,998,6.90681362725451
426,572,6.8849765258216,6.92307692307692,998,6.90681362725451
419,580,6.89021479713604,6.92413793103448,999,6.90990990990991
420,578,6.8952380952381,6.91868512110727,998,6.90881763527054
419,580,6.89260143198091,6.91724137931034,999,6.90690690690691
416,580,6.89663461538461,6.92068965517241,996,6.91064257028112
412,585,6.89320388349515,6.91794871794872,997,6.90772316950853
414,584,6.89855072463768,6.91609589041096,998,6.90881763527054
413,586,6.90314769975787,6.91638225255973,999,6.91091091091091
406,591,6.89408866995074,6.92216582064298,997,6.91073219658977
397,599,6.90680100755668,6.92654424040067,996,6.91867469879518
412,586,6.90533980582524,6.93003412969283,998,6.91983967935872
414,584,6.90338164251208,6.91609589041096,998,6.91082164328657
407,591,6.90663390663391,6.92047377326565,998,6.91482965931864
407,591,6.9041769041769,6.91878172588832,998,6.91282565130261
411,586,6.91240875912409,6.91638225255973,997,6.91474423269809
408,590,6.9093137254902,6.9135593220339,998,6.91182364729459
405,593,6.90864197530864,6.91568296795953,998,6.91282565130261
405,593,6.91358024691358,6.92074198988196,998,6.91783567134269
411,587,6.90997566909976,6.91482112436116,998,6.91282565130261
411,587,6.90997566909976,6.91482112436116,998,6.91282565130261
413,586,6.91041162227603,6.919795221843,999,6.91591591591592
415,583,6.91807228915663,6.92281303602058,998,6.92084168336673
418,581,6.91626794258373,6.93115318416523,999,6.92492492492492
422,576,6.91232227488152,6.93055555555556,998,6.92284569138277
431,568,6.90719257540603,6.9330985915493,999,6.92192192192192
429,569,6.9044289044289,6.92794376098418,998,6.91783567134269
441,555,6.91156462585034,6.93333333333333,996,6.92369477911647
437,560,6.90389016018307,6.93214285714286,997,6.9197592778335
437,561,6.90846681922197,6.93048128342246,998,6.92084168336673
439,560,6.91116173120729,6.93035714285714,999,6.92192192192192
442,556,6.91402714932127,6.93165467625899,998,6.92384769539078
446,553,6.91031390134529,6.92947558770344,999,6.92092092092092
456,543,6.90789473684211,6.92817679558011,999,6.91891891891892
466,533,6.90987124463519,6.92307692307692,999,6.91691691691692
471,528,6.90658174097665,6.9280303030303,999,6.91791791791792
463,535,6.90496760259179,6.92523364485981,998,6.91583166332665
472,526,6.90466101694915,6.91444866920152,998,6.90981963927856
458,539,6.89956331877729,6.91836734693878,997,6.90972918756269
461,536,6.90238611713666,6.91791044776119,997,6.91073219658977
468,530,6.90811965811966,6.91320754716981,998,6.91082164328657
468,531,6.90598290598291,6.90207156308851,999,6.9039039039039
461,538,6.90672451193059,6.9182156133829,999,6.91291291291291
464,533,6.91379310344828,6.91744840525328,997,6.91574724172518
454,544,6.91409691629956,6.92095588235294,998,6.91783567134269
451,548,6.91352549889135,6.91788321167883,999,6.91591591591592
446,553,6.91255605381166,6.92224231464738,999,6.91791791791792
446,551,6.9237668161435,6.92558983666062,997,6.92477432296891
444,555,6.92342342342342,6.92792792792793,999,6.92592592592593
441,558,6.92063492063492,6.92293906810036,999,6.92192192192192
447,552,6.92393736017897,6.92210144927536,999,6.92292292292292
441,557,6.92517006802721,6.9245960502693,998,6.9248496993988
449,550,6.92427616926503,6.92727272727273,999,6.92592592592593
450,547,6.92888888888889,6.92138939670932,997,6.92477432296891
446,553,6.92825112107623,6.92043399638336,999,6.92392392392392
455,542,6.92967032967033,6.92250922509225,997,6.92577733199599
464,534,6.92887931034483,6.93071161048689,998,6.92985971943888
468,529,6.93803418803419,6.92249527410208,997,6.92978936810431
468,531,6.93803418803419,6.91902071563088,999,6.92792792792793
471,528,6.93630573248408,6.9280303030303,999,6.93193193193193
466,530,6.93347639484979,6.92641509433962,996,6.92971887550201
471,528,6.93842887473461,6.92613636363636,999,6.93193193193193
473,525,6.9323467230444,6.91809523809524,998,6.9248496993988
477,522,6.93710691823899,6.91379310344828,999,6.92492492492492
471,528,6.93842887473461,6.91098484848485,999,6.92392392392392
462,537,6.94155844155844,6.90502793296089,999,6.92192192192192
466,532,6.93347639484979,6.90225563909774,998,6.91683366733467
454,544,6.93392070484582,6.90808823529412,998,6.91983967935872
450,549,6.93333333333333,6.90528233151184,999,6.91791791791792
447,551,6.93959731543624,6.90562613430127,998,6.92084168336673
440,558,6.93409090909091,6.90501792114695,998,6.91783567134269
430,569,6.93488372093023,6.90685413005272,999,6.91891891891892
441,557,6.93650793650794,6.90843806104129,998,6.92084168336673
447,551,6.93288590604027,6.91651542649728,998,6.92384769539078
434,565,6.9331797235023,6.92212389380531,999,6.92692692692693
441,557,6.93424036281179,6.92280071813285,998,6.92785571142285
450,547,6.93333333333333,6.92870201096892,997,6.93079237713139
431,567,6.93271461716937,6.9347442680776,998,6.93386773547094
431,568,6.94199535962877,6.93838028169014,999,6.93993993993994
441,557,6.94331065759637,6.94254937163375,998,6.94288577154309
446,552,6.94843049327354,6.94202898550725,998,6.94488977955912
447,550,6.95525727069351,6.94181818181818,997,6.94784353059178
453,546,6.9514348785872,6.95054945054945,999,6.95095095095095
453,543,6.95584988962472,6.94843462246777,996,6.95180722891566
456,543,6.95833333333333,6.94106813996317,999,6.94894894894895
458,541,6.96724890829694,6.9445471349353,999,6.95495495495495
461,538,6.96312364425163,6.94237918215613,999,6.95195195195195
459,537,6.96514161220044,6.93854748603352,996,6.95080321285141
465,534,6.96344086021505,6.93632958801498,999,6.94894894894895
465,534,6.96129032258064,6.93071161048689,999,6.94494494494494
467,531,6.95503211991435,6.93596986817326,998,6.94488977955912
472,527,6.95974576271186,6.93738140417457,999,6.94794794794795
476,522,6.96218487394958,6.9367816091954,998,6.94889779559118
479,520,6.96242171189979,6.93653846153846,999,6.94894894894895
476,521,6.96428571428571,6.93474088291747,997,6.94884653961886
484,514,6.96694214876033,6.94163424124514,998,6.95390781563126
487,509,6.96303901437372,6.94302554027505,996,6.95281124497992
489,510,6.96319018404908,6.93921568627451,999,6.95095095095095
497,501,6.96579476861167,6.94411177644711,998,6.95490981963928
493,506,6.96754563894523,6.94071146245059,999,6.95395395395395
489,510,6.96523517382413,6.94313725490196,999,6.95395395395395
492,507,6.96544715447155,6.94674556213018,999,6.95595595595596
493,505,6.96551724137931,6.94059405940594,998,6.95290581162325
500,498,6.964,6.93975903614458,998,6.95190380761523
499,500,6.96793587174349,6.944,999,6.95595595595596
494,503,6.96761133603239,6.9403578528827,997,6.95386158475426
489,510,6.97137014314928,6.94705882352941,999,6.95895895895896
483,516,6.97308488612836,6.94767441860465,999,6.95995995995996
492,507,6.97560975609756,6.94674556213018,999,6.96096096096096
482,516,6.9792531120332,6.94767441860465,998,6.96292585170341
480,519,6.97708333333333,6.94412331406551,999,6.95995995995996
487,512,6.97946611909651,6.94921875,999,6.96396396396396
476,522,6.97899159663866,6.94636015325671,998,6.96192384769539
470,529,6.97872340425532,6.94896030245747,999,6.96296296296296
479,519,6.97703549060543,6.95183044315992,998,6.96392785571142
468,530,6.97863247863248,6.95094339622641,998,6.96392785571142
468,530,6.98076923076923,6.95471698113208,998,6.96693386773547
472,527,6.98093220338983,6.95256166982922,999,6.96596596596597
453,543,6.98454746136865,6.95211786372007,996,6.96686746987952
459,540,6.98692810457516,6.9537037037037,999,6.96896896896897
462,534,6.98917748917749,6.9438202247191,996,6.964859437751
465,533,6.98924731182796,6.9437148217636,998,6.96492985971944
470,529,6.98510638297872,6.9413988657845,999,6.96196196196196
464,535,6.98706896551724,6.94579439252336,999,6.96496496496496
461,538,6.98915401301518,6.93866171003717,999,6.96196196196196
474,525,6.98523206751055,6.93333333333333,999,6.95795795795796
470,528,6.98723404255319,6.93181818181818,998,6.95791583166333
468,531,6.98717948717949,6.93408662900188,999,6.95895895895896
461,538,6.9826464208243,6.93122676579926,999,6.95495495495495
463,534,6.98272138228942,6.93632958801498,997,6.95787362086259
468,530,6.98504273504274,6.93396226415094,998,6.95791583166333
468,530,6.98504273504274,6.93962264150943,998,6.96092184368737
473,526,6.9830866807611,6.92965779467681,999,6.95495495495495
472,524,6.98305084745763,6.93511450381679,996,6.95783132530121
474,525,6.98523206751055,6.9352380952381,999,6.95895895895896
471,528,6.97876857749469,6.94507575757576,999,6.96096096096096
468,531,6.97863247863248,6.94350282485876,999,6.95995995995996
477,521,6.9832285115304,6.94817658349328,998,6.96492985971944
471,526,6.98726114649681,6.95437262357414,997,6.96990972918756
489,510,6.98364008179959,6.96862745098039,999,6.97597597597598
485,513,6.98556701030928,6.96881091617934,998,6.97695390781563
484,515,6.98553719008264,6.97087378640777,999,6.97797797797798
485,513,6.97938144329897,6.96296296296296,998,6.97094188376754
487,512,6.97946611909651,6.970703125,999,6.97497497497497
475,523,6.98105263157895,6.97896749521989,998,6.97995991983968
467,529,6.97644539614561,6.98298676748582,996,6.97991967871486
470,529,6.97659574468085,6.97920604914934,999,6.97797797797798
458,539,6.97816593886463,6.98330241187384,997,6.98094282848546
471,527,6.97876857749469,6.98102466793169,998,6.97995991983968
470,528,6.97446808510638,6.97916666666667,998,6.97695390781563
463,534,6.97624190064795,6.97565543071161,997,6.97592778335005
472,526,6.98093220338983,6.97338403041825,998,6.97695390781563
472,526,6.97669491525424,6.97718631178707,998,6.97695390781563
472,527,6.97457627118644,6.97153700189753,999,6.97297297297297
477,522,6.9832285115304,6.97126436781609,999,6.97697697697698
475,524,6.98736842105263,6.97137404580153,999,6.97897897897898
471,527,6.98938428874735,6.9696394686907,998,6.97895791583166
466,533,6.98927038626609,6.96810506566604,999,6.97797797797798
469,530,6.98933901918977,6.96792452830189,999,6.97797797797798
466,532,6.98497854077253,6.96616541353383,998,6.9749498997996
467,531,6.98501070663812,6.96798493408663,998,6.97595190380762
463,536,6.98704103671706,6.96828358208955,999,6.97697697697698
463,536,6.98488120950324,6.97201492537313,999,6.97797797797798
472,527,6.98516949152542,6.97722960151803,999,6.98098098098098
467,530,6.98715203426124,6.97924528301887,997,6.98294884653962
459,539,6.98910675381264,6.97959183673469,998,6.98396793587174
455,541,6.98681318681319,6.97966728280961,996,6.98293172690763
458,540,6.98689956331878,6.98333333333333,998,6.98496993987976
455,543,6.98901098901099,6.98895027624309,998,6.98897795591182
454,545,6.98678414096916,6.98532110091743,999,6.98598598598599
451,547,6.98669623059867,6.9853747714808,998,6.98597194388778
446,553,6.98878923766816,6.98553345388788,999,6.98698698698699
448,550,6.98660714285714,6.98909090909091,998,6.98797595190381
444,554,6.98873873873874,6.98916967509025,998,6.98897795591182
439,558,6.98861047835991,6.98924731182796,997,6.98896690070211
442,554,6.98868778280543,6.98736462093863,996,6.98795180722892
435,564,6.98620689655172,6.98758865248227,999,6.98698698698699
429,570,6.98601398601399,6.99298245614035,999,6.98998998998999
434,563,6.98617511520737,6.99289520426288,997,6.98996990972919
429,570,6.98368298368298,6.99649122807018,999,6.99099099099099
432,567,6.98611111111111,6.99647266313933,999,6.99199199199199
430,569,6.98837209302326,6.99648506151142,999,6.99299299299299
424,573,6.98820754716981,6.99650959860384,997,6.99297893681043
427,572,6.98594847775176,6.9965034965035,999,6.99199199199199
427,572,6.98829039812646,6.99475524475525,999,6.99199199199199
438,561,6.98858447488584,6.99643493761141,999,6.99299299299299
434,564,6.99078341013825,6.99645390070922,998,6.9939879759519
425,572,6.99058823529412,6.99475524475525,997,6.99297893681043
431,565,6.9907192575406,6.99469026548673,996,6.9929718875502
430,568,6.99302325581395,6.99471830985915,998,6.9939879759519
423,576,6.99527186761229,6.99305555555556,999,6.99399399399399
427,571,6.99531615925059,6.99299474605954,998,6.9939879759519
426,573,6.99530516431925,6.99301919720768,999,6.99399399399399
419,579,6.99522673031026,6.99309153713299,998,6.9939879759519
423,576,6.99527186761229,6.99305555555556,999,6.99399399399399
415,584,6.99518072289157,6.99315068493151,999,6.99399399399399
414,584,6.9951690821256,6.99315068493151,998,6.9939879759519
411,588,6.99513381995134,6.99149659863946,999,6.99299299299299
405,593,6.99506172839506,6.98988195615514,998,6.99198396793587
403,594,6.99503722084367,6.98989898989899,997,6.99197592778335
405,594,6.99259259259259,6.98989898989899,999,6.99099099099099
402,597,6.99502487562189,6.98994974874372,999,6.99199199199199
411,587,6.99513381995134,6.98977853492334,998,6.99198396793587
410,589,6.99756097560976,6.98981324278438,999,6.99299299299299
408,590,6.99754901960784,6.98813559322034,998,6.99198396793587
414,583,6.9975845410628,6.98799313893654,997,6.99197592778335
418,580,6.99760765550239,6.98620689655172,998,6.99098196392786
429,567,6.997668997669,6.98412698412698,996,6.98995983935743
432,565,6.99768518518519,6.98761061946903,997,6.99197592778335
438,561,6.99771689497717,6.98930481283422,999,6.99299299299299
446,553,6.99775784753363,6.98915009041591,999,6.99299299299299
442,557,6.99773755656109,6.98922800718133,999,6.99299299299299
452,547,6.99778761061947,6.9890310786106,999,6.99299299299299
450,548,6.99777777777778,6.98905109489051,998,6.99298597194389
437,562,6.99771167048055,6.99288256227758,999,6.99499499499499
442,557,6.99773755656109,6.99281867145422,999,6.99499499499499
438,557,6.99771689497717,6.99281867145422,995,6.99497487437186
428,571,6.99766355140187,6.99299474605954,999,6.99499499499499
442,556,6.99547511312217,6.99280575539568,998,6.9939879759519
445,553,6.99550561797753,6.99457504520796,998,6.99498997995992
432,566,6.99537037037037,6.99646643109541,998,6.99599198396794
436,563,6.9954128440367,6.99644760213144,999,6.995995995996
442,556,6.99321266968326,6.99640287769784,998,6.99498997995992
433,565,6.99307159353349,6.99646017699115,998,6.99498997995992
432,567,6.99305555555556,6.99647266313933,999,6.99499499499499
438,560,6.99086757990868,6.99642857142857,998,6.9939879759519
430,568,6.9906976744186,6.99647887323944,998,6.9939879759519
433,566,6.99076212471132,6.99646643109541,999,6.99399399399399
433,565,6.99076212471132,6.99823008849557,998,6.99498997995992
423,576,6.99054373522459,6.99826388888889,999,6.99499499499499
428,571,6.99065420560748,6.99824868651489,999,6.99499499499499
420,579,6.99047619047619,6.99654576856649,999,6.99399399399399
413,586,6.98789346246973,6.99658703071672,999,6.99299299299299
407,590,6.98771498771499,6.99661016949153,997,6.99297893681043
406,593,6.99014778325123,6.99831365935919,999,6.99499499499499
400,599,6.99,6.9983305509182,999,6.99499499499499
399,600,6.9874686716792,6.99833333333333,999,6.99399399399399
403,595,6.98759305210918,6.99831932773109,998,6.9939879759519
396,603,6.98737373737374,7.0,999,6.99499499499499
389,608,6.98457583547558,7.0,997,6.99398194583751
388,611,6.98453608247423,7.0,999,6.99399399399399
386,611,6.98704663212435,7.0,997,6.99498495486459
393,604,6.98727735368957,7.0,997,6.99498495486459
386,613,6.98704663212435,7.0,999,6.99499499499499
385,612,6.99220779220779,7.0,997,6.99699097291876
389,610,6.99228791773779,7.0,999,6.996996996997
376,623,6.99468085106383,7.0,999,6.997997997998
381,618,6.99212598425197,7.0,999,6.996996996997
389,610,6.99228791773779,7.0,999,6.996996996997
386,613,6.99222797927461,7.0,999,6.996996996997
399,599,6.98997493734336,7.0,998,6.99599198396794
411,587,6.99026763990268,7.0,998,6.99599198396794
396,601,6.98989898989899,7.0,997,6.99598796389168
405,594,6.98765432098765,7.0,999,6.99499499499499
416,581,6.98798076923077,7.0,997,6.99498495486459
413,585,6.99273607748184,7.0,998,6.99699398797595
409,590,6.99266503667482,7.0,999,6.996996996997
418,581,6.99043062200957,7.0,999,6.995995995996
414,584,6.99275362318841,7.0,998,6.99699398797595
420,579,6.99285714285714,7.0,999,6.996996996997
416,582,6.99278846153846,7.0,998,6.99699398797595
409,590,6.99266503667482,7.0,999,6.996996996997
413,586,6.99273607748184,7.0,999,6.996996996997
403,594,6.99255583126551,7.0,997,6.99699097291876
400,597,6.99,7.0,997,6.99598796389168
403,596,6.99007444168735,7.0,999,6.995995995996
391,608,6.98976982097187,7.0,999,6.995995995996
397,602,6.98740554156171,7.0,999,6.99499499499499
407,591,6.98771498771499,7.0,998,6.99498997995992
393,605,6.98982188295165,7.0,998,6.99599198396794
382,615,6.9869109947644,7.0,997,6.99498495486459
379,620,6.98944591029024,7.0,999,6.995995995996
381,617,6.98950131233596,7.0,998,6.99599198396794
388,610,6.98969072164948,7.0,998,6.99599198396794
383,614,6.98955613577024,7.0,997,6.99598796389168
385,611,6.99220779220779,7.0,996,6.99698795180723
392,607,6.99234693877551,7.0,999,6.996996996997
388,610,6.99226804123711,7.0,998,6.99699398797595
385,614,6.99220779220779,7.0,999,6.996996996997
393,604,6.99236641221374,7.0,997,6.99699097291876
397,600,6.98992443324937,7.0,997,6.99598796389168
406,592,6.99261083743842,7.0,998,6.99699398797595
402,595,6.99253731343284,7.0,997,6.99699097291876
402,596,6.99502487562189,7.0,998,6.99799599198397
407,591,6.995085995086,7.0,998,6.99799599198397
404,595,6.99257425742574,7.0,999,6.996996996997
396,603,6.99242424242424,7.0,999,6.996996996997
405,594,6.99012345679012,7.0,999,6.995995995996
415,584,6.98795180722892,7.0,999,6.99499499499499
413,586,6.98789346246973,7.0,999,6.99499499499499
410,589,6.99268292682927,7.0,999,6.996996996997
413,585,6.99031476997579,7.0,998,6.99599198396794
412,586,6.99029126213592,7.0,998,6.99599198396794
408,590,6.99019607843137,7.0,998,6.99599198396794
418,581,6.99043062200957,7.0,999,6.995995995996
419,579,6.98806682577566,7.0,998,6.99498997995992
423,576,6.99290780141844,7.0,999,6.996996996997
427,571,6.99297423887588,7.0,998,6.99699398797595
431,568,6.9907192575406,7.0,999,6.995995995996
428,571,6.99299065420561,7.0,999,6.996996996997
418,581,6.99282296650718,7.0,999,6.996996996997
424,574,6.99292452830189,7.0,998,6.99699398797595
430,569,6.9906976744186,7.0,999,6.995995995996
418,580,6.99282296650718,7.0,998,6.99699398797595
416,581,6.99519230769231,7.0,997,6.99799398194584
423,576,6.99290780141844,7.0,999,6.996996996997
420,579,6.99285714285714,7.0,999,6.996996996997
421,577,6.99524940617577,7.0,998,6.99799599198397
420,579,6.99285714285714,7.0,999,6.996996996997
412,586,6.99271844660194,7.0,998,6.99699398797595
416,581,6.99278846153846,7.0,997,6.99699097291876
420,576,6.99047619047619,7.0,996,6.99598393574297
411,586,6.99026763990268,7.0,997,6.99598796389168
424,574,6.99292452830189,7.0,998,6.99699398797595
433,565,6.99307159353349,7.0,998,6.99699398797595
424,575,6.99056603773585,7.0,999,6.995995995996
433,561,6.99076212471132,7.0,994,6.99597585513078
433,566,6.99307159353349,7.0,999,6.996996996997
435,564,6.99080459770115,7.0,999,6.995995995996
442,555,6.99095022624434,7.0,997,6.99598796389168
445,554,6.99325842696629,7.0,999,6.996996996997
445,554,6.99101123595506,7.0,999,6.995995995996
449,550,6.99109131403118,7.0,999,6.995995995996
444,555,6.99324324324324,7.0,999,6.996996996997
444,554,6.99324324324324,7.0,998,6.99699398797595
457,542,6.99343544857768,7.0,999,6.996996996997
444,553,6.9954954954955,7.0,997,6.99799398194584
439,559,7.0,7.0,998,7.0
451,547,7.0,7.0,998,7.0
449,550,7.0,7.0,999,7.0
452,544,7.0,7.0,996,7.0
460,539,7.0,7.0,999,7.0
458,540,7.0,7.0,998,7.0
471,528,7.0,7.0,999,7.0
482,516,7.0,7.0,998,7.0
479,518,7.0,7.0,997,7.0
471,527,7.0,7.0,998,7.0
472,527,7.0,7.0,999,7.0
464,534,7.0,7.0,998,7.0
467,530,7.0,7.0,997,7.0
474,525,7.0,7.0,999,7.0
469,530,7.0,7.0,999,7.0
463,536,7.0,7.0,999,7.0
464,535,7.0,7.0,999,7.0
457,540,7.0,7.0,997,7.0
465,534,7.0,7.0,999,7.0
464,535,7.0,7.0,999,7.0
458,540,7.0,7.0,998,7.0
464,535,7.0,7.0,999,7.0
453,545,7.0,7.0,998,7.0
453,546,7.0,7.0,999,7.0
447,552,7.0,7.0,999,7.0
443,555,7.0,7.0,998,7.0
444,553,7.0,7.0,997,7.0
444,553,7.0,7.0,997,7.0
439,560,7.0,7.0,999,7.0
428,571,7.0,7.0,999,7.0
435,562,7.0,7.0,997,7.0
431,568,7.0,7.0,999,7.0
430,566,7.0,7.0,996,7.0
438,561,7.0,7.0,999,7.0
425,573,7.0,7.0,998,7.0
432,567,7.0,7.0,999,7.0
433,566,7.0,7.0,999,7.0
432,566,7.0,7.0,998,7.0
435,561,7.0,7.0,996,7.0
438,560,7.0,7.0,998,7.0
450,548,7.0,7.0,998,7.0
445,554,7.0,7.0,999,7.0
455,543,7.0,7.0,998,7.0
446,552,7.0,7.0,998,7.0
449,550,7.0,7.0,999,7.0
455,542,7.0,7.0,997,7.0
458,540,7.0,7.0,998,7.0
463,536,7.0,7.0,999,7.0
465,534,7.0,7.0,999,7.0
467,532,7.0,7.0,999,7.0
466,533,7.0,7.0,999,7.0
459,539,7.0,7.0,998,7.0
467,532,7.0,7.0,999,7.0
468,531,7.0,7.0,999,7.0
454,545,7.0,7.0,999,7.0
459,537,7.0,7.0,996,7.0
460,539,7.0,7.0,999,7.0
446,552,7.0,7.0,998,7.0
458,541,7.0,7.0,999,7.0
455,544,7.0,7.0,999,7.0
449,549,7.0,7.0,998,7.0
466,532,7.0,7.0,998,7.0
464,535,7.0,7.0,999,7.0
458,537,7.0,7.0,995,7.0
464,535,7.0,7.0,999,7.0
465,533,7.0,7.0,998,7.0
457,542,7.0,7.0,999,7.0
456,543,7.0,7.0,999,7.0
448,551,7.0,7.0,999,7.0
441,557,7.0,7.0,998,7.0
436,561,7.0,7.0,997,7.0
434,565,7.0,7.0,999,7.0
439,560,7.0,7.0,999,7.0
440,557,7.0,7.0,997,7.0
444,554,7.0,7.0,998,7.0
437,562,7.0,7.0,999,7.0
443,556,7.0,7.0,999,7.0
452,545,7.0,7.0,997,7.0
441,556,7.0,7.0,997,7.0
450,549,7.0,7.0,999,7.0
452,545,7.0,7.0,997,7.0
446,553,7.0,7.0,999,7.0
450,547,7.0,7.0,997,7.0
455,544,7.0,7.0,999,7.0
444,553,7.0,7.0,997,7.0
444,554,7.0,7.0,998,7.0
452,547,7.0,7.0,999,7.0
457,542,7.0,7.0,999,7.0
454,544,7.0,7.0,998,7.0
465,534,7.0,7.0,999,7.0
456,543,7.0,7.0,999,7.0
469,529,7.0,7.0,998,7.0
470,528,7.0,7.0,998,7.0
474,524,7.0,7.0,998,7.0
474,524,7.0,7.0,998,7.0
478,521,7.0,7.0,999,7.0
483,515,7.0,7.0,998,7.0
476,523,7.0,7.0,999,7.0
474,524,7.0,7.0,998,7.0
480,518,7.0,7.0,998,7.0
480,519,7.0,7.0,999,7.0
475,524,7.0,7.0,999,7.0
478,520,7.0,7.0,998,7.0
464,535,7.0,7.0,999,7.0
464,533,7.0,7.0,997,7.0
467,531,7.0,7.0,998,7.0
472,527,7.0,7.0,999,7.0
473,526,7.0,7.0,999,7.0
479,519,7.0,7.0,998,7.0
492,506,7.0,7.0,998,7.0
491,506,7.0,7.0,997,7.0
488,511,7.0,7.0,999,7.0
497,500,7.0,7.0,997,7.0
491,508,7.0,7.0,999,7.0
495,504,7.0,7.0,999,7.0
500,499,7.0,7.0,999,7.0
488,510,7.0,7.0,998,7.0
486,513,7.0,7.0,999,7.0
483,516,7.0,7.0,999,7.0
481,518,7.0,7.0,999,7.0
486,513,7.0,7.0,999,7.0
480,519,7.0,7.0,999,7.0
478,520,7.0,7.0,998,7.0
472,526,7.0,7.0,998,7.0
487,511,7.0,7.0,998,7.0
488,511,7.0,7.0,999,7.0
490,508,7.0,7.0,998,7.0
490,509,7.0,7.0,999,7.0
492,506,7.0,7.0,998,7.0
492,506,7.0,7.0,998,7.0
487,511,7.0,7.0,998,7.0
486,512,7.0,7.0,998,7.0
487,512,7.0,7.0,999,7.0
486,513,7.0,7.0,999,7.0
481,518,7.0,7.0,999,7.0
478,519,7.0,7.0,997,7.0
474,524,7.0,7.0,998,7.0
480,519,7.0,7.0,999,7.0
473,524,7.0,7.0,997,7.0
480,517,7.0,7.0,997,7.0
486,513,7.0,7.0,999,7.0
479,520,7.0,7.0,999,7.0
471,527,7.0,7.0,998,7.0
469,530,7.0,7.0,999,7.0
471,528,7.0,7.0,999,7.0
467,532,7.0,7.0,999,7.0
479,517,7.0,7.0,996,7.0
482,517,7.0,7.0,999,7.0
471,528,7.0,7.0,999,7.0
470,529,7.0,7.0,999,7.0
473,525,7.0,7.0,998,7.0
471,528,7.0,7.0,999,7.0
471,528,7.0,7.0,999,7.0
463,534,7.0,7.0,997,7.0
467,531,7.0,7.0,998,7.0
470,529,7.0,7.0,999,7.0
468,530,7.0,7.0,998,7.0
472,527,7.0,7.0,999,7.0
476,523,7.0,7.0,999,7.0
476,522,7.0,7.0,998,7.0
481,517,7.0,7.0,998,7.0
483,516,7.0,7.0,999,7.0
473,525,7.0,7.0,998,7.0
471,527,7.0,7.0,998,7.0
479,519,7.0,7.0,998,7.0
477,522,7.0,7.0,999,7.0
473,524,7.0,7.0,997,7.0
483,516,7.0,7.0,999,7.0
479,520,7.0,7.0,999,7.0
477,520,7.0,7.0,997,7.0
481,518,7.0,7.0,999,7.0
490,509,7.0,7.0,999,7.0
489,509,7.0,7.0,998,7.0
493,506,7.0,7.0,999,7.0
495,502,7.0,7.0,997,7.0
495,504,7.0,7.0,999,7.0
498,499,7.0,7.0,997,7.0
502,496,7.0,7.0,998,7.0
506,492,7.0,7.0,998,7.0
505,493,7.0,7.0,998,7.0
504,493,7.0,7.0,997,7.0
510,489,7.0,7.0,999,7.0
503,496,7.0,7.0,999,7.0
497,499,7.0,7.0,996,7.0
502,497,7.0,7.0,999,7.0
495,503,7.0,7.0,998,7.0
483,514,7.0,7.0,997,7.0
494,505,7.0,7.0,999,7.0
491,507,7.0,7.0,998,7.0
496,503,7.0,7.0,999,7.0
508,491,7.0,7.0,999,7.0
512,486,7.0,7.0,998,7.0
509,490,7.0,7.0,999,7.0
508,491,7.0,7.0,999,7.0
515,483,7.0,7.0,998,7.0
516,482,7.0,7.0,998,7.0
512,487,7.0,7.0,999,7.0
506,491,7.0,7.0,997,7.0
499,500,7.0,7.0,999,7.0
513,485,7.0,7.0,998,7.0
512,485,7.0,7.0,997,7.0
508,490,7.0,7.0,998,7.0
507,492,7.0,7.0,999,7.0
511,486,7.0,7.0,997,7.0
508,489,7.0,7.0,997,7.0
510,488,7.0,7.0,998,7.0
517,482,7.0,7.0,999,7.0
505,493,7.0,7.0,998,7.0
518,480,7.0,7.0,998,7.0
526,473,7.0,7.0,999,7.0
530,469,7.0,7.0,999,7.0
532,467,7.0,7.0,999,7.0
535,462,7.0,7.0,997,7.0
529,470,7.0,7.0,999,7.0
530,468,7.0,7.0,998,7.0
522,477,7.0,7.0,999,7.0
512,486,7.0,7.0,998,7.0
515,484,7.0,7.0,999,7.0
503,495,7.0,7.0,998,7.0
499,499,7.0,7.0,998,7.0
495,502,7.0,7.0,997,7.0
495,504,7.0,7.0,999,7.0
490,508,7.0,7.0,998,7.0
496,503,7.0,7.0,999,7.0
487,512,7.0,7.0,999,7.0
491,507,7.0,7.0,998,7.0
510,489,7.0,7.0,999,7.0
510,488,7.0,7.0,998,7.0
510,488,7.0,7.0,998,7.0
517,482,7.0,7.0,999,7.0
523,476,7.0,7.0,999,7.0
521,478,7.0,7.0,999,7.0
525,474,7.0,7.0,999,7.0
529,468,7.0,7.0,997,7.0
539,460,7.0,7.0,999,7.0
538,460,7.0,7.0,998,7.0
536,463,7.0,7.0,999,7.0
541,457,7.0,7.0,998,7.0
544,455,7.0,7.0,999,7.0
538,460,7.0,7.0,998,7.0
544,455,7.0,7.0,999,7.0
544,454,7.0,7.0,998,7.0
532,466,7.0,7.0,998,7.0
533,464,7.0,7.0,997,7.0
538,459,7.0,7.0,997,7.0
538,460,7.0,7.0,998,7.0
534,463,7.0,7.0,997,7.0
530,469,7.0,7.0,999,7.0
518,478,7.0,7.0,996,7.0
517,482,7.0,7.0,999,7.0
513,486,7.0,7.0,999,7.0
516,483,7.0,7.0,999,7.0
515,484,7.0,7.0,999,7.0
515,484,7.0,7.0,999,7.0
521,478,7.0,7.0,999,7.0
524,475,7.0,7.0,999,7.0
517,480,7.0,7.0,997,7.0
515,484,7.0,7.0,999,7.0
527,472,7.0,7.0,999,7.0
519,480,7.0,7.0,999,7.0
532,466,7.0,7.0,998,7.0
528,471,7.0,7.0,999,7.0
532,466,7.0,7.0,998,7.0
535,463,7.0,7.0,998,7.0
531,467,7.0,7.0,998,7.0
531,468,7.0,7.0,999,7.0
543,455,7.0,7.0,998,7.0
538,461,7.0,7.0,999,7.0
533,466,7.0,7.0,999,7.0
