forward_num,reverse_num,forward_rate,reverse_rate,organism_num,organism_rate
50,50,5.5,5.5,100,5.5
60,60,5.93333333333333,5.73333333333333,120,5.83333333333333
73,71,6.08219178082192,5.97183098591549,144,6.02777777777778
91,90,6.43956043956044,6.16666666666667,181,6.30386740331492
112,113,6.58035714285714,6.49557522123894,225,6.53777777777778
144,141,6.90972222222222,6.76595744680851,285,6.83859649122807
184,172,7.11413043478261,7.02906976744186,356,7.07303370786517
240,226,7.39583333333333,7.15044247787611,466,7.27682403433476
301,288,7.578073089701,7.44444444444444,589,7.51273344651952
379,367,7.8179419525066,7.61035422343324,746,7.71581769436997
517,481,7.88201160541586,7.85239085239085,998,7.86773547094188
525,473,7.91809523809524,7.78646934460888,998,7.85571142284569
513,486,7.8635477582846,7.75720164609054,999,7.81181181181181
504,494,7.84920634920635,7.74696356275304,998,7.79859719438878
510,488,7.81960784313725,7.81352459016393,998,7.81663326653307
512,485,7.822265625,7.80412371134021,997,7.81344032096289
508,489,7.78149606299213,7.77300613496933,997,7.77733199598796
517,482,7.83558994197292,7.80912863070539,999,7.82282282282282
524,475,7.75763358778626,7.74105263157895,999,7.74974974974975
510,489,7.78039215686274,7.75255623721881,999,7.76676676676677
509,489,7.82514734774067,7.76278118609407,998,7.79458917835671
516,483,7.83333333333333,7.84472049689441,999,7.83883883883884
523,476,7.93116634799235,7.82983193277311,999,7.88288288288288
519,478,7.99036608863198,7.82426778242678,997,7.91073219658977
523,475,8.0057361376673,7.86736842105263,998,7.93987975951904
512,487,8.05078125,7.92197125256673,999,7.98798798798799
525,472,8.12,7.92161016949153,997,8.02607823470411
519,479,8.09826589595376,8.03340292275574,998,8.06713426853707
512,486,8.107421875,8.0843621399177,998,8.09619238476954
502,497,8.07370517928287,8.1327967806841,999,8.1031031031031
501,498,8.14171656686627,8.15261044176707,999,8.14714714714715
504,495,8.10714285714286,8.18989898989899,999,8.14814814814815
502,496,8.09561752988048,8.2116935483871,998,8.15330661322645
497,501,8.11066398390342,8.20558882235529,998,8.15831663326653
495,504,8.11515151515152,8.17857142857143,999,8.14714714714715
504,494,8.10119047619048,8.19230769230769,998,8.14629258517034
506,492,8.10079051383399,8.25406504065041,998,8.17635270541082
500,497,8.104,8.22736418511066,997,8.1654964894684
512,487,8.068359375,8.2258726899384,999,8.14514514514515
516,482,8.07945736434108,8.21161825726141,998,8.14328657314629
518,481,8.06756756756757,8.17047817047817,999,8.11711711711712
515,483,8.12427184466019,8.11180124223602,998,8.11823647294589
518,477,8.15057915057915,8.11530398322851,995,8.13366834170854
510,486,8.2,8.15432098765432,996,8.17771084337349
509,489,8.20039292730845,8.15950920245399,998,8.18036072144289
508,491,8.23622047244094,8.22810590631365,999,8.23223223223223
514,485,8.28599221789883,8.24948453608247,999,8.26826826826827
504,493,8.31349206349206,8.33468559837728,997,8.32397191574724
511,488,8.33659491193738,8.36065573770492,999,8.34834834834835
514,485,8.38132295719844,8.41237113402062,999,8.3963963963964
502,495,8.39840637450199,8.44242424242424,997,8.42026078234704
507,492,8.41617357001972,8.45934959349593,999,8.43743743743744
510,489,8.40196078431373,8.50306748466258,999,8.45145145145145
510,489,8.39019607843137,8.54192229038855,999,8.46446446446446
519,479,8.39113680154143,8.52192066805845,998,8.45390781563126
514,485,8.37354085603113,8.57113402061856,999,8.46946946946947
517,478,8.3926499032882,8.56276150627615,995,8.47437185929648
516,483,8.31201550387597,8.52795031055901,999,8.41641641641642
521,477,8.39923224568138,8.56184486373166,998,8.47695390781563
519,480,8.46435452793834,8.55208333333333,999,8.50650650650651
516,482,8.50387596899225,8.52282157676349,998,8.51302605210421
522,476,8.49808429118774,8.51680672268908,998,8.50701402805611
519,479,8.54527938342967,8.53027139874739,998,8.53807615230461
521,477,8.59500959692898,8.52410901467505,998,8.56112224448898
521,477,8.56621880998081,8.50104821802935,998,8.53507014028056
532,466,8.58082706766917,8.56652360515021,998,8.57414829659319
534,465,8.5936329588015,8.59139784946237,999,8.59259259259259
528,471,8.61742424242424,8.61571125265393,999,8.61661661661662
532,467,8.62218045112782,8.63811563169165,999,8.62962962962963
520,478,8.64230769230769,8.67154811715481,998,8.6563126252505
523,475,8.68833652007648,8.64631578947368,998,8.66833667334669
523,476,8.68833652007648,8.68487394957983,999,8.68668668668669
519,477,8.71676300578035,8.67505241090147,996,8.69678714859438
514,481,8.715953307393,8.68814968814969,995,8.70251256281407
517,482,8.70986460348163,8.71991701244813,999,8.71471471471471
504,494,8.69444444444444,8.7246963562753,998,8.70941883767535
516,480,8.67635658914729,8.72708333333333,996,8.70080321285141
509,490,8.67779960707269,8.7265306122449,999,8.7017017017017
513,486,8.69005847953216,8.72222222222222,999,8.70570570570571
505,494,8.71485148514851,8.70242914979757,999,8.70870870870871
504,495,8.6984126984127,8.73131313131313,999,8.71471471471471
503,494,8.72166998011928,8.75910931174089,997,8.74022066198596
505,492,8.8019801980198,8.79471544715447,997,8.79839518555667
514,485,8.78988326848249,8.76288659793815,999,8.77677677677678
509,489,8.80353634577603,8.78732106339468,998,8.79559118236473
509,490,8.82121807465619,8.7734693877551,999,8.7977977977978
513,482,8.83430799220273,8.79460580912863,995,8.81507537688442
510,487,8.87058823529412,8.76796714579056,997,8.82046138415246
514,484,8.92023346303502,8.8099173553719,998,8.86673346693387
513,486,8.92007797270955,8.85390946502058,999,8.88788788788789
517,480,8.92649903288201,8.85416666666667,997,8.89167502507523
519,478,8.94412331406551,8.86401673640167,997,8.90571715145436
528,469,8.9375,8.85074626865672,997,8.89669007021063
527,471,8.91840607210626,8.88535031847134,998,8.90280561122244
536,462,8.89179104477612,8.90476190476191,998,8.89779559118236
543,456,8.93554327808472,8.94956140350877,999,8.94194194194194
543,456,8.92449355432781,8.9890350877193,999,8.95395395395395
549,449,8.91985428051002,8.99109131403118,998,8.95190380761523
543,454,8.96132596685083,8.98237885462555,997,8.97091273821464
538,458,8.97583643122677,8.94978165938865,996,8.96385542168675
542,456,8.96863468634686,8.98684210526316,998,8.97695390781563
536,461,8.96455223880597,9.0,997,8.98094282848546
538,461,8.96096654275093,9.03036876355748,999,8.99299299299299
539,460,8.97031539888683,9.05434782608696,999,9.00900900900901
529,470,8.98487712665406,9.06595744680851,999,9.02302302302302
537,462,8.98137802607076,9.06060606060606,999,9.01801801801802
534,463,8.97752808988764,9.1036717062635,997,9.03610832497492
537,461,8.96275605214153,9.12798264642082,998,9.03907815631263
533,465,8.9624765478424,9.14838709677419,998,9.04909819639279
533,466,9.00187617260788,9.14163090128755,999,9.06706706706707
535,463,9.03364485981308,9.11231101511879,998,9.07014028056112
539,460,9.06122448979592,9.09565217391304,999,9.07707707707708
540,459,9.06111111111111,9.13507625272331,999,9.0950950950951
531,466,9.07156308851224,9.12017167381974,997,9.09428284854564
539,459,9.04638218923933,9.13289760348584,998,9.08617234468938
532,466,9.06766917293233,9.13304721030043,998,9.09819639278557
542,457,9.09594095940959,9.12253829321663,999,9.10810810810811
536,461,9.0839552238806,9.0997830802603,997,9.09127382146439
544,453,9.09558823529412,9.11699779249448,997,9.10531594784353
545,454,9.12844036697248,9.13436123348018,999,9.13113113113113
537,462,9.15828677839851,9.08008658008658,999,9.12212212212212
544,454,9.16727941176471,9.10352422907489,998,9.13827655310621
544,453,9.17279411764706,9.09713024282561,997,9.13841524573721
554,444,9.16967509025271,9.11711711711712,998,9.14629258517034
560,439,9.18928571428571,9.14578587699317,999,9.17017017017017
555,443,9.2018018018018,9.09029345372461,998,9.15230460921844
554,445,9.20036101083032,9.14831460674157,999,9.17717717717718
552,447,9.19927536231884,9.15883668903803,999,9.18118118118118
555,444,9.18198198198198,9.15765765765766,999,9.17117117117117
551,448,9.15970961887477,9.16741071428571,999,9.16316316316316
563,436,9.18294849023091,9.17660550458716,999,9.18018018018018
561,438,9.17647058823529,9.19178082191781,999,9.18318318318318
564,435,9.16666666666667,9.22758620689655,999,9.19319319319319
562,437,9.16370106761566,9.19679633867277,999,9.17817817817818
566,432,9.15547703180212,9.2037037037037,998,9.17635270541082
559,440,9.17531305903399,9.22954545454546,999,9.1991991991992
561,436,9.19251336898396,9.2454128440367,997,9.21564694082247
557,441,9.18671454219031,9.2312925170068,998,9.2064128256513
558,440,9.18996415770609,9.22272727272727,998,9.20440881763527
554,445,9.2057761732852,9.23820224719101,999,9.22022022022022
556,443,9.22482014388489,9.21444695259594,999,9.22022022022022
547,452,9.22120658135283,9.22787610619469,999,9.22422422422422
546,452,9.22710622710623,9.24557522123894,998,9.23547094188377
540,459,9.2537037037037,9.21786492374728,999,9.23723723723724
542,457,9.25276752767528,9.24288840262582,999,9.24824824824825
548,450,9.25547445255475,9.26444444444444,998,9.25951903807615
549,450,9.29143897996357,9.28222222222222,999,9.28728728728729
553,445,9.30741410488246,9.3123595505618,998,9.30961923847695
558,440,9.29569892473118,9.29318181818182,998,9.29458917835671
559,440,9.32379248658318,9.31136363636364,999,9.31831831831832
572,425,9.31818181818182,9.31529411764706,997,9.31695085255767
564,435,9.31028368794326,9.31724137931034,999,9.31331331331331
579,419,9.31951640759931,9.31742243436754,998,9.3186372745491
569,429,9.32337434094903,9.33100233100233,998,9.32665330661323
578,421,9.32525951557093,9.29216152019002,999,9.31131131131131
579,420,9.29879101899827,9.28333333333333,999,9.29229229229229
572,427,9.30769230769231,9.30210772833724,999,9.30530530530531
566,431,9.29681978798587,9.33874709976798,997,9.31494483450351
564,435,9.27127659574468,9.33333333333333,999,9.2982982982983
565,433,9.27610619469027,9.34642032332563,998,9.30661322645291
559,440,9.26118067978533,9.33181818181818,999,9.29229229229229
560,439,9.29464285714286,9.32801822323462,999,9.30930930930931
558,440,9.28673835125448,9.35909090909091,998,9.3186372745491
560,438,9.30892857142857,9.36529680365297,998,9.33366733466934
554,444,9.31768953068592,9.3963963963964,998,9.35270541082164
554,445,9.3158844765343,9.39775280898876,999,9.35235235235235
560,439,9.32678571428571,9.38496583143508,999,9.35235235235235
560,439,9.32321428571429,9.41457858769932,999,9.36336336336336
564,435,9.33687943262411,9.40689655172414,999,9.36736736736737
557,442,9.33931777378815,9.40723981900453,999,9.36936936936937
554,444,9.37364620938628,9.4009009009009,998,9.38577154308617
552,446,9.3695652173913,9.42825112107623,998,9.39579158316633
547,452,9.38574040219378,9.44469026548673,999,9.41241241241241
544,455,9.37316176470588,9.46153846153846,999,9.41341341341341
541,458,9.39741219963032,9.45633187772926,999,9.42442442442442
546,453,9.3992673992674,9.48123620309051,999,9.43643643643644
552,446,9.40942028985507,9.48206278026906,998,9.44188376753507
553,445,9.39240506329114,9.48988764044944,998,9.43587174348697
554,445,9.39169675090253,9.46516853932584,999,9.42442442442442
548,450,9.40875912408759,9.49111111111111,998,9.44589178356713
553,443,9.39783001808318,9.50564334085779,996,9.44578313253012
548,450,9.41058394160584,9.49111111111111,998,9.44689378757515
547,451,9.42047531992687,9.49223946784922,998,9.45290581162325
555,444,9.43603603603604,9.52702702702703,999,9.47647647647648
563,435,9.4404973357016,9.53103448275862,998,9.47995991983968
566,433,9.43816254416961,9.54965357967667,999,9.48648648648649
571,428,9.4553415061296,9.55607476635514,999,9.4984984984985
571,427,9.46234676007005,9.53395784543325,998,9.49298597194389
578,420,9.48269896193772,9.55238095238095,998,9.51202404809619
576,423,9.48784722222222,9.55082742316785,999,9.51451451451451
582,417,9.49484536082474,9.56834532374101,999,9.52552552552553
580,419,9.4948275862069,9.55608591885442,999,9.52052052052052
584,415,9.51883561643836,9.55903614457831,999,9.53553553553554
588,411,9.50510204081633,9.58637469586375,999,9.53853853853854
585,414,9.4974358974359,9.58454106280193,999,9.53353353353353
585,414,9.48205128205128,9.60386473429952,999,9.53253253253253
586,413,9.49829351535836,9.60048426150121,999,9.54054054054054
590,409,9.51525423728814,9.60146699266504,999,9.55055055055055
587,411,9.49744463373083,9.61800486618005,998,9.54709418837675
586,412,9.51365187713311,9.63106796116505,998,9.56212424849699
598,400,9.50334448160535,9.6275,998,9.55310621242485
596,402,9.50503355704698,9.62686567164179,998,9.55410821643287
597,402,9.50418760469012,9.61442786069652,999,9.54854854854855
607,391,9.51235584843493,9.60613810741688,998,9.54909819639279
605,393,9.51404958677686,9.59287531806616,998,9.54509018036072
602,397,9.51827242524917,9.58186397984887,999,9.54354354354354
604,393,9.5182119205298,9.60050890585242,997,9.5506519558676
599,400,9.51752921535893,9.625,999,9.56056056056056
604,394,9.51655629139073,9.63451776649746,998,9.56312625250501
602,396,9.51328903654485,9.65151515151515,998,9.56813627254509
600,399,9.52333333333333,9.66917293233083,999,9.58158158158158
604,395,9.52152317880795,9.70126582278481,999,9.59259259259259
605,394,9.53553719008264,9.69796954314721,999,9.5995995995996
609,389,9.54187192118227,9.67609254498715,998,9.59418837675351
607,390,9.54695222405272,9.68461538461538,997,9.60080240722166
612,386,9.55555555555556,9.7020725388601,998,9.61222444889779
610,386,9.57049180327869,9.69689119170985,996,9.61947791164659
615,382,9.57560975609756,9.71204188481675,997,9.62788365095286
612,385,9.58006535947712,9.6987012987013,997,9.6258776328987
618,381,9.60032362459547,9.69816272965879,999,9.63763763763764
625,372,9.6048,9.70698924731183,997,9.64292878635908
636,362,9.61949685534591,9.70165745856354,998,9.64929859719439
640,359,9.6046875,9.68802228412256,999,9.63463463463463
641,358,9.61310452418097,9.7122905027933,999,9.64864864864865
638,360,9.59717868338558,9.70833333333333,998,9.6372745490982
633,366,9.5955766192733,9.71857923497268,999,9.64064064064064
639,360,9.60719874804382,9.72777777777778,999,9.65065065065065
645,353,9.61085271317829,9.70538243626062,998,9.64428857715431
642,357,9.60436137071651,9.71988795518207,999,9.64564564564565
641,356,9.61154446177847,9.75,997,9.66098294884654
638,360,9.5987460815047,9.75277777777778,998,9.65430861723447
641,357,9.58190327613105,9.76470588235294,998,9.64729458917836
640,358,9.5875,9.75418994413408,998,9.64729458917836
646,353,9.58204334365325,9.75920679886686,999,9.64464464464464
644,354,9.58385093167702,9.74293785310734,998,9.64028056112224
634,365,9.60252365930599,9.73424657534247,999,9.65065065065065
634,365,9.60252365930599,9.71506849315069,999,9.64364364364364
635,363,9.60472440944882,9.69421487603306,998,9.6372745490982
634,364,9.60252365930599,9.68406593406593,998,9.63226452905812
633,362,9.60031595576619,9.67403314917127,995,9.62713567839196
623,375,9.61958266452648,9.688,998,9.64529058116232
618,379,9.61650485436893,9.67810026385224,997,9.63991975927783
617,382,9.63371150729336,9.67015706806283,999,9.64764764764765
617,380,9.645056726094,9.67631578947368,997,9.65697091273822
616,382,9.65097402597403,9.68062827225131,998,9.6623246492986
620,379,9.66290322580645,9.66490765171504,999,9.66366366366366
618,381,9.68284789644013,9.66666666666667,999,9.67667667667668
626,371,9.69169329073482,9.64690026954178,997,9.67502507522568
632,367,9.69303797468354,9.64032697547684,999,9.67367367367367
632,366,9.68354430379747,9.64754098360656,998,9.67034068136273
623,376,9.67415730337079,9.64095744680851,999,9.66166166166166
627,372,9.65709728867624,9.6747311827957,999,9.66366366366366
627,370,9.66985645933014,9.67567567567568,997,9.67201604814443
624,372,9.65865384615385,9.6747311827957,996,9.66465863453815
636,363,9.66509433962264,9.65289256198347,999,9.66066066066066
633,366,9.65718799368089,9.63661202185792,999,9.64964964964965
632,367,9.62974683544304,9.63487738419619,999,9.63163163163163
636,362,9.63050314465409,9.6353591160221,998,9.63226452905812
635,362,9.62204724409449,9.62983425414365,997,9.62487462387161
639,359,9.60876369327073,9.62116991643454,998,9.61322645290581
637,361,9.60596546310832,9.60664819944598,998,9.6062124248497
638,361,9.60501567398119,9.60941828254848,999,9.60660660660661
635,364,9.60472440944882,9.60714285714286,999,9.60560560560561
638,361,9.60188087774295,9.62880886426593,999,9.61161161161161
634,365,9.5993690851735,9.63013698630137,999,9.61061061061061
628,370,9.61305732484076,9.63513513513514,998,9.62124248496994
633,366,9.64296998420221,9.65573770491803,999,9.64764764764765
618,381,9.64401294498382,9.64566929133858,999,9.64464464464464
622,377,9.66077170418006,9.62864721485411,999,9.64864864864865
624,375,9.67147435897436,9.648,999,9.66266266266266
619,379,9.67043618739903,9.63588390501319,998,9.65731462925852
628,371,9.67675159235669,9.65768194070081,999,9.66966966966967
622,377,9.67202572347267,9.6604774535809,999,9.66766766766767
632,367,9.67246835443038,9.66212534059946,999,9.66866866866867
629,369,9.65182829888712,9.65582655826558,998,9.65330661322645
642,356,9.66666666666667,9.66573033707865,998,9.66633266533066
649,350,9.66409861325116,9.68571428571429,999,9.67167167167167
657,340,9.66057838660578,9.66176470588235,997,9.66098294884654
656,341,9.67378048780488,9.65982404692082,997,9.66900702106319
662,336,9.67069486404834,9.65476190476191,998,9.66533066132265
660,339,9.66515151515152,9.66961651917404,999,9.66666666666667
665,332,9.66616541353383,9.66265060240964,997,9.66499498495486
668,330,9.66467065868263,9.66060606060606,998,9.66332665330661
665,334,9.66165413533835,9.66766467065868,999,9.66366366366366
664,335,9.65210843373494,9.65373134328358,999,9.65265265265265
665,333,9.64661654135338,9.68168168168168,998,9.65831663326653
661,338,9.66414523449319,9.67455621301775,999,9.66766766766767
663,335,9.64102564102564,9.66268656716418,998,9.64829659318637
657,342,9.64992389649924,9.6812865497076,999,9.66066066066066
663,336,9.65460030165912,9.66369047619048,999,9.65765765765766
649,349,9.65485362095532,9.67908309455587,998,9.66332665330661
649,348,9.67026194144838,9.69827586206897,997,9.68004012036108
639,357,9.68388106416275,9.69467787114846,996,9.68775100401606
654,344,9.69571865443425,9.70348837209302,998,9.69839679358717
647,351,9.7032457496136,9.7008547008547,998,9.70240480961924
666,332,9.72222222222222,9.71084337349398,998,9.71843687374749
660,339,9.7469696969697,9.70501474926254,999,9.73273273273273
672,327,9.73809523809524,9.69724770642202,999,9.72472472472472
663,336,9.73755656108597,9.70833333333333,999,9.72772772772773
669,330,9.75037369207773,9.71212121212121,999,9.73773773773774
668,331,9.75,9.71601208459215,999,9.73873873873874
671,326,9.74664679582712,9.71472392638037,997,9.73620862587763
687,312,9.74235807860262,9.71153846153846,999,9.73273273273273
696,301,9.76149425287356,9.71428571428571,997,9.74724172517553
702,296,9.76780626780627,9.72297297297297,998,9.75450901803607
702,295,9.75498575498576,9.70847457627119,997,9.74122367101304
701,297,9.7546362339515,9.70707070707071,998,9.74048096192385
705,293,9.73333333333333,9.67918088737201,998,9.71743486973948
713,286,9.73071528751753,9.69230769230769,999,9.71971971971972
712,287,9.73174157303371,9.68989547038328,999,9.71971971971972
718,281,9.73676880222841,9.67615658362989,999,9.71971971971972
714,285,9.74229691876751,9.67719298245614,999,9.72372372372372
711,288,9.73417721518987,9.68055555555556,999,9.71871871871872
706,289,9.72946175637394,9.67474048442907,995,9.71356783919598
708,291,9.72881355932203,9.66666666666667,999,9.71071071071071
701,297,9.73181169757489,9.65319865319865,998,9.70841683366733
699,299,9.7238912732475,9.65886287625418,998,9.70440881763527
708,290,9.74011299435028,9.64137931034483,998,9.71142284569138
716,283,9.73603351955307,9.63957597173145,999,9.70870870870871
710,288,9.73380281690141,9.64236111111111,998,9.70741482965932
710,287,9.73943661971831,9.62717770034843,997,9.70712136409228
713,283,9.74333800841515,9.63604240282685,996,9.71285140562249
711,288,9.74824191279887,9.66666666666667,999,9.72472472472472
712,287,9.74157303370787,9.68292682926829,999,9.72472472472472
703,295,9.74395448079659,9.67796610169492,998,9.72444889779559
705,292,9.72765957446808,9.6986301369863,997,9.71915747241725
712,287,9.73033707865168,9.70383275261324,999,9.72272272272272
710,289,9.74366197183099,9.70934256055363,999,9.73373373373373
707,291,9.74681753889675,9.70790378006873,998,9.73547094188377
707,292,9.74398868458274,9.72945205479452,999,9.73973973973974
712,287,9.74016853932584,9.75261324041812,999,9.74374374374374
711,287,9.74964838255977,9.76306620209059,998,9.75350701402806
711,288,9.74402250351617,9.77083333333333,999,9.75175175175175
711,288,9.74261603375527,9.76388888888889,999,9.74874874874875
710,287,9.75633802816901,9.76306620209059,997,9.75827482447342
712,287,9.74719101123596,9.77700348432056,999,9.75575575575576
710,288,9.74788732394366,9.78819444444444,998,9.75951903807615
704,295,9.76278409090909,9.76610169491526,999,9.76376376376376
703,294,9.77667140825035,9.7891156462585,997,9.78034102306921
697,301,9.77905308464849,9.79734219269103,998,9.78456913827655
697,301,9.7819225251076,9.7906976744186,998,9.78456913827655
692,306,9.78323699421965,9.81372549019608,998,9.79258517034068
689,308,9.78374455732946,9.79545454545454,997,9.78736208625878
684,314,9.78508771929824,9.79617834394904,998,9.78857715430862
686,312,9.78279883381924,9.77884615384615,998,9.78156312625251
681,316,9.78267254038179,9.77848101265823,997,9.78134403209629
687,312,9.78748180494905,9.77884615384615,999,9.78478478478478
681,317,9.78120411160059,9.76971608832808,998,9.77755511022044
687,310,9.78893740902475,9.76451612903226,997,9.78134403209629
679,319,9.78645066273932,9.76175548589342,998,9.77855711422846
682,317,9.80058651026393,9.76656151419558,999,9.78978978978979
679,320,9.80412371134021,9.7625,999,9.79079079079079
688,311,9.80087209302326,9.7524115755627,999,9.78578578578579
697,302,9.79913916786227,9.7317880794702,999,9.77877877877878
692,306,9.80924855491329,9.73529411764706,998,9.78657314629259
690,308,9.80434782608696,9.74025974025974,998,9.78456913827655
695,303,9.80143884892086,9.74257425742574,998,9.78356713426854
694,305,9.80979827089337,9.76065573770492,999,9.79479479479479
695,303,9.82014388489209,9.76567656765677,998,9.80360721442886
703,295,9.81934566145092,9.80338983050848,998,9.81462925851703
699,299,9.82260371959943,9.79933110367893,998,9.81563126252505
694,304,9.82420749279539,9.8125,998,9.82064128256513
690,308,9.83623188405797,9.80844155844156,998,9.82765531062124
693,306,9.83261183261183,9.80392156862745,999,9.82382382382382
687,310,9.8311499272198,9.79354838709677,997,9.81945837512538
684,314,9.83625730994152,9.78025477707006,998,9.8186372745491
682,316,9.81964809384164,9.78164556962025,998,9.80761523046092
680,319,9.82647058823529,9.78996865203762,999,9.81481481481481
686,313,9.82215743440233,9.80830670926518,999,9.81781781781782
675,324,9.81481481481481,9.81172839506173,999,9.81381381381381
672,327,9.8125,9.82262996941896,999,9.81581581581582
673,325,9.81426448736999,9.82461538461538,998,9.81763527054108
673,326,9.82615156017831,9.84049079754601,999,9.83083083083083
677,322,9.81536189069424,9.82919254658385,999,9.81981981981982
673,325,9.81872213967311,9.82769230769231,998,9.82164328657315
673,325,9.80980683506687,9.82769230769231,998,9.81563126252505
677,322,9.8109305760709,9.83229813664596,999,9.81781781781782
684,315,9.8172514619883,9.82857142857143,999,9.82082082082082
682,317,9.8049853372434,9.82965299684543,999,9.81281281281281
690,307,9.81304347826087,9.84039087947883,997,9.82146439317954
688,310,9.80813953488372,9.83870967741935,998,9.81763527054108
695,303,9.79712230215827,9.83828382838284,998,9.80961923847695
688,309,9.79505813953488,9.8284789644013,997,9.80541624874624
688,311,9.79505813953488,9.82636655948553,999,9.8048048048048
690,309,9.80579710144928,9.8284789644013,999,9.81281281281281
685,314,9.8043795620438,9.8312101910828,999,9.81281281281281
681,318,9.79735682819383,9.83018867924528,999,9.80780780780781
680,319,9.78529411764706,9.82445141065831,999,9.7977977977978
678,320,9.78171091445428,9.83125,998,9.79759519038076
675,324,9.77185185185185,9.84567901234568,999,9.7957957957958
673,326,9.7741456166419,9.84969325153374,999,9.7987987987988
677,322,9.76809453471196,9.8695652173913,999,9.8008008008008
676,320,9.76183431952663,9.8625,996,9.79417670682731
671,326,9.76751117734724,9.84662576687117,997,9.79338014042126
674,322,9.77744807121662,9.83850931677019,996,9.79718875502008
679,320,9.77466863033873,9.853125,999,9.7997997997998
672,326,9.78422619047619,9.84355828220859,998,9.80360721442886
666,333,9.78528528528529,9.84684684684685,999,9.80580580580581
664,335,9.78915662650602,9.85074626865672,999,9.80980980980981
657,341,9.78538812785388,9.86510263929619,998,9.812625250501
660,337,9.79090909090909,9.87240356083086,997,9.81845536609829
666,332,9.8003003003003,9.86746987951807,998,9.82264529058116
663,334,9.79939668174962,9.85928143712575,997,9.81945837512538
666,331,9.8048048048048,9.86404833836858,997,9.82447342026078
657,341,9.82191780821918,9.87096774193548,998,9.83867735470942
653,345,9.80245022970903,9.86666666666667,998,9.82464929859719
644,355,9.80124223602484,9.86197183098592,999,9.82282282282282
648,351,9.80246913580247,9.85185185185185,999,9.81981981981982
637,361,9.8116169544741,9.8421052631579,998,9.82264529058116
646,353,9.80495356037152,9.8385269121813,999,9.81681681681682
647,351,9.80216383307573,9.82336182336182,998,9.80961923847695
653,346,9.80551301684533,9.82658959537572,999,9.81281281281281
653,346,9.81776416539051,9.84104046242775,999,9.82582582582583
656,342,9.80792682926829,9.8421052631579,998,9.81963927855711
656,341,9.8109756097561,9.85630498533724,997,9.82647943831494
654,344,9.80428134556575,9.86337209302326,998,9.82464929859719
642,355,9.80373831775701,9.86197183098592,997,9.82447342026078
639,359,9.82003129890454,9.84679665738162,998,9.82965931863727
637,360,9.81004709576138,9.86388888888889,997,9.82948846539619
638,360,9.80407523510972,9.86388888888889,998,9.82565130260521
633,366,9.80252764612954,9.85245901639344,999,9.82082082082082
641,358,9.798751950078,9.85195530726257,999,9.81781781781782
639,359,9.80594679186228,9.85793871866295,998,9.82464929859719
635,364,9.79527559055118,9.8489010989011,999,9.81481481481481
628,370,9.80254777070064,9.84594594594595,998,9.8186372745491
618,381,9.78478964401294,9.8503937007874,999,9.80980980980981
623,376,9.78170144462279,9.86170212765957,999,9.81181181181181
629,368,9.78855325914149,9.86141304347826,997,9.81544633901705
629,370,9.78855325914149,9.86216216216216,999,9.81581581581582
625,374,9.7776,9.8475935828877,999,9.8038038038038
623,374,9.76886035313002,9.84224598930481,997,9.79638916750251
620,377,9.76129032258065,9.83554376657825,997,9.78936810431294
624,374,9.77564102564103,9.83957219251337,998,9.79959919839679
614,384,9.78013029315961,9.83072916666667,998,9.79959919839679
610,389,9.77540983606557,9.85347043701799,999,9.80580580580581
617,381,9.77795786061588,9.85826771653543,998,9.80861723446894
619,380,9.78029079159935,9.86578947368421,999,9.81281281281281
621,377,9.77938808373591,9.86206896551724,998,9.81062124248497
621,377,9.78743961352657,9.85676392572944,998,9.81362725450902
630,369,9.78253968253968,9.86178861788618,999,9.81181181181181
627,370,9.78947368421053,9.85135135135135,997,9.81243731193581
637,360,9.79748822605965,9.86111111111111,997,9.82046138415246
638,361,9.79780564263323,9.87257617728532,999,9.82482482482482
634,365,9.7981072555205,9.87671232876712,999,9.82682682682683
628,371,9.79140127388535,9.88409703504043,999,9.82582582582583
632,367,9.80379746835443,9.88828337874659,999,9.83483483483483
639,360,9.79968701095462,9.89722222222222,999,9.83483483483483
632,367,9.80063291139241,9.89100817438692,999,9.83383383383383
631,366,9.79873217115689,9.89071038251366,997,9.83249749247743
631,368,9.79873217115689,9.88315217391304,999,9.82982982982983
623,375,9.81059390048154,9.888,998,9.83967935871743
630,368,9.80634920634921,9.89130434782609,998,9.8376753507014
633,366,9.80726698262243,9.89890710382514,999,9.84084084084084
640,358,9.7953125,9.88826815642458,998,9.82865731462926
640,356,9.796875,9.8876404494382,996,9.82931726907631
644,355,9.79192546583851,9.88450704225352,999,9.82482482482482
635,364,9.79055118110236,9.88736263736264,999,9.82582582582583
629,369,9.79809220985692,9.88346883468835,998,9.82965931863727
626,372,9.79872204472843,9.88978494623656,998,9.83266533066132
618,379,9.80582524271845,9.88390501319261,997,9.83550651955868
620,377,9.8,9.89389920424403,997,9.83550651955868
634,364,9.81072555205047,9.88461538461539,998,9.8376753507014
636,361,9.80503144654088,9.88919667590028,997,9.83550651955868
628,370,9.80732484076433,9.88648648648649,998,9.83667334669339
626,372,9.80191693290735,9.9005376344086,998,9.83867735470942
635,364,9.80314960629921,9.90934065934066,999,9.84184184184184
619,379,9.80452342487884,9.92084432717678,998,9.84869739478958
624,375,9.80769230769231,9.928,999,9.85285285285285
617,382,9.81199351701783,9.92931937172775,999,9.85685685685686
621,376,9.80193236714976,9.93085106382979,997,9.85055165496489
622,376,9.81189710610932,9.92287234042553,998,9.85370741482966
620,379,9.80967741935484,9.9287598944591,999,9.85485485485485
614,385,9.80456026058632,9.92207792207792,999,9.84984984984985
601,397,9.80033277870216,9.92191435768262,998,9.84869739478958
595,404,9.80504201680672,9.92574257425743,999,9.85385385385385
592,407,9.79560810810811,9.92383292383292,999,9.84784784784785
596,403,9.80201342281879,9.92555831265509,999,9.85185185185185
588,411,9.80952380952381,9.92214111922141,999,9.85585585585586
587,412,9.80919931856899,9.92961165048544,999,9.85885885885886
578,421,9.80795847750865,9.93111638954869,999,9.85985985985986
583,416,9.81818181818182,9.93509615384615,999,9.86686686686687
583,415,9.82847341337907,9.93012048192771,998,9.87074148296593
591,407,9.8409475465313,9.92628992628993,998,9.87575150300601
591,406,9.8409475465313,9.92857142857143,997,9.87662988966901
601,398,9.84858569051581,9.9321608040201,999,9.88188188188188
597,401,9.85259631490787,9.92768079800499,998,9.88276553106212
598,401,9.84615384615385,9.92768079800499,999,9.87887887887888
604,395,9.84105960264901,9.92911392405063,999,9.87587587587588
603,396,9.82918739635157,9.92424242424242,999,9.86686686686687
613,382,9.83360522022839,9.92670157068063,995,9.86934673366834
603,396,9.83416252072968,9.92424242424242,999,9.86986986986987
609,390,9.83908045977011,9.92051282051282,999,9.87087087087087
605,393,9.84462809917355,9.9236641221374,998,9.87575150300601
614,384,9.84690553745928,9.93229166666667,998,9.87975951903808
614,384,9.85179153094463,9.93489583333333,998,9.88376753507014
609,390,9.84893267651888,9.93846153846154,999,9.88388388388388
613,384,9.84502446982055,9.9375,997,9.88064192577733
611,388,9.84288052373159,9.93298969072165,999,9.87787787787788
616,383,9.84415584415584,9.92689295039164,999,9.87587587587588
610,388,9.83934426229508,9.92783505154639,998,9.87374749498998
607,392,9.84349258649094,9.93112244897959,999,9.87787787787788
608,389,9.8421052631579,9.93573264781491,997,9.87863590772317
598,401,9.8428093645485,9.9426433915212,999,9.88288288288288
597,402,9.85092127303183,9.94278606965174,999,9.88788788788789
597,400,9.85092127303183,9.945,997,9.88866599799398
601,398,9.85524126455907,9.94974874371859,999,9.89289289289289
588,411,9.85714285714286,9.94160583941606,999,9.89189189189189
583,416,9.86449399656947,9.93990384615385,999,9.8958958958959
572,427,9.85314685314685,9.93911007025761,999,9.88988988988989
574,425,9.85017421602787,9.94117647058824,999,9.88888888888889
576,423,9.85590277777778,9.94089834515366,999,9.89189189189189
577,422,9.85095320623917,9.94549763033175,999,9.89089089089089
577,422,9.85615251299827,9.94312796208531,999,9.89289289289289
571,427,9.85288966725044,9.93911007025761,998,9.88977955911824
580,419,9.86206896551724,9.93794749403341,999,9.89389389389389
577,422,9.86655112651646,9.93364928909953,999,9.89489489489489
593,406,9.86846543001686,9.93596059113301,999,9.8958958958959
596,403,9.85906040268456,9.94044665012407,999,9.89189189189189
596,402,9.85570469798658,9.94776119402985,998,9.89278557114229
604,395,9.8658940397351,9.94683544303797,999,9.8978978978979
598,401,9.86622073578595,9.94763092269327,999,9.8988988988989
607,390,9.86985172981878,9.94615384615385,997,9.89969909729188
612,387,9.86274509803922,9.95348837209302,999,9.8978978978979
617,382,9.86223662884927,9.95287958115183,999,9.8968968968969
604,394,9.86258278145695,9.95177664974619,998,9.89779559118236
608,391,9.86184210526316,9.95652173913044,999,9.8988988988989
602,396,9.86046511627907,9.9520202020202,998,9.89679358717435
599,400,9.86143572621035,9.96,999,9.9009009009009
585,412,9.85641025641026,9.96601941747573,997,9.90170511534604
589,410,9.85908319185059,9.97073170731707,999,9.9049049049049
582,416,9.8573883161512,9.97355769230769,998,9.90581162324649
587,412,9.85519591141397,9.97087378640777,999,9.9029029029029
587,412,9.84838160136286,9.97330097087379,999,9.8998998998999
584,414,9.85958904109589,9.97101449275362,998,9.90581162324649
581,417,9.86402753872633,9.96882494004796,998,9.90781563126252
583,414,9.85763293310463,9.96859903381642,997,9.9037111334002
578,419,9.86159169550173,9.96897374701671,997,9.90672016048144
572,426,9.86363636363636,9.96948356807512,998,9.90881763527054
572,427,9.85839160839161,9.9672131147541,999,9.9049049049049
574,423,9.85365853658537,9.9645390070922,997,9.90070210631896
574,425,9.86236933797909,9.96941176470588,999,9.90790790790791
575,424,9.87304347826087,9.96933962264151,999,9.91391391391391
579,420,9.86355785837651,9.97142857142857,999,9.90890890890891
585,414,9.86495726495727,9.96618357487923,999,9.90690690690691
584,415,9.86301369863014,9.96867469879518,999,9.90690690690691
583,416,9.86792452830189,9.96875,999,9.90990990990991
589,410,9.86587436332767,9.97073170731707,999,9.90890890890891
600,399,9.86166666666667,9.96992481203008,999,9.9049049049049
592,404,9.875,9.97524752475248,996,9.91566265060241
604,394,9.87748344370861,9.96700507614213,998,9.9128256513026
604,395,9.88079470198675,9.9746835443038,999,9.91791791791792
607,392,9.8830313014827,9.97704081632653,999,9.91991991991992
607,390,9.87973640856672,9.97692307692308,997,9.91775325977934
597,400,9.87437185929648,9.985,997,9.91875626880642
603,396,9.86567164179104,9.98232323232323,999,9.91191191191191
597,402,9.88274706867672,9.98258706467662,999,9.92292292292292
605,393,9.87438016528926,9.9821882951654,998,9.91683366733467
607,390,9.87149917627677,9.98205128205128,997,9.91474423269809
610,389,9.87049180327869,9.98714652956298,999,9.91591591591592
610,389,9.87704918032787,9.98457583547558,999,9.91891891891892
608,390,9.87171052631579,9.98717948717949,998,9.91683366733467
599,396,9.86811352253756,9.98232323232323,995,9.91356783919598
601,398,9.86522462562396,9.98492462311558,999,9.91291291291291
597,402,9.84924623115578,9.98756218905473,999,9.9049049049049
591,406,9.85109983079526,9.98768472906404,997,9.90672016048144
591,408,9.85109983079526,9.99019607843137,999,9.90790790790791
593,406,9.84654300168634,9.99014778325123,999,9.9049049049049
598,399,9.84615384615385,9.99498746867168,997,9.90571715145436
589,409,9.84380305602716,9.99511002444988,998,9.90581162324649
586,413,9.84982935153584,9.99515738498789,999,9.90990990990991
577,419,9.8526863084922,9.99522673031026,996,9.91265060240964
573,422,9.85514834205934,9.99526066350711,995,9.91457286432161
582,417,9.86082474226804,9.99520383693046,999,9.91691691691692
582,417,9.86254295532646,9.99520383693046,999,9.91791791791792
577,421,9.85615251299827,9.99524940617577,998,9.91482965931864
577,420,9.86481802426343,9.99761904761905,997,9.92076228686058
573,426,9.86212914485166,9.99765258215962,999,9.91991991991992
572,427,9.86538461538461,9.99765807962529,999,9.92192192192192
564,435,9.86347517730496,9.99770114942529,999,9.92192192192192
577,421,9.8682842287695,9.99762470308789,998,9.92284569138276
572,426,9.86188811188811,9.99765258215962,998,9.91983967935872
582,417,9.85395189003436,9.99760191846523,999,9.91391391391391
579,419,9.85146804835924,9.99522673031026,998,9.91182364729459
580,416,9.83448275862069,9.99519230769231,996,9.90160642570281
579,420,9.8307426597582,9.99285714285714,999,9.8988988988989
585,413,9.82735042735043,9.99273607748184,998,9.89579158316633
583,415,9.83190394511149,9.99277108433735,998,9.89879759519038
583,415,9.82504288164666,9.99036144578313,998,9.8937875751503
579,420,9.8307426597582,9.99047619047619,999,9.8978978978979
585,413,9.83418803418803,9.98789346246973,998,9.89779559118236
594,403,9.83670033670034,9.99007444168734,997,9.89869608826479
591,408,9.83587140439932,9.99019607843137,999,9.8988988988989
595,404,9.82689075630252,9.99257425742574,999,9.89389389389389
584,415,9.83561643835616,9.99277108433735,999,9.9009009009009
588,411,9.82823129251701,9.99270072992701,999,9.8958958958959
577,421,9.84055459272097,9.99287410926366,998,9.90480961923848
592,407,9.84290540540541,9.99262899262899,999,9.9039039039039
582,417,9.85051546391753,9.99520383693046,999,9.91091091091091
587,411,9.86201022146508,9.99513381995134,998,9.91683366733467
584,414,9.85102739726027,9.9951690821256,998,9.91082164328657
580,416,9.85689655172414,9.99519230769231,996,9.91465863453815
580,419,9.84655172413793,9.99522673031026,999,9.90890890890891
582,415,9.84879725085911,9.99518072289157,997,9.90972918756269
575,424,9.84173913043478,9.99292452830189,999,9.90590590590591
578,421,9.83910034602076,9.99287410926366,999,9.9039039039039
568,430,9.84154929577465,9.99069767441861,998,9.90581162324649
563,434,9.83836589698046,9.99078341013825,997,9.90471414242728
566,433,9.8321554770318,9.98845265588915,999,9.8998998998999
570,428,9.82982456140351,9.99299065420561,998,9.8997995991984
575,422,9.82434782608696,9.99289099526066,997,9.89568706118355
567,430,9.81481481481481,9.9953488372093,997,9.89267803410231
568,431,9.81161971830986,9.9953596287703,999,9.89089089089089
565,434,9.81946902654867,9.99539170506912,999,9.8958958958959
567,431,9.81481481481481,9.9953596287703,998,9.89278557114229
566,432,9.81978798586572,9.99537037037037,998,9.89579158316633
569,429,9.8207381370826,9.995337995338,998,9.89579158316633
575,424,9.82608695652174,9.99528301886792,999,9.8978978978979
575,422,9.82608695652174,9.99763033175356,997,9.89869608826479
576,423,9.82118055555556,9.99763593380615,999,9.8958958958959
580,419,9.82586206896552,9.99761336515513,999,9.8978978978979
581,417,9.81927710843373,10.0,998,9.89478957915832
578,421,9.81141868512111,10.0,999,9.89089089089089
578,421,9.81487889273356,10.0,999,9.89289289289289
575,424,9.81391304347826,10.0,999,9.89289289289289
574,424,9.81707317073171,10.0,998,9.89478957915832
572,425,9.81118881118881,10.0,997,9.89167502507523
561,436,9.80748663101604,10.0,997,9.89167502507523
552,447,9.79166666666667,10.0,999,9.88488488488488
555,442,9.79279279279279,10.0,997,9.88465396188566
550,446,9.79636363636364,10.0,996,9.88755020080321
553,446,9.81012658227848,10.0,999,9.89489489489489
544,453,9.8125,10.0,997,9.89769307923771
553,446,9.81012658227848,10.0,999,9.89489489489489
538,461,9.80111524163569,10.0,999,9.89289289289289
547,451,9.79524680073126,10.0,998,9.88777555110221
543,453,9.79558011049724,10.0,996,9.88855421686747
541,458,9.79482439926063,10.0,999,9.88888888888889
532,467,9.80827067669173,10.0,999,9.8978978978979
535,463,9.80373831775701,10.0,998,9.89478957915832
526,472,9.80798479087452,10.0,998,9.89879759519038
526,470,9.81178707224335,10.0,996,9.90060240963855
520,479,9.79615384615385,10.0,999,9.89389389389389
527,472,9.7988614800759,10.0,999,9.89389389389389
516,483,9.79651162790698,10.0,999,9.89489489489489
523,476,9.78202676864245,10.0,999,9.88588588588589
519,480,9.78034682080925,10.0,999,9.88588588588589
528,470,9.77462121212121,10.0,998,9.88076152304609
526,472,9.79467680608365,10.0,998,9.89178356713427
526,473,9.79277566539924,10.0,999,9.89089089089089
530,468,9.79622641509434,10.0,998,9.89178356713427
536,462,9.78917910447761,10.0,998,9.88677354709419
528,469,9.79356060606061,10.0,997,9.89067201604814
532,465,9.79135338345865,10.0,997,9.88866599799398
524,475,9.7881679389313,10.0,999,9.88888888888889
517,481,9.79303675048356,10.0,998,9.89278557114229
510,486,9.79803921568628,10.0,996,9.89658634538153
512,487,9.79296875,10.0,999,9.89389389389389
508,491,9.80314960629921,10.0,999,9.8998998998999
503,493,9.79522862823062,10.0,996,9.89658634538153
505,494,9.79405940594059,10.0,999,9.8958958958959
498,501,9.79317269076305,10.0,999,9.8968968968969
499,500,9.79959919839679,10.0,999,9.8998998998999
495,503,9.8020202020202,10.0,998,9.90180360721443
498,498,9.79718875502008,10.0,996,9.89859437751004
494,504,9.79757085020243,10.0,998,9.8997995991984
497,502,9.80482897384306,10.0,999,9.9029029029029
503,493,9.80914512922465,10.0,996,9.90361445783133
501,498,9.81037924151697,10.0,999,9.9049049049049
508,490,9.80511811023622,10.0,998,9.90080160320641
504,495,9.80357142857143,10.0,999,9.9009009009009
495,503,9.79393939393939,10.0,998,9.89779559118236
500,499,9.804,10.0,999,9.9019019019019
499,500,9.79759519038076,10.0,999,9.8988988988989
501,497,9.80439121756487,10.0,998,9.90180360721443
505,494,9.80594059405941,10.0,999,9.9019019019019
505,493,9.81782178217822,10.0,998,9.90781563126252
493,505,9.81947261663286,10.0,998,9.91082164328657
500,497,9.812,10.0,997,9.90571715145436
491,507,9.81670061099796,10.0,998,9.90981963927856
485,513,9.81855670103093,10.0,998,9.91182364729459
484,515,9.83057851239669,10.0,999,9.91791791791792
476,523,9.82983193277311,10.0,999,9.91891891891892
477,521,9.83018867924528,10.0,998,9.9188376753507
472,526,9.8156779661017,10.0,998,9.9128256513026
484,514,9.82644628099174,10.0,998,9.91583166332665
486,512,9.83127572016461,10.0,998,9.91783567134268
500,497,9.83,10.0,997,9.91474423269809
505,494,9.83366336633663,10.0,999,9.91591591591592
508,490,9.8248031496063,10.0,998,9.91082164328657
507,492,9.83431952662722,10.0,999,9.91591591591592
503,495,9.82107355864811,10.0,998,9.90981963927856
501,498,9.82435129740519,10.0,999,9.91191191191191
505,494,9.82574257425743,10.0,999,9.91191191191191
509,490,9.82121807465619,10.0,999,9.90890890890891
510,489,9.83137254901961,10.0,999,9.91391391391391
509,489,9.83104125736739,10.0,998,9.91382765531062
510,488,9.83725490196078,10.0,998,9.91683366733467
514,483,9.83463035019455,10.0,997,9.91474423269809
507,491,9.84615384615385,10.0,998,9.92184368737475
513,486,9.84795321637427,10.0,999,9.92192192192192
504,495,9.8531746031746,10.0,999,9.92592592592593
504,494,9.8531746031746,10.0,998,9.92585170340681
494,504,9.8582995951417,10.0,998,9.92985971943888
483,514,9.86128364389234,10.0,997,9.93279839518556
478,520,9.85355648535565,10.0,998,9.92985971943888
472,525,9.85593220338983,10.0,997,9.93179538615848
467,532,9.85867237687366,10.0,999,9.93393393393393
472,526,9.86016949152542,10.0,998,9.93386773547094
472,527,9.86228813559322,10.0,999,9.93493493493493
476,523,9.85924369747899,10.0,999,9.93293293293293
476,523,9.85924369747899,10.0,999,9.93293293293293
479,518,9.85594989561587,10.0,997,9.93079237713139
482,517,9.850622406639,10.0,999,9.92792792792793
488,510,9.86270491803279,10.0,998,9.93286573146293
494,502,9.85627530364373,10.0,996,9.92871485943775
502,497,9.86454183266932,10.0,999,9.93193193193193
507,492,9.87376725838264,10.0,999,9.93593593593594
506,493,9.87944664031621,10.0,999,9.93893893893894
508,490,9.88779527559055,10.0,998,9.94288577154309
509,490,9.89783889980354,10.0,999,9.94794794794795
506,493,9.90316205533597,10.0,999,9.95095095095095
494,503,9.90283400809717,10.0,997,9.9518555667001
500,499,9.902,10.0,999,9.95095095095095
494,505,9.89676113360324,10.0,999,9.94894894894895
498,500,9.89558232931727,10.0,998,9.94789579158317
488,510,9.89344262295082,10.0,998,9.94789579158317
505,494,9.88514851485149,10.0,999,9.94194194194194
495,503,9.90707070707071,10.0,998,9.95390781563126
510,489,9.90588235294118,10.0,999,9.95195195195195
507,491,9.90138067061144,10.0,998,9.9498997995992
526,471,9.90114068441065,10.0,997,9.94784353059178
520,479,9.90384615384615,10.0,999,9.94994994994995
519,479,9.89980732177264,10.0,998,9.94789579158317
527,470,9.89563567362429,10.0,997,9.94483450351053
538,460,9.89405204460967,10.0,998,9.94288577154309
541,458,9.8909426987061,10.0,999,9.94094094094094
547,452,9.88848263254113,10.0,999,9.93893893893894
547,451,9.89396709323583,10.0,998,9.94188376753507
551,448,9.89473684210526,10.0,999,9.94194194194194
552,447,9.89311594202899,10.0,999,9.94094094094094
547,452,9.90127970749543,10.0,999,9.94594594594595
542,456,9.89483394833948,10.0,998,9.94288577154309
538,460,9.89776951672862,10.0,998,9.94488977955912
529,469,9.90170132325142,10.0,998,9.94789579158317
526,473,9.89733840304183,10.0,999,9.94594594594595
534,464,9.8876404494382,10.0,998,9.93987975951904
520,479,9.88269230769231,10.0,999,9.93893893893894
518,481,9.88030888030888,10.0,999,9.93793793793794
506,493,9.87549407114624,10.0,999,9.93693693693694
511,488,9.89041095890411,10.0,999,9.94394394394394
510,488,9.88823529411765,10.0,998,9.94288577154309
511,488,9.89628180039139,10.0,999,9.94694694694695
507,492,9.89151873767258,10.0,999,9.94494494494494
517,482,9.89941972920696,10.0,999,9.94794794794795
521,478,9.89251439539347,10.0,999,9.94394394394394
524,475,9.8969465648855,10.0,999,9.94594594594595
527,472,9.89184060721063,10.0,999,9.94294294294294
528,470,9.90151515151515,10.0,998,9.94789579158317
526,472,9.90114068441065,10.0,998,9.94789579158317
526,472,9.89543726235742,10.0,998,9.94488977955912
526,473,9.90304182509506,10.0,999,9.94894894894895
518,480,9.8976833976834,10.0,998,9.94689378757515
523,474,9.90439770554493,10.0,997,9.94984954864594
522,477,9.90421455938697,10.0,999,9.94994994994995
522,476,9.90038314176245,10.0,998,9.94789579158317
516,481,9.89728682170543,10.0,997,9.94684052156469
524,475,9.90458015267176,10.0,999,9.94994994994995
518,480,9.89382239382239,10.0,998,9.94488977955912
524,475,9.89885496183206,10.0,999,9.94694694694695
514,485,9.89688715953307,10.0,999,9.94694694694695
520,478,9.90576923076923,10.0,998,9.95090180360721
507,492,9.90138067061144,10.0,999,9.94994994994995
512,487,9.90625,10.0,999,9.95195195195195
500,499,9.9,10.0,999,9.94994994994995
504,494,9.90079365079365,10.0,998,9.9498997995992
496,502,9.90322580645161,10.0,998,9.95190380761523
507,492,9.90138067061144,10.0,999,9.94994994994995
489,506,9.9079754601227,10.0,995,9.95477386934673
498,498,9.8995983935743,10.0,996,9.94979919678715
496,503,9.8991935483871,10.0,999,9.94994994994995
501,498,9.89820359281437,10.0,999,9.94894894894895
491,508,9.89613034623218,10.0,999,9.94894894894895
502,492,9.89641434262948,10.0,994,9.9476861167002
499,500,9.8937875751503,10.0,999,9.94694694694695
492,505,9.89430894308943,10.0,997,9.94784353059178
500,498,9.888,10.0,998,9.9438877755511
493,506,9.89452332657201,10.0,999,9.94794794794795
493,506,9.89452332657201,10.0,999,9.94794794794795
487,512,9.8911704312115,10.0,999,9.94694694694695
491,508,9.88594704684318,10.0,999,9.94394394394394
495,502,9.89090909090909,10.0,997,9.94583751253761
496,503,9.88508064516129,10.0,999,9.94294294294294
497,500,9.88933601609658,10.0,997,9.94483450351053
490,508,9.89183673469388,10.0,998,9.94689378757515
482,516,9.88174273858921,10.0,998,9.94288577154309
484,515,9.8801652892562,10.0,999,9.94194194194194
477,519,9.87631027253669,10.0,996,9.94076305220884
478,521,9.88075313807531,10.0,999,9.94294294294294
486,513,9.87448559670782,10.0,999,9.93893893893894
492,506,9.8739837398374,10.0,998,9.93787575150301
485,513,9.89072164948454,10.0,998,9.94689378757515
484,515,9.89256198347107,10.0,999,9.94794794794795
485,514,9.89896907216495,10.0,999,9.95095095095095
480,518,9.88958333333333,10.0,998,9.94689378757515
475,523,9.88631578947368,10.0,998,9.94589178356713
473,524,9.87737843551797,10.0,997,9.94182547642929
479,520,9.88935281837161,10.0,999,9.94694694694695
473,526,9.89217758985201,10.0,999,9.94894894894895
479,520,9.89352818371608,10.0,999,9.94894894894895
481,518,9.88773388773389,10.0,999,9.94594594594595
478,519,9.88702928870293,10.0,997,9.94583751253761
477,521,9.89517819706499,10.0,998,9.9498997995992
486,513,9.89506172839506,10.0,999,9.94894894894895
494,505,9.89473684210526,10.0,999,9.94794794794795
497,501,9.89738430583501,10.0,998,9.94889779559118
497,502,9.89738430583501,10.0,999,9.94894894894895
495,503,9.9010101010101,10.0,998,9.95090180360721
500,499,9.902,10.0,999,9.95095095095095
498,501,9.90562248995984,10.0,999,9.95295295295295
502,497,9.91035856573705,10.0,999,9.95495495495495
518,481,9.91698841698842,10.0,999,9.95695695695696
518,480,9.91312741312741,10.0,998,9.95490981963928
519,480,9.91522157996146,10.0,999,9.95595595595596
526,473,9.91634980988593,10.0,999,9.95595595595596
534,463,9.91385767790262,10.0,997,9.95386158475426
538,460,9.92193308550186,10.0,998,9.95791583166333
538,461,9.92007434944238,10.0,999,9.95695695695696
540,456,9.91481481481481,10.0,996,9.95381526104418
541,458,9.909426987061,10.0,999,9.95095095095095
540,457,9.91111111111111,10.0,997,9.9518555667001
531,466,9.91337099811676,10.0,997,9.95386158475426
535,463,9.9177570093458,10.0,998,9.95591182364729
528,471,9.91666666666667,10.0,999,9.95595595595596
536,461,9.9160447761194,10.0,997,9.95486459378134
531,465,9.91713747645951,10.0,996,9.95582329317269
533,466,9.91181988742964,10.0,999,9.95295295295295
527,472,9.90702087286527,10.0,999,9.95095095095095
529,470,9.91304347826087,10.0,999,9.95395395395395
533,466,9.90431519699812,10.0,999,9.94894894894895
536,463,9.89925373134328,10.0,999,9.94594594594595
534,463,9.89700374531835,10.0,997,9.94483450351053
534,465,9.90074906367041,10.0,999,9.94694694694695
539,458,9.90166975881262,10.0,997,9.94684052156469
533,463,9.906191369606,10.0,996,9.94979919678715
538,461,9.90148698884758,10.0,999,9.94694694694695
545,454,9.9045871559633,10.0,999,9.94794794794795
546,451,9.8974358974359,10.0,997,9.94383149448345
548,450,9.89051094890511,10.0,998,9.93987975951904
542,457,9.88929889298893,10.0,999,9.93993993993994
551,447,9.88747731397459,10.0,998,9.93787575150301
552,445,9.88586956521739,10.0,997,9.93681043129388
555,443,9.88288288288288,10.0,998,9.93486973947896
544,452,9.88786764705882,10.0,996,9.93875502008032
546,452,9.9010989010989,10.0,998,9.94589178356713
549,449,9.89799635701275,10.0,998,9.9438877755511
547,451,9.89762340036563,10.0,998,9.9438877755511
538,461,9.8996282527881,10.0,999,9.94594594594595
549,450,9.90163934426229,10.0,999,9.94594594594595
547,452,9.89762340036563,10.0,999,9.94394394394394
552,447,9.89855072463768,10.0,999,9.94394394394394
545,453,9.90091743119266,10.0,998,9.94589178356713
555,444,9.8972972972973,10.0,999,9.94294294294294
552,447,9.89492753623188,10.0,999,9.94194194194194
556,442,9.88669064748201,10.0,998,9.93687374749499
548,449,9.89416058394161,10.0,997,9.94182547642929
549,448,9.89617486338798,10.0,997,9.94282848545637
548,450,9.90328467153285,10.0,998,9.94689378757515
552,447,9.90579710144928,10.0,999,9.94794794794795
557,442,9.91023339317774,10.0,999,9.94994994994995
551,446,9.91288566243194,10.0,997,9.9518555667001
559,440,9.92128801431127,10.0,999,9.95595595595596
557,441,9.92100538599641,10.0,998,9.95591182364729
563,436,9.92184724689165,10.0,999,9.95595595595596
558,441,9.93189964157706,10.0,999,9.96196196196196
568,431,9.9330985915493,10.0,999,9.96196196196196
569,429,9.9402460456942,10.0,998,9.96593186372746
569,430,9.94376098418278,10.0,999,9.96796796796797
566,433,9.9469964664311,10.0,999,9.96996996996997
556,442,9.95323741007194,10.0,998,9.97394789579158
559,440,9.95885509838998,10.0,999,9.97697697697698
557,439,9.95870736086176,10.0,996,9.97690763052209
552,445,9.96014492753623,10.0,997,9.97793380140421
549,450,9.96174863387978,10.0,999,9.97897897897898
546,451,9.95787545787546,10.0,997,9.97693079237713
547,452,9.95429616087751,10.0,999,9.97497497497497
545,453,9.95596330275229,10.0,998,9.97595190380762
545,451,9.94495412844037,10.0,996,9.96987951807229
543,456,9.94475138121547,10.0,999,9.96996996996997
547,451,9.94149908592322,10.0,998,9.96793587174349
554,444,9.94404332129964,10.0,998,9.9689378757515
562,435,9.94128113879004,10.0,997,9.96690070210632
565,434,9.93628318584071,10.0,999,9.96396396396396
567,431,9.94179894179894,10.0,998,9.96693386773547
564,435,9.93439716312057,10.0,999,9.96296296296296
568,431,9.9419014084507,10.0,999,9.96696696696697
570,429,9.9421052631579,10.0,999,9.96696696696697
560,439,9.94285714285714,10.0,999,9.96796796796797
569,430,9.94727592267135,10.0,999,9.96996996996997
570,429,9.94385964912281,10.0,999,9.96796796796797
572,425,9.94405594405594,10.0,997,9.9679037111334
573,425,9.94415357766143,10.0,998,9.96793587174349
570,428,9.95087719298246,10.0,998,9.97194388777555
564,434,9.94858156028369,10.0,998,9.97094188376754
568,429,9.94542253521127,10.0,997,9.96890672016048
576,422,9.94791666666667,10.0,998,9.96993987975952
577,422,9.94974003466205,10.0,999,9.97097097097097
574,425,9.95644599303136,10.0,999,9.97497497497497
572,426,9.96153846153846,10.0,998,9.97795591182365
566,433,9.96643109540636,10.0,999,9.98098098098098
569,430,9.96836555360281,10.0,999,9.98198198198198
567,431,9.9700176366843,10.0,998,9.98296593186373
576,423,9.97222222222222,10.0,999,9.98398398398398
578,420,9.97231833910035,10.0,998,9.98396793587174
578,421,9.9757785467128,10.0,999,9.98598598598599
581,418,9.9776247848537,10.0,999,9.98698698698699
578,420,9.9757785467128,10.0,998,9.98597194388778
580,418,9.97413793103448,10.0,998,9.98496993987976
584,413,9.97260273972603,10.0,997,9.9839518555667
588,411,9.96938775510204,10.0,999,9.98198198198198
584,414,9.97260273972603,10.0,998,9.98396793587174
594,405,9.97474747474747,10.0,999,9.98498498498498
591,408,9.9746192893401,10.0,999,9.98498498498498
594,405,9.97306397306397,10.0,999,9.98398398398398
588,411,9.97108843537415,10.0,999,9.98298298298298
594,404,9.96969696969697,10.0,998,9.98196392785571
599,400,9.96494156928214,10.0,999,9.97897897897898
595,404,9.96134453781513,10.0,999,9.97697697697698
597,402,9.96314907872697,10.0,999,9.97797797797798
604,394,9.9635761589404,10.0,998,9.97795591182365
595,402,9.96470588235294,10.0,997,9.97893681043129
608,390,9.95888157894737,10.0,998,9.9749498997996
607,391,9.96046128500824,10.0,998,9.97595190380762
609,390,9.95894909688013,10.0,999,9.97497497497497
612,387,9.95751633986928,10.0,999,9.97397397397397
608,390,9.95559210526316,10.0,998,9.97294589178357
612,385,9.95098039215686,10.0,997,9.96990972918756
617,382,9.95461912479741,10.0,999,9.97197197197197
617,382,9.95461912479741,10.0,999,9.97197197197197
622,377,9.95659163987138,10.0,999,9.97297297297297
617,382,9.95786061588331,10.0,999,9.97397397397397
614,383,9.95439739413681,10.0,997,9.97191574724173
618,380,9.95307443365696,10.0,998,9.97094188376754
617,381,9.95461912479741,10.0,998,9.97194388777555
609,390,9.94909688013136,10.0,999,9.96896896896897
613,385,9.94779771615008,10.0,998,9.96793587174349
611,387,9.94599018003273,10.0,998,9.96693386773547
612,387,9.94771241830065,10.0,999,9.96796796796797
603,396,9.9485903814262,10.0,999,9.96896896896897
609,390,9.94909688013136,10.0,999,9.96896896896897
605,394,9.9504132231405,10.0,999,9.96996996996997
611,386,9.94926350245499,10.0,997,9.96890672016048
597,402,9.94974874371859,10.0,999,9.96996996996997
598,401,9.94648829431438,10.0,999,9.96796796796797
595,404,9.94621848739496,10.0,999,9.96796796796797
591,406,9.94585448392555,10.0,997,9.9679037111334
599,400,9.9432387312187,10.0,999,9.96596596596597
594,404,9.94444444444444,10.0,998,9.96693386773547
592,406,9.94763513513514,10.0,998,9.9689378757515
584,415,9.9486301369863,10.0,999,9.96996996996997
588,411,9.94897959183673,10.0,999,9.96996996996997
580,418,9.94655172413793,10.0,998,9.9689378757515
583,415,9.94854202401372,10.0,998,9.96993987975952
581,417,9.94664371772805,10.0,998,9.9689378757515
588,409,9.95068027210884,10.0,997,9.97091273821464
586,411,9.95221843003413,10.0,997,9.97191574724173
596,403,9.95637583892617,10.0,999,9.97397397397397
600,398,9.95666666666667,10.0,998,9.97394789579158
610,389,9.95901639344262,10.0,999,9.97497497497497
612,386,9.96078431372549,10.0,998,9.97595190380762
623,376,9.96147672552167,10.0,999,9.97597597597598
614,383,9.96579804560261,10.0,997,9.97893681043129
624,375,9.96634615384615,10.0,999,9.97897897897898
612,386,9.9656862745098,10.0,998,9.97895791583166
619,379,9.96607431340872,10.0,998,9.97895791583166
617,382,9.96272285251216,10.0,999,9.97697697697698
608,391,9.96217105263158,10.0,999,9.97697697697698
604,395,9.96523178807947,10.0,999,9.97897897897898
603,396,9.96351575456053,10.0,999,9.97797797797798
606,393,9.96039603960396,10.0,999,9.97597597597598
607,392,9.96046128500824,10.0,999,9.97597597597598
612,387,9.95588235294118,10.0,999,9.97297297297297
615,383,9.95609756097561,10.0,998,9.97294589178357
618,378,9.95954692556634,10.0,996,9.97489959839357
619,380,9.95799676898223,10.0,999,9.97397397397397
621,377,9.9597423510467,10.0,998,9.9749498997996
621,376,9.9597423510467,10.0,997,9.97492477432297
626,373,9.96166134185304,10.0,999,9.97597597597598
614,383,9.95928338762215,10.0,997,9.97492477432297
618,381,9.957928802589,10.0,999,9.97397397397397
607,391,9.95551894563427,10.0,998,9.97294589178357
613,385,9.95269168026101,10.0,998,9.97094188376754
618,381,9.957928802589,10.0,999,9.97397397397397
613,384,9.95921696574225,10.0,997,9.97492477432297
627,372,9.95693779904306,10.0,999,9.97297297297297
632,366,9.95569620253165,10.0,998,9.97194388777555
645,353,9.95658914728682,10.0,998,9.97194388777555
645,354,9.95348837209302,10.0,999,9.96996996996997
651,348,9.95391705069124,10.0,999,9.96996996996997
643,356,9.95178849144635,10.0,999,9.96896896896897
650,349,9.94923076923077,10.0,999,9.96696696696697
649,349,9.94607087827427,10.0,998,9.96492985971944
