forward_num,reverse_num,forward_rate,reverse_rate,organism_num,organism_rate
500,500,5.5,5.5,1000,5.5
494,490,5.49392712550607,5.46734693877551,984,5.48069105691057
492,490,5.50609756097561,5.46734693877551,982,5.4867617107943
553,445,6.04701627486438,5.43820224719101,998,5.77555110220441
594,404,6.11616161616162,5.41584158415842,998,5.83266533066132
637,361,6.23076923076923,5.47645429362881,998,5.95791583166333
665,334,6.22105263157895,5.49101796407186,999,5.97697697697698
669,329,6.19880418535127,5.43768996960486,998,5.94789579158317
702,296,6.37321937321937,5.35135135135135,998,6.07014028056112
710,289,6.46760563380282,5.30103806228374,999,6.13013013013013
661,338,6.42662632375189,5.17751479289941,999,6.004004004004
687,312,6.13100436681223,5.17307692307692,999,5.83183183183183
703,295,6.38122332859175,5.11186440677966,998,6.0060120240481
658,341,6.41033434650456,5.3108504398827,999,6.03503503503504
638,361,6.4012539184953,5.71745152354571,999,6.15415415415415
651,348,6.5468509984639,5.66379310344828,999,6.23923923923924
619,379,6.49757673667205,5.67282321899736,998,6.18436873747495
618,381,6.58899676375405,5.81102362204724,999,6.29229229229229
619,380,6.66558966074313,6.01315789473684,999,6.41741741741742
628,371,6.75,6.09164420485175,999,6.50550550550551
619,380,6.84975767366721,6.15263157894737,999,6.58458458458458
648,350,6.52314814814815,6.06857142857143,998,6.36372745490982
619,379,6.5767366720517,6.10290237467018,998,6.39679358717435
630,369,6.6984126984127,5.98373983739837,999,6.43443443443443
629,369,6.72655007949126,6.02710027100271,998,6.46793587174349
636,362,6.81446540880503,6.15469613259669,998,6.5751503006012
651,346,6.8678955453149,6.1271676300578,997,6.61083249749248
634,362,6.84700315457413,6.08011049723757,996,6.56827309236948
651,348,6.9615975422427,6.1235632183908,999,6.66966966966967
664,334,6.98192771084337,6.15568862275449,998,6.70541082164329
663,336,7.09954751131222,6.16964285714286,999,6.78678678678679
665,333,7.08421052631579,6.21921921921922,998,6.79559118236473
661,338,7.08169440242057,6.10650887573965,999,6.75175175175175
669,329,7.12257100149477,6.22796352583587,998,6.82765531062124
665,334,7.10526315789474,6.18562874251497,999,6.7977977977978
664,335,7.13704819277108,6.26865671641791,999,6.84584584584585
664,335,7.17620481927711,6.40298507462687,999,6.91691691691692
659,340,7.16995447647951,6.41764705882353,999,6.91391391391391
666,331,7.1996996996997,6.41389728096677,997,6.93881644934804
665,334,7.19097744360902,6.44311377245509,999,6.94094094094094
659,338,7.19271623672231,6.4792899408284,997,6.95085255767302
664,334,7.11295180722892,6.54191616766467,998,6.92184368737475
662,337,7.19788519637462,6.48367952522255,999,6.95695695695696
644,354,7.23447204968944,6.57627118644068,998,7.00100200400802
639,360,7.28169014084507,6.60277777777778,999,7.03703703703704
636,363,7.24213836477987,6.73002754820937,999,7.05605605605606
638,359,7.28526645768025,6.57938718662953,997,7.03109327983952
630,369,7.34444444444444,6.63956639566396,999,7.08408408408408
633,365,7.38546603475513,6.66301369863014,998,7.12124248496994
625,372,7.4256,6.7258064516129,997,7.16449348044132
631,367,7.48969889064976,6.70027247956403,998,7.19939879759519
630,369,7.49047619047619,6.78590785907859,999,7.23023023023023
639,360,7.56025039123631,6.74722222222222,999,7.26726726726727
644,355,7.59006211180124,6.79718309859155,999,7.30830830830831
646,352,7.62074303405573,6.73863636363636,998,7.30961923847695
642,357,7.67133956386293,6.87675070028011,999,7.38738738738739
649,349,7.66718027734977,6.9541547277937,998,7.41783567134269
640,359,7.7375,6.92757660167131,999,7.44644644644645
642,355,7.70716510903427,7.03661971830986,997,7.46840521564694
650,349,7.74153846153846,7.02578796561605,999,7.49149149149149
643,356,7.75894245723173,7.09269662921348,999,7.52152152152152
651,348,7.81720430107527,7.09770114942529,999,7.56656656656657
645,353,7.81860465116279,7.1643059490085,998,7.58717434869739
660,339,7.81515151515152,7.07374631268437,999,7.56356356356356
641,356,7.82371294851794,7.08707865168539,997,7.56068204613842
651,348,7.85867895545315,7.11494252873563,999,7.5995995995996
649,348,7.86440677966102,7.08620689655172,997,7.59277833500501
647,352,7.88408037094281,6.97727272727273,999,7.56456456456456
646,351,7.88854489164087,7.05698005698006,997,7.59578736208626
646,351,7.90247678018576,7.04558404558405,997,7.60080240722167
660,339,7.90151515151515,7.09144542772861,999,7.62662662662663
659,340,7.9195751138088,7.10294117647059,999,7.64164164164164
664,335,7.91716867469879,7.1044776119403,999,7.64464464464464
660,338,7.95,7.18343195266272,998,7.69038076152305
666,333,7.96996996996997,7.17717717717718,999,7.70570570570571
668,329,7.99251497005988,7.26747720364742,997,7.75325977933801
677,320,8.03397341211226,7.309375,997,7.80140421263791
677,322,8.0384047267356,7.31366459627329,999,7.8048048048048
667,332,8.05397301349325,7.34036144578313,999,7.81681681681682
668,331,8.05538922155689,7.40181268882175,999,7.83883883883884
665,334,8.06766917293233,7.40419161676647,999,7.84584584584585
657,340,8.14307458143075,7.37352941176471,997,7.88064192577733
669,330,8.16292974588939,7.41818181818182,999,7.91691691691692
666,332,8.2042042042042,7.44277108433735,998,7.95090180360721
673,324,8.21693907875186,7.4320987654321,997,7.96188565697091
673,326,8.20950965824666,7.42944785276074,999,7.95495495495495
682,317,8.18181818181818,7.49211356466877,999,7.96296296296296
686,311,8.17784256559767,7.508038585209,997,7.96890672016048
678,320,8.20501474926254,7.540625,998,7.99198396793587
669,329,8.23617339312407,7.56534954407295,998,8.01503006012024
669,330,8.2406576980568,7.54848484848485,999,8.01201201201201
666,332,8.30930930930931,7.65060240963855,998,8.09018036072144
673,322,8.30312035661218,7.71428571428571,995,8.11256281407035
673,325,8.31649331352155,7.78461538461538,998,8.14328657314629
674,324,8.3353115727003,7.75,998,8.14529058116232
663,336,8.3921568627451,7.77380952380952,999,8.18418418418418
671,326,8.39791356184799,7.82822085889571,997,8.21163490471414
666,332,8.3993993993994,7.78614457831325,998,8.19539078156313
657,342,8.38508371385084,7.74269005847953,999,8.16516516516517
659,340,8.39757207890744,7.76764705882353,999,8.18318318318318
661,338,8.42057488653555,7.78698224852071,999,8.20620620620621
663,334,8.44343891402715,7.83233532934132,997,8.23871614844534
668,331,8.44610778443114,7.797583081571,999,8.23123123123123
666,333,8.496996996997,7.8048048048048,999,8.26626626626627
679,320,8.50220913107511,7.85625,999,8.2952952952953
665,334,8.50827067669173,7.8562874251497,999,8.29029029029029
672,327,8.54017857142857,7.8348623853211,999,8.30930930930931
676,321,8.54585798816568,7.87227414330218,997,8.32898696088265
668,331,8.60179640718563,7.87915407854985,999,8.36236236236236
661,338,8.57337367624811,7.94970414201183,999,8.36236236236236
668,331,8.55988023952096,8.02416918429003,999,8.38238238238238
658,339,8.5790273556231,7.96165191740413,997,8.3691073219659
652,347,8.60429447852761,8.07492795389049,999,8.42042042042042
650,349,8.60615384615385,8.08882521489971,999,8.42542542542543
642,356,8.60747663551402,8.12640449438202,998,8.43587174348697
642,357,8.64953271028037,8.19327731092437,999,8.48648648648649
634,365,8.66719242902208,8.23561643835616,999,8.50950950950951
645,354,8.71007751937984,8.27118644067797,999,8.55455455455455
648,351,8.73765432098766,8.31908831908832,999,8.59059059059059
662,337,8.74471299093656,8.32047477744807,999,8.6016016016016
666,332,8.74024024024024,8.33734939759036,998,8.6062124248497
653,345,8.71516079632466,8.3536231884058,998,8.59018036072144
651,348,8.70660522273426,8.27011494252874,999,8.55455455455455
646,353,8.70897832817337,8.35694050991501,999,8.58458458458458
648,350,8.72530864197531,8.38857142857143,998,8.60721442885771
642,357,8.71651090342679,8.35574229691877,999,8.58758758758759
658,341,8.70668693009119,8.33431085043988,999,8.57957957957958
654,345,8.72935779816514,8.36521739130435,999,8.6036036036036
668,330,8.77994011976048,8.33636363636364,998,8.63326653306613
670,328,8.80746268656717,8.375,998,8.66533066132265
677,322,8.80797636632201,8.33850931677019,999,8.65665665665666
677,321,8.80354505169867,8.38629283489097,998,8.66933867735471
675,324,8.79111111111111,8.4783950617284,999,8.68968968968969
682,317,8.78445747800587,8.54574132492113,999,8.70870870870871
689,310,8.79680696661829,8.54193548387097,999,8.71771771771772
689,309,8.81712626995646,8.63430420711974,998,8.76052104208417
694,304,8.79971181556196,8.64144736842105,998,8.75150300601202
685,313,8.84379562043796,8.72843450479233,998,8.80761523046092
690,308,8.85652173913043,8.73376623376623,998,8.8186372745491
684,315,8.8874269005848,8.75555555555556,999,8.84584584584585
681,318,8.88252569750367,8.81132075471698,999,8.85985985985986
686,313,8.88629737609329,8.80511182108626,999,8.86086086086086
691,308,8.88856729377713,8.89935064935065,999,8.89189189189189
683,314,8.90629575402635,8.88216560509554,997,8.89869608826479
686,312,8.91690962099125,8.85576923076923,998,8.89779559118236
686,311,8.9198250728863,8.90032154340836,997,8.91374122367101
687,312,8.91848617176128,8.87820512820513,999,8.90590590590591
702,297,8.9045584045584,8.87542087542088,999,8.8958958958959
686,313,8.94169096209913,8.89456869009585,999,8.92692692692693
686,313,8.92711370262391,8.89776357827476,999,8.91791791791792
679,318,8.93519882179676,8.94654088050314,997,8.93881644934804
684,315,8.9327485380117,8.8984126984127,999,8.92192192192192
667,332,8.93103448275862,8.84939759036145,999,8.9039039039039
680,318,8.91323529411765,8.88364779874214,998,8.90380761523046
676,322,8.89497041420118,8.91614906832298,998,8.90180360721443
685,314,8.95766423357664,8.95222929936306,999,8.95595595595596
680,318,8.92647058823529,8.9937106918239,998,8.94789579158317
687,311,8.94614264919942,8.92282958199357,998,8.93887775551102
678,321,8.96165191740413,9.00623052959502,999,8.97597597597598
686,313,8.966472303207,9.00638977635783,999,8.97897897897898
685,314,8.96788321167883,9.01910828025478,999,8.98398398398398
676,322,8.96745562130178,9.05900621118012,998,8.99699398797595
673,326,8.96879643387816,9.07055214723926,999,9.002002002002
674,325,9.0,9.03692307692308,999,9.01201201201201
674,325,8.99703264094956,9.06153846153846,999,9.01801801801802
672,326,8.97916666666667,9.06748466257669,998,9.00801603206413
660,337,8.98333333333333,9.08011869436202,997,9.0160481444333
669,330,8.95665171898356,9.10909090909091,999,9.00700700700701
662,337,9.00906344410876,9.09792284866469,999,9.03903903903904
665,334,9.03157894736842,9.11077844311377,999,9.05805805805806
656,342,9.00914634146342,9.11988304093567,998,9.04709418837675
669,329,8.99551569506727,9.12462006079027,998,9.03807615230461
663,336,9.01206636500754,9.10119047619048,999,9.04204204204204
670,328,9.01641791044776,9.10975609756098,998,9.04709418837675
672,327,8.99851190476191,9.15596330275229,999,9.05005005005005
679,320,9.01178203240059,9.128125,999,9.04904904904905
687,312,9.00291120815138,9.14102564102564,999,9.04604604604605
680,319,9.01764705882353,9.13166144200627,999,9.05405405405405
677,321,9.01033973412112,9.16822429906542,998,9.06112224448898
679,319,9.01767304860088,9.14733542319749,998,9.05911823647295
683,316,9.00292825768668,9.17721518987342,999,9.05805805805806
682,316,9.02346041055718,9.14873417721519,998,9.06312625250501
680,319,9.02794117647059,9.18808777429467,999,9.07907907907908
682,316,9.02932551319648,9.16455696202532,998,9.07214428857715
682,315,9.01612903225806,9.14920634920635,997,9.05817452357071
689,310,9.033381712627,9.15483870967742,999,9.07107107107107
690,309,9.05652173913044,9.17799352750809,999,9.09409409409409
691,308,9.0506512301013,9.20779220779221,999,9.0990990990991
693,306,9.07215007215007,9.20588235294118,999,9.11311311311311
694,305,9.06340057636888,9.19016393442623,999,9.1021021021021
705,294,9.07517730496454,9.20068027210884,999,9.11211211211211
699,300,9.10443490701002,9.21333333333333,999,9.13713713713714
695,300,9.12805755395683,9.18666666666667,995,9.14572864321608
699,300,9.12160228898426,9.17666666666667,999,9.13813813813814
695,303,9.14964028776978,9.17491749174918,998,9.15731462925852
695,304,9.13669064748201,9.16776315789474,999,9.14614614614615
696,303,9.14511494252874,9.16171617161716,999,9.15015015015015
690,308,9.1768115942029,9.12987012987013,998,9.1623246492986
689,310,9.17706821480406,9.12258064516129,999,9.16016016016016
689,309,9.18142235123367,9.16181229773463,998,9.17535070140281
683,315,9.20644216691069,9.13650793650794,998,9.18436873747495
689,310,9.20609579100145,9.12258064516129,999,9.18018018018018
691,307,9.22431259044862,9.13680781758958,998,9.19739478957916
690,309,9.21449275362319,9.11974110032362,999,9.18518518518519
684,315,9.22368421052632,9.0984126984127,999,9.18418418418418
676,323,9.23816568047337,9.10526315789474,999,9.1951951951952
670,329,9.24179104477612,9.0790273556231,999,9.18818818818819
684,315,9.24853801169591,9.03809523809524,999,9.18218218218218
682,314,9.25806451612903,9.05414012738854,996,9.19377510040161
679,320,9.24300441826215,9.034375,999,9.17617617617618
673,326,9.25705794947994,9.03374233128834,999,9.18418418418418
679,319,9.27835051546392,9.04075235109718,998,9.20240480961924
685,314,9.27299270072993,9.03503184713376,999,9.1981981981982
689,309,9.28156748911466,9.042071197411,998,9.20741482965932
689,310,9.29462989840348,9.0741935483871,999,9.22622622622623
689,309,9.3033381712627,9.10355987055016,998,9.24148296593186
692,306,9.29190751445087,9.11111111111111,998,9.23647294589178
686,313,9.30612244897959,9.12140575079872,999,9.24824824824825
692,306,9.31791907514451,9.08169934640523,998,9.24549098196393
689,310,9.31204644412192,9.05161290322581,999,9.23123123123123
697,302,9.30989956958393,9.08278145695364,999,9.24124124124124
691,308,9.3342981186686,9.07792207792208,999,9.25525525525526
700,299,9.34285714285714,9.04347826086956,999,9.25325325325325
700,299,9.34,9.09698996655518,999,9.26726726726727
690,309,9.32463768115942,9.10679611650485,999,9.25725725725726
690,309,9.32463768115942,9.07443365695793,999,9.24724724724725
683,314,9.32210834553441,9.10828025477707,997,9.25476429287864
683,315,9.28696925329429,9.09206349206349,998,9.22545090180361
674,324,9.28189910979228,9.09876543209877,998,9.22244488977956
671,326,9.27421758569299,9.10122699386503,997,9.21765295887663
665,334,9.30225563909774,9.11976047904192,999,9.24124124124124
658,340,9.32978723404255,9.12058823529412,998,9.25851703406814
649,350,9.32203389830508,9.12,999,9.25125125125125
645,354,9.34263565891473,9.1271186440678,999,9.26626626626627
641,357,9.34633385335413,9.1344537815126,998,9.27054108216433
641,357,9.34945397815913,9.12885154061625,998,9.27054108216433
639,358,9.35211267605634,9.14525139664804,997,9.2778335005015
651,348,9.34869431643625,9.16091954022989,999,9.28328328328328
653,344,9.36294027565084,9.125,997,9.28084252758275
656,343,9.36432926829268,9.11953352769679,999,9.28028028028028
657,341,9.36986301369863,9.11730205278592,998,9.28356713426854
652,347,9.35889570552147,9.13256484149856,999,9.28028028028028
646,352,9.36068111455108,9.17613636363636,998,9.29559118236473
646,352,9.37616099071207,9.16193181818182,998,9.30060120240481
644,355,9.36490683229814,9.15774647887324,999,9.29129129129129
648,350,9.37345679012346,9.15428571428571,998,9.29659318637275
649,350,9.3944530046225,9.18285714285714,999,9.32032032032032
652,347,9.37883435582822,9.164265129683,999,9.3043043043043
646,351,9.39628482972136,9.18518518518519,997,9.32196589769308
647,352,9.38485316846986,9.19318181818182,999,9.31731731731732
638,361,9.37617554858934,9.19667590027701,999,9.31131131131131
642,357,9.40809968847352,9.2156862745098,999,9.33933933933934
640,359,9.4203125,9.18941504178273,999,9.33733733733734
643,356,9.42457231726283,9.16011235955056,999,9.33033033033033
632,367,9.43196202531646,9.1716621253406,999,9.33633633633634
631,366,9.4310618066561,9.12021857923497,997,9.31695085255767
625,374,9.4304,9.1524064171123,999,9.32632632632633
628,371,9.42197452229299,9.1644204851752,999,9.32632632632633
628,370,9.42675159235669,9.14054054054054,998,9.32064128256513
628,369,9.42356687898089,9.14905149051491,997,9.32196589769308
623,374,9.42375601926164,9.17379679144385,997,9.32998996990973
625,374,9.4128,9.16577540106952,999,9.32032032032032
623,375,9.39646869983949,9.192,998,9.31963927855711
622,377,9.38906752411576,9.18037135278515,999,9.31031031031031
627,371,9.38437001594896,9.20485175202156,998,9.31763527054108
628,371,9.39012738853503,9.22102425876011,999,9.32732732732733
627,372,9.39553429027113,9.20430107526882,999,9.32432432432432
616,381,9.40097402597403,9.21522309711286,997,9.32998996990973
614,384,9.39413680781759,9.19791666666667,998,9.3186372745491
614,385,9.38762214983713,9.17142857142857,999,9.3043043043043
611,385,9.38788870703764,9.15844155844156,996,9.29919678714859
603,396,9.38142620232172,9.13636363636364,999,9.28428428428428
618,379,9.36893203883495,9.12401055408971,997,9.27582748244734
618,381,9.36569579288026,9.15748031496063,999,9.28628628628629
620,377,9.37096774193548,9.12201591511936,997,9.27683049147442
617,382,9.35008103727715,9.11256544502618,999,9.25925925925926
612,386,9.35947712418301,9.10621761658031,998,9.26152304609218
607,392,9.37067545304778,9.11479591836735,999,9.27027027027027
603,394,9.3698175787728,9.09137055837564,997,9.25977933801404
598,401,9.39464882943144,9.0997506234414,999,9.27627627627628
598,400,9.3695652173913,9.11,998,9.26553106212425
590,408,9.3728813559322,9.1078431372549,998,9.26452905811623
597,402,9.38190954773869,9.09203980099502,999,9.26526526526527
591,408,9.36379018612521,9.11519607843137,999,9.26226226226226
586,413,9.37201365187713,9.10169491525424,999,9.26026026026026
573,424,9.41012216404887,9.125,997,9.2888665997994
575,424,9.42782608695652,9.12028301886792,999,9.2972972972973
573,425,9.44851657940663,9.10117647058824,998,9.30060120240481
579,419,9.47495682210708,9.1145584725537,998,9.32364729458918
572,427,9.47552447552447,9.12646370023419,999,9.32632632632633
569,428,9.49560632688928,9.09579439252336,997,9.32397191574724
556,442,9.50359712230216,9.07692307692308,998,9.31462925851703
563,435,9.53108348134991,9.04827586206897,998,9.32064128256513
562,436,9.55160142348755,9.0848623853211,998,9.34769539078156
562,437,9.55516014234875,9.07551487414188,999,9.34534534534535
563,436,9.53641207815275,9.05733944954128,999,9.32732732732733
570,429,9.55964912280702,9.05827505827506,999,9.34434434434434
574,425,9.5609756097561,9.05411764705882,999,9.34534534534535
566,433,9.56360424028269,9.06235565819861,999,9.34634634634635
559,439,9.55277280858676,9.09567198177677,998,9.35170340681363
560,439,9.53928571428571,9.08428246013667,999,9.33933933933934
550,449,9.52727272727273,9.08240534521158,999,9.32732732732733
550,449,9.52,9.09354120267261,999,9.32832832832833
546,453,9.52197802197802,9.1037527593819,999,9.33233233233233
545,453,9.52844036697248,9.08830022075055,998,9.32865731462926
559,439,9.54025044722719,9.1002277904328,998,9.34669338677355
561,437,9.51158645276292,9.11441647597254,998,9.3376753507014
569,430,9.51669595782074,9.0953488372093,999,9.33533533533534
565,433,9.53982300884956,9.10392609699769,998,9.35070140280561
566,433,9.53003533568905,9.0715935334873,999,9.33133133133133
563,435,9.52397868561279,9.08965517241379,998,9.33466933867735
554,444,9.54151624548737,9.07882882882883,998,9.33567134268537
559,439,9.54025044722719,9.06150341685649,998,9.32965931863727
561,437,9.55258467023173,9.05491990846682,998,9.33466933867735
561,438,9.55971479500891,9.08447488584475,999,9.35135135135135
560,439,9.52857142857143,9.05239179954442,999,9.31931931931932
563,436,9.54529307282416,9.0848623853211,999,9.34434434434434
579,420,9.56303972366149,9.10238095238095,999,9.36936936936937
561,436,9.53475935828877,9.10321100917431,997,9.34603811434303
557,442,9.52962298025135,9.12217194570136,999,9.34934934934935
554,445,9.51805054151625,9.14606741573034,999,9.35235235235235
558,440,9.50716845878136,9.14318181818182,998,9.34669338677355
568,431,9.50176056338028,9.1461716937355,999,9.34834834834835
569,430,9.4920913884007,9.16279069767442,999,9.35035035035035
561,435,9.49732620320856,9.14022988505747,996,9.34136546184739
565,434,9.51327433628319,9.15437788018433,999,9.35735735735736
566,432,9.5017667844523,9.17361111111111,998,9.35971943887776
559,439,9.50268336314848,9.15261958997722,998,9.34869739478958
557,441,9.49730700179533,9.14965986394558,998,9.3436873747495
558,441,9.48745519713262,9.15873015873016,999,9.34234234234234
548,450,9.49452554744525,9.15333333333333,998,9.34068136272545
552,446,9.52355072463768,9.15470852017937,998,9.35871743486974
546,452,9.53296703296703,9.15265486725664,998,9.36072144288577
551,447,9.52631578947368,9.14765100671141,998,9.35671342685371
558,441,9.52867383512545,9.15646258503401,999,9.36436436436436
562,437,9.52846975088968,9.14645308924485,999,9.36136136136136
565,434,9.53097345132743,9.13133640552995,999,9.35735735735736
553,446,9.5497287522604,9.13677130044843,999,9.36536536536537
556,442,9.54856115107914,9.14253393665158,998,9.3687374749499
546,449,9.54761904761905,9.16258351893096,995,9.37386934673367
556,443,9.55035971223022,9.16252821670429,999,9.37837837837838
542,456,9.54612546125461,9.13815789473684,998,9.35971943887776
545,454,9.53577981651376,9.16079295154185,999,9.36536536536537
541,458,9.51386321626617,9.18340611353712,999,9.36236236236236
535,464,9.50841121495327,9.16594827586207,999,9.34934934934935
535,463,9.49906542056075,9.15550755939525,998,9.33967935871743
533,466,9.49343339587242,9.17381974248927,999,9.34434434434434
529,470,9.49338374291115,9.17021276595745,999,9.34134134134134
527,470,9.47438330170778,9.18510638297872,997,9.33801404212638
530,468,9.47169811320755,9.20299145299145,998,9.34569138276553
518,479,9.48262548262548,9.20041753653445,997,9.34704112337011
531,468,9.45762711864407,9.2008547008547,999,9.33733733733734
529,470,9.46313799621928,9.18085106382979,999,9.33033033033033
533,466,9.44652908067542,9.16523605150215,999,9.31531531531532
538,461,9.44052044609665,9.16919739696312,999,9.31531531531532
529,470,9.45368620037807,9.17659574468085,999,9.32332332332332
536,462,9.47388059701493,9.16233766233766,998,9.32965931863727
525,474,9.48,9.17299578059072,999,9.33433433433433
530,469,9.48867924528302,9.16204690831557,999,9.33533533533534
526,473,9.47338403041825,9.15433403805497,999,9.32232232232232
532,467,9.48496240601504,9.15203426124197,999,9.32932932932933
536,462,9.48320895522388,9.16883116883117,998,9.3376753507014
534,465,9.46629213483146,9.16559139784946,999,9.32632632632633
533,463,9.48217636022514,9.18574514038877,996,9.34437751004016
541,458,9.5083179297597,9.20305676855895,999,9.36836836836837
536,462,9.51119402985075,9.22943722943723,998,9.38076152304609
538,460,9.5092936802974,9.22391304347826,998,9.37775551102204
532,466,9.51127819548872,9.22961373390558,998,9.37975951903808
527,471,9.5180265654649,9.21231422505308,998,9.37374749498998
521,477,9.52207293666027,9.19496855345912,998,9.36573146292585
513,486,9.51851851851852,9.20576131687243,999,9.36636636636637
517,482,9.53191489361702,9.19917012448133,999,9.37137137137137
521,478,9.54126679462572,9.21338912133891,999,9.38438438438438
524,474,9.55152671755725,9.21729957805907,998,9.39278557114229
526,473,9.55133079847909,9.23467230443975,999,9.4014014014014
528,470,9.57765151515152,9.23829787234042,998,9.41783567134268
514,484,9.59338521400778,9.22727272727273,998,9.41583166332665
517,482,9.6073500967118,9.21369294605809,999,9.41741741741742
514,483,9.62062256809338,9.18840579710145,997,9.41123370110331
517,481,9.63056092843327,9.1975051975052,998,9.42184368737475
523,476,9.61759082217973,9.19957983193277,999,9.41841841841842
526,472,9.62737642585551,9.1864406779661,998,9.4188376753507
518,481,9.64285714285714,9.18918918918919,999,9.42442442442442
523,476,9.63862332695985,9.19327731092437,999,9.42642642642643
526,472,9.63878326996198,9.17161016949153,998,9.41783567134268
534,465,9.6123595505618,9.15913978494624,999,9.4014014014014
529,470,9.61436672967864,9.17659574468085,999,9.40840840840841
521,478,9.61804222648752,9.14435146443515,999,9.39139139139139
532,467,9.60338345864662,9.15845824411135,999,9.3953953953954
526,473,9.61216730038023,9.16279069767442,999,9.3993993993994
532,467,9.60526315789474,9.16488222698073,999,9.3993993993994
533,466,9.62851782363978,9.14592274678112,999,9.4034034034034
526,472,9.6254752851711,9.16949152542373,998,9.40981963927856
528,467,9.63257575757576,9.16702355460385,995,9.41407035175879
533,464,9.63039399624765,9.16163793103448,997,9.41223671013039
551,447,9.63702359346643,9.14317673378076,998,9.41583166332665
550,448,9.64181818181818,9.171875,998,9.43086172344689
548,451,9.63321167883212,9.16629711751663,999,9.42242242242242
555,443,9.63243243243243,9.20090293453725,998,9.44088176352705
543,454,9.65193370165746,9.17621145374449,997,9.43530591775326
535,462,9.6411214953271,9.18614718614719,997,9.43029087261785
544,454,9.64522058823529,9.20044052863436,998,9.44288577154309
542,457,9.65129151291513,9.18599562363238,999,9.43843843843844
543,455,9.64825046040516,9.17362637362637,998,9.43186372745491
546,453,9.64468864468864,9.18984547461369,999,9.43843843843844
551,446,9.63157894736842,9.19282511210762,997,9.43530591775326
552,447,9.63586956521739,9.20357941834452,999,9.44244244244244
560,438,9.64285714285714,9.20319634703196,998,9.4498997995992
569,430,9.63444639718805,9.17906976744186,999,9.43843843843844
573,424,9.64397905759162,9.19811320754717,997,9.4543630892678
578,421,9.63840830449827,9.19714964370546,999,9.45245245245245
577,421,9.63951473136915,9.17102137767221,998,9.44188376753507
573,425,9.6369982547993,9.17647058823529,998,9.44088176352705
570,429,9.63157894736842,9.21911421911422,999,9.45445445445445
575,421,9.62782608695652,9.21615201900238,996,9.45381526104418
580,418,9.62586206896552,9.21052631578947,998,9.45190380761523
574,424,9.63414634146342,9.20283018867925,998,9.45090180360721
579,420,9.65112262521589,9.21904761904762,999,9.46946946946947
588,411,9.64285714285714,9.24087591240876,999,9.47747747747748
593,406,9.63406408094435,9.2807881773399,999,9.49049049049049
596,401,9.63422818791946,9.25935162094763,997,9.48345035105316
609,389,9.6256157635468,9.2827763496144,998,9.49198396793587
611,388,9.63011456628478,9.28092783505155,999,9.49449449449449
614,384,9.63029315960912,9.2890625,998,9.49899799599198
608,391,9.62171052631579,9.29156010230179,999,9.49249249249249
600,398,9.64,9.28643216080402,998,9.49899799599198
600,399,9.62333333333333,9.28320802005013,999,9.48748748748749
606,393,9.62541254125412,9.28753180661578,999,9.49249249249249
612,387,9.61764705882353,9.29715762273902,999,9.49349349349349
598,400,9.60033444816053,9.2925,998,9.47695390781563
596,402,9.60738255033557,9.27114427860696,998,9.47194388777555
595,404,9.59495798319328,9.29950495049505,999,9.47547547547548
595,404,9.59663865546218,9.27475247524752,999,9.46646646646647
588,411,9.59863945578231,9.29683698296837,999,9.47447447447447
586,413,9.60409556313993,9.2953995157385,999,9.47647647647648
583,416,9.59691252144082,9.31009615384615,999,9.47747747747748
599,400,9.62437395659432,9.295,999,9.49249249249249
607,392,9.61779242174629,9.32908163265306,999,9.5045045045045
607,390,9.61779242174629,9.32820512820513,997,9.50451354062186
593,404,9.62731871838111,9.33168316831683,997,9.50752256770311
592,405,9.63344594594595,9.34567901234568,997,9.51654964894684
591,408,9.64128595600677,9.32352941176471,999,9.51151151151151
590,407,9.64576271186441,9.33660933660934,997,9.51955867602809
589,409,9.66383701188455,9.31051344743276,998,9.5190380761523
587,411,9.6763202725724,9.30413625304136,998,9.52304609218437
588,411,9.68367346938776,9.32846715328467,999,9.53753753753754
584,415,9.68150684931507,9.31084337349398,999,9.52752752752753
585,414,9.68888888888889,9.32608695652174,999,9.53853853853854
577,421,9.69670710571924,9.32541567695962,998,9.54008016032064
584,413,9.69691780821918,9.31476997578693,997,9.53861584754263
588,410,9.69727891156463,9.30487804878049,998,9.53607214428858
585,414,9.6957264957265,9.32367149758454,999,9.54154154154154
574,424,9.69512195121951,9.32547169811321,998,9.53807615230461
567,429,9.70017636684303,9.34731934731935,996,9.54819277108434
577,421,9.68804159445407,9.33729216152019,998,9.54008016032064
574,422,9.68641114982578,9.33412322274881,996,9.53714859437751
579,420,9.6839378238342,9.33571428571429,999,9.53753753753754
579,419,9.68221070811744,9.32935560859189,998,9.53406813627254
566,432,9.67667844522968,9.31481481481481,998,9.52004008016032
569,429,9.67486818980668,9.32867132867133,998,9.52605210420842
565,433,9.66548672566372,9.32794457274827,998,9.5190380761523
568,431,9.66901408450704,9.35266821345708,999,9.53253253253253
568,429,9.67605633802817,9.37296037296037,997,9.5456369107322
563,434,9.67673179396092,9.37557603686636,997,9.5456369107322
564,434,9.68085106382979,9.39861751152074,998,9.55811623246493
570,429,9.68245614035088,9.38927738927739,999,9.55655655655656
562,435,9.68149466192171,9.39770114942529,997,9.55767301905717
572,426,9.68706293706294,9.41549295774648,998,9.57114228456914
579,420,9.67184801381693,9.41904761904762,999,9.56556556556557
586,413,9.68430034129693,9.43341404358354,999,9.58058058058058
584,415,9.69520547945205,9.45542168674699,999,9.5955955955956
600,399,9.715,9.43609022556391,999,9.6036036036036
604,395,9.71854304635762,9.44810126582279,999,9.61161161161161
616,383,9.72077922077922,9.45169712793734,999,9.61761761761762
603,394,9.7396351575456,9.43147208121827,997,9.61785356068205
616,383,9.73214285714286,9.44386422976501,999,9.62162162162162
612,387,9.73366013071895,9.45219638242894,999,9.62462462462462
611,388,9.72667757774141,9.45360824742268,999,9.62062062062062
602,396,9.7358803986711,9.45454545454546,998,9.62424849699399
599,399,9.74791318864775,9.46115288220551,998,9.63326653306613
596,401,9.74328859060403,9.48129675810474,997,9.63791374122367
598,401,9.74916387959866,9.48877805486284,999,9.64464464464464
607,392,9.75288303130148,9.51275510204082,999,9.65865865865866
601,398,9.76206322795341,9.51758793969849,999,9.66466466466466
604,395,9.76655629139073,9.52658227848101,999,9.67167167167167
599,400,9.75292153589315,9.535,999,9.66566566566567
604,394,9.75496688741722,9.54060913705584,998,9.67034068136273
604,394,9.74006622516556,9.55329949238579,998,9.66633266533066
602,397,9.74252491694352,9.56423173803526,999,9.67167167167167
601,397,9.74209650582363,9.58942065491184,998,9.6813627254509
597,402,9.74204355108878,9.59452736318408,999,9.68268268268268
592,407,9.73986486486486,9.59459459459459,999,9.68068068068068
589,410,9.74533106960951,9.60731707317073,999,9.68868868868869
589,410,9.75382003395586,9.61707317073171,999,9.6976976976977
579,419,9.74784110535406,9.62529832935561,998,9.69639278557114
578,421,9.75086505190311,9.6437054631829,999,9.70570570570571
580,418,9.7551724137931,9.64114832535885,998,9.70741482965932
585,414,9.75897435897436,9.6256038647343,999,9.7037037037037
583,416,9.75643224699829,9.63221153846154,999,9.7047047047047
582,415,9.75773195876289,9.62168674698795,997,9.70110330992979
586,413,9.75085324232082,9.61501210653753,999,9.69469469469469
588,411,9.75510204081633,9.60827250608273,999,9.69469469469469
585,414,9.76581196581197,9.60628019323672,999,9.6996996996997
583,414,9.75814751286449,9.59661835748792,997,9.69107321965898
589,408,9.75382003395586,9.5906862745098,997,9.68706118355065
597,402,9.74874371859296,9.59452736318408,999,9.68668668668669
595,404,9.75294117647059,9.5990099009901,999,9.69069069069069
603,396,9.74792703150912,9.60353535353535,999,9.69069069069069
607,391,9.75453047775947,9.60613810741688,998,9.69639278557114
603,396,9.75456053067993,9.60858585858586,999,9.6966966966967
604,395,9.75331125827815,9.60506329113924,999,9.69469469469469
599,398,9.76794657762938,9.61306532663317,997,9.7061183550652
605,394,9.76528925619835,9.61421319796954,999,9.70570570570571
606,392,9.77392739273927,9.60459183673469,998,9.70741482965932
612,386,9.77777777777778,9.6139896373057,998,9.71442885771543
616,383,9.78896103896104,9.63185378590078,999,9.72872872872873
605,391,9.78842975206611,9.62404092071611,996,9.72389558232932
603,396,9.77777777777778,9.62626262626263,999,9.71771771771772
598,399,9.77926421404682,9.62406015037594,997,9.71715145436309
600,399,9.77833333333333,9.6015037593985,999,9.70770770770771
596,402,9.78691275167785,9.61940298507463,998,9.71943887775551
594,405,9.78114478114478,9.60740740740741,999,9.71071071071071
600,399,9.785,9.60902255639098,999,9.71471471471471
603,395,9.77446102819237,9.62025316455696,998,9.71342685370741
590,409,9.77118644067797,9.63325183374083,999,9.71471471471471
592,407,9.77871621621622,9.62407862407862,999,9.71571571571572
589,409,9.76910016977929,9.61369193154034,998,9.70541082164329
586,413,9.76109215017065,9.61743341404358,999,9.7017017017017
589,410,9.7572156196944,9.62682926829268,999,9.7037037037037
579,418,9.75129533678756,9.62918660287081,997,9.70010030090271
585,413,9.76239316239316,9.61743341404358,998,9.70240480961924
586,413,9.74744027303754,9.63680387409201,999,9.7017017017017
585,414,9.75726495726496,9.6183574879227,999,9.6996996996997
584,415,9.75856164383562,9.61204819277108,999,9.6976976976977
578,421,9.77508650519031,9.60332541567696,999,9.7027027027027
576,422,9.77777777777778,9.60900473933649,998,9.7064128256513
577,421,9.77469670710572,9.59857482185273,998,9.70040080160321
579,419,9.77720207253886,9.60381861575179,998,9.70440881763527
584,415,9.78767123287671,9.6,999,9.70970970970971
587,412,9.78534923339012,9.60922330097087,999,9.71271271271271
581,417,9.77796901893287,9.61870503597122,998,9.71142284569138
578,420,9.79411764705882,9.61428571428571,998,9.71843687374749
576,421,9.78298611111111,9.60095011876485,997,9.7061183550652
566,432,9.78975265017668,9.59722222222222,998,9.7064128256513
570,429,9.79824561403509,9.59207459207459,999,9.70970970970971
570,428,9.79649122807018,9.59345794392523,998,9.70941883767535
574,424,9.80662020905923,9.58018867924528,998,9.71042084168337
580,418,9.7948275862069,9.60765550239234,998,9.71643286573146
584,415,9.79623287671233,9.6,999,9.71471471471471
576,423,9.78645833333333,9.60047281323877,999,9.70770770770771
573,425,9.78359511343804,9.62588235294118,998,9.71643286573146
571,428,9.79159369527145,9.63084112149533,999,9.72272272272272
559,437,9.78533094812165,9.62929061784897,996,9.71686746987952
562,437,9.79893238434164,9.61784897025172,999,9.71971971971972
555,444,9.7963963963964,9.62162162162162,999,9.71871871871872
558,441,9.80286738351255,9.63038548752835,999,9.72672672672673
552,447,9.80434782608696,9.6331096196868,999,9.72772772772773
553,446,9.81012658227848,9.6457399103139,999,9.73673673673674
549,449,9.816029143898,9.65701559020045,998,9.74448897795591
542,457,9.82472324723247,9.64551422319475,999,9.74274274274274
542,457,9.82841328413284,9.65864332603939,999,9.75075075075075
531,468,9.83050847457627,9.64316239316239,999,9.74274274274274
543,454,9.82504604051565,9.65198237885463,997,9.74623871614845
536,461,9.81902985074627,9.67462039045553,997,9.75225677031093
542,457,9.82472324723247,9.67614879649891,999,9.75675675675676
542,456,9.82472324723247,9.67543859649123,998,9.7565130260521
538,460,9.83085501858736,9.65869565217391,998,9.75150300601202
529,469,9.82797731568998,9.67164179104478,998,9.75450901803607
547,451,9.83729433272395,9.66962305986696,998,9.76152304609218
544,453,9.82904411764706,9.67549668874172,997,9.7592778335005
544,455,9.83088235294118,9.69230769230769,999,9.76776776776777
542,457,9.83948339483395,9.70459518599562,999,9.77777777777778
545,454,9.84954128440367,9.69162995594714,999,9.77777777777778
537,459,9.84543761638734,9.72113289760349,996,9.78815261044177
545,453,9.84220183486238,9.71302428256071,998,9.78356713426854
537,461,9.84543761638734,9.7114967462039,998,9.78356713426854
543,453,9.83609576427256,9.70860927152318,996,9.7781124497992
540,459,9.84444444444444,9.69498910675381,999,9.77577577577578
538,461,9.84014869888476,9.69631236442516,999,9.77377377377377
526,471,9.8574144486692,9.70488322717622,997,9.78535606820461
533,465,9.86679174484052,9.69032258064516,998,9.78456913827655
539,460,9.8682745825603,9.68913043478261,999,9.78578578578579
535,463,9.87102803738318,9.70194384449244,998,9.79258517034068
535,463,9.87289719626168,9.71490280777538,998,9.79959919839679
522,476,9.86781609195402,9.71848739495798,998,9.79659318637275
527,472,9.86717267552182,9.70762711864407,999,9.79179179179179
520,479,9.86153846153846,9.7098121085595,999,9.78878878878879
518,481,9.87065637065637,9.7027027027027,999,9.78978978978979
521,477,9.86948176583493,9.71907756813417,998,9.79759519038076
514,483,9.87548638132296,9.72463768115942,997,9.80240722166499
513,485,9.87329434697856,9.71958762886598,998,9.79859719438878
520,478,9.87884615384615,9.72594142259414,998,9.80561122244489
521,477,9.88291746641075,9.72117400419287,998,9.80561122244489
528,471,9.88068181818182,9.72611464968153,999,9.80780780780781
522,476,9.88505747126437,9.70798319327731,998,9.80060120240481
531,468,9.88512241054614,9.72008547008547,999,9.80780780780781
520,478,9.89423076923077,9.73012552301255,998,9.81563126252505
526,471,9.88783269961977,9.74097664543524,997,9.81845536609829
522,477,9.88697318007663,9.75471698113208,999,9.82382382382382
519,479,9.878612716763,9.74739039665971,998,9.81563126252505
521,476,9.87907869481766,9.76050420168067,997,9.82246740220662
517,479,9.88007736943907,9.73903966597077,996,9.81224899598394
524,475,9.88167938931298,9.75368421052632,999,9.82082082082082
522,477,9.87931034482759,9.74842767295597,999,9.81681681681682
517,482,9.8742746615087,9.73029045643153,999,9.8048048048048
513,485,9.87914230019493,9.74020618556701,998,9.81162324649299
511,488,9.86888454011742,9.74385245901639,999,9.80780780780781
516,480,9.87015503875969,9.75,996,9.81224899598394
520,479,9.86730769230769,9.7348643006263,999,9.8038038038038
512,487,9.869140625,9.73305954825462,999,9.8028028028028
508,490,9.8740157480315,9.73469387755102,998,9.80561122244489
505,493,9.85742574257426,9.74645030425964,998,9.80260521042084
507,491,9.85798816568047,9.75152749490835,998,9.80561122244489
513,485,9.85769980506823,9.74845360824742,998,9.80460921843687
509,489,9.87229862475442,9.74233128834356,998,9.80861723446894
505,492,9.86930693069307,9.73983739837398,997,9.80541624874624
508,490,9.87992125984252,9.75102040816327,998,9.81663326653307
508,490,9.87007874015748,9.73877551020408,998,9.80561122244489
516,482,9.87209302325581,9.74273858921162,998,9.80961923847695
498,501,9.86546184738956,9.73652694610778,999,9.8008008008008
506,492,9.86363636363636,9.72764227642277,998,9.79659318637275
504,495,9.86507936507937,9.73939393939394,999,9.8028028028028
506,493,9.86363636363636,9.73022312373225,999,9.7977977977978
494,503,9.86234817813765,9.72962226640159,997,9.79538615847543
501,498,9.84830339321357,9.71686746987952,999,9.78278278278278
499,500,9.8496993987976,9.72,999,9.78478478478478
500,499,9.856,9.72144288577154,999,9.78878878878879
501,498,9.84630738522954,9.73092369477912,999,9.78878878878879
493,505,9.85395537525355,9.72871287128713,998,9.79058116232465
500,497,9.846,9.74044265593561,997,9.79338014042126
508,491,9.84842519685039,9.74949083503055,999,9.7997997997998
512,486,9.84765625,9.75102880658436,998,9.80060120240481
514,484,9.85603112840467,9.74173553719008,998,9.80060120240481
509,489,9.84479371316307,9.7361963190184,998,9.79158316633267
519,480,9.85163776493256,9.74375,999,9.7997997997998
517,482,9.84719535783366,9.73029045643153,999,9.79079079079079
516,483,9.8468992248062,9.73913043478261,999,9.79479479479479
510,489,9.84313725490196,9.73824130879346,999,9.79179179179179
507,490,9.85009861932939,9.73061224489796,997,9.7913741223671
511,488,9.85127201565558,9.73360655737705,999,9.79379379379379
513,486,9.84795321637427,9.74485596707819,999,9.7977977977978
515,484,9.84660194174757,9.75619834710744,999,9.8028028028028
515,483,9.85242718446602,9.74327122153209,998,9.79959919839679
522,476,9.85249042145594,9.7436974789916,998,9.80060120240481
528,471,9.85606060606061,9.74522292993631,999,9.8038038038038
529,470,9.85822306238185,9.73404255319149,999,9.7997997997998
532,466,9.84962406015038,9.74034334763948,998,9.79859719438878
533,466,9.86679174484052,9.74892703862661,999,9.81181181181181
538,461,9.86245353159851,9.75921908893709,999,9.81481481481481
534,464,9.86516853932584,9.76724137931035,998,9.81963927855711
533,465,9.85741088180113,9.76559139784946,998,9.81462925851703
531,466,9.85687382297552,9.80042918454936,997,9.83049147442327
523,474,9.8508604206501,9.81012658227848,997,9.83149448345035
527,472,9.84819734345351,9.8114406779661,999,9.83083083083083
532,467,9.84586466165413,9.81798715203426,999,9.83283283283283
534,463,9.84456928838951,9.81641468682505,997,9.83149448345035
528,469,9.84659090909091,9.80810234541578,997,9.82848545636911
530,466,9.84905660377358,9.81974248927039,996,9.83534136546185
522,477,9.8448275862069,9.80922431865828,999,9.82782782782783
529,469,9.83742911153119,9.80383795309169,998,9.82164328657315
535,464,9.8392523364486,9.79525862068965,999,9.81881881881882
537,462,9.82867783985103,9.78354978354978,999,9.80780780780781
530,469,9.82830188679245,9.78251599147121,999,9.80680680680681
530,469,9.83207547169811,9.78038379530917,999,9.80780780780781
541,458,9.83179297597042,9.76419213973799,999,9.8008008008008
529,469,9.83931947069943,9.76759061833689,998,9.80561122244489
535,463,9.84859813084112,9.77969762419007,998,9.81663326653307
525,474,9.84952380952381,9.77426160337553,999,9.81381381381381
519,478,9.84200385356455,9.78242677824268,997,9.81344032096289
514,485,9.83657587548638,9.79381443298969,999,9.81581581581582
512,487,9.841796875,9.79876796714579,999,9.82082082082082
504,495,9.84920634920635,9.8020202020202,999,9.82582582582583
511,486,9.84931506849315,9.81275720164609,997,9.83149448345035
522,476,9.84674329501916,9.80882352941176,998,9.82865731462926
517,481,9.84332688588008,9.81081081081081,998,9.82765531062124
516,483,9.84108527131783,9.80952380952381,999,9.82582582582583
502,495,9.84262948207171,9.80606060606061,997,9.82447342026078
511,488,9.83953033268102,9.81762295081967,999,9.82882882882883
518,480,9.83397683397683,9.81041666666667,998,9.82264529058116
509,490,9.83693516699411,9.81836734693877,999,9.82782782782783
503,493,9.84493041749503,9.81338742393509,996,9.82931726907631
503,496,9.84890656063618,9.81854838709677,999,9.83383383383383
508,491,9.84448818897638,9.82281059063136,999,9.83383383383383
512,487,9.845703125,9.81930184804928,999,9.83283283283283
512,487,9.8359375,9.82135523613963,999,9.82882882882883
515,484,9.84271844660194,9.82851239669422,999,9.83583583583584
514,484,9.84824902723735,9.83057851239669,998,9.83967935871743
513,485,9.84795321637427,9.83298969072165,998,9.84068136272545
507,491,9.85404339250493,9.83503054989817,998,9.84468937875751
505,492,9.85346534653465,9.83536585365854,997,9.84453360080241
500,499,9.848,9.84168336673347,999,9.84484484484484
505,493,9.84158415841584,9.8316430020284,998,9.83667334669339
503,496,9.85288270377734,9.83467741935484,999,9.84384384384384
505,494,9.83762376237624,9.82995951417004,999,9.83383383383383
499,500,9.83967935871743,9.826,999,9.83283283283283
504,495,9.83333333333333,9.82222222222222,999,9.82782782782783
508,490,9.84055118110236,9.82040816326531,998,9.83066132264529
506,493,9.83596837944664,9.81541582150101,999,9.82582582582583
502,492,9.83266932270916,9.82926829268293,994,9.83098591549296
501,498,9.83433133732535,9.82329317269076,999,9.82882882882883
500,499,9.832,9.82364729458918,999,9.82782782782783
504,493,9.83333333333333,9.81947261663286,997,9.82647943831494
509,490,9.82907662082515,9.80816326530612,999,9.81881881881882
509,490,9.82318271119843,9.80612244897959,999,9.81481481481481
513,486,9.83040935672515,9.82098765432099,999,9.82582582582583
516,482,9.83139534883721,9.81120331950208,998,9.82164328657315
509,488,9.84086444007858,9.81967213114754,997,9.83049147442327
511,487,9.83757338551859,9.82135523613963,998,9.82965931863727
503,494,9.8389662027833,9.82186234817814,997,9.83049147442327
503,495,9.83300198807157,9.83232323232323,998,9.83266533066132
506,492,9.83794466403162,9.83333333333333,998,9.83567134268537
510,487,9.84313725490196,9.83367556468172,997,9.83851554663992
506,493,9.83596837944664,9.83975659229209,999,9.83783783783784
502,497,9.84262948207171,9.841046277666,999,9.84184184184184
502,496,9.84462151394422,9.84879032258065,998,9.84669338677355
500,499,9.856,9.85771543086172,999,9.85685685685686
496,503,9.86088709677419,9.86679920477137,999,9.86386386386386
492,507,9.86991869918699,9.87179487179487,999,9.87087087087087
485,513,9.87422680412371,9.87524366471735,998,9.874749498998
488,511,9.875,9.88454011741683,999,9.87987987987988
497,501,9.87726358148893,9.87425149700599,998,9.87575150300601
495,503,9.88282828282828,9.87077534791253,998,9.87675350701403
509,490,9.88015717092338,9.87551020408163,999,9.87787787787788
502,496,9.8804780876494,9.85282258064516,998,9.86673346693387
509,489,9.88801571709234,9.86094069529652,998,9.874749498998
511,488,9.88649706457926,9.85450819672131,999,9.87087087087087
508,491,9.89173228346457,9.84725050916497,999,9.86986986986987
508,491,9.90157480314961,9.84928716904277,999,9.87587587587588
506,493,9.90711462450593,9.85395537525355,999,9.88088088088088
519,480,9.90944123314065,9.8375,999,9.87487487487487
526,473,9.90494296577947,9.83086680761099,999,9.86986986986987
529,468,9.90359168241966,9.83547008547009,997,9.8716148445336
523,476,9.89483747609943,9.83193277310924,999,9.86486486486486
531,468,9.89830508474576,9.82905982905983,999,9.86586586586587
533,465,9.8874296435272,9.84301075268817,998,9.86673346693387
535,462,9.89158878504673,9.82467532467532,997,9.86058174523571
545,453,9.88073394495413,9.83002207505519,998,9.85771543086172
542,454,9.88560885608856,9.84361233480176,996,9.86646586345381
540,458,9.88333333333333,9.85371179039301,998,9.86973947895792
534,465,9.87827715355805,9.86021505376344,999,9.86986986986987
531,468,9.87570621468926,9.86111111111111,999,9.86886886886887
535,464,9.87289719626168,9.85775862068965,999,9.86586586586587
534,465,9.87453183520599,9.85806451612903,999,9.86686686686687
536,462,9.87873134328358,9.87878787878788,998,9.87875751503006
529,470,9.87712665406427,9.86808510638298,999,9.87287287287287
533,465,9.87992495309568,9.88172043010753,998,9.88076152304609
530,469,9.88679245283019,9.87846481876333,999,9.88288288288288
531,467,9.89077212806026,9.88222698072805,998,9.88677354709419
526,473,9.89163498098859,9.88372093023256,999,9.88788788788789
517,481,9.88588007736944,9.88357588357588,998,9.88476953907816
517,480,9.90135396518375,9.90416666666667,997,9.90270812437312
518,480,9.9015444015444,9.90833333333333,998,9.90480961923848
527,472,9.89753320683112,9.89194915254237,999,9.89489489489489
514,485,9.89299610894942,9.88865979381443,999,9.89089089089089
519,479,9.89595375722543,9.89352818371608,998,9.89478957915832
522,477,9.90229885057471,9.88888888888889,999,9.8958958958959
525,473,9.89333333333333,9.87526427061311,998,9.88476953907816
526,472,9.89163498098859,9.88347457627119,998,9.88777555110221
532,466,9.8890977443609,9.87339055793991,998,9.88176352705411
525,472,9.88190476190476,9.88771186440678,997,9.88465396188566
539,459,9.87569573283859,9.88671023965142,998,9.88076152304609
535,464,9.86915887850467,9.88577586206897,999,9.87687687687688
549,449,9.87795992714025,9.89309576837416,998,9.88476953907816
544,455,9.86580882352941,9.89230769230769,999,9.87787787787788
544,454,9.87132352941176,9.88986784140969,998,9.87975951903808
537,461,9.86405959031657,9.88720173535792,998,9.874749498998
528,471,9.85984848484848,9.89384288747346,999,9.87587587587588
516,483,9.85658914728682,9.88612836438923,999,9.87087087087087
518,478,9.87065637065637,9.88075313807531,996,9.87550200803213
511,488,9.87084148727984,9.87909836065574,999,9.87487487487487
512,487,9.875,9.87063655030801,999,9.87287287287287
503,495,9.87475149105368,9.87878787878788,998,9.87675350701403
510,488,9.87450980392157,9.875,998,9.874749498998
501,498,9.88423153692615,9.87349397590361,999,9.87887887887888
500,498,9.876,9.8855421686747,998,9.88076152304609
496,503,9.875,9.89662027833002,999,9.88588588588589
502,496,9.8804780876494,9.90725806451613,998,9.8937875751503
491,508,9.87169042769857,9.90157480314961,999,9.88688688688689
496,503,9.875,9.89065606361829,999,9.88288288288288
494,505,9.87854251012146,9.89108910891089,999,9.88488488488488
500,498,9.882,9.90562248995984,998,9.8937875751503
507,491,9.88954635108481,9.90427698574338,998,9.89679358717435
499,499,9.88777555110221,9.90581162324649,998,9.89679358717435
497,501,9.89134808853119,9.90419161676647,998,9.89779559118236
497,499,9.89134808853119,9.90581162324649,996,9.89859437751004
496,500,9.89112903225806,9.892,996,9.89156626506024
500,498,9.882,9.88755020080321,998,9.88476953907816
502,497,9.8804780876494,9.88732394366197,999,9.88388388388388
514,484,9.88132295719844,9.87603305785124,998,9.87875751503006
516,483,9.88372093023256,9.87370600414079,999,9.87887887887888
512,487,9.876953125,9.86858316221766,999,9.87287287287287
511,488,9.87671232876712,9.85860655737705,999,9.86786786786787
512,486,9.87109375,9.85390946502058,998,9.8627254509018
517,482,9.87040618955513,9.87344398340249,999,9.87187187187187
520,479,9.86730769230769,9.8643006263048,999,9.86586586586587
514,485,9.86575875486381,9.87422680412371,999,9.86986986986987
513,486,9.87329434697856,9.88065843621399,999,9.87687687687688
505,492,9.87524752475248,9.86585365853658,997,9.87061183550652
506,492,9.88339920948617,9.86178861788618,998,9.87274549098196
506,493,9.88932806324111,9.85598377281947,999,9.87287287287287
504,493,9.88888888888889,9.85598377281947,997,9.87261785356068
504,494,9.88492063492063,9.86842105263158,998,9.87675350701403
511,488,9.88845401174168,9.85655737704918,999,9.87287287287287
510,488,9.8921568627451,9.84631147540984,998,9.86973947895792
511,487,9.90019569471624,9.85420944558522,998,9.87775551102204
513,486,9.90448343079922,9.8559670781893,999,9.88088088088088
506,493,9.90513833992095,9.86409736308316,999,9.88488488488488
513,486,9.90253411306043,9.86831275720165,999,9.88588588588589
516,483,9.9031007751938,9.85300207039337,999,9.87887887887888
518,480,9.8996138996139,9.85625,998,9.87875751503006
520,478,9.90384615384615,9.8744769874477,998,9.88977955911824
512,487,9.892578125,9.86242299794661,999,9.87787787787788
516,483,9.8953488372093,9.86335403726708,999,9.87987987987988
515,484,9.90291262135922,9.86776859504132,999,9.88588588588589
518,481,9.8957528957529,9.86070686070686,999,9.87887887887888
531,468,9.90207156308851,9.86752136752137,999,9.88588588588589
528,470,9.90530303030303,9.88297872340426,998,9.89478957915832
531,467,9.90583804143126,9.88222698072805,998,9.89478957915832
535,463,9.90841121495327,9.86609071274298,998,9.88877755511022
534,465,9.91198501872659,9.86881720430108,999,9.89189189189189
535,464,9.91401869158878,9.85991379310345,999,9.88888888888889
535,463,9.9196261682243,9.85961123110151,998,9.89178356713427
534,464,9.92134831460674,9.86422413793103,998,9.89478957915832
535,464,9.92336448598131,9.88146551724138,999,9.9039039039039
540,459,9.92222222222222,9.880174291939,999,9.9029029029029
538,459,9.91449814126394,9.87799564270152,997,9.89769307923771
538,461,9.91449814126394,9.88069414316703,999,9.8988988988989
539,460,9.91465677179963,9.87826086956522,999,9.8978978978979
548,450,9.91423357664234,9.87777777777778,998,9.89779559118236
554,444,9.90974729241877,9.88063063063063,998,9.89679358717435
551,448,9.9038112522686,9.87053571428571,999,9.88888888888889
551,448,9.90562613430127,9.85714285714286,999,9.88388388388388
552,447,9.90036231884058,9.85906040268456,999,9.88188188188188
557,442,9.9048473967684,9.8552036199095,999,9.88288288288288
559,440,9.91234347048301,9.86136363636364,999,9.88988988988989
561,437,9.91622103386809,9.8558352402746,998,9.88977955911824
566,432,9.91696113074205,9.85416666666667,998,9.88977955911824
561,438,9.91800356506239,9.86301369863014,999,9.89389389389389
568,430,9.91901408450704,9.85581395348837,998,9.89178356713427
573,426,9.91448516579407,9.85211267605634,999,9.88788788788789
578,421,9.91868512110727,9.85035629453682,999,9.88988988988989
579,420,9.92055267702936,9.85952380952381,999,9.89489489489489
581,418,9.91910499139415,9.86363636363636,999,9.8958958958959
580,418,9.92413793103448,9.87799043062201,998,9.90480961923848
587,412,9.92163543441227,9.89320388349515,999,9.90990990990991
594,405,9.92424242424242,9.89135802469136,999,9.91091091091091
590,409,9.93050847457627,9.89486552567237,999,9.91591591591592
589,407,9.92869269949066,9.88697788697789,996,9.91164658634538
582,417,9.93986254295533,9.88249400479616,999,9.91591591591592
589,409,9.93378607809847,9.90709046454768,998,9.92284569138276
589,407,9.93378607809847,9.9017199017199,996,9.92068273092369
578,419,9.93598615916955,9.89021479713604,997,9.91675025075226
584,415,9.93321917808219,9.90361445783133,999,9.92092092092092
577,422,9.92894280762565,9.90521327014218,999,9.91891891891892
578,421,9.92906574394464,9.90023752969121,999,9.91691691691692
573,426,9.93542757417103,9.89671361502347,999,9.91891891891892
573,426,9.92670157068063,9.89671361502347,999,9.91391391391391
565,432,9.93097345132743,9.89351851851852,997,9.91474423269809
574,425,9.92857142857143,9.89176470588235,999,9.91291291291291
568,430,9.92957746478873,9.88139534883721,998,9.90881763527054
568,431,9.92429577464789,9.88399071925754,999,9.90690690690691
573,425,9.92321116928447,9.89647058823529,998,9.91182364729459
579,420,9.92400690846287,9.88571428571429,999,9.90790790790791
582,416,9.91580756013746,9.89423076923077,998,9.90681362725451
580,418,9.91724137931035,9.89473684210526,998,9.90781563126252
586,413,9.91296928327645,9.88861985472155,999,9.9029029029029
590,408,9.90677966101695,9.90686274509804,998,9.90681362725451
593,405,9.90387858347386,9.91604938271605,998,9.90881763527054
590,408,9.90677966101695,9.92892156862745,998,9.91583166332665
587,411,9.90800681431005,9.93430656934307,998,9.9188376753507
602,397,9.91029900332226,9.93450881612091,999,9.91991991991992
600,398,9.92,9.9321608040201,998,9.9248496993988
604,394,9.90894039735099,9.94162436548223,998,9.92184368737475
602,397,9.9202657807309,9.93702770780856,999,9.92692692692693
600,398,9.91666666666667,9.94221105527638,998,9.92685370741483
607,391,9.91268533772652,9.94373401534527,998,9.9248496993988
604,394,9.91721854304636,9.93654822335025,998,9.9248496993988
611,387,9.91489361702128,9.93798449612403,998,9.92384769539078
612,386,9.91830065359477,9.93782383419689,998,9.92585170340681
621,377,9.91143317230274,9.94429708222812,998,9.92384769539078
627,368,9.91387559808612,9.9375,995,9.92261306532663
637,361,9.91679748822606,9.94459833795014,998,9.92685370741483
641,358,9.91107644305772,9.94692737430168,999,9.92392392392392
635,364,9.91181102362205,9.94505494505495,999,9.92392392392392
648,350,9.91358024691358,9.94857142857143,998,9.92585170340681
645,354,9.91782945736434,9.94632768361582,999,9.92792792792793
645,354,9.92248062015504,9.95197740112994,999,9.93293293293293
650,349,9.92615384615385,9.9512893982808,999,9.93493493493493
649,349,9.92758089368259,9.94842406876791,998,9.93486973947896
643,356,9.93157076205288,9.94662921348315,999,9.93693693693694
652,347,9.93251533742331,9.95677233429395,999,9.94094094094094
650,348,9.93692307692308,9.95402298850575,998,9.94288577154309
662,337,9.93655589123867,9.95252225519288,999,9.94194194194194
665,332,9.93383458646617,9.95481927710843,997,9.94082246740221
662,337,9.93655589123867,9.95252225519288,999,9.94194194194194
660,339,9.93787878787879,9.95575221238938,999,9.94394394394394
659,340,9.93474962063733,9.96176470588235,999,9.94394394394394
654,345,9.93425076452599,9.95942028985507,999,9.94294294294294
654,345,9.93272171253823,9.9536231884058,999,9.93993993993994
658,341,9.93768996960486,9.95014662756598,999,9.94194194194194
651,348,9.92933947772658,9.94827586206897,999,9.93593593593594
645,352,9.92713178294574,9.94602272727273,997,9.93380140421264
642,355,9.92523364485981,9.94647887323944,997,9.93279839518556
638,361,9.92319749216301,9.93628808864266,999,9.92792792792793
636,363,9.91666666666667,9.93939393939394,999,9.92492492492492
640,358,9.9171875,9.93575418994413,998,9.92384769539078
643,356,9.9144634525661,9.93820224719101,999,9.92292292292292
643,353,9.91135303265941,9.93484419263456,996,9.91967871485944
643,355,9.91601866251944,9.93239436619718,998,9.92184368737475
637,361,9.91679748822606,9.93351800554017,998,9.92284569138276
634,364,9.92271293375394,9.92857142857143,998,9.9248496993988
632,366,9.92879746835443,9.9344262295082,998,9.93086172344689
639,359,9.9264475743349,9.93314763231198,998,9.92885771543086
645,354,9.92403100775194,9.93220338983051,999,9.92692692692693
653,345,9.92343032159265,9.92753623188406,998,9.9248496993988
656,341,9.92682926829268,9.92375366568915,997,9.92577733199599
668,330,9.92065868263473,9.91818181818182,998,9.91983967935872
678,321,9.91297935103245,9.9190031152648,999,9.91491491491491
678,317,9.91445427728614,9.9211356466877,995,9.91658291457286
674,324,9.91246290801187,9.92592592592593,998,9.91683366733467
681,318,9.91336270190896,9.91823899371069,999,9.91491491491491
672,327,9.91220238095238,9.90825688073394,999,9.91091091091091
676,323,9.90828402366864,9.90092879256966,999,9.90590590590591
671,326,9.90760059612519,9.90184049079755,997,9.90571715145436
662,335,9.90483383685801,9.8955223880597,997,9.90170511534604
659,339,9.90743550834598,9.90265486725664,998,9.90581162324649
655,342,9.90381679389313,9.90643274853801,997,9.90471414242728
647,352,9.89953632148377,9.90056818181818,999,9.8998998998999
652,345,9.90030674846626,9.90144927536232,997,9.90070210631896
643,355,9.90824261275272,9.90140845070423,998,9.90581162324649
645,352,9.91317829457364,9.91477272727273,997,9.91374122367101
655,342,9.90687022900763,9.91228070175439,997,9.90872617853561
655,343,9.90992366412214,9.90379008746356,998,9.90781563126252
648,351,9.90740740740741,9.91168091168091,999,9.90890890890891
648,351,9.91049382716049,9.90883190883191,999,9.90990990990991
645,353,9.91317829457364,9.90934844192635,998,9.91182364729459
644,354,9.91149068322981,9.90677966101695,998,9.90981963927856
638,360,9.91222570532915,9.90555555555556,998,9.90981963927856
637,360,9.90894819466248,9.90277777777778,997,9.90672016048144
632,367,9.91455696202532,9.91008174386921,999,9.91291291291291
635,363,9.91181102362205,9.92011019283747,998,9.91482965931864
631,368,9.91283676703645,9.92391304347826,999,9.91691691691692
634,364,9.91482649842271,9.92307692307692,998,9.91783567134268
634,365,9.91482649842271,9.92328767123288,999,9.91791791791792
632,366,9.91455696202532,9.91530054644809,998,9.91482965931864
630,368,9.91587301587302,9.92119565217391,998,9.91783567134268
635,363,9.91338582677165,9.92011019283747,998,9.91583166332665
628,370,9.9140127388535,9.91351351351351,998,9.91382765531062
628,369,9.9140127388535,9.91056910569106,997,9.91273821464393
619,380,9.91437802907916,9.91052631578947,999,9.91291291291291
623,374,9.91974317817014,9.9144385026738,997,9.91775325977934
627,371,9.9170653907496,9.90835579514825,998,9.91382765531062
626,373,9.9185303514377,9.91152815013405,999,9.91591591591592
630,368,9.91904761904762,9.91304347826087,998,9.91683366733467
624,374,9.92307692307692,9.90374331550802,998,9.91583166332665
622,376,9.91639871382637,9.91223404255319,998,9.91482965931864
626,371,9.91373801916933,9.91105121293801,997,9.91273821464393
635,362,9.91023622047244,9.92265193370166,997,9.91474423269809
621,378,9.914653784219,9.91798941798942,999,9.91591591591592
631,368,9.91125198098257,9.91847826086956,999,9.91391391391391
630,368,9.90476190476191,9.91847826086956,998,9.90981963927856
628,370,9.9124203821656,9.91891891891892,998,9.91482965931864
628,371,9.90764331210191,9.91644204851752,999,9.91091091091091
626,372,9.91373801916933,9.91129032258065,998,9.9128256513026
627,372,9.91547049441786,9.91666666666667,999,9.91591591591592
634,364,9.91798107255521,9.91208791208791,998,9.91583166332665
633,366,9.92259083728278,9.91256830601093,999,9.91891891891892
634,365,9.92902208201893,9.9013698630137,999,9.91891891891892
633,365,9.9304897314376,9.9013698630137,998,9.91983967935872
643,356,9.92846034214619,9.91292134831461,999,9.92292292292292
650,349,9.93076923076923,9.91404011461318,999,9.92492492492492
648,351,9.93518518518519,9.91452991452991,999,9.92792792792793
649,349,9.93836671802774,9.9054441260745,998,9.92685370741483
650,349,9.93846153846154,9.91404011461318,999,9.92992992992993
652,346,9.93711656441718,9.90173410404624,998,9.9248496993988
649,349,9.93374422187981,9.90830945558739,998,9.9248496993988
654,344,9.93730886850153,9.90116279069767,998,9.9248496993988
650,348,9.94153846153846,9.89942528735632,998,9.92685370741483
648,350,9.93672839506173,9.90857142857143,998,9.92685370741483
647,350,9.93817619783617,9.90571428571429,997,9.92678034102307
645,353,9.93643410852713,9.89801699716714,998,9.92284569138276
634,365,9.9384858044164,9.8958904109589,999,9.92292292292292
633,366,9.93680884676145,9.89617486338798,999,9.92192192192192
639,360,9.93427230046948,9.89166666666667,999,9.91891891891892
641,357,9.94383775351014,9.88515406162465,998,9.92284569138276
644,355,9.94254658385093,9.89014084507042,999,9.92392392392392
651,348,9.94623655913978,9.89367816091954,999,9.92792792792793
653,344,9.94333843797856,9.89244186046512,997,9.92577733199599
646,352,9.94891640866873,9.89204545454546,998,9.92885771543086
656,342,9.94969512195122,9.89181286549708,998,9.92985971943888
649,348,9.95069337442219,9.89367816091954,997,9.93079237713139
654,345,9.95107033639144,9.88405797101449,999,9.92792792792793
646,351,9.95510835913313,9.88034188034188,997,9.92878635907723
650,348,9.96461538461539,9.87931034482759,998,9.93486973947896
639,359,9.95931142410016,9.88022284122563,998,9.93086172344689
646,353,9.96284829721362,9.86968838526912,999,9.92992992992993
641,358,9.9594383775351,9.87709497206704,999,9.92992992992993
645,353,9.96124031007752,9.87252124645892,998,9.92985971943888
633,365,9.95576619273302,9.87671232876712,998,9.92685370741483
643,355,9.95334370139969,9.86760563380282,998,9.92284569138276
630,369,9.95079365079365,9.85907859078591,999,9.91691691691692
