forward_num,reverse_num,forward_rate,reverse_rate,organism_num,organism_rate
500,500,5.5,5.5,1000,5.5
495,494,5.50707070707071,5.51214574898785,989,5.50960566228514
495,493,5.50707070707071,5.51724137931035,988,5.51214574898785
543,455,6.03314917127072,5.56483516483516,998,5.81963927855711
583,416,6.10806174957118,5.65865384615385,999,5.92092092092092
613,385,6.27406199021207,5.5948051948052,998,6.01202404809619
640,358,6.31875,5.62849162011173,998,6.07114228456914
656,342,6.32774390243902,5.57602339181287,998,6.07014028056112
677,322,6.46824224519941,5.55590062111801,999,6.17417417417417
692,307,6.5,5.48208469055375,999,6.18718718718719
679,319,6.57290132547864,5.36677115987461,998,6.187374749499
706,293,6.28186968838527,5.46757679180887,999,6.04304304304304
699,300,6.47782546494993,5.26666666666667,999,6.11411411411411
689,309,6.49492017416546,5.31715210355987,998,6.13026052104208
681,316,6.49045521292217,5.42088607594937,997,6.15145436308927
662,335,6.51963746223565,5.64179104477612,997,6.2246740220662
648,351,6.56635802469136,5.88319088319088,999,6.32632632632633
632,365,6.63132911392405,5.88767123287671,997,6.35907723169509
623,374,6.78330658105939,6.14705882352941,997,6.54463390170512
635,364,6.75590551181102,6.21153846153846,999,6.55755755755756
623,372,6.86516853932584,6.34139784946237,995,6.66934673366834
644,355,6.62888198757764,6.26478873239437,999,6.4994994994995
626,373,6.73482428115016,6.24664879356568,999,6.55255255255255
615,384,6.82926829268293,6.20833333333333,999,6.59059059059059
622,377,6.87781350482315,6.3315649867374,999,6.67167167167167
639,359,6.91079812206573,6.32590529247911,998,6.70040080160321
640,358,7.0046875,6.45251396648045,998,6.80661322645291
650,349,7.04461538461538,6.37822349570201,999,6.81181181181181
654,345,7.04434250764526,6.52173913043478,999,6.86386386386386
667,330,7.05697151424288,6.42727272727273,997,6.84854563691073
668,330,7.07185628742515,6.41212121212121,998,6.85370741482966
669,327,7.00747384155456,6.44648318042813,996,6.82329317269076
668,329,7.11077844311377,6.42249240121581,997,6.88365095285858
667,332,7.08995502248876,6.50903614457831,999,6.8968968968969
657,342,7.1324200913242,6.48245614035088,999,6.90990990990991
663,334,7.17496229260935,6.62574850299401,997,6.99097291875627
670,327,7.19402985074627,6.66666666666667,997,7.02106318956871
662,336,7.24924471299094,6.64880952380952,998,7.04709418837675
661,334,7.2375189107413,6.7125748502994,995,7.06130653266332
665,331,7.28270676691729,6.72507552870091,996,7.09738955823293
645,353,7.33023255813954,6.77903682719547,998,7.13527054108216
662,337,7.3761329305136,6.72700296735905,999,7.15715715715716
654,344,7.39908256880734,6.83139534883721,998,7.20340681362725
659,340,7.4051593323217,6.89117647058824,999,7.23023023023023
656,342,7.39176829268293,6.8625730994152,998,7.21042084168337
655,343,7.38015267175573,7.0,998,7.24949899799599
659,340,7.42943854324734,7.02352941176471,999,7.29129129129129
662,337,7.38519637462236,6.97329376854599,999,7.24624624624625
674,325,7.36350148367953,7.02153846153846,999,7.25225225225225
683,315,7.3103953147877,6.99047619047619,998,7.20941883767535
678,321,7.3377581120944,7.07165109034268,999,7.25225225225225
681,318,7.3201174743025,7.10062893081761,999,7.25025025025025
686,312,7.36443148688047,7.13141025641026,998,7.29158316633267
687,312,7.36535662299854,7.16987179487179,999,7.3043043043043
697,302,7.36441893830703,7.08940397350993,999,7.28128128128128
686,312,7.43586005830904,7.11858974358974,998,7.33667334669339
690,308,7.45507246376812,7.14285714285714,998,7.35871743486974
677,319,7.48301329394387,7.10031347962382,996,7.36044176706827
676,323,7.47041420118343,7.12693498452012,999,7.35935935935936
681,317,7.44199706314244,7.18296529968454,998,7.35971943887776
671,327,7.50521609538003,7.15596330275229,998,7.39078156312625
668,331,7.56287425149701,7.12084592145015,999,7.41641641641642
669,329,7.59641255605381,7.18844984802432,998,7.46192384769539
667,331,7.62218890554723,7.32628398791541,998,7.52404809619238
674,324,7.60979228486647,7.40432098765432,998,7.54308617234469
668,329,7.60778443113772,7.41033434650456,997,7.54262788365095
674,325,7.60682492581602,7.45538461538462,999,7.55755755755756
685,314,7.63503649635036,7.42356687898089,999,7.56856856856857
670,329,7.68059701492537,7.48632218844985,999,7.61661661661662
671,327,7.71982116244411,7.54128440366972,998,7.66132264529058
676,323,7.70562130177515,7.52631578947368,999,7.64764764764765
667,331,7.75862068965517,7.54682779456193,998,7.68837675350701
671,326,7.73770491803279,7.53680981595092,997,7.67201604814443
680,319,7.75882352941176,7.56426332288401,999,7.6966966966967
677,320,7.80945347119645,7.525,997,7.71815446339017
669,328,7.85351270553064,7.51524390243902,997,7.74222668004012
674,324,7.85014836795252,7.51851851851852,998,7.74248496993988
679,320,7.88512518409426,7.51875,999,7.76776776776777
669,330,7.90732436472347,7.5030303030303,999,7.77377377377377
672,324,7.90029761904762,7.42592592592593,996,7.74598393574297
673,324,7.87964338781575,7.45987654320988,997,7.7432296890672
673,325,7.90638930163447,7.48923076923077,998,7.77054108216433
674,324,7.90356083086053,7.45987654320988,998,7.75951903807615
671,327,7.94485842026826,7.40672782874618,998,7.7685370741483
672,327,7.97321428571429,7.4434250764526,999,7.7997997997998
666,333,7.99249249249249,7.40840840840841,999,7.7977977977978
660,339,8.05454545454545,7.42182890855457,999,7.83983983983984
664,333,8.10993975903614,7.37537537537538,997,7.86459378134403
664,335,8.12801204819277,7.44477611940299,999,7.8988988988989
663,334,8.16289592760181,7.42215568862275,997,7.91474423269809
672,327,8.19642857142857,7.51376146788991,999,7.97297297297297
675,321,8.22962962962963,7.53894080996885,996,8.0070281124498
678,321,8.23451327433628,7.4797507788162,999,7.99199199199199
678,320,8.24631268436578,7.521875,998,8.01402805611222
689,308,8.22786647314949,7.52272727272727,997,8.01003009027081
691,308,8.25325615050651,7.53571428571429,999,8.03203203203203
696,303,8.27298850574713,7.58085808580858,999,8.06306306306306
699,300,8.25178826895565,7.52666666666667,999,8.03403403403403
701,297,8.27389443651926,7.50841750841751,998,8.04609218436874
698,301,8.25931232091691,7.50498338870432,999,8.03203203203203
710,288,8.2830985915493,7.5,998,8.05711422845691
699,300,8.310443490701,7.54666666666667,999,8.08108108108108
705,293,8.33049645390071,7.5938566552901,998,8.11422845691383
706,292,8.36685552407932,7.56164383561644,998,8.1312625250501
708,290,8.36440677966102,7.56551724137931,998,8.13226452905812
706,293,8.40651558073654,7.58361774744027,999,8.16516516516517
705,292,8.4354609929078,7.65753424657534,997,8.20762286860582
716,282,8.48324022346369,7.68085106382979,998,8.2565130260521
717,282,8.47698744769875,7.64184397163121,999,8.24124124124124
719,280,8.46592489568846,7.66071428571429,999,8.24024024024024
728,271,8.46291208791209,7.63468634686347,999,8.23823823823824
720,277,8.49583333333333,7.67148014440433,997,8.26680040120361
722,277,8.50415512465374,7.70036101083033,999,8.28128128128128
730,269,8.53287671232877,7.75092936802974,999,8.32232232232232
729,270,8.54320987654321,7.84814814814815,999,8.35535535535536
735,264,8.53741496598639,7.83712121212121,999,8.35235235235235
733,266,8.51978171896316,7.81578947368421,999,8.33233233233233
724,274,8.52209944751381,7.86131386861314,998,8.34068136272545
717,281,8.50627615062761,7.80427046263345,998,8.30861723446894
714,285,8.48879551820728,7.82456140350877,999,8.2992992992993
719,280,8.442280945758,7.84285714285714,999,8.27427427427427
719,280,8.44784422809458,7.86428571428571,999,8.28428428428428
706,291,8.48441926345609,7.94158075601375,997,8.3259779338014
715,284,8.46993006993007,7.90140845070423,999,8.30830830830831
712,287,8.4873595505618,7.91637630662021,999,8.32332332332332
718,281,8.4958217270195,7.89679715302491,999,8.32732732732733
716,281,8.5195530726257,7.90747330960854,997,8.34704112337011
711,287,8.46413502109705,7.97212543554007,998,8.32264529058116
719,280,8.49930458970793,7.94285714285714,999,8.34334334334334
717,282,8.49651324965133,7.98581560283688,999,8.35235235235235
718,280,8.51392757660167,8.05,998,8.38376753507014
724,275,8.53729281767956,8.05454545454545,999,8.4044044044044
722,276,8.54432132963989,8.14130434782609,998,8.43286573146293
721,277,8.56865464632455,8.15162454873646,998,8.45290581162325
731,268,8.59233926128591,8.17537313432836,999,8.48048048048048
737,261,8.61736770691995,8.14942528735632,998,8.49498997995992
736,262,8.60190217391304,8.16793893129771,998,8.48797595190381
740,259,8.61081081081081,8.16988416988417,999,8.4964964964965
744,255,8.63575268817204,8.14901960784314,999,8.51151151151151
751,248,8.64447403462051,8.09677419354839,999,8.50850850850851
750,249,8.66266666666667,8.15261044176707,999,8.53553553553554
745,251,8.66174496644295,8.12749003984064,996,8.52710843373494
745,253,8.6993288590604,8.1304347826087,998,8.55511022044088
739,258,8.74966170500677,8.08527131782946,997,8.5777331995988
748,251,8.76470588235294,8.11155378486056,999,8.6006006006006
745,254,8.77986577181208,8.09055118110236,999,8.6046046046046
747,252,8.79384203480589,8.13492063492063,999,8.62762762762763
741,257,8.76653171390013,8.09727626459144,998,8.59418837675351
739,260,8.78890392422192,8.11923076923077,999,8.61461461461461
749,249,8.80907877169559,8.14859437751004,998,8.64428857715431
746,252,8.78820375335121,8.09523809523809,998,8.61322645290581
747,250,8.7710843373494,8.152,997,8.61584754262788
753,246,8.77954847277556,8.1869918699187,999,8.63363363363363
757,241,8.76486129458388,8.2448132780083,998,8.63927855711423
757,240,8.79392338177015,8.25416666666667,997,8.66399197592778
759,238,8.76548089591568,8.32773109243698,997,8.66098294884654
763,235,8.74574049803408,8.34468085106383,998,8.65130260521042
753,246,8.79017264276228,8.36178861788618,999,8.68468468468468
751,248,8.82689747003995,8.42338709677419,999,8.72672672672673
750,249,8.816,8.42971887550201,999,8.71971971971972
753,246,8.84860557768924,8.39024390243902,999,8.73573573573574
748,250,8.86363636363636,8.424,998,8.75350701402806
738,261,8.84823848238482,8.37547892720307,999,8.72472472472472
738,260,8.84417344173442,8.43846153846154,998,8.73847695390782
732,267,8.83606557377049,8.40823970037453,999,8.72172172172172
742,257,8.86253369272237,8.50583657587549,999,8.77077077077077
744,254,8.86827956989247,8.54724409448819,998,8.78657314629259
752,246,8.88563829787234,8.60975609756098,998,8.81763527054108
758,239,8.89973614775726,8.61087866108787,997,8.83049147442327
758,240,8.91029023746702,8.6,998,8.83567134268537
762,234,8.90157480314961,8.62820512820513,996,8.83734939759036
762,237,8.94094488188976,8.58227848101266,999,8.85585585585586
759,240,8.96442687747036,8.5375,999,8.86186186186186
757,242,8.97225891677675,8.5702479338843,999,8.87487487487487
755,244,8.97218543046358,8.5655737704918,999,8.87287287287287
751,247,8.98135818908123,8.59109311740891,998,8.88476953907816
751,248,8.96138482023968,8.64112903225806,999,8.88188188188188
753,245,8.97875166002656,8.6530612244898,998,8.89879759519038
749,249,8.99465954606142,8.63453815261044,998,8.90480961923848
753,245,8.95617529880478,8.62448979591837,998,8.874749498998
753,242,8.97078353253652,8.68181818181818,995,8.90050251256281
754,244,8.94827586206897,8.76229508196721,998,8.90280561122244
747,251,8.95716198125837,8.78486055776892,998,8.91382765531062
741,257,8.96491228070176,8.77821011673152,998,8.91683366733467
732,267,8.98360655737705,8.78651685393258,999,8.93093093093093
741,258,8.99460188933873,8.75193798449612,999,8.93193193193193
735,264,8.99863945578231,8.75378787878788,999,8.93393393393393
732,266,9.02459016393443,8.7406015037594,998,8.94889779559118
734,264,9.05994550408719,8.76893939393939,998,8.98296593186373
727,271,9.08253094910591,8.76014760147602,998,8.99498997995992
722,276,9.08310249307479,8.75,998,8.99098196392786
721,277,9.07073509015257,8.84115523465704,998,9.00701402805611
725,274,9.08,8.83211678832117,999,9.01201201201201
724,274,9.11740331491713,8.85766423357664,998,9.04609218436874
725,273,9.13241379310345,8.89010989010989,998,9.06613226452906
726,273,9.11570247933884,8.86080586080586,999,9.04604604604605
726,271,9.1198347107438,8.88929889298893,997,9.05717151454363
732,266,9.12021857923497,8.88721804511278,998,9.05811623246493
734,265,9.13215258855586,8.95471698113207,999,9.08508508508509
726,271,9.15840220385675,8.92619926199262,997,9.09528585757272
726,273,9.14325068870523,8.95970695970696,999,9.09309309309309
726,272,9.16391184573003,9.02941176470588,998,9.12725450901804
722,277,9.1578947368421,9.04693140794224,999,9.12712712712713
726,273,9.15977961432507,9.07692307692308,999,9.13713713713714
723,276,9.17980636237898,9.1268115942029,999,9.16516516516517
715,284,9.16363636363636,9.17605633802817,999,9.16716716716717
706,292,9.1699716713881,9.20547945205479,998,9.18036072144289
699,299,9.18741058655222,9.21070234113712,998,9.19438877755511
699,299,9.20171673819742,9.23745819397993,998,9.2124248496994
699,300,9.20743919885551,9.22,999,9.21121121121121
699,300,9.19599427753934,9.24666666666667,999,9.21121121121121
713,284,9.19214586255259,9.27816901408451,997,9.21664994984955
716,282,9.22067039106145,9.26595744680851,998,9.23346693386774
708,289,9.24435028248588,9.25951557093426,997,9.24874623871615
711,288,9.24472573839662,9.27430555555556,999,9.25325325325325
715,284,9.23916083916084,9.29225352112676,999,9.25425425425425
712,287,9.23455056179775,9.28222996515679,999,9.24824824824825
713,285,9.24964936886395,9.25964912280702,998,9.25250501002004
710,288,9.24366197183099,9.27430555555556,998,9.25250501002004
708,290,9.24717514124294,9.23448275862069,998,9.2434869739479
716,283,9.27234636871508,9.24734982332155,999,9.26526526526527
714,284,9.26610644257703,9.24295774647887,998,9.25951903807615
703,294,9.2773826458037,9.24489795918367,997,9.26780341023069
713,286,9.29032258064516,9.27272727272727,999,9.28528528528529
712,286,9.29213483146067,9.29370629370629,998,9.29258517034068
725,274,9.28689655172414,9.34671532846715,999,9.3033033033033
726,272,9.30716253443526,9.34926470588235,998,9.3186372745491
725,274,9.32137931034483,9.34306569343066,999,9.32732732732733
726,273,9.32093663911846,9.3992673992674,999,9.34234234234234
728,271,9.31043956043956,9.37269372693727,999,9.32732732732733
715,283,9.32167832167832,9.38162544169611,998,9.33867735470942
715,283,9.32307692307692,9.37455830388693,998,9.3376753507014
724,275,9.33977900552486,9.32,999,9.33433433433433
717,282,9.34030683403068,9.33333333333333,999,9.33833833833834
720,279,9.35277777777778,9.32258064516129,999,9.34434434434434
713,285,9.36886395511921,9.34385964912281,998,9.36172344689379
724,275,9.37154696132597,9.35636363636364,999,9.36736736736737
717,281,9.38493723849372,9.30604982206406,998,9.3627254509018
716,281,9.3854748603352,9.33096085409253,997,9.37011033099298
714,284,9.38935574229692,9.30633802816901,998,9.36573146292585
709,288,9.41607898448519,9.28125,997,9.37713139418255
711,288,9.42756680731364,9.28472222222222,999,9.38638638638639
706,293,9.41926345609065,9.2901023890785,999,9.38138138138138
703,294,9.43243243243243,9.2891156462585,997,9.3901705115346
704,295,9.42329545454546,9.27118644067797,999,9.37837837837838
701,297,9.42082738944365,9.26599326599327,998,9.374749498998
708,290,9.43079096045198,9.27931034482759,998,9.38677354709419
694,302,9.43948126801153,9.27152317880795,996,9.38855421686747
697,302,9.41606886657102,9.31456953642384,999,9.38538538538539
698,300,9.42550143266476,9.32,998,9.3937875751503
689,308,9.42815674891147,9.30519480519481,997,9.3901705115346
692,305,9.42919075144509,9.33770491803279,997,9.4012036108325
701,297,9.44222539229672,9.36026936026936,998,9.41783567134268
703,294,9.44381223328592,9.35714285714286,997,9.41825476429288
712,286,9.44241573033708,9.37762237762238,998,9.42384769539078
711,288,9.44444444444444,9.40625,999,9.43343343343343
711,287,9.45147679324895,9.42857142857143,998,9.44488977955912
706,292,9.45325779036827,9.41780821917808,998,9.44288577154309
702,296,9.44301994301994,9.42905405405405,998,9.43887775551102
703,296,9.43812233285917,9.40540540540541,999,9.42842842842843
696,302,9.43965517241379,9.3841059602649,998,9.42284569138276
685,314,9.46277372262774,9.4171974522293,999,9.44844844844845
676,322,9.4585798816568,9.37267080745342,998,9.43086172344689
681,318,9.45668135095448,9.41823899371069,999,9.44444444444444
673,325,9.43387815750371,9.40923076923077,998,9.42585170340681
678,320,9.43805309734513,9.39375,998,9.42384769539078
680,319,9.43235294117647,9.41379310344828,999,9.42642642642643
680,315,9.45294117647059,9.41904761904762,995,9.44221105527638
694,305,9.44524495677233,9.44918032786885,999,9.44644644644645
697,302,9.43041606886657,9.47682119205298,999,9.44444444444444
690,308,9.42028985507246,9.48376623376623,998,9.43987975951904
688,311,9.43023255813953,9.47266881028939,999,9.44344344344344
687,311,9.41048034934498,9.53697749196141,998,9.4498997995992
688,310,9.40843023255814,9.56451612903226,998,9.45691382765531
685,313,9.41021897810219,9.5591054313099,998,9.45691382765531
681,316,9.39647577092511,9.54430379746835,997,9.44332998996991
679,320,9.39027982326951,9.565625,999,9.44644644644645
684,314,9.4078947368421,9.59554140127389,998,9.46693386773547
680,319,9.40441176470588,9.60501567398119,999,9.46846846846847
679,318,9.39911634756996,9.61006289308176,997,9.46639919759278
679,319,9.41678939617084,9.61128526645768,998,9.47895791583166
674,324,9.43026706231454,9.62345679012346,998,9.49298597194389
676,321,9.42011834319527,9.60747663551402,997,9.48044132397191
685,313,9.43357664233577,9.62300319488818,998,9.49298597194389
680,318,9.42205882352941,9.58490566037736,998,9.47394789579158
672,325,9.42410714285714,9.59384615384615,997,9.47943831494483
674,325,9.43323442136498,9.58153846153846,999,9.48148148148148
676,322,9.44082840236686,9.58695652173913,998,9.48797595190381
689,310,9.45718432510885,9.58064516129032,999,9.4954954954955
687,312,9.45851528384279,9.58974358974359,999,9.4994994994995
693,305,9.45021645021645,9.56393442622951,998,9.48496993987976
689,310,9.45137880986938,9.58064516129032,999,9.49149149149149
680,319,9.43235294117647,9.58934169278997,999,9.48248248248248
682,315,9.43695014662757,9.60634920634921,997,9.49047141424273
678,320,9.44542772861357,9.6375,998,9.50701402805611
681,317,9.4287812041116,9.63091482649842,998,9.49298597194389
673,325,9.42199108469539,9.64,998,9.49298597194389
679,319,9.42709867452136,9.65830721003135,998,9.50100200400802
678,321,9.44690265486726,9.68224299065421,999,9.52252252252252
672,325,9.45684523809524,9.68615384615385,997,9.53159478435306
671,328,9.43517138599106,9.67378048780488,999,9.51351351351351
675,323,9.45333333333333,9.671826625387,998,9.52404809619238
674,325,9.45697329376855,9.68,999,9.52952952952953
672,326,9.41964285714286,9.69631901840491,998,9.51002004008016
671,328,9.45007451564829,9.66768292682927,999,9.52152152152152
666,332,9.46246246246246,9.68373493975904,998,9.53607214428858
673,325,9.46062407132244,9.65846153846154,998,9.5250501002004
664,335,9.46385542168675,9.66865671641791,999,9.53253253253253
665,332,9.46015037593985,9.64156626506024,997,9.52056168505517
666,332,9.48798798798799,9.66566265060241,998,9.54709418837675
669,330,9.46188340807175,9.66363636363636,999,9.52852852852853
668,331,9.45958083832335,9.67371601208459,999,9.53053053053053
669,328,9.46038863976084,9.66768292682927,997,9.52858575727181
673,324,9.45616641901932,9.66975308641975,997,9.52557673019057
678,321,9.44690265486726,9.66043613707165,999,9.51551551551552
679,320,9.45360824742268,9.665625,999,9.52152152152152
678,321,9.44837758112094,9.65732087227414,999,9.51551551551552
676,322,9.44674556213018,9.66149068322981,998,9.51603206412826
672,327,9.45089285714286,9.6605504587156,999,9.51951951951952
672,326,9.45982142857143,9.6441717791411,998,9.52004008016032
665,333,9.45714285714286,9.66066066066066,998,9.5250501002004
672,326,9.43452380952381,9.66257668711656,998,9.50901803607214
672,326,9.44791666666667,9.6840490797546,998,9.5250501002004
670,329,9.45820895522388,9.71428571428571,999,9.54254254254254
674,325,9.48367952522255,9.72615384615385,999,9.56256256256256
674,325,9.48961424332344,9.74461538461538,999,9.57257257257257
672,327,9.48214285714286,9.7308868501529,999,9.56356356356356
667,331,9.48425787106447,9.7190332326284,998,9.56212424849699
671,328,9.48882265275708,9.72865853658537,999,9.56756756756757
669,329,9.47533632286996,9.72644376899696,998,9.55811623246493
679,320,9.48306332842415,9.71875,999,9.55855855855856
675,324,9.48740740740741,9.70679012345679,999,9.55855855855856
682,315,9.48093841642229,9.6984126984127,997,9.54964894684052
673,325,9.481426448737,9.68307692307692,998,9.54709418837675
680,318,9.48235294117647,9.67610062893082,998,9.54408817635271
689,310,9.48476052249637,9.66451612903226,999,9.54054054054054
686,312,9.5131195335277,9.6474358974359,998,9.55511022044088
688,310,9.52325581395349,9.63548387096774,998,9.55811623246493
685,312,9.53430656934307,9.63141025641026,997,9.56469408224674
689,309,9.54862119013062,9.62135922330097,998,9.57114228456914
689,309,9.55587808417997,9.61488673139159,998,9.57414829659319
695,302,9.56546762589928,9.63576158940397,997,9.58676028084253
696,302,9.56752873563218,9.6158940397351,998,9.58216432865732
693,306,9.58152958152958,9.63071895424837,999,9.5965965965966
695,303,9.57122302158273,9.64686468646865,998,9.59418837675351
689,310,9.57184325108853,9.63870967741935,999,9.59259259259259
695,304,9.57122302158273,9.64473684210526,999,9.59359359359359
688,309,9.56395348837209,9.68284789644013,997,9.60080240722166
699,300,9.57796852646638,9.70666666666667,999,9.61661661661662
697,301,9.56814921090387,9.70099667774086,998,9.60821643286573
695,304,9.58705035971223,9.71381578947368,999,9.62562562562563
688,311,9.59883720930233,9.72025723472669,999,9.63663663663664
680,319,9.60147058823529,9.74294670846395,999,9.64664664664665
674,324,9.61572700296736,9.75,998,9.65931863727455
671,327,9.63934426229508,9.76146788990826,998,9.67935871743487
672,325,9.64285714285714,9.77230769230769,997,9.68505516549649
663,335,9.65610859728507,9.79402985074627,998,9.70240480961924
675,324,9.67111111111111,9.7962962962963,999,9.71171171171171
674,325,9.67952522255193,9.78153846153846,999,9.71271271271271
675,324,9.67407407407407,9.77777777777778,999,9.70770770770771
677,322,9.66174298375185,9.77018633540373,999,9.6966966966967
677,322,9.65435745937962,9.77018633540373,999,9.69169169169169
670,329,9.65820895522388,9.76595744680851,999,9.69369369369369
665,334,9.65864661654135,9.77544910179641,999,9.6976976976977
657,341,9.65905631659056,9.78299120234604,998,9.70140280561122
665,334,9.65263157894737,9.77844311377246,999,9.69469469469469
666,333,9.66066066066066,9.76576576576577,999,9.6956956956957
655,343,9.64885496183206,9.76967930029154,998,9.69038076152305
651,344,9.64362519201229,9.76453488372093,995,9.68542713567839
649,348,9.65947611710324,9.76436781609195,997,9.69608826479438
652,346,9.65490797546012,9.76011560693642,998,9.69138276553106
642,355,9.6619937694704,9.75492957746479,997,9.6950852557673
644,355,9.65217391304348,9.75492957746479,999,9.68868868868869
644,355,9.65683229813665,9.74366197183099,999,9.68768768768769
638,360,9.68025078369906,9.72777777777778,998,9.69739478957916
643,356,9.68429237947123,9.71629213483146,999,9.6956956956957
641,358,9.68642745709828,9.73184357541899,999,9.7027027027027
635,362,9.68031496062992,9.72099447513812,997,9.6950852557673
640,359,9.6890625,9.74094707520891,999,9.70770770770771
641,358,9.70670826833073,9.75977653631285,999,9.72572572572573
636,363,9.71383647798742,9.74931129476584,999,9.72672672672673
641,358,9.73010920436817,9.74022346368715,999,9.73373373373373
641,356,9.71606864274571,9.74438202247191,997,9.72617853560682
638,358,9.71786833855799,9.72346368715084,996,9.71987951807229
645,354,9.72093023255814,9.71751412429379,999,9.71971971971972
637,360,9.70643642072213,9.71388888888889,997,9.70912738214644
644,354,9.70652173913044,9.69774011299435,998,9.70340681362725
636,362,9.70283018867925,9.70718232044199,998,9.70440881763527
625,372,9.6912,9.72043010752688,997,9.70210631895687
617,381,9.69854132901134,9.71128608923885,998,9.70340681362725
617,382,9.6904376012966,9.71727748691099,999,9.7007007007007
614,385,9.67589576547231,9.72207792207792,999,9.69369369369369
609,389,9.69129720853859,9.69665809768638,998,9.69338677354709
620,379,9.67258064516129,9.69656992084433,999,9.68168168168168
620,377,9.66935483870968,9.71352785145889,997,9.68605817452357
628,369,9.67675159235669,9.70731707317073,997,9.68806419257773
636,362,9.67138364779874,9.71546961325967,998,9.687374749499
641,357,9.67550702028081,9.703081232493,998,9.68537074148297
644,355,9.68167701863354,9.69859154929578,999,9.68768768768769
644,355,9.70807453416149,9.71830985915493,999,9.71171171171171
633,366,9.69352290679305,9.71857923497268,999,9.7027027027027
636,362,9.71383647798742,9.71270718232044,998,9.71342685370741
635,364,9.70393700787402,9.71978021978022,999,9.70970970970971
639,357,9.70422535211268,9.69187675070028,996,9.69979919678715
650,349,9.70923076923077,9.71060171919771,999,9.70970970970971
647,352,9.69860896445131,9.72727272727273,999,9.70870870870871
639,359,9.72613458528951,9.72980501392758,998,9.72745490981964
637,362,9.73783359497645,9.75966850828729,999,9.74574574574575
645,354,9.72868217054264,9.75141242937853,999,9.73673673673674
646,352,9.74767801857585,9.74147727272727,998,9.74549098196393
649,349,9.75808936825886,9.74212034383954,998,9.75250501002004
644,355,9.73447204968944,9.73802816901408,999,9.73573573573574
642,357,9.74922118380062,9.75350140056022,999,9.75075075075075
644,353,9.75155279503106,9.75354107648725,997,9.75225677031093
650,346,9.75076923076923,9.76589595375722,996,9.75602409638554
646,351,9.74148606811145,9.79202279202279,997,9.7592778335005
656,342,9.74085365853658,9.78654970760234,998,9.7565130260521
649,350,9.73805855161787,9.78857142857143,999,9.75575575575576
655,343,9.74961832061069,9.77259475218659,998,9.75751503006012
659,340,9.73141122913505,9.78529411764706,999,9.74974974974975
656,343,9.73170731707317,9.78717201166181,999,9.75075075075075
649,349,9.74268104776579,9.78510028653295,998,9.75751503006012
653,346,9.74732006125574,9.76011560693642,999,9.75175175175175
650,348,9.74769230769231,9.73850574712644,998,9.74448897795591
660,339,9.74545454545455,9.74631268436578,999,9.74574574574575
650,349,9.74307692307692,9.73352435530086,999,9.73973973973974
649,350,9.74576271186441,9.71428571428571,999,9.73473473473473
655,342,9.75419847328244,9.72514619883041,997,9.74423269809428
661,337,9.7428139183056,9.72106824925816,998,9.73547094188377
656,342,9.74542682926829,9.70760233918129,998,9.73246492985972
656,343,9.76067073170732,9.68804664723032,999,9.73573573573574
660,339,9.77121212121212,9.68436578171091,999,9.74174174174174
655,344,9.77251908396947,9.69476744186047,999,9.74574574574575
650,348,9.76769230769231,9.70402298850575,998,9.74549098196393
650,349,9.77538461538462,9.74498567335243,999,9.76476476476476
649,350,9.77657935285054,9.74285714285714,999,9.76476476476476
646,352,9.77089783281734,9.74715909090909,998,9.7625250501002
648,351,9.76543209876543,9.75498575498576,999,9.76176176176176
643,355,9.77138413685848,9.72676056338028,998,9.75551102204409
646,353,9.77399380804954,9.73937677053824,999,9.76176176176176
639,360,9.77621283255086,9.75277777777778,999,9.76776776776777
628,369,9.78184713375796,9.7289972899729,997,9.76228686058175
628,369,9.78821656050955,9.73983739837398,997,9.7703109327984
631,368,9.79873217115689,9.75271739130435,999,9.78178178178178
628,371,9.78662420382166,9.74123989218329,999,9.76976976976977
624,375,9.79166666666667,9.75466666666667,999,9.77777777777778
627,372,9.79106858054226,9.7741935483871,999,9.78478478478478
629,370,9.79968203497615,9.75675675675676,999,9.78378378378378
631,368,9.80665610142631,9.76630434782609,999,9.79179179179179
631,368,9.80507131537242,9.75815217391304,999,9.78778778778779
631,368,9.80348652931854,9.76630434782609,999,9.78978978978979
640,357,9.803125,9.74509803921569,997,9.78234704112337
632,366,9.80696202531646,9.73770491803279,998,9.78156312625251
635,363,9.80157480314961,9.73553719008265,998,9.77755511022044
629,369,9.80286168521463,9.71273712737127,998,9.76953907815631
634,364,9.79022082018927,9.73351648351648,998,9.76953907815631
632,366,9.79905063291139,9.73224043715847,998,9.77454909819639
636,362,9.79088050314465,9.69889502762431,998,9.75751503006012
639,360,9.80438184663537,9.725,999,9.77577577577578
637,361,9.80847723704867,9.71468144044321,998,9.77454909819639
651,346,9.81259600614439,9.72832369942197,997,9.78335005015045
655,344,9.81374045801527,9.76744186046512,999,9.7977977977978
655,342,9.81832061068702,9.74853801169591,997,9.79438314944835
659,340,9.82397572078907,9.76470588235294,999,9.8038038038038
658,341,9.8161094224924,9.77126099706745,999,9.8008008008008
657,341,9.81430745814307,9.77126099706745,998,9.79959919839679
662,336,9.81570996978852,9.77380952380952,998,9.80160320641283
663,335,9.80844645550528,9.78805970149254,998,9.80160320641283
669,328,9.80717488789238,9.76219512195122,997,9.79237713139418
662,337,9.80060422960725,9.78041543026706,999,9.79379379379379
664,334,9.79518072289157,9.7934131736527,998,9.79458917835671
669,330,9.80269058295964,9.78181818181818,999,9.7957957957958
656,342,9.79725609756098,9.79824561403509,998,9.79759519038076
658,341,9.78419452887538,9.79765395894428,999,9.78878878878879
652,347,9.78680981595092,9.81556195965418,999,9.7967967967968
652,346,9.79907975460123,9.80924855491329,998,9.80260521042084
654,343,9.79663608562691,9.81632653061224,997,9.80341023069208
655,343,9.79083969465649,9.80466472303207,998,9.79559118236473
653,345,9.80091883614089,9.80289855072464,998,9.80160320641283
654,342,9.78899082568807,9.81578947368421,996,9.79819277108434
657,342,9.79908675799087,9.80701754385965,999,9.8018018018018
667,332,9.80809595202399,9.78915662650602,999,9.8018018018018
663,336,9.81146304675717,9.78571428571429,999,9.8028028028028
668,330,9.80988023952096,9.77272727272727,998,9.79759519038076
665,332,9.81654135338346,9.78012048192771,997,9.80441323971916
669,330,9.82062780269058,9.78787878787879,999,9.80980980980981
666,330,9.81681681681682,9.78787878787879,996,9.80722891566265
672,325,9.82142857142857,9.8,997,9.81444332998997
676,323,9.81213017751479,9.78947368421053,999,9.8048048048048
671,326,9.81520119225037,9.78220858895705,997,9.80441323971916
677,322,9.82274741506647,9.79192546583851,999,9.81281281281281
669,330,9.81763826606876,9.81515151515151,999,9.81681681681682
661,337,9.81845688350983,9.83086053412463,998,9.82264529058116
655,344,9.81526717557252,9.82848837209302,999,9.81981981981982
655,343,9.80610687022901,9.83090379008746,998,9.81462925851703
662,336,9.81117824773414,9.85714285714286,998,9.82665330661323
662,337,9.80060422960725,9.8486646884273,999,9.81681681681682
660,339,9.80151515151515,9.85840707964602,999,9.82082082082082
655,344,9.80610687022901,9.86918604651163,999,9.82782782782783
650,349,9.8,9.86246418338109,999,9.82182182182182
648,351,9.8070987654321,9.85754985754986,999,9.82482482482482
646,351,9.80340557275542,9.85470085470086,997,9.82146439317954
647,352,9.79598145285935,9.85227272727273,999,9.81581581581582
645,354,9.78759689922481,9.8361581920904,999,9.8048048048048
656,342,9.78658536585366,9.83040935672515,998,9.80160320641283
646,351,9.79102167182663,9.83475783475783,997,9.80641925777332
653,346,9.79326186830015,9.82947976878613,999,9.80580580580581
657,339,9.78843226788432,9.82890855457227,996,9.80220883534137
658,340,9.790273556231,9.82058823529412,998,9.80060120240481
648,349,9.78240740740741,9.810888252149,997,9.79237713139418
649,350,9.78582434514638,9.80857142857143,999,9.79379379379379
637,362,9.78021978021978,9.80386740331492,999,9.78878878878879
631,365,9.77654516640253,9.78904109589041,996,9.78112449799197
628,371,9.77707006369427,9.79245283018868,999,9.78278278278278
626,371,9.77316293929712,9.80053908355795,997,9.78335005015045
628,370,9.77547770700637,9.78648648648649,998,9.77955911823647
626,371,9.77955271565495,9.79784366576819,997,9.7863590772317
630,369,9.77460317460318,9.79674796747967,999,9.78278278278278
622,377,9.76848874598071,9.81697612732095,999,9.78678678678679
629,369,9.7758346581876,9.81571815718157,998,9.79058116232465
621,378,9.77938808373591,9.82010582010582,999,9.79479479479479
611,386,9.77905073649755,9.8160621761658,997,9.79338014042126
609,389,9.78817733990148,9.82262210796915,998,9.80160320641283
611,388,9.78723404255319,9.82474226804124,999,9.8018018018018
617,382,9.79092382495948,9.8455497382199,999,9.81181181181181
616,381,9.78246753246753,9.84251968503937,997,9.80541624874624
612,387,9.7843137254902,9.83979328165375,999,9.80580580580581
620,377,9.78709677419355,9.85941644562334,997,9.81444332998997
616,383,9.77597402597403,9.86161879895561,999,9.80880880880881
620,379,9.7741935483871,9.87335092348285,999,9.81181181181181
620,377,9.78387096774193,9.86472148541114,997,9.81444332998997
623,375,9.7784911717496,9.86133333333333,998,9.80961923847695
630,369,9.78571428571429,9.85636856368564,999,9.81181181181181
631,368,9.78288431061807,9.85326086956522,999,9.80880880880881
641,358,9.78627145085803,9.86312849162011,999,9.81381381381381
642,357,9.78504672897196,9.85714285714286,999,9.81081081081081
646,353,9.78328173374613,9.86685552407932,999,9.81281281281281
646,352,9.79411764705882,9.86931818181818,998,9.82064128256513
648,350,9.81018518518519,9.87142857142857,998,9.83166332665331
639,360,9.81220657276995,9.87222222222222,999,9.83383383383383
645,354,9.8077519379845,9.86158192090396,999,9.82682682682683
642,355,9.80218068535826,9.86478873239437,997,9.82447342026078
656,343,9.79878048780488,9.86297376093295,999,9.82082082082082
652,347,9.79294478527607,9.86167146974063,999,9.81681681681682
655,344,9.79541984732824,9.85174418604651,999,9.81481481481481
644,354,9.78571428571429,9.85875706214689,998,9.81162324649299
652,347,9.8021472392638,9.86455331412104,999,9.82382382382382
643,355,9.80093312597201,9.87887323943662,998,9.82865731462926
652,347,9.81134969325153,9.88472622478386,999,9.83683683683684
647,352,9.8160741885626,9.89204545454546,999,9.84284284284284
653,346,9.81316998468606,9.89595375722543,999,9.84184184184184
645,354,9.81395348837209,9.91242937853107,999,9.84884884884885
651,348,9.8110599078341,9.90804597701149,999,9.84484484484484
642,355,9.80373831775701,9.91830985915493,997,9.84453360080241
632,367,9.80696202531646,9.92098092643052,999,9.84884884884885
631,368,9.81299524564184,9.91576086956522,999,9.85085085085085
630,367,9.81904761904762,9.92098092643052,997,9.85656970912738
633,365,9.81200631911532,9.92054794520548,998,9.85170340681363
631,368,9.80665610142631,9.92663043478261,999,9.85085085085085
621,377,9.81964573268921,9.94164456233422,998,9.86573146292585
619,379,9.81260096930533,9.94195250659631,998,9.86172344689379
623,376,9.79935794542536,9.93882978723404,999,9.85185185185185
616,383,9.80681818181818,9.93994778067885,999,9.85785785785786
624,373,9.7948717948718,9.93565683646113,997,9.84754262788365
620,379,9.79032258064516,9.94195250659631,999,9.84784784784785
624,374,9.78525641025641,9.94117647058824,998,9.8436873747495
627,372,9.77671451355662,9.95698924731183,999,9.84384384384384
641,357,9.77535101404056,9.95238095238095,998,9.83867735470942
647,352,9.77279752704791,9.94034090909091,999,9.83183183183183
650,348,9.78307692307692,9.94252873563218,998,9.83867735470942
653,346,9.78101071975498,9.94797687861272,999,9.83883883883884
666,333,9.78678678678679,9.94294294294294,999,9.83883883883884
664,334,9.77861445783133,9.95209580838323,998,9.83667334669339
668,331,9.78293413173653,9.95468277945619,999,9.83983983983984
665,333,9.77443609022556,9.95495495495495,998,9.83466933867735
667,332,9.78110944527736,9.96686746987952,999,9.84284284284284
670,327,9.78507462686567,9.96330275229358,997,9.84353059177533
672,327,9.79166666666667,9.96941896024465,999,9.84984984984985
674,323,9.80118694362018,9.97213622291022,997,9.85656970912738
673,326,9.80089153046062,9.96625766871166,999,9.85485485485485
671,328,9.80178837555887,9.96646341463415,999,9.85585585585586
663,335,9.79336349924585,9.96119402985075,998,9.8496993987976
665,333,9.79248120300752,9.96396396396396,998,9.8496993987976
658,341,9.7887537993921,9.96187683284457,999,9.84784784784785
667,332,9.78410794602699,9.95783132530121,999,9.84184184184184
666,333,9.77927927927928,9.95495495495495,999,9.83783783783784
672,326,9.77827380952381,9.96319018404908,998,9.83867735470942
672,326,9.77232142857143,9.96319018404908,998,9.83466933867735
675,324,9.77333333333333,9.96296296296296,999,9.83483483483483
680,319,9.78235294117647,9.96238244514107,999,9.83983983983984
681,318,9.77973568281938,9.95911949685535,999,9.83683683683684
685,313,9.78686131386861,9.95527156549521,998,9.83967935871743
682,315,9.78445747800587,9.95873015873016,997,9.839518555667
690,307,9.78405797101449,9.96416938110749,997,9.839518555667
678,321,9.78761061946903,9.96261682242991,999,9.84384384384384
680,318,9.78529411764706,9.9622641509434,998,9.84168336673347
671,327,9.78390461997019,9.96024464831804,998,9.84168336673347
671,328,9.7779433681073,9.96036585365854,999,9.83783783783784
663,336,9.77677224736048,9.96130952380952,999,9.83883883883884
662,336,9.77492447129909,9.96428571428571,998,9.83867735470942
645,353,9.76434108527132,9.96317280453258,998,9.83466933867735
655,343,9.76641221374046,9.96501457725948,998,9.83466933867735
654,345,9.76452599388379,9.96811594202899,999,9.83483483483483
669,330,9.76382660687593,9.97575757575758,999,9.83383383383383
660,338,9.76363636363636,9.97633136094675,998,9.83567134268537
663,336,9.76168929110106,9.97321428571429,999,9.83283283283283
651,347,9.76958525345622,9.97118155619597,998,9.83967935871743
656,343,9.77286585365854,9.97084548104956,999,9.84084084084084
657,342,9.77625570776256,9.97076023391813,999,9.84284284284284
666,333,9.78078078078078,9.97297297297297,999,9.84484484484484
667,332,9.76911544227886,9.97289156626506,999,9.83683683683684
668,330,9.77994011976048,9.96666666666667,998,9.84168336673347
675,324,9.78222222222222,9.96913580246914,999,9.84284284284284
665,334,9.78496240601504,9.96107784431138,999,9.84384384384384
662,337,9.78549848942598,9.96439169139466,999,9.84584584584585
650,346,9.79230769230769,9.95664739884393,996,9.84939759036145
661,337,9.80635400907716,9.95845697329377,998,9.85771543086172
664,335,9.80271084337349,9.96119402985075,999,9.85585585585586
663,335,9.80844645550528,9.96119402985075,998,9.85971943887776
665,333,9.80300751879699,9.96696696696697,998,9.85771543086172
662,336,9.80815709969789,9.96428571428571,998,9.86072144288577
661,336,9.80332829046899,9.96428571428571,997,9.85757271815446
655,343,9.81068702290076,9.96209912536443,998,9.8627254509018
661,337,9.81089258698941,9.95845697329377,998,9.86072144288577
661,337,9.81391830559758,9.95845697329377,998,9.8627254509018
655,344,9.81374045801527,9.96802325581395,999,9.86686686686687
649,350,9.81664098613251,9.96857142857143,999,9.86986986986987
650,348,9.82,9.97126436781609,998,9.87274549098196
647,351,9.82225656877898,9.96866096866097,998,9.87374749498998
638,361,9.82445141065831,9.96952908587258,999,9.87687687687688
644,354,9.82763975155279,9.97175141242938,998,9.87875751503006
634,365,9.82965299684543,9.96986301369863,999,9.88088088088088
636,362,9.82389937106918,9.96961325966851,998,9.87675350701403
639,359,9.82472613458529,9.96657381615599,998,9.87575150300601
647,350,9.81916537867079,9.96571428571429,997,9.87061183550652
651,347,9.82642089093702,9.96541786743516,998,9.874749498998
653,346,9.82235834609495,9.96531791907514,999,9.87187187187187
652,347,9.81134969325153,9.96541786743516,999,9.86486486486486
661,338,9.81391830559758,9.96449704142012,999,9.86486486486486
666,332,9.81531531531532,9.96987951807229,998,9.86673346693387
664,335,9.81174698795181,9.96716417910448,999,9.86386386386386
662,336,9.81570996978852,9.96726190476191,998,9.86673346693387
670,329,9.81492537313433,9.96656534954407,999,9.86486486486486
673,326,9.81575037147103,9.96932515337423,999,9.86586586586587
676,323,9.81508875739645,9.96904024767802,999,9.86486486486486
683,316,9.81698389458272,9.96835443037975,999,9.86486486486486
677,322,9.81683899556869,9.96894409937888,999,9.86586586586587
671,327,9.8166915052161,9.96636085626911,998,9.86573146292585
680,319,9.81617647058824,9.96551724137931,999,9.86386386386386
679,319,9.81737849779087,9.95924764890282,998,9.8627254509018
675,323,9.81925925925926,9.95665634674923,998,9.86372745490982
674,325,9.82640949554896,9.95384615384615,999,9.86786786786787
667,332,9.8335832083958,9.95180722891566,999,9.87287287287287
670,329,9.83731343283582,9.95136778115502,999,9.87487487487487
659,340,9.84673748103187,9.95,999,9.88188188188188
656,343,9.84298780487805,9.94752186588921,999,9.87887887887888
646,352,9.84984520123839,9.94602272727273,998,9.88376753507014
644,354,9.84627329192547,9.94350282485876,998,9.88076152304609
645,353,9.84496124031008,9.94334277620397,998,9.87975951903808
644,353,9.84316770186335,9.94900849858357,997,9.88064192577733
649,349,9.83975346687211,9.9512893982808,998,9.87875751503006
637,361,9.83673469387755,9.9584487534626,998,9.88076152304609
644,354,9.83540372670807,9.95762711864407,998,9.87875751503006
644,355,9.83385093167702,9.96901408450704,999,9.88188188188188
642,357,9.84579439252336,9.96638655462185,999,9.88888888888889
635,362,9.83937007874016,9.97237569060773,997,9.8876629889669
632,367,9.8370253164557,9.97275204359673,999,9.88688688688689
627,371,9.83094098883573,9.97304582210243,998,9.88376753507014
631,368,9.8256735340729,9.97010869565217,999,9.87887887887888
626,373,9.82108626198083,9.97319034852547,999,9.87787787787788
633,366,9.82148499210111,9.97540983606557,999,9.87787787787788
629,369,9.81717011128776,9.96747967479675,998,9.87274549098196
631,368,9.81774960380349,9.97010869565217,999,9.87387387387387
628,371,9.81687898089172,9.96495956873315,999,9.87187187187187
633,365,9.82464454976303,9.96712328767123,998,9.87675350701403
633,366,9.81516587677725,9.96448087431694,999,9.86986986986987
633,366,9.81358609794629,9.96448087431694,999,9.86886886886887
627,371,9.81180223285486,9.96495956873315,998,9.8687374749499
622,376,9.81832797427653,9.96276595744681,998,9.87274549098196
612,387,9.8202614379085,9.96382428940568,999,9.87587587587588
618,380,9.81391585760518,9.96052631578947,998,9.86973947895792
606,392,9.81353135313531,9.96428571428571,998,9.87274549098196
605,394,9.80661157024793,9.96192893401015,999,9.86786786786787
596,403,9.80872483221476,9.96277915632754,999,9.87087087087087
606,392,9.8052805280528,9.96428571428571,998,9.86773547094188
599,400,9.80300500834725,9.97,999,9.86986986986987
592,407,9.79391891891892,9.96560196560197,999,9.86386386386386
588,411,9.7891156462585,9.96593673965937,999,9.86186186186186
593,405,9.78752107925801,9.97037037037037,998,9.86172344689379
585,413,9.78461538461539,9.9636803874092,998,9.85871743486974
593,405,9.79932546374368,9.96049382716049,998,9.86472945891784
586,413,9.8037542662116,9.95641646489104,999,9.86686686686687
594,405,9.8013468013468,9.96543209876543,999,9.86786786786787
588,410,9.79421768707483,9.96341463414634,998,9.86372745490982
578,420,9.79584775086505,9.95714285714286,998,9.86372745490982
576,420,9.80208333333333,9.95952380952381,996,9.86847389558233
566,432,9.80565371024735,9.9537037037037,998,9.86973947895792
571,426,9.80735551663748,9.95539906103286,997,9.87061183550652
567,432,9.80952380952381,9.95138888888889,999,9.87087087087087
568,431,9.81514084507042,9.95359628770302,999,9.87487487487487
561,438,9.81818181818182,9.95890410958904,999,9.87987987987988
572,426,9.82167832167832,9.96244131455399,998,9.88176352705411
572,427,9.81818181818182,9.96487119437939,999,9.88088088088088
583,416,9.83018867924528,9.95913461538461,999,9.88388388388388
586,413,9.82081911262799,9.9636803874092,999,9.87987987987988
587,411,9.8160136286201,9.95863746958637,998,9.874749498998
580,418,9.80862068965517,9.96411483253589,998,9.87374749498998
576,423,9.81076388888889,9.95981087470449,999,9.87387387387387
575,422,9.8104347826087,9.95971563981043,997,9.87362086258776
578,421,9.82006920415225,9.95724465558195,999,9.87787787787788
580,418,9.81896551724138,9.95933014354067,998,9.87775551102204
582,417,9.81615120274914,9.96163069544365,999,9.87687687687688
582,417,9.81443298969072,9.9568345323741,999,9.87387387387387
587,412,9.8160136286201,9.96116504854369,999,9.87587587587588
582,417,9.81786941580756,9.96163069544365,999,9.87787787787788
587,412,9.8160136286201,9.96601941747573,999,9.87787787787788
586,411,9.82081911262799,9.96593673965937,997,9.88064192577733
593,406,9.82293423271501,9.9679802955665,999,9.88188188188188
588,411,9.81292517006803,9.97080291970803,999,9.87787787787788
577,422,9.82495667244367,9.97156398104265,999,9.88688688688689
573,423,9.81675392670157,9.97163120567376,996,9.88253012048193
567,432,9.82363315696649,9.97453703703704,999,9.88888888888889
561,436,9.81996434937611,9.97477064220183,997,9.8876629889669
559,440,9.83005366726297,9.97272727272727,999,9.89289289289289
562,436,9.83096085409253,9.97247706422018,998,9.89278557114229
563,435,9.82770870337478,9.97011494252873,998,9.88977955911824
557,441,9.82405745062837,9.96598639455782,998,9.88677354709419
559,437,9.82289803220036,9.96338672768879,996,9.88453815261044
565,434,9.82477876106195,9.96774193548387,999,9.88688688688689
563,436,9.81705150976909,9.96788990825688,999,9.88288288288288
561,437,9.81818181818182,9.97025171624714,998,9.88476953907816
571,428,9.80735551663748,9.97429906542056,999,9.87887887887888
566,433,9.82332155477032,9.97228637413395,999,9.88788788788789
573,426,9.81849912739965,9.97417840375587,999,9.88488488488488
569,430,9.8207381370826,9.97441860465116,999,9.88688688688689
573,426,9.81675392670157,9.97887323943662,999,9.88588588588589
562,435,9.80960854092527,9.97931034482759,997,9.88365095285858
562,436,9.81138790035587,9.98165137614679,998,9.88577154308617
559,440,9.79964221824687,9.98636363636364,999,9.88188188188188
560,438,9.79642857142857,9.98630136986301,998,9.87975951903808
563,436,9.79396092362345,9.98853211009174,999,9.87887887887888
563,435,9.79573712255773,9.98850574712644,998,9.87975951903808
560,438,9.80357142857143,9.99086757990868,998,9.88577154308617
560,436,9.80535714285714,9.98853211009174,996,9.8855421686747
565,433,9.80530973451327,9.98845265588915,998,9.88476953907816
564,434,9.8031914893617,9.98617511520737,998,9.88276553106212
561,437,9.80570409982175,9.98855835240275,998,9.88577154308617
562,434,9.81672597864769,9.99078341013825,996,9.8925702811245
566,431,9.81625441696113,9.9907192575406,997,9.89167502507523
566,432,9.80742049469965,9.99305555555556,998,9.88777555110221
554,443,9.8158844765343,9.98871331828443,997,9.89267803410231
547,451,9.82266910420475,9.98891352549889,998,9.89779559118236
556,441,9.81294964028777,9.98639455782313,997,9.88966900702106
557,441,9.81508078994614,9.98639455782313,998,9.89078156312625
558,439,9.81362007168459,9.98633257403189,997,9.88966900702106
553,445,9.82278481012658,9.98651685393259,998,9.89579158316633
556,442,9.82374100719425,9.98868778280543,998,9.89679358717435
550,449,9.81454545454545,9.98886414253898,999,9.89289289289289
555,443,9.82522522522522,9.98871331828443,998,9.89779559118236
546,452,9.82967032967033,9.98893805309734,998,9.90180360721443
543,455,9.84162062615101,9.99120879120879,998,9.90981963927856
537,462,9.85102420856611,9.99134199134199,999,9.91591591591592
549,448,9.84699453551913,9.99107142857143,997,9.91173520561685
543,454,9.83977900552486,9.99339207048458,997,9.90972918756269
552,447,9.84963768115942,9.99552572706935,999,9.91491491491491
560,438,9.84642857142857,9.99771689497717,998,9.9128256513026
576,423,9.84201388888889,9.99763593380615,999,9.90790790790791
569,430,9.84007029876977,9.99767441860465,999,9.90790790790791
571,427,9.85464098073555,9.99765807962529,998,9.91583166332665
571,427,9.85464098073555,9.99765807962529,998,9.91583166332665
573,425,9.86212914485166,9.99764705882353,998,9.91983967935872
574,425,9.8588850174216,9.99764705882353,999,9.91791791791792
573,426,9.85514834205934,9.99765258215962,999,9.91591591591592
576,423,9.86284722222222,9.99763593380615,999,9.91991991991992
580,418,9.86034482758621,9.99760765550239,998,9.91783567134268
574,425,9.86411149825784,9.99529411764706,999,9.91991991991992
578,420,9.86678200692042,9.99761904761905,998,9.92184368737475
577,421,9.8682842287695,9.99524940617577,998,9.92184368737475
562,437,9.87544483985765,9.9954233409611,999,9.92792792792793
549,450,9.8816029143898,9.99333333333333,999,9.93193193193193
547,452,9.88117001828154,9.99336283185841,999,9.93193193193193
540,458,9.88703703703704,9.99344978165939,998,9.93587174348697
534,464,9.89887640449438,9.99353448275862,998,9.94288577154309
531,468,9.90395480225989,9.99358974358974,999,9.94594594594595
530,468,9.90754716981132,9.99145299145299,998,9.94689378757515
530,469,9.89811320754717,9.99147121535181,999,9.94194194194194
519,479,9.89980732177264,9.99164926931106,998,9.9438877755511
507,491,9.90335305719921,9.9918533604888,998,9.94689378757515
510,488,9.90196078431373,9.99180327868852,998,9.94589178356713
514,485,9.91050583657588,9.99175257731959,999,9.94994994994995
514,485,9.90661478599222,9.99175257731959,999,9.94794794794795
520,479,9.90769230769231,9.98956158663883,999,9.94694694694695
515,484,9.90679611650485,9.9896694214876,999,9.94694694694695
512,486,9.900390625,9.98765432098766,998,9.94288577154309
510,489,9.89803921568627,9.98977505112475,999,9.94294294294294
506,492,9.89723320158103,9.99186991869919,998,9.9438877755511
497,502,9.90543259557344,9.99003984063745,999,9.94794794794795
494,505,9.90080971659919,9.99009900990099,999,9.94594594594595
491,507,9.89613034623218,9.98816568047337,998,9.94288577154309
486,512,9.89711934156379,9.9921875,998,9.94589178356713
483,513,9.89648033126294,9.99220272904483,996,9.94578313253012
482,517,9.89419087136929,9.99226305609284,999,9.94494494494494
486,512,9.88888888888889,9.994140625,998,9.94288577154309
482,516,9.88796680497925,9.99418604651163,998,9.94288577154309
485,513,9.88865979381443,9.99415204678363,998,9.94288577154309
493,504,9.88438133874239,9.99603174603175,997,9.94082246740221
485,513,9.88041237113402,9.99610136452242,998,9.93987975951904
491,508,9.88594704684318,9.99606299212598,999,9.94194194194194
489,508,9.87934560327198,9.99606299212598,997,9.93881644934804
498,499,9.87751004016064,9.99599198396794,997,9.93681043129388
499,500,9.87775551102204,9.996,999,9.93693693693694
505,494,9.87920792079208,9.99392712550607,999,9.93593593593594
500,498,9.876,9.99397590361446,998,9.93486973947896
509,489,9.88015717092338,9.99386503067485,998,9.93587174348697
506,489,9.87944664031621,9.9918200408998,995,9.93467336683417
509,489,9.89390962671906,9.9918200408998,998,9.94188376753507
498,501,9.88755020080321,9.99001996007984,999,9.93893893893894
504,494,9.89087301587302,9.98987854251012,998,9.93987975951904
509,489,9.88801571709234,9.98977505112475,998,9.93787575150301
523,475,9.90057361376673,9.98947368421053,998,9.94288577154309
518,481,9.8976833976834,9.99168399168399,999,9.94294294294294
516,483,9.89922480620155,9.99171842650104,999,9.94394394394394
509,489,9.90176817288802,9.99386503067485,998,9.94689378757515
516,482,9.90697674418605,9.99170124481328,998,9.94789579158317
511,488,9.90019569471624,9.99180327868852,999,9.94494494494494
519,478,9.89980732177264,9.98953974895398,997,9.94282848545637
525,472,9.89333333333333,9.98940677966102,997,9.93881644934804
531,467,9.89830508474576,9.98715203426124,998,9.93987975951904
535,463,9.89345794392523,9.98704103671706,998,9.93687374749499
532,466,9.89661654135338,9.98927038626609,998,9.93987975951904
534,464,9.89887640449438,9.98706896551724,998,9.93987975951904
539,460,9.90352504638219,9.98695652173913,999,9.94194194194194
534,465,9.90262172284644,9.98279569892473,999,9.93993993993994
536,462,9.90485074626866,9.98484848484848,998,9.94188376753507
533,466,9.90243902439024,9.98497854077253,999,9.94094094094094
539,458,9.91094619666048,9.9825327510917,997,9.94383149448345
531,466,9.90960451977401,9.98712446351931,997,9.94583751253761
538,459,9.91078066914498,9.98257080610022,997,9.94383149448345
535,464,9.90841121495327,9.98275862068965,999,9.94294294294294
525,474,9.90857142857143,9.98523206751055,999,9.94494494494494
515,482,9.90291262135922,9.98755186721992,997,9.94383149448345
513,486,9.90643274853801,9.98971193415638,999,9.94694694694695
520,478,9.90384615384615,9.99163179916318,998,9.94589178356713
522,477,9.90613026819923,9.9916142557652,999,9.94694694694695
519,480,9.90751445086705,9.99166666666667,999,9.94794794794795
515,481,9.90097087378641,9.99376299376299,996,9.94578313253012
508,490,9.91141732283465,9.99183673469388,998,9.95090180360721
506,493,9.90909090909091,9.99188640973631,999,9.94994994994995
506,493,9.90711462450593,9.98985801217039,999,9.94794794794795
500,499,9.914,9.98997995991984,999,9.95195195195195
495,503,9.91515151515152,9.99005964214712,998,9.95290581162325
492,507,9.91666666666667,9.9861932938856,999,9.95195195195195
501,498,9.90818363273453,9.98995983935743,999,9.94894894894895
492,506,9.91260162601626,9.99209486166008,998,9.95290581162325
485,514,9.90515463917526,9.99416342412451,999,9.95095095095095
483,515,9.90890269151139,9.99417475728155,998,9.95290581162325
478,520,9.90794979079498,9.99423076923077,998,9.95290581162325
480,516,9.91666666666667,9.99418604651163,996,9.95682730923695
475,524,9.92210526315789,9.99618320610687,999,9.96096096096096
476,523,9.92436974789916,9.9961759082218,999,9.96196196196196
476,523,9.92647058823529,9.9961759082218,999,9.96296296296296
461,537,9.92841648590022,9.99627560521415,998,9.96492985971944
468,531,9.93162393162393,9.99623352165725,999,9.96596596596597
454,545,9.9295154185022,9.99633027522936,999,9.96596596596597
459,540,9.93464052287582,9.9962962962963,999,9.96796796796797
455,543,9.93626373626374,9.9963167587477,998,9.9689378757515
464,534,9.94181034482759,9.99812734082397,998,9.97194388777555
461,538,9.93709327548807,9.99814126394052,999,9.96996996996997
469,530,9.93603411513859,9.99811320754717,999,9.96896896896897
460,537,9.93260869565217,9.99813780260708,997,9.9679037111334
459,538,9.93464052287582,9.99814126394052,997,9.96890672016048
452,546,9.92920353982301,9.9981684981685,998,9.96693386773547
455,542,9.92967032967033,9.99815498154982,997,9.96690070210632
444,553,9.92792792792793,9.99819168173599,997,9.96690070210632
441,558,9.92290249433107,9.99820788530466,999,9.96496496496496
447,551,9.92170022371365,9.99818511796733,998,9.96392785571142
448,551,9.91294642857143,9.99818511796733,999,9.95995995995996
445,554,9.9191011235955,9.99819494584838,999,9.96296296296296
438,561,9.93150684931507,9.99643493761141,999,9.96796796796797
450,548,9.93777777777778,9.99817518248175,998,9.97094188376754
451,547,9.93791574279379,9.9981718464351,998,9.97094188376754
451,544,9.93569844789357,9.99816176470588,995,9.96984924623116
441,558,9.93650793650794,9.99820788530466,999,9.97097097097097
441,558,9.93650793650794,9.99820788530466,999,9.97097097097097
426,573,9.93896713615023,9.99825479930192,999,9.97297297297297
432,567,9.94212962962963,9.99823633156966,999,9.97397397397397
429,569,9.93939393939394,9.99824253075571,998,9.97294589178357
427,570,9.94145199063232,9.99824561403509,997,9.97392176529589
422,576,9.93838862559242,9.99826388888889,998,9.97294589178357
421,577,9.94774346793349,9.99826689774697,998,9.97695390781563
417,582,9.94964028776978,9.99828178694158,999,9.97797797797798
418,581,9.94976076555024,9.99827882960413,999,9.97797797797798
407,591,9.94840294840295,9.99830795262267,998,9.97795591182365
406,592,9.94581280788177,9.99831081081081,998,9.97695390781563
405,591,9.93827160493827,9.99830795262267,996,9.97389558232932
403,596,9.93052109181141,9.99832214765101,999,9.97097097097097
398,599,9.92964824120603,9.9983305509182,997,9.97091273821464
404,595,9.93069306930693,9.99831932773109,999,9.97097097097097
402,596,9.93283582089552,9.99832214765101,998,9.97194388777555
418,579,9.93540669856459,9.99827288428325,997,9.97191574724173
419,580,9.93794749403341,9.99827586206897,999,9.97297297297297
424,575,9.93396226415094,9.99826086956522,999,9.97097097097097
411,588,9.94160583941606,9.99829931972789,999,9.97497497497497
413,585,9.94430992736078,9.9982905982906,998,9.97595190380762
406,592,9.94334975369458,9.99831081081081,998,9.97595190380762
411,588,9.94403892944039,9.99829931972789,999,9.97597597597598
405,593,9.94320987654321,9.99831365935919,998,9.97595190380762
397,601,9.94458438287154,9.99833610648918,998,9.97695390781563
397,602,9.94710327455919,9.99833887043189,999,9.97797797797798
391,607,9.94373401534527,9.99835255354201,998,9.97695390781563
393,606,9.95928753180662,9.9983498349835,999,9.98298298298298
387,612,9.95607235142119,9.99836601307189,999,9.98198198198198
388,611,9.95618556701031,9.99836333878887,999,9.98198198198198
391,607,9.95652173913044,9.99835255354201,998,9.98196392785571
380,615,9.95263157894737,9.99837398373984,995,9.98090452261306
382,615,9.94764397905759,9.99837398373984,997,9.97893681043129
384,614,9.9453125,9.99837133550489,998,9.97795591182365
386,613,9.94559585492228,10.0,999,9.97897897897898
395,604,9.93924050632911,10.0,999,9.97597597597598
404,595,9.94059405940594,10.0,999,9.97597597597598
402,597,9.94776119402985,10.0,999,9.97897897897898
402,596,9.9502487562189,10.0,998,9.97995991983968
415,582,9.95180722891566,10.0,997,9.97993981945837
416,582,9.94711538461539,10.0,998,9.97795591182365
427,570,9.95081967213115,10.0,997,9.97893681043129
424,574,9.95283018867925,10.0,998,9.97995991983968
440,559,9.94772727272727,10.0,999,9.97697697697698
430,569,9.94418604651163,10.0,999,9.97597597597598
439,560,9.93849658314351,10.0,999,9.97297297297297
425,573,9.93647058823529,10.0,998,9.97294589178357
435,561,9.93103448275862,10.0,996,9.96987951807229
428,570,9.93691588785047,10.0,998,9.97294589178357
435,563,9.93793103448276,10.0,998,9.97294589178357
433,566,9.93533487297922,10.0,999,9.97197197197197
437,559,9.93821510297483,10.0,996,9.97289156626506
435,562,9.93563218390805,10.0,997,9.97191574724173
441,557,9.93650793650794,10.0,998,9.97194388777555
436,563,9.93348623853211,10.0,999,9.97097097097097
436,562,9.93119266055046,10.0,998,9.96993987975952
438,561,9.92694063926941,10.0,999,9.96796796796797
445,553,9.92584269662921,10.0,998,9.96693386773547
445,553,9.93033707865169,10.0,998,9.9689378757515
440,557,9.92954545454545,10.0,997,9.96890672016048
444,555,9.92792792792793,10.0,999,9.96796796796797
442,557,9.92760180995475,10.0,999,9.96796796796797
446,551,9.9237668161435,10.0,997,9.96589769307924
456,543,9.92105263157895,10.0,999,9.96396396396396
445,553,9.92359550561798,10.0,998,9.96593186372746
449,550,9.92204899777283,10.0,999,9.96496496496496
458,540,9.9235807860262,10.0,998,9.96492985971944
454,545,9.9295154185022,10.0,999,9.96796796796797
456,542,9.92324561403509,10.0,998,9.96492985971944
451,548,9.92239467849224,10.0,999,9.96496496496496
453,546,9.92494481236203,10.0,999,9.96596596596597
464,535,9.92672413793103,10.0,999,9.96596596596597
459,540,9.92374727668845,10.0,999,9.96496496496496
461,537,9.92407809110629,10.0,998,9.96492985971944
461,537,9.93275488069414,10.0,998,9.9689378757515
459,539,9.92592592592593,10.0,998,9.96593186372746
474,524,9.92827004219409,10.0,998,9.96593186372746
474,525,9.92616033755274,10.0,999,9.96496496496496
471,523,9.92356687898089,10.0,994,9.96378269617706
467,532,9.92291220556745,10.0,999,9.96396396396396
469,530,9.92110874200426,10.0,999,9.96296296296296
461,536,9.92190889370933,10.0,997,9.96389167502508
459,539,9.91938997821351,10.0,998,9.96292585170341
454,545,9.92070484581498,10.0,999,9.96396396396396
458,541,9.92139737991266,10.0,999,9.96396396396396
457,542,9.91684901531729,10.0,999,9.96196196196196
455,544,9.91648351648352,10.0,999,9.96196196196196
444,554,9.91216216216216,10.0,998,9.96092184368737
437,561,9.91990846681922,10.0,998,9.96492985971944
434,564,9.91705069124424,10.0,998,9.96392785571142
438,560,9.91780821917808,10.0,998,9.96392785571142
431,566,9.91183294663573,10.0,997,9.96188565697091
439,559,9.91571753986333,10.0,998,9.96292585170341
440,559,9.92045454545454,10.0,999,9.96496496496496
443,554,9.92099322799097,10.0,997,9.96489468405216
443,555,9.9255079006772,10.0,998,9.96693386773547
445,553,9.92359550561798,10.0,998,9.96593186372746
441,553,9.92290249433107,10.0,994,9.96579476861167
443,556,9.92776523702032,10.0,999,9.96796796796797
432,566,9.93055555555556,10.0,998,9.96993987975952
439,559,9.92938496583144,10.0,998,9.9689378757515
434,565,9.93087557603687,10.0,999,9.96996996996997
435,564,9.93103448275862,10.0,999,9.96996996996997
443,555,9.92325056433409,10.0,998,9.96593186372746
430,568,9.92325581395349,10.0,998,9.96693386773547
431,567,9.91879350348028,10.0,998,9.96492985971944
435,564,9.91724137931035,10.0,999,9.96396396396396
432,566,9.91203703703704,10.0,998,9.96192384769539
434,563,9.92165898617512,10.0,997,9.96589769307924
421,577,9.91686460807601,10.0,998,9.96492985971944
417,582,9.91846522781775,10.0,999,9.96596596596597
420,579,9.92142857142857,10.0,999,9.96696696696697
417,581,9.91846522781775,10.0,998,9.96593186372746
410,589,9.91707317073171,10.0,999,9.96596596596597
410,587,9.91463414634146,10.0,997,9.96489468405216
399,600,9.91979949874687,10.0,999,9.96796796796797
388,608,9.92268041237113,10.0,996,9.96987951807229
389,609,9.92030848329049,10.0,998,9.9689378757515
