forward_num,reverse_num,forward_rate,reverse_rate,organism_num,organism_rate
500,500,5.5,5.5,1000,5.5
495,494,5.50505050505051,5.51012145748988,989,5.50758341759353
493,493,5.50101419878296,5.5131845841785,986,5.50709939148073
542,457,6.06088560885609,5.59299781181619,999,5.84684684684685
574,422,6.08188153310105,5.53791469194313,996,5.85140562248996
607,392,6.17133443163097,5.45918367346939,999,5.89189189189189
640,358,6.171875,5.5,998,5.93086172344689
661,336,6.15582450832073,5.42857142857143,997,5.91073219658977
673,326,6.24368499257058,5.4079754601227,999,5.97097097097097
701,298,6.32810271041369,5.43959731543624,999,6.06306306306306
684,314,6.45760233918129,5.28343949044586,998,6.08817635270541
711,288,6.18987341772152,5.20486111111111,999,5.90590590590591
720,278,6.42083333333333,5.06115107913669,998,6.04208416833667
706,290,6.46883852691218,5.04137931034483,996,6.05321285140562
701,297,6.42082738944365,5.22558922558923,998,6.06513026052104
699,299,6.5035765379113,5.18060200668896,998,6.10721442885772
685,314,6.51970802919708,5.61783439490446,999,6.23623623623624
672,326,6.61458333333333,5.61042944785276,998,6.28657314629258
674,324,6.69584569732938,5.77777777777778,998,6.39779559118236
676,322,6.77514792899408,5.86645962732919,998,6.48196392785571
663,333,6.82202111613876,6.03003003003003,996,6.55722891566265
686,311,6.56268221574344,5.83601286173633,997,6.33600802407222
679,320,6.65537555228277,5.946875,999,6.42842842842843
674,323,6.81008902077151,5.94117647058824,997,6.52858575727182
677,319,6.77400295420975,5.99059561128527,996,6.52309236947791
670,328,6.84328358208955,6.01524390243902,998,6.57114228456914
687,312,6.84279475982533,6.09935897435897,999,6.61061061061061
701,298,6.92582025677603,6.22147651006711,999,6.71571571571572
689,309,6.93468795355588,6.36245954692557,998,6.75751503006012
697,301,7.03443328550933,6.3687707641196,998,6.83366733466934
696,302,7.00287356321839,6.34105960264901,998,6.80260521042084
690,308,6.97536231884058,6.37012987012987,998,6.78857715430862
692,307,7.01878612716763,6.41368078175896,999,6.83283283283283
692,307,7.09682080924855,6.54723127035831,999,6.92792792792793
689,309,7.15384615384615,6.58576051779935,998,6.97795591182365
692,307,7.22254335260116,6.66775244299674,999,7.05205205205205
692,307,7.20086705202312,6.66775244299674,999,7.03703703703704
697,302,7.21664275466284,6.59602649006623,999,7.02902902902903
691,308,7.27785817655572,6.56818181818182,999,7.05905905905906
699,299,7.26466380543634,6.60535117056856,998,7.06713426853707
691,305,7.2821997105644,6.62622950819672,996,7.08132530120482
699,299,7.25608011444921,6.66555183946488,998,7.07915831663327
702,296,7.33475783475784,6.76013513513514,998,7.16432865731463
708,291,7.32062146892655,6.81099656357388,999,7.17217217217217
716,283,7.30446927374302,6.74558303886926,999,7.14614614614615
713,286,7.36044880785414,6.73076923076923,999,7.18018018018018
710,288,7.32957746478873,6.74652777777778,998,7.16132264529058
723,276,7.38450899031812,6.66666666666667,999,7.18618618618619
723,276,7.40248962655602,6.71376811594203,999,7.21221221221221
726,273,7.42011019283747,6.80586080586081,999,7.25225225225225
722,276,7.46260387811634,6.86594202898551,998,7.29759519038076
718,279,7.51949860724234,6.97491039426523,997,7.36710130391173
720,279,7.51111111111111,6.99641577060932,999,7.36736736736737
724,271,7.54972375690608,6.94833948339483,995,7.38592964824121
735,263,7.58367346938776,6.87072243346008,998,7.39579158316633
736,263,7.61684782608696,6.94296577946768,999,7.43943943943944
737,261,7.61058344640434,6.97318007662835,998,7.4438877755511
739,259,7.59810554803789,7.00772200772201,998,7.44488977955912
739,259,7.61975642760487,7.05791505791506,998,7.47394789579158
743,256,7.65006729475101,7.1484375,999,7.52152152152152
747,252,7.63453815261044,7.20634920634921,999,7.52652652652653
750,249,7.65466666666667,7.1566265060241,999,7.53053053053053
753,245,7.71314741035857,7.22040816326531,998,7.59218436873747
744,254,7.70564516129032,7.17716535433071,998,7.57114228456914
747,250,7.66934404283802,7.208,997,7.55366098294885
743,255,7.6864064602961,7.25882352941176,998,7.57715430861723
741,258,7.70580296896086,7.27906976744186,999,7.5955955955956
737,261,7.67706919945726,7.34099616858238,998,7.58917835671343
727,271,7.67537826685007,7.3210332103321,998,7.57915831663327
731,268,7.70588235294118,7.38059701492537,999,7.61861861861862
727,272,7.71939477303989,7.38602941176471,999,7.62862862862863
728,271,7.74038461538461,7.38745387453875,999,7.64464464464464
730,269,7.76712328767123,7.38289962825279,999,7.66366366366366
723,275,7.77178423236515,7.49454545454545,998,7.69539078156313
721,277,7.75589459084605,7.49097472924188,998,7.68236472945892
713,286,7.79102384291725,7.53496503496504,999,7.71771771771772
722,276,7.80886426592798,7.51086956521739,998,7.72645290581162
724,273,7.82596685082873,7.56043956043956,997,7.75325977933801
725,273,7.79724137931034,7.6043956043956,998,7.74448897795591
739,260,7.78619756427605,7.61538461538461,999,7.74174174174174
744,253,7.80913978494624,7.6798418972332,997,7.77632898696088
748,250,7.77673796791444,7.604,998,7.73346693386774
747,251,7.79785809906292,7.57768924302789,998,7.74248496993988
754,244,7.79045092838196,7.64344262295082,998,7.75450901803607
754,243,7.79575596816976,7.62962962962963,997,7.75526579739218
748,251,7.8168449197861,7.68924302788845,999,7.78478478478478
751,247,7.77097203728362,7.67611336032389,998,7.74749498997996
747,252,7.81258366800536,7.72222222222222,999,7.78978978978979
752,247,7.83909574468085,7.7085020242915,999,7.80680680680681
747,252,7.86211512717537,7.79761904761905,999,7.84584584584585
744,254,7.89112903225806,7.80708661417323,998,7.86973947895792
736,262,7.93885869565217,7.8587786259542,998,7.91783567134269
731,267,7.95075239398085,7.87640449438202,998,7.93086172344689
725,273,7.93655172413793,7.89010989010989,998,7.92384769539078
716,282,7.9622905027933,7.91489361702128,998,7.94889779559118
719,279,7.97635605006954,7.96057347670251,998,7.97194388777555
720,278,8.00833333333333,7.97122302158273,998,7.99799599198397
722,277,8.03185595567867,8.01805054151625,999,8.02802802802803
732,267,8.04371584699454,8.09737827715356,999,8.05805805805806
737,262,8.06784260515604,8.12213740458015,999,8.08208208208208
737,261,8.09497964721845,8.16091954022989,998,8.11222444889779
729,270,8.0960219478738,8.2,999,8.12412412412412
734,264,8.13760217983651,8.27272727272727,998,8.17334669338677
728,269,8.14423076923077,8.27509293680297,997,8.17953861584754
734,265,8.13487738419619,8.35471698113207,999,8.19319319319319
735,263,8.11836734693878,8.32319391634981,998,8.17234468937876
735,264,8.17687074829932,8.40151515151515,999,8.23623623623624
738,260,8.17615176151762,8.42307692307692,998,8.24048096192385
745,253,8.16107382550336,8.4901185770751,998,8.24448897795591
752,246,8.16223404255319,8.43089430894309,998,8.22845691382765
742,256,8.19811320754717,8.50390625,998,8.27655310621243
742,256,8.23045822102426,8.50390625,998,8.30060120240481
734,265,8.20027247956403,8.52830188679245,999,8.28728728728729
738,260,8.23170731707317,8.52692307692308,998,8.30861723446894
737,262,8.24966078697422,8.54580152671756,999,8.32732732732733
731,267,8.22708618331053,8.58052434456929,998,8.32164328657315
736,262,8.26902173913044,8.60687022900763,998,8.35771543086172
728,270,8.29120879120879,8.61851851851852,998,8.37975951903808
724,274,8.32182320441989,8.62043795620438,998,8.40380761523046
727,272,8.35900962861073,8.62867647058824,999,8.43243243243243
725,274,8.36413793103448,8.63503649635036,999,8.43843843843844
723,274,8.40663900414938,8.66788321167883,997,8.47843530591775
712,287,8.40730337078652,8.62020905923345,999,8.46846846846847
718,281,8.41225626740947,8.72241992882562,999,8.4994994994995
716,280,8.39385474860335,8.775,996,8.50100401606426
721,275,8.37864077669903,8.73454545454545,996,8.47690763052209
721,278,8.35506241331484,8.80935251798561,999,8.48148148148148
732,267,8.34426229508197,8.82771535580524,999,8.47347347347347
733,266,8.33833560709413,8.83834586466165,999,8.47147147147147
732,266,8.36475409836066,8.83082706766917,998,8.48897795591182
732,267,8.37978142076503,8.89887640449438,999,8.51851851851852
738,260,8.34010840108401,8.89615384615385,998,8.48496993987976
736,263,8.31114130434783,8.91254752851711,999,8.46946946946947
735,264,8.33333333333333,8.93939393939394,999,8.49349349349349
729,269,8.33333333333333,8.91449814126394,998,8.48997995991984
737,262,8.359565807327,8.91221374045801,999,8.5045045045045
737,261,8.39348710990502,8.91954022988506,998,8.5310621242485
735,262,8.35918367346939,8.94656488549618,997,8.5135406218656
730,268,8.3972602739726,8.96268656716418,998,8.54909819639279
727,271,8.43191196698762,8.9409594095941,998,8.57014028056112
722,277,8.4196675900277,8.92057761732852,999,8.55855855855856
716,282,8.40083798882682,8.93971631205674,998,8.55310621242485
721,278,8.42718446601942,8.98561151079137,999,8.58258258258258
725,274,8.45241379310345,9.0036496350365,999,8.6036036036036
720,279,8.44444444444444,9.03942652329749,999,8.61061061061061
733,266,8.43383356070941,9.04135338345865,999,8.5955955955956
730,269,8.45753424657534,9.01486988847584,999,8.60760760760761
726,271,8.46418732782369,9.04059040590406,997,8.62086258776329
720,277,8.47361111111111,9.05776173285199,997,8.63590772316951
717,281,8.47280334728034,9.04270462633452,998,8.63326653306613
716,282,8.4427374301676,9.07446808510638,998,8.62124248496994
722,277,8.47506925207756,9.04332129963899,999,8.63263263263263
725,273,8.50344827586207,9.04761904761905,998,8.65230460921844
716,283,8.52932960893855,9.00353356890459,999,8.66366366366366
713,286,8.50911640953717,8.9965034965035,999,8.64864864864865
710,288,8.50140845070423,9.02430555555556,998,8.65230460921844
715,284,8.49090909090909,9.02816901408451,999,8.64364364364364
714,285,8.46498599439776,9.05614035087719,999,8.63363363363363
713,286,8.46984572230014,9.08741258741259,999,8.64664664664665
711,288,8.46976090014065,9.08680555555556,999,8.64764764764765
714,283,8.4733893557423,9.08833922261484,997,8.64794383149448
715,283,8.47692307692308,9.1095406360424,998,8.6563126252505
719,280,8.44089012517385,9.09285714285714,999,8.62362362362362
716,280,8.45251396648045,9.09642857142857,996,8.63353413654619
722,276,8.49307479224377,9.10507246376812,998,8.6623246492986
716,282,8.44832402234637,9.08156028368794,998,8.62725450901804
714,284,8.45798319327731,9.08802816901408,998,8.6372745490982
719,279,8.48539638386648,9.10752688172043,998,8.65931863727455
720,278,8.4875,9.14388489208633,998,8.67034068136273
722,276,8.52493074792244,9.14855072463768,998,8.69739478957916
726,273,8.53581267217631,9.18315018315018,999,8.71271271271271
726,272,8.54683195592287,9.17647058823529,998,8.71843687374749
729,270,8.54320987654321,9.1962962962963,999,8.71971971971972
727,271,8.54470426409904,9.19557195571956,998,8.72144288577154
724,275,8.54834254143646,9.17090909090909,999,8.71971971971972
720,279,8.55972222222222,9.16487455197133,999,8.72872872872873
722,277,8.55540166204986,9.18772563176895,999,8.73073073073073
726,273,8.58126721763085,9.2014652014652,999,8.75075075075075
718,281,8.61142061281337,9.17081850533808,999,8.76876876876877
717,278,8.5955369595537,9.15827338129496,995,8.75276381909548
728,270,8.60989010989011,9.18888888888889,998,8.76653306613226
731,268,8.61422708618331,9.20149253731343,999,8.77177177177177
734,263,8.62261580381471,9.20912547528517,997,8.77733199598796
731,266,8.60601915184679,9.24812030075188,997,8.77733199598796
733,265,8.62073669849932,9.26037735849057,998,8.79058116232465
729,269,8.63786008230453,9.22304832713755,998,8.79559118236473
729,269,8.63374485596708,9.20446096654275,998,8.7875751503006
735,264,8.65986394557823,9.21969696969697,999,8.80780780780781
733,265,8.66712141882674,9.19622641509434,998,8.80761523046092
737,262,8.67706919945726,9.18702290076336,999,8.81081081081081
737,261,8.65943012211669,9.23371647509579,998,8.80961923847695
742,256,8.68059299191375,9.20703125,998,8.81563126252505
733,266,8.65893587994543,9.17669172932331,999,8.7967967967968
732,265,8.6844262295082,9.19245283018868,997,8.81945837512538
739,260,8.69418132611637,9.20384615384615,999,8.82682682682683
738,261,8.70867208672087,9.28735632183908,999,8.85985985985986
742,257,8.73180592991914,9.28793774319066,999,8.87487487487487
733,265,8.7462482946794,9.29433962264151,998,8.89178356713427
737,262,8.78833107191316,9.29007633587786,999,8.91991991991992
730,268,8.78630136986301,9.30970149253731,998,8.92685370741483
729,270,8.79835390946502,9.32222222222222,999,8.93993993993994
725,274,8.81793103448276,9.32116788321168,999,8.95595595595596
726,273,8.80578512396694,9.31501831501832,999,8.94494494494494
727,272,8.79229711141678,9.32720588235294,999,8.93793793793794
725,273,8.80827586206897,9.35897435897436,998,8.95891783567134
726,271,8.78236914600551,9.38007380073801,997,8.94483450351053
735,264,8.77006802721088,9.37878787878788,999,8.93093093093093
727,272,8.77441540577717,9.37132352941176,999,8.93693693693694
729,270,8.77366255144033,9.41481481481481,999,8.94694694694695
722,276,8.77146814404432,9.42028985507246,998,8.95090180360721
720,279,8.79166666666667,9.43727598566308,999,8.97197197197197
715,282,8.7958041958042,9.4822695035461,997,8.98996990972919
722,275,8.82825484764543,9.46909090909091,997,9.00501504513541
709,287,8.82510578279267,9.42508710801394,996,8.99799196787149
725,274,8.82896551724138,9.4014598540146,999,8.98598598598599
718,281,8.8091922005571,9.38434163701068,999,8.97097097097097
723,276,8.8118948824343,9.34782608695652,999,8.95995995995996
726,273,8.8099173553719,9.4029304029304,999,8.97197197197197
723,275,8.82572614107884,9.39272727272727,998,8.98196392785571
721,277,8.80859916782247,9.3971119133574,998,8.97194388777555
725,273,8.80551724137931,9.3992673992674,998,8.96793587174349
715,284,8.78601398601399,9.44366197183099,999,8.97297297297297
720,278,8.80138888888889,9.43525179856115,998,8.97795591182365
724,274,8.79558011049724,9.41605839416058,998,8.96593186372746
731,268,8.80848153214774,9.3955223880597,999,8.96596596596597
729,270,8.81344307270233,9.42962962962963,999,8.97997997997998
730,269,8.8013698630137,9.40520446096654,999,8.96396396396396
726,273,8.81955922865014,9.36630036630037,999,8.96896896896897
717,281,8.85076708507671,9.35943060498221,998,8.9939879759519
706,293,8.86118980169972,9.4061433447099,999,9.02102102102102
707,291,8.88543140028288,9.39862542955326,998,9.03507014028056
698,301,8.90830945558739,9.41528239202658,999,9.06106106106106
696,302,8.8764367816092,9.49006622516556,998,9.06212424849699
695,303,8.89064748201439,9.46534653465346,998,9.06513026052104
700,299,8.88428571428571,9.49832775919733,999,9.06806806806807
696,302,8.88362068965517,9.49668874172185,998,9.06913827655311
695,304,8.8705035971223,9.49671052631579,999,9.06106106106106
698,301,8.88252148997135,9.47508305647841,999,9.06106106106106
693,305,8.87012987012987,9.47868852459016,998,9.0561122244489
689,308,8.88243831640058,9.46428571428571,997,9.06218655967904
685,314,8.86861313868613,9.47452229299363,999,9.05905905905906
690,309,8.87391304347826,9.46278317152104,999,9.05605605605606
684,315,8.85818713450292,9.47301587301587,999,9.05205205205205
690,309,8.85942028985507,9.45954692556634,999,9.04504504504505
696,303,8.8735632183908,9.48844884488449,999,9.06006006006006
694,305,8.87463976945245,9.5016393442623,999,9.06606606606607
702,296,8.87037037037037,9.48986486486486,998,9.05410821643287
698,301,8.87249283667622,9.49169435215947,999,9.05905905905906
704,294,8.88494318181818,9.48979591836735,998,9.06312625250501
698,301,8.8810888252149,9.50166112956811,999,9.06806806806807
700,299,8.86428571428571,9.47491638795987,999,9.04704704704705
691,307,8.86396526772793,9.4885993485342,998,9.0561122244489
691,308,8.87698986975398,9.48051948051948,999,9.06306306306306
692,305,8.8728323699422,9.4983606557377,997,9.0641925777332
681,318,8.88839941262849,9.49685534591195,999,9.08208208208208
683,316,8.86237188872621,9.50316455696202,999,9.06506506506507
681,318,8.85168869309839,9.50943396226415,999,9.06106106106106
685,314,8.86715328467153,9.53503184713376,999,9.07707707707708
692,306,8.84971098265896,9.54575163398693,998,9.06312625250501
697,302,8.85796269727403,9.56291390728477,999,9.07107107107107
701,298,8.86162624821683,9.58389261744967,999,9.07707707707708
701,298,8.88587731811698,9.58389261744967,999,9.09409409409409
705,293,8.88368794326241,9.57679180887372,998,9.0871743486974
698,298,8.89541547277937,9.5738255033557,996,9.09839357429719
709,287,8.89703808180536,9.58536585365854,996,9.09538152610442
712,287,8.90870786516854,9.59581881533101,999,9.10610610610611
717,282,8.9023709902371,9.60992907801418,999,9.1021021021021
725,274,8.92275862068965,9.62408759124088,999,9.11511511511512
728,271,8.92582417582418,9.61992619926199,999,9.11411411411411
721,277,8.95423023578363,9.63898916967509,998,9.14428857715431
717,281,8.95118549511855,9.63701067615658,998,9.14428857715431
725,273,8.95172413793103,9.67032967032967,998,9.14829659318637
719,279,8.95271210013908,9.67741935483871,998,9.15531062124249
717,280,8.97907949790795,9.67857142857143,997,9.17552657973922
723,276,8.95297372060858,9.68478260869565,999,9.15515515515516
724,275,8.94060773480663,9.70181818181818,999,9.15015015015015
711,286,8.9606188466948,9.69580419580419,997,9.17151454363089
722,276,8.96675900277008,9.70289855072464,998,9.17034068136273
720,278,8.96805555555556,9.69064748201439,998,9.16933867735471
728,270,8.98076923076923,9.68888888888889,998,9.17234468937876
721,278,8.9875173370319,9.70863309352518,999,9.18818818818819
720,279,8.99444444444444,9.70967741935484,999,9.19419419419419
720,278,9.0,9.73381294964029,998,9.20440881763527
726,273,9.02479338842975,9.72893772893773,999,9.21721721721722
734,265,9.01226158038147,9.75094339622641,999,9.20820820820821
733,265,9.02728512960437,9.74339622641509,998,9.21743486973948
734,264,9.03950953678474,9.75378787878788,998,9.22845691382765
728,271,9.04395604395604,9.76014760147602,999,9.23823823823824
722,277,9.07202216066482,9.75451263537906,999,9.26126126126126
718,281,9.07381615598886,9.7508896797153,999,9.26426426426426
719,279,9.08205841446453,9.74193548387097,998,9.26653306613226
710,289,9.08732394366197,9.7439446366782,999,9.27727727727728
708,291,9.12005649717514,9.73883161512027,999,9.3003003003003
709,290,9.13258110014104,9.73793103448276,999,9.30830830830831
698,301,9.12893982808023,9.73421926910299,999,9.31131131131131
703,296,9.11664295874822,9.75,999,9.3043043043043
703,293,9.11379800853485,9.75767918088737,996,9.30321285140562
714,283,9.08683473389356,9.76678445229682,997,9.27983951855567
719,279,9.07649513212796,9.77060931899642,998,9.27054108216433
714,284,9.07843137254902,9.77112676056338,998,9.27555110220441
726,272,9.07988980716253,9.78308823529412,998,9.27154308617235
726,273,9.07575757575758,9.77289377289377,999,9.26626626626627
729,269,9.08916323731139,9.78438661710037,998,9.27655310621243
737,261,9.08412483039349,9.79310344827586,998,9.26953907815631
728,271,9.07692307692308,9.80442804428044,999,9.27427427427427
732,267,9.07650273224044,9.80524344569288,999,9.27127127127127
728,271,9.08379120879121,9.80073800738007,999,9.27827827827828
730,264,9.06712328767123,9.8030303030303,994,9.2625754527163
736,263,9.06657608695652,9.79087452471483,999,9.25725725725726
736,262,9.07201086956522,9.80916030534351,998,9.26553106212425
738,261,9.05691056910569,9.80842911877395,999,9.25325325325325
730,268,9.07534246575342,9.79850746268657,998,9.26953907815631
731,267,9.09028727770178,9.79775280898876,998,9.27955911823647
729,270,9.09327846364883,9.80740740740741,999,9.28628628628629
737,262,9.08683853459973,9.81297709923664,999,9.27727727727728
733,266,9.08594815825375,9.81954887218045,999,9.28128128128128
733,263,9.08867667121419,9.81749049429658,996,9.28112449799197
730,267,9.08082191780822,9.80524344569288,997,9.27482447342026
728,271,9.08791208791209,9.80442804428044,999,9.28228228228228
717,281,9.09344490934449,9.80782918149466,998,9.29458917835671
710,289,9.08450704225352,9.83391003460208,999,9.3013013013013
704,292,9.09232954545454,9.8458904109589,996,9.31325301204819
708,291,9.06214689265537,9.84192439862543,999,9.28928928928929
700,299,9.08142857142857,9.83277591973244,999,9.30630630630631
705,293,9.05815602836879,9.82935153583618,998,9.28456913827655
699,299,9.06008583690987,9.82943143812709,998,9.29058116232465
693,304,9.08802308802309,9.82894736842105,997,9.31394182547643
684,314,9.10087719298246,9.82802547770701,998,9.32965931863727
678,321,9.09882005899705,9.81931464174455,999,9.33033033033033
677,321,9.10339734121123,9.80685358255452,998,9.32965931863727
685,313,9.09197080291971,9.80191693290735,998,9.31462925851703
688,310,9.10029069767442,9.79032258064516,998,9.31462925851703
683,316,9.09809663250366,9.7879746835443,999,9.31631631631632
687,311,9.11644832605531,9.78135048231511,998,9.32364729458918
695,303,9.10935251798561,9.78877887788779,998,9.31563126252505
695,303,9.12661870503597,9.78877887788779,998,9.32765531062124
687,312,9.1018922852984,9.7948717948718,999,9.31831831831832
688,310,9.13662790697674,9.79677419354839,998,9.34168336673347
679,319,9.1119293078056,9.79310344827586,998,9.32965931863727
679,317,9.1060382916053,9.81388012618297,996,9.33132530120482
673,326,9.13075780089153,9.82515337423313,999,9.35735735735736
681,317,9.11306901615272,9.83596214511041,998,9.34268537074148
681,318,9.13950073421439,9.85220125786164,999,9.36636636636637
674,323,9.13204747774481,9.85758513931889,997,9.36710130391173
676,323,9.14644970414201,9.86377708978328,999,9.37837837837838
678,319,9.15191740412979,9.86520376175549,997,9.38014042126379
681,318,9.16299559471366,9.86477987421384,999,9.38638638638639
679,320,9.14580265095729,9.865625,999,9.37637637637638
673,325,9.15453194650817,9.86769230769231,998,9.38677354709419
683,316,9.15666178623719,9.86075949367089,999,9.37937937937938
689,309,9.1799709724238,9.86084142394822,998,9.39078156312625
688,310,9.2078488372093,9.86774193548387,998,9.4128256513026
689,310,9.1988388969521,9.85806451612903,999,9.4034034034034
697,302,9.19942611190818,9.85761589403974,999,9.3983983983984
693,302,9.20923520923521,9.8476821192053,995,9.40301507537689
693,306,9.21212121212121,9.83660130718954,999,9.4034034034034
693,306,9.20923520923521,9.83006535947712,999,9.3993993993994
691,308,9.20694645441389,9.81818181818182,999,9.3953953953954
692,307,9.21531791907514,9.82410423452769,999,9.4024024024024
688,311,9.24127906976744,9.82958199356913,999,9.42442442442442
688,311,9.23401162790698,9.82315112540193,999,9.41741741741742
691,308,9.22431259044862,9.82142857142857,999,9.40840840840841
691,308,9.23299565846599,9.82142857142857,999,9.41441441441441
695,303,9.2273381294964,9.82508250825082,998,9.40881763527054
694,305,9.22766570605187,9.8327868852459,999,9.41241241241241
691,307,9.21273516642547,9.8371335504886,998,9.40480961923848
700,299,9.22571428571429,9.82943143812709,999,9.40640640640641
694,305,9.21902017291066,9.83934426229508,999,9.40840840840841
697,302,9.23959827833573,9.82119205298013,999,9.41541541541542
697,300,9.24246771879483,9.82666666666667,997,9.41825476429288
691,308,9.21707670043415,9.82792207792208,999,9.40540540540541
689,310,9.21770682148041,9.81290322580645,999,9.4024024024024
690,309,9.21159420289855,9.81553398058252,999,9.3983983983984
691,308,9.205499276411,9.81168831168831,999,9.39239239239239
692,306,9.21242774566474,9.83333333333333,998,9.40280561122244
688,311,9.22093023255814,9.82958199356913,999,9.41041041041041
688,310,9.23691860465116,9.83548387096774,998,9.42284569138276
681,316,9.24082232011747,9.83227848101266,997,9.42828485456369
688,311,9.22674418604651,9.83601286173633,999,9.41641641641642
680,316,9.23529411764706,9.85126582278481,996,9.43072289156627
683,316,9.24597364568082,9.85759493670886,999,9.43943943943944
689,309,9.22641509433962,9.86407766990291,998,9.42384769539078
692,306,9.24566473988439,9.86601307189543,998,9.43587174348697
703,296,9.23328591749644,9.85810810810811,999,9.41841841841842
700,299,9.23,9.8695652173913,999,9.42142142142142
700,299,9.25857142857143,9.86622073578595,999,9.44044044044044
695,304,9.25179856115108,9.86184210526316,999,9.43743743743744
701,298,9.2567760342368,9.85906040268456,999,9.43643643643644
707,292,9.26308345120226,9.86986301369863,999,9.44044044044044
717,282,9.25523012552301,9.85106382978723,999,9.42342342342342
718,280,9.27437325905293,9.85,998,9.43587174348697
723,275,9.27247579529737,9.85818181818182,998,9.43386773547094
722,277,9.27423822714681,9.84115523465704,999,9.43143143143143
726,273,9.26308539944904,9.86813186813187,999,9.42842842842843
727,272,9.2627235213205,9.875,999,9.42942942942943
727,271,9.27097661623109,9.85977859778598,998,9.43086172344689
718,281,9.26880222841226,9.86120996441281,999,9.43543543543544
722,277,9.2590027700831,9.85559566787004,999,9.42442442442442
720,279,9.24861111111111,9.8494623655914,999,9.41641641641642
721,275,9.25658807212205,9.84363636363636,996,9.41867469879518
716,283,9.25698324022346,9.8339222614841,999,9.42042042042042
712,287,9.22050561797753,9.82578397212544,999,9.39439439439439
712,286,9.23033707865168,9.81818181818182,998,9.39879759519038
716,283,9.23882681564246,9.80565371024735,999,9.3993993993994
712,285,9.22612359550562,9.82456140350877,997,9.39719157472417
717,281,9.23570432357043,9.80071174377224,998,9.39478957915832
719,278,9.22670375521558,9.81294964028777,997,9.3901705115346
720,278,9.22083333333333,9.79856115107914,998,9.38176352705411
710,287,9.23521126760563,9.79790940766551,997,9.39719157472417
719,279,9.23922114047288,9.7921146953405,998,9.3937875751503
717,281,9.22873082287308,9.79003558718861,998,9.38677354709419
725,273,9.23448275862069,9.81318681318681,998,9.39278557114229
722,276,9.23961218836565,9.81159420289855,998,9.39779559118236
722,274,9.23684210526316,9.81386861313869,996,9.39558232931727
713,285,9.25245441795231,9.81754385964912,998,9.41382765531062
719,278,9.24200278164117,9.83093525179856,997,9.4062186559679
724,275,9.23204419889503,9.82909090909091,999,9.3963963963964
736,262,9.24184782608696,9.83969465648855,998,9.39879759519038
732,267,9.22131147540984,9.83895131086142,999,9.38638638638639
724,274,9.24861878453039,9.84306569343066,998,9.41182364729459
736,263,9.24048913043478,9.84030418250951,999,9.3983983983984
740,258,9.23243243243243,9.84108527131783,998,9.38977955911824
750,249,9.244,9.82730923694779,999,9.38938938938939
740,258,9.26216216216216,9.82558139534884,998,9.40781563126252
745,251,9.26711409395973,9.82868525896414,996,9.40863453815261
740,259,9.25945945945946,9.83397683397683,999,9.40840840840841
740,258,9.26216216216216,9.84108527131783,998,9.41182364729459
737,261,9.24694708276798,9.85057471264368,998,9.40480961923848
739,259,9.28146143437077,9.84555984555985,998,9.42785571142285
746,252,9.29088471849866,9.83333333333333,998,9.42785571142285
749,248,9.29372496662216,9.82661290322581,997,9.42627883650953
750,247,9.29333333333333,9.80971659919028,997,9.42126379137412
763,235,9.27260812581913,9.81702127659574,998,9.40080160320641
762,237,9.29133858267716,9.81434599156118,999,9.41541541541542
761,238,9.2904073587385,9.80672268907563,999,9.41341341341341
757,241,9.28401585204756,9.80912863070539,998,9.41082164328657
760,238,9.275,9.80672268907563,998,9.40180360721443
767,232,9.27379400260756,9.81034482758621,999,9.3983983983984
754,245,9.26657824933687,9.82040816326531,999,9.4024024024024
762,236,9.26902887139108,9.8093220338983,998,9.39679358717435
755,244,9.27152317880795,9.8155737704918,999,9.4044044044044
744,253,9.27822580645161,9.81422924901186,997,9.41424272818455
743,254,9.278600269179,9.81102362204724,997,9.41424272818455
745,254,9.29261744966443,9.81496062992126,999,9.42542542542543
740,258,9.28108108108108,9.8062015503876,998,9.41683366733467
733,266,9.32469304229195,9.80827067669173,999,9.45345345345345
732,267,9.30601092896175,9.80149812734082,999,9.43843843843844
732,264,9.30327868852459,9.8219696969697,996,9.44076305220884
733,265,9.31650750341064,9.83018867924528,998,9.45290581162325
731,267,9.29958960328317,9.83895131086142,998,9.4438877755511
728,270,9.3228021978022,9.85555555555556,998,9.46693386773547
736,263,9.30978260869565,9.85931558935361,999,9.45445445445445
738,259,9.31842818428184,9.87644787644788,997,9.46339017051153
740,258,9.30810810810811,9.88372093023256,998,9.45691382765531
733,265,9.31514324693042,9.89056603773585,998,9.46793587174349
736,263,9.3125,9.893536121673,999,9.46546546546547
738,260,9.32249322493225,9.89615384615385,998,9.47194388777555
742,257,9.32210242587601,9.89494163424125,999,9.46946946946947
745,253,9.33288590604027,9.88932806324111,998,9.47394789579158
741,257,9.32118758434548,9.88715953307393,998,9.46693386773547
737,261,9.33107191316147,9.89272030651341,998,9.47795591182365
734,264,9.35558583106267,9.89772727272727,998,9.49899799599198
731,267,9.3625170998632,9.89138576779026,998,9.50400801603206
726,272,9.35123966942149,9.89338235294118,998,9.49899799599198
728,269,9.35164835164835,9.89219330855019,997,9.4974924774323
722,277,9.34072022160665,9.88447653429603,999,9.49149149149149
717,280,9.35146443514644,9.87857142857143,997,9.49949849548646
716,282,9.36731843575419,9.8758865248227,998,9.51102204408818
724,275,9.36740331491713,9.85818181818182,999,9.5025025025025
731,268,9.40355677154583,9.85074626865672,999,9.52352352352352
738,260,9.39837398373984,9.86538461538461,998,9.52004008016032
736,263,9.39130434782609,9.86692015209126,999,9.51651651651652
733,264,9.37653478854025,9.87121212121212,997,9.50752256770311
734,263,9.38692098092643,9.87072243346008,997,9.51454363089268
735,264,9.38503401360544,9.87878787878788,999,9.51551551551552
737,260,9.39484396200814,9.88076923076923,997,9.52156469408225
743,256,9.39973082099596,9.88671875,999,9.52452452452452
748,251,9.40641711229947,9.8804780876494,999,9.52552552552553
754,243,9.38992042440318,9.86831275720165,997,9.50651955867603
760,238,9.39605263157895,9.87394957983193,998,9.51002004008016
760,237,9.40657894736842,9.86919831223629,997,9.51654964894684
758,241,9.40501319261214,9.86721991701245,999,9.51651651651652
758,238,9.43007915567282,9.86134453781513,996,9.53313253012048
753,244,9.43160690571049,9.86065573770492,997,9.53660982948847
756,243,9.4484126984127,9.87654320987654,999,9.55255255255255
750,249,9.44533333333333,9.89156626506024,999,9.55655655655656
748,251,9.4572192513369,9.88844621513944,999,9.56556556556557
741,255,9.44399460188934,9.87843137254902,996,9.55522088353414
745,253,9.45503355704698,9.88932806324111,998,9.56513026052104
731,268,9.4500683994528,9.89925373134328,999,9.57057057057057
729,270,9.45816186556927,9.8962962962963,999,9.57657657657658
722,275,9.44736842105263,9.90181818181818,997,9.57271815446339
728,268,9.45467032967033,9.90671641791045,996,9.57630522088353
723,276,9.45228215767635,9.90579710144928,999,9.57757757757758
730,269,9.45890410958904,9.90334572490706,999,9.57857857857858
733,264,9.46111869031378,9.91287878787879,997,9.58074222668004
739,260,9.4573748308525,9.91923076923077,999,9.57757757757758
740,258,9.47837837837838,9.91860465116279,998,9.59218436873748
740,258,9.46756756756757,9.91472868217054,998,9.58316633266533
738,261,9.50271002710027,9.91570881226054,999,9.61061061061061
744,254,9.49865591397849,9.90551181102362,998,9.60220440881764
746,253,9.49597855227882,9.90909090909091,999,9.6006006006006
736,261,9.51630434782609,9.90804597701149,997,9.61885656970913
738,261,9.52439024390244,9.91187739463602,999,9.62562562562563
728,269,9.52197802197802,9.91078066914498,997,9.62688064192578
722,277,9.52908587257618,9.90613718411552,999,9.63363363363363
726,272,9.53719008264463,9.91176470588235,998,9.63927855711423
728,271,9.53708791208791,9.90774907749078,999,9.63763763763764
726,273,9.52892561983471,9.91575091575092,999,9.63463463463463
731,267,9.5280437756498,9.91011235955056,998,9.63026052104208
721,278,9.52704576976422,9.91007194244604,999,9.63363363363363
724,275,9.51381215469613,9.90545454545455,999,9.62162162162162
723,276,9.52420470262794,9.89855072463768,999,9.62762762762763
715,283,9.52587412587413,9.90106007067138,998,9.63226452905812
704,295,9.52982954545454,9.90508474576271,999,9.64064064064064
703,296,9.5149359886202,9.90202702702703,999,9.62962962962963
695,301,9.5136690647482,9.8936877076412,996,9.6285140562249
702,296,9.52279202279202,9.90540540540541,998,9.63627254509018
706,293,9.53257790368272,9.89419795221843,999,9.63863863863864
691,308,9.54558610709117,9.90584415584416,999,9.65665665665666
692,307,9.54913294797688,9.90879478827362,999,9.65965965965966
693,305,9.54545454545454,9.90819672131147,998,9.6563126252505
695,304,9.56258992805755,9.9078947368421,999,9.66766766766767
703,296,9.56756756756757,9.89864864864865,999,9.66566566566567
699,299,9.56080114449213,9.90301003344482,998,9.66332665330661
709,290,9.56558533145275,9.89655172413793,999,9.66166166166166
713,286,9.56802244039271,9.89160839160839,999,9.66066066066066
715,284,9.58041958041958,9.89788732394366,999,9.67067067067067
726,272,9.57575757575758,9.89705882352941,998,9.66332665330661
724,273,9.58563535911602,9.89377289377289,997,9.67001003009027
723,274,9.57814661134163,9.88321167883212,997,9.66198595787362
722,277,9.57202216066482,9.88447653429603,999,9.65865865865866
724,274,9.58149171270718,9.88686131386861,998,9.66533066132265
734,263,9.57493188010899,9.893536121673,997,9.65897693079238
733,266,9.57708049113233,9.89097744360902,999,9.66066066066066
735,263,9.57687074829932,9.893536121673,998,9.66032064128257
735,264,9.56734693877551,9.90151515151515,999,9.65565565565566
738,260,9.5650406504065,9.91153846153846,998,9.65531062124249
740,257,9.54189189189189,9.90661478599222,997,9.63590772316951
737,262,9.52510176390773,9.90458015267176,999,9.62462462462462
741,258,9.52496626180837,9.9108527131783,999,9.62462462462462
739,259,9.5277401894452,9.91119691119691,998,9.62725450901804
738,261,9.52032520325203,9.90421455938697,999,9.62062062062062
738,259,9.52032520325203,9.92277992277992,997,9.62487462387161
745,254,9.51946308724832,9.9251968503937,999,9.62262262262262
746,253,9.5201072386059,9.92094861660079,999,9.62162162162162
748,251,9.52540106951872,9.92828685258964,999,9.62662662662663
752,247,9.52127659574468,9.92712550607287,999,9.62162162162162
755,243,9.53774834437086,9.93004115226337,998,9.63326653306613
752,246,9.53457446808511,9.92682926829268,998,9.6312625250501
752,246,9.5531914893617,9.93089430894309,998,9.64629258517034
743,253,9.55047106325707,9.92490118577075,996,9.64558232931727
745,253,9.56510067114094,9.92490118577075,998,9.6563126252505
745,253,9.57315436241611,9.92094861660079,998,9.66132264529058
735,262,9.5891156462585,9.91221374045801,997,9.6740220661986
724,275,9.59806629834254,9.91636363636364,999,9.68568568568569
733,266,9.59890859481582,9.91353383458647,999,9.68268268268268
726,272,9.60055096418733,9.91176470588235,998,9.68537074148297
727,270,9.60110041265474,9.9037037037037,997,9.68304914744233
723,276,9.60857538035961,9.91666666666667,999,9.69369369369369
729,269,9.59807956104252,9.92193308550186,998,9.68537074148297
729,270,9.60219478737997,9.92962962962963,999,9.69069069069069
728,271,9.58791208791209,9.93357933579336,999,9.68168168168168
723,276,9.57952973720609,9.92753623188406,999,9.67567567567568
721,278,9.57836338418863,9.92805755395683,999,9.67567567567568
722,277,9.57617728531856,9.92418772563177,999,9.67267267267267
725,274,9.57379310344828,9.92700729927007,999,9.67067067067067
728,271,9.57967032967033,9.91881918819188,999,9.67167167167167
722,276,9.59418282548476,9.91304347826087,998,9.68236472945892
721,278,9.58945908460472,9.9136690647482,999,9.67967967967968
719,280,9.60083449235049,9.91071428571429,999,9.68768768768769
739,260,9.58998646820027,9.91538461538462,999,9.67467467467467
742,257,9.58760107816712,9.91439688715953,999,9.67167167167167
741,257,9.59379217273954,9.91828793774319,998,9.67735470941884
740,257,9.6,9.90661478599222,997,9.679037111334
745,254,9.59731543624161,9.90157480314961,999,9.67467467467467
748,251,9.60695187165775,9.9003984063745,999,9.68068068068068
748,251,9.61764705882353,9.89641434262948,999,9.68768768768769
744,255,9.62768817204301,9.90196078431373,999,9.6976976976977
739,259,9.61975642760487,9.88803088803089,998,9.68937875751503
732,265,9.63251366120219,9.90188679245283,997,9.70411233701103
730,268,9.63561643835616,9.89925373134328,998,9.7064128256513
732,267,9.62841530054645,9.90262172284644,999,9.7017017017017
729,269,9.63923182441701,9.90706319702602,998,9.71142284569138
723,275,9.63208852005532,9.90545454545455,998,9.70741482965932
721,278,9.64077669902913,9.90647482014388,999,9.71471471471471
718,281,9.62952646239554,9.90035587188612,999,9.70570570570571
720,279,9.63888888888889,9.90322580645161,999,9.71271271271271
713,286,9.64936886395512,9.91258741258741,999,9.72472472472472
709,289,9.64315937940762,9.91349480968858,998,9.72144288577154
702,297,9.66096866096866,9.90572390572391,999,9.73373373373373
704,295,9.65340909090909,9.90169491525424,999,9.72672672672673
718,280,9.66016713091922,9.9,998,9.72745490981964
723,276,9.66251728907331,9.89855072463768,999,9.72772772772773
717,280,9.66248256624826,9.91071428571429,997,9.73219658976931
715,283,9.66853146853147,9.91166077738516,998,9.7374749498998
714,283,9.68207282913165,9.91519434628975,997,9.74824473420261
720,279,9.66944444444444,9.92114695340502,999,9.73973973973974
724,274,9.67817679558011,9.92335766423358,998,9.74549098196393
727,271,9.67537826685007,9.92250922509225,998,9.74248496993988
731,268,9.67305061559508,9.91791044776119,999,9.73873873873874
737,261,9.67706919945726,9.92337164750958,998,9.74148296593186
730,267,9.68082191780822,9.91011235955056,997,9.74222668004012
734,264,9.69073569482289,9.90909090909091,998,9.74849699398798
736,263,9.6929347826087,9.91634980988593,999,9.75175175175175
736,261,9.70108695652174,9.91570881226054,997,9.75727181544634
732,267,9.69262295081967,9.91760299625468,999,9.75275275275275
727,271,9.70013755158184,9.92988929889299,998,9.7625250501002
718,279,9.70194986072423,9.93548387096774,997,9.76730190571715
715,282,9.70769230769231,9.93262411347518,997,9.77131394182548
714,284,9.70588235294118,9.92605633802817,998,9.7685370741483
710,288,9.70281690140845,9.92013888888889,998,9.76553106212425
710,289,9.70845070422535,9.92387543252595,999,9.77077077077077
698,300,9.71489971346705,9.91666666666667,998,9.77555110220441
705,294,9.72340425531915,9.92176870748299,999,9.78178178178178
702,297,9.71937321937322,9.92255892255892,999,9.77977977977978
694,305,9.72766570605187,9.92459016393443,999,9.78778778778779
697,301,9.72453371592539,9.92691029900332,998,9.78557114228457
694,304,9.72766570605187,9.92763157894737,998,9.78857715430862
689,309,9.71843251088534,9.92880258899676,998,9.78356713426854
689,310,9.72423802612482,9.93225806451613,999,9.78878878878879
687,311,9.71906841339156,9.92926045016077,998,9.78456913827655
687,310,9.71906841339156,9.92903225806452,997,9.78435305917753
689,310,9.71407837445573,9.93225806451613,999,9.78178178178178
685,314,9.71824817518248,9.93312101910828,999,9.78578578578579
681,318,9.71806167400881,9.93396226415094,999,9.78678678678679
681,318,9.7136563876652,9.92452830188679,999,9.78078078078078
684,313,9.72076023391813,9.92332268370607,997,9.78435305917753
683,316,9.71010248901903,9.91772151898734,999,9.77577577577578
676,323,9.71449704142012,9.92260061919505,999,9.78178178178178
679,319,9.72312223858616,9.91849529780564,998,9.78557114228457
678,320,9.71828908554572,9.91875,998,9.78256513026052
684,311,9.71783625730994,9.92282958199357,995,9.78190954773869
693,305,9.71284271284271,9.91475409836066,998,9.77454909819639
699,298,9.71959942775393,9.91275167785235,997,9.77733199598796
697,301,9.70588235294118,9.90365448504983,998,9.76553106212425
696,303,9.69827586206897,9.9009900990099,999,9.75975975975976
700,299,9.69571428571428,9.89632107023411,999,9.75575575575576
701,295,9.68758915834522,9.89491525423729,996,9.74899598393574
702,296,9.68660968660969,9.89864864864865,998,9.74949899799599
694,301,9.68587896253602,9.8936877076412,995,9.74874371859296
692,307,9.67630057803468,9.89902280130293,999,9.74474474474474
692,307,9.68063583815029,9.90228013029316,999,9.74874874874875
692,306,9.67341040462428,9.89542483660131,998,9.74148296593186
688,310,9.66424418604651,9.89354838709677,998,9.73547094188377
692,307,9.67052023121387,9.89902280130293,999,9.74074074074074
681,318,9.66519823788546,9.89937106918239,999,9.73973973973974
666,332,9.67567567567568,9.90060240963855,998,9.75050100200401
666,332,9.67117117117117,9.89457831325301,998,9.74549098196393
668,331,9.67215568862276,9.89123867069486,999,9.74474474474474
672,327,9.66517857142857,9.88379204892966,999,9.73673673673674
670,327,9.68059701492537,9.87767584097859,997,9.74523570712136
677,322,9.66174298375185,9.87267080745342,999,9.72972972972973
679,319,9.6759941089838,9.86833855799373,998,9.7374749498998
685,313,9.67445255474453,9.86261980830671,998,9.73346693386774
689,306,9.67489114658926,9.87581699346405,995,9.73668341708543
687,312,9.67685589519651,9.87179487179487,999,9.73773773773774
682,315,9.67888563049853,9.86666666666667,997,9.7382146439318
686,313,9.67930029154519,9.86581469648562,999,9.73773773773774
688,311,9.67151162790698,9.85209003215434,999,9.72772772772773
688,311,9.67732558139535,9.85530546623794,999,9.73273273273273
688,311,9.65843023255814,9.85852090032154,999,9.72072072072072
689,310,9.66763425253991,9.86129032258065,999,9.72772772772773
691,308,9.6657018813314,9.85064935064935,999,9.72272272272272
695,304,9.66187050359712,9.86513157894737,999,9.72372372372372
698,301,9.65186246418338,9.86378737541528,999,9.71571571571572
707,292,9.65063649222065,9.87328767123288,999,9.71571571571572
697,301,9.64562410329986,9.8671096345515,998,9.7124248496994
695,302,9.65467625899281,9.86754966887417,997,9.71915747241725
687,312,9.67103347889374,9.86538461538461,999,9.73173173173173
686,313,9.65889212827988,9.86261980830671,999,9.72272272272272
676,322,9.65828402366864,9.87267080745342,998,9.72745490981964
680,319,9.65441176470588,9.87147335423198,999,9.72372372372372
673,326,9.64635958395245,9.87730061349693,999,9.72172172172172
668,329,9.66017964071856,9.89057750759878,997,9.73620862587763
669,330,9.65620328849028,9.8969696969697,999,9.73573573573574
656,343,9.67073170731707,9.90379008746356,999,9.75075075075075
663,335,9.66515837104072,9.90746268656716,998,9.74649298597194
664,335,9.65963855421687,9.91044776119403,999,9.74374374374374
670,329,9.66417910447761,9.90577507598784,999,9.74374374374374
662,337,9.66012084592145,9.91691394658754,999,9.74674674674675
663,336,9.66666666666667,9.91369047619048,999,9.74974974974975
669,329,9.6576980568012,9.9209726443769,998,9.74448897795591
663,333,9.66666666666667,9.92492492492492,996,9.75301204819277
667,332,9.66116941529235,9.92469879518072,999,9.74874874874875
670,328,9.66716417910448,9.93292682926829,998,9.75450901803607
668,331,9.67065868263473,9.92447129909366,999,9.75475475475475
667,331,9.66866566716642,9.92447129909366,998,9.75350701402806
673,326,9.66567607726597,9.92638036809816,999,9.75075075075075
665,332,9.66466165413534,9.90963855421687,997,9.74623871614845
668,331,9.66017964071856,9.90634441087613,999,9.74174174174174
659,340,9.65857359635812,9.90294117647059,999,9.74174174174174
665,333,9.66766917293233,9.9039039039039,998,9.74649298597194
666,331,9.66216216216216,9.90030211480363,997,9.74122367101304
660,338,9.66363636363636,9.90236686390532,998,9.74448897795591
664,335,9.67018072289157,9.90746268656716,999,9.74974974974975
666,332,9.67567567567568,9.90963855421687,998,9.75350701402806
663,335,9.67269984917044,9.9044776119403,998,9.75050100200401
667,331,9.66866566716642,9.91540785498489,998,9.75050100200401
665,334,9.67368421052632,9.91317365269461,999,9.75375375375375
663,336,9.67873303167421,9.91071428571429,999,9.75675675675676
660,339,9.68484848484849,9.91445427728614,999,9.76276276276276
663,334,9.68174962292609,9.91317365269461,997,9.7592778335005
656,343,9.67530487804878,9.91545189504373,999,9.75775775775776
657,342,9.66818873668189,9.90643274853801,999,9.74974974974975
655,344,9.66564885496183,9.90406976744186,999,9.74774774774775
656,342,9.66463414634146,9.89766081871345,998,9.74448897795591
655,343,9.66106870229008,9.88921282798834,998,9.73947895791583
652,345,9.65337423312883,9.89855072463768,997,9.7382146439318
654,345,9.63608562691132,9.88695652173913,999,9.72272272272272
655,344,9.64580152671756,9.89244186046512,999,9.73073073073073
652,347,9.63957055214724,9.88472622478386,999,9.72472472472472
646,353,9.63931888544892,9.89518413597734,999,9.72972972972973
645,354,9.63255813953488,9.88983050847458,999,9.72372372372372
636,362,9.63679245283019,9.89226519337017,998,9.72945891783567
636,362,9.64622641509434,9.89502762430939,998,9.73647294589178
630,369,9.63809523809524,9.88346883468835,999,9.72872872872873
638,360,9.63793103448276,9.90277777777778,998,9.73346693386774
647,352,9.63678516228748,9.90056818181818,999,9.72972972972973
637,361,9.63736263736264,9.90858725761773,998,9.73547094188377
647,351,9.64451313755796,9.90883190883191,998,9.7374749498998
639,356,9.64475743348983,9.91292134831461,995,9.74070351758794
640,358,9.6546875,9.91340782122905,998,9.74749498997996
655,343,9.65648854961832,9.90087463556851,998,9.74048096192385
660,338,9.65757575757576,9.90828402366864,998,9.74248496993988
666,333,9.65765765765766,9.9009009009009,999,9.73873873873874
671,328,9.65275707898659,9.90243902439024,999,9.73473473473473
669,330,9.64275037369208,9.90909090909091,999,9.73073073073073
667,331,9.64467766116942,9.90634441087613,998,9.7314629258517
665,334,9.63308270676692,9.91017964071856,999,9.72572572572573
668,331,9.6377245508982,9.90332326283988,999,9.72572572572573
661,338,9.63842662632375,9.90532544378698,999,9.72872872872873
663,336,9.65158371040724,9.89880952380952,999,9.73473473473473
657,342,9.6468797564688,9.90058479532164,999,9.73373373373373
656,343,9.64939024390244,9.89212827988338,999,9.73273273273273
658,341,9.65957446808511,9.89736070381232,999,9.74074074074074
658,340,9.6565349544073,9.9,998,9.73947895791583
658,339,9.66413373860182,9.90265486725664,997,9.74523570712136
657,341,9.662100456621,9.89442815249267,998,9.74148296593186
649,350,9.67026194144838,9.88857142857143,999,9.74674674674675
641,357,9.67394695787831,9.89355742296919,998,9.75250501002004
641,358,9.68330733229329,9.88826815642458,999,9.75675675675676
648,350,9.67592592592593,9.88571428571429,998,9.74949899799599
654,343,9.66666666666667,9.87755102040816,997,9.73921765295888
663,336,9.67119155354449,9.87202380952381,999,9.73873873873874
666,331,9.67417417417417,9.86706948640483,997,9.7382146439318
668,331,9.67814371257485,9.86102719033233,999,9.73873873873874
672,327,9.68452380952381,9.86238532110092,999,9.74274274274274
668,330,9.68413173652695,9.86969696969697,998,9.74549098196393
670,328,9.68955223880597,9.875,998,9.75050100200401
671,328,9.68852459016393,9.87195121951219,999,9.74874874874875
679,320,9.68335787923417,9.875,999,9.74474474474474
677,322,9.6794682422452,9.8695652173913,999,9.74074074074074
671,328,9.6795827123696,9.86890243902439,999,9.74174174174174
677,322,9.66912850812408,9.86645962732919,999,9.73273273273273
675,323,9.66518518518519,9.86068111455108,998,9.72845691382765
685,314,9.66569343065694,9.85668789808917,999,9.72572572572573
683,316,9.67203513909224,9.84493670886076,999,9.72672672672673
692,305,9.67630057803468,9.84262295081967,997,9.7271815446339
683,315,9.67642752562226,9.83174603174603,998,9.72545090180361
688,311,9.6875,9.83601286173633,999,9.73373373373373
684,315,9.6812865497076,9.84444444444444,999,9.73273273273273
690,309,9.68405797101449,9.83171521035599,999,9.72972972972973
684,315,9.68421052631579,9.84126984126984,999,9.73373373373373
692,307,9.68063583815029,9.82736156351791,999,9.72572572572573
683,315,9.67789165446559,9.83492063492064,998,9.72745490981964
686,313,9.66326530612245,9.8370607028754,999,9.71771771771772
677,321,9.65583456425406,9.84735202492212,998,9.71743486973948
679,320,9.6480117820324,9.846875,999,9.71171171171171
686,312,9.64285714285714,9.85576923076923,998,9.70941883767535
684,314,9.65350877192983,9.85987261146497,998,9.71843687374749
679,317,9.66126656848306,9.86119873817035,996,9.72489959839357
683,316,9.66617862371889,9.86392405063291,999,9.72872872872873
681,318,9.67547723935389,9.88050314465409,999,9.74074074074074
687,312,9.67540029112081,9.87820512820513,999,9.73873873873874
688,311,9.67587209302326,9.88102893890675,999,9.73973973973974
695,303,9.6863309352518,9.88118811881188,998,9.74549098196393
692,307,9.6893063583815,9.88599348534202,999,9.74974974974975
697,302,9.69153515064562,9.87748344370861,999,9.74774774774775
691,307,9.69030390738061,9.88273615635179,998,9.74949899799599
688,311,9.69331395348837,9.87781350482315,999,9.75075075075075
691,306,9.68596237337193,9.88562091503268,997,9.74724172517553
694,305,9.68587896253602,9.88852459016393,999,9.74774774774775
687,312,9.68267831149927,9.88461538461539,999,9.74574574574575
686,312,9.68804664723032,9.875,998,9.74649298597194
676,322,9.69230769230769,9.87888198757764,998,9.75250501002004
671,326,9.68703427719821,9.87116564417178,997,9.74724172517553
670,329,9.69402985074627,9.87234042553191,999,9.75275275275275
665,333,9.68721804511278,9.86786786786787,998,9.74749498997996
668,331,9.70508982035928,9.8761329305136,999,9.76176176176176
663,336,9.70739064856712,9.87797619047619,999,9.76476476476476
669,330,9.71150971599402,9.87878787878788,999,9.76676676676677
661,338,9.70650529500756,9.88461538461539,999,9.76676676676677
652,346,9.71165644171779,9.89017341040462,998,9.77354709418838
647,352,9.71251931993818,9.89488636363636,999,9.77677677677678
643,356,9.70606531881804,9.89606741573034,999,9.77377377377377
641,358,9.70514820592824,9.89385474860335,999,9.77277277277277
631,365,9.7068145800317,9.8958904109589,996,9.77610441767068
626,372,9.70127795527157,9.90591397849462,998,9.77755511022044
632,366,9.70253164556962,9.90163934426229,998,9.77555110220441
630,367,9.71111111111111,9.90190735694823,997,9.78134403209629
632,366,9.71677215189873,9.90163934426229,998,9.78456913827655
627,370,9.72408293460925,9.9027027027027,997,9.79037111334002
631,368,9.7337559429477,9.91304347826087,999,9.7997997997998
636,363,9.73427672955975,9.91460055096419,999,9.7997997997998
638,361,9.74451410658307,9.90858725761773,999,9.8038038038038
634,365,9.7397476340694,9.91232876712329,999,9.8028028028028
631,368,9.74009508716323,9.90489130434783,999,9.8008008008008
642,357,9.73831775700935,9.90756302521008,999,9.7987987987988
643,354,9.73405909797823,9.90395480225989,997,9.79438314944835
652,347,9.73926380368098,9.92507204610951,999,9.8038038038038
647,350,9.73879443585781,9.92285714285714,997,9.80341023069208
657,342,9.74124809741248,9.92397660818713,999,9.8038038038038
656,342,9.7484756097561,9.92105263157895,998,9.80761523046092
660,337,9.74393939393939,9.92581602373887,997,9.80541624874624
656,341,9.75,9.93255131964809,997,9.81243731193581
664,333,9.75,9.91891891891892,997,9.80641925777332
650,348,9.74307692307692,9.92241379310345,998,9.80561122244489
659,340,9.74203338391502,9.92352941176471,999,9.8038038038038
658,340,9.74164133738602,9.92647058823529,998,9.80460921843687
662,337,9.73564954682779,9.93471810089021,999,9.8028028028028
661,336,9.732223903177,9.9375,997,9.80140421263791
669,330,9.7339312406577,9.94848484848485,999,9.8048048048048
665,334,9.72781954887218,9.94311377245509,999,9.7997997997998
658,341,9.72796352583587,9.94721407624633,999,9.8028028028028
651,348,9.73271889400922,9.94540229885057,999,9.80680680680681
647,352,9.73879443585781,9.94886363636364,999,9.81281281281281
640,358,9.734375,9.94972067039106,998,9.81162324649299
633,365,9.73775671406003,9.94794520547945,998,9.81462925851703
630,369,9.73968253968254,9.94850948509485,999,9.81681681681682
633,366,9.739336492891,9.94808743169399,999,9.81581581581582
633,365,9.73775671406003,9.95342465753425,998,9.81663326653307
639,360,9.7339593114241,9.94444444444444,999,9.80980980980981
642,355,9.73052959501558,9.94647887323944,997,9.8074222668004
647,351,9.74652241112828,9.94301994301994,998,9.81563126252505
653,346,9.73966309341501,9.94508670520231,999,9.81081081081081
647,351,9.75115919629057,9.94017094017094,998,9.81763527054108
649,350,9.74730354391371,9.94571428571428,999,9.81681681681682
650,349,9.76,9.94555873925501,999,9.82482482482482
645,353,9.75658914728682,9.93767705382436,998,9.82064128256513
642,357,9.76323987538941,9.9327731092437,999,9.82382382382382
640,359,9.7671875,9.93036211699164,999,9.82582582582583
635,362,9.7511811023622,9.93370165745856,997,9.81745235707121
631,366,9.75594294770206,9.93169398907104,997,9.82046138415246
629,368,9.75357710651828,9.93478260869565,997,9.82046138415246
626,372,9.75718849840256,9.93010752688172,998,9.82164328657315
624,375,9.75320512820513,9.93066666666667,999,9.81981981981982
635,364,9.75590551181102,9.93131868131868,999,9.81981981981982
638,360,9.75548589341693,9.93055555555556,998,9.8186372745491
637,361,9.75510204081633,9.93351800554017,998,9.81963927855711
635,363,9.75590551181102,9.9366391184573,998,9.82164328657315
637,362,9.76295133437991,9.94475138121547,999,9.82882882882883
639,359,9.76369327073552,9.94428969359332,998,9.82865731462926
635,362,9.75905511811024,9.9475138121547,997,9.82748244734203
635,362,9.76062992125984,9.94475138121547,997,9.82748244734203
632,367,9.7626582278481,9.95095367847411,999,9.83183183183183
629,369,9.75993640699523,9.95934959349593,998,9.83366733466934
620,377,9.75967741935484,9.95490716180371,997,9.83350050150451
621,377,9.76167471819646,9.96021220159151,998,9.83667334669339
620,379,9.76290322580645,9.96833773087071,999,9.84084084084084
617,381,9.77309562398703,9.96850393700787,998,9.84769539078156
611,386,9.78396072013093,9.97150259067358,997,9.85656970912738
611,385,9.78559738134206,9.97142857142857,996,9.8574297188755
616,383,9.78246753246753,9.97389033942559,999,9.85585585585586
609,390,9.78653530377668,9.97179487179487,999,9.85885885885886
606,392,9.78877887788779,9.96938775510204,998,9.85971943887776
601,396,9.78702163061564,9.96717171717172,997,9.85857572718155
591,408,9.78680203045685,9.96078431372549,999,9.85785785785786
584,415,9.78938356164384,9.96144578313253,999,9.86086086086086
582,416,9.79209621993127,9.95192307692308,998,9.85871743486974
586,411,9.79351535836178,9.95620437956204,997,9.86058174523571
583,414,9.79759862778731,9.95893719806763,997,9.86459378134403
584,414,9.8013698630137,9.96135265700483,998,9.86773547094188
579,417,9.80310880829015,9.9568345323741,996,9.86746987951807
578,420,9.80449826989619,9.95238095238095,998,9.86673346693387
576,422,9.80902777777778,9.95734597156398,998,9.87174348697395
580,419,9.81724137931034,9.94749403341289,999,9.87187187187187
577,420,9.81282495667244,9.95238095238095,997,9.8716148445336
584,415,9.81678082191781,9.94939759036145,999,9.87187187187187
575,424,9.81217391304348,9.95754716981132,999,9.87387387387387
576,423,9.82465277777778,9.95744680851064,999,9.88088088088088
568,430,9.82218309859155,9.96046511627907,998,9.88176352705411
561,437,9.82174688057041,9.96338672768879,998,9.88376753507014
555,444,9.82702702702703,9.96621621621622,999,9.88888888888889
556,441,9.83273381294964,9.96598639455782,997,9.89167502507523
552,445,9.82427536231884,9.96404494382022,997,9.88665997993982
557,441,9.82764811490126,9.96598639455782,998,9.88877755511022
565,434,9.83008849557522,9.97004608294931,999,9.89089089089089
570,427,9.83684210526316,9.97658079625293,997,9.89669007021063
570,429,9.8421052631579,9.97902097902098,999,9.9009009009009
569,430,9.84358523725835,9.97441860465116,999,9.8998998998999
568,431,9.84330985915493,9.97215777262181,999,9.8988988988989
564,435,9.84397163120567,9.97241379310345,999,9.8998998998999
565,434,9.84247787610619,9.97235023041475,999,9.8988988988989
560,439,9.84285714285714,9.9749430523918,999,9.9009009009009
557,439,9.8491921005386,9.97038724373576,996,9.90261044176707
561,438,9.83957219251337,9.9703196347032,999,9.8968968968969
563,433,9.8436944937833,9.96535796766744,996,9.89658634538153
558,440,9.83154121863799,9.97045454545455,998,9.89278557114229
559,439,9.83184257602862,9.97038724373576,998,9.89278557114229
553,446,9.83001808318264,9.96636771300448,999,9.89089089089089
550,449,9.83272727272727,9.96881959910913,999,9.89389389389389
545,452,9.8348623853211,9.96460176991151,997,9.89368104312939
553,445,9.8245931283906,9.96629213483146,998,9.88777555110221
538,459,9.82527881040892,9.96078431372549,997,9.8876629889669
536,462,9.81716417910448,9.96103896103896,998,9.88376753507014
536,463,9.81529850746269,9.95896328293736,999,9.88188188188188
536,461,9.80410447761194,9.96095444685466,997,9.87662988966901
531,467,9.79284369114878,9.96359743040685,998,9.87274549098196
535,464,9.78691588785047,9.96120689655172,999,9.86786786786787
527,472,9.77798861480076,9.96610169491525,999,9.86686686686687
521,478,9.78694817658349,9.96652719665272,999,9.87287287287287
521,477,9.78694817658349,9.9706498951782,998,9.874749498998
523,475,9.78202676864245,9.96842105263158,998,9.87074148296593
525,474,9.77714285714286,9.9704641350211,999,9.86886886886887
511,487,9.77886497064579,9.96919917864476,998,9.87174348697395
507,492,9.77909270216963,9.96951219512195,999,9.87287287287287
502,497,9.77888446215139,9.96981891348089,999,9.87387387387387
501,498,9.78842315369261,9.96586345381526,999,9.87687687687688
495,504,9.8,9.96825396825397,999,9.88488488488488
493,506,9.8052738336714,9.96640316205534,999,9.88688688688689
493,504,9.80121703853955,9.96626984126984,997,9.88465396188566
490,508,9.80612244897959,9.96062992125984,998,9.88476953907816
483,515,9.81573498964803,9.96504854368932,998,9.89278557114229
476,523,9.82983193277311,9.96749521988528,999,9.9019019019019
483,514,9.83229813664596,9.96692607003891,997,9.90170511534604
478,521,9.84728033472803,9.95969289827255,999,9.90590590590591
478,521,9.84937238493724,9.96737044145873,999,9.91091091091091
481,518,9.83367983367983,9.96718146718147,999,9.9029029029029
471,526,9.83014861995754,9.96577946768061,997,9.90170511534604
479,519,9.83089770354906,9.96531791907514,998,9.90080160320641
477,522,9.83647798742138,9.96551724137931,999,9.9039039039039
479,520,9.82881002087683,9.97115384615385,999,9.9029029029029
482,517,9.82365145228216,9.97485493230174,999,9.9019019019019
490,508,9.81632653061224,9.9744094488189,998,9.89679358717435
487,510,9.80903490759754,9.97843137254902,997,9.89568706118355
489,509,9.80981595092025,9.97838899803536,998,9.89579158316633
490,508,9.79591836734694,9.98228346456693,998,9.89078156312625
492,507,9.79471544715447,9.98422090729783,999,9.89089089089089
489,510,9.79345603271984,9.98235294117647,999,9.88988988988989
484,513,9.77685950413223,9.98245614035088,997,9.8826479438315
484,515,9.79752066115702,9.98252427184466,999,9.89289289289289
480,519,9.78541666666667,9.98265895953757,999,9.88788788788789
473,526,9.79492600422833,9.98098859315589,999,9.89289289289289
462,535,9.78787878787879,9.98504672897196,997,9.89368104312939
459,538,9.78649237472767,9.98513011152416,997,9.89368104312939
453,545,9.77483443708609,9.98715596330275,998,9.89078156312625
453,546,9.78145695364238,9.98901098901099,999,9.89489489489489
450,549,9.78222222222222,9.98907103825137,999,9.8958958958959
457,541,9.78118161925602,9.98890942698706,998,9.8937875751503
451,548,9.77161862527716,9.98905109489051,999,9.89089089089089
448,551,9.75669642857143,9.98911070780399,999,9.88488488488488
451,547,9.76053215077605,9.9872029250457,998,9.88476953907816
442,557,9.76470588235294,9.98922800718133,999,9.88988988988989
443,556,9.7607223476298,9.98741007194245,999,9.88688688688689
451,546,9.7649667405765,9.98534798534799,997,9.88565697091274
459,540,9.76252723311547,9.98333333333333,999,9.88188188188188
455,543,9.76263736263736,9.98158379373849,998,9.88176352705411
463,536,9.76025917926566,9.98320895522388,999,9.87987987987988
464,534,9.76508620689655,9.98501872659176,998,9.88276553106212
472,526,9.75635593220339,9.98669201520913,998,9.87775551102204
476,523,9.75840336134454,9.98852772466539,999,9.87887887887888
477,520,9.76100628930818,9.98846153846154,997,9.87963891675025
480,519,9.76458333333333,9.98651252408478,999,9.87987987987988
481,516,9.75051975051975,9.98449612403101,997,9.8716148445336
479,520,9.74321503131524,9.99230769230769,999,9.87287287287287
468,530,9.74145299145299,9.99245283018868,998,9.874749498998
464,534,9.73491379310345,9.99063670411985,998,9.87174348697395
468,531,9.73717948717949,9.99058380414313,999,9.87187187187187
464,535,9.73275862068965,9.99065420560748,999,9.87087087087087
467,531,9.73233404710921,9.9924670433145,998,9.87074148296593
471,527,9.73248407643312,9.99240986717268,998,9.86973947895792
474,525,9.73628691983122,9.99238095238095,999,9.87087087087087
469,530,9.73347547974414,9.99433962264151,999,9.87187187187187
479,519,9.74321503131524,9.99421965317919,998,9.87374749498998
476,523,9.74579831932773,9.9961759082218,999,9.87687687687688
488,511,9.74795081967213,9.99608610567515,999,9.87487487487487
482,516,9.75311203319502,9.99612403100775,998,9.87875751503006
490,508,9.77142857142857,9.99606299212598,998,9.88577154308617
486,513,9.7798353909465,9.99805068226121,999,9.89189189189189
494,504,9.7914979757085,9.99801587301587,998,9.89579158316633
492,504,9.79065040650407,9.99801587301587,996,9.89558232931727
498,501,9.78915662650602,9.99800399201597,999,9.89389389389389
492,507,9.79065040650407,9.99802761341223,999,9.8958958958959
499,500,9.7935871743487,9.998,999,9.8958958958959
505,494,9.78811881188119,9.99797570850202,999,9.89189189189189
507,490,9.78698224852071,10.0,997,9.89167502507523
511,488,9.77495107632094,10.0,999,9.88488488488488
512,487,9.765625,10.0,999,9.87987987987988
512,485,9.75390625,10.0,997,9.87362086258776
517,481,9.75241779497099,10.0,998,9.87174348697395
517,482,9.74854932301741,10.0,999,9.86986986986987
519,480,9.74373795761079,10.0,999,9.86686686686687
517,481,9.73887814313346,10.0,998,9.86472945891784
520,479,9.73269230769231,10.0,999,9.86086086086086
520,479,9.74230769230769,10.0,999,9.86586586586587
511,488,9.74168297455969,10.0,999,9.86786786786787
509,490,9.74459724950884,10.0,999,9.86986986986987
509,489,9.74656188605108,10.0,998,9.87074148296593
511,487,9.74755381604697,10.0,998,9.87074148296593
508,491,9.75590551181102,10.0,999,9.87587587587588
