forward_num,reverse_num,forward_rate,reverse_rate,organism_num,organism_rate
5,5,5.0,5.0,10,5.0
5,5,5.0,5.0,10,5.0
5,5,5.0,5.0,10,5.0
4,6,4.5,5.33333333333333,10,5.0
5,7,4.8,5.42857142857143,12,5.16666666666667
6,8,4.83333333333333,5.375,14,5.14285714285714
7,11,4.71428571428571,5.54545454545455,18,5.22222222222222
10,14,4.8,5.42857142857143,24,5.16666666666667
10,14,4.8,5.42857142857143,24,5.16666666666667
12,20,4.83333333333333,5.7,32,5.375
12,20,4.83333333333333,5.7,32,5.375
18,26,5.0,5.61538461538461,44,5.36363636363636
18,34,5.0,5.94117647058824,52,5.61538461538461
22,38,5.0,5.84210526315789,60,5.53333333333333
32,48,5.125,5.75,80,5.5
32,64,5.125,6.0625,96,5.75
36,67,5.0,5.92537313432836,103,5.60194174757282
60,89,5.26666666666667,5.84269662921348,149,5.61073825503356
60,120,5.26666666666667,6.13333333333333,180,5.84444444444444
60,120,5.26666666666667,6.13333333333333,180,5.84444444444444
60,120,5.26666666666667,6.13333333333333,180,5.84444444444444
120,240,5.26666666666667,6.13333333333333,360,5.84444444444444
120,240,5.26666666666667,6.13333333333333,360,5.84444444444444
120,240,5.26666666666667,6.13333333333333,360,5.84444444444444
184,424,5.52173913043478,6.35849056603774,608,6.10526315789474
216,456,5.44444444444444,6.26315789473684,672,6.0
232,472,5.3448275862069,6.1864406779661,704,5.90909090909091
291,707,5.4020618556701,6.46110325318246,998,6.15230460921844
302,697,5.47682119205298,6.39885222381636,999,6.12012012012012
305,693,5.42295081967213,6.35642135642136,998,6.07114228456914
287,712,5.45296167247387,6.42415730337079,999,6.14514514514515
300,698,5.50666666666667,6.40114613180516,998,6.13226452905812
311,688,5.508038585209,6.375,999,6.10510510510511
304,695,5.48355263157895,6.4158273381295,999,6.13213213213213
296,702,5.46621621621622,6.44586894586895,998,6.15531062124249
317,681,5.53312302839117,6.43171806167401,998,6.14629258517034
308,690,5.53571428571429,6.4304347826087,998,6.15430861723447
312,687,5.50641025641026,6.43522561863173,999,6.14514514514515
306,691,5.54248366013072,6.40376266280753,997,6.13941825476429
308,691,5.56168831168831,6.40665701881331,999,6.14614614614615
301,698,5.58471760797342,6.40830945558739,999,6.16016016016016
306,691,5.54248366013072,6.38929088277858,997,6.12938816449348
313,684,5.54952076677316,6.36695906432749,997,6.11033099297894
304,693,5.54605263157895,6.41847041847042,997,6.15245737211635
313,685,5.53354632587859,6.43357664233577,998,6.15130260521042
321,678,5.54517133956386,6.39380530973451,999,6.12112112112112
298,698,5.52684563758389,6.39541547277937,996,6.1355421686747
302,696,5.52980132450331,6.40948275862069,998,6.14328657314629
309,690,5.54692556634304,6.39130434782609,999,6.13013013013013
299,698,5.52842809364549,6.38968481375358,997,6.13139418254764
290,708,5.53793103448276,6.37994350282486,998,6.13527054108216
299,700,5.51839464882943,6.38,999,6.12212212212212
302,697,5.54304635761589,6.40746054519369,999,6.14614614614615
284,712,5.50352112676056,6.42415730337079,996,6.16164658634538
286,713,5.51398601398601,6.42215988779804,999,6.16216216216216
283,715,5.54416961130742,6.41538461538462,998,6.16833667334669
274,725,5.53649635036496,6.43034482758621,999,6.18518518518519
266,733,5.56390977443609,6.42019099590723,999,6.19219219219219
260,739,5.56153846153846,6.43572395128552,999,6.20820820820821
262,735,5.60687022900763,6.46122448979592,997,6.23671013039117
263,736,5.63878326996198,6.46875,999,6.25025025025025
256,743,5.62890625,6.45760430686406,999,6.24524524524525
256,742,5.64453125,6.44204851752022,998,6.2374749498998
239,760,5.68200836820084,6.46052631578947,999,6.27427427427427
241,758,5.68464730290456,6.42348284960422,999,6.24524524524525
240,759,5.65833333333333,6.41897233201581,999,6.23623623623624
240,759,5.64166666666667,6.43873517786561,999,6.24724724724725
255,744,5.64705882352941,6.4247311827957,999,6.22622622622623
248,751,5.63709677419355,6.41810918774967,999,6.22422422422422
247,752,5.61133603238866,6.40292553191489,999,6.20720720720721
240,759,5.60416666666667,6.39789196310935,999,6.20720720720721
253,746,5.62450592885375,6.4088471849866,999,6.21021021021021
258,741,5.67829457364341,6.42780026990553,999,6.23423423423423
257,740,5.65369649805448,6.42972972972973,997,6.2296890672016
258,739,5.66279069767442,6.41948579161028,997,6.22367101303912
255,743,5.69803921568627,6.43741588156124,998,6.24849699398798
244,754,5.70081967213115,6.45623342175066,998,6.27154308617235
237,762,5.72151898734177,6.44356955380577,999,6.27227227227227
240,759,5.71666666666667,6.44005270092227,999,6.26626626626627
235,764,5.71914893617021,6.43848167539267,999,6.26926926926927
234,765,5.70512820512821,6.43006535947712,999,6.26026026026026
225,773,5.68,6.42432082794308,998,6.2565130260521
230,768,5.68695652173913,6.44661458333333,998,6.27154308617235
231,767,5.71428571428571,6.44850065189048,998,6.27855711422846
229,769,5.7292576419214,6.44993498049415,998,6.28456913827655
217,782,5.72811059907834,6.44117647058824,999,6.28628628628629
223,776,5.76681614349776,6.45876288659794,999,6.3043043043043
216,783,5.75925925925926,6.47126436781609,999,6.31731731731732
218,780,5.76146788990826,6.47692307692308,998,6.32064128256513
208,789,5.74038461538461,6.47148288973384,997,6.31895687061184
214,783,5.74299065420561,6.47126436781609,997,6.31494483450351
222,777,5.75675675675676,6.47490347490348,999,6.31531531531532
218,781,5.75688073394495,6.47375160051216,999,6.31731731731732
218,781,5.75229357798165,6.45710627400768,999,6.3033033033033
220,779,5.74090909090909,6.45699614890886,999,6.2992992992993
215,784,5.74418604651163,6.46811224489796,999,6.31231231231231
216,783,5.74074074074074,6.47637292464879,999,6.31731731731732
221,776,5.75113122171946,6.4639175257732,997,6.30591775325978
208,790,5.75480769230769,6.47215189873418,998,6.32264529058116
211,787,5.74407582938389,6.47395171537484,998,6.31963927855711
208,791,5.72596153846154,6.47281921618205,999,6.31731731731732
207,791,5.73913043478261,6.50189633375474,998,6.3436873747495
201,795,5.74626865671642,6.49182389937107,996,6.34136546184739
199,799,5.76884422110553,6.50187734668335,998,6.35571142284569
204,794,5.76470588235294,6.50503778337531,998,6.35370741482966
200,799,5.79,6.49937421777221,999,6.35735735735736
207,791,5.76811594202899,6.49178255372946,998,6.34168336673347
206,792,5.78640776699029,6.47979797979798,998,6.33667334669339
209,790,5.79904306220096,6.47974683544304,999,6.33733733733734
208,789,5.78365384615385,6.4765525982256,997,6.33199598796389
201,796,5.81592039800995,6.46984924623116,997,6.33801404212638
199,800,5.83417085427136,6.47375,999,6.34634634634635
193,806,5.83419689119171,6.48014888337469,999,6.35535535535536
189,810,5.83068783068783,6.49382716049383,999,6.36836836836837
185,813,5.83243243243243,6.50676506765068,998,6.38176352705411
179,820,5.79888268156425,6.50365853658537,999,6.37737737737738
172,826,5.76162790697674,6.51089588377724,998,6.38176352705411
166,833,5.7710843373494,6.49579831932773,999,6.37537537537538
170,829,5.8,6.51628468033776,999,6.39439439439439
170,829,5.8,6.53196622436671,999,6.40740740740741
169,830,5.84023668639053,6.54096385542169,999,6.42242242242242
163,836,5.84662576687117,6.54306220095694,999,6.42942942942943
162,836,5.84567901234568,6.54186602870813,998,6.42885771543086
152,846,5.83552631578947,6.5531914893617,998,6.4438877755511
155,844,5.85806451612903,6.55094786729858,999,6.44344344344344
150,849,5.85333333333333,6.53828032979976,999,6.43543543543544
150,847,5.84666666666667,6.54427390791027,997,6.43931795386158
153,844,5.83660130718954,6.54620853080569,997,6.43731193580742
153,845,5.86928104575163,6.56449704142012,998,6.45791583166333
147,852,5.85714285714286,6.57159624413146,999,6.46646646646647
155,844,5.87096774193548,6.55805687203791,999,6.45145145145145
158,841,5.85443037974684,6.56123662306778,999,6.44944944944945
146,852,5.86301369863014,6.5575117370892,998,6.45591182364729
146,852,5.85616438356164,6.55516431924883,998,6.45290581162325
143,854,5.86713286713287,6.54918032786885,997,6.45135406218656
145,854,5.83448275862069,6.55503512880562,999,6.45045045045045
136,862,5.83088235294118,6.56264501160093,998,6.46292585170341
141,856,5.85106382978723,6.55841121495327,997,6.45837512537613
138,858,5.84782608695652,6.55244755244755,996,6.45481927710843
141,857,5.82978723404255,6.55192532088681,998,6.4498997995992
141,856,5.84397163120567,6.54906542056075,997,6.4493480441324
137,861,5.85401459854015,6.54239256678281,998,6.44789579158317
133,865,5.84962406015038,6.53988439306358,998,6.44789579158317
138,861,5.82608695652174,6.54006968641115,999,6.44144144144144
133,864,5.84210526315789,6.53935185185185,997,6.44633901705115
129,869,5.85271317829457,6.5512082853855,998,6.46092184368737
128,870,5.8359375,6.54367816091954,998,6.45290581162325
134,865,5.8134328358209,6.53294797687861,999,6.43643643643644
130,868,5.82307692307692,6.53456221198157,998,6.44188376753507
125,874,5.824,6.54919908466819,999,6.45845845845846
121,875,5.80165289256198,6.568,996,6.47489959839357
128,871,5.8046875,6.55797933409874,999,6.46146146146146
122,876,5.78688524590164,6.56735159817352,998,6.47194388777555
116,883,5.81034482758621,6.56625141562854,999,6.47847847847848
128,870,5.828125,6.58390804597701,998,6.48697394789579
123,875,5.82926829268293,6.61714285714286,998,6.52004008016032
116,880,5.81896551724138,6.625,996,6.53112449799197
112,887,5.86607142857143,6.62344983089064,999,6.53853853853854
114,884,5.87719298245614,6.6289592760181,998,6.54308617234469
111,887,5.86486486486486,6.64825253664036,998,6.56112224448898
115,884,5.86086956521739,6.66628959276018,999,6.57357357357357
113,884,5.84955752212389,6.67194570135747,997,6.57873620862588
117,880,5.84615384615385,6.67272727272727,997,6.57572718154463
116,883,5.83620689655172,6.68629671574179,999,6.58758758758759
114,885,5.83333333333333,6.70169491525424,999,6.6026026026026
116,881,5.85344827586207,6.7094211123723,997,6.6098294884654
121,877,5.84297520661157,6.70239452679589,998,6.59819639278557
111,888,5.84684684684685,6.70945945945946,999,6.61361361361361
110,889,5.83636363636364,6.71316085489314,999,6.61661661661662
115,884,5.83478260869565,6.70588235294118,999,6.60560560560561
115,884,5.84347826086957,6.71380090497738,999,6.61361361361361
114,884,5.83333333333333,6.71266968325792,998,6.6122244488978
113,886,5.84070796460177,6.70541760722348,999,6.60760760760761
116,882,5.83620689655172,6.70181405895692,998,6.60120240480962
115,883,5.82608695652174,6.69988674971687,998,6.59919839679359
119,879,5.82352941176471,6.7098976109215,998,6.60420841683367
124,873,5.80645161290323,6.71363115693013,997,6.60080240722167
127,871,5.78740157480315,6.70838117106774,998,6.59118236472946
121,878,5.77685950413223,6.71184510250569,999,6.5985985985986
113,886,5.78761061946903,6.70993227990971,999,6.60560560560561
111,888,5.77477477477477,6.7027027027027,999,6.5995995995996
103,895,5.77669902912621,6.69832402234637,998,6.60320641282565
103,894,5.78640776699029,6.69686800894855,997,6.60280842527583
104,893,5.79807692307692,6.69988801791713,997,6.60581745235707
104,895,5.77884615384615,6.70837988826816,999,6.61161161161161
101,897,5.76237623762376,6.70122630992196,998,6.6062124248497
96,903,5.77083333333333,6.69324473975637,999,6.6046046046046
92,906,5.78260869565217,6.70640176600442,998,6.62124248496994
94,905,5.79787234042553,6.71381215469613,999,6.62762762762763
93,903,5.7741935483871,6.70542635658915,996,6.61847389558233
91,907,5.78021978021978,6.70672546857773,998,6.62224448897796
87,911,5.7816091954023,6.71130625686059,998,6.63026052104208
87,912,5.80459770114942,6.71052631578947,999,6.63163163163163
81,916,5.80246913580247,6.70960698689956,997,6.63590772316951
79,919,5.79746835443038,6.71817192600653,998,6.64529058116232
80,919,5.775,6.72143634385201,999,6.64564564564565
78,921,5.79487179487179,6.72204125950054,999,6.64964964964965
86,913,5.82558139534884,6.73384446878423,999,6.65565565565566
85,913,5.84705882352941,6.73822562979189,998,6.6623246492986
82,916,5.81707317073171,6.73689956331878,998,6.66132264529058
79,920,5.83544303797468,6.74565217391304,999,6.67367367367367
83,915,5.83132530120482,6.74098360655738,998,6.66533066132265
82,917,5.82926829268293,6.72846237731734,999,6.65465465465465
88,911,5.81818181818182,6.7211855104281,999,6.64164164164164
91,908,5.81318681318681,6.72026431718062,999,6.63763763763764
88,911,5.81818181818182,6.7178924259056,999,6.63863863863864
81,918,5.81481481481481,6.72004357298475,999,6.64664664664665
85,914,5.8,6.7199124726477,999,6.64164164164164
82,916,5.79268292682927,6.72707423580786,998,6.6503006012024
81,918,5.81481481481481,6.73529411764706,999,6.66066066066066
80,919,5.8,6.73667029379761,999,6.66166166166166
82,917,5.80487804878049,6.73936750272628,999,6.66266266266266
81,917,5.79012345679012,6.72191930207197,998,6.64629258517034
77,921,5.80519480519481,6.72964169381108,998,6.65831663326653
69,930,5.82608695652174,6.7505376344086,999,6.68668668668669
68,931,5.82352941176471,6.75510204081633,999,6.69169169169169
64,934,5.796875,6.75374732334047,998,6.69238476953908
67,932,5.85074626865672,6.77145922746781,999,6.70970970970971
64,934,5.859375,6.77301927194861,998,6.71442885771543
63,935,5.84126984126984,6.78181818181818,998,6.72244488977956
64,935,5.859375,6.78395721925134,999,6.72472472472472
70,929,5.85714285714286,6.78148546824543,999,6.71671671671672
66,933,5.86363636363636,6.78456591639871,999,6.72372372372372
66,933,5.86363636363636,6.77170418006431,999,6.71171171171171
62,937,5.85483870967742,6.78228388473853,999,6.72472472472472
64,935,5.84375,6.77967914438503,999,6.71971971971972
63,935,5.84126984126984,6.77112299465241,998,6.7124248496994
62,936,5.80645161290323,6.77029914529915,998,6.71042084168337
68,931,5.79411764705882,6.77228786251343,999,6.70570570570571
65,934,5.76923076923077,6.76980728051392,999,6.7047047047047
62,937,5.7741935483871,6.77054429028815,999,6.70870870870871
59,940,5.74576271186441,6.77765957446809,999,6.71671671671672
60,938,5.73333333333333,6.77931769722815,998,6.71643286573146
57,941,5.71929824561404,6.78002125398512,998,6.71943887775551
54,944,5.7037037037037,6.78601694915254,998,6.72745490981964
48,951,5.6875,6.79495268138801,999,6.74174174174174
50,947,5.64,6.7909186906019,997,6.73319959879639
47,951,5.68085106382979,6.80021030494217,998,6.74749498997996
42,957,5.66666666666667,6.79728317659352,999,6.74974974974975
44,954,5.68181818181818,6.79140461215933,998,6.74248496993988
47,952,5.68085106382979,6.78991596638655,999,6.73773773773774
45,953,5.73333333333333,6.79328436516264,998,6.74549098196393
46,953,5.71739130434783,6.79643231899265,999,6.74674674674675
48,949,5.75,6.78714436248683,997,6.73721163490471
51,947,5.72549019607843,6.79619852164731,998,6.74148296593186
53,944,5.71698113207547,6.79555084745763,997,6.7382146439318
54,944,5.74074074074074,6.79237288135593,998,6.73547094188377
52,946,5.75,6.80021141649049,998,6.74549098196393
54,944,5.74074074074074,6.80084745762712,998,6.7434869739479
55,943,5.74545454545455,6.78685047720042,998,6.72945891783567
58,941,5.72413793103448,6.78320935175345,999,6.72172172172172
58,941,5.75862068965517,6.79171094580234,999,6.73173173173173
55,943,5.76363636363636,6.79533404029692,998,6.73847695390782
54,945,5.77777777777778,6.7957671957672,999,6.74074074074074
51,947,5.7843137254902,6.79197465681098,998,6.74048096192385
52,947,5.80769230769231,6.79831045406547,999,6.74674674674675
53,946,5.81132075471698,6.78964059196617,999,6.73773773773774
55,944,5.8,6.79131355932203,999,6.73673673673674
52,947,5.84615384615385,6.80359028511088,999,6.75375375375375
54,945,5.87037037037037,6.80634920634921,999,6.75575575575576
54,945,5.85185185185185,6.81058201058201,999,6.75875875875876
53,945,5.84905660377358,6.81269841269841,998,6.76152304609218
56,941,5.83928571428571,6.807651434644,997,6.75325977933801
56,943,5.82142857142857,6.80805938494168,999,6.75275275275275
52,946,5.84615384615385,6.8107822410148,998,6.76052104208417
51,948,5.84313725490196,6.80907172995781,999,6.75975975975976
49,949,5.81632653061224,6.81032665964173,998,6.76152304609218
48,949,5.8125,6.80505795574289,997,6.75727181544634
49,946,5.79591836734694,6.82029598308668,995,6.76984924623116
48,949,5.8125,6.81348788198103,997,6.76529588766299
50,949,5.82,6.80821917808219,999,6.75875875875876
47,951,5.85106382978723,6.81072555205047,998,6.76553106212425
50,947,5.86,6.8078141499472,997,6.76028084252758
51,947,5.86274509803922,6.80992608236536,998,6.76152304609218
52,946,5.88461538461539,6.81183932346723,998,6.76352705410822
49,950,5.87755102040816,6.81473684210526,999,6.76876876876877
53,946,5.86792452830189,6.82029598308668,999,6.76976976976977
53,945,5.88679245283019,6.81164021164021,998,6.7625250501002
51,947,5.86274509803922,6.81414994720169,998,6.76553106212425
46,952,5.8695652173913,6.8172268907563,998,6.77354709418838
47,951,5.82978723404255,6.81808622502629,998,6.77154308617235
48,950,5.83333333333333,6.82,998,6.77254509018036
45,952,5.8,6.82247899159664,997,6.77632898696088
48,950,5.8125,6.83473684210526,998,6.78557114228457
47,950,5.76595744680851,6.82842105263158,997,6.77833500501505
49,949,5.77551020408163,6.82929399367756,998,6.77755511022044
49,950,5.77551020408163,6.82,999,6.76876876876877
49,950,5.77551020408163,6.8221052631579,999,6.77077077077077
46,953,5.73913043478261,6.82266526757608,999,6.77277277277277
50,948,5.76,6.82383966244726,998,6.77054108216433
51,948,5.76470588235294,6.82067510548523,999,6.76676676676677
46,951,5.78260869565217,6.8254468980021,997,6.77733199598796
48,951,5.77083333333333,6.8286014721346,999,6.77777777777778
47,952,5.80851063829787,6.83823529411765,999,6.78978978978979
43,956,5.76744186046512,6.83682008368201,999,6.79079079079079
43,956,5.76744186046512,6.83682008368201,999,6.79079079079079
44,954,5.77272727272727,6.83018867924528,998,6.78356713426854
39,960,5.76923076923077,6.82708333333333,999,6.78578578578579
39,960,5.74358974358974,6.821875,999,6.77977977977978
42,956,5.73809523809524,6.82112970711297,998,6.77555110220441
43,955,5.72093023255814,6.82931937172775,998,6.7815631262525
41,958,5.78048780487805,6.83507306889353,999,6.79179179179179
40,959,5.775,6.83628779979145,999,6.79379379379379
38,959,5.78947368421053,6.83941605839416,997,6.79939819458375
36,963,5.80555555555556,6.83281412253375,999,6.7957957957958
33,965,5.78787878787879,6.83626943005181,998,6.80160320641283
34,964,5.82352941176471,6.83817427385892,998,6.80360721442886
33,964,5.81818181818182,6.84439834024896,997,6.81043129388164
31,967,5.80645161290323,6.84694932781799,998,6.81462925851703
35,964,5.82857142857143,6.8454356846473,999,6.80980980980981
34,964,5.82352941176471,6.84232365145228,998,6.80761523046092
33,963,5.84848484848485,6.84942886812046,996,6.81626506024096
30,967,5.86666666666667,6.85211995863495,997,6.82246740220662
32,967,5.90625,6.84384694932782,999,6.81381381381381
29,968,5.89655172413793,6.85537190082645,997,6.82748244734203
30,969,5.86666666666667,6.86274509803922,999,6.83283283283283
35,964,5.91428571428571,6.85269709543568,999,6.81981981981982
31,966,5.90322580645161,6.8695652173913,997,6.839518555667
31,968,5.90322580645161,6.875,999,6.84484484484484
33,966,5.90909090909091,6.88095238095238,999,6.84884884884885
30,967,5.93333333333333,6.87693898655636,997,6.84854563691073
27,971,5.96296296296296,6.88156539649846,998,6.85671342685371
26,973,5.96153846153846,6.87564234326824,999,6.85185185185185
25,973,5.96,6.88078108941418,998,6.85771543086172
22,977,5.95454545454545,6.88331627430911,999,6.86286286286286
21,978,5.95238095238095,6.89161554192229,999,6.87187187187187
23,975,5.95652173913043,6.8974358974359,998,6.87575150300601
23,976,5.95652173913043,6.89651639344262,999,6.87487487487487
21,978,5.95238095238095,6.91002044989775,999,6.88988988988989
19,979,5.89473684210526,6.90806945863126,998,6.88877755511022
21,977,5.90476190476191,6.90685772773797,998,6.88577154308617
20,979,5.9,6.91011235955056,999,6.88988988988989
22,977,5.90909090909091,6.91299897645855,999,6.89089089089089
23,975,5.8695652173913,6.90358974358974,998,6.87975951903808
23,976,5.8695652173913,6.9016393442623,999,6.87787787787788
22,977,5.86363636363636,6.90992835209826,999,6.88688688688689
23,974,5.8695652173913,6.91170431211499,997,6.8876629889669
26,972,5.84615384615385,6.90740740740741,998,6.87975951903808
24,975,5.83333333333333,6.90461538461538,999,6.87887887887888
27,972,5.88888888888889,6.90946502057613,999,6.88188188188188
26,972,5.92307692307692,6.90329218106996,998,6.87775551102204
24,975,5.91666666666667,6.90769230769231,999,6.88388388388388
24,973,5.91666666666667,6.90955806783145,997,6.88565697091274
26,972,5.92307692307692,6.91666666666667,998,6.89078156312625
25,974,5.92,6.91581108829569,999,6.89089089089089
23,976,5.91304347826087,6.91803278688525,999,6.89489489489489
25,974,5.88,6.92197125256673,999,6.8958958958959
24,975,5.875,6.92,999,6.89489489489489
24,973,5.875,6.91880781089414,997,6.89368104312939
25,974,5.88,6.92197125256673,999,6.8958958958959
27,971,5.85185185185185,6.91555097837281,998,6.88677354709419
24,975,5.875,6.92,999,6.89489489489489
25,974,5.88,6.92197125256673,999,6.8958958958959
26,972,5.92307692307692,6.91460905349794,998,6.88877755511022
26,971,5.88461538461539,6.91143151390319,997,6.88465396188566
24,975,5.875,6.91384615384615,999,6.88888888888889
26,973,5.88461538461539,6.91983556012333,999,6.89289289289289
24,974,5.875,6.92094455852156,998,6.89579158316633
23,976,5.82608695652174,6.92315573770492,999,6.8978978978979
24,974,5.83333333333333,6.92402464065708,998,6.89779559118236
25,971,5.84,6.92276004119464,996,6.89558232931727
21,975,5.80952380952381,6.92307692307692,996,6.8995983935743
18,981,5.77777777777778,6.91743119266055,999,6.8968968968969
21,978,5.76190476190476,6.92024539877301,999,6.8958958958959
21,976,5.76190476190476,6.92520491803279,997,6.90070210631896
19,980,5.78947368421053,6.92959183673469,999,6.90790790790791
21,978,5.85714285714286,6.93047034764826,999,6.90790790790791
22,976,5.81818181818182,6.92827868852459,998,6.90380761523046
17,981,5.82352941176471,6.92558613659531,998,6.90681362725451
16,983,5.875,6.93489318413021,999,6.91791791791792
18,981,5.88888888888889,6.93068297655454,999,6.91191191191191
19,977,5.84210526315789,6.93346980552712,996,6.91265060240964
19,979,5.84210526315789,6.93769152196118,998,6.91683366733467
19,980,5.89473684210526,6.93775510204082,999,6.91791791791792
19,978,5.89473684210526,6.93762781186094,997,6.91775325977934
19,979,5.84210526315789,6.93360572012257,998,6.91282565130261
17,981,5.88235294117647,6.93985728848114,998,6.92184368737475
19,979,5.89473684210526,6.9438202247191,998,6.92384769539078
18,978,5.94444444444444,6.94069529652352,996,6.92269076305221
21,978,5.95238095238095,6.94069529652352,999,6.91991991991992
22,977,5.95454545454545,6.93858751279427,999,6.91691691691692
19,980,5.94736842105263,6.93673469387755,999,6.91791791791792
21,978,5.95238095238095,6.93251533742331,999,6.91191191191191
24,973,5.95833333333333,6.93319630010278,997,6.90972918756269
23,976,5.95652173913043,6.9344262295082,999,6.91191191191191
22,975,5.95454545454545,6.9374358974359,997,6.91574724172518
23,975,5.95652173913043,6.93641025641026,998,6.91382765531062
23,976,5.95652173913043,6.93647540983607,999,6.91391391391391
23,976,5.95652173913043,6.93545081967213,999,6.91291291291291
27,971,5.96296296296296,6.9340885684861,998,6.90781563126253
26,970,5.96153846153846,6.9319587628866,996,6.9066265060241
24,975,5.95833333333333,6.93128205128205,999,6.90790790790791
23,975,5.95652173913043,6.93230769230769,998,6.90981963927856
24,975,5.95833333333333,6.93230769230769,999,6.90890890890891
25,974,5.96,6.93634496919918,999,6.91191191191191
25,974,5.96,6.9394250513347,999,6.91491491491491
27,970,5.96296296296296,6.94226804123711,997,6.91574724172518
25,974,5.96,6.9476386036961,999,6.92292292292292
22,977,5.95454545454545,6.94575230296827,999,6.92392392392392
24,975,5.95833333333333,6.94358974358974,999,6.91991991991992
24,974,5.95833333333333,6.94558521560575,998,6.92184368737475
24,974,5.95833333333333,6.94455852156057,998,6.92084168336673
27,972,5.96296296296296,6.93930041152263,999,6.91291291291291
28,971,5.96428571428571,6.93820803295572,999,6.91091091091091
27,972,5.96296296296296,6.93930041152263,999,6.91291291291291
26,971,5.96153846153846,6.93923789907312,997,6.91374122367101
28,971,5.96428571428571,6.93717816683831,999,6.90990990990991
27,972,5.96296296296296,6.93621399176955,999,6.90990990990991
26,973,5.92307692307692,6.93730729701953,999,6.91091091091091
28,970,5.92857142857143,6.9360824742268,998,6.90781563126253
31,965,5.93548387096774,6.93886010362694,996,6.90763052208835
29,966,5.93103448275862,6.93788819875776,995,6.90854271356784
30,969,5.9,6.93704850361197,999,6.90590590590591
31,965,5.90322580645161,6.93264248704663,996,6.90060240963855
33,966,5.93939393939394,6.94202898550725,999,6.90890890890891
29,970,5.93103448275862,6.93814432989691,999,6.90890890890891
32,964,5.96875,6.93879668049793,996,6.90763052208835
31,968,5.96774193548387,6.93904958677686,999,6.90890890890891
30,969,5.96666666666667,6.9453044375645,999,6.91591591591592
27,972,5.96296296296296,6.94958847736626,999,6.92292292292292
24,975,5.95833333333333,6.9425641025641,999,6.91891891891892
23,974,5.95652173913043,6.94250513347023,997,6.9197592778335
20,978,5.95,6.94376278118609,998,6.92384769539078
21,978,5.95238095238095,6.94171779141104,999,6.92092092092092
22,976,5.95454545454545,6.94467213114754,998,6.92284569138277
21,978,6.0,6.94580777096114,999,6.92592592592593
22,975,6.0,6.94461538461538,997,6.92377131394183
22,977,6.0,6.93858751279427,999,6.91791791791792
21,977,6.0,6.94063459570113,998,6.92084168336673
23,973,6.0,6.9393627954779,996,6.91767068273092
23,976,6.0,6.94262295081967,999,6.92092092092092
21,976,6.0,6.94569672131148,997,6.92577733199599
20,978,6.0,6.9478527607362,998,6.92885771543086
21,976,6.0,6.94877049180328,997,6.92878635907723
20,978,6.0,6.94683026584867,998,6.92785571142285
20,979,6.0,6.94279877425945,999,6.92392392392392
20,978,6.0,6.93967280163599,998,6.92084168336673
20,979,6.0,6.93667007150153,999,6.91791791791792
21,978,6.0,6.93865030674847,999,6.91891891891892
23,975,6.0,6.94051282051282,998,6.9188376753507
22,975,6.0,6.94051282051282,997,6.9197592778335
21,977,6.0,6.94472876151484,998,6.9248496993988
21,978,6.0,6.94376278118609,999,6.92392392392392
21,978,6.0,6.94069529652352,999,6.92092092092092
21,978,6.0,6.93660531697341,999,6.91691691691692
16,983,6.0,6.93184130213632,999,6.91691691691692
15,983,6.0,6.93896236012208,998,6.9248496993988
14,984,6.0,6.9400406504065,998,6.92685370741483
14,984,6.0,6.9369918699187,998,6.92384769539078
13,986,6.0,6.93914807302231,999,6.92692692692693
13,986,6.0,6.94016227180527,999,6.92792792792793
11,987,6.0,6.94224924012158,998,6.93186372745491
12,986,6.0,6.94016227180527,998,6.92885771543086
11,988,6.0,6.93927125506073,999,6.92892892892893
9,989,6.0,6.94337714863499,998,6.93486973947896
7,992,6.0,6.94354838709677,999,6.93693693693694
7,992,6.0,6.94657258064516,999,6.93993993993994
7,991,6.0,6.94450050454087,998,6.93787575150301
6,993,6.0,6.9436052366566,999,6.93793793793794
5,993,6.0,6.9436052366566,998,6.93887775551102
6,992,6.0,6.94153225806452,998,6.93587174348697
6,992,6.0,6.9375,998,6.93186372745491
6,993,6.0,6.93152064451158,999,6.92592592592593
5,994,6.0,6.93561368209255,999,6.93093093093093
5,993,6.0,6.93554884189325,998,6.93086172344689
5,992,6.0,6.9375,997,6.93279839518556
7,992,6.0,6.93850806451613,999,6.93193193193193
7,990,6.0,6.94444444444444,997,6.93781344032096
7,992,6.0,6.94657258064516,999,6.93993993993994
8,990,6.0,6.94747474747475,998,6.93987975951904
8,990,6.0,6.94444444444444,998,6.93687374749499
8,989,6.0,6.94438827098079,997,6.93681043129388
8,990,6.0,6.94949494949495,998,6.94188376753507
8,990,6.0,6.95050505050505,998,6.94288577154309
7,990,6.0,6.94646464646465,997,6.93981945837513
8,991,6.0,6.95156407669021,999,6.94394394394394
9,989,6.0,6.95146612740142,998,6.94288577154309
10,986,6.0,6.95436105476673,996,6.94477911646586
6,993,6.0,6.95468277945619,999,6.94894894894895
5,992,6.0,6.94959677419355,997,6.94483450351053
5,994,6.0,6.95171026156942,999,6.94694694694695
4,995,6.0,6.95075376884422,999,6.94694694694695
4,995,6.0,6.94673366834171,999,6.94294294294294
4,995,6.0,6.94773869346734,999,6.94394394394394
4,994,6.0,6.95171026156942,998,6.94789579158317
4,995,6.0,6.95276381909548,999,6.94894894894895
4,994,6.0,6.95271629778672,998,6.94889779559118
4,995,6.0,6.95376884422111,999,6.94994994994995
4,995,6.0,6.95376884422111,999,6.94994994994995
5,994,6.0,6.95070422535211,999,6.94594594594595
6,993,6.0,6.9496475327291,999,6.94394394394394
5,992,6.0,6.94758064516129,997,6.94282848545637
4,995,6.0,6.94472361809045,999,6.94094094094094
5,994,6.0,6.94366197183099,999,6.93893893893894
5,993,6.0,6.94662638469285,998,6.94188376753507
4,995,6.0,6.95075376884422,999,6.94694694694695
4,995,6.0,6.94974874371859,999,6.94594594594595
4,995,6.0,6.94773869346734,999,6.94394394394394
4,993,6.0,6.94864048338369,997,6.94483450351053
4,994,6.0,6.9486921529175,998,6.94488977955912
4,995,6.0,6.94673366834171,999,6.94294294294294
3,995,6.0,6.94472361809045,998,6.94188376753507
3,996,6.0,6.94779116465863,999,6.94494494494494
3,995,6.0,6.94673366834171,998,6.9438877755511
3,996,6.0,6.94377510040161,999,6.94094094094094
3,996,6.0,6.94979919678715,999,6.94694694694695
2,996,6.0,6.95281124497992,998,6.95090180360721
1,997,6.0,6.94984954864594,998,6.94889779559118
1,997,6.0,6.95285857572718,998,6.95190380761523
1,998,6.0,6.95090180360721,999,6.94994994994995
1,997,6.0,6.95386158475426,998,6.95290581162325
1,997,6.0,6.95285857572718,998,6.95190380761523
1,996,6.0,6.95783132530121,997,6.95687061183551
1,997,6.0,6.95386158475426,998,6.95290581162325
1,998,6.0,6.95390781563126,999,6.95295295295295
1,996,6.0,6.95582329317269,997,6.95486459378134
2,997,6.0,6.95687061183551,999,6.95495495495495
2,995,6.0,6.95477386934673,997,6.95285857572718
2,997,6.0,6.96088264794383,999,6.95895895895896
3,995,6.0,6.96482412060301,998,6.96192384769539
3,996,6.0,6.96285140562249,999,6.95995995995996
3,996,6.0,6.964859437751,999,6.96196196196196
3,996,6.0,6.96686746987952,999,6.96396396396396
4,995,6.0,6.96381909547739,999,6.95995995995996
4,995,6.0,6.96482412060301,999,6.96096096096096
2,997,6.0,6.96589769307924,999,6.96396396396396
2,996,6.0,6.96987951807229,998,6.96793587174349
2,996,6.0,6.96887550200803,998,6.96693386773547
1,998,6.0,6.96693386773547,999,6.96596596596597
1,998,6.0,6.96593186372746,999,6.96496496496496
1,995,6.0,6.9608040201005,996,6.95983935742972
1,997,6.0,6.95987963891675,998,6.95891783567134
1,998,6.0,6.96092184368737,999,6.95995995995996
1,997,6.0,6.95787362086259,998,6.95691382765531
1,996,6.0,6.96084337349398,997,6.95987963891675
1,998,6.0,6.96092184368737,999,6.95995995995996
2,995,6.0,6.95879396984925,997,6.95687061183551
0,998,NaN,6.96092184368737,998,6.96092184368737
0,998,NaN,6.95991983967936,998,6.95991983967936
0,998,NaN,6.96292585170341,998,6.96292585170341
0,997,NaN,6.96088264794383,997,6.96088264794383
0,997,NaN,6.96489468405216,997,6.96489468405216
0,998,NaN,6.96693386773547,998,6.96693386773547
0,998,NaN,6.96793587174349,998,6.96793587174349
0,997,NaN,6.97091273821464,997,6.97091273821464
0,998,NaN,6.97294589178357,998,6.97294589178357
0,998,NaN,6.97294589178357,998,6.97294589178357
0,998,NaN,6.97194388777555,998,6.97194388777555
0,996,NaN,6.97690763052209,996,6.97690763052209
0,999,NaN,6.97797797797798,999,6.97797797797798
0,999,NaN,6.97797797797798,999,6.97797797797798
0,999,NaN,6.97797797797798,999,6.97797797797798
0,999,NaN,6.97797797797798,999,6.97797797797798
0,998,NaN,6.97595190380762,998,6.97595190380762
0,999,NaN,6.97597597597598,999,6.97597597597598
0,999,NaN,6.97497497497497,999,6.97497497497497
0,999,NaN,6.97397397397397,999,6.97397397397397
0,998,NaN,6.97294589178357,998,6.97294589178357
0,999,NaN,6.97397397397397,999,6.97397397397397
0,998,NaN,6.97094188376754,998,6.97094188376754
0,997,NaN,6.97592778335005,997,6.97592778335005
0,998,NaN,6.97595190380762,998,6.97595190380762
0,999,NaN,6.97697697697698,999,6.97697697697698
0,999,NaN,6.97597597597598,999,6.97597597597598
0,999,NaN,6.97697697697698,999,6.97697697697698
0,998,NaN,6.97695390781563,998,6.97695390781563
0,999,NaN,6.97597597597598,999,6.97597597597598
0,998,NaN,6.97194388777555,998,6.97194388777555
0,997,NaN,6.97392176529589,997,6.97392176529589
0,999,NaN,6.97297297297297,999,6.97297297297297
0,999,NaN,6.97097097097097,999,6.97097097097097
0,998,NaN,6.96993987975952,998,6.96993987975952
0,998,NaN,6.9689378757515,998,6.9689378757515
0,999,NaN,6.97097097097097,999,6.97097097097097
0,999,NaN,6.97297297297297,999,6.97297297297297
0,999,NaN,6.97197197197197,999,6.97197197197197
0,999,NaN,6.97397397397397,999,6.97397397397397
0,999,NaN,6.97397397397397,999,6.97397397397397
0,997,NaN,6.97793380140421,997,6.97793380140421
0,999,NaN,6.97497497497497,999,6.97497497497497
0,999,NaN,6.97397397397397,999,6.97397397397397
0,999,NaN,6.97297297297297,999,6.97297297297297
0,999,NaN,6.97197197197197,999,6.97197197197197
0,999,NaN,6.96896896896897,999,6.96896896896897
0,997,NaN,6.96990972918756,997,6.96990972918756
0,998,NaN,6.96793587174349,998,6.96793587174349
0,999,NaN,6.96696696696697,999,6.96696696696697
0,999,NaN,6.96696696696697,999,6.96696696696697
0,996,NaN,6.96686746987952,996,6.96686746987952
0,996,NaN,6.96586345381526,996,6.96586345381526
0,999,NaN,6.96496496496496,999,6.96496496496496
0,999,NaN,6.96596596596597,999,6.96596596596597
0,997,NaN,6.96389167502508,997,6.96389167502508
0,999,NaN,6.96296296296296,999,6.96296296296296
0,999,NaN,6.96796796796797,999,6.96796796796797
0,998,NaN,6.96793587174349,998,6.96793587174349
0,999,NaN,6.95995995995996,999,6.95995995995996
0,997,NaN,6.96489468405216,997,6.96489468405216
0,997,NaN,6.96288866599799,997,6.96288866599799
0,999,NaN,6.96296296296296,999,6.96296296296296
0,999,NaN,6.96296296296296,999,6.96296296296296
0,999,NaN,6.96496496496496,999,6.96496496496496
0,997,NaN,6.96990972918756,997,6.96990972918756
0,998,NaN,6.96993987975952,998,6.96993987975952
0,998,NaN,6.96993987975952,998,6.96993987975952
0,999,NaN,6.96996996996997,999,6.96996996996997
0,999,NaN,6.96996996996997,999,6.96996996996997
0,997,NaN,6.97091273821464,997,6.97091273821464
0,999,NaN,6.96996996996997,999,6.96996996996997
0,999,NaN,6.96796796796797,999,6.96796796796797
0,999,NaN,6.96796796796797,999,6.96796796796797
0,997,NaN,6.96990972918756,997,6.96990972918756
0,999,NaN,6.97297297297297,999,6.97297297297297
0,998,NaN,6.97194388777555,998,6.97194388777555
0,998,NaN,6.97294589178357,998,6.97294589178357
0,998,NaN,6.97294589178357,998,6.97294589178357
0,998,NaN,6.96993987975952,998,6.96993987975952
0,999,NaN,6.96996996996997,999,6.96996996996997
0,999,NaN,6.96696696696697,999,6.96696696696697
0,997,NaN,6.96489468405216,997,6.96489468405216
0,999,NaN,6.96596596596597,999,6.96596596596597
0,999,NaN,6.96696696696697,999,6.96696696696697
0,999,NaN,6.96796796796797,999,6.96796796796797
0,997,NaN,6.96890672016048,997,6.96890672016048
0,999,NaN,6.96996996996997,999,6.96996996996997
0,998,NaN,6.9749498997996,998,6.9749498997996
0,998,NaN,6.97394789579158,998,6.97394789579158
0,999,NaN,6.97597597597598,999,6.97597597597598
0,998,NaN,6.97595190380762,998,6.97595190380762
0,997,NaN,6.97693079237713,997,6.97693079237713
0,999,NaN,6.97797797797798,999,6.97797797797798
0,999,NaN,6.97897897897898,999,6.97897897897898
0,999,NaN,6.98298298298298,999,6.98298298298298
0,997,NaN,6.98294884653962,997,6.98294884653962
0,998,NaN,6.98096192384769,998,6.98096192384769
0,999,NaN,6.97897897897898,999,6.97897897897898
0,999,NaN,6.98398398398398,999,6.98398398398398
0,998,NaN,6.98396793587174,998,6.98396793587174
0,998,NaN,6.98396793587174,998,6.98396793587174
0,997,NaN,6.9839518555667,997,6.9839518555667
0,998,NaN,6.98396793587174,998,6.98396793587174
0,996,NaN,6.98795180722892,996,6.98795180722892
0,999,NaN,6.98898898898899,999,6.98898898898899
0,999,NaN,6.98798798798799,999,6.98798798798799
0,997,NaN,6.99097291875627,997,6.99097291875627
0,997,NaN,6.99097291875627,997,6.99097291875627
0,999,NaN,6.99099099099099,999,6.99099099099099
0,999,NaN,6.98998998998999,999,6.98998998998999
0,999,NaN,6.98998998998999,999,6.98998998998999
0,998,NaN,6.99098196392786,998,6.99098196392786
0,996,NaN,6.99497991967872,996,6.99497991967872
0,999,NaN,6.99299299299299,999,6.99299299299299
0,999,NaN,6.99299299299299,999,6.99299299299299
0,999,NaN,6.99299299299299,999,6.99299299299299
0,998,NaN,6.99298597194389,998,6.99298597194389
0,998,NaN,6.99098196392786,998,6.99098196392786
0,999,NaN,6.98998998998999,999,6.98998998998999
0,999,NaN,6.98998998998999,999,6.98998998998999
0,999,NaN,6.98998998998999,999,6.98998998998999
0,999,NaN,6.98898898898899,999,6.98898898898899
0,999,NaN,6.98798798798799,999,6.98798798798799
0,998,NaN,6.98797595190381,998,6.98797595190381
0,999,NaN,6.98798798798799,999,6.98798798798799
0,997,NaN,6.98495486459378,997,6.98495486459378
0,999,NaN,6.98998998998999,999,6.98998998998999
0,999,NaN,6.98998998998999,999,6.98998998998999
0,999,NaN,6.99299299299299,999,6.99299299299299
0,999,NaN,6.99299299299299,999,6.99299299299299
0,998,NaN,6.99198396793587,998,6.99198396793587
0,997,NaN,6.99197592778335,997,6.99197592778335
0,999,NaN,6.99299299299299,999,6.99299299299299
0,998,NaN,6.99298597194389,998,6.99298597194389
0,999,NaN,6.99399399399399,999,6.99399399399399
0,999,NaN,6.99499499499499,999,6.99499499499499
0,998,NaN,6.99498997995992,998,6.99498997995992
0,998,NaN,6.99699398797595,998,6.99699398797595
0,999,NaN,6.996996996997,999,6.996996996997
0,999,NaN,6.99499499499499,999,6.99499499499499
0,998,NaN,6.99498997995992,998,6.99498997995992
0,999,NaN,6.99499499499499,999,6.99499499499499
0,995,NaN,6.99497487437186,995,6.99497487437186
0,999,NaN,6.99299299299299,999,6.99299299299299
0,999,NaN,6.99499499499499,999,6.99499499499499
0,995,NaN,6.99497487437186,995,6.99497487437186
0,996,NaN,6.99497991967872,996,6.99497991967872
0,999,NaN,6.99499499499499,999,6.99499499499499
0,999,NaN,6.99199199199199,999,6.99199199199199
0,998,NaN,6.99298597194389,998,6.99298597194389
0,997,NaN,6.99297893681043,997,6.99297893681043
0,998,NaN,6.99298597194389,998,6.99298597194389
0,999,NaN,6.99099099099099,999,6.99099099099099
0,998,NaN,6.99098196392786,998,6.99098196392786
0,999,NaN,6.99099099099099,999,6.99099099099099
0,999,NaN,6.99299299299299,999,6.99299299299299
0,999,NaN,6.99099099099099,999,6.99099099099099
0,998,NaN,6.99298597194389,998,6.99298597194389
0,997,NaN,6.99498495486459,997,6.99498495486459
0,999,NaN,6.99499499499499,999,6.99499499499499
0,998,NaN,6.99699398797595,998,6.99699398797595
0,998,NaN,6.99699398797595,998,6.99699398797595
0,999,NaN,6.996996996997,999,6.996996996997
0,997,NaN,6.99699097291876,997,6.99699097291876
0,999,NaN,6.996996996997,999,6.996996996997
0,999,NaN,6.99499499499499,999,6.99499499499499
0,996,NaN,6.99497991967872,996,6.99497991967872
0,998,NaN,6.99699398797595,998,6.99699398797595
0,999,NaN,6.996996996997,999,6.996996996997
0,997,NaN,6.99699097291876,997,6.99699097291876
0,999,NaN,6.998998998999,999,6.998998998999
0,999,NaN,7.0,999,7.0
0,998,NaN,7.0,998,7.0
0,999,NaN,7.0,999,7.0
0,998,NaN,7.0,998,7.0
0,998,NaN,7.0,998,7.0
0,998,NaN,7.0,998,7.0
0,999,NaN,7.0,999,7.0
0,998,NaN,7.0,998,7.0
0,998,NaN,7.0,998,7.0
0,999,NaN,7.0,999,7.0
0,998,NaN,7.0,998,7.0
0,996,NaN,7.0,996,7.0
0,998,NaN,7.0,998,7.0
0,998,NaN,7.0,998,7.0
0,998,NaN,7.0,998,7.0
0,999,NaN,7.0,999,7.0
0,999,NaN,7.0,999,7.0
0,999,NaN,7.0,999,7.0
0,998,NaN,7.0,998,7.0
0,999,NaN,7.0,999,7.0
0,999,NaN,7.0,999,7.0
0,996,NaN,7.0,996,7.0
0,997,NaN,7.0,997,7.0
0,999,NaN,7.0,999,7.0
0,999,NaN,7.0,999,7.0
0,999,NaN,7.0,999,7.0
0,998,NaN,7.0,998,7.0
0,998,NaN,7.0,998,7.0
0,997,NaN,7.0,997,7.0
0,998,NaN,7.0,998,7.0
0,999,NaN,7.0,999,7.0
0,998,NaN,7.0,998,7.0
0,999,NaN,7.0,999,7.0
0,997,NaN,7.0,997,7.0
0,997,NaN,7.0,997,7.0
0,998,NaN,7.0,998,7.0
0,998,NaN,7.0,998,7.0
0,998,NaN,7.0,998,7.0
0,997,NaN,7.0,997,7.0
0,999,NaN,7.0,999,7.0
0,999,NaN,7.0,999,7.0
0,998,NaN,7.0,998,7.0
0,999,NaN,7.0,999,7.0
0,999,NaN,7.0,999,7.0
0,998,NaN,7.0,998,7.0
0,999,NaN,7.0,999,7.0
0,999,NaN,7.0,999,7.0
0,999,NaN,7.0,999,7.0
0,999,NaN,7.0,999,7.0
0,999,NaN,7.0,999,7.0
0,999,NaN,7.0,999,7.0
0,999,NaN,7.0,999,7.0
0,999,NaN,7.0,999,7.0
0,998,NaN,7.0,998,7.0
0,997,NaN,7.0,997,7.0
0,997,NaN,7.0,997,7.0
0,998,NaN,7.0,998,7.0
0,997,NaN,7.0,997,7.0
0,997,NaN,7.0,997,7.0
0,999,NaN,7.0,999,7.0
0,999,NaN,7.0,999,7.0
0,996,NaN,7.0,996,7.0
0,999,NaN,7.0,999,7.0
0,998,NaN,7.0,998,7.0
0,999,NaN,7.0,999,7.0
0,998,NaN,7.0,998,7.0
0,998,NaN,7.0,998,7.0
0,998,NaN,7.0,998,7.0
0,999,NaN,7.0,999,7.0
0,999,NaN,7.0,999,7.0
0,998,NaN,7.0,998,7.0
0,998,NaN,7.0,998,7.0
0,999,NaN,7.0,999,7.0
0,998,NaN,7.0,998,7.0
0,999,NaN,7.0,999,7.0
0,999,NaN,7.0,999,7.0
0,999,NaN,7.0,999,7.0
0,999,NaN,7.0,999,7.0
0,999,NaN,7.0,999,7.0
0,999,NaN,7.0,999,7.0
0,997,NaN,7.0,997,7.0
0,999,NaN,7.0,999,7.0
0,999,NaN,7.0,999,7.0
0,999,NaN,7.0,999,7.0
0,999,NaN,7.0,999,7.0
0,999,NaN,7.0,999,7.0
0,996,NaN,7.0,996,7.0
0,998,NaN,7.0,998,7.0
0,997,NaN,7.0,997,7.0
0,998,NaN,7.0,998,7.0
0,999,NaN,7.0,999,7.0
0,999,NaN,7.0,999,7.0
0,999,NaN,7.0,999,7.0
0,999,NaN,7.0,999,7.0
0,998,NaN,7.0,998,7.0
0,998,NaN,7.0,998,7.0
0,999,NaN,7.0,999,7.0
0,994,NaN,7.0,994,7.0
0,999,NaN,7.0,999,7.0
0,999,NaN,7.0,999,7.0
0,998,NaN,7.0,998,7.0
0,999,NaN,7.0,999,7.0
0,999,NaN,7.0,999,7.0
0,996,NaN,7.0,996,7.0
0,998,NaN,7.0,998,7.0
0,998,NaN,7.0,998,7.0
0,997,NaN,7.0,997,7.0
0,999,NaN,7.0,999,7.0
0,998,NaN,7.0,998,7.0
0,998,NaN,7.0,998,7.0
0,998,NaN,7.0,998,7.0
0,996,NaN,7.0,996,7.0
0,998,NaN,7.0,998,7.0
0,997,NaN,7.0,997,7.0
0,998,NaN,7.0,998,7.0
0,998,NaN,7.0,998,7.0
0,999,NaN,7.0,999,7.0
0,999,NaN,7.0,999,7.0
0,999,NaN,7.0,999,7.0
0,997,NaN,7.0,997,7.0
0,999,NaN,7.0,999,7.0
0,998,NaN,7.0,998,7.0
0,998,NaN,7.0,998,7.0
0,999,NaN,7.0,999,7.0
0,999,NaN,7.0,999,7.0
0,999,NaN,7.0,999,7.0
0,999,NaN,7.0,999,7.0
0,995,NaN,7.0,995,7.0
0,999,NaN,7.0,999,7.0
0,998,NaN,7.0,998,7.0
0,999,NaN,7.0,999,7.0
0,998,NaN,7.0,998,7.0
0,999,NaN,7.0,999,7.0
0,998,NaN,7.0,998,7.0
0,998,NaN,7.0,998,7.0
0,999,NaN,7.0,999,7.0
0,998,NaN,7.0,998,7.0
0,998,NaN,7.0,998,7.0
0,999,NaN,7.0,999,7.0
0,998,NaN,7.0,998,7.0
0,999,NaN,7.0,999,7.0
0,999,NaN,7.0,999,7.0
0,998,NaN,7.0,998,7.0
0,998,NaN,7.0,998,7.0
0,998,NaN,7.0,998,7.0
0,998,NaN,7.0,998,7.0
0,995,NaN,7.0,995,7.0
0,999,NaN,7.0,999,7.0
0,997,NaN,7.0,997,7.0
0,999,NaN,7.0,999,7.0
0,999,NaN,7.0,999,7.0
0,998,NaN,7.0,998,7.0
0,998,NaN,7.0,998,7.0
0,999,NaN,7.0,999,7.0
0,999,NaN,7.0,999,7.0
0,997,NaN,7.0,997,7.0
0,999,NaN,7.0,999,7.0
0,999,NaN,7.0,999,7.0
0,999,NaN,7.0,999,7.0
0,997,NaN,7.0,997,7.0
0,999,NaN,7.0,999,7.0
0,997,NaN,7.0,997,7.0
0,999,NaN,7.0,999,7.0
0,998,NaN,7.0,998,7.0
0,997,NaN,7.0,997,7.0
0,998,NaN,7.0,998,7.0
0,999,NaN,7.0,999,7.0
0,996,NaN,7.0,996,7.0
0,999,NaN,7.0,999,7.0
0,998,NaN,7.0,998,7.0
0,997,NaN,7.0,997,7.0
0,999,NaN,7.0,999,7.0
0,998,NaN,7.0,998,7.0
0,998,NaN,7.0,998,7.0
0,998,NaN,7.0,998,7.0
0,999,NaN,7.0,999,7.0
0,998,NaN,7.0,998,7.0
0,998,NaN,7.0,998,7.0
0,999,NaN,7.0,999,7.0
0,999,NaN,7.0,999,7.0
0,998,NaN,7.0,998,7.0
0,998,NaN,7.0,998,7.0
0,999,NaN,7.0,999,7.0
0,997,NaN,7.0,997,7.0
0,999,NaN,7.0,999,7.0
0,999,NaN,7.0,999,7.0
0,997,NaN,7.0,997,7.0
0,999,NaN,7.0,999,7.0
0,997,NaN,7.0,997,7.0
0,999,NaN,7.0,999,7.0
0,997,NaN,7.0,997,7.0
0,998,NaN,7.0,998,7.0
0,999,NaN,7.0,999,7.0
0,999,NaN,7.0,999,7.0
0,999,NaN,7.0,999,7.0
0,998,NaN,7.0,998,7.0
0,999,NaN,7.0,999,7.0
0,999,NaN,7.0,999,7.0
0,996,NaN,7.0,996,7.0
0,997,NaN,7.0,997,7.0
0,998,NaN,7.0,998,7.0
0,999,NaN,7.0,999,7.0
0,998,NaN,7.0,998,7.0
0,999,NaN,7.0,999,7.0
0,997,NaN,7.0,997,7.0
0,998,NaN,7.0,998,7.0
0,999,NaN,7.0,999,7.0
0,999,NaN,7.0,999,7.0
0,998,NaN,7.0,998,7.0
0,997,NaN,7.0,997,7.0
0,998,NaN,7.0,998,7.0
0,999,NaN,7.0,999,7.0
0,998,NaN,7.0,998,7.0
0,998,NaN,7.0,998,7.0
0,998,NaN,7.0,998,7.0
0,997,NaN,7.0,997,7.0
0,999,NaN,7.0,999,7.0
0,999,NaN,7.0,999,7.0
0,999,NaN,7.0,999,7.0
0,999,NaN,7.0,999,7.0
0,998,NaN,7.0,998,7.0
0,998,NaN,7.0,998,7.0
0,999,NaN,7.0,999,7.0
0,999,NaN,7.0,999,7.0
0,998,NaN,7.0,998,7.0
0,997,NaN,7.0,997,7.0
0,999,NaN,7.0,999,7.0
0,999,NaN,7.0,999,7.0
0,999,NaN,7.0,999,7.0
0,999,NaN,7.0,999,7.0
0,999,NaN,7.0,999,7.0
0,997,NaN,7.0,997,7.0
0,998,NaN,7.0,998,7.0
0,998,NaN,7.0,998,7.0
0,999,NaN,7.0,999,7.0
0,999,NaN,7.0,999,7.0
0,999,NaN,7.0,999,7.0
0,998,NaN,7.0,998,7.0
0,997,NaN,7.0,997,7.0
0,999,NaN,7.0,999,7.0
0,997,NaN,7.0,997,7.0
0,998,NaN,7.0,998,7.0
0,999,NaN,7.0,999,7.0
0,999,NaN,7.0,999,7.0
0,997,NaN,7.0,997,7.0
0,998,NaN,7.0,998,7.0
0,999,NaN,7.0,999,7.0
0,999,NaN,7.0,999,7.0
0,999,NaN,7.0,999,7.0
0,998,NaN,7.0,998,7.0
0,999,NaN,7.0,999,7.0
0,998,NaN,7.0,998,7.0
0,998,NaN,7.0,998,7.0
0,997,NaN,7.0,997,7.0
0,998,NaN,7.0,998,7.0
0,997,NaN,7.0,997,7.0
0,998,NaN,7.0,998,7.0
0,999,NaN,7.0,999,7.0
0,999,NaN,7.0,999,7.0
0,999,NaN,7.0,999,7.0
0,998,NaN,7.0,998,7.0
0,998,NaN,7.0,998,7.0
0,998,NaN,7.0,998,7.0
0,999,NaN,7.0,999,7.0
0,998,NaN,7.0,998,7.0
0,998,NaN,7.0,998,7.0
0,999,NaN,7.0,999,7.0
0,999,NaN,7.0,999,7.0
0,999,NaN,7.0,999,7.0
0,999,NaN,7.0,999,7.0
0,999,NaN,7.0,999,7.0
0,999,NaN,7.0,999,7.0
0,998,NaN,7.0,998,7.0
0,999,NaN,7.0,999,7.0
0,997,NaN,7.0,997,7.0
0,999,NaN,7.0,999,7.0
0,998,NaN,7.0,998,7.0
0,999,NaN,7.0,999,7.0
0,999,NaN,7.0,999,7.0
0,999,NaN,7.0,999,7.0
0,999,NaN,7.0,999,7.0
0,999,NaN,7.0,999,7.0
0,998,NaN,7.0,998,7.0
0,998,NaN,7.0,998,7.0
0,999,NaN,7.0,999,7.0
0,999,NaN,7.0,999,7.0
0,996,NaN,7.0,996,7.0
0,997,NaN,7.0,997,7.0
0,999,NaN,7.0,999,7.0
0,998,NaN,7.0,998,7.0
0,999,NaN,7.0,999,7.0
0,999,NaN,7.0,999,7.0
