forward_num,reverse_num,forward_rate,reverse_rate,organism_num,organism_rate
5,5,5.0,5.0,10,5.0
5,5,5.0,5.0,10,5.0
5,5,5.0,5.0,10,5.0
6,6,5.16666666666667,5.16666666666667,12,5.16666666666667
7,7,5.14285714285714,5.28571428571429,14,5.21428571428571
8,8,5.25,5.375,16,5.3125
10,10,5.4,5.3,20,5.35
13,14,5.30769230769231,5.28571428571429,27,5.2962962962963
15,15,5.26666666666667,5.4,30,5.33333333333333
18,17,5.55555555555556,5.47058823529412,35,5.51428571428571
19,21,5.68421052631579,5.57142857142857,40,5.625
25,28,5.6,5.57142857142857,53,5.58490566037736
31,30,5.64516129032258,5.63333333333333,61,5.63934426229508
34,37,5.73529411764706,5.91891891891892,71,5.83098591549296
43,48,5.81395348837209,5.79166666666667,91,5.8021978021978
54,57,5.83333333333333,5.89473684210526,111,5.86486486486486
69,69,5.89855072463768,5.91304347826087,138,5.90579710144928
81,83,5.97530864197531,6.01204819277108,164,5.99390243902439
101,110,6.16831683168317,6.11818181818182,211,6.14218009478673
124,132,6.16935483870968,6.1969696969697,256,6.18359375
152,159,6.22368421052632,6.38993710691824,311,6.30868167202572
193,198,6.25388601036269,6.4040404040404,391,6.32992327365729
234,258,6.37606837606838,6.46511627906977,492,6.42276422764228
290,319,6.46206896551724,6.59247648902821,609,6.5303776683087
366,389,6.61748633879781,6.73007712082262,755,6.67549668874172
445,476,6.6876404494382,6.84033613445378,921,6.76655808903366
481,517,6.7027027027027,6.81044487427466,998,6.75851703406814
488,511,6.68852459016393,6.81996086105675,999,6.75575575575576
484,514,6.72314049586777,6.80350194552529,998,6.76452905811623
493,506,6.6815415821501,6.76877470355731,999,6.72572572572573
487,512,6.75154004106776,6.763671875,999,6.75775775775776
493,506,6.68559837728195,6.73320158102767,999,6.70970970970971
492,507,6.63008130081301,6.7534516765286,999,6.69269269269269
484,515,6.65702479338843,6.77669902912621,999,6.71871871871872
487,511,6.63039014373717,6.81213307240705,998,6.72344689378758
479,519,6.64926931106472,6.76878612716763,998,6.71142284569138
473,525,6.6892177589852,6.8152380952381,998,6.75551102204409
478,520,6.65481171548117,6.80961538461538,998,6.73547094188377
481,517,6.7006237006237,6.83365570599613,998,6.76953907815631
470,528,6.66595744680851,6.85795454545455,998,6.76753507014028
470,528,6.70425531914894,6.90340909090909,998,6.80961923847695
479,520,6.71816283924843,6.91923076923077,999,6.82282282282282
473,526,6.72938689217759,6.95247148288973,999,6.84684684684685
458,541,6.77510917030568,6.96857670979667,999,6.87987987987988
470,528,6.80851063829787,6.96212121212121,998,6.88977955911824
481,518,6.78170478170478,6.97297297297297,999,6.88088088088088
472,527,6.86016949152542,6.95635673624288,999,6.91091091091091
465,533,6.85806451612903,6.9437148217636,998,6.90380761523046
466,533,6.87768240343348,6.97748592870544,999,6.93093093093093
464,534,6.88362068965517,6.97565543071161,998,6.93286573146293
462,537,6.86147186147186,7.0316573556797,999,6.95295295295295
461,537,6.84164859002169,7.00744878957169,998,6.93086172344689
457,542,6.83807439824945,7.0,999,6.92592592592593
465,533,6.83010752688172,7.0375234521576,998,6.94088176352705
467,532,6.8458244111349,7.00751879699248,999,6.93193193193193
468,529,6.91025641025641,7.01323251417769,997,6.96489468405216
478,520,6.95397489539749,7.01538461538462,998,6.98597194388778
468,530,6.99145299145299,7.03207547169811,998,7.01302605210421
476,521,6.98319327731092,7.04990403071017,997,7.01805416248746
466,533,6.97210300429185,7.04127579737336,999,7.00900900900901
464,534,7.00431034482759,7.04307116104869,998,7.0250501002004
463,534,7.01295896328294,6.99812734082397,997,7.00501504513541
452,545,6.97787610619469,7.01467889908257,997,6.99799398194584
460,539,7.02391304347826,7.04267161410019,999,7.03403403403403
459,539,7.06753812636166,7.04452690166976,998,7.05511022044088
460,539,7.08695652173913,7.11317254174397,999,7.1011011011011
466,531,7.13733905579399,7.06591337099812,997,7.09929789368104
446,552,7.16143497757847,7.06159420289855,998,7.1062124248497
447,552,7.17897091722595,7.10507246376812,999,7.13813813813814
444,554,7.23873873873874,7.1913357400722,998,7.2124248496994
442,557,7.27149321266968,7.21364452423698,999,7.23923923923924
443,554,7.29571106094808,7.24909747292419,997,7.26980942828485
441,558,7.28344671201814,7.24014336917563,999,7.25925925925926
436,563,7.30504587155963,7.29307282415631,999,7.2982982982983
435,563,7.31724137931035,7.25932504440497,998,7.28456913827655
439,560,7.33485193621868,7.24821428571429,999,7.28628628628629
435,564,7.34252873563218,7.31382978723404,999,7.32632632632633
436,561,7.38761467889908,7.34224598930481,997,7.36208625877633
437,562,7.34782608695652,7.36654804270463,999,7.35835835835836
434,565,7.32258064516129,7.39469026548673,999,7.36336336336336
443,555,7.26185101580135,7.43603603603604,998,7.35871743486974
441,558,7.34920634920635,7.44444444444444,999,7.4024024024024
434,565,7.41935483870968,7.43716814159292,999,7.42942942942943
435,562,7.4367816091954,7.46085409252669,997,7.45035105315948
435,563,7.4551724137931,7.44404973357016,998,7.44889779559118
432,565,7.41435185185185,7.45486725663717,997,7.43731193580742
435,563,7.44597701149425,7.46358792184725,998,7.45591182364729
423,574,7.40661938534279,7.51045296167247,997,7.46639919759278
424,573,7.41037735849057,7.46945898778359,997,7.44433299899699
426,573,7.43896713615023,7.49912739965096,999,7.47347347347347
419,580,7.46062052505967,7.50862068965517,999,7.48848848848849
424,575,7.44339622641509,7.52695652173913,999,7.49149149149149
426,572,7.45539906103286,7.57517482517482,998,7.52404809619238
420,578,7.49761904761905,7.57266435986159,998,7.54108216432866
416,583,7.50961538461539,7.6672384219554,999,7.6016016016016
417,582,7.54196642685851,7.66151202749141,999,7.61161161161161
410,589,7.49268292682927,7.6723259762309,999,7.5985985985986
407,591,7.4963144963145,7.72250423011844,998,7.63026052104208
405,593,7.46666666666667,7.72849915682968,998,7.62224448897796
407,591,7.52334152334152,7.68189509306261,998,7.61723446893788
399,600,7.52130325814536,7.66666666666667,999,7.60860860860861
406,592,7.5,7.65033783783784,998,7.58917835671343
417,580,7.54916067146283,7.65,997,7.60782347041123
415,583,7.50361445783133,7.6483704974271,998,7.58817635270541
416,581,7.51923076923077,7.6368330464716,997,7.58776328986961
415,584,7.54457831325301,7.67979452054795,999,7.62362362362362
412,586,7.54854368932039,7.66723549488055,998,7.61823647294589
419,580,7.56085918854415,7.63965517241379,999,7.60660660660661
422,575,7.58530805687204,7.63826086956522,997,7.61584754262788
421,578,7.63895486935867,7.62629757785467,999,7.63163163163163
420,577,7.66190476190476,7.65511265164645,997,7.6579739217653
428,571,7.74532710280374,7.65323992994746,999,7.69269269269269
425,573,7.76941176470588,7.67888307155323,998,7.71743486973948
424,575,7.67924528301887,7.69913043478261,999,7.69069069069069
423,576,7.73758865248227,7.703125,999,7.71771771771772
426,573,7.73004694835681,7.73298429319372,999,7.73173173173173
431,568,7.76102088167053,7.70598591549296,999,7.72972972972973
427,572,7.76346604215457,7.7465034965035,999,7.75375375375375
429,570,7.82051282051282,7.7140350877193,999,7.75975975975976
419,579,7.81384248210024,7.74784110535406,998,7.77555110220441
429,569,7.82051282051282,7.71353251318102,998,7.75951903807615
438,561,7.84474885844749,7.75935828877005,999,7.7967967967968
433,565,7.84988452655889,7.76637168141593,998,7.80260521042084
427,571,7.89695550351288,7.80385288966725,998,7.8436873747495
425,574,7.85647058823529,7.76829268292683,999,7.80580580580581
423,575,7.82505910165485,7.77913043478261,998,7.79859719438878
424,573,7.81839622641509,7.75916230366492,997,7.78435305917753
414,585,7.85990338164251,7.77777777777778,999,7.81181181181181
411,588,7.87591240875912,7.8078231292517,999,7.83583583583584
414,585,7.8719806763285,7.80683760683761,999,7.83383383383383
414,585,7.92270531400966,7.84444444444444,999,7.87687687687688
413,586,7.91283292978208,7.87372013651877,999,7.88988988988989
409,590,7.9119804400978,7.86779661016949,999,7.88588588588589
412,587,7.92233009708738,7.88926746166951,999,7.9029029029029
423,576,7.93853427895981,7.92534722222222,999,7.93093093093093
416,582,7.96634615384615,7.94158075601375,998,7.95190380761523
413,584,7.93220338983051,7.96061643835616,997,7.94884653961886
410,589,7.95609756097561,7.96774193548387,999,7.96296296296296
417,581,7.92326139088729,7.98106712564544,998,7.95691382765531
419,579,7.91408114558473,7.99309153713299,998,7.95991983967936
407,592,7.91154791154791,7.96283783783784,999,7.94194194194194
396,603,7.96717171717172,8.0,999,7.98698698698699
394,605,7.9746192893401,8.02148760330578,999,8.003003003003
390,606,7.96410256410256,8.06105610561056,996,8.02309236947791
390,609,7.95897435897436,8.05090311986864,999,8.01501501501502
398,600,7.92964824120603,8.05,998,8.00200400801603
397,602,7.98488664987406,8.06644518272425,999,8.03403403403403
390,609,7.93333333333333,8.02627257799672,999,7.98998998998999
394,603,7.9238578680203,8.05638474295191,997,8.00401203610832
406,593,7.92364532019704,8.07925801011804,999,8.01601601601602
408,591,7.91421568627451,8.12182741116751,999,8.03703703703704
413,586,7.82324455205811,8.10580204778157,999,7.98898898898899
413,586,7.85714285714286,8.08703071672355,999,7.99199199199199
406,592,7.89162561576355,8.08614864864865,998,8.00701402805611
408,590,7.88235294117647,8.06949152542373,998,7.99298597194389
408,591,7.90686274509804,8.06598984771574,999,8.001001001001
413,585,7.9225181598063,8.11794871794872,998,8.03707414829659
419,580,7.91646778042959,8.13965517241379,999,8.04604604604605
420,576,7.96428571428571,8.11631944444444,996,8.05220883534137
418,580,7.97368421052632,8.12068965517241,998,8.05911823647295
420,579,8.00238095238095,8.09671848013817,999,8.05705705705706
413,586,8.00726392251816,8.09556313993174,999,8.05905905905906
411,587,8.04136253041363,8.0664395229983,998,8.0561122244489
406,593,8.02463054187192,8.07925801011804,999,8.05705705705706
417,582,8.06235011990408,8.11855670103093,999,8.0950950950951
418,579,8.07655502392345,8.12780656303972,997,8.10631895687061
414,585,8.08454106280193,8.12820512820513,999,8.11011011011011
416,583,8.08413461538461,8.16981132075472,999,8.13413413413413
419,580,8.08114558472554,8.15172413793104,999,8.12212212212212
419,579,8.04534606205251,8.13644214162349,998,8.09819639278557
414,583,8.07246376811594,8.14408233276158,997,8.11434302908726
420,579,8.03333333333333,8.18307426597582,999,8.12012012012012
425,573,8.08,8.13961605584642,998,8.11422845691383
424,574,8.09905660377358,8.15331010452962,998,8.13026052104208
431,567,8.06496519721578,8.11816578483245,998,8.09519038076152
426,572,8.0962441314554,8.11363636363636,998,8.1062124248497
420,579,8.08571428571429,8.15544041450777,999,8.12612612612613
415,584,8.12289156626506,8.13698630136986,999,8.13113113113113
429,570,8.11655011655012,8.17017543859649,999,8.14714714714715
427,570,8.12412177985948,8.19649122807018,997,8.1654964894684
425,574,8.2,8.17073170731707,999,8.18318318318318
424,575,8.20754716981132,8.21565217391304,999,8.21221221221221
429,570,8.19580419580419,8.19298245614035,999,8.19419419419419
421,576,8.19714964370546,8.19618055555556,997,8.19658976930792
423,576,8.24586288416076,8.23958333333333,999,8.24224224224224
421,578,8.19239904988124,8.21107266435986,999,8.2032032032032
434,564,8.22350230414747,8.23581560283688,998,8.23046092184369
428,571,8.22663551401869,8.23642732049037,999,8.23223223223223
419,579,8.23150357995227,8.18480138169257,998,8.20440881763527
418,581,8.24641148325359,8.22030981067126,999,8.23123123123123
416,583,8.25,8.20754716981132,999,8.22522522522523
405,594,8.20246913580247,8.1969696969697,999,8.1991991991992
421,575,8.17102137767221,8.2104347826087,996,8.19377510040161
427,571,8.14988290398126,8.17513134851138,998,8.16432865731463
428,571,8.20560747663551,8.1891418563923,999,8.1961961961962
437,562,8.20137299771167,8.23487544483986,999,8.22022022022022
430,568,8.21627906976744,8.22711267605634,998,8.22244488977956
431,567,8.20881670533643,8.21693121693122,998,8.21342685370741
423,572,8.18912529550827,8.23601398601399,995,8.21608040201005
422,577,8.18957345971564,8.18024263431542,999,8.18418418418418
418,581,8.2511961722488,8.22375215146299,999,8.23523523523524
404,594,8.25247524752475,8.25589225589226,998,8.25450901803607
411,588,8.2360097323601,8.30272108843537,999,8.27527527527528
410,588,8.2,8.29591836734694,998,8.2565130260521
414,585,8.20772946859903,8.28034188034188,999,8.25025025025025
427,570,8.1288056206089,8.29473684210526,997,8.22367101303912
414,585,8.16666666666667,8.27521367521368,999,8.23023023023023
420,578,8.15,8.2681660899654,998,8.21843687374749
419,580,8.14797136038186,8.28103448275862,999,8.22522522522523
413,585,8.1452784503632,8.3042735042735,998,8.23847695390782
410,588,8.19024390243902,8.30442176870748,998,8.25751503006012
412,587,8.20145631067961,8.28790459965929,999,8.25225225225225
399,599,8.2406015037594,8.31886477462437,998,8.2875751503006
401,597,8.2568578553616,8.29313232830821,998,8.27855711422846
397,602,8.27959697732997,8.28073089700997,999,8.28028028028028
401,598,8.26184538653367,8.27090301003344,999,8.26726726726727
403,596,8.25062034739454,8.27348993288591,999,8.26426426426426
399,599,8.27568922305764,8.2754590984975,998,8.27555110220441
404,594,8.28465346534654,8.26430976430976,998,8.27254509018036
415,583,8.26746987951807,8.24699828473413,998,8.25551102204409
412,586,8.27669902912621,8.26621160409556,998,8.27054108216433
418,580,8.27751196172249,8.28793103448276,998,8.28356713426854
420,577,8.30476190476191,8.23743500866551,997,8.26579739217653
414,583,8.26570048309179,8.27958833619211,997,8.27382146439318
423,575,8.31205673758865,8.26434782608696,998,8.28456913827655
416,582,8.24519230769231,8.27835051546392,998,8.26452905811623
418,581,8.27272727272727,8.2736660929432,999,8.27327327327327
421,577,8.28503562945368,8.28596187175043,998,8.28557114228457
418,581,8.29904306220096,8.2736660929432,999,8.28428428428428
427,572,8.28337236533958,8.3006993006993,999,8.29329329329329
418,579,8.26076555023923,8.30224525043178,997,8.28485456369107
420,577,8.27380952380952,8.26169844020797,997,8.26680040120361
409,590,8.30317848410758,8.31864406779661,999,8.31231231231231
402,597,8.32089552238806,8.32328308207705,999,8.32232232232232
400,599,8.2875,8.34390651085142,999,8.32132132132132
403,596,8.21091811414392,8.3238255033557,999,8.27827827827828
408,590,8.17156862745098,8.2864406779661,998,8.23947895791583
406,592,8.12315270935961,8.28885135135135,998,8.22144288577154
413,586,8.12832929782082,8.26962457337884,999,8.21121121121121
419,580,8.07398568019093,8.26724137931035,999,8.18618618618619
410,588,8.0390243902439,8.2312925170068,998,8.15230460921844
405,591,8.0641975308642,8.25380710659898,996,8.17670682730924
398,600,8.06030150753769,8.24,998,8.16833667334669
394,604,8.04314720812183,8.2135761589404,998,8.14629258517034
392,607,8.04591836734694,8.24052718286656,999,8.16416416416416
389,607,8.04113110539846,8.23887973640857,996,8.16164658634538
383,615,7.97650130548303,8.19024390243902,998,8.10821643286573
381,618,7.93963254593176,8.16990291262136,999,8.08208208208208
377,621,7.91777188328912,8.13204508856683,998,8.05110220440882
381,618,7.90551181102362,8.14401294498382,999,8.05305305305305
381,618,7.93963254593176,8.18122977346278,999,8.08908908908909
381,617,7.95275590551181,8.17341977309562,998,8.08917835671343
389,610,7.9280205655527,8.1672131147541,999,8.07407407407407
385,612,7.98441558441558,8.16339869281046,997,8.09428284854564
376,621,8.0,8.14653784219002,997,8.09127382146439
381,615,8.01049868766404,8.18048780487805,996,8.11546184738956
376,623,7.98404255319149,8.16372391653291,999,8.0960960960961
374,624,8.02139037433155,8.1474358974359,998,8.1002004008016
374,625,8.0427807486631,8.1232,999,8.09309309309309
366,633,8.01639344262295,8.15481832543444,999,8.1041041041041
376,623,7.92553191489362,8.14606741573034,999,8.06306306306306
375,623,7.86666666666667,8.12038523274478,998,8.0250501002004
367,632,7.86376021798365,8.12341772151899,999,8.02802802802803
373,625,7.87667560321716,8.1472,998,8.04609218436874
376,623,7.89893617021277,8.15569823434992,999,8.05905905905906
375,623,7.91733333333333,8.13804173354735,998,8.05511022044088
356,642,7.9438202247191,8.11526479750779,998,8.05410821643287
361,633,7.95290858725762,8.13744075829384,994,8.07042253521127
363,636,8.00826446280992,8.17138364779874,999,8.11211211211211
355,644,8.01690140845071,8.14285714285714,999,8.0980980980981
352,646,8.03409090909091,8.10681114551084,998,8.0811623246493
344,654,8.01162790697674,8.10550458715596,998,8.07314629258517
341,658,8.03519061583578,8.10030395136778,999,8.07807807807808
340,659,7.99411764705882,8.09256449165402,999,8.05905905905906
340,658,7.99705882352941,8.08358662613982,998,8.05410821643287
338,658,7.98816568047337,8.05927051671732,996,8.035140562249
340,659,7.97352941176471,8.09256449165402,999,8.05205205205205
345,652,8.00289855072464,8.11349693251534,997,8.07522567703109
338,660,8.06508875739645,8.11363636363636,998,8.09719438877756
342,657,8.07309941520468,8.12176560121766,999,8.10510510510511
338,659,8.07692307692308,8.12594840667678,997,8.10932798395186
333,666,8.12312312312312,8.08108108108108,999,8.0950950950951
341,658,8.13489736070381,8.09574468085106,999,8.10910910910911
337,660,8.0919881305638,8.0530303030303,997,8.06619859578736
341,657,8.10850439882698,8.01674277016743,998,8.04809619238477
340,658,8.01470588235294,8.02127659574468,998,8.0190380761523
332,666,8.09939759036145,8.02252252252252,998,8.04809619238477
332,666,8.06024096385542,7.97897897897898,998,8.0060120240481
331,667,8.06646525679758,7.97451274362819,998,8.00501002004008
332,666,8.04518072289157,7.97147147147147,998,7.99599198396794
342,657,8.05263157894737,7.96651445966514,999,7.995995995996
341,657,8.02932551319648,7.9558599695586,998,7.98096192384769
345,654,8.01159420289855,7.93730886850153,999,7.96296296296296
331,668,8.02416918429003,7.9685628742515,999,7.98698698698699
330,668,8.04545454545454,7.98353293413174,998,8.00400801603206
326,672,8.03067484662577,8.0,998,8.01002004008016
329,670,8.02127659574468,8.0044776119403,999,8.01001001001001
327,672,8.04587155963303,8.00297619047619,999,8.01701701701702
331,668,8.0785498489426,7.98203592814371,999,8.01401401401401
336,662,8.04464285714286,8.0226586102719,998,8.03006012024048
342,656,8.04678362573099,8.00914634146342,998,8.02204408817635
343,656,8.01457725947522,8.01219512195122,999,8.01301301301301
344,654,8.05523255813953,8.0045871559633,998,8.02204408817635
335,661,8.07761194029851,8.0499243570348,996,8.05923694779116
337,662,8.08605341246291,8.0619335347432,999,8.07007007007007
334,665,8.08982035928144,8.07518796992481,999,8.08008008008008
334,665,8.06586826347305,8.08872180451128,999,8.08108108108108
335,663,8.08358208955224,8.09049773755656,998,8.08817635270541
342,657,8.10818713450292,8.09132420091324,999,8.0970970970971
336,662,8.04166666666667,8.09063444108761,998,8.07414829659319
328,669,8.03658536585366,8.08370702541106,997,8.06820461384152
327,670,8.03669724770642,8.06567164179105,997,8.05616850551655
322,677,8.04658385093168,8.06056129985229,999,8.05605605605606
324,675,8.06481481481481,8.06962962962963,999,8.06806806806807
317,681,8.04416403785489,8.04698972099853,998,8.04609218436874
322,677,8.04658385093168,8.04874446085672,999,8.04804804804805
318,678,8.08805031446541,8.05899705014749,996,8.06827309236948
330,668,8.13030303030303,8.07784431137724,998,8.09519038076152
337,661,8.14243323442136,8.0590015128593,998,8.0871743486974
332,667,8.15361445783133,8.05247376311844,999,8.08608608608609
337,662,8.13649851632047,8.07250755287009,999,8.09409409409409
343,655,8.12244897959184,8.08091603053435,998,8.09519038076152
340,659,8.11176470588235,8.09863429438543,999,8.1031031031031
346,653,8.11849710982659,8.06738131699847,999,8.08508508508509
340,659,8.12352941176471,8.0804248861912,999,8.0950950950951
339,660,8.10029498525074,8.04545454545454,999,8.06406406406406
332,667,8.09939759036145,8.06446776611694,999,8.07607607607608
330,668,8.13636363636364,8.0374251497006,998,8.07014028056112
335,664,8.1910447761194,8.04969879518072,999,8.0970970970971
335,664,8.18208955223881,8.03915662650602,999,8.08708708708709
345,654,8.18840579710145,8.03822629969419,999,8.09009009009009
346,652,8.22543352601156,8.04754601226994,998,8.10921843687375
340,658,8.25882352941177,8.03191489361702,998,8.10921843687375
339,659,8.23893805309734,8.03034901365706,998,8.10120240480962
343,656,8.21574344023324,8.00914634146342,999,8.08008008008008
348,649,8.24425287356322,8.05084745762712,997,8.11835506519559
337,661,8.25816023738872,8.04387291981846,998,8.11623246492986
338,659,8.23668639053254,8.04552352048558,997,8.11033099297894
335,662,8.21791044776119,8.05740181268882,997,8.11133400200602
323,675,8.23839009287926,8.05481481481482,998,8.11422845691383
325,673,8.29846153846154,8.04903417533432,998,8.13026052104208
324,675,8.25308641975309,8.06074074074074,999,8.12312312312312
323,675,8.24767801857585,8.07555555555555,998,8.1312625250501
328,669,8.24390243902439,8.02092675635276,997,8.09428284854564
325,674,8.27076923076923,8.03560830860534,999,8.11211211211211
330,668,8.30909090909091,8.02395209580838,998,8.11823647294589
337,662,8.29970326409495,8.00604229607251,999,8.10510510510511
335,664,8.28955223880597,8.00301204819277,999,8.0990990990991
330,669,8.32727272727273,7.97907324364723,999,8.09409409409409
341,657,8.29032258064516,7.95738203957382,998,8.07114228456914
342,657,8.26900584795322,7.96651445966514,999,8.07007007007007
337,660,8.2433234421365,7.97575757575758,997,8.06619859578736
337,660,8.24629080118694,8.0,997,8.08324974924774
333,666,8.27627627627628,7.99399399399399,999,8.08808808808809
339,658,8.25663716814159,7.98480243161094,997,8.07723169508526
331,667,8.25075528700906,8.01949025487256,998,8.09619238476954
326,673,8.2760736196319,8.03120356612184,999,8.11111111111111
321,678,8.30218068535826,8.06047197640118,999,8.13813813813814
334,664,8.25449101796407,8.04969879518072,998,8.11823647294589
320,677,8.3125,8.0384047267356,997,8.12637913741224
328,670,8.32926829268293,8.06268656716418,998,8.1503006012024
324,675,8.30864197530864,8.06814814814815,999,8.14614614614615
327,672,8.29969418960245,8.05654761904762,999,8.13613613613614
329,670,8.27355623100304,8.07761194029851,999,8.14214214214214
322,677,8.23913043478261,8.06056129985229,999,8.11811811811812
325,673,8.21538461538461,8.0520059435364,998,8.10521042084168
324,675,8.24382716049383,8.06074074074074,999,8.12012012012012
321,677,8.21183800623053,8.04431314623338,998,8.09819639278557
328,670,8.17378048780488,8.03283582089552,998,8.07915831663327
329,669,8.20364741641337,8.04484304932735,998,8.09719438877756
327,672,8.20183486238532,8.03869047619048,999,8.09209209209209
332,666,8.17168674698795,8.06156156156156,998,8.09819639278557
329,669,8.14285714285714,8.11509715994021,998,8.12424849699399
315,683,8.15238095238095,8.13177159590044,998,8.13827655310621
315,682,8.0984126984127,8.1524926686217,997,8.13540621865597
327,671,8.08868501529052,8.13561847988077,998,8.12024048096192
332,665,8.07530120481928,8.12781954887218,997,8.11033099297894
332,666,8.03313253012048,8.13363363363363,998,8.1002004008016
336,662,8.02380952380952,8.14803625377644,998,8.1062124248497
333,666,8.0960960960961,8.16066066066066,999,8.13913913913914
325,674,8.02769230769231,8.15430267062315,999,8.11311311311311
330,669,8.02424242424242,8.15396113602392,999,8.11111111111111
330,669,8.01818181818182,8.15097159940209,999,8.10710710710711
335,663,8.02985074626866,8.16138763197587,998,8.11723446893788
334,663,8.02694610778443,8.18853695324283,997,8.13440320962889
336,662,7.98511904761905,8.23564954682779,998,8.15130260521042
340,659,7.98529411764706,8.26100151745068,999,8.16716716716717
340,659,8.02058823529412,8.25189681335357,999,8.17317317317317
333,666,7.99099099099099,8.21471471471471,999,8.14014014014014
331,668,8.01208459214502,8.23802395209581,999,8.16316316316316
327,671,7.98470948012232,8.21907600596125,998,8.14228456913828
331,668,7.98187311178248,8.17065868263473,999,8.10810810810811
328,670,7.99085365853659,8.17761194029851,998,8.11623246492986
324,674,8.00308641975309,8.1839762611276,998,8.125250501002
314,685,8.06050955414013,8.16350364963504,999,8.13113113113113
331,666,8.08157099697885,8.14714714714715,997,8.12537612838516
325,672,8.03384615384615,8.20535714285714,997,8.14944834503511
326,669,8.02760736196319,8.18834080717489,995,8.1356783919598
319,680,8.09404388714734,8.19264705882353,999,8.16116116116116
317,680,8.06309148264984,8.21617647058824,997,8.16750250752257
317,681,8.06309148264984,8.23935389133627,998,8.18336673346693
321,678,8.05607476635514,8.24631268436578,999,8.18518518518519
312,687,8.03205128205128,8.21397379912664,999,8.15715715715716
316,683,8.05063291139241,8.2606149341142,999,8.19419419419419
321,678,8.04672897196262,8.25811209439528,999,8.19019019019019
324,675,8.09259259259259,8.28,999,8.21921921921922
317,682,8.05362776025237,8.26686217008798,999,8.1991991991992
312,687,8.02884615384615,8.25909752547307,999,8.18718718718719
307,691,7.98371335504886,8.26338639652677,998,8.17735470941884
315,683,7.94920634920635,8.27232796486091,998,8.17034068136273
315,683,7.96825396825397,8.28696925329429,998,8.18637274549098
311,688,7.86495176848875,8.2906976744186,999,8.15815815815816
304,694,7.87171052631579,8.30547550432277,998,8.17334669338677
310,689,7.92258064516129,8.29898403483309,999,8.18218218218218
310,688,7.95483870967742,8.30232558139535,998,8.19438877755511
310,689,7.89032258064516,8.30188679245283,999,8.17417417417417
303,695,7.9009900990099,8.33669064748201,998,8.20440881763527
310,687,7.91935483870968,8.31149927219796,997,8.18956870611835
310,688,7.95161290322581,8.32412790697674,998,8.20841683366733
321,677,8.03115264797508,8.31905465288035,998,8.22645290581162
322,676,7.98757763975155,8.31804733727811,998,8.21142284569138
319,679,8.03448275862069,8.32253313696613,998,8.23046092184369
318,681,8.06603773584906,8.34508076358297,999,8.25625625625626
311,688,8.10289389067524,8.34011627906977,999,8.26626626626627
312,687,8.09935897435897,8.32751091703057,999,8.25625625625626
310,688,8.05806451612903,8.32703488372093,998,8.2434869739479
309,689,8.01294498381877,8.31204644412192,998,8.21943887775551
319,678,7.99686520376176,8.29941002949852,997,8.20260782347041
310,689,8.03548387096774,8.28737300435414,999,8.20920920920921
305,693,8.07540983606557,8.29292929292929,998,8.22645290581162
311,688,8.07395498392283,8.31686046511628,999,8.24124124124124
308,691,8.0,8.29667149059334,999,8.20520520520521
312,686,8.01602564102564,8.29737609329446,998,8.20941883767535
317,681,7.9211356466877,8.28193832599119,998,8.16733466933868
328,670,7.97560975609756,8.3,998,8.19338677354709
324,674,7.95061728395062,8.29376854599407,998,8.18236472945892
325,670,7.97846153846154,8.32537313432836,995,8.21206030150754
333,665,7.93393393393393,8.31428571428571,998,8.187374749499
335,663,7.94925373134328,8.31523378582202,998,8.19238476953908
324,674,7.92592592592593,8.31750741839763,998,8.19038076152305
327,672,7.98776758409786,8.35119047619048,999,8.23223223223223
324,673,8.01851851851852,8.34026745913819,997,8.23570712136409
323,676,8.06811145510836,8.35059171597633,999,8.25925925925926
330,669,8.06363636363636,8.3677130044843,999,8.26726726726727
333,664,8.0990990990991,8.375,997,8.28284854563691
339,659,8.08849557522124,8.3247344461305,998,8.24448897795591
330,669,8.0969696969697,8.30792227204783,999,8.23823823823824
325,674,8.08307692307692,8.31157270029674,999,8.23723723723724
325,673,8.12615384615385,8.30906389301635,998,8.24949899799599
327,672,8.08256880733945,8.31994047619048,999,8.24224224224224
335,663,8.08955223880597,8.29411764705882,998,8.22545090180361
325,673,8.12,8.29866270430906,998,8.24048096192385
334,665,8.05389221556886,8.33533834586466,999,8.24124124124124
333,665,8.03903903903904,8.33082706766917,998,8.23346693386774
324,675,8.00308641975309,8.33037037037037,999,8.22422422422422
320,678,7.978125,8.34808259587021,998,8.22945891783567
324,675,8.02777777777778,8.35407407407407,999,8.24824824824825
320,679,8.025,8.33284241531664,999,8.23423423423423
326,670,8.00920245398773,8.35074626865672,996,8.23895582329317
341,658,8.02639296187683,8.31306990881459,999,8.21521521521522
335,664,8.06567164179105,8.30722891566265,999,8.22622622622623
343,656,8.09912536443149,8.3109756097561,999,8.23823823823824
338,659,8.06508875739645,8.34446130500759,997,8.24974924774323
340,659,8.10294117647059,8.3535660091047,999,8.26826826826827
339,660,8.12979351032448,8.35151515151515,999,8.27627627627628
344,654,8.11046511627907,8.35321100917431,998,8.26953907815631
342,657,8.1374269005848,8.34703196347032,999,8.27527527527528
336,663,8.14285714285714,8.33333333333333,999,8.26926926926927
338,660,8.14497041420118,8.34242424242424,998,8.27555110220441
327,672,8.22324159021407,8.35714285714286,999,8.31331331331331
328,670,8.21646341463415,8.36865671641791,998,8.3186372745491
325,672,8.16923076923077,8.37202380952381,997,8.30591775325978
329,669,8.16717325227964,8.35127055306427,998,8.29058116232465
319,678,8.18495297805643,8.35103244837758,997,8.29789368104313
321,678,8.13395638629284,8.38200589970501,999,8.3023023023023
323,675,8.13312693498452,8.39259259259259,998,8.30861723446894
328,670,8.13414634146342,8.35074626865672,998,8.27955911823647
330,668,8.13030303030303,8.34131736526946,998,8.27154308617235
324,671,8.11111111111111,8.3591654247392,995,8.278391959799
317,682,8.08517350157729,8.32844574780059,999,8.25125125125125
321,678,8.1214953271028,8.35693215339233,999,8.28128128128128
324,674,8.17901234567901,8.34124629080119,998,8.28857715430862
315,683,8.15873015873016,8.35285505124451,998,8.29158316633267
318,679,8.14465408805031,8.3519882179676,997,8.28585757271815
323,676,8.10526315789474,8.35502958579882,999,8.27427427427427
323,676,8.14860681114551,8.31065088757397,999,8.25825825825826
321,678,8.18691588785047,8.31710914454277,999,8.27527527527528
325,674,8.19384615384615,8.33234421364985,999,8.28728728728729
325,670,8.20923076923077,8.31044776119403,995,8.27738693467337
320,679,8.20625,8.31516936671576,999,8.28028028028028
314,685,8.27388535031847,8.32408759124088,999,8.30830830830831
309,688,8.29449838187702,8.35174418604651,997,8.33400200601805
313,682,8.26198083067093,8.37390029325513,995,8.33869346733668
299,698,8.24080267558528,8.37106017191977,997,8.33199598796389
297,702,8.25925925925926,8.34472934472934,999,8.31931931931932
294,705,8.28231292517007,8.35744680851064,999,8.33533533533534
304,694,8.27302631578947,8.34293948126801,998,8.32164328657315
302,697,8.29470198675497,8.36154949784792,999,8.34134134134134
302,697,8.25827814569536,8.36441893830703,999,8.33233233233233
305,693,8.21311475409836,8.35642135642136,998,8.312625250501
302,696,8.22847682119205,8.32902298850575,998,8.29859719438878
306,693,8.23529411764706,8.34487734487734,999,8.31131131131131
307,692,8.19218241042345,8.32658959537572,999,8.28528528528529
313,686,8.19488817891374,8.31924198250729,999,8.28028028028028
305,693,8.19016393442623,8.35786435786436,998,8.30661322645291
307,692,8.21172638436482,8.36705202312139,999,8.31931931931932
304,695,8.21052631578947,8.38705035971223,999,8.33333333333333
307,690,8.21498371335505,8.39420289855073,997,8.33901705115346
309,690,8.22653721682848,8.37101449275362,999,8.32632632632633
311,688,8.17363344051447,8.36046511627907,999,8.3023023023023
310,688,8.1741935483871,8.3546511627907,998,8.29859719438878
307,690,8.15635179153094,8.35942028985507,997,8.29689067201605
305,694,8.15409836065574,8.35302593659942,999,8.29229229229229
301,698,8.17607973421927,8.38681948424069,999,8.32332332332332
294,705,8.1734693877551,8.38581560283688,999,8.32332332332332
293,706,8.1740614334471,8.38668555240793,999,8.32432432432432
299,700,8.16387959866221,8.38285714285714,999,8.31731731731732
297,700,8.16498316498316,8.36142857142857,997,8.30290872617854
296,702,8.15540540540541,8.38319088319088,998,8.31563126252505
299,699,8.12040133779264,8.37195994277539,998,8.29659318637275
287,712,8.17770034843206,8.37219101123596,999,8.31631631631632
289,710,8.15916955017301,8.35633802816901,999,8.2992992992993
276,721,8.1268115942029,8.35922330097087,997,8.29488465396189
271,728,8.1660516605166,8.33653846153846,999,8.29029029029029
267,732,8.17602996254682,8.35655737704918,999,8.30830830830831
258,740,8.17829457364341,8.36621621621622,998,8.31763527054108
262,737,8.22137404580153,8.35549525101764,999,8.32032032032032
261,737,8.16091954022989,8.34599728629579,998,8.29759519038076
265,734,8.18490566037736,8.36239782016349,999,8.31531531531532
263,735,8.23574144486692,8.36462585034014,998,8.33066132264529
255,744,8.21960784313725,8.35752688172043,999,8.32232232232232
257,742,8.24513618677043,8.36657681940701,999,8.33533533533534
248,750,8.23790322580645,8.35733333333333,998,8.32765531062124
248,750,8.20967741935484,8.36133333333333,998,8.32364729458918
254,745,8.21653543307087,8.39060402684564,999,8.34634634634635
244,755,8.14754098360656,8.3841059602649,999,8.32632632632633
251,748,8.12350597609562,8.39438502673797,999,8.32632632632633
251,748,8.10358565737052,8.37165775401069,999,8.3043043043043
256,742,8.109375,8.40161725067385,998,8.32665330661323
261,737,8.13793103448276,8.40841248303935,998,8.3376753507014
264,735,8.09848484848485,8.39047619047619,999,8.31331331331331
264,733,8.06439393939394,8.41609822646658,997,8.32296890672016
271,727,8.06273062730627,8.39339752407153,998,8.30360721442886
271,727,8.04059040590406,8.41678129298487,998,8.31462925851703
262,736,8.11450381679389,8.39809782608696,998,8.32364729458918
256,743,8.109375,8.41453566621803,999,8.33633633633634
258,740,8.17829457364341,8.41351351351351,998,8.35270541082164
245,753,8.20816326530612,8.45019920318725,998,8.39078156312625
250,747,8.232,8.4524765729585,997,8.39719157472417
247,752,8.18218623481781,8.43882978723404,999,8.37537537537538
249,750,8.18875502008032,8.45333333333333,999,8.38738738738739
249,750,8.17269076305221,8.476,999,8.4004004004004
253,744,8.18181818181818,8.47715053763441,997,8.40220661985958
248,749,8.18548387096774,8.46995994659546,997,8.39919759277834
247,751,8.16599190283401,8.44074567243675,998,8.37274549098196
241,758,8.16182572614108,8.44854881266491,999,8.37937937937938
248,751,8.14112903225806,8.45272969374168,999,8.37537537537538
249,750,8.12048192771084,8.42266666666667,999,8.34734734734735
254,744,8.14566929133858,8.42741935483871,998,8.35571142284569
251,747,8.21115537848606,8.38821954484605,998,8.3436873747495
244,753,8.24590163934426,8.40371845949535,997,8.36509528585757
242,756,8.19421487603306,8.35185185185185,998,8.31362725450902
241,757,8.21161825726141,8.35006605019815,998,8.31663326653307
236,763,8.18220338983051,8.32896461336828,999,8.29429429429429
238,758,8.15546218487395,8.34036939313984,996,8.29618473895582
238,761,8.14285714285714,8.33508541392904,999,8.28928928928929
245,753,8.11428571428571,8.29880478087649,998,8.25350701402806
241,758,8.11618257261411,8.29287598944591,999,8.25025025025025
243,756,8.16049382716049,8.29761904761905,999,8.26426426426426
246,753,8.14634146341463,8.29349269588313,999,8.25725725725726
242,757,8.17768595041322,8.28797886393659,999,8.26126126126126
246,753,8.21138211382114,8.28552456839309,999,8.26726726726727
241,757,8.13278008298755,8.31307793923382,998,8.26953907815631
239,760,8.0418410041841,8.33815789473684,999,8.26726726726727
233,766,7.99570815450644,8.35117493472585,999,8.26826826826827
235,764,7.98297872340426,8.3520942408377,999,8.26526526526527
235,764,7.92340425531915,8.35602094240838,999,8.25425425425425
246,753,7.97967479674797,8.36254980079681,999,8.26826826826827
242,757,7.98347107438016,8.37384412153236,999,8.27927927927928
242,754,7.97520661157025,8.36472148541114,996,8.27008032128514
240,758,8.025,8.344327176781,998,8.26753507014028
238,761,8.02100840336134,8.3377135348226,999,8.26226226226226
240,758,7.96666666666667,8.31266490765172,998,8.22945891783567
233,766,7.97424892703863,8.31984334203655,999,8.23923923923924
240,758,7.9625,8.32981530343008,998,8.24148296593186
226,770,7.95575221238938,8.33766233766234,996,8.25100401606426
237,761,7.94514767932489,8.33902759526938,998,8.24549098196393
227,771,8.0,8.34760051880675,998,8.2685370741483
227,771,8.03964757709251,8.33722438391699,998,8.26953907815631
227,772,7.99118942731278,8.33160621761658,999,8.25425425425425
238,761,8.09243697478992,8.32982917214192,999,8.27327327327327
241,758,8.01659751037344,8.31530343007916,999,8.24324324324324
238,760,8.03361344537815,8.30526315789474,998,8.24048096192385
235,763,8.04255319148936,8.28571428571429,998,8.22845691382765
238,761,8.0,8.29566360052563,999,8.22522522522523
237,762,7.9662447257384,8.27952755905512,999,8.20520520520521
238,760,7.94957983193277,8.28157894736842,998,8.20240480961924
234,765,7.93162393162393,8.30326797385621,999,8.21621621621622
238,760,7.92016806722689,8.28026315789474,998,8.19438877755511
239,760,7.86610878661088,8.27631578947368,999,8.17817817817818
237,761,7.91561181434599,8.26412614980289,998,8.1813627254509
241,758,7.86721991701245,8.26517150395778,999,8.16916916916917
242,756,7.90909090909091,8.27910052910053,998,8.18937875751503
242,757,7.94628099173554,8.31439894319683,999,8.22522522522523
243,755,7.94650205761317,8.31523178807947,998,8.22545090180361
244,754,7.95491803278689,8.31962864721485,998,8.23046092184369
244,755,7.94672131147541,8.34039735099338,999,8.24424424424424
239,759,7.92468619246862,8.32147562582345,998,8.22645290581162
233,766,7.95278969957082,8.34334203655352,999,8.25225225225225
228,768,7.99122807017544,8.36067708333333,996,8.27610441767068
229,769,7.95196506550218,8.36150845253576,998,8.26753507014028
234,765,8.0,8.39869281045752,999,8.30530530530531
228,771,8.00877192982456,8.35927367055772,999,8.27927927927928
230,769,7.98695652173913,8.37451235370611,999,8.28528528528529
226,772,7.94690265486726,8.39119170984456,998,8.29058116232465
230,768,7.90434782608696,8.38020833333333,998,8.27054108216433
225,774,7.82666666666667,8.37726098191214,999,8.25325325325325
224,775,7.84821428571429,8.36,999,8.24524524524525
233,766,7.85407725321888,8.34595300261097,999,8.23123123123123
228,771,7.90350877192982,8.36705577172503,999,8.26126126126126
226,773,7.8716814159292,8.34799482535576,999,8.24024024024024
223,775,7.86995515695067,8.33548387096774,998,8.2314629258517
232,767,7.89224137931035,8.34680573663625,999,8.24124124124124
238,761,7.89075630252101,8.31931668856767,999,8.21721721721722
234,765,7.88888888888889,8.32156862745098,999,8.22022022022022
236,763,7.88135593220339,8.29882044560944,999,8.2002002002002
234,762,7.88034188034188,8.28215223097113,996,8.18775100401606
237,761,7.89873417721519,8.27858081471748,998,8.18837675350701
240,759,7.89166666666667,8.27140974967062,999,8.18018018018018
237,761,7.87341772151899,8.27989487516426,998,8.18336673346693
235,762,7.8936170212766,8.28083989501312,997,8.18956870611835
231,768,7.93939393939394,8.24348958333333,999,8.17317317317317
234,764,8.0,8.28141361256544,998,8.21543086172345
235,764,7.97446808510638,8.30104712041885,999,8.22422422422422
227,771,8.06167400881057,8.31387808041505,998,8.2565130260521
226,772,8.10619469026549,8.30181347150259,998,8.25751503006012
218,781,8.08256880733945,8.27144686299616,999,8.23023023023023
225,772,8.15111111111111,8.26295336787565,997,8.23771313941825
224,774,8.10714285714286,8.24806201550388,998,8.21643286573146
230,769,8.10869565217391,8.25097529258778,999,8.21821821821822
231,768,8.10822510822511,8.24609375,999,8.21421421421421
236,763,8.06779661016949,8.25819134993447,999,8.21321321321321
234,764,8.04700854700855,8.25,998,8.20240480961924
221,776,8.07692307692308,8.21649484536082,997,8.18555667001003
227,772,8.06167400881057,8.21761658031088,999,8.18218218218218
221,776,8.00904977375566,8.21649484536082,997,8.17051153460381
220,778,8.02727272727273,8.19537275064267,998,8.15831663326653
210,789,8.01904761904762,8.22433460076046,999,8.18118118118118
218,781,7.99082568807339,8.23559539052497,999,8.18218218218218
218,779,7.9954128440367,8.26829268292683,997,8.2086258776329
217,782,7.99539170506912,8.24168797953964,999,8.18818818818819
221,777,8.00452488687783,8.25353925353925,998,8.19839679358717
218,781,7.96330275229358,8.24583866837388,999,8.18418418418418
218,780,7.98623853211009,8.24615384615385,998,8.18937875751503
215,781,8.00930232558139,8.26120358514725,996,8.20682730923695
211,788,8.01895734597156,8.26522842639594,999,8.21321321321321
209,790,8.0,8.28101265822785,999,8.22222222222222
209,789,8.02392344497608,8.25348542458809,998,8.20541082164329
213,786,8.06103286384977,8.28625954198473,999,8.23823823823824
213,786,7.99530516431925,8.24300254452926,999,8.19019019019019
221,776,7.97737556561086,8.23711340206185,997,8.17953861584754
216,782,8.02777777777778,8.20716112531969,998,8.16833667334669
223,775,7.99551569506726,8.20903225806452,998,8.16132264529058
225,774,7.94666666666667,8.19509043927649,999,8.13913913913914
228,769,7.95614035087719,8.18595578673602,997,8.13340020060181
231,768,7.94372294372294,8.19010416666667,999,8.13313313313313
236,763,7.91949152542373,8.17169069462647,999,8.11211211211211
242,757,7.88429752066116,8.16512549537649,999,8.0970970970971
242,756,7.88842975206612,8.14021164021164,998,8.07915831663327
251,748,7.84860557768924,8.16577540106952,999,8.08608608608609
251,743,7.8406374501992,8.16554508748318,994,8.08350100603622
258,738,7.75968992248062,8.13550135501355,996,8.03815261044177
245,753,7.77142857142857,8.1527224435591,998,8.05911823647295
236,763,7.74576271186441,8.16644823066841,999,8.06706706706707
235,764,7.7531914893617,8.15968586387435,999,8.06406406406406
244,753,7.77049180327869,8.11686586985392,997,8.0320962888666
238,761,7.76890756302521,8.14060446780552,999,8.05205205205205
236,761,7.66101694915254,8.12877792378449,997,8.01805416248746
239,760,7.67364016736402,8.16578947368421,999,8.04804804804805
241,758,7.62655601659751,8.17282321899736,999,8.04104104104104
247,752,7.59514170040486,8.21143617021277,999,8.05905905905906
242,755,7.66942148760331,8.22251655629139,997,8.08826479438315
235,763,7.65957446808511,8.22935779816514,998,8.09519038076152
240,759,7.67916666666667,8.22397891963109,999,8.09309309309309
227,771,7.66519823788546,8.28923476005188,998,8.14729458917836
230,769,7.7304347826087,8.30169050715214,999,8.17017017017017
244,752,7.66803278688525,8.30452127659574,996,8.14859437751004
239,760,7.65690376569038,8.3171052631579,999,8.15915915915916
243,755,7.7037037037037,8.34304635761589,998,8.187374749499
239,758,7.69037656903766,8.3179419525066,997,8.16750250752257
241,754,7.67634854771784,8.3183023872679,995,8.16281407035176
237,760,7.64978902953586,8.31973684210526,997,8.160481444333
245,753,7.66938775510204,8.32005312084993,998,8.16032064128257
244,755,7.70901639344262,8.33907284768212,999,8.18518518518519
249,750,7.65060240963855,8.348,999,8.17417417417417
247,749,7.67206477732794,8.30574098798398,996,8.14859437751004
258,740,7.71705426356589,8.32567567567568,998,8.16833667334669
258,740,7.72480620155039,8.33783783783784,998,8.17935871743487
264,735,7.68181818181818,8.32925170068027,999,8.15815815815816
272,727,7.71323529411765,8.33012379642366,999,8.16216216216216
273,726,7.67399267399267,8.3168044077135,999,8.14114114114114
277,721,7.67870036101083,8.29680998613038,998,8.125250501002
281,718,7.67615658362989,8.32729805013928,999,8.14414414414414
268,730,7.7089552238806,8.32465753424658,998,8.15931863727455
270,729,7.68148148148148,8.31824417009602,999,8.14614614614615
275,722,7.66181818181818,8.3421052631579,997,8.15446339017051
281,716,7.64056939501779,8.31983240223464,997,8.1283851554664
290,709,7.63103448275862,8.33004231311707,999,8.12712712712713
289,710,7.70934256055363,8.31408450704225,999,8.13913913913914
282,717,7.70212765957447,8.31938633193863,999,8.14514514514515
287,709,7.69686411149826,8.31452750352609,996,8.13654618473896
286,713,7.67832167832168,8.2805049088359,999,8.10810810810811
284,715,7.67957746478873,8.28531468531468,999,8.11311311311311
279,718,7.7168458781362,8.28133704735376,997,8.12337011033099
271,727,7.72324723247232,8.2585969738652,998,8.11322645290581
271,727,7.71586715867159,8.28198074277854,998,8.12825651302605
277,722,7.68231046931408,8.30470914127424,999,8.13213213213213
277,722,7.68592057761733,8.28947368421053,999,8.12212212212212
283,715,7.73851590106007,8.2993006993007,998,8.14028056112224
279,720,7.74193548387097,8.28472222222222,999,8.13313313313313
279,720,7.74910394265233,8.28472222222222,999,8.13513513513514
279,718,7.78853046594982,8.27019498607242,997,8.13540621865597
277,722,7.77617328519856,8.26038781163435,999,8.12612612612613
273,725,7.78388278388278,8.2248275862069,998,8.10420841683367
276,722,7.78623188405797,8.2617728531856,998,8.13026052104208
284,714,7.83450704225352,8.24929971988795,998,8.1312625250501
287,711,7.85017421602787,8.25035161744023,998,8.13527054108216
278,717,7.78057553956835,8.278940027894,995,8.13969849246231
285,713,7.83157894736842,8.2805049088359,998,8.15230460921844
285,714,7.71228070175439,8.29551820728291,999,8.12912912912913
283,716,7.69257950530035,8.29329608938547,999,8.12312312312312
292,706,7.72260273972603,8.29745042492918,998,8.12925851703407
289,710,7.66782006920415,8.31549295774648,999,8.12812812812813
290,709,7.67931034482759,8.32299012693935,999,8.13613613613614
286,713,7.70979020979021,8.32398316970547,999,8.14814814814815
283,715,7.71378091872791,8.32727272727273,998,8.15330661322645
279,719,7.69175627240143,8.32684283727399,998,8.14929859719439
274,724,7.76277372262774,8.30801104972376,998,8.15831663326653
272,727,7.73529411764706,8.33149931224209,999,8.16916916916917
278,720,7.74820143884892,8.31666666666667,998,8.15831663326653
271,727,7.74907749077491,8.29436038514443,998,8.14629258517034
266,732,7.73308270676692,8.30464480874317,998,8.15230460921844
271,728,7.74169741697417,8.2967032967033,999,8.14614614614615
272,727,7.69117647058824,8.32737276478679,999,8.15415415415415
264,735,7.6969696969697,8.34421768707483,999,8.17317317317317
270,729,7.64814814814815,8.32373113854595,999,8.14114114114114
267,732,7.56928838951311,8.29508196721311,999,8.1011011011011
264,735,7.58333333333333,8.28299319727891,999,8.0980980980981
263,735,7.56653992395437,8.28163265306122,998,8.09318637274549
260,739,7.57692307692308,8.2936400541272,999,8.10710710710711
260,739,7.57307692307692,8.29499323410013,999,8.10710710710711
251,748,7.57768924302789,8.29545454545454,999,8.11511511511512
256,743,7.64453125,8.32166890982503,999,8.14814814814815
256,740,7.63671875,8.3027027027027,996,8.13152610441767
259,740,7.67567567567568,8.27702702702703,999,8.12112112112112
258,740,7.67829457364341,8.31756756756757,998,8.15230460921844
257,740,7.67704280155642,8.3027027027027,997,8.14142427281845
260,739,7.66538461538462,8.34506089309878,999,8.16816816816817
267,732,7.70037453183521,8.34972677595628,999,8.17617617617618
261,737,7.69348659003831,8.35820895522388,998,8.18436873747495
265,734,7.69056603773585,8.35694822888283,999,8.18018018018018
263,735,7.77946768060836,8.35374149659864,998,8.20240480961924
262,736,7.75572519083969,8.37907608695652,998,8.21543086172345
265,734,7.75471698113208,8.40326975476839,999,8.23123123123123
258,741,7.72093023255814,8.39541160593792,999,8.22122122122122
246,753,7.74390243902439,8.34395750332005,999,8.1961961961962
250,749,7.776,8.35113484646195,999,8.20720720720721
256,741,7.765625,8.33738191632929,997,8.19057171514544
257,742,7.73540856031128,8.34770889487871,999,8.19019019019019
253,746,7.79841897233202,8.37801608579088,999,8.23123123123123
258,741,7.77906976744186,8.36302294197031,999,8.21221221221221
257,742,7.75486381322957,8.34501347708895,999,8.19319319319319
259,739,7.6949806949807,8.3234100135318,998,8.16032064128257
263,735,7.73384030418251,8.2843537414966,998,8.13927855711423
261,738,7.69348659003831,8.26016260162602,999,8.11211211211211
258,741,7.75968992248062,8.27665317139001,999,8.14314314314314
265,731,7.74339622641509,8.26812585499316,996,8.1285140562249
256,742,7.82421875,8.27088948787062,998,8.1563126252505
265,734,7.84528301886792,8.26158038147139,999,8.15115115115115
264,735,7.92045454545455,8.24897959183673,999,8.16216216216216
261,737,7.86590038314176,8.23066485753053,998,8.13527054108216
258,740,7.84108527131783,8.21891891891892,998,8.12124248496994
256,742,7.890625,8.22641509433962,998,8.14028056112224
255,743,7.92941176470588,8.23418573351279,998,8.1563126252505
266,732,7.93609022556391,8.20901639344262,998,8.13627254509018
261,735,7.91570881226054,8.22448979591837,996,8.14357429718875
266,732,7.85714285714286,8.27732240437158,998,8.16533066132265
266,733,7.83082706766917,8.27967257844475,999,8.16016016016016
261,737,7.8544061302682,8.30936227951153,998,8.19038076152305
257,741,7.89105058365759,8.26180836707153,998,8.16633266533066
260,739,7.91153846153846,8.25845737483085,999,8.16816816816817
257,742,7.95330739299611,8.24528301886792,999,8.17017017017017
255,743,7.91764705882353,8.24899057873486,998,8.16432865731463
255,744,7.93333333333333,8.24193548387097,999,8.16316316316316
258,740,7.91085271317829,8.2527027027027,998,8.16432865731463
263,734,7.90494296577947,8.26566757493188,997,8.17051153460381
261,737,7.89655172413793,8.24151967435549,998,8.15130260521042
261,738,7.93103448275862,8.25067750677507,999,8.16716716716717
267,731,7.89138576779026,8.2749658002736,998,8.17234468937876
265,733,7.94339622641509,8.27557980900409,998,8.187374749499
256,742,7.92578125,8.31536388140162,998,8.21543086172345
260,737,7.88846153846154,8.3202170963365,997,8.20762286860582
261,737,7.86590038314176,8.31886024423338,998,8.20040080160321
268,730,7.88059701492537,8.31780821917808,998,8.20040080160321
277,721,7.94223826714801,8.32732316227462,998,8.22044088176353
274,722,7.97445255474453,8.32825484764543,996,8.23092369477912
276,719,7.90579710144928,8.30598052851182,995,8.19497487437186
275,724,7.92363636363636,8.29558011049724,999,8.19319319319319
283,715,7.92932862190813,8.29090909090909,998,8.18837675350701
284,715,7.91901408450704,8.27552447552448,999,8.17417417417417
288,708,7.90625,8.25988700564972,996,8.15763052208835
290,709,7.82758620689655,8.2524682651622,999,8.12912912912913
288,711,7.79861111111111,8.27285513361463,999,8.13613613613614
286,710,7.79020979020979,8.27323943661972,996,8.13453815261044
291,707,7.78350515463918,8.24893917963225,998,8.11322645290581
290,709,7.78965517241379,8.2425952045134,999,8.11111111111111
296,703,7.75337837837838,8.22901849217639,999,8.08808808808809
295,704,7.76610169491525,8.21306818181818,999,8.08108108108108
295,702,7.87457627118644,8.22649572649573,997,8.12236710130391
297,702,7.88552188552189,8.23504273504273,999,8.13113113113113
294,705,7.92517006802721,8.2113475177305,999,8.12712712712713
294,704,7.97278911564626,8.20454545454546,998,8.13627254509018
298,699,7.9496644295302,8.19027181688126,997,8.11835506519559
299,700,7.98327759197324,8.18714285714286,999,8.12612612612613
300,697,8.02,8.21090387374462,997,8.15346038114343
310,688,8.01290322580645,8.21511627906977,998,8.15230460921844
315,684,8.01904761904762,8.20175438596491,999,8.14414414414414
310,688,8.04838709677419,8.20203488372093,998,8.15430861723447
321,677,8.04361370716511,8.18020679468242,998,8.13627254509018
319,680,8.09717868338558,8.21176470588235,999,8.17517517517518
321,678,8.09345794392523,8.24483775811209,999,8.1961961961962
317,682,8.11356466876972,8.20821114369502,999,8.17817817817818
313,686,8.01597444089457,8.2463556851312,999,8.17417417417417
314,685,8.04140127388535,8.24087591240876,999,8.17817817817818
316,682,8.07911392405063,8.19208211143695,998,8.1563126252505
315,684,8.09206349206349,8.16666666666667,999,8.14314314314314
316,682,8.02215189873418,8.15102639296188,998,8.11022044088176
321,678,8.0404984423676,8.13274336283186,999,8.1031031031031
318,681,8.11006289308176,8.17327459618208,999,8.15315315315315
321,677,8.15576323987539,8.20236336779911,998,8.187374749499
320,679,8.20625,8.20029455081001,999,8.2022022022022
320,676,8.23125,8.18934911242603,996,8.20281124497992
328,670,8.19817073170732,8.21492537313433,998,8.20941883767535
323,676,8.1609907120743,8.23520710059172,999,8.21121121121121
321,677,8.22118380062305,8.22599704579025,998,8.22444889779559
319,678,8.23197492163009,8.24188790560472,997,8.23871614844534
317,681,8.26182965299684,8.26138032305433,998,8.26152304609218
320,678,8.2375,8.27581120943953,998,8.26352705410822
324,675,8.24691358024691,8.28148148148148,999,8.27027027027027
327,672,8.23853211009174,8.32142857142857,999,8.29429429429429
322,675,8.19875776397516,8.27555555555556,997,8.25075225677031
323,675,8.18266253869969,8.25333333333333,998,8.23046092184369
327,672,8.13455657492355,8.22172619047619,999,8.19319319319319
325,673,8.10769230769231,8.22436849925706,998,8.18637274549098
319,679,8.1128526645768,8.21060382916053,998,8.17935871743487
311,687,8.14147909967846,8.24017467248908,998,8.20941883767535
313,684,8.1405750798722,8.27631578947368,997,8.23370110330993
313,685,8.13418530351438,8.24379562043796,998,8.20941883767535
316,683,8.09177215189873,8.26207906295754,999,8.20820820820821
313,686,8.08626198083067,8.27113702623907,999,8.21321321321321
324,675,8.12654320987654,8.25185185185185,999,8.21121121121121
325,674,8.17846153846154,8.26261127596439,999,8.23523523523524
316,683,8.19936708860759,8.27232796486091,999,8.24924924924925
309,689,8.22006472491909,8.27140783744557,998,8.25551102204409
312,687,8.27564102564103,8.2707423580786,999,8.27227227227227
307,691,8.27687296416938,8.26483357452967,998,8.2685370741483
308,691,8.27922077922078,8.26628075253256,999,8.27027027027027
309,690,8.2168284789644,8.26811594202899,999,8.25225225225225
307,690,8.21498371335505,8.27101449275362,997,8.25376128385155
305,694,8.20983606557377,8.26512968299712,999,8.24824824824825
299,700,8.18394648829431,8.25,999,8.23023023023023
294,705,8.18707482993197,8.27234042553192,999,8.24724724724725
294,705,8.19047619047619,8.28936170212766,999,8.26026026026026
290,709,8.22068965517241,8.25528913963329,999,8.24524524524525
292,706,8.19178082191781,8.26487252124646,998,8.2434869739479
287,710,8.19163763066202,8.27464788732394,997,8.25075225677031
295,704,8.19661016949152,8.25142045454546,999,8.23523523523524
303,696,8.21782178217822,8.2816091954023,999,8.26226226226226
299,700,8.19063545150502,8.27714285714286,999,8.25125125125125
295,701,8.19322033898305,8.30813124108417,996,8.27409638554217
287,711,8.18466898954704,8.32770745428973,998,8.28657314629259
288,709,8.24305555555556,8.33427362482369,997,8.30792377131394
288,711,8.25,8.31645569620253,999,8.2972972972973
287,712,8.2787456445993,8.29634831460674,999,8.29129129129129
285,713,8.25964912280702,8.30014025245442,998,8.28857715430862
282,717,8.24113475177305,8.29567642956764,999,8.28028028028028
285,714,8.27017543859649,8.27170868347339,999,8.27127127127127
279,719,8.26523297491039,8.26286509040334,998,8.26352705410822
278,720,8.32374100719425,8.2875,998,8.29759519038076
278,721,8.30935251798561,8.26907073509015,999,8.28028028028028
273,722,8.3003663003663,8.2590027700831,995,8.27035175879397
270,727,8.29259259259259,8.23933975240715,997,8.25376128385155
267,730,8.29588014981273,8.22465753424657,997,8.24373119358074
267,732,8.28838951310861,8.23360655737705,999,8.24824824824825
266,732,8.28571428571429,8.26092896174863,998,8.26753507014028
277,722,8.24548736462094,8.28254847645429,999,8.27227227227227
287,711,8.26829268292683,8.30098452883263,998,8.29158316633267
294,705,8.24149659863946,8.31205673758865,999,8.29129129129129
297,702,8.23569023569024,8.31339031339031,999,8.29029029029029
297,700,8.21885521885522,8.29142857142857,997,8.26980942828486
306,693,8.2156862745098,8.27849927849928,999,8.25925925925926
306,693,8.15686274509804,8.27272727272727,999,8.23723723723724
305,694,8.15409836065574,8.28962536023055,999,8.24824824824825
310,688,8.18064516129032,8.26162790697674,998,8.23647294589178
316,682,8.13607594936709,8.26979472140762,998,8.22745490981964
314,683,8.19745222929936,8.24597364568082,997,8.23069207622869
315,684,8.16507936507936,8.24415204678363,999,8.21921921921922
314,685,8.17834394904459,8.25255474452555,999,8.22922922922923
314,685,8.14012738853503,8.27883211678832,999,8.23523523523524
313,686,8.12779552715655,8.25947521865889,999,8.21821821821822
304,693,8.0953947368421,8.27994227994228,997,8.22367101303912
309,687,8.07766990291262,8.24163027656477,996,8.19076305220884
301,696,8.01661129568106,8.27155172413793,997,8.19458375125376
304,691,8.03618421052632,8.26772793053546,995,8.19698492462312
304,694,8.0328947368421,8.26224783861671,998,8.19238476953908
303,696,8.02310231023102,8.27298850574713,999,8.1971971971972
294,703,8.10204081632653,8.2574679943101,997,8.21163490471414
296,703,8.06081081081081,8.24466571834993,999,8.19019019019019
298,698,8.04697986577181,8.24785100286533,996,8.18775100401606
301,696,8.08970099667774,8.25431034482759,997,8.20461384152457
303,696,8.08580858085809,8.25431034482759,999,8.2032032032032
301,698,8.13621262458472,8.27507163323782,999,8.23323323323323
304,694,8.17105263157895,8.28097982708934,998,8.24749498997996
307,691,8.17589576547231,8.26049204052098,998,8.23446893787575
307,690,8.15960912052117,8.23043478260869,997,8.2086258776329
312,687,8.19551282051282,8.25764192139738,999,8.23823823823824
311,686,8.13826366559486,8.28134110787172,997,8.23671013039117
304,694,8.18092105263158,8.26945244956772,998,8.24248496993988
303,695,8.10891089108911,8.2705035971223,998,8.22144288577154
302,696,8.08940397350993,8.29022988505747,998,8.22945891783567
303,696,8.06270627062706,8.30890804597701,999,8.23423423423423
300,699,8.03666666666667,8.27896995708154,999,8.20620620620621
300,699,8.03666666666667,8.31902718168813,999,8.23423423423423
297,702,8.06734006734007,8.3019943019943,999,8.23223223223223
294,704,8.07142857142857,8.27698863636364,998,8.21643286573146
294,705,8.10544217687075,8.25673758865248,999,8.21221221221221
292,706,8.13356164383562,8.27903682719547,998,8.23647294589178
294,705,8.09863945578231,8.23404255319149,999,8.19419419419419
297,702,8.12457912457912,8.23076923076923,999,8.1991991991992
300,699,8.15,8.22031473533619,999,8.1991991991992
311,687,8.14147909967846,8.24454148471616,998,8.2124248496994
311,688,8.11254019292605,8.23982558139535,999,8.2002002002002
318,681,8.09748427672956,8.2129221732746,999,8.17617617617618
314,684,8.11464968152866,8.20321637426901,998,8.17535070140281
319,680,8.11912225705329,8.21617647058824,999,8.18518518518519
326,673,8.11349693251534,8.22734026745914,999,8.19019019019019
323,673,8.13622291021672,8.24368499257058,996,8.20883534136546
333,664,8.13213213213213,8.24698795180723,997,8.2086258776329
330,669,8.09393939393939,8.23019431988042,999,8.18518518518519
327,672,8.12232415902141,8.24553571428571,999,8.20520520520521
321,677,8.14018691588785,8.2274741506647,998,8.19939879759519
323,675,8.13003095975232,8.21925925925926,998,8.19038076152305
320,679,8.165625,8.21649484536082,999,8.2002002002002
317,682,8.18927444794953,8.19794721407625,999,8.1951951951952
313,685,8.16932907348243,8.15620437956204,998,8.16032064128257
310,688,8.20967741935484,8.14970930232558,998,8.16833667334669
303,695,8.21782178217822,8.12230215827338,998,8.15130260521042
304,695,8.28618421052632,8.13093525179856,999,8.17817817817818
307,691,8.27035830618892,8.13458755426917,998,8.17635270541082
302,697,8.24503311258278,8.11908177905308,999,8.15715715715716
296,702,8.24324324324324,8.1039886039886,998,8.14529058116232
290,707,8.20689655172414,8.11315417256011,997,8.14042126379137
289,710,8.23529411764706,8.09014084507042,999,8.13213213213213
287,711,8.2404181184669,8.10689170182841,998,8.14529058116232
290,709,8.21724137931034,8.1015514809591,999,8.13513513513514
288,710,8.19791666666667,8.09295774647887,998,8.12324649298597
291,708,8.14776632302405,8.1271186440678,999,8.13313313313313
294,704,8.18707482993197,8.11505681818182,998,8.13627254509018
292,705,8.18493150684932,8.11914893617021,997,8.13841524573721
302,694,8.17549668874172,8.12680115273775,996,8.14156626506024
308,689,8.15584415584416,8.11030478955007,997,8.12437311935807
317,682,8.15772870662461,8.06598240469208,999,8.0950950950951
313,686,8.15015974440895,8.09766763848397,999,8.11411411411411
314,683,8.18152866242038,8.09663250366032,997,8.12337011033099
316,683,8.2373417721519,8.099560761347,999,8.14314314314314
313,686,8.27156549520767,8.11224489795918,999,8.16216216216216
309,690,8.28802588996764,8.10434782608696,999,8.16116116116116
309,690,8.28155339805825,8.08405797101449,999,8.14514514514515
309,689,8.29449838187702,8.06240928882438,998,8.13426853707415
308,691,8.28571428571429,8.0506512301013,999,8.12312312312312
308,689,8.31168831168831,8.06821480406386,997,8.14343029087262
302,697,8.29470198675497,8.06312769010043,999,8.13313313313313
300,699,8.33666666666667,8.06294706723891,999,8.14514514514515
294,705,8.37074829931973,8.07517730496454,999,8.16216216216216
291,708,8.34020618556701,8.0635593220339,999,8.14414414414414
291,708,8.36426116838488,8.06920903954802,999,8.15515515515516
295,704,8.36949152542373,8.08096590909091,999,8.16616616616617
299,700,8.41471571906355,8.09857142857143,999,8.19319319319319
299,699,8.31438127090301,8.10443490701002,998,8.16733466933868
299,699,8.29096989966555,8.07439198855508,998,8.13927855711423
290,709,8.30344827586207,8.10578279266573,999,8.16316316316316
290,707,8.29655172413793,8.11456859971712,997,8.16750250752257
293,706,8.32423208191126,8.14872521246459,999,8.2002002002002
290,709,8.30344827586207,8.15655853314528,999,8.1991991991992
301,697,8.29900332225914,8.14634146341463,998,8.19238476953908
303,696,8.29042904290429,8.14655172413793,999,8.19019019019019
312,685,8.32371794871795,8.14744525547445,997,8.20260782347041
318,681,8.35220125786164,8.13362701908957,999,8.2032032032032
324,672,8.37345679012346,8.13541666666667,996,8.21285140562249
330,669,8.36666666666667,8.14050822122571,999,8.21521521521522
329,670,8.35562310030395,8.11343283582089,999,8.19319319319319
