forward_num,reverse_num,forward_rate,reverse_rate,organism_num,organism_rate
5,5,5.0,5.0,10,5.0
5,5,5.0,5.0,10,5.0
5,5,5.0,5.0,10,5.0
6,5,4.5,5.0,11,4.72727272727273
7,5,5.28571428571429,5.0,12,5.16666666666667
8,7,4.75,5.28571428571429,15,5.0
11,8,4.81818181818182,4.75,19,4.78947368421053
13,8,4.61538461538461,4.75,21,4.66666666666667
15,11,4.53333333333333,4.90909090909091,26,4.69230769230769
17,11,4.64705882352941,4.90909090909091,28,4.75
19,14,4.89473684210526,4.78571428571429,33,4.84848484848485
24,15,4.95833333333333,4.66666666666667,39,4.84615384615385
28,18,4.67857142857143,4.33333333333333,46,4.54347826086957
33,19,4.6969696969697,4.57894736842105,52,4.65384615384615
40,22,4.775,4.36363636363636,62,4.62903225806452
45,25,4.71111111111111,4.6,70,4.67142857142857
53,27,4.79245283018868,4.51851851851852,80,4.7
60,30,4.76666666666667,4.7,90,4.74444444444444
71,36,4.46478873239437,4.52777777777778,107,4.48598130841121
86,41,4.43023255813953,4.4390243902439,127,4.43307086614173
95,46,4.55789473684211,4.28260869565217,141,4.46808510638298
121,50,4.65289256198347,4.16,171,4.50877192982456
131,54,4.78625954198473,4.44444444444444,185,4.68648648648649
158,63,4.79113924050633,4.73015873015873,221,4.7737556561086
184,72,4.89130434782609,4.72222222222222,256,4.84375
228,78,4.93421052631579,4.65384615384615,306,4.86274509803922
258,90,4.9031007751938,4.65555555555556,348,4.83908045977012
317,102,4.8391167192429,4.64705882352941,419,4.79236276849642
364,118,4.80769230769231,4.83898305084746,482,4.81535269709544
440,134,4.74772727272727,4.88805970149254,574,4.78048780487805
507,153,4.71794871794872,4.89542483660131,660,4.75909090909091
597,170,4.74204355108878,4.80588235294118,767,4.75619295958279
706,199,4.71671388101983,4.79396984924623,905,4.73370165745856
786,213,4.70229007633588,4.82159624413146,999,4.72772772772773
781,215,4.7067861715749,4.81860465116279,996,4.73092369477912
781,216,4.69142125480154,4.81018518518519,997,4.71715145436309
784,215,4.75637755102041,4.87906976744186,999,4.78278278278278
780,218,4.67820512820513,5.0045871559633,998,4.74949899799599
782,217,4.70716112531969,5.02764976958525,999,4.77677677677678
781,218,4.69014084507042,5.05045871559633,999,4.76876876876877
789,210,4.74017743979721,5.01428571428571,999,4.7977977977978
781,218,4.78104993597951,4.97247706422018,999,4.82282282282282
781,218,4.80537772087068,4.98165137614679,999,4.84384384384384
780,219,4.79487179487179,4.99543378995434,999,4.83883883883884
783,216,4.84291187739464,4.98611111111111,999,4.87387387387387
794,204,4.82619647355164,4.94607843137255,998,4.85070140280561
797,202,4.82434127979925,4.89108910891089,999,4.83783783783784
801,197,4.83395755305868,5.01015228426396,998,4.8687374749499
795,202,4.88427672955975,5.0049504950495,997,4.90872617853561
800,198,4.87,4.99494949494949,998,4.89478957915832
801,197,4.83395755305868,5.02030456852792,998,4.87074148296593
803,194,4.87173100871731,5.08247422680412,997,4.91273821464393
797,200,4.87076537013802,5.035,997,4.9037111334002
795,203,4.84779874213837,5.06896551724138,998,4.89278557114228
799,198,4.80600750938673,4.97979797979798,997,4.84052156469408
793,206,4.74653215636822,5.03883495145631,999,4.80680680680681
795,202,4.74088050314465,4.90594059405941,997,4.77432296890672
807,192,4.72366790582404,4.90625,999,4.75875875875876
807,191,4.6815365551425,4.83769633507853,998,4.71142284569138
806,193,4.6439205955335,4.82901554404145,999,4.67967967967968
798,200,4.65037593984962,4.88,998,4.69639278557114
796,202,4.63693467336683,4.87128712871287,998,4.68436873747495
797,202,4.57967377666248,4.88613861386139,999,4.64164164164164
794,203,4.6007556675063,4.82266009852217,997,4.64593781344032
793,205,4.6078184110971,4.80487804878049,998,4.64829659318637
805,194,4.6223602484472,4.70103092783505,999,4.63763763763764
801,197,4.62671660424469,4.84263959390863,998,4.66933867735471
805,194,4.6360248447205,4.80412371134021,999,4.66866866866867
805,193,4.65465838509317,4.81865284974093,998,4.68637274549098
799,199,4.63579474342929,4.68844221105528,998,4.64629258517034
812,185,4.66625615763547,4.75675675675676,997,4.68304914744233
816,182,4.64093137254902,4.95054945054945,998,4.69739478957916
806,192,4.64267990074442,4.9375,998,4.69939879759519
803,196,4.63636363636364,5.03571428571429,999,4.71471471471471
809,189,4.59208899876391,4.96825396825397,998,4.66332665330661
807,190,4.63320941759603,4.98421052631579,997,4.70010030090271
812,187,4.60837438423645,4.94117647058824,999,4.67067067067067
815,182,4.57423312883436,4.77472527472527,997,4.61083249749248
806,193,4.57940446650124,4.79274611398964,999,4.62062062062062
809,190,4.57601977750309,4.84210526315789,999,4.62662662662663
809,189,4.57354758961681,4.92063492063492,998,4.63927855711423
814,185,4.57002457002457,4.96756756756757,999,4.64364364364364
808,191,4.65346534653465,4.95287958115183,999,4.71071071071071
807,191,4.66542750929368,4.86387434554974,998,4.70340681362725
809,189,4.63906056860321,4.83597883597884,998,4.67635270541082
800,198,4.62125,4.73232323232323,998,4.64328657314629
802,197,4.64713216957606,4.82233502538071,999,4.68168168168168
795,202,4.65911949685535,4.76237623762376,997,4.68004012036108
798,199,4.66040100250627,4.65829145728643,997,4.65997993981946
796,203,4.68844221105528,4.61083743842365,999,4.67267267267267
799,200,4.77722152690864,4.66,999,4.75375375375375
804,194,4.73756218905473,4.6340206185567,998,4.71743486973948
808,190,4.66831683168317,4.65789473684211,998,4.66633266533066
816,183,4.63602941176471,4.76502732240437,999,4.65965965965966
813,184,4.69372693726937,4.78804347826087,997,4.7111334002006
812,187,4.68472906403941,4.6524064171123,999,4.67867867867868
820,179,4.6390243902439,4.44134078212291,999,4.6036036036036
813,185,4.69741697416974,4.42702702702703,998,4.64729458917836
813,186,4.67281672816728,4.47849462365591,999,4.63663663663664
815,182,4.76319018404908,4.45054945054945,997,4.7061183550652
817,181,4.78212974296206,4.45303867403315,998,4.72244488977956
827,172,4.70979443772672,4.42441860465116,999,4.66066066066066
819,179,4.70573870573871,4.43575418994413,998,4.65731462925852
825,173,4.68,4.42774566473988,998,4.63627254509018
825,174,4.69454545454545,4.37931034482759,999,4.63963963963964
831,167,4.70517448856799,4.29940119760479,998,4.6372745490982
837,160,4.75627240143369,4.3625,997,4.69307923771314
830,164,4.67590361445783,4.40243902439024,994,4.6307847082495
846,153,4.6548463356974,4.34640522875817,999,4.60760760760761
851,148,4.63337250293772,4.34459459459459,999,4.59059059059059
857,140,4.65577596266044,4.38571428571429,997,4.61785356068205
859,139,4.60884749708964,4.28776978417266,998,4.56412825651303
863,136,4.59791425260718,4.31617647058824,999,4.55955955955956
861,138,4.61324041811847,4.48550724637681,999,4.5955955955956
868,131,4.61175115207373,4.38167938931298,999,4.58158158158158
869,129,4.61334867663982,4.46511627906977,998,4.59418837675351
866,133,4.61662817551963,4.47368421052632,999,4.5975975975976
870,127,4.59310344827586,4.45669291338583,997,4.57572718154463
874,125,4.60411899313501,4.424,999,4.58158158158158
873,126,4.59564719358534,4.45238095238095,999,4.57757757757758
868,131,4.60599078341014,4.34351145038168,999,4.57157157157157
869,129,4.60644418872267,4.41085271317829,998,4.5811623246493
872,125,4.5802752293578,4.528,997,4.57372116349047
870,127,4.55632183908046,4.59842519685039,997,4.5616850551655
873,126,4.56930126002291,4.63492063492064,999,4.57757757757758
874,124,4.62929061784897,4.7741935483871,998,4.64729458917836
877,120,4.70125427594071,4.70833333333333,997,4.70210631895687
884,115,4.66628959276018,4.63478260869565,999,4.66266266266266
887,112,4.695603156708,4.71428571428571,999,4.6976976976977
889,109,4.64229471316085,4.70642201834862,998,4.64929859719439
889,109,4.67829021372328,4.51376146788991,998,4.66032064128257
889,110,4.65354330708661,4.7,999,4.65865865865866
892,106,4.59080717488789,4.71698113207547,998,4.60420841683367
894,104,4.58948545861297,4.75961538461539,998,4.60721442885772
897,102,4.55741360089186,4.75490196078431,999,4.57757757757758
894,105,4.56599552572707,4.81904761904762,999,4.59259259259259
896,103,4.55245535714286,4.63106796116505,999,4.56056056056056
901,97,4.5338512763596,4.85567010309278,998,4.56513026052104
900,98,4.50333333333333,4.91836734693878,998,4.54408817635271
899,100,4.46273637374861,5.05,999,4.52152152152152
900,99,4.51666666666667,4.82828282828283,999,4.54754754754755
906,93,4.51655629139073,4.81720430107527,999,4.54454454454454
909,90,4.56105610561056,5.0,999,4.6006006006006
912,87,4.53179824561404,5.25287356321839,999,4.59459459459459
919,80,4.59085963003264,4.875,999,4.61361361361361
921,78,4.59500542888165,5.02564102564103,999,4.62862862862863
920,79,4.59782608695652,5.07594936708861,999,4.63563563563564
917,82,4.56815703380589,4.9390243902439,999,4.5985985985986
921,77,4.60694896851249,4.96103896103896,998,4.63426853707415
920,78,4.63695652173913,5.0,998,4.66533066132265
919,79,4.58759521218716,5.0126582278481,998,4.62124248496994
915,82,4.56830601092896,4.9390243902439,997,4.5987963891675
918,81,4.56427015250545,4.85185185185185,999,4.58758758758759
922,77,4.60845986984816,4.75324675324675,999,4.61961961961962
920,78,4.64673913043478,4.67948717948718,998,4.64929859719439
922,74,4.66268980477223,4.74324324324324,996,4.66867469879518
926,72,4.6511879049676,4.79166666666667,998,4.66132264529058
922,76,4.65509761388286,4.65789473684211,998,4.65531062124249
921,78,4.63952225841477,4.62820512820513,999,4.63863863863864
918,81,4.60239651416122,4.45679012345679,999,4.59059059059059
915,84,4.62513661202186,4.51190476190476,999,4.61561561561562
915,83,4.63060109289617,4.48192771084337,998,4.61823647294589
918,81,4.65141612200436,4.54320987654321,999,4.64264264264264
915,83,4.60655737704918,4.43373493975904,998,4.59218436873747
915,82,4.60655737704918,4.51219512195122,997,4.5987963891675
910,87,4.60989010989011,4.49425287356322,997,4.59979939819458
912,87,4.63706140350877,4.49425287356322,999,4.62462462462462
906,92,4.65673289183223,4.41304347826087,998,4.63426853707415
909,90,4.66886688668867,4.35555555555556,999,4.64064064064064
910,88,4.61538461538461,4.25,998,4.58316633266533
913,86,4.6144578313253,4.2093023255814,999,4.57957957957958
913,86,4.6078860898138,4.56976744186047,999,4.6046046046046
904,94,4.64823008849558,4.53191489361702,998,4.6372745490982
904,93,4.63495575221239,4.48387096774194,997,4.62086258776329
908,91,4.65748898678414,4.48351648351648,999,4.64164164164164
908,91,4.68392070484582,4.49450549450549,999,4.66666666666667
907,92,4.73428886438809,4.48913043478261,999,4.71171171171171
914,84,4.66192560175055,4.48809523809524,998,4.64729458917836
917,82,4.65648854961832,4.48780487804878,999,4.64264264264264
919,80,4.63656147986942,4.375,999,4.61561561561562
920,79,4.63695652173913,4.40506329113924,999,4.61861861861862
923,76,4.65980498374865,4.5,999,4.64764764764765
927,72,4.71413160733549,4.68055555555556,999,4.71171171171171
921,78,4.65906623235613,4.85897435897436,999,4.67467467467467
920,78,4.73478260869565,4.69230769230769,998,4.7314629258517
918,80,4.74727668845316,4.725,998,4.74549098196393
922,77,4.7060737527115,4.66233766233766,999,4.7027027027027
919,80,4.72687704026115,4.7,999,4.72472472472472
919,79,4.68008705114255,4.84810126582278,998,4.69338677354709
919,80,4.69640914036997,4.5875,999,4.68768768768769
916,81,4.74672489082969,4.53086419753086,997,4.72918756268806
922,77,4.7353579175705,4.41558441558442,999,4.71071071071071
922,77,4.69848156182213,4.45454545454545,999,4.67967967967968
916,82,4.69323144104804,4.67073170731707,998,4.69138276553106
915,82,4.71256830601093,4.69512195121951,997,4.7111334002006
918,81,4.74183006535948,4.62962962962963,999,4.73273273273273
922,77,4.75488069414317,4.57142857142857,999,4.74074074074074
917,81,4.76335877862595,4.60493827160494,998,4.75050100200401
923,76,4.73889490790899,4.75,999,4.73973973973974
922,76,4.76681127982646,4.97368421052632,998,4.78256513026052
918,80,4.76579520697168,4.975,998,4.78256513026052
919,79,4.759521218716,5.06329113924051,998,4.78356713426854
916,83,4.75109170305677,4.81927710843374,999,4.75675675675676
920,78,4.7445652173913,4.85897435897436,998,4.75350701402806
920,79,4.80217391304348,4.62025316455696,999,4.78778778778779
919,77,4.79651795429815,4.7012987012987,996,4.78915662650602
922,74,4.71041214750542,4.82432432432432,996,4.71887550200803
922,77,4.66160520607375,4.79220779220779,999,4.67167167167167
924,74,4.64502164502164,4.81081081081081,998,4.65731462925852
921,78,4.68946796959826,4.88461538461539,999,4.7047047047047
916,81,4.67576419213974,4.87654320987654,997,4.69207622868606
917,82,4.5845147219193,4.57317073170732,999,4.58358358358358
922,77,4.56290672451193,4.54545454545455,999,4.56156156156156
923,75,4.59804983748646,4.58666666666667,998,4.59719438877756
923,76,4.70639219934995,4.60526315789474,999,4.6986986986987
927,72,4.70873786407767,4.84722222222222,999,4.71871871871872
924,75,4.6991341991342,4.97333333333333,999,4.71971971971972
924,75,4.67640692640693,5.21333333333333,999,4.71671671671672
917,81,4.66521264994547,5.2962962962963,998,4.71643286573146
917,82,4.64776444929117,5.24390243902439,999,4.6966966966967
918,81,4.63616557734205,5.34567901234568,999,4.69369369369369
918,81,4.63834422657952,5.2962962962963,999,4.69169169169169
914,85,4.61597374179431,5.22352941176471,999,4.66766766766767
915,84,4.6,5.33333333333333,999,4.66166166166166
911,87,4.61470911086718,5.28735632183908,998,4.67334669338677
910,89,4.56373626373626,5.42696629213483,999,4.64064064064064
910,89,4.53186813186813,5.53932584269663,999,4.62162162162162
906,92,4.52538631346578,5.51086956521739,998,4.61623246492986
911,87,4.50164654226125,5.49425287356322,998,4.58817635270541
903,96,4.46733111849391,5.22916666666667,999,4.54054054054054
902,97,4.51884700665188,5.1340206185567,999,4.57857857857858
905,93,4.45745856353591,5.18279569892473,998,4.5250501002004
900,98,4.44777777777778,5.14285714285714,998,4.51603206412826
901,98,4.47835738068812,5.14285714285714,999,4.54354354354354
901,97,4.5149833518313,5.22680412371134,998,4.58416833667335
896,102,4.52901785714286,5.16666666666667,998,4.59418837675351
900,98,4.58333333333333,5.24489795918367,998,4.64829659318637
903,96,4.59136212624585,5.01041666666667,999,4.63163163163163
902,96,4.59977827050998,5.14583333333333,998,4.65230460921844
899,100,4.59510567296997,5.14,999,4.64964964964965
902,95,4.64855875831486,5.10526315789474,997,4.69207622868606
904,93,4.6283185840708,5.03225806451613,997,4.66599799398195
909,90,4.64356435643564,4.95555555555556,999,4.67167167167167
906,91,4.68763796909492,4.86813186813187,997,4.70411233701103
914,83,4.70240700218818,4.65060240963855,997,4.69809428284855
916,83,4.67248908296943,4.66265060240964,999,4.67167167167167
916,82,4.71397379912664,4.64634146341463,998,4.70841683366733
918,81,4.74945533769063,4.59259259259259,999,4.73673673673674
918,81,4.7636165577342,4.61728395061728,999,4.75175175175175
922,77,4.80043383947939,4.71428571428571,999,4.79379379379379
914,82,4.77024070021882,4.80487804878049,996,4.77309236947791
918,81,4.72875816993464,4.93827160493827,999,4.74574574574575
917,82,4.77535441657579,4.81707317073171,999,4.77877877877878
916,83,4.72052401746725,4.81927710843374,999,4.72872872872873
918,81,4.69607843137255,4.85185185185185,999,4.70870870870871
921,78,4.71769815418024,4.92307692307692,999,4.73373373373373
921,77,4.75787187839305,4.90909090909091,998,4.76953907815631
922,76,4.77331887201735,4.88157894736842,998,4.7815631262525
925,74,4.79783783783784,5.10810810810811,999,4.82082082082082
926,73,4.78509719222462,4.98630136986301,999,4.7997997997998
928,71,4.73922413793103,5.05633802816901,999,4.76176176176176
932,66,4.74570815450644,5.1969696969697,998,4.77555110220441
943,56,4.77200424178155,5.30357142857143,999,4.8018018018018
945,52,4.75978835978836,5.53846153846154,997,4.80040120361083
948,51,4.69303797468354,5.68627450980392,999,4.74374374374374
948,50,4.67299578059072,5.48,998,4.71342685370742
947,52,4.66948257655755,5.30769230769231,999,4.7027027027027
945,54,4.65502645502646,5.11111111111111,999,4.67967967967968
946,53,4.64164904862579,5.24528301886792,999,4.67367367367367
946,53,4.61205073995772,5.24528301886792,999,4.64564564564565
942,56,4.64331210191083,5.35714285714286,998,4.68336673346693
940,58,4.69468085106383,5.5,998,4.74148296593186
934,65,4.66059957173448,5.26153846153846,999,4.6996996996997
936,63,4.66025641025641,5.19047619047619,999,4.69369369369369
942,57,4.63163481953291,5.17543859649123,999,4.66266266266266
941,57,4.63761955366631,5.05263157894737,998,4.66132264529058
939,60,4.580404685836,4.65,999,4.58458458458458
941,58,4.63018065887354,4.79310344827586,999,4.63963963963964
940,57,4.54574468085106,4.50877192982456,997,4.54363089267803
949,50,4.56269757639621,4.28,999,4.54854854854855
948,51,4.60443037974684,4.27450980392157,999,4.58758758758759
950,49,4.59263157894737,4.3265306122449,999,4.57957957957958
947,51,4.56388595564942,4.09803921568627,998,4.54008016032064
948,51,4.58966244725738,4.0,999,4.55955955955956
946,52,4.59936575052854,3.96153846153846,998,4.56613226452906
948,51,4.58227848101266,3.84313725490196,999,4.54454454454454
946,53,4.66807610993657,3.67924528301887,999,4.61561561561562
955,44,4.75811518324607,3.90909090909091,999,4.72072072072072
961,38,4.76899063475546,4.05263157894737,999,4.74174174174174
959,39,4.77059436913451,4.33333333333333,998,4.75350701402806
955,42,4.80104712041885,4.47619047619048,997,4.78736208625878
957,42,4.79728317659352,4.28571428571429,999,4.77577577577578
957,40,4.78265412748171,3.875,997,4.74623871614845
963,36,4.78089304257529,4.11111111111111,999,4.75675675675676
960,37,4.77708333333333,4.08108108108108,997,4.75125376128385
964,35,4.74273858921162,4.22857142857143,999,4.72472472472472
961,38,4.75546305931322,4.23684210526316,999,4.73573573573574
960,39,4.72291666666667,4.28205128205128,999,4.70570570570571
956,40,4.71966527196653,4.425,996,4.70783132530121
960,39,4.73958333333333,4.51282051282051,999,4.73073073073073
959,39,4.72367049009385,4.84615384615385,998,4.72845691382765
957,41,4.82027168234065,4.5609756097561,998,4.80961923847695
954,44,4.81132075471698,4.47727272727273,998,4.79659318637275
957,42,4.80146290491118,4.33333333333333,999,4.78178178178178
955,39,4.83664921465969,4.35897435897436,994,4.81790744466801
959,39,4.80187695516163,4.30769230769231,998,4.78256513026052
961,38,4.82830385015609,4.60526315789474,999,4.81981981981982
957,42,4.8098223615465,4.71428571428571,999,4.80580580580581
956,42,4.82949790794979,4.66666666666667,998,4.82264529058116
955,42,4.76649214659686,4.71428571428571,997,4.76429287863591
956,43,4.80439330543933,4.55813953488372,999,4.79379379379379
955,43,4.76858638743455,4.48837209302326,998,4.7565130260521
958,41,4.74530271398747,4.48780487804878,999,4.73473473473473
957,40,4.75653082549634,4.425,997,4.7432296890672
959,39,4.7674661105318,4.33333333333333,998,4.75050100200401
962,37,4.75051975051975,4.43243243243243,999,4.73873873873874
960,38,4.696875,4.36842105263158,998,4.68436873747495
964,35,4.7396265560166,4.25714285714286,999,4.72272272272272
961,36,4.7783558792924,4.30555555555556,997,4.76128385155466
965,34,4.69948186528497,4.26470588235294,999,4.68468468468468
961,36,4.67845993756504,4.36111111111111,997,4.66700100300903
959,39,4.72054223149114,4.30769230769231,998,4.70440881763527
963,36,4.75597092419522,4.30555555555556,999,4.73973973973974
960,36,4.7375,4.22222222222222,996,4.71887550200803
963,36,4.75285565939772,4.30555555555556,999,4.73673673673674
961,38,4.70551508844953,4.47368421052632,999,4.6966966966967
962,37,4.73284823284823,4.62162162162162,999,4.72872872872873
964,34,4.7551867219917,4.67647058823529,998,4.75250501002004
960,38,4.74166666666667,4.60526315789474,998,4.73647294589178
962,36,4.70686070686071,4.58333333333333,998,4.70240480961924
963,36,4.69470404984424,4.83333333333333,999,4.6996996996997
966,33,4.69875776397516,4.87878787878788,999,4.7047047047047
966,32,4.66873706004141,4.96875,998,4.67835671342685
962,36,4.70893970893971,4.97222222222222,998,4.7184368737475
964,33,4.6856846473029,4.90909090909091,997,4.69307923771314
963,36,4.68743509865005,4.72222222222222,999,4.68868868868869
959,37,4.65380604796663,4.91891891891892,996,4.6636546184739
961,38,4.55775234131113,4.73684210526316,999,4.56456456456456
959,40,4.59332638164755,4.55,999,4.59159159159159
958,41,4.59394572025052,4.58536585365854,999,4.59359359359359
961,36,4.59729448491155,4.72222222222222,997,4.60180541624875
961,38,4.62434963579605,4.84210526315789,999,4.63263263263263
963,35,4.64901349948079,5.14285714285714,998,4.66633266533066
965,33,4.66113989637306,5.06060606060606,998,4.67434869739479
959,40,4.67570385818561,4.875,999,4.68368368368368
961,37,4.68678459937565,4.7027027027027,998,4.687374749499
960,38,4.66875,4.76315789473684,998,4.67234468937876
961,38,4.64516129032258,4.78947368421053,999,4.65065065065065
961,38,4.7044745057232,4.76315789473684,999,4.70670670670671
963,36,4.68120456905504,4.97222222222222,999,4.69169169169169
965,33,4.68186528497409,4.90909090909091,998,4.68937875751503
960,36,4.690625,4.63888888888889,996,4.68875502008032
961,37,4.65452653485952,4.67567567567568,998,4.65531062124249
964,35,4.66182572614108,4.74285714285714,999,4.66466466466466
964,35,4.60995850622407,4.91428571428571,999,4.62062062062062
963,34,4.68016614745587,5.05882352941176,997,4.69307923771314
968,31,4.69628099173554,5.0,999,4.70570570570571
966,33,4.72360248447205,5.27272727272727,999,4.74174174174174
966,33,4.75155279503106,5.42424242424242,999,4.77377377377377
966,31,4.73291925465838,5.25806451612903,997,4.74924774322969
965,31,4.7139896373057,4.96774193548387,996,4.7218875502008
964,35,4.73029045643154,4.91428571428571,999,4.73673673673674
965,34,4.73886010362694,4.97058823529412,999,4.74674674674675
963,35,4.71235721703011,4.8,998,4.71543086172345
963,35,4.72377985462098,4.85714285714286,998,4.72845691382765
963,35,4.70508826583593,4.91428571428571,998,4.7124248496994
963,36,4.71028037383178,5.08333333333333,999,4.72372372372372
959,40,4.71637122002086,4.825,999,4.72072072072072
962,37,4.67567567567568,4.91891891891892,999,4.68468468468468
959,36,4.67674661105318,4.86111111111111,995,4.68341708542714
960,39,4.65104166666667,4.69230769230769,999,4.65265265265265
958,40,4.68475991649269,4.525,998,4.67835671342685
961,38,4.64308012486993,4.65789473684211,999,4.64364364364364
963,36,4.63966770508827,4.94444444444444,999,4.65065065065065
963,36,4.63655244029076,5.02777777777778,999,4.65065065065065
962,36,4.62474012474012,4.97222222222222,998,4.6372745490982
964,34,4.59336099585062,4.85294117647059,998,4.60220440881764
962,34,4.61538461538461,5.17647058823529,996,4.63453815261044
965,33,4.6279792746114,4.75757575757576,998,4.63226452905812
969,30,4.66976264189887,4.8,999,4.67367367367367
968,30,4.62190082644628,4.7,998,4.62424849699399
969,29,4.63983488132095,4.79310344827586,998,4.64428857715431
973,25,4.63001027749229,4.44,998,4.625250501002
973,26,4.56423432682425,4.38461538461539,999,4.55955955955956
972,25,4.59670781893004,4.28,997,4.58876629889669
973,24,4.52723535457348,4.25,997,4.52056168505517
974,25,4.50616016427105,4.56,999,4.50750750750751
974,25,4.5,4.24,999,4.49349349349349
974,25,4.51642710472279,4.2,999,4.50850850850851
974,24,4.54209445585216,4.16666666666667,998,4.53306613226453
973,26,4.55292908530319,4.07692307692308,999,4.54054054054054
972,26,4.58950617283951,4.07692307692308,998,4.57615230460922
970,28,4.60412371134021,4.14285714285714,998,4.59118236472946
969,29,4.62538699690402,4.27586206896552,998,4.61523046092184
970,28,4.65360824742268,4.21428571428571,998,4.64128256513026
973,26,4.73689619732785,4.5,999,4.73073073073073
973,26,4.79239465570401,4.57692307692308,999,4.78678678678679
973,26,4.77800616649538,4.57692307692308,999,4.77277277277277
970,28,4.78556701030928,4.53571428571429,998,4.77855711422846
966,31,4.76501035196687,4.41935483870968,997,4.7542627883651
970,29,4.71443298969072,4.44827586206897,999,4.70670670670671
968,29,4.71177685950413,4.17241379310345,997,4.69608826479438
971,28,4.74150360453141,4.0,999,4.72072072072072
971,28,4.73532440782698,4.21428571428571,999,4.72072072072072
972,26,4.69135802469136,4.11538461538461,998,4.67635270541082
973,25,4.62589928057554,4.16,998,4.61422845691383
975,24,4.69025641025641,3.875,999,4.67067067067067
980,19,4.6765306122449,3.73684210526316,999,4.65865865865866
976,19,4.67622950819672,3.73684210526316,995,4.65829145728643
982,16,4.69551934826884,3.5625,998,4.67735470941884
984,15,4.66768292682927,3.4,999,4.64864864864865
985,14,4.64670050761421,3.78571428571429,999,4.63463463463463
984,15,4.67174796747967,3.8,999,4.65865865865866
983,15,4.64394710071211,3.8,998,4.6312625250501
984,15,4.68191056910569,3.33333333333333,999,4.66166166166166
985,14,4.64263959390863,3.14285714285714,999,4.62162162162162
985,13,4.68223350253807,3.69230769230769,998,4.66933867735471
984,14,4.66463414634146,3.85714285714286,998,4.65330661322645
985,14,4.68324873096447,3.85714285714286,999,4.67167167167167
983,14,4.74872838250254,3.78571428571429,997,4.73520561685055
987,11,4.80040526849038,3.90909090909091,998,4.79058116232465
988,11,4.79048582995951,3.90909090909091,999,4.78078078078078
988,10,4.78542510121457,3.7,998,4.77454909819639
987,12,4.7548125633232,4.16666666666667,999,4.74774774774775
988,11,4.71153846153846,4.63636363636364,999,4.71071071071071
988,11,4.68421052631579,4.63636363636364,999,4.68368368368368
989,9,4.72497472194136,4.88888888888889,998,4.72645290581162
991,8,4.70534813319879,5.0,999,4.70770770770771
990,9,4.72222222222222,4.77777777777778,999,4.72272272272272
988,10,4.71558704453441,5.2,998,4.72044088176353
986,12,4.70081135902637,5.41666666666667,998,4.70941883767535
989,9,4.68655207280081,5.66666666666667,998,4.69539078156313
989,10,4.66936299292214,5.4,999,4.67667667667668
989,10,4.71587462082912,5.4,999,4.72272272272272
989,10,4.68655207280081,5.4,999,4.69369369369369
988,11,4.667004048583,5.72727272727273,999,4.67867867867868
990,9,4.67070707070707,4.77777777777778,999,4.67167167167167
990,8,4.67171717171717,4.375,998,4.66933867735471
991,8,4.70131180625631,5.0,999,4.7037037037037
992,7,4.6633064516129,5.0,999,4.66566566566567
992,7,4.66733870967742,5.0,999,4.66966966966967
991,7,4.6912209889001,4.85714285714286,998,4.69238476953908
992,7,4.70665322580645,4.85714285714286,999,4.70770770770771
990,8,4.7010101010101,4.875,998,4.70240480961924
992,7,4.67338709677419,4.28571428571429,999,4.67067067067067
991,7,4.65085771947528,4.14285714285714,998,4.64729458917836
991,7,4.67507568113017,4.14285714285714,998,4.67134268537074
994,5,4.68209255533199,3.4,999,4.67567567567568
992,5,4.67439516129032,3.4,997,4.66800401203611
993,5,4.6294058408862,3.4,998,4.62324649298597
993,5,4.60422960725076,3.4,998,4.59819639278557
993,6,4.56998992950655,3.33333333333333,999,4.56256256256256
996,3,4.59136546184739,4.0,999,4.58958958958959
995,3,4.67939698492462,4.0,998,4.67735470941884
995,2,4.68844221105528,5.0,997,4.68906720160481
995,3,4.71356783919598,4.33333333333333,998,4.7124248496994
996,3,4.71184738955823,4.33333333333333,999,4.71071071071071
995,3,4.72663316582915,4.33333333333333,998,4.72545090180361
994,4,4.71830985915493,4.75,998,4.7184368737475
996,3,4.65562248995984,3.66666666666667,999,4.65265265265265
996,3,4.60843373493976,3.66666666666667,999,4.60560560560561
994,3,4.67605633802817,3.66666666666667,997,4.67301905717151
995,3,4.60804020100502,3.66666666666667,998,4.60521042084168
997,2,4.58976930792377,4.0,999,4.58858858858859
997,2,4.60381143430291,4.0,999,4.6026026026026
997,2,4.5987963891675,4.0,999,4.5975975975976
996,2,4.59638554216868,4.0,998,4.59519038076152
995,2,4.60100502512563,4.0,997,4.59979939819458
996,2,4.66064257028112,4.0,998,4.65931863727455
997,2,4.69709127382146,4.0,999,4.6956956956957
995,4,4.78391959798995,5.75,999,4.78778778778779
995,4,4.74974874371859,5.75,999,4.75375375375375
994,4,4.77162977867203,5.75,998,4.77555110220441
995,3,4.81809045226131,6.0,998,4.82164328657315
995,3,4.83115577889447,6.0,998,4.83466933867735
993,3,4.80261832829809,6.0,996,4.80622489959839
995,3,4.75175879396985,6.0,998,4.75551102204409
996,3,4.78413654618474,6.0,999,4.78778778778779
993,3,4.730110775428,6.0,996,4.73393574297189
996,2,4.74698795180723,7.5,998,4.75250501002004
994,2,4.74346076458753,7.5,996,4.74899598393574
999,0,4.73173173173173,NaN,999,4.73173173173173
998,0,4.70340681362725,NaN,998,4.70340681362725
997,0,4.71815446339017,NaN,997,4.71815446339017
997,0,4.69709127382146,NaN,997,4.69709127382146
998,0,4.70240480961924,NaN,998,4.70240480961924
998,0,4.69038076152305,NaN,998,4.69038076152305
998,0,4.75350701402806,NaN,998,4.75350701402806
998,0,4.76753507014028,NaN,998,4.76753507014028
998,0,4.74048096192385,NaN,998,4.74048096192385
998,0,4.79058116232465,NaN,998,4.79058116232465
999,0,4.77977977977978,NaN,999,4.77977977977978
999,0,4.81381381381381,NaN,999,4.81381381381381
998,0,4.7434869739479,NaN,998,4.7434869739479
997,0,4.7432296890672,NaN,997,4.7432296890672
999,0,4.71671671671672,NaN,999,4.71671671671672
999,0,4.6956956956957,NaN,999,4.6956956956957
998,0,4.63927855711423,NaN,998,4.63927855711423
999,0,4.63463463463463,NaN,999,4.63463463463463
999,0,4.64264264264264,NaN,999,4.64264264264264
997,0,4.67301905717151,NaN,997,4.67301905717151
999,0,4.70970970970971,NaN,999,4.70970970970971
999,0,4.7017017017017,NaN,999,4.7017017017017
996,0,4.68875502008032,NaN,996,4.68875502008032
999,0,4.75375375375375,NaN,999,4.75375375375375
995,0,4.75778894472362,NaN,995,4.75778894472362
999,0,4.7997997997998,NaN,999,4.7997997997998
999,0,4.77177177177177,NaN,999,4.77177177177177
999,0,4.84084084084084,NaN,999,4.84084084084084
998,0,4.84569138276553,NaN,998,4.84569138276553
998,0,4.83867735470942,NaN,998,4.83867735470942
997,0,4.89468405215647,NaN,997,4.89468405215647
999,0,4.93093093093093,NaN,999,4.93093093093093
998,0,4.88977955911824,NaN,998,4.88977955911824
999,0,4.83183183183183,NaN,999,4.83183183183183
999,0,4.88188188188188,NaN,999,4.88188188188188
998,0,4.84869739478958,NaN,998,4.84869739478958
998,0,4.83066132264529,NaN,998,4.83066132264529
997,0,4.79638916750251,NaN,997,4.79638916750251
998,0,4.78857715430862,NaN,998,4.78857715430862
999,0,4.78078078078078,NaN,999,4.78078078078078
999,0,4.69369369369369,NaN,999,4.69369369369369
998,0,4.69539078156313,NaN,998,4.69539078156313
999,0,4.69069069069069,NaN,999,4.69069069069069
996,0,4.63253012048193,NaN,996,4.63253012048193
996,0,4.6495983935743,NaN,996,4.6495983935743
998,0,4.60120240480962,NaN,998,4.60120240480962
999,0,4.55055055055055,NaN,999,4.55055055055055
997,0,4.51554663991976,NaN,997,4.51554663991976
999,0,4.50650650650651,NaN,999,4.50650650650651
998,0,4.5,NaN,998,4.5
999,0,4.52952952952953,NaN,999,4.52952952952953
997,0,4.56068204613842,NaN,997,4.56068204613842
998,0,4.55410821643287,NaN,998,4.55410821643287
997,0,4.5667001003009,NaN,997,4.5667001003009
994,0,4.4738430583501,NaN,994,4.4738430583501
997,0,4.48345035105316,NaN,997,4.48345035105316
999,0,4.48448448448448,NaN,999,4.48448448448448
998,0,4.50801603206413,NaN,998,4.50801603206413
998,0,4.57014028056112,NaN,998,4.57014028056112
999,0,4.6016016016016,NaN,999,4.6016016016016
999,0,4.64264264264264,NaN,999,4.64264264264264
999,0,4.68568568568569,NaN,999,4.68568568568569
999,0,4.71771771771772,NaN,999,4.71771771771772
997,0,4.74423269809428,NaN,997,4.74423269809428
999,0,4.76276276276276,NaN,999,4.76276276276276
997,0,4.78736208625878,NaN,997,4.78736208625878
999,0,4.79379379379379,NaN,999,4.79379379379379
997,0,4.77632898696088,NaN,997,4.77632898696088
998,0,4.81362725450902,NaN,998,4.81362725450902
999,0,4.75375375375375,NaN,999,4.75375375375375
999,0,4.78178178178178,NaN,999,4.78178178178178
999,0,4.78178178178178,NaN,999,4.78178178178178
998,0,4.73647294589178,NaN,998,4.73647294589178
997,0,4.73620862587763,NaN,997,4.73620862587763
999,0,4.7017017017017,NaN,999,4.7017017017017
997,0,4.68706118355065,NaN,997,4.68706118355065
998,0,4.68436873747495,NaN,998,4.68436873747495
999,0,4.67767767767768,NaN,999,4.67767767767768
998,0,4.78056112224449,NaN,998,4.78056112224449
997,0,4.79538615847543,NaN,997,4.79538615847543
999,0,4.81081081081081,NaN,999,4.81081081081081
998,0,4.812625250501,NaN,998,4.812625250501
999,0,4.82082082082082,NaN,999,4.82082082082082
999,0,4.84284284284284,NaN,999,4.84284284284284
999,0,4.87787787787788,NaN,999,4.87787787787788
999,0,4.81881881881882,NaN,999,4.81881881881882
999,0,4.83283283283283,NaN,999,4.83283283283283
997,0,4.82046138415246,NaN,997,4.82046138415246
999,0,4.80780780780781,NaN,999,4.80780780780781
997,0,4.79638916750251,NaN,997,4.79638916750251
999,0,4.81081081081081,NaN,999,4.81081081081081
997,0,4.82748244734203,NaN,997,4.82748244734203
999,0,4.77977977977978,NaN,999,4.77977977977978
999,0,4.77177177177177,NaN,999,4.77177177177177
999,0,4.72272272272272,NaN,999,4.72272272272272
999,0,4.80880880880881,NaN,999,4.80880880880881
999,0,4.75275275275275,NaN,999,4.75275275275275
997,0,4.76328986960883,NaN,997,4.76328986960883
996,0,4.72690763052209,NaN,996,4.72690763052209
998,0,4.66432865731463,NaN,998,4.66432865731463
999,0,4.66666666666667,NaN,999,4.66666666666667
999,0,4.7007007007007,NaN,999,4.7007007007007
999,0,4.74174174174174,NaN,999,4.74174174174174
998,0,4.79759519038076,NaN,998,4.79759519038076
999,0,4.78778778778779,NaN,999,4.78778778778779
999,0,4.83183183183183,NaN,999,4.83183183183183
998,0,4.7875751503006,NaN,998,4.7875751503006
999,0,4.78678678678679,NaN,999,4.78678678678679
999,0,4.77277277277277,NaN,999,4.77277277277277
999,0,4.74174174174174,NaN,999,4.74174174174174
998,0,4.78056112224449,NaN,998,4.78056112224449
998,0,4.75951903807615,NaN,998,4.75951903807615
995,0,4.75175879396985,NaN,995,4.75175879396985
995,0,4.76180904522613,NaN,995,4.76180904522613
999,0,4.75575575575576,NaN,999,4.75575575575576
998,0,4.77655310621242,NaN,998,4.77655310621242
999,0,4.76076076076076,NaN,999,4.76076076076076
999,0,4.74674674674675,NaN,999,4.74674674674675
999,0,4.70670670670671,NaN,999,4.70670670670671
999,0,4.6986986986987,NaN,999,4.6986986986987
999,0,4.67167167167167,NaN,999,4.67167167167167
999,0,4.7007007007007,NaN,999,4.7007007007007
999,0,4.6996996996997,NaN,999,4.6996996996997
999,0,4.69369369369369,NaN,999,4.69369369369369
999,0,4.66366366366366,NaN,999,4.66366366366366
999,0,4.59259259259259,NaN,999,4.59259259259259
998,0,4.63927855711423,NaN,998,4.63927855711423
999,0,4.57557557557558,NaN,999,4.57557557557558
997,0,4.55466399197593,NaN,997,4.55466399197593
998,0,4.5310621242485,NaN,998,4.5310621242485
997,0,4.52156469408225,NaN,997,4.52156469408225
999,0,4.57757757757758,NaN,999,4.57757757757758
999,0,4.5965965965966,NaN,999,4.5965965965966
998,0,4.64629258517034,NaN,998,4.64629258517034
999,0,4.67467467467467,NaN,999,4.67467467467467
998,0,4.69939879759519,NaN,998,4.69939879759519
998,0,4.64929859719439,NaN,998,4.64929859719439
999,0,4.65765765765766,NaN,999,4.65765765765766
999,0,4.63263263263263,NaN,999,4.63263263263263
998,0,4.67735470941884,NaN,998,4.67735470941884
997,0,4.63991975927783,NaN,997,4.63991975927783
997,0,4.71414242728185,NaN,997,4.71414242728185
997,0,4.75626880641926,NaN,997,4.75626880641926
999,0,4.76476476476476,NaN,999,4.76476476476476
999,0,4.80680680680681,NaN,999,4.80680680680681
998,0,4.71643286573146,NaN,998,4.71643286573146
998,0,4.74248496993988,NaN,998,4.74248496993988
996,0,4.72489959839357,NaN,996,4.72489959839357
999,0,4.76876876876877,NaN,999,4.76876876876877
998,0,4.74549098196393,NaN,998,4.74549098196393
999,0,4.70570570570571,NaN,999,4.70570570570571
998,0,4.71543086172345,NaN,998,4.71543086172345
998,0,4.65531062124249,NaN,998,4.65531062124249
999,0,4.66166166166166,NaN,999,4.66166166166166
997,0,4.68505516549649,NaN,997,4.68505516549649
999,0,4.63463463463463,NaN,999,4.63463463463463
999,0,4.7017017017017,NaN,999,4.7017017017017
998,0,4.68537074148297,NaN,998,4.68537074148297
998,0,4.70240480961924,NaN,998,4.70240480961924
998,0,4.71943887775551,NaN,998,4.71943887775551
997,0,4.73520561685055,NaN,997,4.73520561685055
998,0,4.75551102204409,NaN,998,4.75551102204409
999,0,4.7967967967968,NaN,999,4.7967967967968
998,0,4.79158316633267,NaN,998,4.79158316633267
997,0,4.73219658976931,NaN,997,4.73219658976931
998,0,4.67434869739479,NaN,998,4.67434869739479
999,0,4.76076076076076,NaN,999,4.76076076076076
999,0,4.72672672672673,NaN,999,4.72672672672673
998,0,4.70340681362725,NaN,998,4.70340681362725
999,0,4.68368368368368,NaN,999,4.68368368368368
998,0,4.66432865731463,NaN,998,4.66432865731463
999,0,4.60960960960961,NaN,999,4.60960960960961
998,0,4.65731462925852,NaN,998,4.65731462925852
998,0,4.69238476953908,NaN,998,4.69238476953908
998,0,4.65230460921844,NaN,998,4.65230460921844
999,0,4.64264264264264,NaN,999,4.64264264264264
999,0,4.60960960960961,NaN,999,4.60960960960961
997,0,4.60481444332999,NaN,997,4.60481444332999
999,0,4.56556556556557,NaN,999,4.56556556556557
999,0,4.55555555555556,NaN,999,4.55555555555556
999,0,4.62162162162162,NaN,999,4.62162162162162
997,0,4.62888665997994,NaN,997,4.62888665997994
997,0,4.7111334002006,NaN,997,4.7111334002006
998,0,4.6563126252505,NaN,998,4.6563126252505
997,0,4.62387161484453,NaN,997,4.62387161484453
999,0,4.70870870870871,NaN,999,4.70870870870871
998,0,4.7064128256513,NaN,998,4.7064128256513
998,0,4.74849699398798,NaN,998,4.74849699398798
997,0,4.7542627883651,NaN,997,4.7542627883651
999,0,4.77577577577578,NaN,999,4.77577577577578
998,0,4.73346693386774,NaN,998,4.73346693386774
998,0,4.74549098196393,NaN,998,4.74549098196393
999,0,4.74474474474474,NaN,999,4.74474474474474
999,0,4.74874874874875,NaN,999,4.74874874874875
999,0,4.77177177177177,NaN,999,4.77177177177177
999,0,4.74474474474474,NaN,999,4.74474474474474
999,0,4.70770770770771,NaN,999,4.70770770770771
995,0,4.7427135678392,NaN,995,4.7427135678392
999,0,4.78178178178178,NaN,999,4.78178178178178
999,0,4.74974974974975,NaN,999,4.74974974974975
997,0,4.72918756268806,NaN,997,4.72918756268806
999,0,4.7977977977978,NaN,999,4.7977977977978
999,0,4.81181181181181,NaN,999,4.81181181181181
998,0,4.77054108216433,NaN,998,4.77054108216433
999,0,4.74174174174174,NaN,999,4.74174174174174
999,0,4.80880880880881,NaN,999,4.80880880880881
998,0,4.84869739478958,NaN,998,4.84869739478958
999,0,4.86786786786787,NaN,999,4.86786786786787
998,0,4.81162324649299,NaN,998,4.81162324649299
999,0,4.83883883883884,NaN,999,4.83883883883884
995,0,4.85326633165829,NaN,995,4.85326633165829
999,0,4.78878878878879,NaN,999,4.78878878878879
999,0,4.79179179179179,NaN,999,4.79179179179179
999,0,4.77077077077077,NaN,999,4.77077077077077
999,0,4.71571571571572,NaN,999,4.71571571571572
996,0,4.73393574297189,NaN,996,4.73393574297189
998,0,4.72845691382765,NaN,998,4.72845691382765
998,0,4.68436873747495,NaN,998,4.68436873747495
999,0,4.68368368368368,NaN,999,4.68368368368368
999,0,4.65865865865866,NaN,999,4.65865865865866
998,0,4.65430861723447,NaN,998,4.65430861723447
999,0,4.64564564564565,NaN,999,4.64564564564565
999,0,4.61461461461461,NaN,999,4.61461461461461
999,0,4.61361361361361,NaN,999,4.61361361361361
999,0,4.6016016016016,NaN,999,4.6016016016016
997,0,4.54964894684052,NaN,997,4.54964894684052
999,0,4.52352352352352,NaN,999,4.52352352352352
999,0,4.50850850850851,NaN,999,4.50850850850851
999,0,4.47347347347347,NaN,999,4.47347347347347
995,0,4.50150753768844,NaN,995,4.50150753768844
998,0,4.58817635270541,NaN,998,4.58817635270541
999,0,4.58558558558559,NaN,999,4.58558558558559
997,0,4.56770310932798,NaN,997,4.56770310932798
997,0,4.60882647943832,NaN,997,4.60882647943832
999,0,4.64764764764765,NaN,999,4.64764764764765
999,0,4.64264264264264,NaN,999,4.64264264264264
998,0,4.66432865731463,NaN,998,4.66432865731463
999,0,4.70570570570571,NaN,999,4.70570570570571
997,0,4.6258776328987,NaN,997,4.6258776328987
998,0,4.60220440881764,NaN,998,4.60220440881764
999,0,4.59159159159159,NaN,999,4.59159159159159
999,0,4.58558558558559,NaN,999,4.58558558558559
998,0,4.61923847695391,NaN,998,4.61923847695391
999,0,4.59259259259259,NaN,999,4.59259259259259
999,0,4.60660660660661,NaN,999,4.60660660660661
999,0,4.64364364364364,NaN,999,4.64364364364364
998,0,4.64729458917836,NaN,998,4.64729458917836
999,0,4.70570570570571,NaN,999,4.70570570570571
999,0,4.75575575575576,NaN,999,4.75575575575576
999,0,4.73073073073073,NaN,999,4.73073073073073
999,0,4.72172172172172,NaN,999,4.72172172172172
999,0,4.73573573573574,NaN,999,4.73573573573574
997,0,4.72617853560682,NaN,997,4.72617853560682
998,0,4.72244488977956,NaN,998,4.72244488977956
999,0,4.73173173173173,NaN,999,4.73173173173173
999,0,4.71471471471471,NaN,999,4.71471471471471
999,0,4.67467467467467,NaN,999,4.67467467467467
998,0,4.70541082164329,NaN,998,4.70541082164329
999,0,4.72672672672673,NaN,999,4.72672672672673
997,0,4.70511534603811,NaN,997,4.70511534603811
999,0,4.68568568568569,NaN,999,4.68568568568569
997,0,4.66198595787362,NaN,997,4.66198595787362
998,0,4.6372745490982,NaN,998,4.6372745490982
998,0,4.6372745490982,NaN,998,4.6372745490982
998,0,4.65130260521042,NaN,998,4.65130260521042
997,0,4.63390170511535,NaN,997,4.63390170511535
997,0,4.60882647943832,NaN,997,4.60882647943832
999,0,4.66066066066066,NaN,999,4.66066066066066
999,0,4.64064064064064,NaN,999,4.64064064064064
999,0,4.5985985985986,NaN,999,4.5985985985986
998,0,4.58817635270541,NaN,998,4.58817635270541
997,0,4.59578736208626,NaN,997,4.59578736208626
999,0,4.58558558558559,NaN,999,4.58558558558559
998,0,4.56813627254509,NaN,998,4.56813627254509
997,0,4.57572718154463,NaN,997,4.57572718154463
999,0,4.6036036036036,NaN,999,4.6036036036036
998,0,4.54108216432866,NaN,998,4.54108216432866
999,0,4.55555555555556,NaN,999,4.55555555555556
999,0,4.58658658658659,NaN,999,4.58658658658659
999,0,4.58558558558559,NaN,999,4.58558558558559
999,0,4.60960960960961,NaN,999,4.60960960960961
998,0,4.54709418837675,NaN,998,4.54709418837675
997,0,4.59177532597793,NaN,997,4.59177532597793
999,0,4.63663663663664,NaN,999,4.63663663663664
999,0,4.62162162162162,NaN,999,4.62162162162162
997,0,4.63891675025075,NaN,997,4.63891675025075
997,0,4.65496489468405,NaN,997,4.65496489468405
999,0,4.66366366366366,NaN,999,4.66366366366366
998,0,4.63927855711423,NaN,998,4.63927855711423
998,0,4.63927855711423,NaN,998,4.63927855711423
997,0,4.65396188565697,NaN,997,4.65396188565697
998,0,4.67535070140281,NaN,998,4.67535070140281
999,0,4.68068068068068,NaN,999,4.68068068068068
998,0,4.69739478957916,NaN,998,4.69739478957916
998,0,4.65430861723447,NaN,998,4.65430861723447
999,0,4.63563563563564,NaN,999,4.63563563563564
998,0,4.62224448897796,NaN,998,4.62224448897796
998,0,4.63326653306613,NaN,998,4.63326653306613
999,0,4.67567567567568,NaN,999,4.67567567567568
999,0,4.71871871871872,NaN,999,4.71871871871872
999,0,4.73173173173173,NaN,999,4.73173173173173
999,0,4.72672672672673,NaN,999,4.72672672672673
998,0,4.72545090180361,NaN,998,4.72545090180361
999,0,4.67367367367367,NaN,999,4.67367367367367
999,0,4.7027027027027,NaN,999,4.7027027027027
998,0,4.73547094188377,NaN,998,4.73547094188377
998,0,4.76052104208417,NaN,998,4.76052104208417
999,0,4.71971971971972,NaN,999,4.71971971971972
999,0,4.74174174174174,NaN,999,4.74174174174174
998,0,4.73346693386774,NaN,998,4.73346693386774
999,0,4.73373373373373,NaN,999,4.73373373373373
998,0,4.74949899799599,NaN,998,4.74949899799599
998,0,4.68537074148297,NaN,998,4.68537074148297
997,0,4.70411233701103,NaN,997,4.70411233701103
998,0,4.687374749499,NaN,998,4.687374749499
998,0,4.68837675350701,NaN,998,4.68837675350701
999,0,4.67167167167167,NaN,999,4.67167167167167
997,0,4.60882647943832,NaN,997,4.60882647943832
999,0,4.61861861861862,NaN,999,4.61861861861862
997,0,4.62487462387161,NaN,997,4.62487462387161
999,0,4.61161161161161,NaN,999,4.61161161161161
998,0,4.59619238476954,NaN,998,4.59619238476954
998,0,4.5811623246493,NaN,998,4.5811623246493
999,0,4.6016016016016,NaN,999,4.6016016016016
998,0,4.62224448897796,NaN,998,4.62224448897796
998,0,4.64028056112224,NaN,998,4.64028056112224
999,0,4.62962962962963,NaN,999,4.62962962962963
999,0,4.6046046046046,NaN,999,4.6046046046046
998,0,4.59218436873747,NaN,998,4.59218436873747
999,0,4.65665665665666,NaN,999,4.65665665665666
998,0,4.62124248496994,NaN,998,4.62124248496994
999,0,4.69269269269269,NaN,999,4.69269269269269
999,0,4.71171171171171,NaN,999,4.71171171171171
998,0,4.75050100200401,NaN,998,4.75050100200401
999,0,4.74374374374374,NaN,999,4.74374374374374
999,0,4.74474474474474,NaN,999,4.74474474474474
999,0,4.72572572572573,NaN,999,4.72572572572573
999,0,4.71971971971972,NaN,999,4.71971971971972
999,0,4.72772772772773,NaN,999,4.72772772772773
999,0,4.73473473473473,NaN,999,4.73473473473473
998,0,4.74549098196393,NaN,998,4.74549098196393
999,0,4.79479479479479,NaN,999,4.79479479479479
999,0,4.75575575575576,NaN,999,4.75575575575576
999,0,4.72272272272272,NaN,999,4.72272272272272
999,0,4.73273273273273,NaN,999,4.73273273273273
999,0,4.6986986986987,NaN,999,4.6986986986987
999,0,4.77077077077077,NaN,999,4.77077077077077
999,0,4.73173173173173,NaN,999,4.73173173173173
999,0,4.77677677677678,NaN,999,4.77677677677678
998,0,4.82464929859719,NaN,998,4.82464929859719
999,0,4.82082082082082,NaN,999,4.82082082082082
999,0,4.83783783783784,NaN,999,4.83783783783784
998,0,4.82064128256513,NaN,998,4.82064128256513
999,0,4.83383383383383,NaN,999,4.83383383383383
997,0,4.82748244734203,NaN,997,4.82748244734203
997,0,4.84553660982949,NaN,997,4.84553660982949
998,0,4.90080160320641,NaN,998,4.90080160320641
998,0,4.88476953907816,NaN,998,4.88476953907816
999,0,4.91091091091091,NaN,999,4.91091091091091
999,0,4.92392392392392,NaN,999,4.92392392392392
998,0,4.90781563126253,NaN,998,4.90781563126253
999,0,4.88688688688689,NaN,999,4.88688688688689
997,0,4.84252758274824,NaN,997,4.84252758274824
999,0,4.80880880880881,NaN,999,4.80880880880881
998,0,4.79058116232465,NaN,998,4.79058116232465
998,0,4.81162324649299,NaN,998,4.81162324649299
998,0,4.78456913827655,NaN,998,4.78456913827655
998,0,4.7374749498998,NaN,998,4.7374749498998
999,0,4.74074074074074,NaN,999,4.74074074074074
997,0,4.78635907723169,NaN,997,4.78635907723169
998,0,4.75450901803607,NaN,998,4.75450901803607
998,0,4.73647294589178,NaN,998,4.73647294589178
999,0,4.70870870870871,NaN,999,4.70870870870871
999,0,4.6966966966967,NaN,999,4.6966966966967
999,0,4.70670670670671,NaN,999,4.70670670670671
996,0,4.7289156626506,NaN,996,4.7289156626506
999,0,4.68568568568569,NaN,999,4.68568568568569
998,0,4.71442885771543,NaN,998,4.71442885771543
999,0,4.70970970970971,NaN,999,4.70970970970971
998,0,4.75551102204409,NaN,998,4.75551102204409
999,0,4.76676676676677,NaN,999,4.76676676676677
999,0,4.75475475475475,NaN,999,4.75475475475475
997,0,4.7432296890672,NaN,997,4.7432296890672
997,0,4.71013039117352,NaN,997,4.71013039117352
997,0,4.70310932798395,NaN,997,4.70310932798395
999,0,4.70870870870871,NaN,999,4.70870870870871
998,0,4.70841683366733,NaN,998,4.70841683366733
999,0,4.7017017017017,NaN,999,4.7017017017017
999,0,4.74074074074074,NaN,999,4.74074074074074
999,0,4.71671671671672,NaN,999,4.71671671671672
997,0,4.71414242728185,NaN,997,4.71414242728185
999,0,4.7047047047047,NaN,999,4.7047047047047
999,0,4.69369369369369,NaN,999,4.69369369369369
999,0,4.6996996996997,NaN,999,4.6996996996997
999,0,4.6956956956957,NaN,999,4.6956956956957
999,0,4.68168168168168,NaN,999,4.68168168168168
998,0,4.62424849699399,NaN,998,4.62424849699399
998,0,4.64128256513026,NaN,998,4.64128256513026
998,0,4.64028056112224,NaN,998,4.64028056112224
999,0,4.66066066066066,NaN,999,4.66066066066066
999,0,4.68068068068068,NaN,999,4.68068068068068
997,0,4.60581745235707,NaN,997,4.60581745235707
999,0,4.6006006006006,NaN,999,4.6006006006006
998,0,4.57615230460922,NaN,998,4.57615230460922
997,0,4.55967903711133,NaN,997,4.55967903711133
999,0,4.5005005005005,NaN,999,4.5005005005005
998,0,4.47895791583166,NaN,998,4.47895791583166
999,0,4.51851851851852,NaN,999,4.51851851851852
997,0,4.50651955867603,NaN,997,4.50651955867603
998,0,4.5060120240481,NaN,998,4.5060120240481
999,0,4.53753753753754,NaN,999,4.53753753753754
999,0,4.56456456456456,NaN,999,4.56456456456456
999,0,4.58458458458458,NaN,999,4.58458458458458
999,0,4.55655655655656,NaN,999,4.55655655655656
998,0,4.52204408817635,NaN,998,4.52204408817635
999,0,4.52252252252252,NaN,999,4.52252252252252
999,0,4.5045045045045,NaN,999,4.5045045045045
997,0,4.66399197592778,NaN,997,4.66399197592778
998,0,4.69338677354709,NaN,998,4.69338677354709
999,0,4.68168168168168,NaN,999,4.68168168168168
998,0,4.687374749499,NaN,998,4.687374749499
997,0,4.73119358074223,NaN,997,4.73119358074223
998,0,4.70040080160321,NaN,998,4.70040080160321
998,0,4.62625250501002,NaN,998,4.62625250501002
999,0,4.63063063063063,NaN,999,4.63063063063063
999,0,4.68168168168168,NaN,999,4.68168168168168
997,0,4.63791374122367,NaN,997,4.63791374122367
998,0,4.68537074148297,NaN,998,4.68537074148297
999,0,4.74074074074074,NaN,999,4.74074074074074
997,0,4.74623871614845,NaN,997,4.74623871614845
999,0,4.74874874874875,NaN,999,4.74874874874875
997,0,4.73420260782347,NaN,997,4.73420260782347
999,0,4.68268268268268,NaN,999,4.68268268268268
998,0,4.69138276553106,NaN,998,4.69138276553106
999,0,4.75875875875876,NaN,999,4.75875875875876
998,0,4.7685370741483,NaN,998,4.7685370741483
999,0,4.77977977977978,NaN,999,4.77977977977978
998,0,4.76553106212425,NaN,998,4.76553106212425
999,0,4.78878878878879,NaN,999,4.78878878878879
998,0,4.812625250501,NaN,998,4.812625250501
999,0,4.86586586586587,NaN,999,4.86586586586587
998,0,4.87274549098196,NaN,998,4.87274549098196
999,0,4.88388388388388,NaN,999,4.88388388388388
998,0,4.84468937875751,NaN,998,4.84468937875751
999,0,4.84984984984985,NaN,999,4.84984984984985
998,0,4.84869739478958,NaN,998,4.84869739478958
999,0,4.84484484484484,NaN,999,4.84484484484484
999,0,4.84184184184184,NaN,999,4.84184184184184
999,0,4.85585585585586,NaN,999,4.85585585585586
999,0,4.83983983983984,NaN,999,4.83983983983984
999,0,4.83583583583584,NaN,999,4.83583583583584
999,0,4.87287287287287,NaN,999,4.87287287287287
998,0,4.8627254509018,NaN,998,4.8627254509018
999,0,4.7977977977978,NaN,999,4.7977977977978
999,0,4.8008008008008,NaN,999,4.8008008008008
996,0,4.74598393574297,NaN,996,4.74598393574297
998,0,4.75150300601202,NaN,998,4.75150300601202
999,0,4.72572572572573,NaN,999,4.72572572572573
998,0,4.73647294589178,NaN,998,4.73647294589178
999,0,4.6956956956957,NaN,999,4.6956956956957
999,0,4.71871871871872,NaN,999,4.71871871871872
998,0,4.69438877755511,NaN,998,4.69438877755511
999,0,4.61161161161161,NaN,999,4.61161161161161
998,0,4.60921843687375,NaN,998,4.60921843687375
999,0,4.60760760760761,NaN,999,4.60760760760761
999,0,4.63363363363363,NaN,999,4.63363363363363
997,0,4.61584754262788,NaN,997,4.61584754262788
998,0,4.6312625250501,NaN,998,4.6312625250501
999,0,4.58858858858859,NaN,999,4.58858858858859
997,0,4.59979939819458,NaN,997,4.59979939819458
997,0,4.61083249749248,NaN,997,4.61083249749248
996,0,4.6144578313253,NaN,996,4.6144578313253
996,0,4.66265060240964,NaN,996,4.66265060240964
999,0,4.65565565565566,NaN,999,4.65565565565566
997,0,4.63490471414243,NaN,997,4.63490471414243
999,0,4.66466466466466,NaN,999,4.66466466466466
999,0,4.66966966966967,NaN,999,4.66966966966967
999,0,4.67767767767768,NaN,999,4.67767767767768
999,0,4.6996996996997,NaN,999,4.6996996996997
999,0,4.71271271271271,NaN,999,4.71271271271271
999,0,4.73073073073073,NaN,999,4.73073073073073
996,0,4.74799196787149,NaN,996,4.74799196787149
998,0,4.76452905811623,NaN,998,4.76452905811623
998,0,4.80360721442886,NaN,998,4.80360721442886
999,0,4.8008008008008,NaN,999,4.8008008008008
998,0,4.76452905811623,NaN,998,4.76452905811623
999,0,4.75875875875876,NaN,999,4.75875875875876
998,0,4.73246492985972,NaN,998,4.73246492985972
999,0,4.71271271271271,NaN,999,4.71271271271271
998,0,4.68236472945892,NaN,998,4.68236472945892
996,0,4.69879518072289,NaN,996,4.69879518072289
999,0,4.74074074074074,NaN,999,4.74074074074074
999,0,4.65165165165165,NaN,999,4.65165165165165
999,0,4.68068068068068,NaN,999,4.68068068068068
997,0,4.6740220661986,NaN,997,4.6740220661986
999,0,4.64364364364364,NaN,999,4.64364364364364
998,0,4.65531062124249,NaN,998,4.65531062124249
999,0,4.69469469469469,NaN,999,4.69469469469469
997,0,4.65697091273822,NaN,997,4.65697091273822
998,0,4.64629258517034,NaN,998,4.64629258517034
997,0,4.70411233701103,NaN,997,4.70411233701103
999,0,4.77877877877878,NaN,999,4.77877877877878
999,0,4.78178178178178,NaN,999,4.78178178178178
999,0,4.75575575575576,NaN,999,4.75575575575576
998,0,4.79559118236473,NaN,998,4.79559118236473
999,0,4.80680680680681,NaN,999,4.80680680680681
998,0,4.73046092184369,NaN,998,4.73046092184369
998,0,4.74448897795591,NaN,998,4.74448897795591
999,0,4.73473473473473,NaN,999,4.73473473473473
999,0,4.74674674674675,NaN,999,4.74674674674675
998,0,4.7434869739479,NaN,998,4.7434869739479
999,0,4.72772772772773,NaN,999,4.72772772772773
999,0,4.77777777777778,NaN,999,4.77777777777778
998,0,4.74649298597194,NaN,998,4.74649298597194
999,0,4.66166166166166,NaN,999,4.66166166166166
999,0,4.61361361361361,NaN,999,4.61361361361361
997,0,4.58174523570712,NaN,997,4.58174523570712
999,0,4.57657657657658,NaN,999,4.57657657657658
999,0,4.61961961961962,NaN,999,4.61961961961962
997,0,4.61384152457372,NaN,997,4.61384152457372
