forward_num,reverse_num,forward_rate,reverse_rate,organism_num,organism_rate
5,5,5.0,5.0,10,5.0
5,5,5.0,5.0,10,5.0
5,5,5.0,5.0,10,5.0
6,5,5.0,5.0,11,5.0
7,7,4.85714285714286,5.42857142857143,14,5.14285714285714
8,8,4.625,5.625,16,5.125
10,10,4.7,5.4,20,5.05
13,11,5.15384615384615,5.72727272727273,24,5.41666666666667
13,15,5.15384615384615,6.06666666666667,28,5.64285714285714
16,19,5.0625,6.10526315789474,35,5.62857142857143
20,23,5.3,6.30434782608696,43,5.83720930232558
24,28,5.29166666666667,6.28571428571429,52,5.82692307692308
29,33,5.75862068965517,6.42424242424242,62,6.11290322580645
34,42,5.91176470588235,6.47619047619048,76,6.22368421052632
45,52,5.71111111111111,6.48076923076923,97,6.12371134020619
51,65,6.0,6.33846153846154,116,6.18965517241379
63,77,6.15873015873016,6.35064935064935,140,6.26428571428571
81,101,6.39506172839506,6.46534653465347,182,6.43406593406593
100,119,6.45,6.52941176470588,219,6.49315068493151
122,148,6.60655737704918,6.53378378378378,270,6.56666666666667
153,189,6.62745098039216,6.57671957671958,342,6.59941520467836
197,229,6.68527918781726,6.57205240174673,426,6.62441314553991
245,281,6.74285714285714,6.6085409252669,526,6.67110266159696
299,357,6.71571906354515,6.63305322128852,656,6.67073170731707
392,443,6.74489795918367,6.62076749435666,835,6.67904191616767
469,530,6.73560767590618,6.61320754716981,999,6.67067067067067
471,528,6.63906581740977,6.60795454545455,999,6.62262262262262
473,525,6.63636363636364,6.64,998,6.63827655310621
468,531,6.60683760683761,6.61016949152542,999,6.60860860860861
468,531,6.59401709401709,6.61393596986817,999,6.6046046046046
462,536,6.60822510822511,6.59141791044776,998,6.59919839679359
461,537,6.5943600867679,6.58100558659218,998,6.58717434869739
463,535,6.61987041036717,6.58878504672897,998,6.60320641282565
469,530,6.67164179104478,6.57924528301887,999,6.62262262262262
467,532,6.76017130620985,6.59774436090226,999,6.67367367367367
455,544,6.76703296703297,6.60661764705882,999,6.67967967967968
452,546,6.73008849557522,6.67216117216117,998,6.69839679358717
448,551,6.68973214285714,6.58257713248639,999,6.63063063063063
434,563,6.67511520737327,6.60923623445826,997,6.63791374122367
438,560,6.66666666666667,6.58214285714286,998,6.61923847695391
453,546,6.64679911699779,6.57509157509157,999,6.60760760760761
448,550,6.58928571428571,6.55454545454545,998,6.57014028056112
455,544,6.57582417582418,6.55514705882353,999,6.56456456456456
441,558,6.59863945578231,6.54121863799283,999,6.56656656656657
437,562,6.62242562929062,6.51423487544484,999,6.56156156156156
435,562,6.61149425287356,6.50711743772242,997,6.55265797392177
442,557,6.57918552036199,6.52603231597846,999,6.54954954954955
442,557,6.52488687782805,6.49730700179533,999,6.50950950950951
435,563,6.57241379310345,6.50088809946714,998,6.53206412825651
430,568,6.54418604651163,6.53169014084507,998,6.53707414829659
425,574,6.57882352941176,6.50871080139373,999,6.53853853853854
426,572,6.57981220657277,6.55944055944056,998,6.56813627254509
430,567,6.55581395348837,6.55026455026455,997,6.55265797392177
431,567,6.46867749419954,6.57142857142857,998,6.52705410821643
435,563,6.48735632183908,6.59680284191829,998,6.54909819639279
430,568,6.49302325581395,6.65140845070423,998,6.58316633266533
435,564,6.50804597701149,6.71099290780142,999,6.62262262262262
433,564,6.51270207852194,6.70921985815603,997,6.62387161484453
430,569,6.5046511627907,6.71528998242531,999,6.62462462462462
430,569,6.51627906976744,6.73813708260105,999,6.64264264264264
426,573,6.50704225352113,6.67713787085515,999,6.6046046046046
427,572,6.5175644028103,6.7027972027972,999,6.62362362362362
440,559,6.52045454545455,6.65116279069767,999,6.59359359359359
437,562,6.52402745995423,6.66903914590747,999,6.60560560560561
448,551,6.52232142857143,6.70417422867514,999,6.62262262262262
440,559,6.48181818181818,6.73703041144902,999,6.62462462462462
450,549,6.50666666666667,6.73224043715847,999,6.63063063063063
458,541,6.47816593886463,6.72458410351202,999,6.61161161161161
461,538,6.44468546637744,6.72118959107807,999,6.59359359359359
455,543,6.47032967032967,6.67403314917127,998,6.5811623246493
454,543,6.44273127753304,6.67955801104972,997,6.57171514543631
457,542,6.35667396061269,6.68081180811808,999,6.53253253253253
463,536,6.37365010799136,6.62686567164179,999,6.50950950950951
454,545,6.36784140969163,6.63853211009174,999,6.51551551551552
449,549,6.39198218262806,6.6120218579235,998,6.51302605210421
444,551,6.41666666666667,6.5535390199637,995,6.49246231155779
438,561,6.47945205479452,6.49554367201426,999,6.48848848848849
433,565,6.45496535796767,6.49734513274336,998,6.47895791583166
431,567,6.41763341067285,6.48500881834215,998,6.45591182364729
436,563,6.37155963302752,6.4866785079929,999,6.43643643643644
437,561,6.35469107551487,6.47593582887701,998,6.42284569138277
443,555,6.33634311512415,6.46666666666667,998,6.40881763527054
442,557,6.40045248868778,6.46140035906643,999,6.43443443443443
437,560,6.32951945080092,6.40892857142857,997,6.3741223671013
438,560,6.3972602739726,6.39285714285714,998,6.39478957915832
433,565,6.39030023094688,6.3716814159292,998,6.37975951903808
438,561,6.46575342465753,6.30124777183601,999,6.37337337337337
427,572,6.4824355971897,6.32167832167832,999,6.39039039039039
421,577,6.42755344418052,6.36395147313691,998,6.39078156312625
415,582,6.39759036144578,6.38487972508591,997,6.3901705115346
412,586,6.39320388349515,6.39419795221843,998,6.3937875751503
409,590,6.46699266503667,6.39491525423729,999,6.42442442442442
408,591,6.52941176470588,6.37732656514382,999,6.43943943943944
401,597,6.56359102244389,6.34338358458962,998,6.43186372745491
414,585,6.59661835748792,6.32307692307692,999,6.43643643643644
421,578,6.52969121140142,6.34602076124567,999,6.42342342342342
429,568,6.53379953379953,6.27112676056338,997,6.38415245737212
439,560,6.56719817767654,6.24464285714286,999,6.38638638638639
442,554,6.50226244343891,6.28158844765343,996,6.37951807228916
447,552,6.53691275167785,6.25905797101449,999,6.38338338338338
465,534,6.54408602150538,6.25842696629214,999,6.39139139139139
460,539,6.57391304347826,6.26345083487941,999,6.40640640640641
460,539,6.59130434782609,6.30612244897959,999,6.43743743743744
458,539,6.5938864628821,6.29684601113173,997,6.4332998996991
464,534,6.58620689655172,6.31647940074906,998,6.44188376753507
459,540,6.55555555555556,6.31481481481481,999,6.42542542542543
454,545,6.51762114537445,6.28990825688073,999,6.39339339339339
452,547,6.46238938053097,6.37294332723949,999,6.41341341341341
452,545,6.44911504424779,6.41100917431193,997,6.42828485456369
445,553,6.43595505617978,6.40144665461121,998,6.41683366733467
449,550,6.38975501113586,6.40363636363636,999,6.3973973973974
448,551,6.37946428571429,6.33393829401089,999,6.35435435435435
444,554,6.33333333333333,6.35559566787004,998,6.34569138276553
438,560,6.29680365296804,6.29107142857143,998,6.2935871743487
440,559,6.30227272727273,6.30948121645796,999,6.30630630630631
445,552,6.35056179775281,6.34239130434783,997,6.34603811434303
447,552,6.30648769574944,6.41123188405797,999,6.36436436436436
441,558,6.23809523809524,6.40322580645161,999,6.33033033033033
442,556,6.21266968325792,6.4226618705036,998,6.32965931863727
437,562,6.18306636155606,6.40747330960854,999,6.30930930930931
433,563,6.19168591224018,6.35523978685613,996,6.28413654618474
429,570,6.18181818181818,6.38947368421053,999,6.3003003003003
425,574,6.14823529411765,6.34320557491289,999,6.26026026026026
435,564,6.17701149425287,6.3209219858156,999,6.25825825825826
434,565,6.12672811059908,6.37522123893805,999,6.26726726726727
427,571,6.12646370023419,6.36952714535902,998,6.26553106212425
430,569,6.14883720930233,6.35676625659051,999,6.26726726726727
409,590,6.20048899755501,6.32881355932203,999,6.27627627627628
411,587,6.2043795620438,6.33390119250426,998,6.28056112224449
403,595,6.12406947890819,6.34789915966387,998,6.25751503006012
409,590,6.04889975550122,6.31694915254237,999,6.20720720720721
410,589,6.06585365853658,6.32258064516129,999,6.21721721721722
416,581,6.05769230769231,6.25301204819277,997,6.17151454363089
417,582,6.1726618705036,6.31786941580756,999,6.25725725725726
425,572,6.20235294117647,6.33216783216783,997,6.27683049147442
419,580,6.24343675417661,6.36379310344828,999,6.31331331331331
421,578,6.28503562945368,6.32871972318339,999,6.31031031031031
425,574,6.24705882352941,6.28222996515679,999,6.26726726726727
431,568,6.24129930394432,6.34330985915493,999,6.2992992992993
429,570,6.26573426573427,6.37719298245614,999,6.32932932932933
417,579,6.27098321342926,6.3713298791019,996,6.3293172690763
423,576,6.25768321513002,6.40798611111111,999,6.34434434434434
430,569,6.29767441860465,6.41124780316344,999,6.36236236236236
433,565,6.38799076212471,6.39469026548673,998,6.39178356713427
430,568,6.38372093023256,6.35739436619718,998,6.3687374749499
441,558,6.37641723356009,6.32795698924731,999,6.34934934934935
447,551,6.37136465324385,6.33030852994555,998,6.34869739478958
445,554,6.39775280898876,6.34296028880866,999,6.36736736736737
436,561,6.35779816513761,6.28877005347594,997,6.31895687061184
446,553,6.43273542600897,6.28028933092224,999,6.34834834834835
455,544,6.43956043956044,6.24632352941176,999,6.33433433433433
451,548,6.44567627494457,6.28284671532847,999,6.35635635635636
445,554,6.3685393258427,6.3086642599278,999,6.33533533533534
449,549,6.26057906458797,6.3023679417122,998,6.28356713426854
446,553,6.34080717488789,6.28390596745027,999,6.30930930930931
449,549,6.31180400890869,6.3023679417122,998,6.30661322645291
445,554,6.27640449438202,6.27797833935018,999,6.27727727727728
456,543,6.32894736842105,6.32780847145488,999,6.32832832832833
454,543,6.284140969163,6.36648250460405,997,6.32898696088265
459,540,6.25925925925926,6.34444444444444,999,6.30530530530531
463,536,6.27213822894168,6.36380597014925,999,6.32132132132132
464,534,6.27801724137931,6.29962546816479,998,6.28957915831663
470,528,6.24468085106383,6.23484848484848,998,6.23947895791583
468,531,6.23931623931624,6.2015065913371,999,6.21921921921922
471,527,6.26539278131635,6.22201138519924,998,6.24248496993988
471,527,6.21019108280255,6.21252371916509,998,6.21142284569138
476,523,6.16596638655462,6.13384321223709,999,6.14914914914915
482,515,6.18257261410788,6.13980582524272,997,6.160481444333
484,515,6.19421487603306,6.10097087378641,999,6.14614614614615
492,507,6.23373983739837,6.04733727810651,999,6.13913913913914
495,504,6.21414141414141,6.05952380952381,999,6.13613613613614
486,513,6.26131687242798,6.09551656920078,999,6.17617617617618
489,509,6.3558282208589,6.06679764243615,998,6.20841683366733
497,499,6.32796780684105,6.13426853707415,996,6.23092369477912
504,495,6.31150793650794,6.12929292929293,999,6.22122122122122
502,497,6.300796812749,6.10663983903421,999,6.2042042042042
502,496,6.27689243027888,6.14516129032258,998,6.21142284569138
504,495,6.29365079365079,6.12525252525253,999,6.21021021021021
492,507,6.32520325203252,6.11834319526627,999,6.22022022022022
492,507,6.27642276422764,6.12820512820513,999,6.2012012012012
496,502,6.26814516129032,6.15338645418327,998,6.21042084168337
499,500,6.20841683366733,6.164,999,6.18618618618619
495,504,6.25656565656566,6.15674603174603,999,6.20620620620621
492,507,6.21747967479675,6.22287968441815,999,6.22022022022022
487,511,6.20533880903491,6.24070450097847,998,6.22344689378758
487,509,6.27310061601643,6.27308447937132,996,6.27309236947791
488,511,6.28073770491803,6.27005870841487,999,6.27527527527528
492,506,6.24593495934959,6.22529644268775,998,6.23547094188377
495,504,6.28080808080808,6.17857142857143,999,6.22922922922923
498,501,6.26305220883534,6.22355289421158,999,6.24324324324324
501,498,6.23952095808383,6.28112449799197,999,6.26026026026026
508,490,6.26574803149606,6.20816326530612,998,6.2374749498998
511,488,6.26614481409002,6.22745901639344,999,6.24724724724725
515,481,6.25825242718447,6.1995841995842,996,6.22991967871486
518,480,6.23745173745174,6.14166666666667,998,6.19138276553106
508,491,6.19488188976378,6.15274949083503,999,6.17417417417417
506,492,6.16600790513834,6.14024390243902,998,6.15330661322645
511,487,6.20939334637965,6.16837782340862,998,6.18937875751503
518,481,6.21428571428571,6.13513513513514,999,6.17617617617618
519,479,6.19845857418112,6.1482254697286,998,6.17434869739479
509,489,6.21218074656189,6.14314928425358,998,6.17835671342685
510,489,6.19803921568627,6.1881390593047,999,6.19319319319319
501,498,6.24151696606786,6.17670682730924,999,6.20920920920921
508,489,6.31299212598425,6.1758691206544,997,6.2457372116349
496,501,6.31451612903226,6.19161676646707,997,6.25275827482447
506,492,6.29841897233202,6.28455284552845,998,6.29158316633267
509,488,6.30844793713163,6.29713114754098,997,6.30290872617854
518,480,6.22779922779923,6.25208333333333,998,6.23947895791583
503,495,6.25646123260437,6.28282828282828,998,6.26953907815631
504,495,6.20833333333333,6.26666666666667,999,6.23723723723724
503,496,6.25248508946322,6.25806451612903,999,6.25525525525526
500,499,6.186,6.26052104208417,999,6.22322322322322
504,494,6.16865079365079,6.28744939271255,998,6.22745490981964
505,493,6.14851485148515,6.27180527383367,998,6.20941883767535
503,496,6.19880715705765,6.30645161290323,999,6.25225225225225
512,487,6.1953125,6.33675564681725,999,6.26426426426426
505,493,6.13267326732673,6.37322515212982,998,6.25150300601202
502,495,6.16334661354582,6.35151515151515,997,6.2567703109328
502,493,6.21314741035857,6.37322515212982,995,6.29246231155779
497,502,6.20523138832998,6.41035856573705,999,6.30830830830831
496,502,6.21572580645161,6.41035856573705,998,6.31362725450902
514,485,6.23346303501946,6.38556701030928,999,6.30730730730731
510,488,6.25686274509804,6.43032786885246,998,6.34168336673347
508,491,6.28937007874016,6.38900203665988,999,6.33833833833834
507,490,6.25049309664694,6.33673469387755,997,6.29287863590772
508,490,6.31889763779528,6.31224489795918,998,6.31563126252505
507,492,6.27613412228797,6.3109756097561,999,6.29329329329329
518,481,6.27220077220077,6.33471933471933,999,6.3023023023023
530,469,6.27924528301887,6.37100213219616,999,6.32232232232232
532,467,6.27443609022556,6.35546038543897,999,6.31231231231231
532,466,6.26315789473684,6.32188841201717,998,6.29058116232465
518,479,6.26254826254826,6.31106471816284,997,6.28585757271815
512,487,6.271484375,6.25667351129363,999,6.26426426426426
514,485,6.29766536964981,6.28041237113402,999,6.28928928928929
520,478,6.28076923076923,6.33891213389121,998,6.30861723446894
511,488,6.32876712328767,6.30327868852459,999,6.31631631631632
519,480,6.35067437379576,6.27291666666667,999,6.31331331331331
519,480,6.33911368015414,6.25,999,6.2962962962963
511,488,6.34637964774951,6.2827868852459,999,6.31531531531532
515,484,6.28932038834951,6.28305785123967,999,6.28628628628629
503,496,6.31610337972167,6.34274193548387,999,6.32932932932933
497,501,6.34004024144869,6.29540918163673,998,6.31763527054108
498,500,6.32730923694779,6.278,998,6.30260521042084
498,501,6.3293172690763,6.28942115768463,999,6.30930930930931
501,497,6.32934131736527,6.24748490945674,998,6.28857715430862
499,500,6.34268537074148,6.286,999,6.31431431431431
497,500,6.31991951710262,6.322,997,6.320962888666
495,503,6.33535353535354,6.26441351888668,998,6.29959919839679
493,506,6.32251521298174,6.29249011857708,999,6.30730730730731
505,493,6.32673267326733,6.29614604462475,998,6.31162324649299
497,502,6.31187122736419,6.30278884462151,999,6.30730730730731
499,499,6.33066132264529,6.29458917835671,998,6.312625250501
498,500,6.38955823293173,6.296,998,6.34268537074148
510,488,6.34705882352941,6.29303278688525,998,6.32064128256513
506,492,6.27865612648221,6.35569105691057,998,6.31663326653307
510,488,6.32156862745098,6.32581967213115,998,6.32364729458918
506,492,6.29051383399209,6.39227642276423,998,6.34068136272545
506,491,6.26284584980237,6.31364562118126,997,6.28786359077232
506,493,6.25494071146245,6.27789046653144,999,6.26626626626627
499,500,6.21442885771543,6.272,999,6.24324324324324
506,493,6.25889328063241,6.33265720081136,999,6.2952952952953
505,494,6.27128712871287,6.35425101214575,999,6.31231231231231
513,485,6.25536062378168,6.36288659793814,998,6.30761523046092
517,482,6.25531914893617,6.34439834024896,999,6.2982982982983
515,484,6.20970873786408,6.3595041322314,999,6.28228228228228
512,487,6.287109375,6.31416837782341,999,6.3003003003003
499,499,6.29659318637275,6.3627254509018,998,6.32965931863727
497,502,6.32193158953722,6.42828685258964,999,6.37537537537538
492,506,6.29674796747967,6.42490118577075,998,6.36172344689379
499,500,6.3186372745491,6.486,999,6.4024024024024
495,504,6.27878787878788,6.49206349206349,999,6.38638638638639
494,505,6.29352226720648,6.46534653465347,999,6.38038038038038
497,502,6.31187122736419,6.45219123505976,999,6.38238238238238
506,492,6.34387351778656,6.40650406504065,998,6.374749498998
506,493,6.32213438735178,6.34685598377282,999,6.33433433433433
504,493,6.31547619047619,6.29817444219067,997,6.30692076228686
506,493,6.29644268774704,6.33874239350913,999,6.31731731731732
514,485,6.24708171206226,6.31958762886598,999,6.28228228228228
518,481,6.22007722007722,6.31808731808732,999,6.26726726726727
512,487,6.2109375,6.32854209445585,999,6.26826826826827
519,480,6.29094412331407,6.34791666666667,999,6.31831831831832
501,498,6.31137724550898,6.29718875502008,999,6.3043043043043
510,489,6.37647058823529,6.280163599182,999,6.32932932932933
515,484,6.32233009708738,6.31404958677686,999,6.31831831831832
519,480,6.34296724470135,6.30833333333333,999,6.32632632632633
516,483,6.34108527131783,6.26708074534162,999,6.30530530530531
524,475,6.34160305343511,6.26526315789474,999,6.30530530530531
526,473,6.30038022813688,6.33826638477801,999,6.31831831831832
536,462,6.28917910447761,6.27922077922078,998,6.28456913827655
542,455,6.30442804428044,6.27472527472527,997,6.29087261785356
540,456,6.33888888888889,6.32675438596491,996,6.33333333333333
532,467,6.33834586466165,6.31263383297645,999,6.32632632632633
536,463,6.36380597014925,6.3110151187905,999,6.33933933933934
541,457,6.37707948243993,6.30853391684902,998,6.34569138276553
537,461,6.36871508379888,6.31453362255965,998,6.3436873747495
548,451,6.35583941605839,6.31263858093126,999,6.33633633633634
546,453,6.34432234432234,6.26048565121413,999,6.30630630630631
536,462,6.30783582089552,6.28571428571429,998,6.29759519038076
546,453,6.35897435897436,6.24724061810155,999,6.30830830830831
543,455,6.37016574585635,6.28351648351648,998,6.33066132264529
547,452,6.41681901279707,6.2787610619469,999,6.35435435435435
537,459,6.40782122905028,6.27015250544662,996,6.34437751004016
547,450,6.41681901279707,6.30666666666667,997,6.36710130391173
549,450,6.38615664845173,6.33111111111111,999,6.36136136136136
554,444,6.40974729241877,6.30630630630631,998,6.36372745490982
562,437,6.41281138790036,6.2883295194508,999,6.35835835835836
550,449,6.42727272727273,6.33853006681514,999,6.38738738738739
552,447,6.41123188405797,6.28187919463087,999,6.35335335335335
564,435,6.36702127659574,6.28735632183908,999,6.33233233233233
569,430,6.33391915641476,6.2906976744186,999,6.31531531531532
563,435,6.42095914742451,6.26436781609195,998,6.35270541082164
571,428,6.38528896672504,6.26401869158879,999,6.33333333333333
571,428,6.36077057793345,6.27570093457944,999,6.32432432432432
580,417,6.38793103448276,6.27098321342926,997,6.33901705115346
587,412,6.34412265758092,6.26941747572816,999,6.31331331331331
579,420,6.28842832469775,6.21190476190476,999,6.25625625625626
584,415,6.29452054794521,6.1566265060241,999,6.23723723723724
576,422,6.30729166666667,6.13981042654028,998,6.23647294589178
575,422,6.41391304347826,6.1563981042654,997,6.3049147442327
578,421,6.42733564013841,6.17339667458432,999,6.32032032032032
585,414,6.3965811965812,6.14251207729469,999,6.29129129129129
586,411,6.4061433447099,6.26277372262774,997,6.34704112337011
571,428,6.34500875656743,6.33177570093458,999,6.33933933933934
581,417,6.3631669535284,6.32613908872902,998,6.34769539078156
580,419,6.38103448275862,6.30787589498807,999,6.35035035035035
565,434,6.35221238938053,6.35023041474654,999,6.35135135135135
562,436,6.38078291814947,6.29128440366972,998,6.34168336673347
564,435,6.43439716312057,6.20459770114943,999,6.33433433433433
554,445,6.43501805054152,6.20898876404494,999,6.33433433433433
548,451,6.41240875912409,6.17516629711752,999,6.30530530530531
556,443,6.36870503597122,6.15801354401806,999,6.27527527527528
547,451,6.39305301645338,6.16851441241685,998,6.29158316633267
550,449,6.40727272727273,6.19821826280624,999,6.31331331331331
552,447,6.47463768115942,6.19463087248322,999,6.34934934934935
554,443,6.51083032490975,6.18058690744921,997,6.36409227683049
555,444,6.48468468468468,6.14864864864865,999,6.33533533533534
559,440,6.52593917710197,6.21590909090909,999,6.38938938938939
558,440,6.47311827956989,6.22727272727273,998,6.36472945891784
557,442,6.50089766606822,6.27601809954751,999,6.4014014014014
554,444,6.48736462093863,6.2027027027027,998,6.36072144288577
554,445,6.48736462093863,6.19550561797753,999,6.35735735735736
549,450,6.47723132969035,6.22222222222222,999,6.36236236236236
545,453,6.48073394495413,6.280353200883,998,6.38977955911824
562,436,6.48042704626334,6.31192660550459,998,6.40681362725451
569,430,6.45869947275923,6.2906976744186,999,6.38638638638639
568,431,6.46478873239437,6.34338747099768,999,6.41241241241241
570,428,6.49473684210526,6.35981308411215,998,6.43687374749499
568,431,6.56866197183099,6.33178654292343,999,6.46646646646647
575,424,6.56347826086956,6.37028301886792,999,6.48148148148148
564,435,6.57978723404255,6.37241379310345,999,6.48948948948949
575,423,6.53739130434783,6.43735224586288,998,6.49498997995992
576,421,6.51388888888889,6.40855106888361,997,6.46940822467402
581,417,6.5697074010327,6.37170263788969,998,6.48697394789579
591,407,6.54822335025381,6.42751842751843,998,6.49899799599198
596,403,6.51845637583893,6.42679900744417,999,6.48148148148148
587,412,6.5076660988075,6.47330097087379,999,6.49349349349349
577,421,6.54939341421144,6.47743467933492,998,6.51903807615231
582,416,6.59106529209622,6.53365384615385,998,6.56713426853707
573,426,6.65095986038394,6.57746478873239,999,6.61961961961962
572,427,6.63986013986014,6.56440281030445,999,6.60760760760761
579,418,6.63385146804836,6.55980861244019,997,6.60280842527583
577,421,6.65337954939341,6.55581947743468,998,6.6122244488978
579,419,6.69430051813471,6.49880668257757,998,6.6122244488978
577,420,6.7001733102253,6.49047619047619,997,6.61183550651956
568,431,6.68661971830986,6.38747099767981,999,6.55755755755756
566,433,6.69611307420495,6.39260969976905,999,6.56456456456456
580,418,6.61034482758621,6.37320574162679,998,6.51102204408818
587,412,6.63713798977853,6.33009708737864,999,6.51051051051051
591,405,6.64467005076142,6.34567901234568,996,6.52309236947791
593,406,6.69814502529511,6.30295566502463,999,6.53753753753754
608,391,6.67434210526316,6.36572890025575,999,6.55355355355355
611,388,6.68903436988543,6.45360824742268,999,6.5975975975976
611,388,6.70540098199673,6.5180412371134,999,6.63263263263263
613,385,6.66721044045677,6.56623376623377,998,6.62825651302605
610,388,6.67868852459016,6.55670103092783,998,6.6312625250501
609,390,6.61904761904762,6.54871794871795,999,6.59159159159159
614,385,6.63680781758958,6.57402597402597,999,6.61261261261261
611,385,6.60720130932897,6.54545454545455,996,6.58333333333333
616,382,6.61688311688312,6.57591623036649,998,6.60120240480962
617,382,6.58022690437601,6.48952879581152,999,6.54554554554555
619,380,6.55573505654281,6.46842105263158,999,6.52252252252252
614,381,6.56840390879479,6.41469816272966,995,6.50954773869347
625,373,6.5328,6.41286863270777,998,6.48797595190381
622,377,6.55466237942122,6.36604774535809,999,6.48348348348348
621,377,6.54589371980676,6.38992042440318,998,6.48697394789579
613,384,6.56443719412724,6.43489583333333,997,6.51454363089268
616,382,6.5762987012987,6.41099476439791,998,6.51302605210421
616,383,6.56818181818182,6.45430809399478,999,6.52452452452452
614,384,6.54885993485342,6.4765625,998,6.52104208416834
607,391,6.53212520593081,6.42966751918159,998,6.49198396793587
614,384,6.49511400651466,6.45572916666667,998,6.47995991983968
608,390,6.48519736842105,6.43333333333333,998,6.46492985971944
594,405,6.46632996632997,6.39753086419753,999,6.43843843843844
606,393,6.43564356435644,6.37913486005089,999,6.41341341341341
600,398,6.42333333333333,6.32914572864322,998,6.38577154308617
601,398,6.48752079866888,6.3643216080402,999,6.43843843843844
603,396,6.51409618573798,6.31313131313131,999,6.43443443443443
613,386,6.5415986949429,6.27720207253886,999,6.43943943943944
625,374,6.4896,6.3475935828877,999,6.43643643643644
625,373,6.4816,6.37533512064343,998,6.44188376753507
625,373,6.4704,6.33243967828418,998,6.4188376753507
622,376,6.4983922829582,6.40691489361702,998,6.46392785571142
621,378,6.5378421900161,6.38888888888889,999,6.48148148148148
610,389,6.52131147540984,6.38046272493573,999,6.46646646646647
619,379,6.55411954765751,6.31398416886544,998,6.46292585170341
622,375,6.54823151125402,6.32,997,6.46238716148445
625,372,6.5744,6.31989247311828,997,6.47943831494483
628,371,6.56210191082803,6.29919137466307,999,6.46446446446446
627,372,6.49760765550239,6.31720430107527,999,6.43043043043043
630,367,6.48571428571429,6.3841961852861,997,6.44834503510532
634,365,6.51261829652997,6.35890410958904,999,6.45645645645646
622,376,6.47266881028939,6.42553191489362,998,6.45490981963928
626,371,6.49680511182109,6.39083557951482,997,6.45737211634905
629,368,6.55007949125596,6.48641304347826,997,6.52657973921765
632,365,6.53006329113924,6.42465753424658,997,6.49147442326981
637,360,6.51962323390895,6.42222222222222,997,6.48445336008024
637,361,6.53689167974882,6.32963988919668,998,6.46192384769539
640,359,6.5328125,6.32590529247911,999,6.45845845845846
646,352,6.52476780185759,6.34943181818182,998,6.46292585170341
644,354,6.54347826086957,6.35028248587571,998,6.4749498997996
647,352,6.53168469860896,6.31534090909091,999,6.45545545545546
651,348,6.50844854070661,6.30172413793103,999,6.43643643643644
646,353,6.4953560371517,6.20396600566572,999,6.39239239239239
646,352,6.44582043343653,6.21022727272727,998,6.3627254509018
643,354,6.43701399688958,6.17514124293785,997,6.34403209628887
645,354,6.45426356589147,6.16666666666667,999,6.35235235235235
650,347,6.49538461538462,6.12391930835735,997,6.36609829488465
659,340,6.5144157814871,6.12647058823529,999,6.38238238238238
661,338,6.51134644478064,6.17751479289941,999,6.3983983983984
666,333,6.48498498498498,6.11711711711712,999,6.36236236236236
657,342,6.45053272450533,6.12280701754386,999,6.33833833833834
650,349,6.45846153846154,6.10028653295129,999,6.33333333333333
645,354,6.50852713178295,6.11864406779661,999,6.37037037037037
643,356,6.53810264385692,6.08988764044944,999,6.37837837837838
643,355,6.55365474339036,6.13239436619718,998,6.40380761523046
641,358,6.55070202808112,6.12849162011173,999,6.3993993993994
637,361,6.53532182103611,6.10249307479224,998,6.37875751503006
648,350,6.50308641975309,6.14,998,6.37575150300601
642,357,6.56853582554517,6.18487394957983,999,6.43143143143143
645,352,6.58604651162791,6.26136363636364,997,6.47141424272818
651,348,6.55145929339478,6.27586206896552,999,6.45545545545546
649,348,6.54853620955316,6.33045977011494,997,6.47241725175527
658,341,6.48480243161094,6.31378299120235,999,6.42642642642643
659,340,6.47647951441578,6.35294117647059,999,6.43443443443443
655,344,6.52977099236641,6.32848837209302,999,6.46046046046046
661,337,6.57034795763994,6.28486646884273,998,6.47394789579158
653,345,6.54364471669219,6.31014492753623,998,6.46292585170341
660,338,6.54242424242424,6.27810650887574,998,6.45290581162325
658,340,6.54863221884498,6.23529411764706,998,6.44188376753507
662,336,6.4833836858006,6.22916666666667,998,6.39779559118236
665,333,6.51729323308271,6.25525525525526,998,6.42985971943888
662,336,6.54229607250755,6.36607142857143,998,6.48296593186373
663,335,6.54298642533937,6.32835820895522,998,6.47094188376754
668,331,6.56137724550898,6.31117824773414,999,6.47847847847848
672,326,6.52232142857143,6.28834355828221,998,6.44589178356713
663,336,6.55505279034691,6.27678571428571,999,6.46146146146146
666,331,6.6036036036036,6.26283987915408,997,6.49047141424273
661,338,6.63993948562784,6.33431952662722,999,6.53653653653654
656,343,6.58689024390244,6.21865889212828,999,6.46046046046046
661,338,6.59757942511346,6.12426035502959,999,6.43743743743744
660,339,6.6,6.13569321533923,999,6.44244244244244
670,328,6.62089552238806,6.07926829268293,998,6.44288577154309
668,329,6.65868263473054,6.18237082066869,997,6.50150451354062
667,331,6.6191904047976,6.18126888217523,998,6.47394789579158
674,325,6.57418397626113,6.20923076923077,999,6.45545545545546
677,322,6.55982274741507,6.32608695652174,999,6.48448448448448
682,317,6.55718475073314,6.36593059936909,999,6.4964964964965
679,318,6.57290132547864,6.39937106918239,997,6.51755265797392
676,323,6.6094674556213,6.35294117647059,999,6.52652652652653
692,307,6.58815028901734,6.38110749185668,999,6.52452452452452
700,299,6.59,6.29096989966555,999,6.5005005005005
695,302,6.56978417266187,6.33774834437086,997,6.49949849548646
690,306,6.5536231884058,6.27124183006536,996,6.46686746987952
695,303,6.55395683453237,6.27722772277228,998,6.46993987975952
687,312,6.57496360989811,6.31089743589744,999,6.49249249249249
684,315,6.59356725146199,6.36825396825397,999,6.52252252252252
684,315,6.57748538011696,6.38095238095238,999,6.51551551551552
688,310,6.58139534883721,6.36774193548387,998,6.51503006012024
675,324,6.59259259259259,6.26543209876543,999,6.48648648648649
671,326,6.61698956780924,6.23926380368098,997,6.49348044132397
664,335,6.59186746987952,6.27761194029851,999,6.48648648648649
668,329,6.59580838323353,6.37082066869301,997,6.52156469408225
679,319,6.58468335787923,6.36677115987461,998,6.51503006012024
671,328,6.63636363636364,6.30792682926829,999,6.52852852852853
689,310,6.60957910014514,6.33870967741935,999,6.52552552552553
697,301,6.66284074605452,6.31229235880399,998,6.55711422845691
696,303,6.68103448275862,6.31023102310231,999,6.56856856856857
701,298,6.66333808844508,6.34228187919463,999,6.56756756756757
709,290,6.65162200282087,6.28620689655172,999,6.54554554554555
708,291,6.65536723163842,6.26116838487973,999,6.54054054054054
717,280,6.66387726638773,6.28214285714286,997,6.55667001003009
717,282,6.59972105997211,6.33687943262411,999,6.52552552552553
708,290,6.61158192090396,6.38620689655172,998,6.54609218436874
705,293,6.57021276595745,6.36860068259386,998,6.51102204408818
701,298,6.59486447931526,6.3993288590604,999,6.53653653653654
698,301,6.56160458452722,6.38205980066445,999,6.50750750750751
699,297,6.54363376251788,6.4040404040404,996,6.50200803212851
701,298,6.58773181169757,6.39597315436242,999,6.53053053053053
700,299,6.61285714285714,6.45484949832776,999,6.56556556556557
689,309,6.64296081277213,6.40776699029126,998,6.57014028056112
691,308,6.61939218523878,6.41558441558442,999,6.55655655655656
685,314,6.62189781021898,6.37579617834395,999,6.54454454454454
699,300,6.54792560801144,6.43666666666667,999,6.51451451451451
699,299,6.51645207439199,6.36789297658863,998,6.47194388777555
696,303,6.50287356321839,6.34653465346535,999,6.45545545545546
698,301,6.48997134670487,6.3156146179402,999,6.43743743743744
696,303,6.49281609195402,6.37953795379538,999,6.45845845845846
702,297,6.48575498575499,6.33670033670034,999,6.44144144144144
703,295,6.41678520625889,6.36949152542373,998,6.40280561122244
697,300,6.39167862266858,6.40666666666667,997,6.39618856569709
695,304,6.43884892086331,6.42105263157895,999,6.43343343343343
684,315,6.47368421052632,6.40634920634921,999,6.45245245245245
677,322,6.41802067946824,6.42857142857143,999,6.42142142142142
666,332,6.3993993993994,6.41867469879518,998,6.40581162324649
673,326,6.39970282317979,6.36503067484663,999,6.38838838838839
660,339,6.3969696969697,6.35988200589971,999,6.38438438438438
659,338,6.40971168437026,6.37278106508876,997,6.39719157472417
655,344,6.40763358778626,6.44767441860465,999,6.42142142142142
653,345,6.42879019908116,6.52753623188406,998,6.46292585170341
655,343,6.43206106870229,6.53061224489796,998,6.46593186372746
659,340,6.46737481031867,6.47647058823529,999,6.47047047047047
654,345,6.47247706422018,6.56521739130435,999,6.5045045045045
661,337,6.48411497730711,6.57270029673591,998,6.51402805611222
662,336,6.47129909365559,6.62202380952381,998,6.52204408817635
664,334,6.45632530120482,6.58682634730539,998,6.5
666,332,6.46246246246246,6.62951807228916,998,6.51803607214429
659,338,6.44916540212443,6.67751479289941,997,6.52657973921765
665,334,6.50977443609023,6.61976047904192,999,6.54654654654655
668,331,6.5,6.60725075528701,999,6.53553553553554
660,337,6.48636363636364,6.64985163204748,997,6.54162487462387
664,335,6.43975903614458,6.54328358208955,999,6.47447447447447
651,347,6.47465437788018,6.50720461095101,998,6.48597194388778
650,349,6.48615384615385,6.57593123209169,999,6.51751751751752
642,355,6.50311526479751,6.51830985915493,997,6.50852557673019
648,351,6.5,6.57834757834758,999,6.52752752752753
651,347,6.51766513056836,6.55907780979827,998,6.53206412825651
660,339,6.52878787878788,6.61946902654867,999,6.55955955955956
661,337,6.5052950075643,6.5786350148368,998,6.53006012024048
655,344,6.51450381679389,6.58139534883721,999,6.53753753753754
660,339,6.53333333333333,6.61356932153392,999,6.56056056056056
660,339,6.50151515151515,6.65191740412979,999,6.55255255255255
665,333,6.4796992481203,6.66066066066066,998,6.54008016032064
660,338,6.45909090909091,6.68934911242604,998,6.53707414829659
656,342,6.4390243902439,6.72222222222222,998,6.53607214428858
659,338,6.4597875569044,6.68934911242604,997,6.53761283851555
655,344,6.47328244274809,6.67151162790698,999,6.54154154154154
648,350,6.46759259259259,6.64857142857143,998,6.5310621242485
667,332,6.48725637181409,6.76506024096386,999,6.57957957957958
674,325,6.45103857566766,6.79076923076923,999,6.56156156156156
672,325,6.47470238095238,6.72,997,6.55466399197593
676,321,6.48224852071006,6.69158878504673,997,6.54964894684052
674,325,6.44955489614243,6.65846153846154,999,6.51751751751752
681,318,6.4287812041116,6.62893081761006,999,6.49249249249249
666,331,6.38288288288288,6.54380664652568,997,6.43630892678034
668,329,6.42365269461078,6.44376899696049,997,6.43029087261785
669,329,6.41704035874439,6.35562310030395,998,6.39679358717435
670,328,6.41044776119403,6.48780487804878,998,6.43587174348697
672,326,6.39136904761905,6.55521472392638,998,6.44488977955912
677,321,6.39586410635155,6.55451713395639,998,6.44689378757515
682,316,6.38123167155425,6.55063291139241,998,6.43486973947896
678,319,6.4188790560472,6.46708463949843,997,6.43430290872618
687,312,6.4235807860262,6.5,999,6.44744744744745
684,313,6.46929824561404,6.50798722044728,997,6.481444332999
675,323,6.47259259259259,6.53250773993808,998,6.49198396793587
680,318,6.39264705882353,6.52201257861635,998,6.43386773547094
672,322,6.38690476190476,6.52795031055901,994,6.43259557344064
681,318,6.34801762114537,6.59119496855346,999,6.42542542542543
679,319,6.38144329896907,6.53605015673981,998,6.43086172344689
674,323,6.34718100890208,6.58204334365325,997,6.42326980942828
682,317,6.35777126099707,6.64353312302839,999,6.44844844844845
681,317,6.32745961820852,6.66876971608833,998,6.43587174348697
677,321,6.31314623338257,6.73831775700935,998,6.4498997995992
680,319,6.41176470588235,6.75235109717868,999,6.52052052052052
673,326,6.37147102526003,6.7760736196319,999,6.5035035035035
677,322,6.36041358936485,6.70496894409938,999,6.47147147147147
680,319,6.35441176470588,6.65830721003135,999,6.45145145145145
665,333,6.35187969924812,6.61561561561562,998,6.43987975951904
662,335,6.35045317220544,6.57014925373134,997,6.42427281845537
664,335,6.36596385542169,6.65970149253731,999,6.46446446446446
667,332,6.3568215892054,6.65963855421687,999,6.45745745745746
665,333,6.35338345864662,6.68468468468468,998,6.46392785571142
661,338,6.32223903177004,6.69230769230769,999,6.44744744744745
657,339,6.38356164383562,6.63716814159292,996,6.46987951807229
663,335,6.3604826546003,6.63582089552239,998,6.45290581162325
664,335,6.40963855421687,6.61791044776119,999,6.47947947947948
665,333,6.42857142857143,6.62462462462462,998,6.4939879759519
666,332,6.42192192192192,6.59036144578313,998,6.47795591182365
655,344,6.42595419847328,6.63953488372093,999,6.4994994994995
657,340,6.42922374429224,6.57352941176471,997,6.47843530591775
655,343,6.43969465648855,6.62973760932945,998,6.50501002004008
648,351,6.45987654320988,6.63247863247863,999,6.52052052052052
655,344,6.42748091603053,6.59011627906977,999,6.48348348348348
650,349,6.37692307692308,6.59885386819484,999,6.45445445445445
655,342,6.35725190839695,6.64035087719298,997,6.4543630892678
664,335,6.37048192771084,6.59701492537313,999,6.44644644644645
669,329,6.42899850523169,6.59270516717325,998,6.48296593186373
664,331,6.49849397590361,6.62839879154079,995,6.54170854271357
665,334,6.48721804511278,6.60778443113772,999,6.52752752752753
661,337,6.42965204236006,6.59347181008902,998,6.48496993987976
663,336,6.37858220211161,6.59523809523809,999,6.45145145145145
668,331,6.33532934131737,6.56495468277946,999,6.41141141141141
659,340,6.33839150227618,6.58529411764706,999,6.42242242242242
668,331,6.34580838323353,6.53776435045317,999,6.40940940940941
675,324,6.33777777777778,6.53086419753086,999,6.4004004004004
673,326,6.35958395245171,6.52453987730061,999,6.41341341341341
681,317,6.34214390602056,6.53312302839117,998,6.40280561122244
669,330,6.32137518684604,6.48787878787879,999,6.37637637637638
666,333,6.34384384384384,6.56456456456456,999,6.41741741741742
660,337,6.33636363636364,6.54302670623145,997,6.4062186559679
660,339,6.35,6.52802359882006,999,6.41041041041041
658,341,6.26899696048632,6.53958944281525,999,6.36136136136136
650,348,6.26,6.58620689655172,998,6.37374749498998
650,349,6.21384615384615,6.67621776504298,999,6.37537537537538
660,337,6.26666666666667,6.63501483679525,997,6.39117352056168
659,339,6.28983308042489,6.64896755162242,998,6.41182364729459
662,337,6.3036253776435,6.6379821958457,999,6.41641641641642
659,339,6.31714719271624,6.5929203539823,998,6.41082164328657
663,336,6.33333333333333,6.5,999,6.38938938938939
659,340,6.32169954476479,6.48823529411765,999,6.37837837837838
665,333,6.28721804511278,6.48348348348348,998,6.35270541082164
663,336,6.32277526395173,6.51190476190476,999,6.38638638638639
654,343,6.35626911314985,6.5597667638484,997,6.42627883650953
657,341,6.37138508371385,6.57478005865103,998,6.44088176352705
657,341,6.32724505327245,6.57184750733138,998,6.41082164328657
654,344,6.33333333333333,6.51162790697674,998,6.39478957915832
654,343,6.42201834862385,6.4402332361516,997,6.42828485456369
656,343,6.44512195121951,6.43731778425656,999,6.44244244244244
650,349,6.39076923076923,6.46991404011461,999,6.41841841841842
654,345,6.41590214067278,6.45217391304348,999,6.42842842842843
648,350,6.375,6.41142857142857,998,6.3877755511022
652,347,6.37730061349693,6.38904899135447,999,6.38138138138138
652,346,6.31901840490798,6.33526011560694,998,6.32464929859719
644,353,6.25776397515528,6.26062322946176,997,6.25877632898696
647,351,6.29211746522411,6.37606837606838,998,6.32164328657315
648,351,6.29166666666667,6.43874643874644,999,6.34334334334334
650,349,6.18615384615385,6.4269340974212,999,6.27027027027027
646,353,6.26625386996904,6.40793201133144,999,6.31631631631632
639,360,6.339593114241,6.4,999,6.36136136136136
642,357,6.35981308411215,6.39775910364146,999,6.37337337337337
645,354,6.38914728682171,6.47175141242938,999,6.41841841841842
644,353,6.3944099378882,6.45325779036827,997,6.41524573721163
645,354,6.37829457364341,6.48587570621469,999,6.41641641641642
645,353,6.32248062015504,6.5014164305949,998,6.38577154308617
651,347,6.39477726574501,6.53025936599424,998,6.44188376753507
653,346,6.36753445635528,6.52890173410405,999,6.42342342342342
655,343,6.35419847328244,6.48104956268222,998,6.39779559118236
651,347,6.35483870967742,6.43227665706052,998,6.38176352705411
658,341,6.33434650455927,6.35190615835777,999,6.34034034034034
660,338,6.30454545454545,6.32840236686391,998,6.312625250501
655,344,6.26106870229008,6.36337209302326,999,6.2962962962963
655,343,6.25954198473282,6.4198250728863,998,6.31462925851703
659,339,6.30197268588771,6.46017699115044,998,6.35571142284569
662,337,6.30966767371601,6.52225519287834,999,6.38138138138138
662,337,6.30815709969789,6.46884272997033,999,6.36236236236236
657,341,6.33333333333333,6.44868035190616,998,6.37274549098196
658,340,6.27659574468085,6.42647058823529,998,6.32765531062124
667,331,6.24137931034483,6.35347432024169,998,6.27855711422846
661,338,6.25264750378215,6.26923076923077,999,6.25825825825826
667,329,6.23088455772114,6.29483282674772,996,6.25200803212851
677,322,6.2274741506647,6.3167701863354,999,6.25625625625626
683,316,6.20644216691069,6.29430379746835,999,6.23423423423423
684,314,6.25438596491228,6.35350318471338,998,6.28557114228457
689,310,6.27285921625544,6.30967741935484,999,6.28428428428428
686,311,6.23760932944606,6.27331189710611,997,6.24874623871615
691,307,6.23444283646889,6.24755700325733,998,6.23847695390782
698,300,6.32521489971347,6.18333333333333,998,6.28256513026052
702,297,6.32478632478632,6.3030303030303,999,6.31831831831832
708,291,6.38559322033898,6.27835051546392,999,6.35435435435435
713,286,6.41234221598878,6.26223776223776,999,6.36936936936937
711,287,6.43037974683544,6.26829268292683,998,6.38376753507014
704,295,6.42897727272727,6.28135593220339,999,6.38538538538539
710,289,6.43098591549296,6.11418685121107,999,6.33933933933934
708,289,6.44209039548023,6.2076124567474,997,6.3741223671013
704,294,6.39346590909091,6.25850340136054,998,6.35370741482966
715,284,6.42937062937063,6.30281690140845,999,6.39339339339339
708,291,6.45480225988701,6.29553264604811,999,6.40840840840841
714,285,6.42857142857143,6.23157894736842,999,6.37237237237237
714,284,6.40896358543417,6.23591549295775,998,6.35971943887776
707,292,6.43988684582744,6.16780821917808,999,6.36036036036036
706,293,6.44050991501416,6.24914675767918,999,6.38438438438438
709,289,6.45275035260931,6.23875432525952,998,6.39078156312625
704,295,6.48153409090909,6.2271186440678,999,6.40640640640641
709,289,6.44710860366714,6.2318339100346,998,6.38476953907816
714,284,6.43417366946779,6.23943661971831,998,6.37875751503006
707,292,6.45403111739745,6.38356164383562,999,6.43343343343343
709,290,6.44146685472496,6.3448275862069,999,6.41341341341341
708,291,6.41666666666667,6.37457044673539,999,6.4044044044044
709,289,6.41043723554302,6.34256055363322,998,6.39078156312625
717,281,6.48535564853557,6.34519572953737,998,6.44589178356713
717,281,6.46722454672245,6.355871886121,998,6.43587174348697
722,277,6.47506925207756,6.28519855595668,999,6.42242242242242
714,284,6.46358543417367,6.29225352112676,998,6.41482965931864
717,281,6.48953974895398,6.25978647686833,998,6.4248496993988
709,290,6.52045133991537,6.31724137931035,999,6.46146146146146
712,285,6.49719101123596,6.32982456140351,997,6.4493480441324
721,278,6.50485436893204,6.3705035971223,999,6.46746746746747
713,285,6.47685834502104,6.41754385964912,998,6.45991983967936
714,284,6.49439775910364,6.4330985915493,998,6.47695390781563
711,285,6.50070323488045,6.41754385964912,996,6.47690763052209
717,282,6.4881450488145,6.35460992907801,999,6.45045045045045
719,280,6.54659248956885,6.38928571428571,999,6.5025025025025
718,281,6.52089136490251,6.36654804270463,999,6.47747747747748
704,294,6.52130681818182,6.39455782312925,998,6.48396793587174
708,290,6.50564971751412,6.42413793103448,998,6.48196392785571
707,290,6.51626591230552,6.42413793103448,997,6.48946840521565
695,303,6.43453237410072,6.47194719471947,998,6.44589178356713
695,303,6.40575539568345,6.47854785478548,998,6.42785571142285
691,307,6.45730824891462,6.56351791530945,998,6.48997995991984
688,310,6.42732558139535,6.51290322580645,998,6.45390781563126
685,314,6.3985401459854,6.48407643312102,999,6.42542542542543
688,310,6.37063953488372,6.45161290322581,998,6.39579158316633
687,312,6.40465793304221,6.4775641025641,999,6.42742742742743
683,316,6.40702781844802,6.5253164556962,999,6.44444444444444
697,302,6.37733142037303,6.5364238410596,999,6.42542542542543
696,302,6.43247126436782,6.54966887417219,998,6.46793587174349
692,307,6.46387283236994,6.55048859934853,999,6.49049049049049
693,306,6.46753246753247,6.48692810457516,999,6.47347347347347
694,305,6.51729106628242,6.48524590163934,999,6.50750750750751
691,307,6.53979739507959,6.53094462540717,998,6.53707414829659
702,296,6.6039886039886,6.56418918918919,998,6.59218436873747
697,300,6.62266857962697,6.48333333333333,997,6.58074222668004
714,285,6.61624649859944,6.54736842105263,999,6.5965965965966
709,289,6.61918194640339,6.50519031141869,998,6.58617234468938
715,284,6.66013986013986,6.48239436619718,999,6.60960960960961
706,293,6.6671388101983,6.45733788395904,999,6.60560560560561
707,291,6.65487977369165,6.50171821305842,998,6.61022044088176
709,290,6.61918194640339,6.5,999,6.58458458458458
696,303,6.57471264367816,6.4983498349835,999,6.55155155155155
692,307,6.57658959537572,6.4885993485342,999,6.54954954954955
700,299,6.55285714285714,6.48829431438127,999,6.53353353353353
703,295,6.574679943101,6.43050847457627,998,6.53206412825651
709,290,6.53878702397743,6.41034482758621,999,6.5015015015015
714,285,6.60084033613445,6.3859649122807,999,6.53953953953954
716,281,6.57541899441341,6.40213523131673,997,6.52657973921765
713,286,6.5750350631136,6.35664335664336,999,6.51251251251251
709,288,6.55430183356841,6.41319444444444,997,6.5135406218656
706,292,6.53116147308782,6.44178082191781,998,6.50501002004008
704,295,6.53125,6.35932203389831,999,6.48048048048048
707,292,6.52899575671853,6.32191780821918,999,6.46846846846847
706,291,6.5028328611898,6.36426116838488,997,6.46238716148445
704,294,6.51988636363636,6.32312925170068,998,6.46192384769539
703,296,6.51066856330014,6.33108108108108,999,6.45745745745746
699,300,6.48783977110157,6.37666666666667,999,6.45445445445445
699,300,6.50500715307582,6.33333333333333,999,6.45345345345345
691,305,6.43849493487699,6.39016393442623,996,6.42369477911647
702,297,6.42022792022792,6.39393939393939,999,6.41241241241241
704,294,6.41477272727273,6.46938775510204,998,6.43086172344689
702,297,6.41452991452991,6.46464646464646,999,6.42942942942943
695,302,6.47482014388489,6.41059602649007,997,6.45536609829488
695,303,6.50071942446043,6.41254125412541,998,6.47394789579158
689,308,6.49346879535559,6.37337662337662,997,6.45636910732197
688,310,6.50581395348837,6.3741935483871,998,6.46492985971944
700,297,6.52714285714286,6.49494949494949,997,6.51755265797392
702,297,6.54131054131054,6.47138047138047,999,6.52052052052052
716,281,6.59357541899441,6.54092526690391,997,6.57873620862588
723,275,6.6237897648686,6.61090909090909,998,6.62024048096192
721,278,6.59639389736477,6.58273381294964,999,6.59259259259259
725,273,6.62758620689655,6.62637362637363,998,6.62725450901804
725,274,6.59862068965517,6.56569343065693,999,6.58958958958959
722,277,6.60664819944598,6.48375451263538,999,6.57257257257257
725,274,6.56,6.47445255474453,999,6.53653653653654
725,274,6.57241379310345,6.44525547445255,999,6.53753753753754
727,271,6.54195323246217,6.47232472324723,998,6.52304609218437
728,269,6.5728021978022,6.37546468401487,997,6.51955867602808
722,275,6.55263157894737,6.33818181818182,997,6.49348044132397
725,274,6.51172413793103,6.36131386861314,999,6.47047047047047
730,269,6.49178082191781,6.37918215613383,999,6.46146146146146
725,274,6.50068965517241,6.44160583941606,999,6.48448448448448
727,271,6.46629986244842,6.4169741697417,998,6.45290581162325
732,266,6.48224043715847,6.41353383458647,998,6.46392785571142
732,267,6.43032786885246,6.49438202247191,999,6.44744744744745
729,269,6.41838134430727,6.43866171003717,998,6.42384769539078
730,268,6.41232876712329,6.46268656716418,998,6.42585170340681
726,272,6.41460055096419,6.47058823529412,998,6.42985971943888
725,273,6.38758620689655,6.41758241758242,998,6.39579158316633
718,280,6.37743732590529,6.34642857142857,998,6.3687374749499
724,275,6.37016574585635,6.34545454545455,999,6.36336336336336
722,275,6.39473684210526,6.29090909090909,997,6.36609829488465
725,274,6.36689655172414,6.24817518248175,999,6.33433433433433
723,276,6.40802213001383,6.18478260869565,999,6.34634634634635
728,269,6.40247252747253,6.07806691449814,997,6.31494483450351
720,278,6.38333333333333,6.15467625899281,998,6.31963927855711
709,290,6.38928067700987,6.17586206896552,999,6.32732732732733
716,283,6.42737430167598,6.22614840989399,999,6.37037037037037
715,283,6.3958041958042,6.21201413427562,998,6.3436873747495
715,283,6.40839160839161,6.21908127208481,998,6.35470941883768
711,288,6.37130801687764,6.20138888888889,999,6.32232232232232
709,290,6.33991537376587,6.27931034482759,999,6.32232232232232
724,275,6.32458563535912,6.31272727272727,999,6.32132132132132
715,282,6.32167832167832,6.36170212765957,997,6.33299899699097
714,284,6.31232492997199,6.33450704225352,998,6.3186372745491
719,280,6.30458970792768,6.29642857142857,999,6.3023023023023
720,279,6.30555555555556,6.24014336917563,999,6.28728728728729
722,277,6.32686980609418,6.28519855595668,999,6.31531531531532
720,278,6.29444444444444,6.2410071942446,998,6.27955911823647
718,280,6.23955431754875,6.24642857142857,998,6.24148296593186
719,279,6.21557719054242,6.14695340501792,998,6.19639278557114
733,266,6.19781718963165,6.1203007518797,999,6.17717717717718
735,263,6.18503401360544,6.03802281368821,998,6.14629258517034
736,263,6.22961956521739,6.04942965779468,999,6.18218218218218
742,254,6.24258760107817,6.15354330708661,996,6.21987951807229
741,256,6.28070175438596,6.10546875,997,6.23570712136409
738,260,6.29674796747967,6.12307692307692,998,6.25150300601202
735,264,6.26258503401361,6.09848484848485,999,6.21921921921922
731,268,6.30642954856361,6.07462686567164,999,6.24424424424424
732,267,6.32103825136612,6.08614232209738,999,6.25825825825826
739,260,6.27740189445196,6.12307692307692,999,6.23723723723724
735,264,6.3265306122449,6.1969696969697,999,6.29229229229229
723,275,6.28215767634855,6.18181818181818,998,6.25450901803607
725,272,6.30206896551724,6.13602941176471,997,6.2567703109328
732,264,6.26912568306011,6.16666666666667,996,6.24196787148594
730,268,6.30684931506849,6.13432835820895,998,6.26052104208417
737,262,6.27408412483039,6.22137404580153,999,6.26026026026026
735,263,6.35918367346939,6.19391634980989,998,6.31563126252505
727,272,6.34800550206327,6.15808823529412,999,6.2962962962963
719,280,6.35048678720445,6.15,999,6.29429429429429
729,270,6.34567901234568,6.20740740740741,999,6.30830830830831
738,260,6.36449864498645,6.23461538461538,998,6.33066132264529
734,263,6.30517711171662,6.27756653992395,997,6.29789368104313
735,264,6.30068027210884,6.26136363636364,999,6.29029029029029
724,274,6.32458563535912,6.2956204379562,998,6.31663326653307
715,283,6.30489510489511,6.20141342756184,998,6.27555110220441
719,280,6.30041724617524,6.27857142857143,999,6.29429429429429
723,276,6.28907330567082,6.35144927536232,999,6.30630630630631
727,272,6.24759284731774,6.41911764705882,999,6.29429429429429
717,280,6.27196652719665,6.43214285714286,997,6.31695085255767
711,287,6.27566807313643,6.40418118466899,998,6.312625250501
719,280,6.31432545201669,6.4,999,6.33833833833834
722,277,6.3213296398892,6.3898916967509,999,6.34034034034034
719,280,6.2990264255911,6.42142857142857,999,6.33333333333333
725,274,6.24551724137931,6.44525547445255,999,6.3003003003003
726,273,6.28236914600551,6.43223443223443,999,6.32332332332332
722,276,6.32686980609418,6.51086956521739,998,6.37775551102204
730,269,6.28493150684931,6.49442379182156,999,6.34134134134134
729,269,6.29355281207133,6.50185873605948,998,6.3496993987976
733,266,6.268758526603,6.46616541353383,999,6.32132132132132
738,261,6.30758807588076,6.30651340996169,999,6.30730730730731
735,264,6.33877551020408,6.36363636363636,999,6.34534534534535
736,263,6.32880434782609,6.42205323193916,999,6.35335335335335
735,263,6.33061224489796,6.36121673003802,998,6.33867735470942
737,262,6.3134328358209,6.40076335877863,999,6.33633633633634
734,265,6.35558583106267,6.4,999,6.36736736736737
729,270,6.32235939643347,6.46666666666667,999,6.36136136136136
738,260,6.32926829268293,6.45384615384615,998,6.36172344689379
723,275,6.33195020746888,6.48363636363636,998,6.37374749498998
718,281,6.32869080779944,6.52313167259786,999,6.38338338338338
715,283,6.28531468531469,6.45229681978799,998,6.33266533066132
703,295,6.27596017069701,6.50847457627119,998,6.34468937875751
705,291,6.2,6.51546391752577,996,6.29216867469879
709,290,6.2425952045134,6.54137931034483,999,6.32932932932933
708,290,6.22033898305085,6.60689655172414,998,6.33266533066132
702,295,6.23076923076923,6.61016949152542,997,6.34302908726178
704,295,6.21164772727273,6.54915254237288,999,6.31131131131131
694,305,6.2492795389049,6.54426229508197,999,6.33933933933934
691,308,6.26917510853835,6.54220779220779,999,6.35335335335335
696,303,6.27298850574713,6.56435643564356,999,6.36136136136136
698,300,6.27077363896848,6.55666666666667,998,6.35671342685371
700,298,6.28714285714286,6.50671140939597,998,6.35270541082164
710,288,6.26901408450704,6.4375,998,6.31763527054108
719,280,6.33796940194715,6.41428571428571,999,6.35935935935936
721,278,6.31622746185853,6.43525179856115,999,6.34934934934935
721,278,6.33009708737864,6.50359712230216,999,6.37837837837838
714,284,6.32072829131653,6.52464788732394,998,6.37875751503006
724,275,6.3328729281768,6.44363636363636,999,6.36336336336336
713,286,6.34642356241234,6.46853146853147,999,6.38138138138138
717,282,6.31241283124128,6.51418439716312,999,6.36936936936937
711,288,6.33052039381153,6.55208333333333,999,6.39439439439439
720,279,6.36666666666667,6.51612903225806,999,6.40840840840841
728,271,6.35576923076923,6.46494464944649,999,6.38538538538539
725,274,6.39724137931035,6.41970802919708,999,6.4034034034034
728,271,6.38461538461539,6.37638376383764,999,6.38238238238238
735,263,6.37006802721088,6.4828897338403,998,6.3997995991984
737,262,6.31478968792402,6.47328244274809,999,6.35635635635636
732,266,6.32103825136612,6.46992481203007,998,6.36072144288577
735,264,6.35918367346939,6.4280303030303,999,6.37737737737738
737,261,6.43283582089552,6.40996168582376,998,6.42685370741483
739,259,6.42489851150203,6.36679536679537,998,6.40981963927856
745,254,6.41342281879195,6.4488188976378,999,6.42242242242242
742,254,6.41239892183288,6.38976377952756,996,6.4066265060241
748,250,6.4144385026738,6.424,998,6.41683366733467
741,257,6.35357624831309,6.40077821011673,998,6.36573146292585
756,243,6.35582010582011,6.42798353909465,999,6.37337337337337
752,245,6.3656914893617,6.46938775510204,997,6.39117352056168
749,248,6.40320427236315,6.46370967741935,997,6.41825476429288
752,246,6.45079787234043,6.49593495934959,998,6.46192384769539
753,245,6.41567065073041,6.42040816326531,998,6.41683366733467
751,246,6.42876165113182,6.33333333333333,997,6.40521564694082
757,242,6.46895640686922,6.29338842975207,999,6.42642642642643
762,237,6.46981627296588,6.34599156118143,999,6.44044044044044
755,244,6.48079470198676,6.31967213114754,999,6.44144144144144
761,236,6.44809461235217,6.21186440677966,997,6.39217652958877
759,240,6.44005270092227,6.23333333333333,999,6.39039039039039
757,241,6.37120211360634,6.19917012448133,998,6.32965931863727
754,245,6.35676392572944,6.15918367346939,999,6.30830830830831
759,240,6.39262187088274,6.2,999,6.34634634634635
757,240,6.46235138705416,6.1875,997,6.39618856569709
763,234,6.43774574049803,6.26068376068376,997,6.39618856569709
768,231,6.43098958333333,6.32900432900433,999,6.40740740740741
774,224,6.38113695090439,6.37946428571429,998,6.38076152304609
760,239,6.35789473684211,6.32635983263598,999,6.35035035035035
756,241,6.35449735449735,6.40248962655602,997,6.36609829488465
764,233,6.33638743455497,6.40772532188841,997,6.3530591775326
756,241,6.33597883597884,6.36514522821577,997,6.34302908726178
749,249,6.35647530040053,6.20080321285141,998,6.31763527054108
756,243,6.35714285714286,6.16049382716049,999,6.30930930930931
762,237,6.3740157480315,6.28270042194093,999,6.35235235235235
764,235,6.31151832460733,6.23404255319149,999,6.29329329329329
768,231,6.28255208333333,6.20779220779221,999,6.26526526526527
768,230,6.33333333333333,6.17826086956522,998,6.29759519038076
760,238,6.3,6.17647058823529,998,6.27054108216433
756,242,6.33333333333333,6.10330578512397,998,6.27755511022044
765,231,6.37385620915033,6.16883116883117,996,6.32630522088353
775,223,6.39483870967742,6.13004484304933,998,6.33567134268537
782,214,6.37468030690537,6.22429906542056,996,6.34236947791165
790,209,6.37088607594937,6.15311004784689,999,6.32532532532533
786,213,6.37150127226463,6.15962441314554,999,6.32632632632633
781,218,6.37131882202305,6.20642201834862,999,6.33533533533534
781,218,6.34186939820743,6.17889908256881,999,6.30630630630631
782,217,6.36572890025575,6.28110599078341,999,6.34734734734735
786,212,6.36132315521628,6.24056603773585,998,6.33567134268537
794,205,6.35768261964736,6.21463414634146,999,6.32832832832833
783,215,6.35632183908046,6.27906976744186,998,6.33967935871743
779,219,6.37869062901155,6.24657534246575,998,6.3496993987976
784,210,6.35204081632653,6.30952380952381,994,6.3430583501006
786,212,6.34351145038168,6.2877358490566,998,6.33166332665331
791,208,6.32616940581542,6.38461538461539,999,6.33833833833834
789,209,6.33460076045627,6.33492822966507,998,6.33466933867735
795,204,6.34716981132075,6.44607843137255,999,6.36736736736737
797,201,6.36762860727729,6.41791044776119,998,6.37775551102204
804,194,6.38681592039801,6.41752577319588,998,6.39278557114228
808,189,6.39480198019802,6.35978835978836,997,6.38816449348044
812,187,6.42980295566502,6.3903743315508,999,6.42242242242242
819,179,6.38583638583639,6.41340782122905,998,6.39078156312625
823,176,6.34629404617254,6.35795454545455,999,6.34834834834835
827,171,6.35792019347037,6.39181286549708,998,6.36372745490982
822,175,6.37956204379562,6.39428571428571,997,6.38214643931795
825,173,6.36969696969697,6.42196531791908,998,6.37875751503006
830,168,6.44578313253012,6.39285714285714,998,6.43687374749499
829,170,6.416164053076,6.40588235294118,999,6.41441441441441
824,173,6.4126213592233,6.45664739884393,997,6.42026078234704
828,170,6.45289855072464,6.56470588235294,998,6.47194388777555
829,169,6.42098914354644,6.41420118343195,998,6.41983967935872
833,166,6.41536614645858,6.43373493975904,999,6.41841841841842
831,168,6.49217809867629,6.54166666666667,999,6.5005005005005
834,163,6.43405275779376,6.56441717791411,997,6.45536609829488
834,165,6.36810551558753,6.47272727272727,999,6.38538538538539
826,172,6.41525423728814,6.44767441860465,998,6.42084168336673
822,177,6.47201946472019,6.49152542372881,999,6.47547547547548
831,167,6.48375451263538,6.50299401197605,998,6.48697394789579
826,173,6.52058111380145,6.5028901734104,999,6.51751751751752
820,178,6.52439024390244,6.44943820224719,998,6.51102204408818
817,182,6.5140758873929,6.32967032967033,999,6.48048048048048
813,185,6.5079950799508,6.28108108108108,998,6.46593186372746
816,183,6.47303921568627,6.31693989071038,999,6.44444444444444
817,182,6.53977968176255,6.30769230769231,999,6.4974974974975
812,185,6.52216748768473,6.38378378378378,997,6.49648946840522
807,190,6.50309789343247,6.29473684210526,997,6.46339017051153
808,190,6.48762376237624,6.39473684210526,998,6.46993987975952
807,191,6.47335811648079,6.42931937172775,998,6.46492985971944
814,184,6.54914004914005,6.46195652173913,998,6.53306613226453
815,183,6.49447852760736,6.63387978142076,998,6.52004008016032
814,183,6.50859950859951,6.59016393442623,997,6.52357071213641
821,178,6.49939098660171,6.53370786516854,999,6.50550550550551
811,185,6.48212083847102,6.46486486486486,996,6.4789156626506
812,187,6.48645320197044,6.50267379679144,999,6.48948948948949
810,188,6.45802469135803,6.52659574468085,998,6.47094188376754
814,183,6.44471744471744,6.58469945355191,997,6.4704112337011
810,188,6.44938271604938,6.45744680851064,998,6.45090180360721
808,189,6.50247524752475,6.42857142857143,997,6.48846539618857
803,194,6.49688667496887,6.48969072164948,997,6.49548645937813
801,198,6.50561797752809,6.57070707070707,999,6.51851851851852
796,202,6.50376884422111,6.57425742574257,998,6.51803607214429
797,201,6.51317440401506,6.46268656716418,998,6.50300601202405
797,202,6.4504391468005,6.51485148514851,999,6.46346346346346
800,199,6.425,6.49246231155779,999,6.43843843843844
801,198,6.40948813982522,6.47474747474747,999,6.42242242242242
798,201,6.38847117794486,6.53233830845771,999,6.41741741741742
800,198,6.4325,6.57070707070707,998,6.45991983967936
799,199,6.45306633291615,6.46733668341709,998,6.45591182364729
802,196,6.46009975062344,6.48979591836735,998,6.46593186372746
804,195,6.50373134328358,6.48205128205128,999,6.4994994994995
811,187,6.46485819975339,6.55080213903743,998,6.48096192384769
805,192,6.46708074534162,6.5625,997,6.48545636910732
802,197,6.47506234413965,6.54314720812183,999,6.48848848848849
802,194,6.47381546134663,6.49484536082474,996,6.47791164658635
808,189,6.46039603960396,6.5026455026455,997,6.46840521564694
808,189,6.47772277227723,6.48148148148148,997,6.47843530591775
807,192,6.49442379182156,6.49479166666667,999,6.49449449449449
803,195,6.43586550435866,6.48717948717949,998,6.44589178356713
797,199,6.45420326223338,6.52763819095477,996,6.46887550200803
796,202,6.44723618090452,6.54455445544554,998,6.46693386773547
795,204,6.46540880503145,6.62254901960784,999,6.4974974974975
794,205,6.41687657430731,6.63414634146341,999,6.46146146146146
790,208,6.46582278481013,6.69711538461539,998,6.51402805611222
794,205,6.49370277078086,6.62926829268293,999,6.52152152152152
797,201,6.51819322459222,6.67164179104478,998,6.54909819639279
799,200,6.49561952440551,6.645,999,6.52552552552553
793,205,6.40857503152585,6.6390243902439,998,6.45591182364729
797,201,6.38393977415307,6.63681592039801,998,6.43486973947896
797,201,6.3525721455458,6.58706467661692,998,6.3997995991984
796,202,6.30150753768844,6.64851485148515,998,6.37174348697395
