forward_num,reverse_num,forward_rate,reverse_rate,organism_num,organism_rate
50,50,5.5,5.5,100,5.5
63,61,5.74603174603175,5.75409836065574,124,5.75
76,72,5.82894736842105,5.93055555555556,148,5.87837837837838
93,93,6.09677419354839,5.93548387096774,186,6.01612903225806
115,113,6.18260869565217,6.14159292035398,228,6.16228070175439
136,136,6.41176470588235,6.11029411764706,272,6.26102941176471
182,172,6.51648351648352,6.34883720930233,354,6.43502824858757
224,206,6.57142857142857,6.35436893203883,430,6.46744186046512
282,253,6.58510638297872,6.32411067193676,535,6.46168224299065
349,313,6.73065902578797,6.46964856230032,662,6.60725075528701
432,384,6.76388888888889,6.5078125,816,6.64338235294118
536,463,6.73694029850746,6.585313174946,999,6.66666666666667
534,465,6.72097378277154,6.58494623655914,999,6.65765765765766
531,468,6.70998116760829,6.62179487179487,999,6.66866866866867
530,468,6.70754716981132,6.60042735042735,998,6.65731462925852
531,468,6.64030131826742,6.58760683760684,999,6.61561561561562
524,474,6.59351145038168,6.62236286919831,998,6.60721442885772
526,471,6.58365019011407,6.60297239915074,997,6.59277833500501
514,484,6.52918287937743,6.59710743801653,998,6.56212424849699
518,480,6.52509652509652,6.60625,998,6.56412825651303
521,477,6.49136276391555,6.65408805031447,998,6.56913827655311
523,476,6.54493307839388,6.63235294117647,999,6.58658658658659
527,472,6.54459203036053,6.64406779661017,999,6.59159159159159
523,476,6.61185468451243,6.6218487394958,999,6.61661661661662
520,478,6.61346153846154,6.65481171548117,998,6.63326653306613
525,474,6.63047619047619,6.61603375527426,999,6.62362362362362
516,483,6.62984496124031,6.56728778467909,999,6.5995995995996
512,485,6.552734375,6.62680412371134,997,6.58876629889669
505,494,6.53663366336634,6.6417004048583,999,6.58858858858859
503,496,6.54473161033797,6.64717741935484,999,6.5955955955956
499,500,6.55511022044088,6.67,999,6.61261261261261
501,497,6.56487025948104,6.68008048289738,998,6.62224448897796
494,505,6.49392712550607,6.67326732673267,999,6.58458458458458
489,510,6.49284253578732,6.68039215686275,999,6.58858858858859
489,509,6.4601226993865,6.70530451866405,998,6.58517034068136
483,514,6.54451345755694,6.71789883268483,997,6.63390170511535
482,516,6.5103734439834,6.72674418604651,998,6.62224448897796
476,523,6.4453781512605,6.7208413001912,999,6.58958958958959
489,509,6.48875255623722,6.71512770137525,998,6.60420841683367
489,509,6.47852760736196,6.69351669941061,998,6.58817635270541
494,504,6.48582995951417,6.71230158730159,998,6.6002004008016
503,496,6.53479125248509,6.73790322580645,999,6.63563563563564
506,492,6.55928853754941,6.69308943089431,998,6.625250501002
506,492,6.59288537549407,6.67073170731707,998,6.6312625250501
504,495,6.60714285714286,6.6989898989899,999,6.65265265265265
504,495,6.61309523809524,6.6989898989899,999,6.65565565565566
493,505,6.59229208924949,6.67920792079208,998,6.63627254509018
488,511,6.59426229508197,6.74559686888454,999,6.67167167167167
485,513,6.61649484536082,6.7719298245614,998,6.69639278557114
482,515,6.58091286307054,6.77669902912621,997,6.68204613841525
479,519,6.580375782881,6.78612716763006,998,6.687374749499
479,520,6.58872651356994,6.76730769230769,999,6.68168168168168
482,515,6.5746887966805,6.76699029126214,997,6.6740220661986
478,519,6.59414225941423,6.75337186897881,997,6.67703109327984
484,513,6.59917355371901,6.7719298245614,997,6.68806419257773
495,502,6.67070707070707,6.74302788844621,997,6.70712136409228
505,494,6.67920792079208,6.7085020242915,999,6.69369369369369
500,494,6.65,6.74089068825911,994,6.69517102615694
504,494,6.62103174603175,6.76113360323887,998,6.69038076152305
506,493,6.58102766798419,6.7525354969574,999,6.66566566566567
507,492,6.5818540433925,6.73780487804878,999,6.65865865865866
515,483,6.56504854368932,6.75776397515528,998,6.65831663326653
519,480,6.55684007707129,6.74791666666667,999,6.64864864864865
508,490,6.58464566929134,6.83061224489796,998,6.70541082164329
503,495,6.54075546719682,6.81818181818182,998,6.67835671342685
503,496,6.56660039761431,6.76209677419355,999,6.66366366366366
502,496,6.62948207171315,6.85282258064516,998,6.74048096192385
507,492,6.70414201183432,6.83130081300813,999,6.76676676676677
507,492,6.66272189349112,6.86788617886179,999,6.76376376376376
491,507,6.71079429735234,6.82051282051282,998,6.76653306613226
488,511,6.74590163934426,6.80039138943249,999,6.77377377377377
489,510,6.79345603271984,6.80588235294118,999,6.7997997997998
490,509,6.73061224489796,6.762278978389,999,6.74674674674675
485,514,6.67835051546392,6.72568093385214,999,6.7027027027027
488,510,6.71311475409836,6.7,998,6.7064128256513
490,509,6.6734693877551,6.71316306483301,999,6.69369369369369
490,507,6.65918367346939,6.78698224852071,997,6.72417251755266
500,498,6.608,6.82530120481928,998,6.71643286573146
496,503,6.62096774193548,6.86878727634195,999,6.74574574574575
484,515,6.60123966942149,6.87961165048544,999,6.74474474474474
477,521,6.58700209643606,6.80806142034549,998,6.70240480961924
475,524,6.61263157894737,6.75,999,6.68468468468468
472,527,6.66949152542373,6.75521821631879,999,6.71471471471471
466,533,6.63519313304721,6.75984990619137,999,6.7017017017017
461,537,6.64642082429501,6.81191806331471,998,6.73547094188377
465,532,6.69462365591398,6.83270676691729,997,6.76830491474423
457,541,6.71553610503282,6.7818853974122,998,6.75150300601202
458,539,6.82751091703057,6.80148423005566,997,6.81344032096289
459,539,6.82135076252723,6.7847866419295,998,6.80160320641283
466,532,6.79828326180257,6.81766917293233,998,6.80861723446894
465,534,6.82150537634409,6.83895131086142,999,6.83083083083083
468,530,6.80128205128205,6.82075471698113,998,6.81162324649299
468,531,6.80555555555556,6.84369114877589,999,6.82582582582583
473,526,6.77801268498943,6.86121673003802,999,6.82182182182182
475,521,6.83578947368421,6.87523992322457,996,6.85642570281125
467,530,6.79871520342612,6.84150943396226,997,6.82146439317954
467,532,6.82655246252677,6.83646616541353,999,6.83183183183183
467,532,6.76873661670236,6.82894736842105,999,6.8008008008008
470,529,6.77659574468085,6.78071833648393,999,6.77877877877878
475,524,6.76842105263158,6.76717557251908,999,6.76776776776777
484,514,6.8099173553719,6.68093385214008,998,6.7434869739479
476,522,6.71638655462185,6.63218390804598,998,6.67234468937876
472,527,6.73516949152542,6.66603415559772,999,6.6986986986987
475,524,6.73684210526316,6.63358778625954,999,6.68268268268268
477,520,6.72955974842767,6.68461538461538,997,6.7061183550652
475,522,6.81263157894737,6.75095785440613,997,6.78034102306921
470,526,6.89787234042553,6.73764258555133,996,6.81325301204819
465,532,6.86881720430108,6.73684210526316,997,6.79839518555667
461,538,6.88069414316703,6.71003717472119,999,6.78878878878879
456,543,6.83333333333333,6.70349907918969,999,6.76276276276276
449,549,6.80846325167038,6.73588342440801,998,6.7685370741483
438,561,6.77397260273973,6.73618538324421,999,6.75275275275275
437,560,6.75972540045767,6.70357142857143,997,6.72818455366098
444,555,6.69144144144144,6.7045045045045,999,6.6986986986987
434,565,6.60829493087558,6.67787610619469,999,6.64764764764765
434,565,6.52995391705069,6.69380530973451,999,6.62262262262262
439,560,6.61958997722096,6.60892857142857,999,6.61361361361361
441,556,6.62585034013605,6.58273381294964,997,6.60180541624875
440,559,6.60227272727273,6.62790697674419,999,6.61661661661662
446,552,6.67264573991031,6.65760869565217,998,6.66432865731463
443,555,6.65914221218962,6.65225225225225,998,6.65531062124249
444,555,6.65540540540541,6.63063063063063,999,6.64164164164164
449,549,6.65033407572383,6.60837887067395,998,6.62725450901804
451,548,6.59645232815965,6.61861313868613,999,6.60860860860861
459,539,6.63398692810458,6.60296846011132,998,6.61723446893788
474,524,6.57594936708861,6.60687022900763,998,6.59218436873747
474,525,6.57594936708861,6.5752380952381,999,6.57557557557558
474,524,6.58438818565401,6.59351145038168,998,6.58917835671343
485,514,6.58762886597938,6.57392996108949,999,6.58058058058058
480,518,6.58333333333333,6.62741312741313,998,6.6062124248497
477,521,6.56813417190776,6.57389635316699,998,6.57114228456914
475,524,6.6,6.61259541984733,999,6.60660660660661
472,527,6.61228813559322,6.6584440227704,999,6.63663663663664
465,534,6.67096774193548,6.61423220973783,999,6.64064064064064
469,530,6.68230277185501,6.62641509433962,999,6.65265265265265
464,535,6.71120689655172,6.67663551401869,999,6.69269269269269
468,530,6.77136752136752,6.66792452830189,998,6.71643286573146
466,532,6.76824034334764,6.67857142857143,998,6.72044088176353
471,528,6.73248407643312,6.70265151515152,999,6.71671671671672
469,530,6.76759061833689,6.72075471698113,999,6.74274274274274
469,530,6.69722814498934,6.77924528301887,999,6.74074074074074
466,533,6.73605150214592,6.79924953095685,999,6.76976976976977
467,531,6.71734475374732,6.77212806026365,998,6.74649298597194
472,525,6.71822033898305,6.80190476190476,997,6.76228686058174
461,537,6.71800433839479,6.81378026070764,998,6.76953907815631
460,537,6.65869565217391,6.81936685288641,997,6.74523570712136
463,536,6.66306695464363,6.78358208955224,999,6.72772772772773
456,542,6.61184210526316,6.72140221402214,998,6.67134268537074
451,548,6.63192904656319,6.67335766423358,999,6.65465465465465
449,549,6.64810690423163,6.64845173041894,998,6.64829659318637
449,548,6.61915367483296,6.58941605839416,997,6.60280842527583
444,554,6.62837837837838,6.60649819494585,998,6.61623246492986
461,537,6.62255965292842,6.58472998137803,998,6.60220440881764
455,543,6.61318681318681,6.59852670349908,998,6.60521042084168
457,542,6.61050328227571,6.62915129151292,999,6.62062062062062
460,539,6.57608695652174,6.62894248608534,999,6.6046046046046
459,540,6.50980392156863,6.63148148148148,999,6.57557557557558
466,533,6.48712446351931,6.62288930581613,999,6.55955955955956
468,531,6.44871794871795,6.61016949152542,999,6.53453453453453
470,528,6.45957446808511,6.61931818181818,998,6.54408817635271
477,522,6.44444444444444,6.6455938697318,999,6.54954954954955
474,523,6.42405063291139,6.60229445506692,997,6.51755265797392
469,528,6.43283582089552,6.62310606060606,997,6.53360080240722
478,520,6.38075313807531,6.65,998,6.52104208416834
485,512,6.36907216494845,6.564453125,997,6.46940822467402
494,505,6.38866396761134,6.60990099009901,999,6.5005005005005
495,504,6.35959595959596,6.60714285714286,999,6.48448448448448
493,506,6.3630831643002,6.5395256916996,999,6.45245245245245
487,509,6.3429158110883,6.51866404715128,996,6.43273092369478
493,506,6.35091277890467,6.5,999,6.42642642642643
497,502,6.38229376257545,6.5199203187251,999,6.45145145145145
491,507,6.35845213849287,6.5956607495069,998,6.47895791583166
490,508,6.31224489795918,6.56102362204724,998,6.43887775551102
491,506,6.32586558044807,6.5296442687747,997,6.42928786359077
484,514,6.36776859504132,6.48249027237354,998,6.42685370741483
494,504,6.40080971659919,6.45436507936508,998,6.42785571142285
492,504,6.36991869918699,6.45238095238095,996,6.41164658634538
503,496,6.36182902584493,6.45161290322581,999,6.40640640640641
502,496,6.36254980079681,6.44959677419355,998,6.40581162324649
510,489,6.38039215686275,6.52351738241309,999,6.45045045045045
515,482,6.44271844660194,6.51244813278008,997,6.47642928786359
509,489,6.43025540275049,6.52556237218814,998,6.47695390781563
513,485,6.47173489278752,6.54226804123711,998,6.5060120240481
508,489,6.41338582677165,6.5439672801636,997,6.47743229689067
506,493,6.41106719367589,6.56795131845842,999,6.48848848848849
501,497,6.40918163672655,6.5513078470825,998,6.47995991983968
511,488,6.39921722113503,6.5,999,6.44844844844845
515,484,6.33980582524272,6.5,999,6.41741741741742
512,485,6.3359375,6.48247422680412,997,6.40722166499499
513,486,6.26900584795322,6.4238683127572,999,6.34434434434434
512,487,6.322265625,6.48665297741273,999,6.4024024024024
510,489,6.24509803921569,6.50306748466258,999,6.37137137137137
506,492,6.25691699604743,6.48983739837398,998,6.37174348697395
506,489,6.28656126482213,6.39468302658487,995,6.33969849246231
495,504,6.33333333333333,6.41071428571429,999,6.37237237237237
497,502,6.34004024144869,6.42430278884462,999,6.38238238238238
497,502,6.40643863179074,6.42231075697211,999,6.41441441441441
498,500,6.44578313253012,6.392,998,6.4188376753507
494,504,6.39676113360324,6.32936507936508,998,6.3627254509018
488,511,6.39344262295082,6.36203522504892,999,6.37737737737738
500,497,6.426,6.37826961770624,997,6.40220661985958
488,509,6.39344262295082,6.43222003929273,997,6.41323971915747
490,509,6.3469387755102,6.44597249508841,999,6.3973973973974
481,515,6.41580041580042,6.44466019417476,996,6.43072289156626
485,514,6.41855670103093,6.51167315175097,999,6.46646646646647
469,527,6.4456289978678,6.41745730550285,996,6.43072289156626
469,530,6.37953091684435,6.45660377358491,999,6.42042042042042
469,530,6.40298507462687,6.46981132075472,999,6.43843843843844
469,529,6.4456289978678,6.51228733459357,998,6.48096192384769
471,527,6.49256900212314,6.53130929791271,998,6.51302605210421
470,529,6.52553191489362,6.46691871455577,999,6.49449449449449
476,523,6.53151260504202,6.4263862332696,999,6.47647647647648
474,525,6.53164556962025,6.40380952380952,999,6.46446446446446
479,519,6.59498956158664,6.40462427745665,998,6.49599198396794
478,520,6.67991631799163,6.41346153846154,998,6.54108216432866
478,520,6.6234309623431,6.44230769230769,998,6.52905811623246
479,520,6.580375782881,6.41153846153846,999,6.49249249249249
491,507,6.62525458248473,6.3629191321499,998,6.49198396793587
488,511,6.58811475409836,6.35812133072407,999,6.47047047047047
500,499,6.612,6.37675350701403,999,6.49449449449449
496,502,6.625,6.46414342629482,998,6.54408817635271
497,502,6.60764587525151,6.41235059760956,999,6.50950950950951
496,503,6.52016129032258,6.38369781312127,999,6.45145145145145
503,496,6.54473161033797,6.42137096774194,999,6.48348348348348
503,496,6.55268389662028,6.43346774193548,999,6.49349349349349
503,495,6.51292246520875,6.43434343434343,998,6.47394789579158
516,481,6.52713178294574,6.52390852390852,997,6.52557673019057
509,489,6.57170923379175,6.51329243353783,998,6.54308617234469
500,499,6.6,6.45891783567134,999,6.52952952952953
507,489,6.61143984220907,6.43353783231084,996,6.52409638554217
504,495,6.60912698412698,6.36969696969697,999,6.49049049049049
506,493,6.59090909090909,6.41379310344828,999,6.5035035035035
513,484,6.57699805068226,6.35743801652893,997,6.4704112337011
519,480,6.5626204238921,6.36041666666667,999,6.46546546546547
512,487,6.630859375,6.36550308008214,999,6.5015015015015
523,475,6.62715105162524,6.34947368421053,998,6.49498997995992
521,478,6.64299424184261,6.42887029288703,999,6.54054054054054
527,471,6.67931688804554,6.45435244161359,998,6.57314629258517
528,471,6.64962121212121,6.41188959660297,999,6.53753753753754
531,467,6.67419962335217,6.44111349036403,998,6.56513026052104
528,468,6.70454545454545,6.41880341880342,996,6.57028112449799
530,466,6.69433962264151,6.3755364806867,996,6.54518072289157
536,462,6.71082089552239,6.36363636363636,998,6.5501002004008
529,470,6.68431001890359,6.39787234042553,999,6.54954954954955
531,468,6.74011299435028,6.36538461538461,999,6.56456456456456
528,470,6.69128787878788,6.34468085106383,998,6.52805611222445
526,471,6.61026615969582,6.26539278131635,997,6.44734202607823
515,481,6.56893203883495,6.24324324324324,996,6.41164658634538
520,476,6.50769230769231,6.20588235294118,996,6.36345381526104
522,477,6.48659003831418,6.25157232704403,999,6.37437437437437
517,482,6.52030947775629,6.26348547717842,999,6.3963963963964
520,478,6.49230769230769,6.18619246861925,998,6.34569138276553
522,476,6.51532567049808,6.22058823529412,998,6.374749498998
517,482,6.52804642166344,6.26348547717842,999,6.4004004004004
510,488,6.57058823529412,6.29713114754098,998,6.43687374749499
511,488,6.53620352250489,6.24590163934426,999,6.39439439439439
515,484,6.50097087378641,6.23760330578512,999,6.37337337337337
508,491,6.50984251968504,6.27902240325866,999,6.3963963963964
500,497,6.458,6.27565392354125,997,6.36710130391173
500,498,6.446,6.26305220883534,998,6.35470941883768
496,502,6.46774193548387,6.33067729083665,998,6.39879759519038
503,496,6.49502982107356,6.38709677419355,999,6.44144144144144
507,492,6.4930966469428,6.4369918699187,999,6.46546546546547
497,499,6.43863179074447,6.37875751503006,996,6.40863453815261
501,498,6.44910179640719,6.3433734939759,999,6.3963963963964
501,497,6.40718562874252,6.39637826961771,998,6.40180360721443
497,502,6.36619718309859,6.37649402390438,999,6.37137137137137
505,491,6.34653465346535,6.37881873727088,996,6.36244979919679
497,501,6.37826961770624,6.42714570858283,998,6.40280561122244
504,492,6.35714285714286,6.39634146341463,996,6.37650602409639
509,489,6.4007858546169,6.31901840490798,998,6.36072144288577
509,490,6.38703339882122,6.35510204081633,999,6.37137137137137
514,485,6.37937743190662,6.30103092783505,999,6.34134134134134
508,490,6.41732283464567,6.33265306122449,998,6.37575150300601
522,477,6.45210727969349,6.32914046121593,999,6.39339339339339
520,478,6.47692307692308,6.30753138075314,998,6.39579158316633
525,474,6.4647619047619,6.31434599156118,999,6.39339339339339
529,470,6.49716446124764,6.33404255319149,999,6.42042042042042
539,458,6.51020408163265,6.34497816593886,997,6.43430290872618
533,465,6.56848030018762,6.31827956989247,998,6.45190380761523
538,460,6.54832713754647,6.30652173913044,998,6.43687374749499
541,458,6.59519408502773,6.3056768558952,999,6.46246246246246
540,457,6.50925925925926,6.24288840262582,997,6.38716148445336
554,445,6.49638989169675,6.21797752808989,999,6.37237237237237
550,449,6.45818181818182,6.22939866369711,999,6.35535535535536
551,448,6.48820326678766,6.23883928571429,999,6.37637637637638
553,446,6.50994575045208,6.24887892376682,999,6.39339339339339
566,432,6.46819787985866,6.30555555555556,998,6.39779559118236
565,432,6.47787610619469,6.28935185185185,997,6.39618856569709
574,425,6.49825783972125,6.31294117647059,999,6.41941941941942
572,427,6.5034965034965,6.3536299765808,999,6.43943943943944
565,434,6.46725663716814,6.28801843317972,999,6.38938938938939
563,435,6.51509769094139,6.28965517241379,998,6.41683366733467
562,437,6.45907473309609,6.27688787185355,999,6.37937937937938
571,428,6.47285464098074,6.27336448598131,999,6.38738738738739
572,427,6.52097902097902,6.27868852459016,999,6.41741741741742
571,428,6.51313485113835,6.24065420560748,999,6.3963963963964
580,418,6.50862068965517,6.33253588516746,998,6.43486973947896
571,428,6.48511383537653,6.32476635514019,999,6.41641641641642
572,426,6.53671328671329,6.29107981220657,998,6.43186372745491
576,423,6.52951388888889,6.29314420803783,999,6.42942942942943
574,425,6.55923344947735,6.30588235294118,999,6.45145145145145
577,422,6.59272097053726,6.31279620853081,999,6.47447447447447
574,425,6.54006968641115,6.27764705882353,999,6.42842842842843
573,425,6.57417102966841,6.28,998,6.44889779559118
571,427,6.62697022767075,6.26932084309133,998,6.47394789579158
566,432,6.62014134275618,6.21064814814815,998,6.44288577154309
558,440,6.58960573476702,6.21818181818182,998,6.42585170340681
567,431,6.56437389770723,6.13921113689095,998,6.38076152304609
569,428,6.55360281195079,6.14485981308411,997,6.37813440320963
567,432,6.53615520282187,6.18981481481481,999,6.38638638638639
568,430,6.48415492957746,6.13720930232558,998,6.33466933867735
576,423,6.48784722222222,6.07328605200946,999,6.31231231231231
565,432,6.50796460176991,6.06481481481481,997,6.31594784353059
581,418,6.55421686746988,6.1244019138756,999,6.37437437437437
576,419,6.49131944444444,6.09546539379475,995,6.32462311557789
571,426,6.53064798598949,6.02816901408451,997,6.31594784353059
579,420,6.53195164075993,6.06190476190476,999,6.33433433433433
580,418,6.51724137931035,6.12918660287081,998,6.35470941883768
581,416,6.48709122203098,6.20913461538461,997,6.37111334002006
580,418,6.43620689655172,6.18421052631579,998,6.33066132264529
576,422,6.45659722222222,6.23222748815166,998,6.36172344689379
571,428,6.42732049036778,6.19158878504673,999,6.32632632632633
583,416,6.43224699828473,6.22115384615385,999,6.34434434434434
577,422,6.46967071057192,6.22511848341232,999,6.36636636636637
583,416,6.46998284734134,6.21394230769231,999,6.36336336336336
596,403,6.49496644295302,6.25310173697271,999,6.3973973973974
594,405,6.51683501683502,6.31604938271605,999,6.43543543543544
588,411,6.47108843537415,6.34793187347932,999,6.42042042042042
603,396,6.48922056384743,6.39141414141414,999,6.45045045045045
601,397,6.45091514143095,6.35012594458438,998,6.41082164328657
595,403,6.37478991596639,6.3697270471464,998,6.37274549098196
602,396,6.43521594684385,6.34848484848485,998,6.40080160320641
605,394,6.42809917355372,6.36548223350254,999,6.4034034034034
606,393,6.46039603960396,6.41221374045802,999,6.44144144144144
599,399,6.45075125208681,6.33834586466165,998,6.40581162324649
601,397,6.40599001663893,6.44080604534005,998,6.41983967935872
606,392,6.41419141914191,6.43367346938776,998,6.42184368737475
597,402,6.43048576214405,6.36567164179105,999,6.4044044044044
590,408,6.39830508474576,6.43137254901961,998,6.41182364729459
584,413,6.48116438356164,6.46489104116223,997,6.47442326980943
580,418,6.47068965517241,6.39712918660287,998,6.43987975951904
573,426,6.46596858638743,6.30281690140845,999,6.3963963963964
579,420,6.49913644214162,6.28095238095238,999,6.40740740740741
573,423,6.43280977312391,6.24113475177305,996,6.35140562248996
565,434,6.4070796460177,6.30875576036866,999,6.36436436436436
566,433,6.43462897526502,6.27482678983834,999,6.36536536536537
563,435,6.46003552397869,6.24827586206897,998,6.36773547094188
553,446,6.43580470162749,6.26233183856502,999,6.35835835835836
556,442,6.43705035971223,6.23981900452489,998,6.3496993987976
557,440,6.50269299820467,6.28409090909091,997,6.4062186559679
561,438,6.49019607843137,6.27168949771689,999,6.39439439439439
554,443,6.48375451263538,6.32054176072235,997,6.41123370110331
560,438,6.475,6.30821917808219,998,6.40180360721443
560,439,6.49464285714286,6.250569476082,999,6.38738738738739
566,432,6.42226148409894,6.21990740740741,998,6.33466933867735
572,427,6.49300699300699,6.28103044496487,999,6.4024024024024
569,430,6.49736379613357,6.34186046511628,999,6.43043043043043
564,434,6.54609929078014,6.32718894009217,998,6.45090180360721
566,433,6.5565371024735,6.270207852194,999,6.43243243243243
570,427,6.56666666666667,6.29508196721311,997,6.45035105315948
562,435,6.60320284697509,6.2,997,6.42728184553661
575,423,6.59304347826087,6.2434988179669,998,6.44488977955912
569,428,6.56590509666081,6.19859813084112,997,6.40822467402207
577,422,6.578856152513,6.22748815165877,999,6.43043043043043
583,416,6.56260720411664,6.28846153846154,999,6.44844844844845
573,422,6.57940663176265,6.30094786729858,995,6.46130653266332
576,421,6.53645833333333,6.25653206650831,997,6.41825476429288
573,426,6.49214659685864,6.24413145539906,999,6.38638638638639
577,422,6.45060658578856,6.29857819905213,999,6.38638638638639
579,418,6.46632124352332,6.28947368421053,997,6.39217652958877
583,415,6.46998284734134,6.27951807228916,998,6.39078156312625
582,417,6.51030927835052,6.3189448441247,999,6.43043043043043
595,402,6.51428571428571,6.32089552238806,997,6.43630892678034
600,399,6.50166666666667,6.34586466165414,999,6.43943943943944
593,406,6.49072512647555,6.36945812807882,999,6.44144144144144
590,409,6.38983050847458,6.36674816625917,999,6.38038038038038
588,411,6.35714285714286,6.34549878345499,999,6.35235235235235
590,409,6.3135593220339,6.36185819070905,999,6.33333333333333
590,408,6.36949152542373,6.37254901960784,998,6.37074148296593
605,394,6.48760330578512,6.35532994923858,999,6.43543543543544
608,390,6.51480263157895,6.37179487179487,998,6.45891783567134
612,386,6.49183006535948,6.38341968911917,998,6.4498997995992
618,380,6.50485436893204,6.36578947368421,998,6.45190380761523
611,388,6.47626841243863,6.28865979381443,999,6.4034034034034
613,385,6.49592169657423,6.3038961038961,998,6.42184368737475
620,379,6.50806451612903,6.35356200527704,999,6.44944944944945
623,376,6.45425361155698,6.37765957446809,999,6.42542542542543
628,369,6.43152866242038,6.38753387533875,997,6.41524573721163
623,374,6.44141252006421,6.41176470588235,997,6.43029087261785
623,374,6.37399678972713,6.44652406417112,997,6.4012036108325
618,380,6.33656957928803,6.49736842105263,998,6.39779559118236
619,380,6.2843295638126,6.42631578947368,999,6.33833833833834
618,380,6.29449838187702,6.39473684210526,998,6.33266533066132
619,379,6.26171243941842,6.47493403693931,998,6.34268537074148
620,379,6.24677419354839,6.48812664907652,999,6.33833833833834
619,380,6.25040387722132,6.48157894736842,999,6.33833833833834
612,386,6.23692810457516,6.47927461139896,998,6.33066132264529
607,391,6.24876441515651,6.49360613810742,998,6.34468937875751
607,390,6.19769357495881,6.45128205128205,997,6.29689067201605
593,406,6.16526138279933,6.44088669950739,999,6.27727727727728
596,402,6.1744966442953,6.44029850746269,998,6.2815631262525
592,406,6.15709459459459,6.43103448275862,998,6.2685370741483
594,404,6.23063973063973,6.40841584158416,998,6.30260521042084
603,396,6.18076285240464,6.35606060606061,999,6.25025025025025
603,396,6.2106135986733,6.39646464646465,999,6.28428428428428
607,392,6.28500823723229,6.39540816326531,999,6.32832832832833
605,394,6.29090909090909,6.42131979695431,999,6.34234234234234
594,404,6.23232323232323,6.38861386138614,998,6.29559118236473
599,399,6.25375626043406,6.29072681704261,998,6.2685370741483
601,398,6.23294509151414,6.33668341708543,999,6.27427427427427
591,407,6.18612521150592,6.36117936117936,998,6.25751503006012
590,406,6.21016949152542,6.39655172413793,996,6.28614457831325
599,399,6.21035058430718,6.41854636591479,998,6.2935871743487
591,408,6.21489001692047,6.50980392156863,999,6.33533533533534
588,411,6.21938775510204,6.55231143552311,999,6.35635635635636
583,414,6.22641509433962,6.52415458937198,997,6.35005015045135
577,422,6.21317157712305,6.55450236966825,999,6.35735735735736
575,423,6.20869565217391,6.54373522458629,998,6.35070140280561
572,426,6.2027972027972,6.60093896713615,998,6.37274549098196
569,430,6.20210896309315,6.5953488372093,999,6.37137137137137
567,431,6.17460317460317,6.5661252900232,998,6.3436873747495
568,431,6.22711267605634,6.60092807424594,999,6.38838838838839
565,432,6.19115044247788,6.62037037037037,997,6.37713139418255
567,432,6.1657848324515,6.61111111111111,999,6.35835835835836
575,424,6.18608695652174,6.62735849056604,999,6.37337337337337
579,419,6.24006908462867,6.6563245823389,998,6.41482965931864
573,426,6.24607329842932,6.60798122065728,999,6.4004004004004
581,418,6.23235800344234,6.5622009569378,999,6.37037037037037
583,416,6.26758147512864,6.51682692307692,999,6.37137137137137
576,422,6.24652777777778,6.51658767772512,998,6.36072144288577
578,421,6.22491349480969,6.47980997624703,999,6.33233233233233
577,422,6.26169844020797,6.48578199052133,999,6.35635635635636
573,426,6.24083769633508,6.55633802816901,999,6.37537537537538
579,420,6.25561312607945,6.5547619047619,999,6.38138138138138
578,421,6.25778546712803,6.64133016627078,999,6.41941941941942
574,425,6.29790940766551,6.67529411764706,999,6.45845845845846
575,422,6.30608695652174,6.63744075829384,997,6.44633901705115
568,430,6.36795774647887,6.70697674418605,998,6.51402805611222
568,430,6.37676056338028,6.67906976744186,998,6.50701402805611
566,433,6.3321554770318,6.66743648960739,999,6.47747747747748
558,441,6.31362007168459,6.72335600907029,999,6.49449449449449
561,438,6.31729055258467,6.63013698630137,999,6.45445445445445
571,427,6.25218914185639,6.72131147540984,998,6.45290581162325
583,413,6.23156089193825,6.64891041162228,996,6.40461847389558
581,418,6.26506024096386,6.66985645933014,999,6.43443443443443
588,411,6.28231292517007,6.67883211678832,999,6.44544544544545
583,416,6.32590051457976,6.69951923076923,999,6.48148148148148
586,413,6.33447098976109,6.71670702179177,999,6.49249249249249
578,421,6.33044982698962,6.74109263657957,999,6.5035035035035
572,427,6.34965034965035,6.74941451990632,999,6.52052052052052
573,426,6.32460732984293,6.76525821596244,999,6.51251251251251
572,427,6.35489510489511,6.73770491803279,999,6.51851851851852
572,427,6.4020979020979,6.71194379391101,999,6.53453453453453
568,431,6.41197183098592,6.7122969837587,999,6.54154154154154
555,444,6.42702702702703,6.72522522522523,999,6.55955955955956
549,450,6.42440801457195,6.74444444444444,999,6.56856856856857
552,446,6.45471014492754,6.78251121076233,998,6.60120240480962
545,453,6.44954128440367,6.76379690949227,998,6.59218436873747
544,455,6.45036764705882,6.72307692307692,999,6.57457457457457
543,456,6.451197053407,6.625,999,6.53053053053053
538,461,6.40334572490706,6.5531453362256,999,6.47247247247247
539,460,6.41558441558442,6.54130434782609,999,6.47347347347347
539,459,6.40074211502783,6.59912854030501,998,6.49198396793587
537,462,6.42644320297952,6.5974025974026,999,6.50550550550551
528,471,6.4375,6.60084925690021,999,6.51451451451451
529,469,6.44990548204159,6.52238805970149,998,6.48396793587174
526,472,6.41444866920152,6.51059322033898,998,6.45991983967936
531,466,6.35216572504708,6.55150214592275,997,6.44533600802407
537,462,6.3389199255121,6.5,999,6.41341341341341
524,475,6.43320610687023,6.55368421052632,999,6.49049049049049
534,465,6.44943820224719,6.5741935483871,999,6.50750750750751
536,463,6.41231343283582,6.58315334773218,999,6.49149149149149
540,459,6.46296296296296,6.59912854030501,999,6.52552552552553
532,466,6.46428571428571,6.5343347639485,998,6.49699398797595
535,464,6.36822429906542,6.57758620689655,999,6.46546546546547
542,455,6.37453874538745,6.63076923076923,997,6.49147442326981
531,466,6.32391713747646,6.63948497854077,997,6.47141424272818
530,469,6.32830188679245,6.56716417910448,999,6.44044044044044
535,463,6.35700934579439,6.52699784017279,998,6.43587174348697
530,468,6.43207547169811,6.54059829059829,998,6.48296593186373
533,466,6.45028142589118,6.5343347639485,999,6.48948948948949
537,462,6.49534450651769,6.56277056277056,999,6.52652652652653
540,459,6.54074074074074,6.57952069716776,999,6.55855855855856
543,456,6.54327808471455,6.58552631578947,999,6.56256256256256
549,450,6.54462659380692,6.53555555555556,999,6.54054054054054
543,456,6.59300184162063,6.4890350877193,999,6.54554554554555
552,447,6.54710144927536,6.48769574944072,999,6.52052052052052
546,451,6.54212454212454,6.490022172949,997,6.518555667001
549,450,6.54826958105647,6.48444444444444,999,6.51951951951952
546,451,6.55860805860806,6.47006651884701,997,6.518555667001
550,449,6.53818181818182,6.51893095768374,999,6.52952952952953
552,445,6.46195652173913,6.53707865168539,997,6.49548645937813
541,457,6.4547134935305,6.527352297593,998,6.48797595190381
547,451,6.39670932358318,6.57871396895787,998,6.47895791583166
553,446,6.39059674502712,6.55829596412556,999,6.46546546546547
561,437,6.44919786096257,6.59267734553776,998,6.51202404809619
551,448,6.50635208711434,6.54241071428571,999,6.52252252252252
550,449,6.48727272727273,6.58574610244989,999,6.53153153153153
556,443,6.51798561151079,6.59819413092551,999,6.55355355355355
551,446,6.51179673321234,6.59641255605381,997,6.54964894684052
550,447,6.52363636363636,6.60178970917226,997,6.55867602808425
550,448,6.50181818181818,6.58258928571429,998,6.53807615230461
549,450,6.52459016393443,6.59777777777778,999,6.55755755755756
549,450,6.53369763205829,6.57777777777778,999,6.55355355355355
546,452,6.58974358974359,6.57300884955752,998,6.58216432865731
538,460,6.62825278810409,6.59130434782609,998,6.61122244488978
537,462,6.61080074487896,6.54112554112554,999,6.57857857857858
543,453,6.65193370165746,6.54746136865342,996,6.60441767068273
551,447,6.63339382940109,6.5592841163311,998,6.6002004008016
552,447,6.61775362318841,6.56375838926174,999,6.59359359359359
558,441,6.60035842293907,6.59410430839002,999,6.5975975975976
553,446,6.57142857142857,6.61210762331839,999,6.58958958958959
549,448,6.54644808743169,6.60044642857143,997,6.57071213640923
554,444,6.61552346570397,6.56531531531532,998,6.59318637274549
548,449,6.58576642335766,6.59465478841871,997,6.58976930792377
542,455,6.59594095940959,6.55604395604396,997,6.5777331995988
545,454,6.58348623853211,6.57709251101322,999,6.58058058058058
542,454,6.60885608856089,6.59030837004405,996,6.6004016064257
548,451,6.51094890510949,6.57427937915743,999,6.53953953953954
546,453,6.54212454212454,6.54304635761589,999,6.54254254254254
532,467,6.53195488721805,6.53533190578158,999,6.53353353353353
528,471,6.54924242424242,6.54352441613588,999,6.54654654654655
530,468,6.59245283018868,6.58119658119658,998,6.58717434869739
528,470,6.55681818181818,6.54468085106383,998,6.55110220440882
517,480,6.54738878143133,6.54583333333333,997,6.54663991975928
512,487,6.46484375,6.49281314168378,999,6.47847847847848
509,490,6.50687622789784,6.53877551020408,999,6.52252252252252
502,496,6.51792828685259,6.59677419354839,998,6.55711422845691
501,497,6.5309381237525,6.49496981891348,998,6.51302605210421
511,487,6.5146771037182,6.48459958932238,998,6.5
514,483,6.4863813229572,6.44927536231884,997,6.46840521564694
523,476,6.51051625239006,6.47268907563025,999,6.49249249249249
525,474,6.50095238095238,6.43037974683544,999,6.46746746746747
525,473,6.52952380952381,6.4291754756871,998,6.48196392785571
520,478,6.56730769230769,6.46652719665272,998,6.51903807615231
528,471,6.56439393939394,6.47133757961783,999,6.52052052052052
521,478,6.510556621881,6.51046025104602,999,6.51051051051051
526,473,6.53231939163498,6.55602536997886,999,6.54354354354354
531,465,6.53107344632768,6.59784946236559,996,6.56224899598394
534,465,6.48689138576779,6.62150537634409,999,6.54954954954955
541,457,6.52495378927911,6.57986870897155,998,6.5501002004008
536,463,6.57089552238806,6.54643628509719,999,6.55955955955956
532,466,6.59962406015038,6.56008583690987,998,6.5811623246493
525,474,6.56190476190476,6.56329113924051,999,6.56256256256256
515,482,6.56116504854369,6.58713692946058,997,6.57372116349047
510,489,6.55882352941176,6.60531697341513,999,6.58158158158158
513,486,6.57699805068226,6.57201646090535,999,6.57457457457457
520,478,6.57307692307692,6.60878661087866,998,6.59018036072144
528,469,6.61174242424242,6.58848614072495,997,6.60080240722167
521,478,6.62380038387716,6.57531380753138,999,6.6006006006006
522,476,6.60344827586207,6.5546218487395,998,6.58016032064128
532,467,6.54887218045113,6.58672376873662,999,6.56656656656657
522,475,6.5632183908046,6.58947368421053,997,6.57572718154463
521,478,6.4721689059501,6.65690376569038,999,6.56056056056056
518,481,6.50772200772201,6.63409563409563,999,6.56856856856857
512,486,6.501953125,6.55555555555556,998,6.52805611222445
505,492,6.51287128712871,6.58943089430894,997,6.5506519558676
500,496,6.464,6.59879032258065,996,6.53112449799197
504,494,6.38690476190476,6.63562753036437,998,6.51002004008016
499,499,6.38677354709419,6.65330661322645,998,6.52004008016032
505,492,6.43564356435644,6.64634146341463,997,6.53961885656971
502,496,6.41235059760956,6.60887096774194,998,6.51002004008016
517,481,6.45454545454545,6.60914760914761,998,6.52905811623246
523,475,6.44168260038241,6.64421052631579,998,6.53807615230461
525,473,6.44952380952381,6.65327695560254,998,6.54609218436874
525,472,6.42666666666667,6.64194915254237,997,6.52858575727182
531,466,6.51224105461394,6.66523605150215,997,6.58375125376128
537,459,6.49534450651769,6.65141612200436,996,6.56726907630522
527,472,6.48576850094877,6.72881355932203,999,6.6006006006006
531,466,6.45009416195857,6.74248927038627,997,6.58676028084253
530,468,6.54339622641509,6.82905982905983,998,6.67735470941884
522,477,6.49808429118774,6.81341719077568,999,6.64864864864865
521,478,6.48176583493282,6.85355648535565,999,6.65965965965966
528,470,6.57575757575758,6.8063829787234,998,6.68436873747495
522,477,6.52681992337165,6.77987421383648,999,6.64764764764765
536,463,6.53731343283582,6.79697624190065,999,6.65765765765766
535,464,6.5196261682243,6.7823275862069,999,6.64164164164164
533,466,6.54784240150094,6.80472103004292,999,6.66766766766767
527,470,6.59962049335863,6.82978723404255,997,6.70812437311936
545,454,6.57431192660551,6.81718061674009,999,6.68468468468468
540,458,6.57777777777778,6.81877729257642,998,6.68837675350701
545,454,6.59449541284404,6.784140969163,999,6.68068068068068
550,449,6.64,6.73273942093541,999,6.68168168168168
551,447,6.64065335753176,6.68232662192394,998,6.65931863727455
548,450,6.67700729927007,6.63777777777778,998,6.65931863727455
551,447,6.66061705989111,6.68680089485459,998,6.67234468937876
550,449,6.64727272727273,6.6815144766147,999,6.66266266266266
557,442,6.63913824057451,6.60407239819004,999,6.62362362362362
559,440,6.62075134168157,6.62045454545455,999,6.62062062062062
561,438,6.59358288770053,6.57990867579909,999,6.58758758758759
563,436,6.54884547069272,6.55045871559633,999,6.54954954954955
571,428,6.55166374781086,6.54906542056075,999,6.55055055055055
577,422,6.51646447140381,6.49526066350711,999,6.50750750750751
579,420,6.58549222797927,6.55714285714286,999,6.57357357357357
575,424,6.54782608695652,6.60849056603774,999,6.57357357357357
578,421,6.55882352941176,6.60095011876485,999,6.57657657657658
580,419,6.59137931034483,6.59904534606205,999,6.59459459459459
584,415,6.61643835616438,6.53975903614458,999,6.58458458458458
587,410,6.59114139693356,6.5609756097561,997,6.57873620862588
592,406,6.57601351351351,6.62807881773399,998,6.59719438877756
598,400,6.57357859531773,6.615,998,6.59018036072144
590,409,6.58813559322034,6.58679706601467,999,6.58758758758759
598,400,6.57023411371237,6.55,998,6.56212424849699
592,407,6.59628378378378,6.52579852579853,999,6.56756756756757
591,408,6.62944162436548,6.49264705882353,999,6.57357357357357
589,410,6.66893039049236,6.55121951219512,999,6.62062062062062
586,412,6.6160409556314,6.54611650485437,998,6.58717434869739
596,403,6.55704697986577,6.56575682382134,999,6.56056056056056
596,403,6.65436241610738,6.4863523573201,999,6.58658658658659
601,397,6.65890183028286,6.40050377833753,998,6.5561122244489
600,399,6.625,6.41353383458647,999,6.54054054054054
604,395,6.64403973509934,6.44303797468354,999,6.56456456456456
600,399,6.63666666666667,6.46365914786967,999,6.56756756756757
587,412,6.62350936967632,6.49029126213592,999,6.56856856856857
584,414,6.61643835616438,6.50966183574879,998,6.57214428857715
579,420,6.55613126079447,6.52619047619048,999,6.54354354354354
580,419,6.5551724137931,6.49403341288783,999,6.52952952952953
593,401,6.57335581787521,6.4713216957606,994,6.53219315895372
590,406,6.57627118644068,6.49507389162562,996,6.54317269076305
598,400,6.55351170568562,6.5175,998,6.53907815631263
590,409,6.57627118644068,6.53789731051345,999,6.56056056056056
583,415,6.63807890222985,6.53253012048193,998,6.59418837675351
590,407,6.61186440677966,6.58230958230958,997,6.59979939819458
602,395,6.61295681063123,6.58227848101266,997,6.60080240722167
601,398,6.60565723793677,6.61557788944724,999,6.60960960960961
598,401,6.66722408026756,6.63092269326683,999,6.65265265265265
593,405,6.58684654300169,6.61234567901235,998,6.59719438877756
592,407,6.55574324324324,6.55282555282555,999,6.55455455455455
588,411,6.48639455782313,6.4647201946472,999,6.47747747747748
589,408,6.50933786078098,6.50245098039216,997,6.50651955867603
590,408,6.48983050847458,6.51225490196078,998,6.49899799599198
574,423,6.45296167247387,6.52009456264775,997,6.481444332999
589,409,6.47707979626486,6.5721271393643,998,6.51603206412826
592,406,6.43243243243243,6.5615763546798,998,6.48496993987976
582,416,6.43298969072165,6.56730769230769,998,6.48897795591182
578,417,6.36332179930796,6.51318944844125,995,6.42613065326633
588,411,6.34523809523809,6.50121654501217,999,6.40940940940941
586,413,6.40955631399317,6.50847457627119,999,6.45045045045045
586,413,6.39419795221843,6.47699757869249,999,6.42842842842843
589,410,6.37181663837012,6.51463414634146,999,6.43043043043043
596,400,6.40939597315436,6.4375,996,6.4206827309237
596,402,6.40939597315436,6.40298507462687,998,6.40681362725451
595,404,6.40672268907563,6.4480198019802,999,6.42342342342342
598,401,6.40133779264214,6.48877805486284,999,6.43643643643644
594,404,6.4040404040404,6.5049504950495,998,6.44488977955912
597,400,6.42211055276382,6.49,997,6.4493480441324
598,401,6.39799331103679,6.42394014962593,999,6.40840840840841
595,403,6.38487394957983,6.47890818858561,998,6.42284569138277
592,407,6.43412162162162,6.47174447174447,999,6.44944944944945
592,407,6.38682432432432,6.47665847665848,999,6.42342342342342
587,412,6.35434412265758,6.45873786407767,999,6.3973973973974
580,418,6.32241379310345,6.44019138755981,998,6.37174348697395
582,415,6.38487972508591,6.44096385542169,997,6.40822467402207
584,414,6.41609589041096,6.43236714975845,998,6.42284569138277
593,404,6.41483979763912,6.4480198019802,997,6.42828485456369
591,408,6.4077834179357,6.42647058823529,999,6.41541541541542
592,406,6.45439189189189,6.35960591133005,998,6.41583166332665
596,403,6.40436241610738,6.38461538461539,999,6.3963963963964
596,402,6.43791946308725,6.4726368159204,998,6.45190380761523
603,396,6.37810945273632,6.44191919191919,999,6.4034034034034
596,402,6.33221476510067,6.53980099502488,998,6.41583166332665
587,412,6.38330494037479,6.55339805825243,999,6.45345345345345
592,407,6.4375,6.6019656019656,999,6.5045045045045
597,402,6.37688442211055,6.63432835820895,999,6.48048048048048
604,395,6.35099337748344,6.59493670886076,999,6.44744744744745
616,382,6.32305194805195,6.5261780104712,998,6.40080160320641
606,391,6.34488448844884,6.50383631713555,997,6.40722166499499
624,371,6.42147435897436,6.49865229110512,995,6.45025125628141
618,381,6.40291262135922,6.51181102362205,999,6.44444444444444
617,381,6.43598055105348,6.5249343832021,998,6.46993987975952
616,382,6.36038961038961,6.48952879581152,998,6.40981963927856
615,382,6.41951219512195,6.48952879581152,997,6.44633901705115
612,387,6.4297385620915,6.3953488372093,999,6.41641641641642
619,380,6.38126009693053,6.48421052631579,999,6.42042042042042
621,376,6.39130434782609,6.47340425531915,997,6.4222668004012
620,379,6.38064516129032,6.43271767810026,999,6.4004004004004
618,380,6.40776699029126,6.42631578947368,998,6.41482965931864
623,374,6.3884430176565,6.4572192513369,997,6.41424272818455
626,372,6.34504792332268,6.49462365591398,998,6.40080160320641
623,376,6.34991974317817,6.47074468085106,999,6.3953953953954
627,371,6.32535885167464,6.56064690026954,998,6.41282565130261
619,379,6.29563812600969,6.55672823218997,998,6.39478957915832
637,362,6.38775510204082,6.46685082872928,999,6.41641641641642
637,362,6.40031397174254,6.4475138121547,999,6.41741741741742
631,366,6.40570522979398,6.34153005464481,997,6.38214643931795
641,358,6.40405616224649,6.33240223463687,999,6.37837837837838
647,351,6.36321483771252,6.35327635327635,998,6.35971943887776
649,350,6.29738058551618,6.34,999,6.31231231231231
658,339,6.31306990881459,6.33628318584071,997,6.320962888666
677,321,6.27917282127031,6.29595015576324,998,6.28456913827655
683,315,6.3294289897511,6.33015873015873,998,6.32965931863727
679,320,6.33284241531664,6.415625,999,6.35935935935936
683,315,6.33674963396779,6.39047619047619,998,6.35370741482966
683,315,6.34407027818448,6.44126984126984,998,6.374749498998
681,317,6.35535976505139,6.3596214511041,998,6.35671342685371
681,317,6.37444933920705,6.4416403785489,998,6.39579158316633
676,323,6.3594674556213,6.42724458204334,999,6.38138138138138
674,325,6.37240356083086,6.44307692307692,999,6.3953953953954
676,323,6.36390532544379,6.48606811145511,999,6.4034034034034
673,325,6.34621099554235,6.45538461538462,998,6.38176352705411
670,328,6.35820895522388,6.45426829268293,998,6.38977955911824
675,324,6.36888888888889,6.44135802469136,999,6.39239239239239
679,320,6.379970544919,6.453125,999,6.4034034034034
676,323,6.37426035502959,6.47987616099071,999,6.40840840840841
672,324,6.40922619047619,6.47222222222222,996,6.42971887550201
677,322,6.41506646971935,6.45652173913043,999,6.42842842842843
678,321,6.40265486725664,6.42990654205607,999,6.41141141141141
682,317,6.37096774193548,6.41324921135647,999,6.38438438438438
684,314,6.32163742690059,6.44585987261147,998,6.36072144288577
680,319,6.30441176470588,6.48275862068965,999,6.36136136136136
684,313,6.30847953216374,6.58466453674121,997,6.39518555667001
686,313,6.34839650145773,6.68370607028754,999,6.45345345345345
688,311,6.42151162790698,6.61093247588424,999,6.48048048048048
687,311,6.4235807860262,6.62057877813505,998,6.48496993987976
694,305,6.43659942363112,6.61639344262295,999,6.49149149149149
681,318,6.45227606461087,6.60691823899371,999,6.5015015015015
682,317,6.47067448680352,6.65930599369085,999,6.53053053053053
678,321,6.47787610619469,6.61682242990654,999,6.52252252252252
679,319,6.49484536082474,6.57680250783699,998,6.52104208416834
675,324,6.45925925925926,6.55246913580247,999,6.48948948948949
665,333,6.38195488721805,6.58558558558559,998,6.4498997995992
665,331,6.34887218045113,6.60422960725076,996,6.43373493975904
666,332,6.36036036036036,6.58734939759036,998,6.43587174348697
667,331,6.40029985007496,6.57703927492447,998,6.45891783567134
667,331,6.38530734632684,6.54984894259819,998,6.43987975951904
674,325,6.49851632047478,6.48615384615385,999,6.49449449449449
678,321,6.56194690265487,6.55763239875389,999,6.56056056056056
683,316,6.5402635431918,6.52215189873418,999,6.53453453453453
676,321,6.52958579881657,6.54517133956386,997,6.5346038114343
678,321,6.50442477876106,6.48598130841121,999,6.4984984984985
686,313,6.53498542274053,6.44728434504792,999,6.50750750750751
689,310,6.55152394775036,6.51612903225806,999,6.54054054054054
693,304,6.52669552669553,6.54605263157895,997,6.53259779338014
685,314,6.56642335766423,6.5,999,6.54554554554555
680,318,6.53382352941177,6.42138364779874,998,6.49799599198397
679,319,6.51104565537555,6.55799373040752,998,6.52605210420842
679,319,6.45213549337261,6.51724137931035,998,6.47294589178357
683,313,6.3792093704246,6.42492012779553,996,6.39357429718875
680,318,6.41911764705882,6.37735849056604,998,6.40581162324649
679,318,6.45213549337261,6.35534591194969,997,6.42126379137412
684,315,6.49561403508772,6.47301587301587,999,6.48848848848849
689,309,6.46153846153846,6.44336569579288,998,6.45591182364729
686,312,6.52915451895044,6.43589743589744,998,6.5
692,306,6.49566473988439,6.4640522875817,998,6.48597194388778
701,297,6.44365192582026,6.53535353535354,998,6.47094188376754
690,309,6.44492753623188,6.52750809061489,999,6.47047047047047
700,299,6.43285714285714,6.54180602006689,999,6.46546546546547
695,302,6.38129496402878,6.49006622516556,997,6.41424272818455
694,305,6.38472622478386,6.50819672131148,999,6.42242242242242
684,315,6.31286549707602,6.51111111111111,999,6.37537537537538
693,306,6.33333333333333,6.60130718954248,999,6.41541541541542
681,318,6.30837004405286,6.63836477987421,999,6.41341341341341
682,316,6.32991202346041,6.60126582278481,998,6.41583166332665
688,310,6.34447674418605,6.67741935483871,998,6.44789579158317
687,312,6.32314410480349,6.66987179487179,999,6.43143143143143
688,310,6.35174418604651,6.71935483870968,998,6.46593186372746
693,306,6.40692640692641,6.67320261437909,999,6.48848848848849
687,311,6.41484716157205,6.62379421221865,998,6.47995991983968
683,316,6.44802342606149,6.64240506329114,999,6.50950950950951
686,313,6.43731778425656,6.58466453674121,999,6.48348348348348
676,320,6.47041420118343,6.55625,996,6.49799196787149
682,316,6.49853372434018,6.55696202531646,998,6.51703406813627
682,317,6.43988269794721,6.50473186119874,999,6.46046046046046
678,321,6.42772861356932,6.51713395638629,999,6.45645645645646
678,321,6.40265486725664,6.48909657320872,999,6.43043043043043
669,328,6.43647234678625,6.51219512195122,997,6.46138415245737
666,330,6.45495495495495,6.43030303030303,996,6.44678714859438
667,331,6.4527736131934,6.42900302114804,998,6.44488977955912
669,330,6.46487294469357,6.54545454545455,999,6.49149149149149
669,329,6.42899850523169,6.4741641337386,998,6.4438877755511
679,320,6.48306332842415,6.459375,999,6.47547547547548
674,325,6.59347181008902,6.47692307692308,999,6.55555555555556
665,333,6.54736842105263,6.51051051051051,998,6.53507014028056
670,329,6.53880597014925,6.5531914893617,999,6.54354354354354
659,338,6.50075872534143,6.55917159763314,997,6.52056168505517
660,339,6.51818181818182,6.5811209439528,999,6.53953953953954
654,343,6.55810397553517,6.5801749271137,997,6.56569709127382
647,350,6.56877897990726,6.54285714285714,997,6.55967903711133
637,360,6.5839874411303,6.56111111111111,997,6.57572718154463
643,356,6.6049766718507,6.61516853932584,999,6.60860860860861
639,357,6.6056338028169,6.63865546218487,996,6.61746987951807
646,353,6.59752321981424,6.62889518413598,999,6.60860860860861
641,357,6.60686427457098,6.57703081232493,998,6.59619238476954
644,354,6.58385093167702,6.53954802259887,998,6.56813627254509
655,343,6.53587786259542,6.60932944606414,998,6.56112224448898
656,343,6.55030487804878,6.53644314868805,999,6.54554554554555
655,342,6.51297709923664,6.58187134502924,997,6.53660982948847
656,343,6.57012195121951,6.54227405247813,999,6.56056056056056
653,346,6.55436447166922,6.48843930635838,999,6.53153153153153
660,339,6.54545454545455,6.46017699115044,999,6.51651651651652
649,350,6.53158705701079,6.49142857142857,999,6.51751751751752
651,348,6.57910906298003,6.48850574712644,999,6.54754754754755
656,343,6.61432926829268,6.51603498542274,999,6.58058058058058
649,350,6.61171032357473,6.44,999,6.55155155155155
638,360,6.60971786833856,6.41666666666667,998,6.54008016032064
649,350,6.59784283513097,6.42857142857143,999,6.53853853853854
659,339,6.58421851289833,6.38938053097345,998,6.51803607214429
662,335,6.59969788519637,6.32238805970149,997,6.50651955867603
663,336,6.63499245852187,6.35119047619048,999,6.53953953953954
663,335,6.58823529411765,6.35820895522388,998,6.51102204408818
659,340,6.56297420333839,6.38529411764706,999,6.5025025025025
666,331,6.58258258258258,6.37462235649547,997,6.5135406218656
668,331,6.58682634730539,6.36253776435045,999,6.51251251251251
674,323,6.58160237388724,6.36222910216718,997,6.51053159478435
675,324,6.60592592592593,6.3641975308642,999,6.52752752752753
669,329,6.64424514200299,6.39209726443769,998,6.56112224448898
677,321,6.68980797636632,6.4018691588785,998,6.59719438877756
667,332,6.65367316341829,6.41265060240964,999,6.57357357357357
666,333,6.6981981981982,6.3993993993994,999,6.5985985985986
663,335,6.68476621417798,6.25373134328358,998,6.54008016032064
657,342,6.67427701674277,6.20760233918129,999,6.51451451451451
660,339,6.66363636363636,6.28908554572271,999,6.53653653653654
664,335,6.6355421686747,6.40298507462687,999,6.55755755755756
669,330,6.63079222720478,6.46666666666667,999,6.57657657657658
669,330,6.62331838565022,6.45757575757576,999,6.56856856856857
663,334,6.5867269984917,6.52694610778443,997,6.5667001003009
673,326,6.60029717682021,6.45398773006135,999,6.55255255255255
671,328,6.6080476900149,6.47560975609756,999,6.56456456456456
671,328,6.5946348733234,6.44817073170732,999,6.54654654654655
669,328,6.51569506726457,6.44207317073171,997,6.49147442326981
677,322,6.49335302806499,6.48447204968944,999,6.49049049049049
668,331,6.51497005988024,6.5226586102719,999,6.51751751751752
670,329,6.49850746268657,6.54407294832827,999,6.51351351351351
675,323,6.45037037037037,6.54179566563467,998,6.47995991983968
671,328,6.48286140089419,6.4969512195122,999,6.48748748748749
661,338,6.50226928895613,6.46449704142012,999,6.48948948948949
661,338,6.52798789712557,6.53846153846154,999,6.53153153153153
667,332,6.55622188905547,6.5,999,6.53753753753754
667,331,6.53973013493253,6.53172205438066,998,6.53707414829659
658,341,6.51823708206687,6.51906158357771,999,6.51851851851852
664,334,6.54367469879518,6.54790419161677,998,6.54509018036072
659,339,6.50986342943854,6.55162241887906,998,6.52404809619238
654,345,6.48776758409786,6.51014492753623,999,6.4954954954955
654,345,6.48623853211009,6.49275362318841,999,6.48848848848849
644,353,6.44875776397516,6.54107648725212,997,6.481444332999
647,352,6.41576506955178,6.55397727272727,999,6.46446446446446
637,362,6.38147566718995,6.47513812154696,999,6.41541541541542
629,369,6.3577106518283,6.48780487804878,998,6.40581162324649
624,375,6.41025641025641,6.536,999,6.45745745745746
624,375,6.42307692307692,6.624,999,6.4984984984985
621,377,6.44122383252818,6.60212201591512,998,6.50200400801603
618,380,6.43042071197411,6.61052631578947,998,6.49899799599198
614,382,6.40553745928339,6.63874345549738,996,6.49497991967872
614,383,6.37785016286645,6.61096605744125,997,6.46740220661986
608,391,6.39309210526316,6.60358056265985,999,6.47547547547548
603,394,6.32504145936982,6.61421319796954,997,6.43931795386158
596,401,6.31711409395973,6.61596009975062,997,6.43731193580742
587,411,6.29301533219761,6.64720194647202,998,6.43887775551102
588,410,6.29761904761905,6.64146341463415,998,6.43887775551102
585,413,6.27521367521368,6.64648910411622,998,6.42885771543086
590,409,6.2593220338983,6.68704156479218,999,6.43443443443443
593,406,6.28330522765599,6.72906403940887,999,6.46446446446446
589,410,6.2937181663837,6.63414634146341,999,6.43343343343343
589,410,6.32088285229202,6.59268292682927,999,6.43243243243243
592,407,6.28716216216216,6.54299754299754,999,6.39139139139139
599,400,6.31552587646077,6.6375,999,6.44444444444444
601,396,6.29783693843594,6.61868686868687,997,6.42527582748245
610,389,6.24426229508197,6.68380462724936,999,6.41541541541542
610,388,6.33606557377049,6.74484536082474,998,6.49498997995992
606,393,6.30528052805281,6.70229007633588,999,6.46146146146146
610,388,6.41639344262295,6.73453608247423,998,6.54008016032064
602,396,6.45681063122924,6.73232323232323,998,6.56613226452906
600,399,6.445,6.71679197994987,999,6.55355355355355
595,404,6.45714285714286,6.74009900990099,999,6.57157157157157
589,410,6.43803056027165,6.74146341463415,999,6.56256256256256
599,400,6.47078464106845,6.7675,999,6.58958958958959
589,407,6.45331069609508,6.73218673218673,996,6.56726907630522
587,411,6.41396933560477,6.71046228710462,998,6.53607214428858
591,408,6.42131979695431,6.69117647058824,999,6.53153153153153
586,413,6.41638225255973,6.73849878934625,999,6.54954954954955
589,410,6.49575551782682,6.72195121951219,999,6.58858858858859
595,404,6.41512605042017,6.72524752475248,999,6.54054054054054
598,401,6.37959866220736,6.72069825436409,999,6.51651651651652
598,401,6.4314381270903,6.64837905236908,999,6.51851851851852
589,409,6.47198641765705,6.63325183374083,998,6.53807615230461
602,397,6.47840531561462,6.66498740554156,999,6.55255255255255
605,394,6.46776859504132,6.68527918781726,999,6.55355355355355
599,400,6.53255425709516,6.7175,999,6.60660660660661
599,400,6.56761268781302,6.79,999,6.65665665665666
608,388,6.55592105263158,6.79896907216495,996,6.65060240963855
615,384,6.50243902439024,6.72916666666667,999,6.58958958958959
619,379,6.51857835218094,6.6622691292876,998,6.57314629258517
615,384,6.49268292682927,6.69010416666667,999,6.56856856856857
611,388,6.47135842880524,6.69845360824742,999,6.55955955955956
618,379,6.48381877022654,6.68073878627968,997,6.55867602808425
615,384,6.47967479674797,6.72916666666667,999,6.57557557557558
619,379,6.52504038772213,6.73614775725594,998,6.60521042084168
612,385,6.55718954248366,6.75324675324675,997,6.63289869608827
602,397,6.54983388704319,6.79345088161209,999,6.64664664664665
603,394,6.51741293532338,6.80203045685279,997,6.62988966900702
583,414,6.51114922813036,6.81159420289855,997,6.63590772316951
595,404,6.56638655462185,6.92326732673267,999,6.71071071071071
596,403,6.58053691275168,6.86848635235732,999,6.6966966966967
587,412,6.57410562180579,6.85679611650485,999,6.69069069069069
593,406,6.59190556492411,6.83743842364532,999,6.69169169169169
581,417,6.60757314974182,6.7841726618705,998,6.6813627254509
589,409,6.59083191850594,6.78239608801956,998,6.66933867735471
594,405,6.56397306397306,6.79012345679012,999,6.65565565565566
595,404,6.51932773109244,6.76732673267327,999,6.61961961961962
606,393,6.49174917491749,6.73791348600509,999,6.58858858858859
606,392,6.47194719471947,6.75,998,6.5811623246493
596,401,6.43959731543624,6.72069825436409,997,6.55265797392177
594,404,6.46801346801347,6.68316831683168,998,6.55511022044088
597,400,6.45561139028476,6.7475,997,6.57271815446339
595,404,6.47731092436975,6.76485148514851,999,6.59359359359359
593,405,6.52107925801012,6.75802469135802,998,6.61723446893788
594,404,6.51178451178451,6.76237623762376,998,6.61322645290581
585,413,6.51452991452991,6.75786924939467,998,6.61523046092184
590,408,6.4728813559322,6.79656862745098,998,6.60521042084168
575,424,6.44,6.75943396226415,999,6.57557557557558
580,418,6.42068965517241,6.73684210526316,998,6.55310621242485
578,417,6.39792387543253,6.71462829736211,995,6.53065326633166
585,414,6.36410256410256,6.72463768115942,999,6.51351351351351
585,414,6.36923076923077,6.68599033816425,999,6.5005005005005
588,411,6.40986394557823,6.72992700729927,999,6.54154154154154
596,403,6.43791946308725,6.69727047146402,999,6.54254254254254
603,395,6.40464344941957,6.59493670886076,998,6.47995991983968
610,389,6.38688524590164,6.6426735218509,999,6.48648648648649
613,385,6.45513866231648,6.62857142857143,998,6.52204408817635
614,385,6.47882736156352,6.6,999,6.52552552552553
607,392,6.499176276771,6.56377551020408,999,6.52452452452452
611,387,6.53027823240589,6.57364341085271,998,6.54709418837675
610,389,6.5016393442623,6.56298200514139,999,6.52552552552553
605,392,6.50578512396694,6.5280612244898,997,6.51454363089268
610,386,6.46393442622951,6.45077720207254,996,6.45883534136546
612,387,6.43627450980392,6.45736434108527,999,6.44444444444444
611,387,6.42880523731588,6.49870801033592,998,6.45591182364729
600,399,6.435,6.53634085213033,999,6.47547547547548
602,397,6.44518272425249,6.59445843828715,999,6.5045045045045
597,401,6.36683417085427,6.6359102244389,998,6.4749498997996
595,404,6.40168067226891,6.63118811881188,999,6.49449449449449
598,401,6.39464882943144,6.60847880299252,999,6.48048048048048
606,393,6.39438943894389,6.63613231552163,999,6.48948948948949
599,400,6.39565943238731,6.6,999,6.47747747747748
597,402,6.47906197654941,6.62437810945274,999,6.53753753753754
599,400,6.5008347245409,6.6275,999,6.55155155155155
606,392,6.53135313531353,6.70408163265306,998,6.59919839679359
614,385,6.52442996742671,6.68831168831169,999,6.58758758758759
612,387,6.49183006535948,6.7390180878553,999,6.58758758758759
614,384,6.4885993485342,6.671875,998,6.55911823647295
614,384,6.51465798045603,6.64583333333333,998,6.56513026052104
613,386,6.51386623164763,6.65544041450777,999,6.56856856856857
611,387,6.54664484451718,6.65374677002584,998,6.58817635270541
612,385,6.5343137254902,6.64935064935065,997,6.57873620862588
613,385,6.53996737357259,6.56883116883117,998,6.55110220440882
610,389,6.56393442622951,6.66066838046272,999,6.6016016016016
614,384,6.4771986970684,6.61979166666667,998,6.53206412825651
616,381,6.53571428571429,6.74278215223097,997,6.6148445336008
610,389,6.52622950819672,6.70951156812339,999,6.5975975975976
618,381,6.5,6.70341207349081,999,6.57757757757758
620,379,6.49193548387097,6.71240105540897,999,6.57557557557558
606,392,6.44554455445545,6.68112244897959,998,6.53807615230461
613,385,6.50081566068515,6.66233766233766,998,6.56312625250501
613,386,6.48123980424144,6.64507772020725,999,6.54454454454454
605,394,6.47438016528926,6.68274111675127,999,6.55655655655656
602,397,6.48837209302326,6.67506297229219,999,6.56256256256256
599,399,6.5025041736227,6.70927318295739,998,6.58517034068136
603,395,6.5240464344942,6.62784810126582,998,6.56513026052104
599,399,6.5575959933222,6.61904761904762,998,6.58216432865731
592,407,6.58952702702703,6.62653562653563,999,6.6046046046046
597,402,6.56951423785595,6.69651741293532,999,6.62062062062062
593,406,6.52276559865093,6.59113300492611,999,6.55055055055055
591,407,6.48054145516074,6.64127764127764,998,6.54609218436874
596,403,6.57885906040268,6.61290322580645,999,6.59259259259259
594,405,6.56397306397306,6.58518518518519,999,6.57257257257257
589,409,6.52801358234295,6.54278728606357,998,6.53406813627254
587,411,6.5366269165247,6.47931873479319,998,6.51302605210421
597,402,6.49748743718593,6.47512437810945,999,6.48848848848849
588,409,6.51360544217687,6.46454767726161,997,6.49348044132397
585,414,6.51794871794872,6.49275362318841,999,6.50750750750751
593,406,6.51433389544688,6.54187192118227,999,6.52552552552553
586,413,6.54266211604096,6.58353510895884,999,6.55955955955956
578,420,6.59342560553633,6.60238095238095,998,6.59719438877756
580,416,6.60689655172414,6.58173076923077,996,6.59638554216868
583,416,6.65523156089194,6.56490384615385,999,6.61761761761762
579,420,6.6286701208981,6.57380952380952,999,6.60560560560561
584,415,6.64383561643836,6.56626506024096,999,6.61161161161161
583,416,6.65180102915952,6.57692307692308,999,6.62062062062062
582,417,6.64432989690722,6.60431654676259,999,6.62762762762763
586,413,6.63481228668942,6.58595641646489,999,6.61461461461461
587,411,6.57410562180579,6.57907542579075,998,6.57615230460922
605,393,6.54049586776859,6.60559796437659,998,6.56613226452906
603,396,6.53565505804312,6.58080808080808,999,6.55355355355355
601,398,6.50748752079867,6.63065326633166,999,6.55655655655656
600,399,6.49166666666667,6.60651629072682,999,6.53753753753754
603,395,6.50248756218905,6.57215189873418,998,6.53006012024048
590,405,6.49661016949153,6.58518518518519,995,6.53266331658291
592,406,6.46790540540541,6.57142857142857,998,6.51002004008016
595,403,6.45546218487395,6.58560794044665,998,6.50801603206413
596,403,6.49664429530201,6.54590570719603,999,6.51651651651652
596,402,6.49664429530201,6.5273631840796,998,6.50901803607214
599,399,6.49248747913189,6.50877192982456,998,6.49899799599198
601,396,6.53410981697171,6.52525252525253,997,6.53059177532598
607,392,6.54859967051071,6.53571428571429,999,6.54354354354354
613,385,6.50570962479608,6.52727272727273,998,6.51402805611222
618,380,6.51456310679612,6.48421052631579,998,6.50300601202405
609,389,6.4679802955665,6.47043701799486,998,6.4689378757515
606,393,6.42904290429043,6.50636132315522,999,6.45945945945946
617,382,6.44570502431118,6.46858638743455,999,6.45445445445445
615,381,6.48130081300813,6.43569553805774,996,6.46385542168675
