forward_num,reverse_num,forward_rate,reverse_rate,organism_num,organism_rate
500,500,5.5,5.5,1000,5.5
496,494,5.49596774193548,5.51417004048583,990,5.50505050505051
494,494,5.49392712550607,5.51417004048583,988,5.50404858299595
534,464,5.90449438202247,5.48922413793103,998,5.71142284569138
573,426,6.05933682373473,5.46009389671362,999,5.8038038038038
607,391,6.25205930807249,5.48337595907928,998,5.95090180360721
638,361,6.32915360501567,5.47645429362881,999,6.02102102102102
657,342,6.28767123287671,5.30409356725146,999,5.95095095095095
685,313,6.36642335766423,5.35143769968051,998,6.04809619238477
708,291,6.41525423728814,5.34707903780069,999,6.1041041041041
703,295,6.51209103840683,5.14915254237288,998,6.10921843687375
723,275,6.34854771784232,5.19272727272727,998,6.03006012024048
731,268,6.50889192886457,4.97761194029851,999,6.0980980980981
722,277,6.48476454293629,4.85198555956679,999,6.03203203203203
710,287,6.50281690140845,4.93728222996516,997,6.05215646940822
709,290,6.55430183356841,5.01724137931035,999,6.10810810810811
694,305,6.59077809798271,5.47213114754098,999,6.24924924924925
685,314,6.60729927007299,5.39808917197452,999,6.22722722722723
666,329,6.69069069069069,5.46504559270517,995,6.28542713567839
669,330,6.75485799701046,5.66969696969697,999,6.3963963963964
688,310,6.80087209302326,5.71290322580645,998,6.46292585170341
697,302,6.56384505021521,5.56622516556291,999,6.26226226226226
659,338,6.62670713201821,5.61242603550296,997,6.28284854563691
680,319,6.76323529411765,5.55799373040752,999,6.37837837837838
688,309,6.76598837209302,5.55987055016181,997,6.39217652958877
686,310,6.77259475218659,5.65806451612903,996,6.42570281124498
694,305,6.78674351585014,5.62622950819672,999,6.43243243243243
694,305,6.84438040345821,5.72459016393443,999,6.5025025025025
698,299,6.86532951289398,5.74581939799331,997,6.5295887662989
703,296,6.91038406827881,5.82094594594595,999,6.58758758758759
703,296,6.93172119487909,5.78040540540541,999,6.59059059059059
699,300,6.9656652360515,5.9,999,6.64564564564565
698,299,6.99570200573066,5.93979933110368,997,6.679037111334
691,308,6.98697539797395,5.87662337662338,999,6.64464464464464
684,312,6.98830409356725,6.00961538461539,996,6.68172690763052
693,305,7.001443001443,6.01311475409836,998,6.69939879759519
694,305,6.97694524495677,6.0655737704918,999,6.6986986986987
683,315,6.98975109809663,6.05079365079365,998,6.69338677354709
682,317,7.04692082111437,6.12302839116719,999,6.75375375375375
690,307,7.0304347826087,6.14983713355049,997,6.7592778335005
697,301,7.01434720229555,6.19601328903654,998,6.76753507014028
695,304,6.97985611510791,6.1875,999,6.73873873873874
712,284,6.9747191011236,6.17253521126761,996,6.74598393574297
704,295,7.00994318181818,6.24745762711864,999,6.78478478478478
713,286,7.05750350631136,6.29370629370629,999,6.83883883883884
719,279,7.0778859527121,6.24731182795699,998,6.84569138276553
723,274,7.10373443983402,6.3029197080292,997,6.88365095285858
729,270,7.15912208504801,6.25925925925926,999,6.91591591591592
734,265,7.18119891008174,6.27924528301887,999,6.94194194194194
737,262,7.24559023066486,6.22900763358779,999,6.97897897897898
730,268,7.25753424657534,6.26865671641791,998,6.99198396793587
726,273,7.22451790633609,6.29304029304029,999,6.96996996996997
720,278,7.22083333333333,6.29496402877698,998,6.96292585170341
720,279,7.24722222222222,6.24372759856631,999,6.96696696696697
712,286,7.28511235955056,6.27972027972028,998,6.99699398797595
718,281,7.27158774373259,6.19928825622776,999,6.96996996996997
722,277,7.23961218836565,6.16245487364621,999,6.94094094094094
723,275,7.23098201936376,6.28727272727273,998,6.97094188376754
719,280,7.26564673157163,6.23928571428571,999,6.97797797797798
728,271,7.23901098901099,6.23616236162362,999,6.96696696696697
722,275,7.25346260387812,6.30181818181818,997,6.99097291875627
729,268,7.26886145404664,6.37313432835821,997,7.02808425275827
735,264,7.27482993197279,6.45075757575758,999,7.05705705705706
730,269,7.29041095890411,6.42007434944238,999,7.05605605605606
726,272,7.31404958677686,6.45955882352941,998,7.0811623246493
728,269,7.33516483516483,6.4275092936803,997,7.09027081243731
729,270,7.30452674897119,6.52222222222222,999,7.09309309309309
729,269,7.31412894375857,6.63568773234201,998,7.1312625250501
726,271,7.31955922865014,6.690036900369,997,7.14844533600802
730,268,7.33150684931507,6.6044776119403,998,7.13627254509018
734,264,7.37193460490463,6.66666666666667,998,7.18537074148297
736,263,7.37228260869565,6.65779467680608,999,7.18418418418418
733,265,7.3956343792633,6.62641509433962,998,7.19138276553106
737,260,7.33649932157395,6.65769230769231,997,7.15947843530592
743,255,7.33781965006729,6.74117647058824,998,7.18537074148297
739,260,7.34100135317997,6.62692307692308,999,7.15515515515516
735,264,7.35374149659864,6.62878787878788,999,7.16216216216216
739,260,7.29769959404601,6.65769230769231,999,7.13113113113113
731,266,7.28727770177839,6.63533834586466,997,7.11334002006018
732,267,7.29644808743169,6.65168539325843,999,7.12412412412412
722,276,7.31301939058172,6.57971014492754,998,7.11022044088176
725,274,7.34620689655172,6.63503649635036,999,7.15115115115115
726,272,7.33333333333333,6.66176470588235,998,7.1503006012024
727,271,7.35488308115543,6.65682656826568,998,7.16533066132265
730,269,7.34931506849315,6.75836431226766,999,7.19019019019019
729,270,7.33333333333333,6.72222222222222,999,7.16816816816817
719,280,7.33936022253129,6.71071428571429,999,7.16316316316316
722,277,7.39196675900277,6.72563176895307,999,7.20720720720721
725,274,7.37241379310345,6.78467153284672,999,7.21121121121121
731,268,7.39261285909713,6.78731343283582,999,7.23023023023023
731,268,7.4172366621067,6.78358208955224,999,7.24724724724725
738,261,7.37940379403794,6.83908045977012,999,7.23823823823824
739,259,7.41948579161028,6.82625482625483,998,7.26553106212425
744,255,7.43279569892473,6.85098039215686,999,7.28428428428428
743,256,7.41991924629879,6.8046875,999,7.26226226226226
739,260,7.40460081190798,6.84615384615385,999,7.25925925925926
741,258,7.3778677462888,6.84496124031008,999,7.24024024024024
746,253,7.37131367292225,6.79841897233202,999,7.22622622622623
739,259,7.37212449255751,6.87258687258687,998,7.24248496993988
739,259,7.30717185385656,6.89189189189189,998,7.19939879759519
748,251,7.31818181818182,6.86454183266932,999,7.2042042042042
739,259,7.29905277401894,6.89189189189189,998,7.19338677354709
741,258,7.31443994601889,6.94573643410853,999,7.21921921921922
739,259,7.31935047361299,6.88803088803089,998,7.20741482965932
742,257,7.30053908355795,6.91050583657588,999,7.2002002002002
746,252,7.36193029490617,6.8968253968254,998,7.24448897795591
748,251,7.36363636363636,6.91235059760956,999,7.25025025025025
750,249,7.37066666666667,6.88755020080321,999,7.25025025025025
756,243,7.38359788359788,6.94650205761317,999,7.27727727727728
762,237,7.32939632545932,6.88607594936709,999,7.22422422422422
760,239,7.32894736842105,6.86192468619247,999,7.21721721721722
757,242,7.31043593130779,6.83057851239669,999,7.19419419419419
756,243,7.31613756613757,6.80246913580247,999,7.19119119119119
763,236,7.3132372214941,6.80932203389831,999,7.19419419419419
756,243,7.34126984126984,6.75308641975309,999,7.1981981981982
761,237,7.3442838370565,6.75105485232068,998,7.20340681362725
764,234,7.31806282722513,6.83333333333333,998,7.20440881763527
760,237,7.31052631578947,6.91983122362869,997,7.21765295887663
765,233,7.33202614379085,6.92703862660944,998,7.2374749498998
768,231,7.2734375,6.98268398268398,999,7.20620620620621
766,232,7.32506527415144,7.0,998,7.24949899799599
763,233,7.32503276539974,7.00429184549356,996,7.25
755,244,7.31390728476821,7.0,999,7.23723723723724
752,246,7.34707446808511,7.01626016260163,998,7.26553106212425
752,246,7.34441489361702,7.0609756097561,998,7.27454909819639
756,242,7.38624338624339,7.05371900826446,998,7.30561122244489
766,233,7.34334203655352,7.09442060085837,999,7.28528528528529
768,231,7.359375,7.14718614718615,999,7.31031031031031
772,227,7.33160621761658,7.15418502202643,999,7.29129129129129
773,226,7.36869340232859,7.21238938053097,999,7.33333333333333
774,223,7.38372093023256,7.14349775784753,997,7.32998996990973
779,220,7.37355584082157,7.10909090909091,999,7.31531531531532
773,226,7.38939197930142,7.08407079646018,999,7.32032032032032
767,230,7.40547588005215,7.09130434782609,997,7.33299899699097
767,231,7.39634941329857,7.10822510822511,998,7.32965931863727
765,232,7.45751633986928,7.06034482758621,997,7.36509528585757
770,225,7.42207792207792,7.02666666666667,995,7.33266331658291
771,227,7.39040207522698,6.98678414096916,998,7.29859719438878
768,229,7.39713541666667,7.02620087336245,997,7.31193580742227
773,225,7.38292367399741,7.08888888888889,998,7.31663326653307
771,227,7.38391699092088,7.09691629955947,998,7.3186372745491
771,228,7.35927367055772,7.15789473684211,999,7.31331331331331
776,223,7.37371134020619,7.08968609865471,999,7.31031031031031
781,217,7.38668373879641,7.04608294930876,998,7.312625250501
782,214,7.38363171355499,7.05607476635514,996,7.31325301204819
789,210,7.35361216730038,7.02857142857143,999,7.28528528528529
788,209,7.30329949238579,7.07177033492823,997,7.25476429287864
789,210,7.29531051964512,7.1,999,7.25425425425425
792,204,7.31818181818182,7.15196078431373,996,7.28413654618474
791,208,7.34513274336283,7.10096153846154,999,7.29429429429429
792,207,7.34469696969697,7.14009661835749,999,7.3023023023023
791,205,7.30847029077118,7.13170731707317,996,7.27208835341365
801,198,7.32084893882647,7.11111111111111,999,7.27927927927928
798,199,7.26441102756892,7.09045226130653,997,7.2296890672016
806,192,7.25558312655087,7.078125,998,7.22144288577154
810,188,7.22469135802469,7.03723404255319,998,7.18937875751503
805,194,7.25217391304348,7.0360824742268,999,7.21021021021021
806,193,7.28039702233251,7.02072538860104,999,7.23023023023023
806,192,7.32009925558313,6.94791666666667,998,7.24849699398798
807,192,7.30855018587361,6.89583333333333,999,7.22922922922923
808,191,7.32920792079208,6.93193717277487,999,7.25325325325325
807,190,7.28996282527881,6.92105263157895,997,7.21965897693079
812,186,7.30049261083744,6.90322580645161,998,7.22645290581162
814,185,7.26289926289926,6.85405405405405,999,7.18718718718719
814,184,7.28501228501228,6.90760869565217,998,7.21543086172345
814,183,7.27149877149877,7.00546448087432,997,7.22266800401204
811,186,7.23797780517879,7.03763440860215,997,7.20060180541625
816,181,7.27205882352941,7.01104972375691,997,7.2246740220662
818,180,7.28117359413203,7.02222222222222,998,7.23446893787575
821,177,7.30694275274056,7.04519774011299,998,7.26052104208417
819,179,7.2979242979243,7.08379888268156,998,7.25951903807615
815,182,7.2920245398773,7.07142857142857,997,7.25175526579739
815,184,7.27116564417178,7.03804347826087,999,7.22822822822823
815,184,7.31411042944785,7.14673913043478,999,7.28328328328328
821,178,7.29841656516443,7.15730337078652,999,7.27327327327327
820,179,7.33292682926829,7.06145251396648,999,7.28428428428428
820,178,7.34024390243902,7.07303370786517,998,7.29258517034068
812,187,7.32758620689655,7.04812834224599,999,7.27527527527528
808,190,7.31559405940594,6.98421052631579,998,7.25250501002004
820,178,7.35121951219512,6.95505617977528,998,7.28056112224449
813,185,7.35055350553506,6.94054054054054,998,7.27454909819639
814,185,7.31326781326781,6.89189189189189,999,7.23523523523524
819,180,7.31257631257631,6.87777777777778,999,7.23423423423423
826,173,7.31961259079903,6.78034682080925,999,7.22622622622623
827,172,7.3192261185006,6.68023255813953,999,7.20920920920921
827,169,7.36638452237001,6.68639053254438,996,7.25100401606426
839,160,7.38617401668653,6.65,999,7.26826826826827
840,158,7.36190476190476,6.70253164556962,998,7.25751503006012
839,159,7.36829558998808,6.66666666666667,998,7.2565130260521
836,162,7.38875598086124,6.67283950617284,998,7.27254509018036
840,159,7.40357142857143,6.71698113207547,999,7.29429429429429
840,159,7.3797619047619,6.72955974842767,999,7.27627627627628
848,151,7.38797169811321,6.62251655629139,999,7.27227227227227
850,149,7.41529411764706,6.74496644295302,999,7.31531531531532
851,148,7.42068155111633,6.7027027027027,999,7.31431431431431
854,145,7.38875878220141,6.71034482758621,999,7.29029029029029
854,144,7.41803278688525,6.66666666666667,998,7.30961923847695
853,145,7.40093786635404,6.67586206896552,998,7.29559118236473
855,144,7.43976608187134,6.70138888888889,999,7.33333333333333
853,146,7.4126611957796,6.5958904109589,999,7.29329329329329
847,150,7.42739079102715,6.51333333333333,997,7.28986960882648
851,147,7.44300822561692,6.52380952380952,998,7.30761523046092
855,144,7.49005847953216,6.44444444444444,999,7.33933933933934
854,144,7.47189695550351,6.45138888888889,998,7.32464929859719
849,150,7.46171967020024,6.39333333333333,999,7.3013013013013
844,155,7.4845971563981,6.34838709677419,999,7.30830830830831
840,159,7.4547619047619,6.42767295597484,999,7.29129129129129
838,161,7.47852028639618,6.43478260869565,999,7.31031031031031
839,158,7.47079856972586,6.55063291139241,997,7.32497492477432
839,160,7.4564958283671,6.4875,999,7.3013013013013
848,151,7.46698113207547,6.58278145695364,999,7.33333333333333
848,148,7.40566037735849,6.51351351351351,996,7.27309236947791
843,154,7.4270462633452,6.5,997,7.28385155466399
856,143,7.44392523364486,6.48251748251748,999,7.30630630630631
859,140,7.42840512223516,6.47142857142857,999,7.29429429429429
863,136,7.44959443800695,6.46323529411765,999,7.31531531531532
860,136,7.48255813953488,6.50735294117647,996,7.34939759036145
868,131,7.47926267281106,6.58015267175572,999,7.36136136136136
871,127,7.47876004592422,6.62204724409449,998,7.36973947895792
870,127,7.50114942528736,6.5748031496063,997,7.38314944834504
870,128,7.46436781609195,6.671875,998,7.3627254509018
874,122,7.46910755148741,6.72131147540984,996,7.37751004016064
879,120,7.45620022753129,6.69166666666667,999,7.36436436436436
875,124,7.48,6.68548387096774,999,7.38138138138138
876,123,7.48972602739726,6.80487804878049,999,7.40540540540541
874,125,7.5137299771167,6.96,999,7.44444444444444
874,124,7.50800915331808,6.86290322580645,998,7.42785571142285
879,119,7.50511945392492,6.89915966386555,998,7.43286573146293
876,122,7.55936073059361,6.97540983606557,998,7.48797595190381
880,119,7.5375,7.03361344537815,999,7.47747747747748
873,125,7.5360824742268,7.04,998,7.47394789579158
882,116,7.54081632653061,7.0,998,7.47795591182365
888,110,7.53040540540541,7.01818181818182,998,7.47394789579158
884,114,7.51357466063348,6.86842105263158,998,7.43987975951904
889,110,7.53205849268841,6.78181818181818,999,7.44944944944945
892,106,7.50336322869955,6.72641509433962,998,7.42084168336673
896,103,7.50446428571429,6.77669902912621,999,7.42942942942943
898,100,7.44320712694878,6.84,998,7.38276553106212
895,103,7.46480446927374,6.72815533980583,998,7.38877755511022
890,108,7.46067415730337,6.65740740740741,998,7.37374749498998
889,108,7.4533183352081,6.58333333333333,997,7.35907723169509
888,111,7.4481981981982,6.59459459459459,999,7.35335335335335
887,111,7.48139797068771,6.63963963963964,998,7.3877755511022
892,105,7.49439461883408,6.71428571428571,997,7.41223671013039
886,113,7.47629796839729,6.8141592920354,999,7.4014014014014
884,114,7.46606334841629,6.85964912280702,998,7.39679358717435
882,117,7.48979591836735,6.81196581196581,999,7.41041041041041
882,116,7.48412698412698,6.86206896551724,998,7.41182364729459
889,110,7.45106861642295,6.9,999,7.39039039039039
885,113,7.48135593220339,6.84070796460177,998,7.40881763527054
888,111,7.46621621621622,6.85585585585586,999,7.3983983983984
890,109,7.43483146067416,6.87155963302752,999,7.37337337337337
891,107,7.45230078563412,6.92523364485981,998,7.39579158316633
899,100,7.45828698553949,6.9,999,7.4024024024024
899,100,7.44938820912125,6.85,999,7.38938938938939
904,95,7.46128318584071,6.89473684210526,999,7.40740740740741
896,103,7.45870535714286,6.88349514563107,999,7.3993993993994
896,102,7.48883928571429,6.83333333333333,998,7.42184368737475
898,101,7.49665924276169,6.87128712871287,999,7.43343343343343
902,96,7.50665188470067,6.96875,998,7.45490981963928
908,89,7.50991189427313,6.93258426966292,997,7.45837512537613
906,92,7.53090507726269,6.98913043478261,998,7.48096192384769
915,83,7.52786885245902,7.03614457831325,998,7.48697394789579
920,79,7.53478260869565,7.0,999,7.49249249249249
916,83,7.51637554585153,6.98795180722892,999,7.47247247247247
913,85,7.50273822562979,7.04705882352941,998,7.46392785571142
913,84,7.49397590361446,6.96428571428571,997,7.4493480441324
918,81,7.49891067538126,7.01234567901235,999,7.45945945945946
916,82,7.50873362445415,7.07317073170732,998,7.47294589178357
925,74,7.53945945945946,7.18918918918919,999,7.51351351351351
928,70,7.53987068965517,7.21428571428571,998,7.51703406813627
923,74,7.55471289274106,7.2027027027027,997,7.52858575727182
927,72,7.58036677454153,7.27777777777778,999,7.55855855855856
925,72,7.5827027027027,7.44444444444444,997,7.57271815446339
933,66,7.56913183279743,7.28787878787879,999,7.55055055055055
935,63,7.56149732620321,7.22222222222222,998,7.54008016032064
935,64,7.53582887700535,7.125,999,7.50950950950951
932,66,7.5118025751073,7.18181818181818,998,7.48997995991984
932,67,7.52896995708154,7.19402985074627,999,7.50650650650651
924,74,7.52922077922078,7.10810810810811,998,7.49799599198397
927,71,7.52750809061489,7.0,998,7.48997995991984
930,69,7.5505376344086,6.97101449275362,999,7.51051051051051
928,71,7.56681034482759,6.91549295774648,999,7.52052052052052
933,66,7.55412647374062,6.93939393939394,999,7.51351351351351
929,69,7.53390742734123,7.0,998,7.49699398797595
927,72,7.55447680690399,6.98611111111111,999,7.51351351351351
925,73,7.54810810810811,7.01369863013699,998,7.50901803607214
921,77,7.54614549402823,6.97402597402597,998,7.50200400801603
924,74,7.52813852813853,6.95945945945946,998,7.48597194388778
924,74,7.53354978354978,6.89189189189189,998,7.48597194388778
922,77,7.58351409978308,6.76623376623377,999,7.52052052052052
919,80,7.58759521218716,6.7125,999,7.51751751751752
922,77,7.55422993492408,6.7012987012987,999,7.48848848848849
919,79,7.58106637649619,6.65822784810127,998,7.50801603206413
915,83,7.56612021857924,6.57831325301205,998,7.48396793587174
920,78,7.60217391304348,6.6025641025641,998,7.52404809619238
921,76,7.63517915309446,6.65789473684211,997,7.56068204613842
916,82,7.62991266375546,6.68292682926829,998,7.55210420841683
913,84,7.63088718510405,6.61904761904762,997,7.5456369107322
909,90,7.62266226622662,6.54444444444444,999,7.52552552552553
914,84,7.63129102844639,6.53571428571429,998,7.53907815631263
912,87,7.64473684210526,6.62068965517241,999,7.55555555555556
905,94,7.64309392265193,6.57446808510638,999,7.54254254254254
908,91,7.62444933920705,6.52747252747253,999,7.52452452452452
907,91,7.60970231532525,6.46153846153846,998,7.50501002004008
912,86,7.60416666666667,6.48837209302326,998,7.50801603206413
912,86,7.55592105263158,6.52325581395349,998,7.46693386773547
909,89,7.54675467546755,6.50561797752809,998,7.45390781563126
915,83,7.53224043715847,6.50602409638554,998,7.44689378757515
911,86,7.53238199780461,6.41860465116279,997,7.43630892678034
911,87,7.55214050493963,6.4367816091954,998,7.45490981963928
909,90,7.54895489548955,6.5,999,7.45445445445445
908,90,7.52643171806167,6.62222222222222,998,7.44488977955912
905,93,7.52817679558011,6.73118279569892,998,7.45390781563126
903,96,7.51495016611296,6.6875,999,7.43543543543544
908,91,7.52422907488987,6.58241758241758,999,7.43843843843844
903,96,7.48172757475083,6.65625,999,7.4024024024024
910,88,7.46593406593407,6.64772727272727,998,7.3937875751503
918,81,7.4880174291939,6.5679012345679,999,7.41341341341341
915,83,7.48415300546448,6.57831325301205,998,7.40881763527054
917,82,7.49182115594329,6.60975609756098,999,7.41941941941942
915,83,7.48306010928962,6.65060240963855,998,7.41382765531062
917,81,7.48091603053435,6.61728395061728,998,7.41082164328657
918,80,7.47167755991285,6.5625,998,7.39879759519038
915,83,7.48743169398907,6.74698795180723,998,7.42585170340681
923,73,7.47453954496208,6.61643835616438,996,7.41164658634538
926,73,7.47516198704104,6.73972602739726,999,7.42142142142142
930,67,7.49354838709677,6.71641791044776,997,7.44132397191575
930,68,7.50322580645161,6.82352941176471,998,7.45691382765531
928,69,7.51400862068965,6.95652173913043,997,7.47542627883651
931,67,7.55746509129968,7.01492537313433,998,7.52104208416834
928,69,7.57866379310345,7.17391304347826,997,7.5506519558676
931,67,7.54564983888292,7.05970149253731,998,7.51302605210421
933,64,7.55198285101822,7.09375,997,7.52256770310933
929,69,7.52529601722282,7.11594202898551,998,7.49699398797595
932,67,7.54291845493562,7.07462686567164,999,7.51151151151151
928,68,7.56034482758621,7.16176470588235,996,7.53313253012048
933,65,7.53697749196141,7.15384615384615,998,7.51202404809619
935,64,7.53048128342246,7.203125,999,7.50950950950951
936,62,7.52457264957265,7.09677419354839,998,7.49799599198397
937,61,7.53361792956243,7.0655737704918,998,7.50501002004008
938,61,7.51705756929638,7.26229508196721,999,7.5015015015015
937,61,7.50373532550694,7.14754098360656,998,7.48196392785571
935,63,7.50267379679144,7.14285714285714,998,7.47995991983968
933,64,7.5037513397642,7.0,997,7.47141424272818
936,63,7.52884615384615,7.03174603174603,999,7.4974974974975
937,61,7.52081109925293,7.08196721311475,998,7.4939879759519
940,59,7.54574468085106,7.08474576271186,999,7.51851851851852
943,56,7.54931071049841,7.05357142857143,999,7.52152152152152
947,51,7.56599788806758,7.07843137254902,998,7.54108216432866
948,51,7.53902953586498,7.27450980392157,999,7.52552552552553
950,49,7.55157894736842,7.20408163265306,999,7.53453453453453
949,50,7.53846153846154,7.32,999,7.52752752752753
946,53,7.55602536997886,7.30188679245283,999,7.54254254254254
946,53,7.57928118393235,7.18867924528302,999,7.55855855855856
952,47,7.60294117647059,7.14893617021277,999,7.58158158158158
950,47,7.57368421052632,7.08510638297872,997,7.5506519558676
948,51,7.52742616033755,7.09803921568627,999,7.50550550550551
945,51,7.51640211640212,7.03921568627451,996,7.49196787148594
947,52,7.50158394931362,7.0,999,7.47547547547548
949,50,7.54162276080084,6.86,999,7.50750750750751
946,51,7.53594080338266,6.90196078431373,997,7.50351053159478
947,50,7.56071805702218,6.88,997,7.52657973921765
951,47,7.55415352260778,6.85106382978723,998,7.52104208416834
953,46,7.52256033578174,6.91304347826087,999,7.49449449449449
958,41,7.51983298538622,6.92682926829268,999,7.4954954954955
953,45,7.55718782791186,6.84444444444444,998,7.5250501002004
958,39,7.54801670146138,7.0,997,7.52657973921765
960,39,7.54270833333333,6.76923076923077,999,7.51251251251251
958,40,7.55845511482255,6.775,998,7.52705410821643
956,41,7.55230125523013,6.85365853658537,997,7.52357071213641
957,41,7.54336468129572,7.02439024390244,998,7.52204408817635
957,42,7.53291536050157,7.04761904761905,999,7.51251251251251
954,45,7.53878406708595,7.04444444444444,999,7.51651651651652
954,42,7.5062893081761,7.02380952380952,996,7.4859437751004
956,41,7.48744769874477,7.1219512195122,997,7.47241725175527
959,40,7.49426485922836,7.2,999,7.48248248248248
957,42,7.51201671891327,7.19047619047619,999,7.4984984984985
956,43,7.50836820083682,7.44186046511628,999,7.50550550550551
957,42,7.52455590386625,7.45238095238095,999,7.52152152152152
957,40,7.521421107628,7.575,997,7.52357071213641
955,42,7.53507853403141,7.71428571428571,997,7.54262788365095
956,43,7.52719665271966,7.81395348837209,999,7.53953953953954
957,42,7.53187042842215,8.07142857142857,999,7.55455455455455
957,42,7.5141065830721,8.09523809523809,999,7.53853853853854
954,43,7.49266247379455,7.97674418604651,997,7.5135406218656
953,43,7.45960125918153,7.83720930232558,996,7.47590361445783
958,41,7.46972860125261,7.80487804878049,999,7.48348348348348
956,40,7.48535564853557,7.65,996,7.49196787148594
958,40,7.47390396659708,7.8,998,7.48697394789579
960,38,7.49375,7.97368421052632,998,7.51202404809619
965,34,7.50466321243523,8.0,999,7.52152152152152
965,32,7.51502590673575,8.0,997,7.53059177532598
974,25,7.52464065708419,8.16,999,7.54054054054054
972,26,7.54526748971193,8.15384615384615,998,7.56112224448898
972,27,7.5462962962963,8.18518518518519,999,7.56356356356356
972,27,7.5380658436214,8.11111111111111,999,7.55355355355355
969,29,7.54901960784314,8.06896551724138,998,7.56412825651303
970,29,7.55567010309278,8.10344827586207,999,7.57157157157157
966,32,7.57763975155279,8.0,998,7.59118236472946
970,29,7.58659793814433,7.93103448275862,999,7.5965965965966
966,32,7.59627329192547,7.90625,998,7.6062124248497
972,27,7.59156378600823,8.03703703703704,999,7.6036036036036
968,29,7.59504132231405,8.06896551724138,997,7.60882647943832
970,28,7.59072164948454,8.21428571428571,998,7.60821643286573
967,31,7.57290589451913,8.19354838709677,998,7.59218436873747
966,31,7.56935817805383,8.2258064516129,997,7.58976930792377
967,31,7.54084798345398,8.25806451612903,998,7.56312625250501
968,30,7.52582644628099,8.36666666666667,998,7.55110220440882
966,31,7.50414078674948,8.38709677419355,997,7.53159478435306
967,30,7.50361944157187,8.4,997,7.53059177532598
970,27,7.48659793814433,8.40740740740741,997,7.51153460381143
972,26,7.47942386831276,8.34615384615385,998,7.50200400801603
970,27,7.50515463917526,8.18518518518519,997,7.52357071213641
970,28,7.51134020618557,8.14285714285714,998,7.52905811623246
972,27,7.51337448559671,8.11111111111111,999,7.52952952952953
971,28,7.50772399588054,8.17857142857143,999,7.52652652652653
968,30,7.5103305785124,8.16666666666667,998,7.53006012024048
968,30,7.52789256198347,8.16666666666667,998,7.54709418837675
970,28,7.52886597938144,8.10714285714286,998,7.54509018036072
969,29,7.54385964912281,8.20689655172414,998,7.56312625250501
973,26,7.53956834532374,8.5,999,7.56456456456456
968,30,7.52789256198347,8.53333333333333,998,7.55811623246493
970,28,7.52061855670103,8.39285714285714,998,7.54509018036072
971,27,7.51184346035015,8.48148148148148,998,7.53807615230461
972,27,7.52057613168724,8.48148148148148,999,7.54654654654655
973,26,7.54881808838643,8.46153846153846,999,7.57257257257257
970,26,7.52164948453608,8.46153846153846,996,7.54618473895582
978,21,7.50613496932515,8.57142857142857,999,7.52852852852853
976,23,7.48975409836066,8.56521739130435,999,7.51451451451451
976,23,7.47848360655738,8.65217391304348,999,7.50550550550551
975,24,7.46564102564103,8.54166666666667,999,7.49149149149149
971,27,7.47373841400618,8.48148148148148,998,7.50100200400802
972,27,7.46090534979424,8.51851851851852,999,7.48948948948949
972,27,7.44341563786008,8.51851851851852,999,7.47247247247247
970,29,7.44948453608247,8.27586206896552,999,7.47347347347347
970,28,7.45567010309278,8.39285714285714,998,7.48196392785571
972,27,7.46913580246914,8.37037037037037,999,7.49349349349349
969,29,7.47781217750258,8.51724137931035,998,7.50801603206413
971,28,7.51596292481977,8.46428571428571,999,7.54254254254254
970,29,7.51649484536082,8.51724137931035,999,7.54554554554555
969,30,7.53147574819401,8.46666666666667,999,7.55955955955956
968,30,7.55578512396694,8.43333333333333,998,7.58216432865731
967,31,7.56049638055843,8.51612903225806,998,7.59018036072144
971,28,7.55200823892894,8.39285714285714,999,7.57557557557558
966,30,7.53830227743271,8.33333333333333,996,7.56224899598394
968,31,7.51652892561984,8.35483870967742,999,7.54254254254254
969,30,7.5500515995872,8.26666666666667,999,7.57157157157157
967,30,7.59152016546019,8.06666666666667,997,7.60581745235707
967,32,7.58738366080662,8.0625,999,7.6026026026026
962,35,7.55717255717256,8.0,997,7.57271815446339
964,35,7.54149377593361,8.02857142857143,999,7.55855855855856
961,37,7.55879292403746,7.86486486486486,998,7.57014028056112
961,37,7.56399583766909,7.78378378378378,998,7.57214428857715
965,34,7.55440414507772,7.88235294117647,999,7.56556556556557
961,38,7.54526534859521,7.94736842105263,999,7.56056056056056
964,35,7.53215767634855,8.05714285714286,999,7.55055055055055
965,34,7.52435233160622,8.29411764705882,999,7.55055055055055
967,31,7.52223371251293,8.2258064516129,998,7.54408817635271
964,34,7.5207468879668,8.14705882352941,998,7.54208416833667
968,31,7.5,8.03225806451613,999,7.51651651651652
963,31,7.47663551401869,8.12903225806452,994,7.49698189134809
968,31,7.5,8.06451612903226,999,7.51751751751752
966,32,7.53002070393375,8.09375,998,7.54809619238477
967,32,7.52430196483971,8.15625,999,7.54454454454454
970,28,7.48041237113402,7.89285714285714,998,7.49198396793587
968,29,7.47520661157025,8.03448275862069,997,7.49147442326981
970,29,7.48453608247423,8.17241379310345,999,7.5045045045045
970,29,7.49587628865979,8.13793103448276,999,7.51451451451451
967,30,7.50155118924509,8.16666666666667,997,7.52156469408225
964,34,7.45746887966805,8.08823529411765,998,7.47895791583166
966,32,7.4648033126294,8.03125,998,7.48296593186373
963,34,7.4392523364486,7.97058823529412,997,7.45737211634905
962,36,7.43347193347193,7.97222222222222,998,7.45290581162325
964,35,7.45643153526971,7.82857142857143,999,7.46946946946947
962,36,7.47089397089397,7.88888888888889,998,7.48597194388778
962,37,7.4968814968815,7.83783783783784,999,7.50950950950951
961,37,7.45265348595213,7.89189189189189,998,7.4689378757515
957,39,7.47126436781609,7.84615384615385,996,7.4859437751004
958,40,7.50313152400835,7.85,998,7.51703406813627
958,41,7.49895615866388,7.85365853658537,999,7.51351351351351
960,39,7.48958333333333,7.82051282051282,999,7.5025025025025
955,43,7.4848167539267,7.76744186046512,998,7.49699398797595
955,44,7.46910994764398,7.79545454545455,999,7.48348348348348
954,44,7.4685534591195,7.81818181818182,998,7.48396793587174
956,43,7.46861924686193,7.83720930232558,999,7.48448448448448
955,42,7.47225130890052,7.80952380952381,997,7.4864593781344
956,42,7.46861924686193,7.90476190476191,998,7.48697394789579
954,41,7.48846960167715,7.90243902439024,995,7.50552763819096
954,44,7.50943396226415,7.95454545454545,998,7.52905811623246
956,42,7.52405857740586,7.83333333333333,998,7.53707414829659
950,45,7.50631578947368,7.86666666666667,995,7.52261306532663
957,42,7.51515151515152,7.78571428571429,999,7.52652652652653
955,44,7.51204188481675,7.81818181818182,999,7.52552552552553
952,46,7.49789915966387,7.76086956521739,998,7.51002004008016
952,47,7.5031512605042,7.78723404255319,999,7.51651651651652
956,43,7.52824267782427,7.6046511627907,999,7.53153153153153
954,45,7.5041928721174,7.57777777777778,999,7.50750750750751
960,39,7.484375,7.43589743589744,999,7.48248248248248
954,42,7.4874213836478,7.47619047619048,996,7.48694779116466
955,44,7.51832460732984,7.34090909090909,999,7.51051051051051
956,42,7.49476987447699,7.40476190476191,998,7.49098196392786
956,42,7.49163179916318,7.38095238095238,998,7.48697394789579
956,42,7.49686192468619,7.47619047619048,998,7.49599198396794
957,42,7.50365726227795,7.42857142857143,999,7.5005005005005
954,44,7.49056603773585,7.34090909090909,998,7.48396793587174
953,46,7.46274921301154,7.26086956521739,999,7.45345345345345
951,48,7.45951629863302,7.25,999,7.44944944944945
948,50,7.46308016877637,7.32,998,7.45591182364729
953,46,7.46065057712487,7.08695652173913,999,7.44344344344344
950,48,7.43894736842105,7.20833333333333,998,7.42785571142285
953,46,7.44805876180483,7.15217391304348,999,7.43443443443443
948,51,7.45253164556962,7.25490196078431,999,7.44244244244244
946,53,7.46723044397463,7.13207547169811,999,7.44944944944945
947,51,7.4973600844773,7.19607843137255,998,7.48196392785571
951,47,7.48580441640379,6.97872340425532,998,7.46192384769539
951,46,7.48580441640379,7.0,997,7.46339017051153
952,46,7.51575630252101,7.0,998,7.49198396793587
950,47,7.50526315789474,6.8936170212766,997,7.47642928786359
955,42,7.50994764397906,6.95238095238095,997,7.4864593781344
956,43,7.50941422594142,7.06976744186047,999,7.49049049049049
957,41,7.51097178683386,7.1219512195122,998,7.49498997995992
959,40,7.49322210636079,7.2,999,7.48148148148148
960,39,7.49479166666667,7.12820512820513,999,7.48048048048048
961,38,7.49843912591051,7.05263157894737,999,7.48148148148148
958,39,7.51043841336117,6.92307692307692,997,7.48746238716148
959,40,7.50156412930136,6.925,999,7.47847847847848
961,37,7.49115504682622,6.78378378378378,998,7.46492985971944
955,44,7.47748691099476,6.84090909090909,999,7.44944944944945
953,44,7.47219307450157,6.86363636363636,997,7.44533600802407
954,45,7.4811320754717,6.88888888888889,999,7.45445445445445
950,48,7.48736842105263,6.95833333333333,998,7.46192384769539
950,49,7.48421052631579,7.0,999,7.46046046046046
947,51,7.43717001055966,7.05882352941176,998,7.41783567134269
946,53,7.4154334038055,7.0377358490566,999,7.3953953953954
944,55,7.49046610169492,6.90909090909091,999,7.45845845845846
942,56,7.46072186836518,6.94642857142857,998,7.43186372745491
944,53,7.49152542372881,7.0377358490566,997,7.46740220661986
943,54,7.48568398727466,7.14814814814815,997,7.46740220661986
943,56,7.45068928950159,7.0,999,7.42542542542543
941,56,7.43676939426142,7.05357142857143,997,7.41524573721163
940,57,7.42765957446808,6.91228070175439,997,7.39819458375125
939,59,7.42279020234292,6.96610169491525,998,7.39579158316633
941,57,7.45164718384697,6.92982456140351,998,7.42184368737475
942,57,7.46602972399151,7.0,999,7.43943943943944
942,57,7.45435244161359,6.91228070175439,999,7.42342342342342
946,51,7.40909090909091,6.86274509803922,997,7.38114343029087
948,50,7.42088607594937,6.82,998,7.39078156312625
947,52,7.44139387539599,6.84615384615385,999,7.41041041041041
943,55,7.4644750795334,6.94545454545455,998,7.43587174348697
943,56,7.44644750795334,7.0,999,7.42142142142142
945,54,7.44973544973545,7.07407407407407,999,7.42942942942943
947,52,7.43189017951426,7.21153846153846,999,7.42042042042042
949,50,7.42992623814542,7.26,999,7.42142142142142
946,53,7.45348837209302,7.22641509433962,999,7.44144144144144
942,54,7.46390658174098,7.37037037037037,996,7.45883534136546
948,51,7.43037974683544,7.45098039215686,999,7.43143143143143
943,55,7.41887592788971,7.61818181818182,998,7.42985971943888
943,56,7.45811240721103,7.64285714285714,999,7.46846846846847
939,59,7.48668796592119,7.67796610169492,998,7.49799599198397
938,61,7.50852878464819,7.72131147540984,999,7.52152152152152
933,64,7.51875669882101,7.84375,997,7.53961885656971
937,62,7.51013874066169,7.80645161290323,999,7.52852852852853
934,65,7.49357601713062,7.78461538461538,999,7.51251251251251
932,66,7.50321888412017,7.86363636363636,998,7.52705410821643
936,63,7.50854700854701,7.87301587301587,999,7.53153153153153
933,66,7.5048231511254,7.93939393939394,999,7.53353353353353
932,66,7.5,8.01515151515152,998,7.53406813627254
934,65,7.51605995717345,8.01538461538462,999,7.54854854854855
933,66,7.52304394426581,7.98484848484848,999,7.55355355355355
935,64,7.5572192513369,7.890625,999,7.57857857857858
931,66,7.55424274973147,7.98484848484848,997,7.5827482447342
932,66,7.55793991416309,7.83333333333333,998,7.57615230460922
935,63,7.54973262032086,7.98412698412698,998,7.57715430861723
934,65,7.5524625267666,8.0,999,7.58158158158158
939,59,7.52289669861555,8.03389830508475,998,7.55310621242485
942,57,7.50530785562633,8.0,999,7.53353353353353
944,54,7.48093220338983,8.07407407407407,998,7.51302605210421
944,55,7.48199152542373,8.01818181818182,999,7.51151151151151
937,62,7.47491995731057,8.03225806451613,999,7.50950950950951
937,60,7.46531483457844,8.05,997,7.50050150451354
939,60,7.44728434504792,8.03333333333333,999,7.48248248248248
935,62,7.42994652406417,8.12903225806452,997,7.47342026078235
934,65,7.44325481798715,8.06153846153846,999,7.48348348348348
931,66,7.45112781954887,8.10606060606061,997,7.49448345035105
930,69,7.46989247311828,8.10144927536232,999,7.51351351351351
930,67,7.46021505376344,8.05970149253731,997,7.50050150451354
933,66,7.45766345123258,8.13636363636364,999,7.5025025025025
932,67,7.48390557939914,8.14925373134328,999,7.52852852852853
935,64,7.46096256684492,8.0,999,7.4954954954955
934,65,7.46788008565311,8.12307692307692,999,7.51051051051051
933,65,7.45766345123258,8.12307692307692,998,7.50100200400802
933,65,7.46730975348339,8.04615384615385,998,7.50501002004008
924,75,7.53246753246753,7.93333333333333,999,7.56256256256256
927,72,7.55016181229773,8.0,999,7.58258258258258
923,76,7.52112676056338,8.01315789473684,999,7.55855855855856
921,77,7.53963083604777,8.02597402597403,998,7.57715430861723
921,75,7.50814332247557,7.94666666666667,996,7.54116465863454
923,76,7.49729144095341,7.93421052631579,999,7.53053053053053
924,74,7.51515151515152,7.94594594594595,998,7.54709418837675
923,74,7.50812567713976,7.97297297297297,997,7.54262788365095
920,79,7.53913043478261,7.87341772151899,999,7.56556556556557
920,79,7.54565217391304,7.82278481012658,999,7.56756756756757
917,82,7.5659760087241,7.84146341463415,999,7.58858858858859
915,84,7.58360655737705,7.95238095238095,999,7.61461461461461
916,82,7.56222707423581,7.92682926829268,998,7.59218436873747
915,82,7.56830601092896,8.0,997,7.60381143430291
915,83,7.58579234972678,7.92771084337349,998,7.61422845691383
910,88,7.56703296703297,7.93181818181818,998,7.59919839679359
918,79,7.5599128540305,7.89873417721519,997,7.58676028084253
919,80,7.55168661588683,7.8,999,7.57157157157157
920,78,7.51413043478261,7.76923076923077,998,7.53406813627254
915,83,7.48852459016393,7.79518072289157,998,7.51402805611222
912,84,7.47587719298246,7.79761904761905,996,7.50301204819277
910,88,7.5043956043956,7.70454545454545,998,7.52204408817635
913,86,7.48630887185104,7.68604651162791,999,7.5035035035035
919,79,7.51360174102285,7.64556962025316,998,7.52404809619238
912,86,7.50328947368421,7.62790697674419,998,7.51402805611222
913,86,7.50711938663746,7.58139534883721,999,7.51351351351351
915,84,7.47650273224044,7.65476190476191,999,7.49149149149149
914,84,7.52516411378556,7.58333333333333,998,7.53006012024048
915,84,7.53989071038251,7.53571428571429,999,7.53953953953954
918,81,7.53812636165577,7.50617283950617,999,7.53553553553554
913,85,7.55859802847755,7.48235294117647,998,7.55210420841683
913,86,7.57393209200438,7.44186046511628,999,7.56256256256256
913,85,7.57612267250821,7.41176470588235,998,7.56212424849699
915,84,7.58360655737705,7.39285714285714,999,7.56756756756757
914,85,7.57768052516411,7.44705882352941,999,7.56656656656657
912,87,7.59210526315789,7.47126436781609,999,7.58158158158158
907,91,7.59426681367144,7.3956043956044,998,7.57615230460922
907,92,7.54796030871003,7.43478260869565,999,7.53753753753754
910,88,7.54395604395604,7.36363636363636,998,7.52805611222445
909,89,7.52805280528053,7.41573033707865,998,7.51803607214429
914,85,7.5109409190372,7.52941176470588,999,7.51251251251251
909,89,7.52035203520352,7.50561797752809,998,7.51903807615231
907,91,7.50385887541345,7.59340659340659,998,7.51202404809619
914,85,7.51859956236324,7.45882352941176,999,7.51351351351351
912,87,7.50877192982456,7.35632183908046,999,7.4954954954955
910,88,7.48901098901099,7.42045454545455,998,7.48296593186373
912,87,7.46929824561404,7.41379310344828,999,7.46446446446446
912,87,7.47258771929825,7.35632183908046,999,7.46246246246246
916,83,7.45414847161572,7.34939759036145,999,7.44544544544545
923,75,7.43986998916576,7.33333333333333,998,7.43186372745491
928,70,7.41594827586207,7.44285714285714,998,7.41783567134269
929,69,7.42518837459634,7.56521739130435,998,7.43486973947896
938,61,7.48720682302772,7.47540983606557,999,7.48648648648649
932,64,7.48175965665236,7.53125,996,7.48493975903614
938,61,7.49147121535181,7.54098360655738,999,7.49449449449449
940,58,7.49255319148936,7.70689655172414,998,7.50501002004008
944,55,7.52224576271186,7.65454545454545,999,7.52952952952953
941,56,7.52603613177471,7.78571428571429,997,7.54062186559679
939,59,7.49627263045793,7.69491525423729,998,7.50801603206413
936,61,7.52457264957265,7.59016393442623,997,7.52858575727182
933,65,7.53697749196141,7.53846153846154,998,7.53707414829659
936,63,7.54700854700855,7.49206349206349,999,7.54354354354354
930,67,7.52258064516129,7.61194029850746,997,7.52858575727182
928,71,7.51939655172414,7.57746478873239,999,7.52352352352352
929,70,7.49085037674919,7.61428571428571,999,7.4994994994995
926,72,7.48488120950324,7.65277777777778,998,7.49699398797595
931,68,7.52846401718582,7.75,999,7.54354354354354
930,69,7.50322580645161,7.78260869565217,999,7.52252252252252
931,66,7.47583243823845,7.68181818181818,997,7.48946840521565
936,63,7.46367521367521,7.53968253968254,999,7.46846846846847
936,61,7.48504273504274,7.49180327868852,997,7.48545636910732
940,59,7.47872340425532,7.49152542372881,999,7.47947947947948
937,62,7.47705442902882,7.51612903225806,999,7.47947947947948
934,64,7.5,7.53125,998,7.50200400801603
941,58,7.46865037194474,7.5,999,7.47047047047047
942,56,7.46815286624204,7.5,998,7.46993987975952
937,61,7.46318036286019,7.34426229508197,998,7.45591182364729
936,61,7.4508547008547,7.36065573770492,997,7.44533600802407
941,57,7.43039319872476,7.3859649122807,998,7.42785571142285
940,59,7.43510638297872,7.35593220338983,999,7.43043043043043
944,55,7.4396186440678,7.49090909090909,999,7.44244244244244
948,50,7.46097046413502,7.42,998,7.45891783567134
950,48,7.46421052631579,7.3125,998,7.45691382765531
957,42,7.47648902821317,7.30952380952381,999,7.46946946946947
959,39,7.50677789363921,7.53846153846154,998,7.50801603206413
963,35,7.50778816199377,7.4,998,7.50400801603206
963,35,7.48598130841121,7.34285714285714,998,7.48096192384769
960,33,7.48125,7.39393939393939,993,7.47834843907351
965,33,7.48497409326425,7.33333333333333,998,7.47995991983968
964,33,7.48132780082988,7.45454545454545,997,7.48044132397192
967,32,7.49431230610134,7.46875,999,7.49349349349349
965,34,7.50466321243523,7.44117647058824,999,7.5025025025025
966,32,7.52691511387164,7.5625,998,7.52805611222445
966,31,7.51138716356108,7.67741935483871,997,7.51654964894684
965,33,7.49222797927461,7.75757575757576,998,7.50100200400802
966,32,7.49378881987578,7.875,998,7.5060120240481
969,29,7.51083591331269,7.89655172413793,998,7.52204408817635
966,32,7.53623188405797,7.6875,998,7.54108216432866
970,29,7.54845360824742,7.72413793103448,999,7.55355355355355
972,26,7.5298353909465,7.65384615384615,998,7.53306613226453
970,29,7.50721649484536,7.6551724137931,999,7.51151151151151
969,29,7.51702786377709,7.51724137931035,998,7.51703406813627
970,29,7.48969072164948,7.41379310344828,999,7.48748748748749
971,28,7.46755921730175,7.5,999,7.46846846846847
970,27,7.50927835051546,7.18518518518519,997,7.50050150451354
975,23,7.47692307692308,7.17391304347826,998,7.46993987975952
978,21,7.47955010224949,7.23809523809524,999,7.47447447447447
978,21,7.48057259713701,7.23809523809524,999,7.47547547547548
977,21,7.49846468781986,7.09523809523809,998,7.48997995991984
977,22,7.52814738996929,7.13636363636364,999,7.51951951951952
979,20,7.52400408580184,7.15,999,7.51651651651652
976,22,7.50102459016393,7.36363636363636,998,7.49799599198397
979,20,7.50561797752809,7.2,999,7.4994994994995
983,16,7.49745676500509,7.375,999,7.4954954954955
983,16,7.45269582909461,7.5625,999,7.45445445445445
984,15,7.47560975609756,7.33333333333333,999,7.47347347347347
980,18,7.46836734693878,7.61111111111111,998,7.47094188376754
984,15,7.46544715447155,7.53333333333333,999,7.46646646646647
982,16,7.5071283095723,7.3125,998,7.50400801603206
983,16,7.50356052899288,7.0625,999,7.4964964964965
986,13,7.45030425963489,6.92307692307692,999,7.44344344344344
983,15,7.46388606307223,7.2,998,7.45991983967936
982,16,7.42668024439919,7.1875,998,7.42284569138277
983,16,7.43641912512716,7.0625,999,7.43043043043043
979,18,7.44433094994893,7.05555555555556,997,7.43731193580742
982,15,7.43991853360489,7.26666666666667,997,7.43731193580742
985,14,7.45279187817259,7.42857142857143,999,7.45245245245245
986,13,7.45131845841785,7.23076923076923,999,7.44844844844845
986,12,7.44421906693712,7.16666666666667,998,7.44088176352705
986,11,7.44523326572008,7.45454545454545,997,7.44533600802407
990,9,7.46969696969697,7.88888888888889,999,7.47347347347347
990,8,7.45959595959596,8.0,998,7.46392785571142
989,9,7.43781597573306,7.88888888888889,998,7.44188376753507
990,9,7.44949494949495,7.88888888888889,999,7.45345345345345
991,7,7.4409687184662,8.28571428571429,998,7.44689378757515
991,8,7.46316851664985,8.25,999,7.46946946946947
991,7,7.46417759838547,8.0,998,7.46793587174349
990,8,7.3949494949495,7.75,998,7.39779559118236
991,8,7.38546922300706,7.75,999,7.38838838838839
987,9,7.39817629179331,7.66666666666667,996,7.40060240963855
990,9,7.41515151515152,7.22222222222222,999,7.41341341341341
989,9,7.44287158746208,7.22222222222222,998,7.44088176352705
989,10,7.42669362992922,7.0,999,7.42242242242242
989,10,7.46006066734075,7.3,999,7.45845845845846
989,10,7.45096056622851,7.3,999,7.44944944944945
987,12,7.45592705167173,7.41666666666667,999,7.45545545545546
988,11,7.44028340080972,7.36363636363636,999,7.43943943943944
988,11,7.44534412955466,7.54545454545455,999,7.44644644644645
990,9,7.47070707070707,7.77777777777778,999,7.47347347347347
989,10,7.4469160768453,7.8,999,7.45045045045045
990,9,7.46565656565657,7.55555555555556,999,7.46646646646647
991,8,7.45005045408678,7.625,999,7.45145145145145
990,9,7.45050505050505,7.66666666666667,999,7.45245245245245
991,7,7.48133198789102,8.14285714285714,998,7.48597194388778
991,8,7.46821392532795,8.0,999,7.47247247247247
993,6,7.48841893252769,8.33333333333333,999,7.49349349349349
991,7,7.50353178607467,8.28571428571429,998,7.50901803607214
992,6,7.51915322580645,8.33333333333333,998,7.52404809619238
993,5,7.52064451158107,8.2,998,7.52404809619238
993,6,7.49345417925478,8.5,999,7.4994994994995
994,5,7.49496981891348,8.2,999,7.4984984984985
995,4,7.49447236180904,8.25,999,7.4974974974975
994,4,7.51810865191147,8.25,998,7.52104208416834
993,5,7.52165156092649,8.2,998,7.5250501002004
993,6,7.55589123867069,8.33333333333333,999,7.56056056056056
991,7,7.53683148335015,8.14285714285714,998,7.54108216432866
990,9,7.55050505050505,8.11111111111111,999,7.55555555555556
990,9,7.54646464646465,7.88888888888889,999,7.54954954954955
988,10,7.53441295546559,7.9,998,7.53807615230461
990,9,7.51616161616162,7.44444444444444,999,7.51551551551552
992,6,7.51008064516129,7.33333333333333,998,7.50901803607214
993,5,7.52970795568983,7.4,998,7.52905811623246
992,6,7.55342741935484,7.33333333333333,998,7.55210420841683
991,6,7.57921291624622,7.33333333333333,997,7.5777331995988
994,5,7.58752515090543,7.6,999,7.58758758758759
993,5,7.58710976837865,7.6,998,7.58717434869739
992,5,7.55645161290323,7.6,997,7.55667001003009
993,5,7.54984894259819,8.0,998,7.55210420841683
993,5,7.55387713997986,8.0,998,7.5561122244489
991,6,7.55802219979818,7.83333333333333,997,7.55967903711133
995,4,7.55376884422111,8.0,999,7.55555555555556
995,4,7.56683417085427,8.0,999,7.56856856856857
994,4,7.54828973843058,8.25,998,7.55110220440882
995,4,7.53668341708543,8.25,999,7.53953953953954
994,4,7.52816901408451,8.75,998,7.53306613226453
993,4,7.52668680765357,8.75,997,7.53159478435306
995,4,7.51658291457286,8.75,999,7.52152152152152
994,5,7.51609657947686,8.8,999,7.52252252252252
995,4,7.51658291457286,8.75,999,7.52152152152152
995,3,7.51557788944724,8.66666666666667,998,7.51903807615231
995,3,7.51256281407035,8.0,998,7.51402805611222
995,3,7.51557788944724,8.0,998,7.51703406813627
995,4,7.50150753768844,8.25,999,7.5045045045045
994,4,7.5523138832998,8.25,998,7.55511022044088
996,3,7.58433734939759,8.0,999,7.58558558558559
994,4,7.57746478873239,8.25,998,7.58016032064128
995,4,7.59497487437186,8.25,999,7.5975975975976
993,5,7.5901309164149,8.4,998,7.59418837675351
994,5,7.59255533199195,8.4,999,7.5965965965966
993,5,7.60624370594159,8.4,998,7.61022044088176
989,7,7.61678463094034,8.0,996,7.61947791164659
992,7,7.59979838709677,8.0,999,7.6026026026026
992,6,7.57963709677419,8.16666666666667,998,7.58316633266533
993,6,7.56294058408862,8.5,999,7.56856856856857
991,6,7.55802219979818,8.5,997,7.56369107321966
989,8,7.52376137512639,8.125,997,7.52858575727182
991,8,7.52573158425832,8.125,999,7.53053053053053
991,7,7.53178607467205,8.57142857142857,998,7.53907815631263
992,7,7.5241935483871,8.28571428571429,999,7.52952952952953
991,7,7.49142280524723,8.28571428571429,998,7.49699398797595
988,9,7.47368421052632,8.33333333333333,997,7.481444332999
991,8,7.49646821392533,8.375,999,7.5035035035035
989,10,7.48533872598584,8.7,999,7.4974974974975
986,10,7.49290060851927,8.9,996,7.5070281124498
988,11,7.48582995951417,8.81818181818182,999,7.5005005005005
989,10,7.47724974721941,8.6,999,7.48848848848849
986,12,7.48275862068965,8.58333333333333,998,7.49599198396794
987,11,7.50050658561297,8.72727272727273,998,7.51402805611222
986,12,7.49087221095335,8.75,998,7.5060120240481
986,13,7.5,8.61538461538461,999,7.51451451451451
987,12,7.50455927051672,8.5,999,7.51651651651652
985,14,7.52994923857868,8.64285714285714,999,7.54554554554555
981,14,7.51274209989806,8.5,995,7.52663316582915
982,16,7.5193482688391,8.625,998,7.53707414829659
981,17,7.52191641182467,8.58823529411765,998,7.54008016032064
981,17,7.54943934760449,8.58823529411765,998,7.56713426853707
978,20,7.56134969325153,8.45,998,7.57915831663327
979,20,7.58222676200204,8.45,999,7.5995995995996
981,18,7.58103975535168,8.55555555555556,999,7.5985985985986
979,18,7.57201225740552,8.83333333333333,997,7.59478435305918
985,14,7.58375634517767,8.85714285714286,999,7.6016016016016
983,15,7.55849440488301,8.93333333333333,998,7.57915831663327
984,15,7.55284552845528,8.93333333333333,999,7.57357357357357
984,14,7.55691056910569,8.71428571428571,998,7.57314629258517
984,14,7.54268292682927,8.64285714285714,998,7.55811623246493
985,13,7.51472081218274,8.84615384615385,998,7.53206412825651
984,14,7.54065040650407,8.92857142857143,998,7.56012024048096
989,10,7.53690596562184,8.9,999,7.55055055055055
988,11,7.51821862348178,9.0,999,7.53453453453453
987,12,7.51165146909828,9.08333333333333,999,7.53053053053053
986,13,7.51521298174442,8.92307692307692,999,7.53353353353353
983,14,7.52187182095626,8.64285714285714,997,7.53761283851555
983,15,7.51576805696846,8.6,998,7.53206412825651
981,18,7.52191641182467,8.55555555555556,999,7.54054054054054
983,16,7.52492370295015,8.4375,999,7.53953953953954
982,16,7.52749490835031,8.4375,998,7.54208416833667
980,19,7.50918367346939,8.52631578947368,999,7.52852852852853
982,16,7.4755600814664,8.75,998,7.49599198396794
979,18,7.45658835546476,8.72222222222222,997,7.47943831494483
979,19,7.44126659856997,8.68421052631579,998,7.46492985971944
980,19,7.4469387755102,8.78947368421053,999,7.47247247247247
980,18,7.44489795918367,8.66666666666667,998,7.46693386773547
979,19,7.48314606741573,8.73684210526316,998,7.50701402805611
977,20,7.49027635619243,8.7,997,7.51454363089268
982,17,7.5020366598778,8.58823529411765,999,7.52052052052052
979,20,7.51378958120531,8.5,999,7.53353353353353
978,20,7.51431492842536,8.5,998,7.53406813627254
977,21,7.45138178096213,8.61904761904762,998,7.47595190380762
979,18,7.45556690500511,8.72222222222222,997,7.47843530591775
979,20,7.42900919305414,8.6,999,7.45245245245245
977,21,7.3899692937564,8.66666666666667,998,7.41683366733467
977,22,7.37052200614125,8.54545454545454,999,7.3963963963964
978,21,7.35685071574642,8.42857142857143,999,7.37937937937938
977,22,7.38792221084954,8.31818181818182,999,7.40840840840841
972,26,7.37037037037037,8.34615384615385,998,7.39579158316633
973,26,7.40287769784173,8.34615384615385,999,7.42742742742743
971,27,7.41091658084449,8.48148148148148,998,7.43987975951904
970,29,7.40824742268041,8.51724137931035,999,7.44044044044044
970,28,7.37938144329897,8.46428571428571,998,7.40981963927856
971,26,7.36251287332647,8.26923076923077,997,7.38615847542628
971,27,7.36766220391349,8.18518518518519,998,7.38977955911824
970,29,7.39484536082474,8.0,999,7.41241241241241
969,30,7.38802889576883,7.93333333333333,999,7.4044044044044
969,29,7.39938080495356,8.06896551724138,998,7.4188376753507
967,32,7.40227507755946,7.96875,999,7.42042042042042
970,29,7.42061855670103,8.03448275862069,999,7.43843843843844
971,27,7.40988671472709,8.07407407407407,998,7.42785571142285
969,28,7.41486068111455,8.0,997,7.43129388164493
973,26,7.39465570400822,8.03846153846154,999,7.41141141141141
967,31,7.39813857290589,8.03225806451613,998,7.41783567134269
965,33,7.39274611398964,8.03030303030303,998,7.41382765531062
966,33,7.37888198757764,8.09090909090909,999,7.4024024024024
967,32,7.37849017580145,8.03125,999,7.3993993993994
961,35,7.3891779396462,8.05714285714286,996,7.41265060240964
963,34,7.35617860851506,8.02941176470588,997,7.37913741223671
963,36,7.36760124610592,8.11111111111111,999,7.39439439439439
962,37,7.38357588357588,8.02702702702703,999,7.40740740740741
959,39,7.41293013555787,7.97435897435897,998,7.43486973947896
956,40,7.39539748953975,7.925,996,7.41666666666667
958,39,7.39979123173278,7.84615384615385,997,7.4172517552658
956,43,7.35983263598326,7.86046511627907,999,7.38138138138138
959,39,7.35140771637122,7.92307692307692,998,7.37374749498998
957,41,7.34796238244514,7.97560975609756,998,7.37374749498998
961,38,7.34963579604579,7.89473684210526,999,7.37037037037037
955,42,7.35916230366492,7.95238095238095,997,7.38415245737212
952,47,7.375,7.91489361702128,999,7.4004004004004
949,50,7.35721812434141,7.98,999,7.38838838838839
953,45,7.35152151101784,8.06666666666667,998,7.38376753507014
952,45,7.31512605042017,8.06666666666667,997,7.34904714142427
949,48,7.34351949420443,8.08333333333333,997,7.37913741223671
951,48,7.34805467928496,7.89583333333333,999,7.37437437437437
950,49,7.34526315789474,7.97959183673469,999,7.37637637637638
949,49,7.33825079030558,7.93877551020408,998,7.36773547094188
948,51,7.36392405063291,7.98039215686275,999,7.3953953953954
951,46,7.37854889589905,7.91304347826087,997,7.40320962888666
953,46,7.37355718782791,7.8695652173913,999,7.3963963963964
949,50,7.35932560590095,7.78,999,7.38038038038038
949,49,7.3740779768177,7.87755102040816,998,7.39879759519038
950,49,7.39157894736842,7.87755102040816,999,7.41541541541542
948,51,7.36181434599156,7.86274509803922,999,7.38738738738739
947,52,7.36642027455121,7.90384615384615,999,7.39439439439439
945,54,7.37566137566138,7.7962962962963,999,7.3983983983984
942,56,7.38428874734607,7.78571428571429,998,7.40681362725451
946,53,7.35306553911205,7.71698113207547,999,7.37237237237237
943,56,7.34888653234358,7.69642857142857,999,7.36836836836837
944,55,7.36122881355932,7.69090909090909,999,7.37937937937938
944,54,7.34957627118644,7.57407407407407,998,7.36172344689379
943,54,7.42417815482503,7.44444444444444,997,7.42527582748245
943,54,7.37645811240721,7.42592592592593,997,7.37913741223671
942,56,7.37579617834395,7.32142857142857,998,7.37274549098196
943,55,7.3626723223754,7.30909090909091,998,7.35971943887776
946,53,7.39640591966173,7.47169811320755,999,7.4004004004004
946,52,7.38372093023256,7.51923076923077,998,7.39078156312625
947,52,7.4012671594509,7.61538461538461,999,7.41241241241241
946,53,7.3816067653277,7.50943396226415,999,7.38838838838839
943,56,7.3711558854719,7.53571428571429,999,7.38038038038038
945,54,7.38941798941799,7.53703703703704,999,7.3973973973974
938,58,7.35714285714286,7.44827586206897,996,7.36244979919679
938,60,7.36567164179105,7.56666666666667,998,7.37775551102204
945,54,7.35026455026455,7.62962962962963,999,7.36536536536537
942,56,7.37898089171975,7.73214285714286,998,7.39879759519038
949,50,7.38777660695469,7.74,999,7.40540540540541
948,51,7.36603375527426,7.96078431372549,999,7.3963963963964
945,54,7.36931216931217,7.90740740740741,999,7.3983983983984
944,54,7.3760593220339,7.94444444444444,998,7.40681362725451
942,55,7.35668789808917,7.89090909090909,997,7.38615847542628
940,58,7.39255319148936,7.79310344827586,998,7.41583166332665
938,60,7.38592750533049,7.9,998,7.41683366733467
937,62,7.42582710779082,7.95161290322581,999,7.45845845845846
934,65,7.40364025695931,7.92307692307692,999,7.43743743743744
939,60,7.4174653887114,7.88333333333333,999,7.44544544544545
936,61,7.36752136752137,7.95081967213115,997,7.40320962888666
934,63,7.3372591006424,7.84126984126984,997,7.3691073219659
938,60,7.34434968017058,7.85,998,7.374749498998
938,61,7.35607675906183,7.86885245901639,999,7.38738738738739
933,66,7.33440514469453,7.84848484848485,999,7.36836836836837
931,66,7.33727175080559,7.89393939393939,997,7.3741223671013
932,67,7.37231759656652,7.88059701492537,999,7.40640640640641
929,68,7.34445640473628,7.79411764705882,997,7.37512537612839
931,68,7.35875402792696,7.69117647058824,999,7.38138138138138
929,70,7.32831001076426,7.71428571428571,999,7.35535535535536
928,69,7.32435344827586,7.63768115942029,997,7.34603811434303
924,74,7.33441558441558,7.58108108108108,998,7.35270541082164
921,78,7.33550488599349,7.6025641025641,999,7.35635635635636
926,73,7.34665226781857,7.56164383561644,999,7.36236236236236
919,79,7.3373231773667,7.56962025316456,998,7.35571142284569
914,84,7.35448577680525,7.58333333333333,998,7.37374749498998
914,84,7.32932166301969,7.58333333333333,998,7.35070140280561
909,89,7.33773377337734,7.55056179775281,998,7.35671342685371
903,96,7.31672203765227,7.57291666666667,999,7.34134134134134
900,96,7.30777777777778,7.69791666666667,996,7.34538152610442
899,100,7.35483870967742,7.71,999,7.39039039039039
898,101,7.35746102449889,7.67326732673267,999,7.38938938938939
900,98,7.36111111111111,7.6530612244898,998,7.38977955911824
896,103,7.41183035714286,7.60194174757282,999,7.43143143143143
890,109,7.38426966292135,7.59633027522936,999,7.40740740740741
894,105,7.39149888143177,7.61904761904762,999,7.41541541541542
890,109,7.40898876404494,7.56880733944954,999,7.42642642642643
889,110,7.37795275590551,7.63636363636364,999,7.40640640640641
893,105,7.42217245240762,7.67619047619048,998,7.44889779559118
896,100,7.4375,7.74,996,7.46787148594377
897,100,7.41248606465998,7.82,997,7.45336008024072
900,99,7.42333333333333,7.88888888888889,999,7.46946946946947
902,97,7.45343680709534,7.95876288659794,999,7.5025025025025
909,90,7.43344334433443,7.98888888888889,999,7.48348348348348
905,93,7.42541436464088,7.98924731182796,998,7.47795591182365
907,92,7.38699007717751,7.96739130434783,999,7.44044044044044
905,94,7.38232044198895,7.9468085106383,999,7.43543543543544
901,97,7.38623751387347,7.95876288659794,998,7.44188376753507
905,94,7.39337016574586,7.95744680851064,999,7.44644644644645
900,99,7.35333333333333,8.01010101010101,999,7.41841841841842
907,91,7.3638368246968,8.06593406593407,998,7.42785571142285
907,90,7.36604189636163,8.08888888888889,997,7.43129388164493
904,94,7.37721238938053,8.06382978723404,998,7.44188376753507
905,94,7.40773480662983,8.06382978723404,999,7.46946946946947
899,99,7.39710789766407,8.04040404040404,998,7.46092184368737
899,99,7.3670745272525,8.03030303030303,998,7.43286573146293
901,97,7.38179800221976,8.0,998,7.44188376753507
906,93,7.39072847682119,8.04301075268817,999,7.45145145145145
904,94,7.45243362831858,7.96808510638298,998,7.50100200400802
899,100,7.45939933259177,7.95,999,7.50850850850851
896,103,7.421875,7.89320388349515,999,7.47047047047047
896,102,7.38950892857143,7.91176470588235,998,7.44288577154309
894,104,7.37248322147651,7.83653846153846,998,7.42084168336673
895,102,7.33072625698324,7.82352941176471,997,7.38114343029087
892,106,7.32174887892377,7.86792452830189,998,7.37975951903808
889,109,7.31833520809899,7.85321100917431,998,7.37675350701403
896,102,7.30691964285714,7.80392156862745,998,7.35771543086172
899,100,7.29588431590656,7.86,999,7.35235235235235
895,103,7.32178770949721,7.86407766990291,998,7.37775551102204
892,106,7.28026905829596,7.86792452830189,998,7.34268537074148
887,111,7.29988726042841,7.87387387387387,998,7.36372745490982
890,108,7.26516853932584,7.85185185185185,998,7.32865731462926
885,114,7.29830508474576,7.83333333333333,999,7.35935935935936
885,113,7.33898305084746,7.76991150442478,998,7.3877755511022
885,110,7.37175141242938,7.79090909090909,995,7.41809045226131
886,113,7.35214446952596,7.79646017699115,999,7.4024024024024
888,110,7.35923423423423,7.76363636363636,998,7.40380761523046
