forward_num,reverse_num,forward_rate,reverse_rate,organism_num,organism_rate
500,500,5.5,5.5,1000,5.5
497,494,5.49496981891348,5.53036437246964,991,5.51261352169526
493,492,5.50709939148073,5.51829268292683,985,5.51269035532995
549,450,5.98724954462659,5.48666666666667,999,5.76176176176176
586,412,6.09556313993174,5.53155339805825,998,5.8627254509018
619,377,6.17932148626817,5.50663129973475,996,5.92469879518072
657,342,6.2496194824962,5.59941520467836,999,6.02702702702703
689,308,6.34978229317852,5.60714285714286,997,6.12036108324975
716,283,6.3854748603352,5.58303886925795,999,6.15815815815816
740,258,6.4972972972973,5.52325581395349,998,6.24549098196393
717,280,6.57182705718271,5.08928571428571,997,6.15546639919759
741,257,6.37112010796221,5.1556420233463,998,6.05811623246493
727,272,6.5130674002751,4.95955882352941,999,6.09009009009009
716,283,6.50418994413408,5.19434628975265,999,6.13313313313313
717,282,6.52998605299861,5.50354609929078,999,6.24024024024024
718,278,6.66016713091922,5.58273381294964,996,6.35943775100402
727,272,6.66850068775791,5.57352941176471,999,6.37037037037037
700,297,6.66857142857143,5.50505050505051,997,6.32196589769308
708,288,6.77542372881356,5.72569444444444,996,6.4718875502008
727,271,6.78129298486933,5.75276752767528,998,6.50200400801603
717,281,6.8884239888424,5.97864768683274,998,6.63226452905812
736,262,6.56929347826087,6.04198473282443,998,6.43086172344689
706,292,6.70396600566572,5.8527397260274,998,6.45490981963928
720,279,6.74861111111111,5.85304659498208,999,6.4984984984985
721,278,6.86823855755895,5.80215827338129,999,6.57157157157157
741,256,6.8663967611336,5.7734375,997,6.58575727181545
742,257,6.95013477088949,5.8443579766537,999,6.66566566566567
748,251,7.02406417112299,5.8804780876494,999,6.73673673673674
753,246,7.00929614873838,5.92276422764228,999,6.74174174174174
748,251,7.07486631016043,6.07569721115538,999,6.82382382382382
744,255,7.05913978494624,6.09803921568627,999,6.81381381381381
748,250,7.10026737967914,6.084,998,6.84569138276553
738,260,7.16260162601626,6.25769230769231,998,6.92685370741483
742,257,7.21832884097035,6.07003891050584,999,6.92292292292292
736,263,7.3070652173913,6.26615969581749,999,7.03303303303303
745,253,7.31006711409396,6.26086956521739,998,7.04408817635271
726,272,7.35537190082645,6.44117647058824,998,7.1062124248497
733,265,7.35197817189632,6.44905660377358,998,7.1122244488978
724,275,7.40055248618784,6.52727272727273,999,7.16016016016016
726,273,7.42148760330578,6.56776556776557,999,7.18818818818819
728,270,7.45054945054945,6.47037037037037,998,7.18537074148297
724,275,7.45580110497238,6.42909090909091,999,7.17317317317317
739,259,7.47361299052774,6.44787644787645,998,7.20741482965932
732,267,7.48633879781421,6.46067415730337,999,7.21221221221221
737,262,7.52103120759837,6.56870229007634,999,7.27127127127127
741,256,7.54251012145749,6.6640625,997,7.31695085255767
745,253,7.59060402684564,6.64426877470356,998,7.35070140280561
746,253,7.53753351206434,6.53359683794466,999,7.28328328328328
749,249,7.61014686248331,6.6144578313253,998,7.36172344689379
757,242,7.60369881109643,6.73140495867769,999,7.39239239239239
754,243,7.61538461538461,6.7119341563786,997,7.39518555667001
750,248,7.61466666666667,6.83870967741935,998,7.42184368737475
753,246,7.61752988047809,6.83333333333333,999,7.42442442442442
742,256,7.64016172506739,6.921875,998,7.45591182364729
740,257,7.71486486486486,6.92996108949416,997,7.51253761283852
736,261,7.74320652173913,6.98467432950192,997,7.54463390170512
739,260,7.73071718538566,7.05769230769231,999,7.55555555555556
742,255,7.75876010781671,7.14509803921569,997,7.60180541624875
751,248,7.76431424766977,7.17741935483871,999,7.61861861861862
752,246,7.74468085106383,7.18292682926829,998,7.6062124248497
757,241,7.8005284015852,7.26141078838174,998,7.67034068136273
762,237,7.77296587926509,7.22362869198312,999,7.64264264264264
773,225,7.83829236739974,7.24888888888889,998,7.70541082164329
771,227,7.83916990920882,7.22907488986784,998,7.70040080160321
780,219,7.88076923076923,7.25114155251142,999,7.74274274274274
786,212,7.89567430025445,7.25943396226415,998,7.76052104208417
791,208,7.93678887484197,7.33653846153846,999,7.81181181181181
795,204,7.94339622641509,7.32843137254902,999,7.81781781781782
791,208,7.98230088495575,7.33653846153846,999,7.84784784784785
793,205,8.00756620428752,7.3219512195122,998,7.86673346693387
793,204,7.97730138713745,7.36764705882353,997,7.85255767301906
799,200,7.98247809762203,7.33,999,7.85185185185185
796,203,7.99371859296482,7.44334975369458,999,7.88188188188188
792,206,8.04166666666667,7.36407766990291,998,7.90180360721443
790,209,8.05822784810127,7.44497607655502,999,7.92992992992993
786,210,8.07888040712468,7.45714285714286,996,7.94779116465863
785,214,8.07515923566879,7.58878504672897,999,7.97097097097097
785,214,8.07388535031847,7.62616822429907,999,7.97797797797798
787,211,8.0864040660737,7.62559241706161,998,7.98897795591182
791,207,8.08849557522124,7.61352657004831,998,7.98997995991984
789,209,8.11787072243346,7.70334928229665,998,8.0310621242485
790,209,8.07594936708861,7.74162679425837,999,8.00600600600601
780,217,8.16410256410256,7.67741935483871,997,8.05817452357071
777,220,8.13899613899614,7.69545454545455,997,8.04112337011033
779,218,8.09114249037227,7.72935779816514,997,8.01203610832497
779,220,8.09370988446727,7.83636363636364,999,8.03703703703704
776,222,8.10309278350515,7.82432432432432,998,8.04108216432866
782,217,8.14961636828644,7.91705069124424,999,8.0990990990991
780,219,8.16282051282051,7.91324200913242,999,8.10810810810811
787,210,8.18170266836086,7.95714285714286,997,8.13440320962889
791,206,8.24020227560051,7.93203883495146,997,8.1765295887663
791,207,8.2338811630847,8.0048309178744,998,8.18637274549098
797,201,8.22961104140527,7.93532338308458,998,8.17034068136273
783,214,8.24010217113665,7.9392523364486,997,8.17552657973922
790,208,8.23291139240506,8.0,998,8.18436873747495
787,212,8.2579415501906,8.11792452830189,999,8.22822822822823
794,205,8.29345088161209,8.00975609756098,999,8.23523523523524
786,213,8.32188295165394,7.95305164319249,999,8.24324324324324
787,211,8.32782719186785,7.98578199052133,998,8.25551102204409
780,218,8.30641025641026,7.95871559633028,998,8.23046092184369
776,222,8.30283505154639,7.93693693693694,998,8.22144288577154
774,225,8.30232558139535,7.99111111111111,999,8.23223223223223
782,217,8.35933503836317,8.14746543778802,999,8.31331331331331
785,214,8.32866242038217,8.14018691588785,999,8.28828828828829
782,217,8.32225063938619,8.12903225806452,999,8.28028028028028
783,215,8.33333333333333,8.13488372093023,998,8.29058116232465
785,214,8.3375796178344,8.15420560747664,999,8.2982982982983
788,211,8.36294416243655,8.1563981042654,999,8.31931931931932
788,210,8.37817258883249,8.21904761904762,998,8.34468937875751
784,215,8.39030612244898,8.26046511627907,999,8.36236236236236
789,209,8.39163498098859,8.23923444976077,998,8.35971943887776
799,200,8.4342928660826,8.235,999,8.39439439439439
798,201,8.45739348370927,8.32835820895522,999,8.43143143143143
799,198,8.44806007509387,8.45454545454546,997,8.4493480441324
788,211,8.46573604060914,8.48815165876777,999,8.47047047047047
793,205,8.50063051702396,8.50731707317073,998,8.50200400801603
788,211,8.46192893401015,8.59715639810427,999,8.49049049049049
792,206,8.47474747474747,8.59223300970874,998,8.49899799599198
797,201,8.47678795483061,8.61194029850746,998,8.50400801603206
800,198,8.48125,8.62626262626263,998,8.51002004008016
806,192,8.47394540942928,8.53645833333333,998,8.48597194388778
802,196,8.46508728179551,8.57142857142857,998,8.48597194388778
807,192,8.50557620817844,8.52604166666667,999,8.50950950950951
811,187,8.46732429099877,8.60427807486631,998,8.49298597194389
811,187,8.48581997533909,8.64171122994652,998,8.51503006012024
818,180,8.49266503667482,8.59444444444444,998,8.51102204408818
817,182,8.50795593635251,8.53296703296703,999,8.51251251251251
819,180,8.51282051282051,8.65,999,8.53753753753754
817,181,8.55324357405141,8.646408839779,998,8.57014028056112
814,185,8.55159705159705,8.65405405405405,999,8.57057057057057
813,186,8.57810578105781,8.73118279569892,999,8.60660660660661
810,188,8.60246913580247,8.86170212765957,998,8.65130260521042
813,186,8.63960639606396,8.87096774193548,999,8.68268268268268
813,186,8.65805658056581,8.85483870967742,999,8.69469469469469
814,185,8.64619164619165,8.87027027027027,999,8.68768768768769
817,182,8.66340269277846,8.86813186813187,999,8.7007007007007
820,179,8.69634146341463,8.84916201117318,999,8.72372372372372
827,172,8.6819830713422,8.88372093023256,999,8.71671671671672
827,170,8.7037484885127,8.78235294117647,997,8.71715145436309
829,170,8.72255729794934,8.87058823529412,999,8.74774774774775
832,167,8.734375,8.95209580838323,999,8.77077077077077
836,163,8.75478468899522,8.96319018404908,999,8.78878878878879
828,170,8.756038647343,9.01176470588235,998,8.79959919839679
828,168,8.75724637681159,8.92857142857143,996,8.78614457831325
839,160,8.76042908224076,8.9125,999,8.78478478478478
835,163,8.7748502994012,8.88957055214724,998,8.7935871743487
839,158,8.79856972586412,8.87341772151899,997,8.81043129388165
842,153,8.77434679334917,8.88235294117647,995,8.79095477386935
850,149,8.79529411764706,8.8255033557047,999,8.7997997997998
851,148,8.76733254994125,8.90540540540541,999,8.78778778778779
857,141,8.75145857642941,8.97163120567376,998,8.78256513026052
856,143,8.79906542056075,9.04895104895105,999,8.83483483483483
852,146,8.82394366197183,9.02739726027397,998,8.85370741482966
855,143,8.80350877192982,9.06293706293706,998,8.84068136272545
855,144,8.80818713450292,9.0625,999,8.84484484484484
849,147,8.79269729093051,9.02040816326531,996,8.82630522088353
854,143,8.76112412177986,9.0979020979021,997,8.80942828485456
858,141,8.7960372960373,9.1063829787234,999,8.83983983983984
858,141,8.81468531468532,9.12765957446809,999,8.85885885885886
854,142,8.81147540983607,9.13380281690141,996,8.8574297188755
856,140,8.81892523364486,9.12142857142857,996,8.86144578313253
855,142,8.8327485380117,9.08450704225352,997,8.86860581745236
853,146,8.87338804220399,9.07534246575342,999,8.9029029029029
848,151,8.88325471698113,9.12582781456954,999,8.91991991991992
846,153,8.88652482269504,9.16993464052288,999,8.92992992992993
842,154,8.90736342042755,9.14285714285714,996,8.94377510040161
847,152,8.90436835891381,9.20394736842105,999,8.94994994994995
839,160,8.87961859356377,9.1875,999,8.92892892892893
835,163,8.90179640718563,9.2638036809816,998,8.96092184368737
842,157,8.89311163895487,9.2484076433121,999,8.94894894894895
832,165,8.90384615384615,9.27272727272727,997,8.96489468405216
836,161,8.91507177033493,9.24844720496894,997,8.96890672016048
839,160,8.93682955899881,9.24375,999,8.98598598598599
835,164,8.92694610778443,9.29268292682927,999,8.98698698698699
840,158,8.92857142857143,9.27848101265823,998,8.98396793587174
844,155,8.94431279620853,9.25161290322581,999,8.99199199199199
848,151,8.92806603773585,9.29139072847682,999,8.98298298298298
855,143,8.94269005847953,9.26573426573426,998,8.98897795591182
851,146,8.93772032902468,9.28767123287671,997,8.98896690070211
850,148,8.94941176470588,9.2972972972973,998,9.00100200400802
850,149,8.94235294117647,9.2751677852349,999,8.99199199199199
856,143,8.93457943925234,9.32167832167832,999,8.98998998998999
859,139,8.9522700814901,9.30215827338129,998,9.00100200400802
867,132,8.97116493656286,9.33333333333333,999,9.01901901901902
864,134,8.97453703703704,9.23880597014925,998,9.01002004008016
867,131,8.97347174163783,9.25954198473282,998,9.01102204408818
864,133,9.00115740740741,9.22556390977444,997,9.03109327983952
870,128,9.00919540229885,9.2265625,998,9.03707414829659
872,127,9.00114678899082,9.18110236220472,999,9.02402402402402
874,124,9.0045766590389,9.13709677419355,998,9.02104208416834
873,122,8.99541809851088,9.19672131147541,995,9.02010050251256
879,118,9.00227531285552,9.1864406779661,997,9.02407221664995
875,122,9.024,9.13114754098361,997,9.03711133400201
880,118,9.02840909090909,9.15254237288136,998,9.04308617234469
873,122,9.0836197021764,9.22131147540984,995,9.10050251256281
874,124,9.11212814645309,9.2741935483871,998,9.13226452905812
873,126,9.11340206185567,9.21428571428571,999,9.12612612612613
867,132,9.10841983852364,9.31818181818182,999,9.13613613613614
867,132,9.11649365628604,9.34090909090909,999,9.14614614614615
868,131,9.11405529953917,9.38931297709924,999,9.15015015015015
865,133,9.14566473988439,9.32330827067669,998,9.16933867735471
864,135,9.15972222222222,9.34074074074074,999,9.18418418418418
867,132,9.14532871972318,9.32575757575758,999,9.16916916916917
867,131,9.17416378316032,9.36641221374046,998,9.19939879759519
865,133,9.1606936416185,9.32330827067669,998,9.18236472945892
864,135,9.17939814814815,9.35555555555556,999,9.2032032032032
865,133,9.18150289017341,9.35338345864662,998,9.20440881763527
869,129,9.17606444188723,9.41860465116279,998,9.20741482965932
865,132,9.1849710982659,9.37878787878788,997,9.21063189568706
867,130,9.14994232987313,9.33076923076923,997,9.17352056168506
865,133,9.17803468208093,9.32330827067669,998,9.19739478957916
866,132,9.1824480369515,9.37121212121212,998,9.20741482965932
872,126,9.19495412844037,9.35714285714286,998,9.21543086172345
874,123,9.20022883295194,9.32520325203252,997,9.21564694082247
871,127,9.21814006888634,9.33070866141732,998,9.23246492985972
873,126,9.20618556701031,9.32539682539683,999,9.22122122122122
873,126,9.18900343642612,9.31746031746032,999,9.20520520520521
866,131,9.20207852193995,9.31297709923664,997,9.21664994984955
869,129,9.19102416570771,9.31782945736434,998,9.20741482965932
875,122,9.19885714285714,9.37704918032787,997,9.22066198595787
872,127,9.22591743119266,9.39370078740157,999,9.24724724724725
872,126,9.2052752293578,9.42857142857143,998,9.23346693386774
871,127,9.2353616532721,9.41732283464567,998,9.25851703406814
874,124,9.24942791762014,9.54032258064516,998,9.28557114228457
873,125,9.23940435280641,9.496,998,9.27154308617235
869,129,9.24971231300345,9.53488372093023,998,9.28657314629259
873,126,9.26116838487973,9.52380952380952,999,9.29429429429429
874,124,9.27116704805492,9.56451612903226,998,9.30761523046092
878,120,9.27790432801822,9.5,998,9.30460921843687
873,126,9.27605956471936,9.53174603174603,999,9.30830830830831
876,123,9.30022831050228,9.5609756097561,999,9.33233233233233
873,125,9.29209621993127,9.608,998,9.33166332665331
875,123,9.28914285714286,9.60162601626016,998,9.32765531062124
875,123,9.28342857142857,9.65040650406504,998,9.32865731462926
873,126,9.29095074455899,9.65079365079365,999,9.33633633633634
867,131,9.28604382929642,9.68702290076336,998,9.33867735470942
867,131,9.2883506343714,9.64885496183206,998,9.33567134268537
871,128,9.30309988518944,9.671875,999,9.35035035035035
868,131,9.30760368663594,9.66412213740458,999,9.35435435435435
860,138,9.3,9.66666666666667,998,9.35070140280561
864,135,9.30671296296296,9.64444444444444,999,9.35235235235235
858,140,9.30536130536131,9.65,998,9.35370741482966
867,132,9.28373702422145,9.62878787878788,999,9.32932932932933
854,143,9.28337236533958,9.66433566433567,997,9.33801404212638
859,137,9.28055878928987,9.62773722627737,996,9.32831325301205
860,139,9.25930232558139,9.61870503597122,999,9.30930930930931
860,139,9.27325581395349,9.61870503597122,999,9.32132132132132
854,143,9.28220140515223,9.6013986013986,997,9.32798395185557
855,144,9.27368421052632,9.57638888888889,999,9.31731731731732
860,139,9.26511627906977,9.59712230215827,999,9.31131131131131
863,135,9.26071842410197,9.57037037037037,998,9.30260521042084
860,138,9.26279069767442,9.61594202898551,998,9.31162324649299
870,129,9.27241379310345,9.64341085271318,999,9.32032032032032
876,123,9.28767123287671,9.6260162601626,999,9.32932932932933
874,125,9.29633867276888,9.576,999,9.33133133133133
875,123,9.29714285714286,9.57723577235772,998,9.33166332665331
871,127,9.30309988518944,9.59842519685039,998,9.34068136272545
874,123,9.31807780320366,9.58536585365854,997,9.35105315947844
870,129,9.32298850574713,9.61240310077519,999,9.36036036036036
870,128,9.32413793103448,9.6328125,998,9.36372745490982
866,133,9.30715935334873,9.63157894736842,999,9.35035035035035
866,133,9.31062355658199,9.58646616541353,999,9.34734734734735
859,138,9.31431897555297,9.64492753623188,997,9.36008024072217
865,133,9.3121387283237,9.67669172932331,998,9.36072144288577
862,136,9.32598607888631,9.70588235294118,998,9.37775551102204
857,142,9.32322053675613,9.67605633802817,999,9.37337337337337
854,142,9.33372365339578,9.7112676056338,996,9.38755020080321
858,141,9.33799533799534,9.74468085106383,999,9.3953953953954
854,145,9.32435597189695,9.72413793103448,999,9.38238238238238
854,144,9.31967213114754,9.73611111111111,998,9.37975951903808
854,143,9.33489461358314,9.75524475524475,997,9.39518555667001
862,137,9.31786542923434,9.75912408759124,999,9.37837837837838
860,137,9.32093023255814,9.72992700729927,997,9.37713139418255
863,135,9.33487833140209,9.74814814814815,998,9.39078156312625
869,130,9.3463751438435,9.75384615384615,999,9.3993993993994
867,132,9.35294117647059,9.75757575757576,999,9.40640640640641
862,135,9.3538283062645,9.77037037037037,997,9.41023069207623
859,139,9.36088474970896,9.7410071942446,998,9.41382765531062
859,138,9.36786961583236,9.72463768115942,997,9.4172517552658
856,142,9.3785046728972,9.73239436619718,998,9.42885771543086
852,146,9.39201877934272,9.71232876712329,998,9.43887775551102
851,147,9.41128084606346,9.72108843537415,998,9.45691382765531
847,152,9.42857142857143,9.69736842105263,999,9.46946946946947
850,149,9.45294117647059,9.69798657718121,999,9.48948948948949
854,145,9.46487119437939,9.66206896551724,999,9.49349349349349
849,150,9.47820965842167,9.66666666666667,999,9.50650650650651
850,148,9.48823529411765,9.65540540540541,998,9.51302605210421
846,152,9.47044917257683,9.74342105263158,998,9.51202404809619
850,149,9.48588235294118,9.74496644295302,999,9.52452452452452
843,154,9.47449584816133,9.72077922077922,997,9.51253761283852
840,159,9.46190476190476,9.72955974842767,999,9.5045045045045
834,164,9.46762589928058,9.73170731707317,998,9.51102204408818
836,162,9.45693779904306,9.67283950617284,998,9.49198396793587
839,160,9.45172824791418,9.6625,999,9.48548548548549
844,154,9.43838862559242,9.64285714285714,998,9.46993987975952
839,160,9.44576877234803,9.5875,999,9.46846846846847
834,163,9.46282973621103,9.5398773006135,997,9.47542627883651
835,164,9.47544910179641,9.53658536585366,999,9.48548548548549
832,164,9.5,9.52439024390244,996,9.50401606425703
828,168,9.48429951690821,9.48214285714286,996,9.48393574297189
842,157,9.50118764845606,9.47770700636943,999,9.4974974974975
843,156,9.51482799525504,9.55769230769231,999,9.52152152152152
845,154,9.52426035502959,9.53246753246753,999,9.52552552552553
845,153,9.5207100591716,9.56862745098039,998,9.52805611222445
851,148,9.53349001175088,9.57432432432432,999,9.53953953953954
853,145,9.55803048065651,9.6,998,9.56412825651303
852,146,9.55399061032864,9.57534246575342,998,9.55711422845691
852,147,9.56338028169014,9.55102040816327,999,9.56156156156156
852,147,9.54929577464789,9.58503401360544,999,9.55455455455455
849,149,9.56301531213192,9.57046979865772,998,9.56412825651303
849,147,9.56772673733805,9.51700680272109,996,9.56024096385542
856,142,9.56658878504673,9.52816901408451,998,9.56112224448898
852,145,9.56103286384977,9.5448275862069,997,9.55867602808425
856,143,9.55724299065421,9.54545454545454,999,9.55555555555556
856,142,9.56892523364486,9.54929577464789,998,9.56613226452906
856,141,9.57242990654206,9.58156028368794,997,9.57372116349047
853,145,9.59085580304806,9.58620689655172,998,9.59018036072144
850,146,9.59529411764706,9.52739726027397,996,9.58534136546185
853,143,9.60609613130129,9.54545454545454,996,9.59738955823293
851,148,9.60399529964747,9.51351351351351,999,9.59059059059059
851,148,9.59459459459459,9.53378378378378,999,9.58558558558559
847,152,9.60094451003542,9.51315789473684,999,9.58758758758759
848,150,9.61202830188679,9.47333333333333,998,9.59118236472946
848,151,9.61320754716981,9.40397350993377,999,9.58158158158158
849,149,9.61366313309776,9.42953020134228,998,9.58617234468938
845,152,9.62485207100592,9.57236842105263,997,9.61685055165496
844,155,9.61848341232228,9.58709677419355,999,9.61361361361361
844,154,9.62203791469194,9.58441558441558,998,9.61623246492986
834,163,9.62230215827338,9.6319018404908,997,9.62387161484453
838,160,9.6145584725537,9.5875,998,9.61022044088176
828,171,9.60144927536232,9.66081871345029,999,9.61161161161161
831,168,9.59687123947052,9.70238095238095,999,9.61461461461461
831,168,9.59807460890493,9.73214285714286,999,9.62062062062062
827,172,9.58162031438936,9.73255813953488,999,9.60760760760761
828,170,9.57004830917874,9.77647058823529,998,9.60521042084168
819,178,9.59096459096459,9.78651685393258,997,9.6258776328987
825,174,9.59393939393939,9.73563218390805,999,9.61861861861862
821,177,9.60048721071864,9.74011299435028,998,9.625250501002
828,170,9.60748792270531,9.70588235294118,998,9.62424849699399
829,170,9.61037394451146,9.72941176470588,999,9.63063063063063
836,163,9.61602870813397,9.73006134969325,999,9.63463463463463
834,164,9.62230215827338,9.78658536585366,998,9.64929859719439
838,159,9.62768496420048,9.83018867924528,997,9.65997993981946
839,159,9.6388557806913,9.86163522012579,998,9.67434869739479
840,159,9.64761904761905,9.86792452830189,999,9.68268268268268
844,154,9.64336492890995,9.83766233766234,998,9.67334669338677
846,152,9.65602836879433,9.8421052631579,998,9.68436873747495
844,155,9.64454976303318,9.81935483870968,999,9.67167167167167
843,155,9.65361803084223,9.79354838709677,998,9.67535070140281
839,159,9.65554231227652,9.79874213836478,998,9.67835671342685
841,158,9.67419738406659,9.77215189873418,999,9.68968968968969
840,159,9.67380952380952,9.79874213836478,999,9.69369369369369
843,155,9.67022538552788,9.81935483870968,998,9.69338677354709
832,167,9.68028846153846,9.80838323353293,999,9.7017017017017
839,160,9.69010727056019,9.8,999,9.70770770770771
826,171,9.68886198547215,9.81286549707602,997,9.71013039117352
832,167,9.69230769230769,9.83233532934132,999,9.71571571571572
826,173,9.68280871670702,9.8150289017341,999,9.70570570570571
830,169,9.70963855421687,9.83431952662722,999,9.73073073073073
822,177,9.69951338199513,9.84180790960452,999,9.72472472472472
826,173,9.7046004842615,9.8150289017341,999,9.72372372372372
826,172,9.69249394673123,9.86046511627907,998,9.72144288577154
834,161,9.68345323741007,9.87577639751553,995,9.71457286432161
839,160,9.67938021454112,9.875,999,9.71071071071071
848,151,9.66981132075472,9.89403973509934,999,9.7037037037037
843,156,9.67615658362989,9.8974358974359,999,9.71071071071071
848,150,9.68985849056604,9.89333333333333,998,9.72044088176353
847,152,9.68358913813459,9.86842105263158,999,9.71171171171171
848,150,9.70047169811321,9.89333333333333,998,9.72945891783567
848,151,9.69693396226415,9.9205298013245,999,9.73073073073073
849,150,9.69611307420495,9.89333333333333,999,9.72572572572573
845,153,9.70414201183432,9.86928104575163,998,9.72945891783567
855,142,9.69707602339181,9.88732394366197,997,9.72417251755266
854,144,9.70023419203747,9.94444444444444,998,9.73547094188377
859,140,9.70663562281723,9.91428571428571,999,9.73573573573574
850,149,9.70823529411765,9.91946308724832,999,9.73973973973974
846,152,9.69621749408983,9.92105263157895,998,9.73046092184369
836,162,9.70095693779904,9.92592592592593,998,9.7374749498998
839,159,9.68176400476758,9.89937106918239,998,9.71643286573146
826,171,9.68280871670702,9.90643274853801,997,9.72116349047141
827,172,9.6819830713422,9.93023255813953,999,9.72472472472472
828,171,9.67753623188406,9.90643274853801,999,9.71671671671672
827,171,9.67472793228537,9.92982456140351,998,9.71843687374749
827,172,9.66989117291415,9.93023255813953,999,9.71471471471471
825,173,9.68121212121212,9.95375722543353,998,9.72845691382765
820,179,9.6890243902439,9.93296089385475,999,9.73273273273273
822,177,9.67518248175183,9.95480225988701,999,9.72472472472472
815,183,9.68466257668712,9.95628415300546,998,9.73446893787575
817,181,9.68053855569156,9.93370165745856,998,9.72645290581162
816,182,9.6875,9.93406593406593,998,9.73246492985972
812,185,9.70197044334975,9.93513513513514,997,9.74523570712136
810,189,9.68518518518519,9.95767195767196,999,9.73673673673674
804,195,9.69029850746269,9.93846153846154,999,9.73873873873874
798,200,9.69674185463659,9.94,998,9.74549098196393
789,210,9.68567807351077,9.94285714285714,999,9.73973973973974
789,210,9.68314321926489,9.92380952380952,999,9.73373373373373
790,209,9.65569620253165,9.92344497607655,999,9.71171171171171
786,213,9.67811704834606,9.92488262910798,999,9.73073073073073
780,218,9.68717948717949,9.92660550458716,998,9.73947895791583
787,212,9.68106734434562,9.90566037735849,999,9.72872872872873
788,210,9.66370558375634,9.90476190476191,998,9.71442885771543
784,214,9.6530612244898,9.90654205607477,998,9.70741482965932
782,217,9.65473145780051,9.87096774193548,999,9.7017017017017
779,219,9.65853658536585,9.89041095890411,998,9.70941883767535
790,208,9.64177215189873,9.88461538461539,998,9.69238476953908
790,208,9.64177215189873,9.86538461538461,998,9.68837675350701
799,200,9.63204005006258,9.86,999,9.67767767767768
799,200,9.63454317897372,9.86,999,9.67967967967968
804,194,9.6592039800995,9.85567010309278,998,9.69739478957916
794,204,9.64987405541562,9.86274509803922,998,9.69338677354709
799,199,9.65707133917397,9.85929648241206,998,9.69739478957916
807,192,9.63940520446097,9.85416666666667,999,9.68068068068068
810,188,9.6358024691358,9.82978723404255,998,9.67234468937876
817,180,9.64749082007344,9.86666666666667,997,9.68706118355065
824,174,9.63349514563107,9.86206896551724,998,9.67334669338677
827,171,9.64328899637243,9.85964912280702,998,9.68036072144289
821,178,9.65895249695493,9.82022471910112,999,9.68768768768769
817,182,9.65116279069767,9.84615384615385,999,9.68668668668669
814,185,9.66339066339066,9.87027027027027,999,9.7017017017017
814,185,9.65970515970516,9.84864864864865,999,9.69469469469469
817,181,9.64259485924113,9.84530386740331,998,9.67935871743487
815,184,9.65276073619632,9.84782608695652,999,9.68868868868869
822,177,9.64233576642336,9.84180790960452,999,9.67767767767768
821,177,9.63215590742996,9.84180790960452,998,9.66933867735471
828,170,9.6280193236715,9.85882352941177,998,9.66733466933868
825,171,9.64242424242424,9.88304093567251,996,9.68373493975904
825,174,9.63757575757576,9.83908045977011,999,9.67267267267267
815,183,9.6441717791411,9.84699453551913,998,9.6813627254509
827,172,9.65659008464329,9.86046511627907,999,9.69169169169169
820,179,9.65243902439024,9.91061452513966,999,9.6986986986987
830,169,9.67469879518072,9.90532544378698,999,9.71371371371371
824,175,9.67718446601942,9.90857142857143,999,9.71771771771772
827,172,9.66384522370012,9.90697674418605,999,9.70570570570571
824,174,9.67233009708738,9.88505747126437,998,9.70941883767535
827,172,9.6819830713422,9.88372093023256,999,9.71671671671672
825,174,9.68363636363636,9.88505747126437,999,9.71871871871872
822,177,9.69221411192214,9.88700564971751,999,9.72672672672673
822,177,9.6970802919708,9.88700564971751,999,9.73073073073073
822,177,9.7007299270073,9.90960451977401,999,9.73773773773774
823,176,9.69866342648846,9.88636363636364,999,9.73173173173173
820,179,9.6890243902439,9.8659217877095,999,9.72072072072072
819,179,9.69352869352869,9.8659217877095,998,9.72444889779559
818,181,9.69559902200489,9.86740331491713,999,9.72672672672673
817,181,9.69767441860465,9.84530386740331,998,9.72444889779559
819,180,9.69108669108669,9.84444444444444,999,9.71871871871872
815,182,9.7079754601227,9.84615384615385,997,9.73319959879639
811,188,9.68927250308261,9.85106382978723,999,9.71971971971972
812,187,9.69827586206897,9.89304812834225,999,9.73473473473473
813,185,9.69618696186962,9.91351351351351,998,9.73647294589178
812,187,9.69211822660099,9.93582887700535,999,9.73773773773774
807,192,9.69392812887237,9.91666666666667,999,9.73673673673674
818,181,9.70171149144254,9.93370165745856,999,9.74374374374374
817,180,9.70012239902081,9.93333333333333,997,9.74222668004012
832,167,9.70432692307692,9.90419161676647,999,9.73773773773774
833,165,9.70348139255702,9.9030303030303,998,9.73647294589178
837,160,9.68458781362007,9.9,997,9.71915747241725
846,152,9.68912529550827,9.89473684210526,998,9.72044088176353
843,153,9.68208778173191,9.86928104575163,996,9.71084337349398
846,153,9.68321513002364,9.86928104575163,999,9.71171171171171
839,158,9.68057210965435,9.89873417721519,997,9.71514543630893
843,155,9.67378410438909,9.87096774193548,998,9.70440881763527
838,161,9.67780429594272,9.87577639751553,999,9.70970970970971
829,170,9.6670687575392,9.88235294117647,999,9.7037037037037
819,178,9.67032967032967,9.8876404494382,997,9.70912738214644
819,179,9.69352869352869,9.8659217877095,998,9.72444889779559
821,178,9.68696711327649,9.86516853932584,999,9.71871871871872
823,176,9.69987849331713,9.86363636363636,999,9.72872872872873
829,170,9.69119420989144,9.83529411764706,999,9.71571571571572
828,169,9.69565217391304,9.85798816568047,997,9.72316950852558
829,170,9.70687575392039,9.95294117647059,999,9.74874874874875
826,171,9.7046004842615,9.92982456140351,997,9.7432296890672
822,177,9.70802919708029,9.93220338983051,999,9.74774774774775
837,162,9.71326164874552,9.95061728395062,999,9.75175175175175
840,159,9.71071428571429,9.94968553459119,999,9.74874874874875
844,155,9.70971563981043,9.94838709677419,999,9.74674674674675
846,153,9.7080378250591,9.94771241830065,999,9.74474474474474
850,149,9.72117647058823,9.97315436241611,999,9.75875875875876
845,153,9.71360946745562,9.94771241830065,998,9.74949899799599
843,153,9.71648873072361,9.94771241830065,996,9.75200803212851
849,149,9.71142520612485,9.94630872483221,998,9.74649298597194
850,147,9.69764705882353,9.94557823129252,997,9.73420260782347
849,147,9.70082449941107,9.94557823129252,996,9.73694779116466
851,146,9.69447708578143,9.94520547945205,997,9.73119358074223
855,143,9.69122807017544,9.94405594405594,998,9.72745490981964
864,135,9.7025462962963,9.94074074074074,999,9.73473473473473
865,133,9.70867052023121,9.93984962406015,998,9.73947895791583
868,130,9.7073732718894,9.93846153846154,998,9.7374749498998
867,131,9.70818915801615,9.93893129770992,998,9.73847695390782
866,133,9.70323325635104,9.93984962406015,999,9.73473473473473
866,133,9.71016166281755,9.93984962406015,999,9.74074074074074
868,131,9.70967741935484,9.93893129770992,999,9.73973973973974
869,129,9.70655926352129,9.93798449612403,998,9.73647294589178
863,135,9.69872537659328,9.97037037037037,998,9.73547094188377
864,134,9.71412037037037,9.97014925373134,998,9.74849699398798
861,137,9.7212543554007,9.97080291970803,998,9.75551102204409
864,134,9.71296296296296,10.0,998,9.75150300601202
866,133,9.71247113163972,10.0,999,9.75075075075075
865,132,9.71098265895954,10.0,997,9.74924774322969
857,139,9.69894982497083,10.0,996,9.74096385542169
857,140,9.70361726954492,10.0,997,9.74523570712136
849,149,9.68786808009423,10.0,998,9.73446893787575
847,151,9.68122786304605,10.0,998,9.72945891783567
843,156,9.67497034400949,10.0,999,9.72572572572573
846,152,9.6725768321513,10.0,998,9.72244488977956
841,157,9.66349583828775,10.0,998,9.71643286573146
847,151,9.65643447461629,10.0,998,9.70841683366733
850,149,9.66352941176471,10.0,999,9.71371371371371
847,152,9.6788665879575,10.0,999,9.72772772772773
849,149,9.68904593639576,10.0,998,9.73547094188377
848,149,9.68160377358491,10.0,997,9.72918756268806
851,147,9.68625146886017,10.0,998,9.73246492985972
858,141,9.68997668997669,10.0,999,9.73373373373373
862,136,9.69025522041763,10.0,998,9.73246492985972
863,136,9.70104287369641,10.0,999,9.74174174174174
863,135,9.6882966396292,10.0,998,9.73046092184369
864,135,9.69791666666667,10.0,999,9.73873873873874
858,140,9.69463869463869,10.0,998,9.7374749498998
861,136,9.68989547038328,10.0,997,9.73219658976931
857,141,9.68844807467911,10.0,998,9.73246492985972
861,137,9.70034843205575,10.0,998,9.74148296593186
861,136,9.6945412311266,10.0,997,9.73620862587763
864,133,9.69444444444444,10.0,997,9.73520561685055
866,132,9.70207852193995,10.0,998,9.74148296593186
866,132,9.7066974595843,10.0,998,9.74549098196393
860,138,9.71162790697674,10.0,998,9.75150300601202
853,146,9.71043376318875,10.0,999,9.75275275275275
848,149,9.71108490566038,10.0,997,9.75426278836509
848,151,9.70872641509434,10.0,999,9.75275275275275
847,151,9.7060212514758,10.0,998,9.75050100200401
841,158,9.70154577883472,10.0,999,9.74874874874875
836,163,9.69019138755981,10.0,999,9.74074074074074
836,162,9.69377990430622,10.0,998,9.7434869739479
834,165,9.68345323741007,10.0,999,9.73573573573574
830,168,9.68915662650602,10.0,998,9.74148296593186
837,162,9.68817204301075,10.0,999,9.73873873873874
834,164,9.68465227817746,10.0,998,9.73647294589178
835,164,9.68862275449102,10.0,999,9.73973973973974
836,160,9.6877990430622,10.0,996,9.73795180722892
836,162,9.68540669856459,10.0,998,9.73647294589178
833,165,9.68067226890756,10.0,998,9.73346693386774
836,163,9.68062200956938,10.0,999,9.73273273273273
833,166,9.69987995198079,10.0,999,9.74974974974975
843,156,9.69869513641756,10.0,999,9.74574574574575
837,161,9.71565113500597,10.0,998,9.76152304609218
836,163,9.71291866028708,10.0,999,9.75975975975976
841,158,9.70749108204518,10.0,999,9.75375375375375
847,152,9.7012987012987,10.0,999,9.74674674674675
849,150,9.7055359246172,10.0,999,9.74974974974975
854,145,9.7096018735363,10.0,999,9.75175175175175
856,142,9.71495327102804,10.0,998,9.75551102204409
850,148,9.71764705882353,10.0,998,9.75951903807615
849,149,9.72673733804476,10.0,998,9.76753507014028
846,153,9.725768321513,10.0,999,9.76776776776777
842,156,9.72684085510689,10.0,998,9.76953907815631
840,159,9.73928571428571,10.0,999,9.78078078078078
844,155,9.74763033175356,10.0,999,9.78678678678679
838,161,9.75059665871122,10.0,999,9.79079079079079
833,166,9.74429771908764,10.0,999,9.78678678678679
838,160,9.73508353221957,10.0,998,9.77755511022044
830,168,9.72048192771084,10.0,998,9.76753507014028
831,168,9.72563176895307,10.0,999,9.77177177177177
832,167,9.71875,10.0,999,9.76576576576577
829,168,9.71531966224367,10.0,997,9.76328986960883
828,168,9.71497584541063,10.0,996,9.76305220883534
843,156,9.71767497034401,10.0,999,9.76176176176176
839,159,9.71394517282479,10.0,998,9.75951903807615
844,154,9.72630331753554,10.0,998,9.7685370741483
851,146,9.72267920094007,10.0,997,9.76328986960883
852,147,9.73239436619718,10.0,999,9.77177177177177
855,143,9.74269005847953,10.0,998,9.77955911823647
868,129,9.74539170506912,10.0,997,9.77833500501504
868,131,9.75115207373272,10.0,999,9.78378378378378
876,123,9.75114155251141,10.0,999,9.78178178178178
870,128,9.74712643678161,10.0,998,9.77955911823647
870,129,9.75172413793103,10.0,999,9.78378378378378
874,125,9.74828375286041,10.0,999,9.77977977977978
873,125,9.75372279495991,10.0,998,9.78456913827655
877,122,9.75256556442417,10.0,999,9.78278278278278
876,123,9.75570776255708,10.0,999,9.78578578578579
872,127,9.7545871559633,10.0,999,9.78578578578579
871,128,9.73708381171068,10.0,999,9.77077077077077
867,132,9.74048442906574,10.0,999,9.77477477477477
860,139,9.74186046511628,10.0,999,9.77777777777778
857,142,9.74679113185531,10.0,999,9.78278278278278
851,147,9.7497062279671,10.0,998,9.78657314629259
857,142,9.75029171528588,10.0,999,9.78578578578579
856,143,9.75700934579439,10.0,999,9.79179179179179
852,147,9.75469483568075,10.0,999,9.79079079079079
843,156,9.77105575326216,10.0,999,9.80680680680681
845,153,9.76094674556213,10.0,998,9.79759519038076
850,148,9.76588235294118,10.0,998,9.80060120240481
848,151,9.78301886792453,10.0,999,9.81581581581582
854,145,9.77868852459016,10.0,999,9.81081081081081
850,149,9.78470588235294,10.0,999,9.81681681681682
862,137,9.78190255220418,10.0,999,9.81181181181181
855,143,9.79415204678363,10.0,998,9.82364729458918
856,143,9.79322429906542,10.0,999,9.82282282282282
856,143,9.79205607476636,10.0,999,9.82182182182182
857,140,9.78179696616103,10.0,997,9.81243731193581
852,146,9.77464788732394,10.0,998,9.80761523046092
853,146,9.7831184056272,10.0,999,9.81481481481481
854,145,9.7751756440281,10.0,999,9.80780780780781
851,147,9.78495887191539,10.0,998,9.81663326653307
850,149,9.77882352941177,10.0,999,9.81181181181181
848,151,9.78066037735849,10.0,999,9.81381381381381
843,155,9.77224199288256,10.0,998,9.80761523046092
844,155,9.76777251184834,10.0,999,9.8038038038038
836,163,9.76315789473684,10.0,999,9.8018018018018
837,162,9.77658303464755,10.0,999,9.81281281281281
830,168,9.77590361445783,10.0,998,9.81362725450902
832,167,9.77283653846154,10.0,999,9.81081081081081
824,174,9.77791262135922,10.0,998,9.81663326653307
822,177,9.78223844282238,10.0,999,9.82082082082082
815,184,9.79141104294479,10.0,999,9.82982982982983
811,188,9.78668310727497,10.0,999,9.82682682682683
806,191,9.787841191067,10.0,997,9.82848545636911
801,197,9.78776529338327,10.0,998,9.82965931863727
805,194,9.79254658385093,10.0,999,9.83283283283283
799,198,9.78848560700876,10.0,997,9.83049147442327
801,197,9.79525593008739,10.0,998,9.83567134268537
802,197,9.79551122194514,10.0,999,9.83583583583584
808,191,9.78465346534654,10.0,999,9.82582582582583
801,196,9.79900124843945,10.0,997,9.83851554663992
809,189,9.79110012360939,10.0,998,9.83066132264529
797,202,9.79673776662484,10.0,999,9.83783783783784
805,194,9.80248447204969,10.0,999,9.84084084084084
807,192,9.79925650557621,10.0,999,9.83783783783784
806,193,9.80397022332506,10.0,999,9.84184184184184
799,198,9.79974968710889,10.0,997,9.839518555667
807,192,9.79925650557621,10.0,999,9.83783783783784
805,194,9.79006211180124,10.0,999,9.83083083083083
800,199,9.78625,10.0,999,9.82882882882883
796,203,9.77763819095477,10.0,999,9.82282282282282
787,211,9.79034307496823,10.0,998,9.83466933867735
777,221,9.77734877734878,10.0,998,9.82665330661323
780,219,9.78589743589744,10.0,999,9.83283283283283
779,220,9.78433889602054,10.0,999,9.83183183183183
781,217,9.79385403329065,10.0,998,9.83867735470942
781,218,9.80921895006402,10.0,999,9.85085085085085
791,208,9.80657395701643,10.0,999,9.84684684684685
785,214,9.81019108280255,10.0,999,9.85085085085085
780,219,9.82051282051282,10.0,999,9.85985985985986
774,224,9.82170542635659,10.0,998,9.86172344689379
770,229,9.83376623376623,10.0,999,9.87187187187187
769,230,9.84395318595579,10.0,999,9.87987987987988
768,230,9.8515625,10.0,998,9.88577154308617
778,221,9.8573264781491,10.0,999,9.88888888888889
782,213,9.86700767263427,10.0,995,9.89547738693467
787,211,9.87039390088945,10.0,998,9.89779559118236
783,214,9.88505747126437,10.0,997,9.90972918756269
788,211,9.88578680203046,10.0,999,9.90990990990991
792,206,9.88888888888889,10.0,998,9.91182364729459
790,208,9.88227848101266,10.0,998,9.90681362725451
789,209,9.87198986058302,10.0,998,9.89879759519038
795,202,9.86540880503145,10.0,997,9.89267803410231
794,205,9.8551637279597,10.0,999,9.88488488488488
804,195,9.85820895522388,10.0,999,9.88588588588589
807,190,9.85873605947955,10.0,997,9.88565697091274
805,192,9.83975155279503,10.0,997,9.87061183550652
805,191,9.84223602484472,10.0,996,9.87248995983936
800,197,9.8375,10.0,997,9.86960882647944
799,198,9.82978723404255,10.0,997,9.86359077231695
803,196,9.8318804483188,10.0,999,9.86486486486486
806,192,9.83374689826303,10.0,998,9.86573146292585
806,190,9.8287841191067,10.0,996,9.86144578313253
806,190,9.83002481389578,10.0,996,9.86244979919679
807,192,9.83147459727385,10.0,999,9.86386386386386
804,194,9.83830845771144,10.0,998,9.86973947895792
809,190,9.8442521631644,10.0,999,9.87387387387387
812,186,9.83990147783251,10.0,998,9.86973947895792
810,188,9.84691358024691,10.0,998,9.87575150300601
812,186,9.85098522167488,10.0,998,9.87875751503006
804,195,9.86567164179104,10.0,999,9.89189189189189
807,192,9.87484510532838,10.0,999,9.8988988988989
805,194,9.87826086956522,10.0,999,9.9019019019019
805,193,9.8832298136646,10.0,998,9.90581162324649
804,193,9.8818407960199,10.0,997,9.90471414242728
806,193,9.88461538461539,10.0,999,9.90690690690691
803,195,9.89041095890411,10.0,998,9.91182364729459
806,193,9.88461538461539,10.0,999,9.90690690690691
803,196,9.87920298879203,10.0,999,9.9029029029029
803,196,9.87297633872976,10.0,999,9.8978978978979
797,202,9.8732747804266,10.0,999,9.8988988988989
794,205,9.8639798488665,10.0,999,9.89189189189189
798,200,9.85588972431078,10.0,998,9.88476953907816
806,193,9.84739454094293,10.0,999,9.87687687687688
809,189,9.8504326328801,10.0,998,9.87875751503006
806,192,9.84739454094293,10.0,998,9.87675350701403
800,197,9.85375,10.0,997,9.8826479438315
806,193,9.84987593052109,10.0,999,9.87887887887888
801,197,9.83770287141074,10.0,998,9.86973947895792
799,199,9.83354192740926,10.0,998,9.86673346693387
798,199,9.83458646616541,10.0,997,9.86760280842528
802,196,9.8354114713217,10.0,998,9.86773547094188
806,192,9.84119106699752,10.0,998,9.87174348697395
794,205,9.84508816120907,10.0,999,9.87687687687688
797,201,9.83939774153074,10.0,998,9.87174348697395
793,205,9.83732660781841,10.0,998,9.87074148296593
789,209,9.83523447401774,10.0,998,9.86973947895792
791,208,9.83438685208597,10.0,999,9.86886886886887
789,210,9.83523447401774,10.0,999,9.86986986986987
790,208,9.83417721518987,10.0,998,9.8687374749499
789,208,9.83143219264892,10.0,997,9.86659979939819
785,214,9.83184713375796,10.0,999,9.86786786786787
784,215,9.84183673469388,10.0,999,9.87587587587588
782,215,9.84271099744246,10.0,997,9.87662988966901
774,225,9.84883720930233,10.0,999,9.88288288288288
771,228,9.85084306095979,10.0,999,9.88488488488488
771,228,9.85992217898833,10.0,999,9.89189189189189
775,223,9.85290322580645,10.0,998,9.88577154308617
776,223,9.85567010309278,10.0,999,9.88788788788789
774,223,9.86304909560723,10.0,997,9.89368104312939
782,217,9.87212276214834,10.0,999,9.8998998998999
783,216,9.86717752234994,10.0,999,9.8958958958959
784,215,9.87627551020408,10.0,999,9.9029029029029
786,211,9.88167938931298,10.0,997,9.90672016048144
788,211,9.87309644670051,10.0,999,9.8998998998999
787,212,9.88055908513342,10.0,999,9.90590590590591
790,208,9.87848101265823,10.0,998,9.90380761523046
782,215,9.87212276214834,10.0,997,9.89969909729188
783,216,9.8735632183908,10.0,999,9.9009009009009
787,212,9.86658195679797,10.0,999,9.89489489489489
783,215,9.86973180076628,10.0,998,9.89779559118236
783,215,9.86206896551724,10.0,998,9.89178356713427
770,227,9.86493506493506,10.0,997,9.89568706118355
768,230,9.87630208333333,10.0,998,9.90480961923848
766,233,9.87206266318538,10.0,999,9.9019019019019
770,229,9.87402597402597,10.0,999,9.9029029029029
773,225,9.88098318240621,10.0,998,9.90781563126252
778,221,9.88046272493573,10.0,999,9.90690690690691
785,213,9.88662420382166,10.0,998,9.91082164328657
793,206,9.89155107187894,10.0,999,9.91391391391391
791,207,9.89001264222503,10.0,998,9.9128256513026
793,205,9.8890290037831,10.0,998,9.91182364729459
793,206,9.89407313997478,10.0,999,9.91591591591592
797,201,9.89335006273526,10.0,998,9.91482965931864
798,200,9.8922305764411,10.0,998,9.91382765531062
805,194,9.88819875776398,10.0,999,9.90990990990991
794,205,9.88539042821159,10.0,999,9.90890890890891
801,198,9.87640449438202,10.0,999,9.9009009009009
791,208,9.88369152970923,10.0,999,9.90790790790791
794,205,9.88539042821159,10.0,999,9.90890890890891
785,212,9.87898089171975,10.0,997,9.90471414242728
785,213,9.88407643312102,10.0,998,9.90881763527054
779,219,9.87804878048781,10.0,998,9.90480961923848
783,215,9.87739463601533,10.0,998,9.90380761523046
782,217,9.87979539641944,10.0,999,9.90590590590591
789,210,9.8681875792142,10.0,999,9.8958958958959
784,215,9.86352040816327,10.0,999,9.89289289289289
793,205,9.87137452711223,10.0,998,9.89779559118236
783,215,9.86845466155811,10.0,998,9.89679358717435
781,217,9.86555697823303,10.0,998,9.89478957915832
771,228,9.86121919584955,10.0,999,9.89289289289289
769,229,9.86996098829649,10.0,998,9.8997995991984
767,229,9.877444589309,10.0,996,9.90562248995984
766,231,9.87597911227154,10.0,997,9.90471414242728
760,236,9.87368421052632,10.0,996,9.90361445783133
755,243,9.87549668874172,10.0,998,9.90581162324649
760,239,9.88289473684211,10.0,999,9.91091091091091
751,247,9.89613848202397,10.0,998,9.92184368737475
755,244,9.8953642384106,10.0,999,9.92092092092092
756,243,9.89285714285714,10.0,999,9.91891891891892
766,231,9.89425587467363,10.0,997,9.91875626880642
766,232,9.90208877284595,10.0,998,9.9248496993988
769,229,9.90247074122237,10.0,998,9.9248496993988
770,227,9.9025974025974,10.0,997,9.92477432296891
764,235,9.89397905759162,10.0,999,9.91891891891892
772,226,9.89119170984456,10.0,998,9.91583166332665
770,229,9.88961038961039,10.0,999,9.91491491491491
776,223,9.89561855670103,10.0,999,9.91891891891892
764,233,9.88874345549738,10.0,997,9.91474423269809
776,223,9.89046391752577,10.0,999,9.91491491491491
766,232,9.88642297650131,10.0,998,9.9128256513026
774,225,9.88888888888889,10.0,999,9.91391391391391
759,239,9.88932806324111,10.0,998,9.91583166332665
764,234,9.88874345549738,10.0,998,9.91482965931864
753,243,9.88844621513944,10.0,996,9.91566265060241
757,241,9.88243064729194,10.0,998,9.91082164328657
759,239,9.88405797101449,10.0,998,9.91182364729459
769,230,9.89336801040312,10.0,999,9.91791791791792
772,226,9.89378238341969,10.0,998,9.91783567134268
782,217,9.89769820971867,10.0,999,9.91991991991992
788,210,9.89720812182741,10.0,998,9.9188376753507
793,205,9.90037831021437,10.0,998,9.92084168336673
797,201,9.90338770388959,10.0,998,9.92284569138276
800,199,9.90625,10.0,999,9.92492492492492
803,196,9.91033623910336,10.0,999,9.92792792792793
808,191,9.91955445544554,10.0,999,9.93493493493493
812,187,9.91995073891626,10.0,999,9.93493493493493
810,187,9.91728395061728,10.0,997,9.93279839518556
819,179,9.91575091575092,10.0,998,9.93086172344689
826,172,9.91646489104116,10.0,998,9.93086172344689
827,171,9.91656590084643,10.0,998,9.93086172344689
824,175,9.91504854368932,10.0,999,9.92992992992993
827,172,9.91414752116082,10.0,999,9.92892892892893
830,168,9.91566265060241,10.0,998,9.92985971943888
829,170,9.91314837153197,10.0,999,9.92792792792793
823,174,9.91251518833536,10.0,997,9.92778335005015
825,173,9.91636363636364,10.0,998,9.93086172344689
820,178,9.91219512195122,10.0,998,9.92785571142285
824,174,9.90898058252427,10.0,998,9.9248496993988
824,172,9.90776699029126,10.0,996,9.92369477911647
822,174,9.90267639902676,10.0,996,9.91967871485944
822,176,9.90875912408759,10.0,998,9.9248496993988
824,175,9.90776699029126,10.0,999,9.92392392392392
827,172,9.91172914147521,10.0,999,9.92692692692693
827,170,9.91172914147521,10.0,997,9.92678034102307
822,177,9.90389294403893,10.0,999,9.92092092092092
816,182,9.90808823529412,10.0,998,9.9248496993988
818,180,9.90953545232274,10.0,998,9.92585170340681
818,179,9.90953545232274,10.0,997,9.92577733199599
822,177,9.91605839416058,10.0,999,9.93093093093093
815,183,9.91656441717791,10.0,998,9.93186372745491
812,185,9.91502463054187,10.0,997,9.93079237713139
814,184,9.91769041769042,10.0,998,9.93286573146293
815,184,9.91533742331288,10.0,999,9.93093093093093
812,187,9.91748768472906,10.0,999,9.93293293293293
807,192,9.92069392812887,10.0,999,9.93593593593594
807,191,9.92069392812887,10.0,998,9.93587174348697
807,192,9.92069392812887,10.0,999,9.93593593593594
808,190,9.91584158415842,10.0,998,9.93186372745491
809,188,9.91718170580964,10.0,997,9.93279839518556
810,189,9.91481481481481,10.0,999,9.93093093093093
806,193,9.91563275434243,10.0,999,9.93193193193193
805,194,9.91180124223603,10.0,999,9.92892892892893
802,197,9.91147132169576,10.0,999,9.92892892892893
803,195,9.91158156911582,10.0,998,9.92885771543086
808,190,9.90965346534654,10.0,998,9.92685370741483
810,189,9.90740740740741,10.0,999,9.92492492492492
814,183,9.90786240786241,10.0,997,9.92477432296891
812,187,9.91133004926108,10.0,999,9.92792792792793
820,179,9.90975609756098,10.0,999,9.92592592592593
811,188,9.90628853267571,10.0,999,9.92392392392392
813,185,9.90651906519065,10.0,998,9.92384769539078
810,188,9.9,10.0,998,9.9188376753507
817,182,9.8984088127295,10.0,999,9.91691691691692
813,186,9.90159901599016,10.0,999,9.91991991991992
813,185,9.90036900369004,10.0,998,9.9188376753507
813,186,9.90036900369004,10.0,999,9.91891891891892
806,192,9.90322580645161,10.0,998,9.92184368737475
797,202,9.900878293601,10.0,999,9.92092092092092
799,200,9.90362953692115,10.0,999,9.92292292292292
798,201,9.90225563909774,10.0,999,9.92192192192192
808,191,9.90346534653465,10.0,999,9.92192192192192
806,192,9.90942928039702,10.0,998,9.92685370741483
815,183,9.90429447852761,10.0,998,9.92184368737475
819,180,9.9010989010989,10.0,999,9.91891891891892
819,180,9.8974358974359,10.0,999,9.91591591591592
821,177,9.89037758830694,10.0,998,9.90981963927856
824,175,9.88834951456311,10.0,999,9.90790790790791
827,171,9.88512696493349,10.0,998,9.90480961923848
828,171,9.8792270531401,10.0,999,9.8998998998999
828,171,9.8780193236715,10.0,999,9.8988988988989
830,168,9.87951807228916,10.0,998,9.8997995991984
827,171,9.89117291414752,10.0,998,9.90981963927856
828,170,9.89371980676328,10.0,998,9.91182364729459
832,166,9.89423076923077,10.0,998,9.91182364729459
840,159,9.89761904761905,10.0,999,9.91391391391391
832,165,9.90264423076923,10.0,997,9.91875626880642
840,159,9.89642857142857,10.0,999,9.91291291291291
840,159,9.9,10.0,999,9.91591591591592
840,156,9.89880952380952,10.0,996,9.91465863453815
837,160,9.90203106332139,10.0,997,9.91775325977934
838,161,9.90334128878282,10.0,999,9.91891891891892
836,163,9.90909090909091,10.0,999,9.92392392392392
837,161,9.90800477897252,10.0,998,9.92284569138276
830,167,9.90481927710843,10.0,997,9.92076228686058
828,171,9.90458937198068,10.0,999,9.92092092092092
826,173,9.90314769975787,10.0,999,9.91991991991992
821,178,9.9074299634592,10.0,999,9.92392392392392
823,176,9.91130012150668,10.0,999,9.92692692692693
820,179,9.91707317073171,10.0,999,9.93193193193193
823,176,9.91980558930741,10.0,999,9.93393393393393
822,175,9.92092457420924,10.0,997,9.93480441323972
818,180,9.91564792176039,10.0,998,9.93086172344689
815,184,9.92760736196319,10.0,999,9.94094094094094
810,188,9.92222222222222,10.0,998,9.93687374749499
809,188,9.92459826946848,10.0,997,9.93881644934804
806,192,9.92928039702233,10.0,998,9.94288577154309
809,187,9.93819530284302,10.0,996,9.94979919678715
810,188,9.9358024691358,10.0,998,9.94789579158317
819,178,9.94261294261294,10.0,997,9.95285857572718
820,177,9.94512195121951,10.0,997,9.95486459378134
828,169,9.94323671497585,10.0,997,9.95285857572718
828,170,9.93961352657005,10.0,998,9.9498997995992
834,164,9.94004796163069,10.0,998,9.9498997995992
832,166,9.94350961538461,10.0,998,9.95290581162325
829,170,9.94209891435464,10.0,999,9.95195195195195
821,178,9.93909866017052,10.0,999,9.94994994994995
822,177,9.94282238442822,10.0,999,9.95295295295295
818,181,9.94865525672372,10.0,999,9.95795795795796
813,185,9.94587945879459,10.0,998,9.95591182364729
817,182,9.94614443084455,10.0,999,9.95595595595596
807,192,9.94919454770756,10.0,999,9.95895895895896
799,199,9.9424280350438,10.0,998,9.95390781563126
799,200,9.94493116395494,10.0,999,9.95595595595596
791,207,9.94058154235145,10.0,998,9.95290581162325
788,210,9.94035532994924,10.0,998,9.95290581162325
800,199,9.9375,10.0,999,9.94994994994995
796,203,9.93969849246231,10.0,999,9.95195195195195
797,201,9.9435382685069,10.0,998,9.95490981963928
792,206,9.94318181818182,10.0,998,9.95490981963928
799,200,9.93742177722153,10.0,999,9.94994994994995
803,196,9.93150684931507,10.0,999,9.94494494494494
806,193,9.9317617866005,10.0,999,9.94494494494494
811,188,9.92601726263872,10.0,999,9.93993993993994
811,187,9.9383477188656,10.0,998,9.9498997995992
814,184,9.93243243243243,10.0,998,9.94488977955912
813,186,9.93111931119311,10.0,999,9.94394394394394
813,184,9.9360393603936,10.0,997,9.94784353059178
821,178,9.93179049939099,10.0,999,9.94394394394394
820,179,9.93414634146341,10.0,999,9.94594594594595
822,177,9.9330900243309,10.0,999,9.94494494494494
815,183,9.93006134969325,10.0,998,9.94288577154309
816,182,9.92279411764706,10.0,998,9.93687374749499
808,190,9.92574257425743,10.0,998,9.93987975951904
811,187,9.92848335388409,10.0,998,9.94188376753507
807,191,9.93184634448575,10.0,998,9.94488977955912
801,198,9.92883895131086,10.0,999,9.94294294294294
800,199,9.92875,10.0,999,9.94294294294294
791,207,9.93173198482933,10.0,998,9.94589178356713
788,211,9.93020304568528,10.0,999,9.94494494494494
784,214,9.92857142857143,10.0,998,9.9438877755511
781,218,9.92573623559539,10.0,999,9.94194194194194
785,213,9.92484076433121,10.0,998,9.94088176352705
781,218,9.91549295774648,10.0,999,9.93393393393393
786,213,9.91348600508906,10.0,999,9.93193193193193
788,210,9.90989847715736,10.0,998,9.92885771543086
785,214,9.90828025477707,10.0,999,9.92792792792793
778,219,9.91131105398458,10.0,997,9.93079237713139
784,215,9.90561224489796,10.0,999,9.92592592592593
781,218,9.92061459667094,10.0,999,9.93793793793794
778,221,9.91645244215938,10.0,999,9.93493493493493
772,227,9.91839378238342,10.0,999,9.93693693693694
769,228,9.91937581274382,10.0,997,9.93781344032096
769,228,9.92067620286086,10.0,997,9.93881644934804
769,229,9.92067620286086,10.0,998,9.93887775551102
767,232,9.91916558018253,10.0,999,9.93793793793794
764,235,9.92277486910995,10.0,999,9.94094094094094
767,232,9.92177314211212,10.0,999,9.93993993993994
760,239,9.92631578947368,10.0,999,9.94394394394394
760,234,9.93026315789474,10.0,994,9.9466800804829
761,238,9.93298291721419,10.0,999,9.94894894894895
772,227,9.9339378238342,10.0,999,9.94894894894895
776,223,9.94072164948454,10.0,999,9.95395395395395
774,225,9.93927648578811,10.0,999,9.95295295295295
774,225,9.93927648578811,10.0,999,9.95295295295295
773,226,9.94178525226391,10.0,999,9.95495495495495
775,223,9.94451612903226,10.0,998,9.95691382765531
770,226,9.94415584415584,10.0,996,9.95682730923695
776,223,9.94587628865979,10.0,999,9.95795795795796
779,219,9.94608472400513,10.0,998,9.95791583166333
783,215,9.94891443167305,10.0,998,9.95991983967936
788,211,9.9505076142132,10.0,999,9.96096096096096
782,215,9.95140664961637,10.0,997,9.96188565697091
788,211,9.95812182741117,10.0,999,9.96696696696697
783,215,9.95913154533844,10.0,998,9.96793587174349
793,205,9.95838587641866,10.0,998,9.96693386773547
787,211,9.96188055908513,10.0,998,9.96993987975952
794,205,9.96221662468514,10.0,999,9.96996996996997
792,207,9.96085858585859,10.0,999,9.96896896896897
799,200,9.96245306633292,10.0,999,9.96996996996997
784,215,9.96173469387755,10.0,999,9.96996996996997
787,212,9.96315120711563,10.0,999,9.97097097097097
771,227,9.96108949416342,10.0,998,9.96993987975952
773,226,9.95989650711514,10.0,999,9.96896896896897
767,231,9.95827900912647,10.0,998,9.96793587174349
772,226,9.95725388601036,10.0,998,9.96693386773547
770,227,9.96103896103896,10.0,997,9.96990972918756
773,226,9.96377749029754,10.0,999,9.97197197197197
775,224,9.96,10.0,999,9.96896896896897
775,223,9.96129032258064,10.0,998,9.96993987975952
779,220,9.95635430038511,10.0,999,9.96596596596597
776,223,9.95747422680412,10.0,999,9.96696696696697
774,225,9.95348837209302,10.0,999,9.96396396396396
779,220,9.94865211810013,10.0,999,9.95995995995996
778,220,9.94730077120823,10.0,998,9.95891783567134
779,219,9.94736842105263,10.0,998,9.95891783567134
782,217,9.94757033248082,10.0,999,9.95895895895896
785,214,9.94649681528662,10.0,999,9.95795795795796
787,212,9.94663278271919,10.0,999,9.95795795795796
784,214,9.94515306122449,10.0,998,9.95691382765531
788,211,9.94416243654822,10.0,999,9.95595595595596
781,215,9.94110115236876,10.0,996,9.95381526104418
787,212,9.93900889453621,10.0,999,9.95195195195195
778,220,9.93573264781491,10.0,998,9.9498997995992
773,225,9.9366106080207,10.0,998,9.95090180360721
767,230,9.9348109517601,10.0,997,9.94984954864594
766,233,9.93080939947781,10.0,999,9.94694694694695
764,235,9.93455497382199,10.0,999,9.94994994994995
760,237,9.9328947368421,10.0,997,9.94884653961886
765,234,9.93333333333333,10.0,999,9.94894894894895
760,238,9.93552631578947,10.0,998,9.95090180360721
761,238,9.93692509855453,10.0,999,9.95195195195195
756,243,9.94179894179894,10.0,999,9.95595595595596
759,240,9.93939393939394,10.0,999,9.95395395395395
755,243,9.93907284768212,10.0,998,9.95390781563126
755,244,9.93907284768212,10.0,999,9.95395395395395
755,244,9.94304635761589,10.0,999,9.95695695695696
761,238,9.94349540078844,10.0,999,9.95695695695696
761,237,9.94480946123522,10.0,998,9.95791583166333
