forward_num,reverse_num,forward_rate,reverse_rate,organism_num,organism_rate
500,500,5.5,5.5,1000,5.5
491,496,5.4806517311609,5.50604838709677,987,5.49341438703141
491,495,5.4806517311609,5.51111111111111,986,5.49594320486815
544,455,6.02941176470588,5.43296703296703,999,5.75775775775776
590,409,6.19152542372881,5.47432762836186,999,5.8978978978979
618,379,6.23462783171521,5.47493403693931,997,5.94583751253761
650,348,6.25076923076923,5.41954022988506,998,5.96092184368737
670,329,6.28805970149254,5.36170212765957,999,5.98298298298298
696,302,6.32183908045977,5.36423841059603,998,6.03206412825651
726,271,6.44765840220386,5.3210332103321,997,6.14142427281846
706,293,6.53541076487252,5.06825938566553,999,6.10510510510511
729,269,6.27434842249657,5.02230483271375,998,5.93687374749499
738,259,6.51490514905149,4.76447876447876,997,6.06018054162487
728,270,6.52197802197802,4.74814814814815,998,6.04208416833667
723,276,6.50345781466113,4.98913043478261,999,6.08508508508509
728,271,6.6510989010989,4.92619926199262,999,6.18318318318318
715,284,6.64335664335664,5.36267605633803,999,6.27927927927928
721,278,6.72399445214979,5.32374100719424,999,6.33433433433433
706,293,6.74079320113314,5.48464163822526,999,6.37237237237237
711,288,6.89029535864979,5.62847222222222,999,6.52652652652653
726,273,6.95316804407713,5.56776556776557,999,6.57457457457457
743,256,6.57738896366083,5.52734375,999,6.30830830830831
712,287,6.70786516853933,5.54006968641115,999,6.37237237237237
720,279,6.78333333333333,5.57347670250896,999,6.44544544544545
745,254,6.79328859060403,5.48031496062992,999,6.45945945945946
752,247,6.84840425531915,5.68421052631579,999,6.56056056056056
747,251,6.89424364123159,5.57768924302789,998,6.56312625250501
742,257,6.98247978436658,5.59533073929961,999,6.62562562562563
750,247,6.94133333333333,5.59919028340081,997,6.60882647943832
747,252,6.95582329317269,5.71428571428571,999,6.64264264264264
740,258,7.04594594594595,5.79457364341085,998,6.72244488977956
749,249,7.06141522029372,5.81124497991968,998,6.74949899799599
739,259,7.13261163734777,5.7953667953668,998,6.78557114228457
742,257,7.05660377358491,5.89105058365759,999,6.75675675675676
743,256,7.13324360699865,6.04296875,999,6.85385385385385
744,252,7.12634408602151,6.07142857142857,996,6.85943775100402
752,247,7.07313829787234,6.13765182186235,999,6.84184184184184
761,238,7.09986859395532,6.16386554621849,999,6.87687687687688
766,232,7.09530026109661,6.17672413793103,998,6.88176352705411
761,238,7.19053876478318,6.21428571428571,999,6.95795795795796
751,246,7.20639147802929,6.28455284552845,997,6.97893681043129
758,240,7.12664907651715,6.1875,998,6.90080160320641
762,237,7.21391076115486,6.26582278481013,999,6.98898898898899
752,246,7.2313829787234,6.29268292682927,998,7.0
753,246,7.35723771580345,6.30081300813008,999,7.0970970970971
753,245,7.34528552456839,6.35102040816327,998,7.10120240480962
739,259,7.35723951285521,6.32818532818533,998,7.09018036072144
741,258,7.45074224021592,6.37596899224806,999,7.17317317317317
748,251,7.48663101604278,6.31474103585657,999,7.19219219219219
746,252,7.53753351206434,6.28174603174603,998,7.22044088176353
746,252,7.54825737265416,6.38888888888889,998,7.25551102204409
750,247,7.52266666666667,6.33603238866397,997,7.22868605817452
754,245,7.5053050397878,6.42040816326531,999,7.23923923923924
744,255,7.53763440860215,6.43137254901961,999,7.25525525525526
743,254,7.53566621803499,6.50787401574803,997,7.27382146439318
749,250,7.59279038718291,6.536,999,7.32832832832833
755,244,7.60397350993378,6.56147540983607,999,7.34934934934935
758,241,7.65435356200528,6.68464730290456,999,7.42042042042042
757,242,7.61690885072655,6.75206611570248,999,7.40740740740741
760,238,7.62631578947368,6.78991596638655,998,7.42685370741483
756,243,7.65873015873016,6.81069958847737,999,7.45245245245245
754,243,7.6684350132626,6.80658436213992,997,7.45837512537613
754,243,7.68037135278515,6.69958847736626,997,7.44132397191575
759,238,7.7167325428195,6.74789915966387,997,7.48545636910732
755,243,7.78675496688742,6.69547325102881,998,7.52104208416834
755,244,7.80264900662252,6.77459016393443,999,7.55155155155155
753,246,7.77689243027888,6.76829268292683,999,7.52852852852853
751,248,7.80559254327563,6.8508064516129,999,7.56856856856857
757,242,7.81638044914135,6.86363636363636,999,7.58558558558559
757,239,7.83883751651255,6.89539748953975,996,7.61244979919679
771,227,7.85732814526589,6.88105726872247,998,7.63527054108216
770,226,7.87662337662338,6.93362831858407,996,7.66265060240964
773,224,7.9404915912031,6.90178571428571,997,7.70712136409228
785,213,7.97834394904459,6.89671361502347,998,7.74749498997996
784,212,8.02040816326531,6.93396226415094,996,7.78915662650602
783,215,8.0051085568327,6.98604651162791,998,7.78557114228457
790,209,7.95949367088608,7.03349282296651,999,7.76576576576577
785,214,7.96815286624204,7.05140186915888,999,7.77177177177177
788,210,8.00761421319797,6.9952380952381,998,7.79458917835671
785,214,8.01656050955414,7.0607476635514,999,7.81181181181181
789,210,8.06463878326996,7.0047619047619,999,7.84184184184184
785,214,8.07898089171974,7.03271028037383,999,7.85485485485485
781,218,8.10627400768246,7.09633027522936,999,7.88588588588589
792,206,8.11111111111111,7.08252427184466,998,7.89879759519038
787,212,8.16391359593393,7.19339622641509,999,7.95795795795796
785,213,8.15031847133758,7.24882629107981,998,7.95791583166333
784,212,8.14668367346939,7.31132075471698,996,7.96887550200803
783,216,8.16219667943806,7.40740740740741,999,7.998998998999
787,212,8.19440914866582,7.36792452830189,999,8.01901901901902
786,211,8.21246819338422,7.43127962085308,997,8.04714142427282
786,212,8.26972010178117,7.43396226415094,998,8.09218436873748
780,218,8.2474358974359,7.52293577981651,998,8.08917835671343
782,217,8.26086956521739,7.48387096774194,999,8.09209209209209
779,218,8.26700898587933,7.5045871559633,997,8.10030090270812
782,216,8.26086956521739,7.50462962962963,998,8.09719438877756
781,216,8.25864276568502,7.53240740740741,997,8.10130391173521
783,216,8.30395913154534,7.46296296296296,999,8.12212212212212
783,216,8.32694763729246,7.5,999,8.14814814814815
792,207,8.3219696969697,7.46376811594203,999,8.14414414414414
797,201,8.34378920953576,7.44278606965174,998,8.1623246492986
797,200,8.36260978670013,7.46,997,8.18154463390171
802,196,8.39900249376559,7.47448979591837,998,8.21743486973948
806,191,8.41687344913151,7.43979057591623,997,8.2296890672016
804,194,8.40796019900498,7.51546391752577,998,8.23446893787575
814,183,8.42751842751843,7.51912568306011,997,8.26078234704112
814,185,8.41523341523341,7.47027027027027,999,8.24024024024024
816,183,8.41544117647059,7.52459016393443,999,8.25225225225225
810,189,8.43950617283951,7.51851851851852,999,8.26526526526527
813,186,8.42435424354244,7.51075268817204,999,8.25425425425425
810,189,8.44814814814815,7.51851851851852,999,8.27227227227227
812,186,8.43965517241379,7.5752688172043,998,8.27855711422846
807,192,8.48079306071871,7.56770833333333,999,8.30530530530531
808,189,8.48267326732673,7.6031746031746,997,8.31594784353059
807,191,8.44981412639405,7.67539267015707,998,8.30160320641283
804,194,8.45522388059701,7.70618556701031,998,8.30961923847695
805,192,8.45093167701863,7.74479166666667,997,8.31494483450351
804,193,8.50497512437811,7.78238341968912,997,8.36509528585757
800,198,8.4625,7.82323232323232,998,8.33567134268537
802,195,8.46882793017456,7.88717948717949,997,8.35506519558676
805,194,8.46832298136646,7.86082474226804,999,8.35035035035035
802,197,8.5,7.86294416243655,999,8.37437437437437
803,196,8.49688667496887,7.89795918367347,999,8.37937937937938
805,194,8.53913043478261,7.92268041237113,999,8.41941941941942
806,193,8.58560794044665,8.02072538860104,999,8.47647647647648
816,183,8.60539215686275,8.04371584699454,999,8.5025025025025
813,185,8.64083640836408,8.05945945945946,998,8.53306613226453
814,185,8.64987714987715,8.05405405405405,999,8.53953953953954
808,190,8.66212871287129,8.08947368421053,998,8.55310621242485
803,194,8.6986301369863,8.06701030927835,997,8.57572718154463
802,197,8.70573566084788,8.09137055837564,999,8.58458458458458
804,195,8.72014925373134,8.07692307692308,999,8.59459459459459
805,193,8.70186335403727,8.12435233160622,998,8.59018036072144
807,191,8.69764560099133,8.15183246073298,998,8.59318637274549
795,202,8.68176100628931,8.16336633663366,997,8.57673019057171
810,189,8.69876543209877,8.12169312169312,999,8.58958958958959
813,186,8.70725707257073,8.11290322580645,999,8.5965965965966
815,184,8.71533742331288,8.09239130434783,999,8.6006006006006
816,183,8.71691176470588,8.13661202185792,999,8.61061061061061
811,186,8.72749691738594,8.12903225806452,997,8.61584754262788
815,183,8.69570552147239,8.10382513661202,998,8.5871743486974
816,183,8.73406862745098,8.12568306010929,999,8.62262262262262
819,179,8.71306471306471,8.18994413407821,998,8.61923847695391
823,175,8.70473876063184,8.17714285714286,998,8.61222444889779
817,182,8.69277845777234,8.19230769230769,999,8.6016016016016
818,179,8.69559902200489,8.16201117318436,997,8.59979939819458
818,181,8.71393643031785,8.14917127071823,999,8.61161161161161
822,176,8.74330900243309,8.125,998,8.63426853707415
831,167,8.72683513838749,8.15568862275449,998,8.6312625250501
828,171,8.72222222222222,8.17543859649123,999,8.62862862862863
835,163,8.73413173652695,8.14723926380368,998,8.63827655310621
830,167,8.71325301204819,8.13173652694611,997,8.61584754262788
836,163,8.70574162679426,8.20858895705521,999,8.62462462462462
838,160,8.69331742243437,8.2,998,8.61422845691383
840,159,8.74285714285714,8.23270440251572,999,8.66166166166166
838,158,8.72076372315036,8.26582278481013,996,8.64859437751004
851,147,8.72150411280846,8.28571428571429,998,8.65731462925852
853,146,8.75381008206331,8.30821917808219,999,8.68868868868869
854,144,8.76346604215457,8.28472222222222,998,8.69438877755511
850,149,8.79647058823529,8.3489932885906,999,8.72972972972973
846,153,8.82151300236407,8.36601307189543,999,8.75175175175175
845,154,8.84970414201183,8.41558441558442,999,8.78278278278278
842,155,8.83847980997625,8.45161290322581,997,8.77833500501504
843,155,8.82680901542112,8.46451612903226,998,8.77054108216433
841,158,8.84304399524376,8.41772151898734,999,8.77577577577578
842,156,8.84916864608076,8.42948717948718,998,8.78356713426854
841,158,8.86444708680143,8.44936708860759,999,8.7987987987988
837,160,8.85304659498208,8.41875,997,8.78335005015045
840,159,8.84642857142857,8.48427672955975,999,8.78878878878879
844,155,8.84952606635071,8.45806451612903,999,8.78878878878879
843,154,8.83511269276394,8.47402597402597,997,8.77933801404213
850,149,8.83176470588235,8.51677852348993,999,8.78478478478478
848,150,8.82311320754717,8.55333333333333,998,8.78256513026052
850,148,8.86705882352941,8.56081081081081,998,8.82164328657315
845,153,8.87100591715976,8.56862745098039,998,8.82464929859719
852,146,8.88262910798122,8.6027397260274,998,8.84168336673347
858,141,8.86946386946387,8.57446808510638,999,8.82782782782783
856,143,8.88551401869159,8.58041958041958,999,8.84184184184184
853,145,8.87456037514654,8.64137931034483,998,8.84068136272545
848,151,8.8997641509434,8.64238410596026,999,8.86086086086086
851,147,8.90951821386604,8.63945578231293,998,8.86973947895792
856,142,8.9088785046729,8.63380281690141,998,8.86973947895792
849,150,8.91401648998822,8.60666666666667,999,8.86786786786787
851,148,8.94594594594595,8.64189189189189,999,8.9009009009009
849,150,8.95641931684334,8.58666666666667,999,8.9009009009009
844,154,8.96327014218009,8.57792207792208,998,8.90380761523046
841,155,8.97384066587396,8.55483870967742,996,8.90863453815261
839,160,8.96781883194279,8.5625,999,8.9029029029029
841,156,8.95481569560047,8.55128205128205,997,8.89167502507523
839,160,8.97497020262217,8.58125,999,8.91191191191191
840,159,8.97619047619048,8.58490566037736,999,8.91391391391391
840,157,8.99285714285714,8.60509554140127,997,8.93179538615848
845,152,9.01420118343195,8.6578947368421,997,8.95987963891675
849,150,9.00117785630153,8.68666666666667,999,8.95395395395395
849,150,9.00235571260306,8.66666666666667,999,8.95195195195195
840,159,8.98928571428571,8.71698113207547,999,8.94594594594595
844,155,8.97156398104265,8.72258064516129,999,8.93293293293293
843,156,8.96085409252669,8.72435897435897,999,8.92392392392392
839,159,8.95709177592372,8.77987421383648,998,8.92885771543086
835,163,8.94131736526946,8.84662576687117,998,8.92585170340681
839,160,8.94874851013111,8.8625,999,8.93493493493493
841,158,8.93697978596908,8.88607594936709,999,8.92892892892893
840,159,8.975,8.86163522012579,999,8.95695695695696
837,162,8.9689366786141,8.91358024691358,999,8.95995995995996
828,171,8.98913043478261,8.90058479532164,999,8.97397397397397
828,170,9.0012077294686,8.90588235294118,998,8.98496993987976
826,171,9.02058111380145,8.89473684210526,997,8.99899699097292
823,176,9.03402187120292,8.88636363636364,999,9.00800800800801
823,175,9.04860267314702,8.87428571428571,998,9.01803607214429
824,175,9.06796116504854,8.87428571428571,999,9.03403403403403
823,176,9.08505467800729,8.85795454545454,999,9.04504504504505
831,167,9.0806257521059,8.84431137724551,998,9.04108216432866
833,166,9.08163265306122,8.8433734939759,999,9.04204204204204
837,162,9.11469534050179,8.84567901234568,999,9.07107107107107
840,159,9.12857142857143,8.82389937106918,999,9.08008008008008
845,154,9.13254437869822,8.85064935064935,999,9.08908908908909
847,150,9.15466351829988,8.84,997,9.10732196589769
852,146,9.15962441314554,8.82876712328767,998,9.11122244488978
848,149,9.18160377358491,8.86577181208054,997,9.13440320962889
847,152,9.19480519480519,8.88815789473684,999,9.14814814814815
848,151,9.18396226415094,8.90728476821192,999,9.14214214214214
846,153,9.19858156028369,8.96732026143791,999,9.16316316316316
847,152,9.22786304604486,8.95394736842105,999,9.18618618618619
845,154,9.23905325443787,8.98051948051948,999,9.1991991991992
846,153,9.25059101654846,9.0,999,9.21221221221221
846,153,9.25059101654846,8.98692810457516,999,9.21021021021021
850,148,9.22705882352941,8.97972972972973,998,9.19038076152305
856,143,9.23130841121495,9.00699300699301,999,9.1991991991992
854,145,9.24824355971897,9.01379310344828,999,9.21421421421421
852,146,9.24413145539906,9.00684931506849,998,9.20941883767535
853,143,9.24384525205158,9.02797202797203,996,9.21285140562249
853,145,9.24384525205158,8.98620689655172,998,9.2064128256513
858,141,9.20862470862471,8.99290780141844,999,9.17817817817818
858,141,9.20629370629371,8.94326241134752,999,9.16916916916917
860,137,9.22441860465116,8.92700729927007,997,9.18355065195587
872,126,9.20298165137615,8.92857142857143,998,9.16833667334669
872,126,9.17660550458716,8.91269841269841,998,9.14328657314629
874,124,9.19908466819222,8.91129032258065,998,9.16332665330661
875,124,9.20571428571429,8.87903225806452,999,9.16516516516517
875,123,9.216,8.86991869918699,998,9.17334669338677
875,123,9.22628571428571,8.88617886178862,998,9.18436873747495
872,126,9.22362385321101,8.88095238095238,998,9.18036072144289
874,124,9.24485125858124,8.87096774193548,998,9.19839679358717
877,122,9.25313568985177,8.82786885245902,999,9.2012012012012
875,123,9.24685714285714,8.83739837398374,998,9.19639278557114
877,120,9.27251995438997,8.825,997,9.21865596790371
879,120,9.28327645051194,8.80833333333333,999,9.22622622622623
878,118,9.30751708428246,8.85593220338983,996,9.25401606425703
876,120,9.32648401826484,8.875,996,9.27208835341365
880,118,9.31590909090909,8.84745762711864,998,9.26052104208417
885,114,9.32655367231638,8.91228070175439,999,9.27927927927928
885,114,9.32090395480226,8.86842105263158,999,9.26926926926927
883,115,9.34994337485844,8.92173913043478,998,9.30060120240481
887,111,9.34498308906426,8.92792792792793,998,9.29859719438878
888,111,9.36824324324324,8.97297297297297,999,9.32432432432432
886,113,9.37923250564334,8.95575221238938,999,9.33133133133133
879,118,9.3811149032992,8.91525423728813,997,9.3259779338014
876,123,9.39041095890411,8.92682926829268,999,9.33333333333333
877,121,9.40136830102623,8.9504132231405,998,9.34669338677355
876,123,9.40867579908676,8.92682926829268,999,9.34934934934935
872,126,9.38990825688073,8.92857142857143,998,9.33166332665331
873,125,9.39977090492554,8.936,998,9.34168336673347
875,122,9.42285714285714,8.92622950819672,997,9.36208625877633
877,122,9.41619156214367,8.91803278688525,999,9.35535535535536
884,114,9.43891402714932,8.97368421052632,998,9.38577154308617
896,103,9.45870535714286,8.95145631067961,999,9.40640640640641
893,105,9.43784994400896,8.99047619047619,998,9.39078156312625
896,103,9.44196428571429,8.98058252427184,999,9.39439439439439
895,103,9.44692737430168,8.95145631067961,998,9.39579158316633
900,98,9.44,8.92857142857143,998,9.38977955911824
910,89,9.45824175824176,8.8876404494382,999,9.40740740740741
912,86,9.47149122807017,8.87209302325581,998,9.41983967935872
915,84,9.50819672131148,8.79761904761905,999,9.44844844844845
912,86,9.5,8.84883720930233,998,9.4438877755511
914,85,9.50765864332604,8.87058823529412,999,9.45345345345345
913,86,9.52573932092004,8.95348837209302,999,9.47647647647648
918,81,9.51525054466231,8.91358024691358,999,9.46646646646647
910,89,9.49230769230769,8.92134831460674,999,9.44144144144144
910,89,9.48241758241758,8.95505617977528,999,9.43543543543544
906,93,9.47902869757174,8.98924731182796,999,9.43343343343343
902,94,9.46563192904656,8.98936170212766,996,9.42068273092369
906,92,9.4514348785872,9.02173913043478,998,9.41182364729459
905,94,9.46961325966851,9.0531914893617,999,9.43043043043043
906,93,9.47019867549669,9.13978494623656,999,9.43943943943944
907,92,9.49173098125689,9.09782608695652,999,9.45545545545546
902,94,9.50443458980044,9.08510638297872,996,9.464859437751
900,99,9.50222222222222,9.05050505050505,999,9.45745745745746
901,97,9.49722530521643,9.06185567010309,998,9.45490981963928
905,94,9.51049723756906,9.08510638297872,999,9.47047047047047
903,96,9.5094130675526,9.0625,999,9.46646646646647
903,96,9.51384274640089,9.0625,999,9.47047047047047
903,95,9.51605758582503,8.97894736842105,998,9.46492985971944
909,89,9.51375137513751,9.06741573033708,998,9.47394789579158
912,87,9.50548245614035,9.08045977011494,999,9.46846846846847
911,88,9.5192096597146,9.07954545454546,999,9.48048048048048
916,81,9.52947598253275,9.11111111111111,997,9.49548645937814
911,88,9.54445664105379,9.10227272727273,999,9.50550550550551
915,84,9.54426229508197,9.13095238095238,999,9.50950950950951
916,83,9.53602620087336,9.10843373493976,999,9.5005005005005
919,80,9.52774755168662,9.1,999,9.49349349349349
920,77,9.525,9.1038961038961,997,9.49247743229689
922,76,9.53470715835141,9.19736842105263,998,9.50901803607214
920,77,9.53369565217391,9.14285714285714,997,9.50351053159478
919,79,9.5310119695321,9.21518987341772,998,9.5060120240481
919,79,9.53645266594124,9.24050632911392,998,9.51302605210421
911,87,9.53787047200878,9.19540229885057,998,9.50801603206413
915,84,9.52677595628415,9.21428571428571,999,9.5005005005005
915,84,9.54426229508197,9.29761904761905,999,9.52352352352352
917,82,9.54307524536532,9.24390243902439,999,9.51851851851852
923,76,9.54496208017335,9.30263157894737,999,9.52652652652653
923,75,9.54496208017335,9.33333333333333,998,9.52905811623246
921,77,9.53420195439739,9.33766233766234,998,9.5190380761523
918,81,9.5479302832244,9.35802469135803,999,9.53253253253253
925,73,9.55027027027027,9.24657534246575,998,9.52805611222445
931,68,9.55102040816327,9.22058823529412,999,9.52852852852853
932,65,9.55472103004292,9.21538461538461,997,9.53259779338014
936,63,9.55982905982906,9.12698412698413,999,9.53253253253253
938,60,9.56609808102345,9.06666666666667,998,9.53607214428858
938,61,9.57356076759062,9.08196721311475,999,9.54354354354354
935,64,9.58502673796792,9.03125,999,9.54954954954955
937,62,9.60298826040555,9.01612903225806,999,9.56656656656657
935,64,9.62139037433155,8.984375,999,9.58058058058058
938,61,9.63539445628998,9.0,999,9.5965965965966
938,60,9.61407249466951,9.08333333333333,998,9.58216432865732
938,61,9.6183368869936,9.11475409836066,999,9.58758758758759
936,63,9.61965811965812,9.15873015873016,999,9.59059059059059
937,61,9.60405549626467,9.16393442622951,998,9.57715430861724
932,64,9.61266094420601,9.125,996,9.58132530120482
933,62,9.62915326902465,9.14516129032258,995,9.59899497487437
928,70,9.62715517241379,9.18571428571429,998,9.59619238476954
923,75,9.62838569880823,9.17333333333333,998,9.59418837675351
918,81,9.62527233115468,9.19753086419753,999,9.59059059059059
919,79,9.63003264417845,9.26582278481013,998,9.60120240480962
911,87,9.62239297475302,9.28735632183908,998,9.59318637274549
915,83,9.62404371584699,9.33734939759036,998,9.6002004008016
916,82,9.64628820960699,9.32926829268293,998,9.62024048096192
917,80,9.64013086150491,9.3,997,9.61283851554664
917,81,9.65321701199564,9.33333333333333,998,9.62725450901804
919,80,9.6550598476605,9.3,999,9.62662662662663
919,80,9.67029379760609,9.3,999,9.64064064064064
916,82,9.68231441048035,9.28048780487805,998,9.64929859719439
911,85,9.6794731064764,9.29411764705882,996,9.64658634538153
924,75,9.7034632034632,9.26666666666667,999,9.67067067067067
926,73,9.69222462203024,9.26027397260274,999,9.66066066066066
925,73,9.70054054054054,9.26027397260274,998,9.66833667334669
926,73,9.69978401727862,9.3013698630137,999,9.67067067067067
924,74,9.70670995670996,9.2972972972973,998,9.67635270541082
925,73,9.71027027027027,9.31506849315068,998,9.6813627254509
933,65,9.71489817792069,9.24615384615385,998,9.68436873747495
934,65,9.72483940042827,9.27692307692308,999,9.6956956956957
934,63,9.73126338329764,9.15873015873016,997,9.6950852557673
930,68,9.73870967741935,9.14705882352941,998,9.69839679358717
931,68,9.74436090225564,9.08823529411765,999,9.6996996996997
932,67,9.74141630901287,9.16417910447761,999,9.7027027027027
929,69,9.74058127018299,9.17391304347826,998,9.70140280561122
922,76,9.7472885032538,9.22368421052632,998,9.70741482965932
922,75,9.74620390455531,9.24,997,9.70812437311936
925,73,9.74594594594595,9.26027397260274,998,9.71042084168337
927,72,9.73247033441208,9.27777777777778,999,9.6996996996997
929,68,9.73304628632939,9.30882352941176,997,9.70411233701103
926,73,9.72570194384449,9.28767123287671,999,9.69369369369369
929,70,9.73304628632939,9.34285714285714,999,9.70570570570571
929,70,9.74165769644779,9.31428571428571,999,9.71171171171171
929,69,9.74381054897739,9.27536231884058,998,9.71142284569138
931,68,9.74758324382385,9.25,999,9.71371371371371
931,65,9.75402792696026,9.2,996,9.71787148594377
937,62,9.74066168623266,9.17741935483871,999,9.70570570570571
938,60,9.74626865671642,9.2,998,9.71342685370741
936,63,9.73824786324786,9.17460317460317,999,9.7027027027027
937,61,9.72678762006403,9.11475409836066,998,9.68937875751503
941,58,9.73113708820404,9.18965517241379,999,9.6996996996997
941,57,9.71625929861849,9.17543859649123,998,9.68537074148297
940,59,9.71276595744681,9.1864406779661,999,9.68168168168168
942,56,9.71019108280255,9.19642857142857,998,9.6813627254509
943,55,9.71580063626723,9.23636363636364,998,9.68937875751503
942,56,9.70594479830149,9.25,998,9.68036072144289
945,54,9.7005291005291,9.25925925925926,999,9.67667667667668
947,52,9.70116156282999,9.28846153846154,999,9.67967967967968
946,52,9.70507399577167,9.28846153846154,998,9.68336673346693
947,51,9.71911298838437,9.27450980392157,998,9.69639278557114
945,54,9.71428571428571,9.25925925925926,999,9.68968968968969
944,54,9.70868644067797,9.2962962962963,998,9.68637274549098
942,56,9.71549893842887,9.26785714285714,998,9.69038076152305
940,57,9.70106382978723,9.28070175438597,997,9.67703109327984
943,55,9.70943796394486,9.32727272727273,998,9.68837675350701
943,55,9.73594909862142,9.38181818181818,998,9.71643286573146
940,58,9.73723404255319,9.41379310344828,998,9.71843687374749
938,60,9.73560767590618,9.41666666666667,998,9.71643286573146
936,63,9.75641025641026,9.47619047619048,999,9.73873873873874
939,59,9.76570820021299,9.4406779661017,998,9.74649298597194
940,59,9.76276595744681,9.45762711864407,999,9.74474474474474
939,60,9.76996805111821,9.5,999,9.75375375375375
939,59,9.77316293929712,9.5593220338983,998,9.76052104208417
938,58,9.78251599147121,9.60344827586207,996,9.77208835341365
940,59,9.78085106382979,9.61016949152542,999,9.77077077077077
940,59,9.78191489361702,9.59322033898305,999,9.77077077077077
942,57,9.79087048832272,9.54385964912281,999,9.77677677677678
942,57,9.78980891719745,9.56140350877193,999,9.77677677677678
942,57,9.79299363057325,9.56140350877193,999,9.77977977977978
941,57,9.78958554729012,9.50877192982456,998,9.77354709418838
945,53,9.78835978835979,9.43396226415094,998,9.76953907815631
940,57,9.80106382978723,9.43859649122807,997,9.78034102306921
944,52,9.79978813559322,9.42307692307692,996,9.78012048192771
940,59,9.80106382978723,9.40677966101695,999,9.77777777777778
946,52,9.80126849894292,9.36538461538461,998,9.77855711422846
946,53,9.80443974630021,9.30188679245283,999,9.77777777777778
945,54,9.80846560846561,9.27777777777778,999,9.77977977977978
953,46,9.81007345225603,9.23913043478261,999,9.78378378378378
949,50,9.80821917808219,9.2,999,9.77777777777778
947,52,9.80675818373812,9.19230769230769,999,9.77477477477477
949,48,9.79346680716544,9.20833333333333,997,9.76529588766299
947,52,9.8025343189018,9.19230769230769,999,9.77077077077077
950,49,9.79894736842105,9.26530612244898,999,9.77277277277277
949,50,9.80295047418335,9.26,999,9.77577577577578
947,52,9.80042238648363,9.28846153846154,999,9.77377377377377
949,50,9.79768177028451,9.3,999,9.77277277277277
945,54,9.79259259259259,9.27777777777778,999,9.76476476476476
947,52,9.80042238648363,9.19230769230769,999,9.76876876876877
946,52,9.79492600422833,9.21153846153846,998,9.76452905811623
949,48,9.79768177028451,9.14583333333333,997,9.76629889669007
945,54,9.81058201058201,9.14814814814815,999,9.77477477477477
944,54,9.80614406779661,9.11111111111111,998,9.7685370741483
941,57,9.81296493092455,9.14035087719298,998,9.77454909819639
943,54,9.80805938494168,9.09259259259259,997,9.76930792377131
946,53,9.81606765327696,9.16981132075472,999,9.78178178178178
946,53,9.80232558139535,9.15094339622642,999,9.76776776776777
946,53,9.80972515856237,9.11320754716981,999,9.77277277277277
945,51,9.82116402116402,9.13725490196078,996,9.78614457831325
944,53,9.80826271186441,9.13207547169811,997,9.77231695085256
942,57,9.81634819532909,9.03508771929824,999,9.77177177177177
950,49,9.81368421052632,8.95918367346939,999,9.77177177177177
951,48,9.81913774973712,8.89583333333333,999,9.77477477477477
954,45,9.82704402515723,8.86666666666667,999,9.78378378378378
957,42,9.82758620689655,8.80952380952381,999,9.78478478478478
954,44,9.83752620545073,8.84090909090909,998,9.7935871743487
956,43,9.84100418410042,8.86046511627907,999,9.7987987987988
955,43,9.83769633507853,8.83720930232558,998,9.79458917835671
955,43,9.84188481675393,8.81395348837209,998,9.79759519038076
954,45,9.84067085953878,8.86666666666667,999,9.7967967967968
950,49,9.84105263157895,8.87755102040816,999,9.79379379379379
949,50,9.84299262381454,8.98,999,9.7997997997998
951,48,9.83491062039958,9.04166666666667,999,9.7967967967968
948,51,9.84071729957806,9.11764705882353,999,9.8038038038038
948,50,9.83544303797468,9.08,998,9.79759519038076
945,53,9.84232804232804,9.07547169811321,998,9.80160320641283
944,55,9.84216101694915,9.10909090909091,999,9.8018018018018
940,58,9.83617021276596,9.12068965517241,998,9.79458917835671
945,54,9.83915343915344,9.07407407407407,999,9.7977977977978
943,56,9.84093319194061,9.14285714285714,999,9.8018018018018
942,57,9.84501061571125,9.07017543859649,999,9.8008008008008
946,53,9.84989429175476,9.07547169811321,999,9.80880880880881
950,49,9.84421052631579,9.02040816326531,999,9.8038038038038
945,53,9.85291005291005,9.0,998,9.80761523046092
945,53,9.85079365079365,8.9622641509434,998,9.80360721442886
946,53,9.85200845665962,8.9622641509434,999,9.8048048048048
941,56,9.85972369819341,8.91071428571429,997,9.80641925777332
946,52,9.85835095137421,8.92307692307692,998,9.80961923847695
942,55,9.85987261146497,8.90909090909091,997,9.8074222668004
941,58,9.86928799149841,8.89655172413793,999,9.81281281281281
944,54,9.86970338983051,8.94444444444444,998,9.81963927855711
943,54,9.87168610816543,8.88888888888889,997,9.81845536609829
943,55,9.87380699893956,8.96363636363636,998,9.82364729458918
943,55,9.87168610816543,8.94545454545455,998,9.82064128256513
943,55,9.87698833510074,8.90909090909091,998,9.82364729458918
949,49,9.87565858798735,8.93877551020408,998,9.82965931863727
943,54,9.88229056203605,8.94444444444444,997,9.83149448345035
950,49,9.88736842105263,8.93877551020408,999,9.84084084084084
946,52,9.89006342494715,8.94230769230769,998,9.84068136272545
948,51,9.88396624472574,8.98039215686275,999,9.83783783783784
944,54,9.88347457627119,8.98148148148148,998,9.83466933867735
947,51,9.88489968321014,8.92156862745098,998,9.83567134268537
949,50,9.8872497365648,8.88,999,9.83683683683684
945,54,9.88359788359788,8.87037037037037,999,9.82882882882883
952,47,9.88760504201681,8.91489361702128,999,9.84184184184184
954,45,9.89098532494759,8.95555555555556,999,9.84884884884885
954,45,9.89622641509434,8.91111111111111,999,9.85185185185185
961,37,9.89594172736733,9.05405405405405,998,9.86472945891784
966,32,9.89337474120083,9.03125,998,9.86573146292585
970,29,9.89896907216495,9.03448275862069,999,9.87387387387387
971,28,9.90628218331617,9.07142857142857,999,9.88288288288288
972,27,9.90946502057613,9.03703703703704,999,9.88588588588589
972,27,9.91152263374486,9.14814814814815,999,9.89089089089089
969,29,9.91228070175439,9.20689655172414,998,9.89178356713427
970,28,9.91237113402062,9.25,998,9.8937875751503
969,30,9.91228070175439,9.26666666666667,999,9.89289289289289
968,31,9.91219008264463,9.29032258064516,999,9.89289289289289
971,28,9.91555097837281,9.42857142857143,999,9.9019019019019
970,25,9.91134020618557,9.48,995,9.90050251256281
970,29,9.90824742268041,9.48275862068965,999,9.8958958958959
971,28,9.90628218331617,9.5,999,9.89489489489489
969,29,9.90299277605779,9.55172413793103,998,9.89278557114229
970,29,9.90515463917526,9.51724137931035,999,9.89389389389389
969,30,9.90815273477812,9.5,999,9.8958958958959
969,28,9.90402476780186,9.42857142857143,997,9.89067201604814
964,31,9.91286307053942,9.38709677419355,995,9.8964824120603
967,32,9.91416752843847,9.3125,999,9.89489489489489
965,34,9.92227979274611,9.26470588235294,999,9.8998998998999
963,36,9.92731048805815,9.30555555555556,999,9.9049049049049
964,34,9.92738589211618,9.23529411764706,998,9.90380761523046
963,35,9.92523364485981,9.2,998,9.8997995991984
964,34,9.92427385892116,9.26470588235294,998,9.90180360721443
965,31,9.92020725388601,9.35483870967742,996,9.90261044176707
968,30,9.92355371900826,9.4,998,9.90781563126252
969,30,9.92466460268318,9.46666666666667,999,9.91091091091091
965,31,9.92020725388601,9.48387096774194,996,9.9066265060241
967,31,9.92140641158221,9.54838709677419,998,9.90981963927856
968,31,9.92665289256198,9.54838709677419,999,9.91491491491491
973,26,9.92291880781089,9.61538461538461,999,9.91491491491491
974,25,9.92813141683778,9.6,999,9.91991991991992
973,26,9.92497430626927,9.61538461538461,999,9.91691691691692
976,23,9.93237704918033,9.56521739130435,999,9.92392392392392
977,21,9.92732855680655,9.52380952380952,998,9.9188376753507
979,20,9.93360572012257,9.55,999,9.92592592592593
979,20,9.93462717058223,9.55,999,9.92692692692693
981,17,9.93679918450561,9.64705882352941,998,9.93186372745491
979,19,9.93360572012257,9.57894736842105,998,9.92685370741483
979,20,9.93156281920327,9.5,999,9.92292292292292
981,18,9.93577981651376,9.44444444444444,999,9.92692692692693
976,19,9.92827868852459,9.26315789473684,995,9.91557788944724
976,21,9.92930327868852,9.33333333333333,997,9.91675025075226
979,20,9.92849846782431,9.3,999,9.91591591591592
979,20,9.92645556690501,9.3,999,9.91391391391391
981,18,9.927624872579,9.44444444444444,999,9.91891891891892
979,20,9.9244126659857,9.4,999,9.91391391391391
980,19,9.93163265306123,9.47368421052632,999,9.92292292292292
977,20,9.92528147389969,9.4,997,9.91474423269809
977,20,9.92221084953941,9.4,997,9.91173520561685
980,18,9.91428571428571,9.44444444444444,998,9.90581162324649
979,19,9.91419816138917,9.47368421052632,998,9.90581162324649
977,20,9.91197543500512,9.5,997,9.9037111334002
979,18,9.91317671092952,9.33333333333333,997,9.90270812437312
982,17,9.91446028513238,9.29411764705882,999,9.9039039039039
980,17,9.91326530612245,9.29411764705882,997,9.90270812437312
981,16,9.91131498470948,9.25,997,9.90070210631896
982,15,9.91140529531568,9.33333333333333,997,9.90270812437312
984,14,9.91361788617886,9.42857142857143,998,9.90681362725451
981,17,9.90621814475026,9.41176470588235,998,9.89779559118236
981,18,9.91539245667686,9.44444444444444,999,9.90690690690691
978,19,9.9079754601227,9.47368421052632,997,9.89969909729188
981,17,9.9072375127421,9.41176470588235,998,9.89879759519038
980,18,9.91224489795918,9.44444444444444,998,9.90380761523046
980,19,9.91122448979592,9.36842105263158,999,9.9009009009009
981,18,9.9072375127421,9.33333333333333,999,9.8968968968969
982,17,9.91242362525458,9.52941176470588,999,9.90590590590591
982,17,9.91649694501018,9.64705882352941,999,9.91191191191191
981,16,9.92558613659531,9.75,997,9.92276830491474
983,16,9.92573753814852,9.75,999,9.92292292292292
983,16,9.92370295015259,9.875,999,9.92292292292292
987,12,9.92806484295846,9.83333333333333,999,9.92692692692693
984,12,9.92784552845528,10.0,996,9.92871485943775
987,11,9.9290780141844,10.0,998,9.92985971943888
986,11,9.92799188640974,10.0,997,9.92878635907723
989,10,9.93023255813953,10.0,999,9.93093093093093
987,11,9.93009118541034,10.0,998,9.93086172344689
983,13,9.92675483214649,10.0,996,9.92771084337349
984,13,9.93292682926829,10.0,997,9.93380140421264
983,15,9.93082400813835,10.0,998,9.93186372745491
988,11,9.93016194331984,10.0,999,9.93093093093093
986,13,9.9340770791075,10.0,999,9.93493493493493
985,13,9.93705583756345,10.0,998,9.93787575150301
986,13,9.93509127789047,10.0,999,9.93593593593594
987,12,9.94427558257346,10.0,999,9.94494494494494
989,10,9.94135490394338,10.0,999,9.94194194194194
988,10,9.94331983805668,10.0,998,9.9438877755511
989,9,9.94034378159757,10.0,998,9.94088176352705
990,9,9.94747474747475,10.0,999,9.94794794794795
989,9,9.94944388270981,10.0,998,9.9498997995992
983,11,9.94811800610376,10.0,994,9.94869215291751
988,11,9.94736842105263,10.0,999,9.94794794794795
984,14,9.94410569105691,10.0,998,9.94488977955912
987,11,9.94427558257346,10.0,998,9.94488977955912
986,12,9.94117647058824,10.0,998,9.94188376753507
987,12,9.94123606889564,10.0,999,9.94194194194194
986,13,9.9421906693712,10.0,999,9.94294294294294
986,13,9.93813387423935,10.0,999,9.93893893893894
984,14,9.9380081300813,10.0,998,9.93887775551102
983,14,9.93489318413021,10.0,997,9.9358074222668
984,15,9.92886178861789,10.0,999,9.92992992992993
983,15,9.92777212614446,10.0,998,9.92885771543086
983,16,9.93184130213632,10.0,999,9.93293293293293
984,15,9.92682926829268,10.0,999,9.92792792792793
983,16,9.92573753814852,10.0,999,9.92692692692693
982,15,9.92464358452139,10.0,997,9.92577733199599
983,15,9.92166836215666,10.0,998,9.92284569138276
983,15,9.9206510681587,10.0,998,9.92184368737475
981,17,9.92660550458716,10.0,998,9.92785571142285
980,17,9.92959183673469,10.0,997,9.93079237713139
980,17,9.93163265306123,10.0,997,9.93279839518556
982,17,9.93482688391039,10.0,999,9.93593593593594
978,20,9.93660531697341,10.0,998,9.93787575150301
980,19,9.93061224489796,10.0,999,9.93193193193193
980,19,9.93265306122449,10.0,999,9.93393393393393
979,20,9.92849846782431,10.0,999,9.92992992992993
975,23,9.93333333333333,10.0,998,9.93486973947896
977,22,9.93346980552712,10.0,999,9.93493493493493
975,23,9.93333333333333,10.0,998,9.93486973947896
975,24,9.93538461538462,10.0,999,9.93693693693694
972,26,9.9320987654321,10.0,998,9.93386773547094
973,26,9.93833504624872,10.0,999,9.93993993993994
972,27,9.93518518518519,10.0,999,9.93693693693694
968,30,9.93801652892562,10.0,998,9.93987975951904
968,31,9.93285123966942,10.0,999,9.93493493493493
967,32,9.9358841778697,10.0,999,9.93793793793794
966,31,9.93581780538302,10.0,997,9.93781344032096
969,30,9.9360165118679,10.0,999,9.93793793793794
967,32,9.93795243019648,10.0,999,9.93993993993994
965,32,9.93471502590674,10.0,997,9.93681043129388
964,35,9.93257261410788,10.0,999,9.93493493493493
963,35,9.93354101765317,10.0,998,9.93587174348697
958,38,9.92797494780793,10.0,996,9.93072289156627
963,36,9.93354101765317,10.0,999,9.93593593593594
964,34,9.93360995850622,10.0,998,9.93587174348697
963,36,9.93665628245068,10.0,999,9.93893893893894
965,34,9.93989637305699,10.0,999,9.94194194194194
963,35,9.93769470404984,10.0,998,9.93987975951904
963,35,9.93977154724818,10.0,998,9.94188376753507
966,33,9.93685300207039,10.0,999,9.93893893893894
967,31,9.9358841778697,10.0,998,9.93787575150301
967,32,9.93485005170631,10.0,999,9.93693693693694
969,30,9.92982456140351,10.0,999,9.93193193193193
966,33,9.93374741200828,10.0,999,9.93593593593594
965,34,9.94300518134715,10.0,999,9.94494494494494
968,31,9.94421487603306,10.0,999,9.94594594594595
971,27,9.94541709577755,10.0,998,9.94689378757515
970,28,9.94536082474227,10.0,998,9.94689378757515
967,31,9.9482936918304,10.0,998,9.9498997995992
965,32,9.95647668393782,10.0,997,9.95787362086259
964,34,9.95746887966805,10.0,998,9.95891783567134
964,34,9.95850622406639,10.0,998,9.95991983967936
962,35,9.95634095634096,10.0,997,9.95787362086259
963,34,9.95534787123572,10.0,997,9.95687061183551
963,35,9.96157840083074,10.0,998,9.96292585170341
966,33,9.95755693581781,10.0,999,9.95895895895896
961,36,9.9573361082206,10.0,997,9.95887662988967
962,36,9.95841995841996,10.0,998,9.95991983967936
957,41,9.95506792058516,10.0,998,9.95691382765531
962,35,9.95322245322245,10.0,997,9.95486459378134
965,33,9.95440414507772,10.0,998,9.95591182364729
966,33,9.95755693581781,10.0,999,9.95895895895896
959,37,9.95724713242961,10.0,996,9.95883534136546
963,35,9.95638629283489,10.0,998,9.95791583166333
958,39,9.95720250521921,10.0,997,9.95887662988967
961,38,9.95629552549428,10.0,999,9.95795795795796
965,34,9.95440414507772,10.0,999,9.95595595595596
967,32,9.95243019648397,10.0,999,9.95395395395395
964,34,9.95331950207469,10.0,998,9.95490981963928
967,30,9.95139607032058,10.0,997,9.95285857572718
967,32,9.95346432264736,10.0,999,9.95495495495495
965,34,9.95440414507772,10.0,999,9.95595595595596
966,32,9.95341614906832,10.0,998,9.95490981963928
967,31,9.95139607032058,10.0,998,9.95290581162325
966,32,9.95031055900621,10.0,998,9.95190380761523
966,31,9.95031055900621,10.0,997,9.9518555667001
968,30,9.94628099173554,10.0,998,9.94789579158317
969,30,9.95149638802889,10.0,999,9.95295295295295
968,28,9.95764462809917,10.0,996,9.95883534136546
970,29,9.96082474226804,10.0,999,9.96196196196196
970,29,9.96288659793814,10.0,999,9.96396396396396
968,31,9.96280991735537,10.0,999,9.96396396396396
966,33,9.96376811594203,10.0,999,9.96496496496496
968,31,9.96487603305785,10.0,999,9.96596596596597
971,27,9.96601441812564,10.0,998,9.96693386773547
976,23,9.96311475409836,10.0,999,9.96396396396396
975,24,9.96512820512821,10.0,999,9.96596596596597
974,24,9.96611909650924,10.0,998,9.96693386773547
975,23,9.96410256410256,10.0,998,9.96492985971944
975,22,9.96820512820513,10.0,997,9.96890672016048
976,22,9.9702868852459,10.0,998,9.97094188376754
973,25,9.97019527235355,10.0,998,9.97094188376754
975,23,9.97128205128205,10.0,998,9.97194388777555
973,25,9.9743062692703,10.0,998,9.9749498997996
971,27,9.97322348094748,10.0,998,9.97394789579158
973,26,9.9743062692703,10.0,999,9.97497497497497
971,26,9.97631307929969,10.0,997,9.97693079237713
974,24,9.97946611909651,10.0,998,9.97995991983968
972,25,9.98045267489712,10.0,997,9.98094282848546
970,29,9.98144329896907,10.0,999,9.98198198198198
966,31,9.98136645962733,10.0,997,9.98194583751254
963,34,9.97923156801662,10.0,997,9.97993981945837
961,36,9.98022892819979,10.0,997,9.98094282848546
960,39,9.97916666666667,10.0,999,9.97997997997998
957,40,9.9791013584117,10.0,997,9.97993981945837
957,42,9.97701149425287,10.0,999,9.97797797797798
954,44,9.979035639413,10.0,998,9.97995991983968
957,42,9.9791013584117,10.0,999,9.97997997997998
958,40,9.97494780793319,10.0,998,9.97595190380762
955,44,9.97591623036649,10.0,999,9.97697697697698
952,46,9.97478991596639,10.0,998,9.97595190380762
950,48,9.97578947368421,10.0,998,9.97695390781563
947,49,9.97571277719113,10.0,996,9.97690763052209
951,48,9.97581493165089,10.0,999,9.97697697697698
954,45,9.97589098532495,10.0,999,9.97697697697698
951,47,9.97476340694006,10.0,998,9.97595190380762
948,48,9.97679324894515,10.0,996,9.97791164658635
951,47,9.97791798107255,10.0,998,9.97895791583166
953,46,9.97901364113326,10.0,999,9.97997997997998
952,47,9.98214285714286,10.0,999,9.98298298298298
953,46,9.98216159496327,10.0,999,9.98298298298298
953,45,9.98321091290661,10.0,998,9.98396793587174
952,44,9.98529411764706,10.0,996,9.9859437751004
955,44,9.98848167539267,10.0,999,9.98898898898899
954,45,9.9895178197065,10.0,999,9.98998998998999
956,42,9.98849372384937,10.0,998,9.98897795591182
958,41,9.99060542797495,10.0,999,9.99099099099099
959,39,9.99061522419187,10.0,998,9.99098196392786
964,35,9.98858921161826,10.0,999,9.98898898898899
964,35,9.99066390041494,10.0,999,9.99099099099099
961,37,9.98855359001041,10.0,998,9.98897795591182
965,32,9.98652849740933,10.0,997,9.98696088264794
965,34,9.98445595854922,10.0,999,9.98498498498498
966,32,9.98447204968944,10.0,998,9.98496993987976
962,36,9.98648648648649,10.0,998,9.98697394789579
966,32,9.98447204968944,10.0,998,9.98496993987976
965,33,9.98860103626943,10.0,998,9.98897795591182
964,34,9.98858921161826,10.0,998,9.98897795591182
964,35,9.98547717842324,10.0,999,9.98598598598599
964,35,9.98651452282158,10.0,999,9.98698698698699
962,36,9.98752598752599,10.0,998,9.98797595190381
965,34,9.98652849740933,10.0,999,9.98698698698699
965,34,9.98756476683938,10.0,999,9.98798798798799
963,36,9.9865005192108,10.0,999,9.98698698698699
963,35,9.98546209761163,10.0,998,9.98597194388778
964,34,9.98651452282158,10.0,998,9.98697394789579
968,31,9.98760330578512,10.0,999,9.98798798798799
969,30,9.98761609907121,10.0,999,9.98798798798799
968,30,9.98760330578512,10.0,998,9.98797595190381
968,31,9.98657024793388,10.0,999,9.98698698698699
966,33,9.98654244306418,10.0,999,9.98698698698699
967,32,9.9875904860393,10.0,999,9.98798798798799
965,31,9.98756476683938,10.0,996,9.98795180722892
969,30,9.98555211558308,10.0,999,9.98598598598599
967,32,9.98862461220269,10.0,999,9.98898898898899
964,33,9.98858921161826,10.0,997,9.98896690070211
966,32,9.98964803312629,10.0,998,9.98997995991984
967,32,9.98862461220269,10.0,999,9.98898898898899
964,34,9.98858921161826,10.0,998,9.98897795591182
961,36,9.99063475546306,10.0,997,9.99097291875627
961,37,9.98959417273673,10.0,998,9.98997995991984
957,38,9.98850574712644,10.0,995,9.98894472361809
960,39,9.99166666666667,10.0,999,9.99199199199199
959,40,9.99374348279458,10.0,999,9.99399399399399
959,39,9.99165797705944,10.0,998,9.99198396793587
958,40,9.99269311064718,10.0,998,9.99298597194389
959,39,9.99270072992701,10.0,998,9.99298597194389
958,41,9.9937369519833,10.0,999,9.99399399399399
961,38,9.99479708636837,10.0,999,9.99499499499499
959,39,9.99374348279458,10.0,998,9.9939879759519
961,38,9.99375650364204,10.0,999,9.99399399399399
961,37,9.99271592091571,10.0,998,9.99298597194389
959,39,9.99478623566215,10.0,998,9.99498997995992
958,40,9.99478079331942,10.0,998,9.99498997995992
961,38,9.99479708636837,10.0,999,9.99499499499499
962,37,9.99480249480249,10.0,999,9.99499499499499
963,36,9.99688473520249,10.0,999,9.996996996997
964,35,9.99688796680498,10.0,999,9.996996996997
963,36,9.99688473520249,10.0,999,9.996996996997
964,35,9.99688796680498,10.0,999,9.996996996997
961,37,9.99687825182102,10.0,998,9.99699398797595
960,38,9.996875,10.0,998,9.99699398797595
958,40,9.99791231732777,10.0,998,9.99799599198397
957,40,9.99791013584117,10.0,997,9.99799398194584
952,45,9.9968487394958,10.0,997,9.99699097291876
955,43,9.99685863874346,10.0,998,9.99699398797595
959,40,9.99582898852972,10.0,999,9.995995995996
960,38,9.99583333333333,10.0,998,9.99599198396794
959,40,9.99687174139729,10.0,999,9.996996996997
958,41,9.99686847599165,10.0,999,9.996996996997
960,39,9.996875,10.0,999,9.996996996997
961,38,9.99791883454735,10.0,999,9.997997997998
960,36,9.996875,10.0,996,9.99698795180723
963,36,9.99688473520249,10.0,999,9.996996996997
962,37,9.9968814968815,10.0,999,9.996996996997
965,34,9.99585492227979,10.0,999,9.995995995996
962,36,9.995841995842,10.0,998,9.99599198396794
962,37,9.99480249480249,10.0,999,9.99499499499499
959,39,9.99478623566215,10.0,998,9.99498997995992
956,40,9.99476987447699,10.0,996,9.99497991967871
958,40,9.99478079331942,10.0,998,9.99498997995992
955,43,9.99371727748691,10.0,998,9.9939879759519
953,44,9.99580272822665,10.0,997,9.99598796389168
953,46,9.99580272822665,10.0,999,9.995995995996
954,44,9.99475890985325,10.0,998,9.99498997995992
957,41,9.99477533960293,10.0,998,9.99498997995992
959,40,9.99478623566215,10.0,999,9.99499499499499
961,38,9.99479708636837,10.0,999,9.99499499499499
963,36,9.99376947040498,10.0,999,9.99399399399399
963,36,9.99480789200415,10.0,999,9.99499499499499
964,34,9.99585062240664,10.0,998,9.99599198396794
964,32,9.9948132780083,10.0,996,9.99497991967871
967,31,9.99793174767322,10.0,998,9.99799599198397
966,33,10.0,10.0,999,10.0
963,35,10.0,10.0,998,10.0
964,35,10.0,10.0,999,10.0
961,37,10.0,10.0,998,10.0
963,35,10.0,10.0,998,10.0
963,36,10.0,10.0,999,10.0
963,36,10.0,10.0,999,10.0
964,33,10.0,10.0,997,10.0
965,34,10.0,10.0,999,10.0
965,34,10.0,10.0,999,10.0
964,34,10.0,10.0,998,10.0
965,34,10.0,10.0,999,10.0
963,36,10.0,10.0,999,10.0
961,37,10.0,10.0,998,10.0
963,36,10.0,10.0,999,10.0
962,36,10.0,10.0,998,10.0
958,40,10.0,10.0,998,10.0
957,40,10.0,10.0,997,10.0
954,45,10.0,10.0,999,10.0
953,44,10.0,10.0,997,10.0
952,45,10.0,10.0,997,10.0
956,43,10.0,10.0,999,10.0
955,44,10.0,10.0,999,10.0
952,46,10.0,10.0,998,10.0
947,51,10.0,10.0,998,10.0
947,52,10.0,10.0,999,10.0
951,48,10.0,10.0,999,10.0
951,48,10.0,10.0,999,10.0
948,51,10.0,10.0,999,10.0
955,44,10.0,10.0,999,10.0
952,47,10.0,10.0,999,10.0
953,46,10.0,10.0,999,10.0
959,40,10.0,10.0,999,10.0
957,42,10.0,10.0,999,10.0
957,42,10.0,10.0,999,10.0
958,41,10.0,10.0,999,10.0
958,41,10.0,10.0,999,10.0
958,39,10.0,10.0,997,10.0
959,39,10.0,10.0,998,10.0
959,38,10.0,10.0,997,10.0
963,36,10.0,10.0,999,10.0
964,35,10.0,10.0,999,10.0
968,31,10.0,10.0,999,10.0
964,35,10.0,10.0,999,10.0
965,33,10.0,10.0,998,10.0
963,35,10.0,10.0,998,10.0
966,33,10.0,10.0,999,10.0
963,34,10.0,10.0,997,10.0
965,34,10.0,10.0,999,10.0
964,34,10.0,10.0,998,10.0
964,35,10.0,10.0,999,10.0
960,38,10.0,10.0,998,10.0
966,33,10.0,10.0,999,10.0
964,33,10.0,10.0,997,10.0
964,33,10.0,10.0,997,10.0
965,34,10.0,10.0,999,10.0
965,34,10.0,10.0,999,10.0
964,35,10.0,10.0,999,10.0
962,36,10.0,10.0,998,10.0
963,35,10.0,10.0,998,10.0
966,33,10.0,10.0,999,10.0
966,33,10.0,10.0,999,10.0
967,32,10.0,10.0,999,10.0
964,34,10.0,10.0,998,10.0
966,33,10.0,10.0,999,10.0
961,37,10.0,10.0,998,10.0
962,37,10.0,10.0,999,10.0
961,38,10.0,10.0,999,10.0
962,36,10.0,10.0,998,10.0
962,37,10.0,10.0,999,10.0
962,37,10.0,10.0,999,10.0
963,36,10.0,10.0,999,10.0
962,36,10.0,10.0,998,10.0
961,37,10.0,10.0,998,10.0
960,39,10.0,10.0,999,10.0
955,43,10.0,10.0,998,10.0
957,41,10.0,10.0,998,10.0
959,40,10.0,10.0,999,10.0
958,40,10.0,10.0,998,10.0
959,39,10.0,10.0,998,10.0
959,40,10.0,10.0,999,10.0
961,37,10.0,10.0,998,10.0
960,39,10.0,10.0,999,10.0
959,39,10.0,10.0,998,10.0
961,36,10.0,10.0,997,10.0
960,38,10.0,10.0,998,10.0
958,41,10.0,10.0,999,10.0
957,40,10.0,10.0,997,10.0
955,43,10.0,10.0,998,10.0
959,40,10.0,10.0,999,10.0
957,42,10.0,10.0,999,10.0
955,44,10.0,10.0,999,10.0
953,46,10.0,10.0,999,10.0
951,46,10.0,10.0,997,10.0
953,45,10.0,10.0,998,10.0
952,46,10.0,10.0,998,10.0
950,48,10.0,10.0,998,10.0
949,50,10.0,10.0,999,10.0
947,50,10.0,10.0,997,10.0
948,51,10.0,10.0,999,10.0
951,48,10.0,10.0,999,10.0
950,47,10.0,10.0,997,10.0
955,43,10.0,10.0,998,10.0
948,51,10.0,10.0,999,10.0
948,51,10.0,10.0,999,10.0
945,52,10.0,10.0,997,10.0
946,53,10.0,10.0,999,10.0
946,52,10.0,10.0,998,10.0
949,50,10.0,10.0,999,10.0
947,52,10.0,10.0,999,10.0
948,51,10.0,10.0,999,10.0
944,54,10.0,10.0,998,10.0
943,54,10.0,10.0,997,10.0
952,47,10.0,10.0,999,10.0
955,44,10.0,10.0,999,10.0
949,49,10.0,10.0,998,10.0
952,47,10.0,10.0,999,10.0
950,49,10.0,10.0,999,10.0
952,47,10.0,10.0,999,10.0
952,47,10.0,10.0,999,10.0
954,44,10.0,10.0,998,10.0
957,42,10.0,10.0,999,10.0
958,40,10.0,10.0,998,10.0
962,37,10.0,10.0,999,10.0
959,40,10.0,10.0,999,10.0
959,38,10.0,10.0,997,10.0
959,40,10.0,10.0,999,10.0
960,38,10.0,10.0,998,10.0
957,41,10.0,10.0,998,10.0
959,40,10.0,10.0,999,10.0
956,43,10.0,10.0,999,10.0
960,39,10.0,10.0,999,10.0
956,42,10.0,10.0,998,10.0
959,37,10.0,10.0,996,10.0
960,39,10.0,10.0,999,10.0
961,36,10.0,10.0,997,10.0
962,36,10.0,10.0,998,10.0
960,38,10.0,10.0,998,10.0
958,41,10.0,10.0,999,10.0
958,41,10.0,10.0,999,10.0
957,41,10.0,10.0,998,10.0
958,39,10.0,10.0,997,10.0
960,38,10.0,10.0,998,10.0
962,37,10.0,10.0,999,10.0
964,34,10.0,10.0,998,10.0
968,31,10.0,10.0,999,10.0
968,30,10.0,10.0,998,10.0
967,30,10.0,10.0,997,10.0
967,31,10.0,10.0,998,10.0
967,32,10.0,10.0,999,10.0
964,35,10.0,10.0,999,10.0
965,34,10.0,10.0,999,10.0
965,34,10.0,10.0,999,10.0
963,35,10.0,10.0,998,10.0
960,37,10.0,10.0,997,10.0
962,37,10.0,10.0,999,10.0
962,37,10.0,10.0,999,10.0
965,34,10.0,10.0,999,10.0
962,37,10.0,10.0,999,10.0
959,39,10.0,10.0,998,10.0
962,37,10.0,10.0,999,10.0
959,39,10.0,10.0,998,10.0
961,38,10.0,10.0,999,10.0
960,39,10.0,10.0,999,10.0
961,37,10.0,10.0,998,10.0
958,38,10.0,10.0,996,10.0
959,37,10.0,10.0,996,10.0
959,39,10.0,10.0,998,10.0
961,37,10.0,10.0,998,10.0
961,38,10.0,10.0,999,10.0
962,37,10.0,10.0,999,10.0
962,36,10.0,10.0,998,10.0
959,39,10.0,10.0,998,10.0
959,39,10.0,10.0,998,10.0
957,40,10.0,10.0,997,10.0
959,40,10.0,10.0,999,10.0
960,39,10.0,10.0,999,10.0
959,40,10.0,10.0,999,10.0
963,36,10.0,10.0,999,10.0
962,37,10.0,10.0,999,10.0
964,35,10.0,10.0,999,10.0
964,35,10.0,10.0,999,10.0
967,32,10.0,10.0,999,10.0
965,32,10.0,10.0,997,10.0
964,35,10.0,10.0,999,10.0
964,35,10.0,10.0,999,10.0
962,36,10.0,10.0,998,10.0
961,36,10.0,10.0,997,10.0
962,37,10.0,10.0,999,10.0
964,35,10.0,10.0,999,10.0
962,37,10.0,10.0,999,10.0
962,34,10.0,10.0,996,10.0
965,33,10.0,10.0,998,10.0
964,35,10.0,10.0,999,10.0
963,35,10.0,10.0,998,10.0
962,35,10.0,10.0,997,10.0
964,34,10.0,10.0,998,10.0
961,37,10.0,10.0,998,10.0
963,35,10.0,10.0,998,10.0
962,37,10.0,10.0,999,10.0
959,40,10.0,10.0,999,10.0
956,42,10.0,10.0,998,10.0
956,43,10.0,10.0,999,10.0
954,45,10.0,10.0,999,10.0
951,48,10.0,10.0,999,10.0
953,46,10.0,10.0,999,10.0
953,46,10.0,10.0,999,10.0
954,45,10.0,10.0,999,10.0
950,49,10.0,10.0,999,10.0
948,50,10.0,10.0,998,10.0
946,52,10.0,10.0,998,10.0
947,50,10.0,10.0,997,10.0
