forward_num,reverse_num,forward_rate,reverse_rate,organism_num,organism_rate
5,5,5.0,5.0,10,5.0
5,5,5.0,5.0,10,5.0
7,7,5.42857142857143,5.42857142857143,14,5.42857142857143
11,11,5.54545454545455,5.54545454545455,22,5.54545454545455
14,14,5.42857142857143,5.42857142857143,28,5.42857142857143
20,20,5.7,5.7,40,5.7
34,34,5.94117647058824,5.94117647058824,68,5.94117647058824
48,48,5.75,5.75,96,5.75
68,68,5.94117647058824,5.94117647058824,136,5.94117647058824
124,124,6.16129032258065,6.16129032258065,248,6.16129032258065
124,124,6.16129032258065,6.16129032258065,248,6.16129032258065
248,248,6.16129032258065,6.16129032258065,496,6.16129032258065
440,440,6.38181818181818,6.38181818181818,880,6.38181818181818
487,488,6.21149897330595,6.21311475409836,975,6.21230769230769
504,495,6.26785714285714,6.25858585858586,999,6.26326326326326
508,491,6.2755905511811,6.27291242362525,999,6.27427427427427
500,499,6.286,6.30661322645291,999,6.2962962962963
496,503,6.30443548387097,6.34194831013917,999,6.32332332332332
489,510,6.31697341513292,6.35882352941176,999,6.33833833833834
493,506,6.35091277890467,6.38142292490119,999,6.36636636636637
482,517,6.36721991701245,6.3752417794971,999,6.37137137137137
490,509,6.36122448979592,6.35756385068762,999,6.35935935935936
509,490,6.34184675834971,6.34081632653061,999,6.34134134134134
503,496,6.35188866799205,6.34475806451613,999,6.34834834834835
502,497,6.35258964143426,6.35814889336016,999,6.35535535535536
492,507,6.33739837398374,6.35700197238659,999,6.34734734734735
493,506,6.3184584178499,6.32608695652174,999,6.32232232232232
494,505,6.31983805668016,6.32079207920792,999,6.32032032032032
511,488,6.35420743639922,6.34016393442623,999,6.34734734734735
511,488,6.35420743639922,6.37295081967213,999,6.36336336336336
515,484,6.38252427184466,6.35743801652893,999,6.37037037037037
524,475,6.39885496183206,6.36631578947368,999,6.38338338338338
522,477,6.39463601532567,6.37316561844864,999,6.38438438438438
517,482,6.37330754352031,6.37344398340249,999,6.37337337337337
508,491,6.38582677165354,6.36659877800407,999,6.37637637637638
505,494,6.3980198019802,6.38461538461539,999,6.39139139139139
515,484,6.39223300970874,6.37809917355372,999,6.38538538538539
521,478,6.38195777351248,6.37029288702929,999,6.37637637637638
516,483,6.40116279069767,6.37474120082816,999,6.38838838838839
516,483,6.42248062015504,6.38923395445135,999,6.40640640640641
518,481,6.42084942084942,6.38461538461539,999,6.4034034034034
513,486,6.39766081871345,6.38065843621399,999,6.38938938938939
524,475,6.37595419847328,6.4,999,6.38738738738739
530,469,6.37735849056604,6.37526652452026,999,6.37637637637638
533,466,6.38086303939962,6.39484978540773,999,6.38738738738739
524,475,6.37977099236641,6.41894736842105,999,6.3983983983984
533,466,6.3827392120075,6.41201716738197,999,6.3963963963964
512,487,6.384765625,6.40862422997947,999,6.3963963963964
519,480,6.38342967244701,6.375,999,6.37937937937938
518,481,6.38416988416988,6.39293139293139,999,6.38838838838839
513,486,6.38401559454191,6.39300411522634,999,6.38838838838839
517,482,6.37137330754352,6.38796680497925,999,6.37937937937938
527,472,6.37001897533207,6.39406779661017,999,6.38138138138138
524,475,6.36068702290076,6.37684210526316,999,6.36836836836837
520,479,6.34615384615385,6.39039665970772,999,6.36736736736737
524,475,6.36068702290076,6.40210526315789,999,6.38038038038038
516,483,6.33914728682171,6.40786749482402,999,6.37237237237237
520,479,6.37884615384615,6.37787056367432,999,6.37837837837838
505,494,6.34455445544554,6.38259109311741,999,6.36336336336336
501,498,6.37724550898204,6.40361445783132,999,6.39039039039039
502,497,6.36254980079681,6.38832997987928,999,6.37537537537538
502,497,6.40637450199203,6.38832997987928,999,6.3973973973974
500,499,6.374,6.37875751503006,999,6.37637637637638
502,497,6.38247011952191,6.35412474849095,999,6.36836836836837
507,492,6.38856015779093,6.36991869918699,999,6.37937937937938
503,496,6.35785288270378,6.37701612903226,999,6.36736736736737
507,492,6.35108481262327,6.38617886178862,999,6.36836836836837
505,494,6.36831683168317,6.37449392712551,999,6.37137137137137
514,485,6.36381322957198,6.35670103092783,999,6.36036036036036
518,481,6.33976833976834,6.35966735966736,999,6.34934934934935
518,481,6.35521235521236,6.33679833679834,999,6.34634634634635
514,485,6.31128404669261,6.36907216494845,999,6.33933933933934
516,483,6.31201550387597,6.34575569358178,999,6.32832832832833
508,491,6.3011811023622,6.36252545824847,999,6.33133133133133
512,487,6.302734375,6.38193018480493,999,6.34134134134134
524,475,6.29961832061069,6.4,999,6.34734734734735
531,468,6.31638418079096,6.39529914529915,999,6.35335335335335
539,460,6.3191094619666,6.4304347826087,999,6.37037037037037
539,460,6.30983302411874,6.44130434782609,999,6.37037037037037
533,466,6.31144465290807,6.41630901287554,999,6.36036036036036
540,459,6.32037037037037,6.40305010893246,999,6.35835835835836
534,465,6.32209737827715,6.38494623655914,999,6.35135135135135
539,460,6.34508348794063,6.39565217391304,999,6.36836836836837
537,462,6.32774674115456,6.36796536796537,999,6.34634634634635
553,446,6.34900542495479,6.36995515695067,999,6.35835835835836
555,444,6.34774774774775,6.3536036036036,999,6.35035035035035
549,450,6.34244080145719,6.34666666666667,999,6.34434434434434
542,457,6.32841328413284,6.31947483588621,999,6.32432432432432
532,467,6.33082706766917,6.3661670235546,999,6.34734734734735
527,472,6.32447817836812,6.39618644067797,999,6.35835835835836
524,475,6.32251908396947,6.37894736842105,999,6.34934934934935
522,477,6.31226053639847,6.35639412997904,999,6.33333333333333
514,485,6.284046692607,6.36494845360825,999,6.32332332332332
512,487,6.310546875,6.39219712525667,999,6.35035035035035
507,492,6.2741617357002,6.3760162601626,999,6.32432432432432
503,496,6.27435387673956,6.38911290322581,999,6.33133133133133
508,491,6.3248031496063,6.38492871690428,999,6.35435435435435
509,490,6.31630648330059,6.3734693877551,999,6.34434434434434
518,481,6.33011583011583,6.38877338877339,999,6.35835835835836
519,480,6.32562620423892,6.39375,999,6.35835835835836
518,481,6.3050193050193,6.4033264033264,999,6.35235235235235
517,482,6.30560928433269,6.37759336099585,999,6.34034034034034
512,487,6.3046875,6.37987679671458,999,6.34134134134134
513,486,6.29434697855751,6.37448559670782,999,6.33333333333333
518,481,6.26061776061776,6.37006237006237,999,6.31331331331331
526,473,6.24904942965779,6.3615221987315,999,6.3023023023023
532,467,6.24248120300752,6.37687366167024,999,6.30530530530531
538,461,6.26022304832714,6.36225596529284,999,6.30730730730731
530,469,6.25471698113208,6.33262260127932,999,6.29129129129129
535,464,6.25607476635514,6.3448275862069,999,6.2972972972973
536,463,6.24440298507463,6.35421166306695,999,6.2952952952953
533,466,6.24953095684803,6.35836909871245,999,6.3003003003003
543,456,6.24493554327808,6.34868421052632,999,6.29229229229229
530,469,6.26037735849057,6.36034115138593,999,6.30730730730731
526,473,6.22053231939164,6.36575052854123,999,6.28928928928929
520,479,6.25576923076923,6.39457202505219,999,6.32232232232232
533,466,6.25703564727955,6.38197424892704,999,6.31531531531532
544,455,6.24816176470588,6.3978021978022,999,6.31631631631632
546,453,6.27655677655678,6.3598233995585,999,6.31431431431431
546,453,6.28021978021978,6.36203090507726,999,6.31731731731732
551,448,6.30308529945554,6.37276785714286,999,6.33433433433433
544,455,6.3125,6.37362637362637,999,6.34034034034034
541,458,6.33456561922366,6.36244541484716,999,6.34734734734735
539,460,6.30797773654916,6.35869565217391,999,6.33133133133133
541,458,6.33086876155268,6.3646288209607,999,6.34634634634635
550,449,6.32909090909091,6.35412026726058,999,6.34034034034034
558,441,6.30286738351254,6.36507936507936,999,6.33033033033033
556,443,6.27517985611511,6.372460496614,999,6.31831831831832
557,442,6.29443447037702,6.39366515837104,999,6.33833833833834
555,444,6.3027027027027,6.39864864864865,999,6.34534534534535
548,451,6.31204379562044,6.39911308203991,999,6.35135135135135
543,456,6.30202578268877,6.375,999,6.33533533533534
546,453,6.3040293040293,6.36644591611479,999,6.33233233233233
551,448,6.30671506352087,6.375,999,6.33733733733734
555,444,6.28288288288288,6.36486486486486,999,6.31931931931932
553,446,6.26401446654611,6.3609865470852,999,6.30730730730731
561,438,6.27450980392157,6.34703196347032,999,6.30630630630631
563,436,6.31083481349911,6.36238532110092,999,6.33333333333333
563,436,6.30373001776199,6.36697247706422,999,6.33133133133133
566,433,6.29151943462898,6.33487297921478,999,6.31031031031031
554,445,6.32671480144404,6.33707865168539,999,6.33133133133133
549,450,6.32058287795993,6.33333333333333,999,6.32632632632633
564,435,6.3386524822695,6.33333333333333,999,6.33633633633634
559,440,6.32737030411449,6.325,999,6.32632632632633
562,437,6.35231316725979,6.32036613272311,999,6.33833833833834
563,436,6.35346358792185,6.28440366972477,999,6.32332332332332
573,426,6.33333333333333,6.28403755868545,999,6.31231231231231
587,412,6.34752981260647,6.29368932038835,999,6.32532532532533
590,409,6.37966101694915,6.27628361858191,999,6.33733733733734
601,398,6.38602329450915,6.28391959798995,999,6.34534534534535
586,413,6.40955631399317,6.2590799031477,999,6.34734734734735
590,409,6.41864406779661,6.25427872860636,999,6.35135135135135
587,412,6.39863713798978,6.30097087378641,999,6.35835835835836
590,409,6.37966101694915,6.29339853300733,999,6.34434434434434
582,417,6.37800687285223,6.29016786570743,999,6.34134134134134
583,416,6.38250428816467,6.28846153846154,999,6.34334334334334
592,407,6.41554054054054,6.2997542997543,999,6.36836836836837
598,401,6.41304347826087,6.29177057356608,999,6.36436436436436
593,406,6.42664418212479,6.25615763546798,999,6.35735735735736
592,407,6.40878378378378,6.24324324324324,999,6.34134134134134
589,410,6.3955857385399,6.24878048780488,999,6.33533533533534
606,393,6.4026402640264,6.23155216284987,999,6.33533533533534
608,391,6.40789473684211,6.21994884910486,999,6.33433433433433
605,394,6.39669421487603,6.21573604060914,999,6.32532532532533
606,393,6.41254125412541,6.22391857506361,999,6.33833833833834
600,399,6.435,6.21553884711779,999,6.34734734734735
600,399,6.43,6.21804511278195,999,6.34534534534535
604,395,6.40894039735099,6.2,999,6.32632632632633
602,397,6.43189368770764,6.23173803526448,999,6.35235235235235
596,403,6.45302013422819,6.21588089330025,999,6.35735735735736
590,409,6.44237288135593,6.22982885085575,999,6.35535535535536
586,413,6.44709897610922,6.26392251815981,999,6.37137137137137
596,403,6.45805369127517,6.26799007444169,999,6.38138138138138
596,403,6.43624161073826,6.29280397022332,999,6.37837837837838
589,410,6.44991511035654,6.30731707317073,999,6.39139139139139
587,412,6.47018739352641,6.29854368932039,999,6.3993993993994
586,413,6.47098976109215,6.29297820823245,999,6.3973973973974
571,428,6.48511383537653,6.30373831775701,999,6.40740740740741
563,436,6.48134991119005,6.29587155963303,999,6.4004004004004
574,425,6.49128919860627,6.28470588235294,999,6.4034034034034
574,425,6.48780487804878,6.29176470588235,999,6.4044044044044
574,425,6.49128919860627,6.28705882352941,999,6.4044044044044
586,413,6.50170648464164,6.25181598062954,999,6.3983983983984
587,412,6.4855195911414,6.26941747572816,999,6.3963963963964
579,420,6.47150259067358,6.27857142857143,999,6.39039039039039
584,415,6.48116438356164,6.30120481927711,999,6.40640640640641
592,407,6.5,6.27272727272727,999,6.40740740740741
592,407,6.49324324324324,6.3022113022113,999,6.41541541541542
589,410,6.51612903225806,6.26585365853659,999,6.41341341341341
598,401,6.5133779264214,6.30174563591022,999,6.42842842842843
605,394,6.52561983471074,6.31725888324873,999,6.44344344344344
602,397,6.5265780730897,6.31234256926952,999,6.44144144144144
606,393,6.53960396039604,6.32824427480916,999,6.45645645645646
615,384,6.54959349593496,6.3125,999,6.45845845845846
617,382,6.57536466774716,6.32460732984293,999,6.47947947947948
627,372,6.58213716108453,6.31720430107527,999,6.48348348348348
620,379,6.58548387096774,6.34828496042216,999,6.4954954954955
614,385,6.56514657980456,6.35064935064935,999,6.48248248248248
602,397,6.57475083056478,6.37531486146096,999,6.4954954954955
611,388,6.57937806873977,6.35824742268041,999,6.49349349349349
618,381,6.56472491909385,6.3753280839895,999,6.49249249249249
630,369,6.56825396825397,6.36585365853659,999,6.49349349349349
635,364,6.56220472440945,6.39285714285714,999,6.5005005005005
631,368,6.55625990491284,6.42934782608696,999,6.50950950950951
633,366,6.57030015797788,6.44262295081967,999,6.52352352352352
629,370,6.5691573926868,6.42972972972973,999,6.51751751751752
641,358,6.58034321372855,6.43575418994413,999,6.52852852852853
636,363,6.59276729559748,6.42424242424242,999,6.53153153153153
629,370,6.60095389507154,6.3972972972973,999,6.52552552552553
624,375,6.60416666666667,6.40266666666667,999,6.52852852852853
635,364,6.57795275590551,6.40934065934066,999,6.51651651651652
630,369,6.5968253968254,6.39566395663957,999,6.52252252252252
631,368,6.58320126782884,6.3804347826087,999,6.50850850850851
624,375,6.57532051282051,6.42666666666667,999,6.51951951951952
631,368,6.58320126782884,6.43478260869565,999,6.52852852852853
635,364,6.57165354330709,6.43406593406593,999,6.52152152152152
640,359,6.5796875,6.44846796657382,999,6.53253253253253
642,357,6.56697819314642,6.4593837535014,999,6.52852852852853
636,363,6.60377358490566,6.45730027548209,999,6.55055055055055
635,364,6.60629921259843,6.45879120879121,999,6.55255255255255
642,357,6.60747663551402,6.47899159663866,999,6.56156156156156
631,368,6.6148969889065,6.47010869565217,999,6.56156156156156
628,371,6.60987261146497,6.50943396226415,999,6.57257257257257
626,373,6.61022364217252,6.5201072386059,999,6.57657657657658
619,380,6.60420032310178,6.55,999,6.58358358358358
620,379,6.60967741935484,6.53825857519789,999,6.58258258258258
624,375,6.60416666666667,6.53333333333333,999,6.57757757757758
613,386,6.59380097879282,6.53626943005181,999,6.57157157157157
603,396,6.61359867330017,6.53535353535354,999,6.58258258258258
603,396,6.59369817578773,6.52777777777778,999,6.56756756756757
609,390,6.58620689655172,6.51025641025641,999,6.55655655655656
604,395,6.5794701986755,6.52405063291139,999,6.55755755755756
612,387,6.56862745098039,6.49095607235142,999,6.53853853853854
612,387,6.54411764705882,6.49870801033592,999,6.52652652652653
603,396,6.54063018242123,6.50757575757576,999,6.52752752752753
605,394,6.54876033057851,6.53299492385787,999,6.54254254254254
602,397,6.53820598006645,6.53400503778338,999,6.53653653653654
602,397,6.54485049833887,6.53652392947103,999,6.54154154154154
605,394,6.5504132231405,6.54314720812183,999,6.54754754754755
604,395,6.57450331125828,6.49620253164557,999,6.54354354354354
608,391,6.58717105263158,6.51406649616368,999,6.55855855855856
602,397,6.61129568106312,6.50125944584383,999,6.56756756756757
611,388,6.61374795417349,6.5,999,6.56956956956957
614,385,6.60749185667752,6.5012987012987,999,6.56656656656657
608,391,6.60855263157895,6.51662404092072,999,6.57257257257257
603,396,6.61691542288557,6.51767676767677,999,6.57757757757758
603,396,6.60033167495854,6.51515151515152,999,6.56656656656657
593,406,6.57335581787521,6.50492610837438,999,6.54554554554555
589,410,6.58913412563667,6.51219512195122,999,6.55755755755756
593,406,6.58684654300169,6.50985221674877,999,6.55555555555556
597,402,6.58458961474037,6.48756218905473,999,6.54554554554555
580,419,6.58965517241379,6.47732696897375,999,6.54254254254254
576,423,6.58680555555556,6.51300236406619,999,6.55555555555556
580,419,6.57241379310345,6.52267303102625,999,6.55155155155155
583,416,6.5934819897084,6.52884615384615,999,6.56656656656657
578,421,6.61418685121107,6.54394299287411,999,6.58458458458458
578,421,6.60726643598616,6.55344418052257,999,6.58458458458458
584,415,6.60102739726027,6.53975903614458,999,6.57557557557558
585,414,6.6,6.53140096618357,999,6.57157157157157
573,426,6.59860383944154,6.52816901408451,999,6.56856856856857
567,432,6.61199294532628,6.54398148148148,999,6.58258258258258
556,443,6.61690647482014,6.5665914221219,999,6.59459459459459
550,449,6.62727272727273,6.57238307349666,999,6.6026026026026
550,449,6.63454545454545,6.57238307349666,999,6.60660660660661
546,453,6.61904761904762,6.54746136865342,999,6.58658658658659
548,451,6.60766423357664,6.53215077605322,999,6.57357357357357
551,448,6.60798548094374,6.54464285714286,999,6.57957957957958
533,466,6.59287054409006,6.5343347639485,999,6.56556556556557
533,466,6.58348968105066,6.53004291845494,999,6.55855855855856
535,464,6.59252336448598,6.52370689655172,999,6.56056056056056
540,459,6.59259259259259,6.53159041394335,999,6.56456456456456
547,452,6.59963436928702,6.54424778761062,999,6.57457457457457
540,459,6.60740740740741,6.53159041394335,999,6.57257257257257
541,458,6.60813308687616,6.52401746724891,999,6.56956956956957
539,460,6.5974025974026,6.53478260869565,999,6.56856856856857
535,464,6.62429906542056,6.53448275862069,999,6.58258258258258
537,462,6.62011173184358,6.55627705627706,999,6.59059059059059
549,450,6.63752276867031,6.55111111111111,999,6.5985985985986
542,457,6.63468634686347,6.5492341356674,999,6.5955955955956
544,455,6.64154411764706,6.56483516483516,999,6.60660660660661
535,464,6.64299065420561,6.5926724137931,999,6.61961961961962
537,462,6.63314711359404,6.56277056277056,999,6.6006006006006
541,458,6.64325323475046,6.58078602620087,999,6.61461461461461
545,454,6.66422018348624,6.58810572687225,999,6.62962962962963
539,460,6.6530612244898,6.59565217391304,999,6.62662662662663
535,464,6.65420560747664,6.59051724137931,999,6.62462462462462
535,464,6.65420560747664,6.60775862068965,999,6.63263263263263
523,476,6.65009560229446,6.59033613445378,999,6.62162162162162
523,476,6.63862332695985,6.57773109243697,999,6.60960960960961
526,473,6.65779467680608,6.58985200845666,999,6.62562562562563
536,463,6.66231343283582,6.585313174946,999,6.62662662662663
524,475,6.63931297709924,6.58105263157895,999,6.61161161161161
518,481,6.65637065637066,6.59459459459459,999,6.62662662662663
525,474,6.66857142857143,6.61392405063291,999,6.64264264264264
521,478,6.66410748560461,6.60460251046025,999,6.63563563563564
523,476,6.64435946462715,6.60084033613445,999,6.62362362362362
513,486,6.64912280701754,6.61111111111111,999,6.63063063063063
514,485,6.61673151750973,6.58969072164948,999,6.6036036036036
507,492,6.62524654832347,6.60569105691057,999,6.61561561561562
514,485,6.63618677042802,6.60412371134021,999,6.62062062062062
513,486,6.6140350877193,6.59670781893004,999,6.60560560560561
513,486,6.61793372319688,6.58230452674897,999,6.6006006006006
520,479,6.61538461538461,6.57828810020877,999,6.5975975975976
520,479,6.63269230769231,6.58246346555324,999,6.60860860860861
536,463,6.62126865671642,6.55723542116631,999,6.59159159159159
534,465,6.61610486891386,6.53763440860215,999,6.57957957957958
534,465,6.61797752808989,6.53978494623656,999,6.58158158158158
522,477,6.61111111111111,6.52830188679245,999,6.57157157157157
525,474,6.60380952380952,6.52320675105485,999,6.56556556556557
526,473,6.59505703422053,6.53276955602537,999,6.56556556556557
528,471,6.59280303030303,6.5244161358811,999,6.56056056056056
528,471,6.60984848484848,6.5031847133758,999,6.55955955955956
514,485,6.61867704280156,6.48453608247423,999,6.55355355355355
525,474,6.61142857142857,6.49789029535865,999,6.55755755755756
519,480,6.59537572254335,6.52083333333333,999,6.55955955955956
525,474,6.58857142857143,6.51898734177215,999,6.55555555555556
528,471,6.58143939393939,6.54564755838641,999,6.56456456456456
531,468,6.61016949152542,6.54700854700855,999,6.58058058058058
538,461,6.61710037174721,6.55097613882863,999,6.58658658658659
528,471,6.61742424242424,6.5796178343949,999,6.5995995995996
543,456,6.61878453038674,6.56359649122807,999,6.59359359359359
535,464,6.61308411214953,6.57327586206897,999,6.59459459459459
541,458,6.62292051756007,6.55021834061135,999,6.58958958958959
536,463,6.64179104477612,6.55291576673866,999,6.6006006006006
535,464,6.63738317757009,6.54741379310345,999,6.5955955955956
523,476,6.62523900573614,6.54411764705882,999,6.58658658658659
519,480,6.63776493256262,6.54791666666667,999,6.59459459459459
529,470,6.62759924385633,6.54893617021277,999,6.59059059059059
523,476,6.63479923518164,6.5546218487395,999,6.5965965965966
522,477,6.64942528735632,6.55136268343816,999,6.6026026026026
526,473,6.65779467680608,6.55179704016913,999,6.60760760760761
528,471,6.65340909090909,6.5244161358811,999,6.59259259259259
534,465,6.67415730337079,6.54623655913978,999,6.61461461461461
538,461,6.71003717472119,6.55531453362256,999,6.63863863863864
532,467,6.70864661654135,6.52890792291221,999,6.62462462462462
530,469,6.70754716981132,6.53731343283582,999,6.62762762762763
542,457,6.71217712177122,6.52954048140044,999,6.62862862862863
534,465,6.72284644194757,6.51827956989247,999,6.62762762762763
540,459,6.69074074074074,6.50762527233115,999,6.60660660660661
541,458,6.70425138632163,6.53711790393013,999,6.62762762762763
541,458,6.69500924214418,6.5589519650655,999,6.63263263263263
540,459,6.69444444444444,6.55555555555556,999,6.63063063063063
534,465,6.69850187265918,6.55483870967742,999,6.63163163163163
531,468,6.69303201506591,6.55555555555556,999,6.62862862862863
531,468,6.69303201506591,6.57905982905983,999,6.63963963963964
525,474,6.67619047619048,6.56329113924051,999,6.62262262262262
526,473,6.66159695817491,6.57928118393235,999,6.62262262262262
534,465,6.66104868913858,6.55913978494624,999,6.61361361361361
542,457,6.67158671586716,6.55579868708972,999,6.61861861861862
541,458,6.67097966728281,6.55676855895196,999,6.61861861861862
541,458,6.65619223659889,6.54585152838428,999,6.60560560560561
530,469,6.6622641509434,6.54797441364606,999,6.60860860860861
533,466,6.66041275797373,6.55793991416309,999,6.61261261261261
530,469,6.63018867924528,6.56503198294243,999,6.5995995995996
526,473,6.62927756653992,6.56659619450317,999,6.5995995995996
537,462,6.62756052141527,6.53896103896104,999,6.58658658658659
538,461,6.60780669144981,6.54013015184382,999,6.57657657657658
545,454,6.60733944954128,6.52643171806167,999,6.57057057057057
546,453,6.62820512820513,6.50993377483444,999,6.57457457457457
547,452,6.62340036563071,6.50221238938053,999,6.56856856856857
542,457,6.63468634686347,6.5054704595186,999,6.57557557557558
534,465,6.61797752808989,6.4989247311828,999,6.56256256256256
547,452,6.62157221206581,6.5,999,6.56656656656657
547,452,6.63802559414991,6.49557522123894,999,6.57357357357357
562,437,6.63167259786477,6.49656750572082,999,6.57257257257257
566,433,6.64487632508834,6.53810623556582,999,6.5985985985986
565,434,6.64070796460177,6.55760368663594,999,6.6046046046046
562,437,6.63345195729537,6.55606407322654,999,6.5995995995996
567,432,6.63668430335097,6.55324074074074,999,6.6006006006006
575,424,6.62608695652174,6.56839622641509,999,6.6016016016016
563,436,6.62877442273535,6.5802752293578,999,6.60760760760761
562,437,6.61565836298932,6.58352402745995,999,6.6016016016016
557,442,6.62118491921005,6.5814479638009,999,6.6036036036036
552,447,6.63768115942029,6.55704697986577,999,6.6016016016016
541,458,6.61922365988909,6.56331877729258,999,6.59359359359359
546,453,6.62637362637363,6.57395143487859,999,6.6026026026026
541,458,6.63216266173752,6.56986899563319,999,6.6036036036036
547,452,6.62340036563071,6.59070796460177,999,6.60860860860861
553,446,6.63833634719711,6.60089686098655,999,6.62162162162162
547,452,6.63802559414991,6.59734513274336,999,6.61961961961962
552,447,6.6268115942029,6.61073825503356,999,6.61961961961962
553,446,6.62386980108499,6.60762331838565,999,6.61661661661662
555,444,6.61081081081081,6.62612612612613,999,6.61761761761762
563,436,6.62522202486679,6.61009174311927,999,6.61861861861862
557,442,6.62118491921005,6.61538461538461,999,6.61861861861862
551,448,6.64065335753176,6.64955357142857,999,6.64464464464464
551,448,6.6551724137931,6.65178571428571,999,6.65365365365365
555,444,6.66486486486486,6.64864864864865,999,6.65765765765766
559,440,6.67084078711986,6.64545454545455,999,6.65965965965966
551,448,6.65154264972777,6.64955357142857,999,6.65065065065065
553,446,6.63471971066908,6.66591928251121,999,6.64864864864865
556,443,6.6294964028777,6.68397291196388,999,6.65365365365365
558,441,6.6505376344086,6.68707482993197,999,6.66666666666667
562,437,6.64590747330961,6.69336384439359,999,6.66666666666667
559,440,6.64758497316637,6.70454545454545,999,6.67267267267267
548,451,6.67335766423358,6.70288248337029,999,6.68668668668669
556,443,6.67625899280576,6.7020316027088,999,6.68768768768769
558,441,6.70430107526882,6.70521541950113,999,6.7047047047047
556,443,6.70143884892086,6.70654627539503,999,6.7037037037037
552,447,6.71739130434783,6.70022371364653,999,6.70970970970971
556,443,6.71762589928058,6.69074492099323,999,6.70570570570571
555,444,6.72432432432432,6.6981981981982,999,6.71271271271271
554,445,6.72382671480144,6.70112359550562,999,6.71371371371371
553,446,6.72875226039783,6.73991031390134,999,6.73373373373373
544,455,6.73345588235294,6.74725274725275,999,6.73973973973974
542,457,6.72324723247232,6.74617067833698,999,6.73373373373373
555,444,6.72612612612613,6.72522522522523,999,6.72572572572573
561,438,6.72014260249554,6.73744292237443,999,6.72772772772773
561,438,6.72370766488414,6.74429223744292,999,6.73273273273273
563,436,6.73889875666075,6.73853211009174,999,6.73873873873874
567,432,6.73544973544974,6.72222222222222,999,6.72972972972973
559,440,6.72450805008945,6.72954545454545,999,6.72672672672673
552,447,6.73007246376812,6.71140939597315,999,6.72172172172172
570,429,6.71578947368421,6.71328671328671,999,6.71471471471471
560,439,6.70892857142857,6.70615034168565,999,6.70770770770771
553,446,6.70886075949367,6.72645739910314,999,6.71671671671672
566,433,6.70671378091873,6.72517321016166,999,6.71471471471471
570,429,6.71228070175439,6.75058275058275,999,6.72872872872873
563,436,6.71225577264654,6.72018348623853,999,6.71571571571572
577,422,6.71403812824957,6.68720379146919,999,6.7027027027027
587,412,6.70357751277683,6.70388349514563,999,6.7037037037037
578,421,6.68512110726644,6.72209026128266,999,6.7007007007007
572,427,6.68706293706294,6.73536299765808,999,6.70770770770771
576,423,6.69444444444444,6.71867612293144,999,6.7047047047047
570,429,6.69298245614035,6.71095571095571,999,6.7007007007007
555,444,6.68648648648649,6.71171171171171,999,6.6976976976977
571,428,6.69176882661997,6.70560747663551,999,6.6976976976977
570,429,6.69473684210526,6.72261072261072,999,6.70670670670671
575,424,6.68,6.71698113207547,999,6.6956956956957
582,417,6.66494845360825,6.70743405275779,999,6.68268268268268
589,410,6.68760611205433,6.69024390243902,999,6.68868868868869
586,413,6.68941979522184,6.68523002421307,999,6.68768768768769
572,427,6.68006993006993,6.70023419203747,999,6.68868868868869
572,427,6.68181818181818,6.68618266978923,999,6.68368368368368
577,422,6.67764298093588,6.68483412322275,999,6.68068068068068
567,432,6.68959435626102,6.68287037037037,999,6.68668668668669
575,424,6.6695652173913,6.67924528301887,999,6.67367367367367
575,424,6.66608695652174,6.66509433962264,999,6.66566566566567
577,422,6.66031195840555,6.65876777251185,999,6.65965965965966
581,418,6.65576592082616,6.65071770334928,999,6.65365365365365
577,422,6.63431542461005,6.65165876777251,999,6.64164164164164
577,422,6.64818024263432,6.64691943127962,999,6.64764764764765
591,408,6.64805414551607,6.65441176470588,999,6.65065065065065
598,401,6.65384615384615,6.64588528678304,999,6.65065065065065
603,396,6.65505804311774,6.63383838383838,999,6.64664664664665
609,390,6.65845648604269,6.61538461538461,999,6.64164164164164
615,384,6.65853658536585,6.63020833333333,999,6.64764764764765
607,392,6.65238879736409,6.63010204081633,999,6.64364364364364
614,385,6.64332247557003,6.63116883116883,999,6.63863863863864
618,381,6.64239482200647,6.63779527559055,999,6.64064064064064
628,371,6.64490445859873,6.66307277628032,999,6.65165165165165
626,373,6.6517571884984,6.68096514745308,999,6.66266266266266
628,371,6.6624203821656,6.6900269541779,999,6.67267267267267
631,368,6.6608557844691,6.67934782608696,999,6.66766766766767
624,375,6.65865384615385,6.712,999,6.67867867867868
623,376,6.63723916532905,6.71542553191489,999,6.66666666666667
620,379,6.64193548387097,6.74142480211082,999,6.67967967967968
622,377,6.65112540192926,6.74535809018568,999,6.68668668668669
624,375,6.65544871794872,6.73066666666667,999,6.68368368368368
632,367,6.67879746835443,6.7275204359673,999,6.6966966966967
615,384,6.66666666666667,6.71875,999,6.68668668668669
626,373,6.67252396166134,6.70509383378016,999,6.68468468468468
629,370,6.67567567567568,6.71081081081081,999,6.68868868868869
633,366,6.67614533965245,6.70765027322404,999,6.68768768768769
631,368,6.68462757527734,6.6929347826087,999,6.68768768768769
632,367,6.68829113924051,6.70572207084469,999,6.69469469469469
639,360,6.70422535211268,6.71388888888889,999,6.70770770770771
624,375,6.71153846153846,6.69333333333333,999,6.7047047047047
617,382,6.71799027552674,6.68848167539267,999,6.70670670670671
615,384,6.71869918699187,6.6953125,999,6.70970970970971
625,374,6.7248,6.71122994652406,999,6.71971971971972
628,371,6.72133757961783,6.68463611859838,999,6.70770770770771
630,369,6.70952380952381,6.70460704607046,999,6.70770770770771
625,374,6.7216,6.72994652406417,999,6.72472472472472
614,385,6.70846905537459,6.73246753246753,999,6.71771771771772
618,381,6.70711974110032,6.72965879265092,999,6.71571571571572
613,386,6.70799347471452,6.73056994818653,999,6.71671671671672
613,386,6.71451876019576,6.7279792746114,999,6.71971971971972
604,395,6.70198675496689,6.71139240506329,999,6.70570570570571
612,387,6.69934640522876,6.7235142118863,999,6.70870870870871
619,380,6.70759289176091,6.75,999,6.72372372372372
615,384,6.69918699186992,6.73697916666667,999,6.71371371371371
615,384,6.70894308943089,6.74739583333333,999,6.72372372372372
618,381,6.70550161812298,6.73490813648294,999,6.71671671671672
621,378,6.69082125603865,6.73015873015873,999,6.70570570570571
631,368,6.68938193343899,6.74184782608696,999,6.70870870870871
626,373,6.70766773162939,6.74798927613941,999,6.72272272272272
625,374,6.712,6.74064171122995,999,6.72272272272272
629,370,6.68680445151033,6.73243243243243,999,6.7037037037037
624,375,6.6875,6.75466666666667,999,6.71271271271271
626,373,6.69968051118211,6.78016085790885,999,6.72972972972973
628,371,6.67993630573248,6.77358490566038,999,6.71471471471471
633,366,6.6650868878357,6.76775956284153,999,6.7027027027027
636,363,6.66823899371069,6.77685950413223,999,6.70770770770771
634,365,6.66876971608833,6.78630136986301,999,6.71171171171171
641,358,6.68954758190328,6.79050279329609,999,6.72572572572573
643,356,6.69673405909798,6.78651685393258,999,6.72872872872873
642,357,6.71028037383178,6.78711484593838,999,6.73773773773774
642,357,6.70404984423676,6.77591036414566,999,6.72972972972973
635,364,6.71181102362205,6.78296703296703,999,6.73773773773774
630,369,6.70952380952381,6.78048780487805,999,6.73573573573574
633,366,6.70932069510269,6.79508196721311,999,6.74074074074074
633,366,6.70774091627172,6.80054644808743,999,6.74174174174174
627,372,6.71929824561404,6.80913978494624,999,6.75275275275275
625,374,6.72,6.80748663101604,999,6.75275275275275
640,359,6.721875,6.81615598885794,999,6.75575575575576
639,360,6.71361502347418,6.83611111111111,999,6.75775775775776
633,366,6.72511848341232,6.84699453551913,999,6.76976976976977
651,348,6.72964669738863,6.8448275862069,999,6.76976976976977
660,339,6.73636363636364,6.83480825958702,999,6.76976976976977
663,336,6.7315233785822,6.85416666666667,999,6.77277277277277
668,331,6.72005988023952,6.8429003021148,999,6.76076076076076
678,321,6.73451327433628,6.8380062305296,999,6.76776776776777
675,324,6.72444444444444,6.83950617283951,999,6.76176176176176
673,326,6.71916790490342,6.84049079754601,999,6.75875875875876
675,324,6.71259259259259,6.84259259259259,999,6.75475475475475
675,324,6.70666666666667,6.83024691358025,999,6.74674674674675
683,316,6.71595900439239,6.83227848101266,999,6.75275275275275
689,310,6.72133526850508,6.82903225806452,999,6.75475475475475
696,303,6.70402298850575,6.84488448844884,999,6.74674674674675
698,301,6.69340974212034,6.83388704318937,999,6.73573573573574
696,303,6.69827586206897,6.82838283828383,999,6.73773773773774
703,296,6.70554765291607,6.83108108108108,999,6.74274274274274
697,302,6.72022955523673,6.84437086092715,999,6.75775775775776
683,316,6.7203513909224,6.85443037974684,999,6.76276276276276
691,308,6.70622286541245,6.85064935064935,999,6.75075075075075
691,308,6.70622286541245,6.87337662337662,999,6.75775775775776
691,308,6.69898697539797,6.86688311688312,999,6.75075075075075
694,305,6.71613832853026,6.87213114754098,999,6.76376376376376
692,307,6.72254335260116,6.87947882736156,999,6.77077077077077
695,304,6.72805755395683,6.88157894736842,999,6.77477477477477
688,311,6.7296511627907,6.88102893890675,999,6.77677677677678
682,317,6.71847507331378,6.88328075709779,999,6.77077077077077
692,307,6.70664739884393,6.89250814332248,999,6.76376376376376
690,309,6.69855072463768,6.90291262135922,999,6.76176176176176
695,304,6.69208633093525,6.89473684210526,999,6.75375375375375
684,315,6.69883040935673,6.89206349206349,999,6.75975975975976
675,324,6.70518518518519,6.88888888888889,999,6.76476476476476
673,326,6.6998514115899,6.88650306748466,999,6.76076076076076
669,330,6.69357249626308,6.88181818181818,999,6.75575575575576
668,331,6.70059880239521,6.88519637462236,999,6.76176176176176
665,334,6.71127819548872,6.88622754491018,999,6.76976976976977
654,345,6.71100917431193,6.88985507246377,999,6.77277277277277
661,338,6.7231467473525,6.89349112426035,999,6.78078078078078
666,333,6.72972972972973,6.8978978978979,999,6.78578578578579
674,325,6.71810089020772,6.88923076923077,999,6.77377377377377
677,322,6.71344165435746,6.88198757763975,999,6.76776776776777
672,327,6.72916666666667,6.88990825688073,999,6.78178178178178
674,325,6.72403560830861,6.89538461538462,999,6.77977977977978
667,332,6.71814092953523,6.88855421686747,999,6.77477477477477
679,320,6.73490427098675,6.884375,999,6.78278278278278
680,319,6.73676470588235,6.89028213166144,999,6.78578578578579
672,327,6.73660714285714,6.90214067278287,999,6.79079079079079
676,323,6.74556213017751,6.89473684210526,999,6.79379379379379
678,321,6.73451327433628,6.90031152647975,999,6.78778778778779
681,318,6.73568281938326,6.89308176100629,999,6.78578578578579
672,327,6.75297619047619,6.89296636085627,999,6.7987987987988
673,326,6.75482912332838,6.88957055214724,999,6.7987987987988
672,327,6.75,6.90214067278287,999,6.7997997997998
673,326,6.73254086181278,6.89877300613497,999,6.78678678678679
675,324,6.7362962962963,6.90432098765432,999,6.79079079079079
671,328,6.73025335320417,6.91463414634146,999,6.79079079079079
682,317,6.73020527859238,6.90851735015773,999,6.78678678678679
685,314,6.73284671532847,6.91082802547771,999,6.78878878878879
685,314,6.71532846715328,6.91082802547771,999,6.77677677677678
684,315,6.71052631578947,6.9015873015873,999,6.77077077077077
684,315,6.70760233918129,6.9015873015873,999,6.76876876876877
677,322,6.70310192023634,6.89130434782609,999,6.76376376376376
688,311,6.69331395348837,6.89067524115756,999,6.75475475475475
695,304,6.70935251798561,6.88815789473684,999,6.76376376376376
694,305,6.70749279538905,6.88852459016393,999,6.76276276276276
690,309,6.70434782608696,6.89967637540453,999,6.76476476476476
696,303,6.70545977011494,6.91419141914191,999,6.76876876876877
694,305,6.69740634005764,6.90819672131148,999,6.76176176176176
681,318,6.69162995594714,6.90880503144654,999,6.76076076076076
682,317,6.68768328445748,6.90851735015773,999,6.75775775775776
682,317,6.68621700879765,6.90220820189274,999,6.75475475475475
679,320,6.68777614138439,6.90625,999,6.75775775775776
673,326,6.68945022288262,6.88957055214724,999,6.75475475475475
668,331,6.67664670658683,6.89123867069486,999,6.74774774774775
669,330,6.68161434977578,6.8969696969697,999,6.75275275275275
670,329,6.68805970149254,6.89057750759878,999,6.75475475475475
668,331,6.67664670658683,6.89425981873112,999,6.74874874874875
673,326,6.67459138187221,6.89570552147239,999,6.74674674674675
664,335,6.67469879518072,6.90149253731343,999,6.75075075075075
659,340,6.66767830045524,6.90294117647059,999,6.74774774774775
652,347,6.67331288343558,6.90778097982709,999,6.75475475475475
651,348,6.66820276497696,6.89655172413793,999,6.74774774774775
654,345,6.67278287461774,6.89855072463768,999,6.75075075075075
650,349,6.66461538461538,6.9054441260745,999,6.74874874874875
643,356,6.67185069984448,6.89887640449438,999,6.75275275275275
635,364,6.67086614173228,6.88461538461539,999,6.74874874874875
625,374,6.6816,6.88235294117647,999,6.75675675675676
630,369,6.68095238095238,6.88075880758808,999,6.75475475475475
631,368,6.67036450079239,6.88586956521739,999,6.74974974974975
626,373,6.67092651757188,6.89812332439678,999,6.75575575575576
632,367,6.65348101265823,6.89373297002725,999,6.74174174174174
638,361,6.6551724137931,6.89750692520776,999,6.74274274274274
639,360,6.65884194053208,6.89444444444444,999,6.74374374374374
641,358,6.63650546021841,6.88826815642458,999,6.72672672672673
643,356,6.65007776049767,6.89044943820225,999,6.73573573573574
641,358,6.63338533541342,6.89106145251397,999,6.72572572572573
634,365,6.62460567823344,6.87945205479452,999,6.71771771771772
623,376,6.62439807383628,6.88829787234043,999,6.72372372372372
621,378,6.63123993558776,6.8994708994709,999,6.73273273273273
623,376,6.63402889245586,6.89627659574468,999,6.73273273273273
627,372,6.62200956937799,6.88709677419355,999,6.72072072072072
620,379,6.6258064516129,6.88654353562005,999,6.72472472472472
624,375,6.61698717948718,6.89333333333333,999,6.72072072072072
629,370,6.62957074721781,6.88918918918919,999,6.72572572572573
626,373,6.62460063897764,6.89276139410188,999,6.72472472472472
626,373,6.62779552715655,6.90348525469169,999,6.73073073073073
627,372,6.62200956937799,6.89247311827957,999,6.72272272272272
625,374,6.6288,6.8903743315508,999,6.72672672672673
620,379,6.64032258064516,6.87862796833773,999,6.73073073073073
622,377,6.64951768488746,6.87798408488064,999,6.73573573573574
623,376,6.63884430176565,6.88297872340426,999,6.73073073073073
630,369,6.64444444444444,6.88346883468835,999,6.73273273273273
622,377,6.65434083601286,6.87798408488064,999,6.73873873873874
623,376,6.64526484751204,6.875,999,6.73173173173173
630,369,6.64126984126984,6.87262872628726,999,6.72672672672673
619,380,6.66397415185784,6.87894736842105,999,6.74574574574575
618,381,6.65533980582524,6.88451443569554,999,6.74274274274274
618,381,6.65695792880259,6.88188976377953,999,6.74274274274274
625,374,6.6432,6.89572192513369,999,6.73773773773774
618,381,6.64886731391586,6.89763779527559,999,6.74374374374374
620,379,6.63225806451613,6.89445910290237,999,6.73173173173173
624,375,6.63141025641026,6.89333333333333,999,6.72972972972973
621,378,6.63123993558776,6.88888888888889,999,6.72872872872873
610,389,6.62295081967213,6.88688946015424,999,6.72572572572573
595,404,6.62016806722689,6.88366336633663,999,6.72672672672673
590,409,6.63389830508475,6.88264058679707,999,6.73573573573574
582,417,6.62371134020619,6.88729016786571,999,6.73373373373373
582,417,6.62371134020619,6.87529976019185,999,6.72872872872873
588,411,6.63775510204082,6.87104622871046,999,6.73373373373373
578,421,6.64532871972318,6.86935866983373,999,6.73973973973974
569,430,6.64323374340949,6.86511627906977,999,6.73873873873874
557,442,6.64093357271095,6.86651583710407,999,6.74074074074074
560,439,6.63571428571429,6.85876993166287,999,6.73373373373373
564,435,6.63475177304965,6.87816091954023,999,6.74074074074074
585,414,6.64615384615385,6.88164251207729,999,6.74374374374374
580,419,6.65,6.8854415274463,999,6.74874874874875
579,420,6.6545768566494,6.88333333333333,999,6.75075075075075
586,413,6.65358361774744,6.87893462469734,999,6.74674674674675
600,399,6.66166666666667,6.8796992481203,999,6.74874874874875
594,405,6.67003367003367,6.87654320987654,999,6.75375375375375
596,403,6.65939597315436,6.88833746898263,999,6.75175175175175
589,410,6.68081494057725,6.89756097560976,999,6.76976976976977
593,406,6.68971332209106,6.89162561576355,999,6.77177177177177
593,406,6.68634064080944,6.87684729064039,999,6.76376376376376
593,406,6.68128161888701,6.87931034482759,999,6.76176176176176
594,405,6.68013468013468,6.87654320987654,999,6.75975975975976
587,412,6.67461669505963,6.87621359223301,999,6.75775775775776
600,399,6.67,6.8796992481203,999,6.75375375375375
604,395,6.65562913907285,6.88607594936709,999,6.74674674674675
598,401,6.66387959866221,6.88279301745636,999,6.75175175175175
595,404,6.66890756302521,6.88861386138614,999,6.75775775775776
610,389,6.66393442622951,6.88688946015424,999,6.75075075075075
613,386,6.67047308319739,6.89119170984456,999,6.75575575575576
615,384,6.66991869918699,6.8828125,999,6.75175175175175
615,384,6.67642276422764,6.88541666666667,999,6.75675675675676
605,394,6.67768595041322,6.88578680203046,999,6.75975975975976
599,400,6.67445742904841,6.8875,999,6.75975975975976
597,402,6.67336683417085,6.88308457711443,999,6.75775775775776
592,407,6.67736486486486,6.89189189189189,999,6.76476476476476
592,407,6.66891891891892,6.88452088452088,999,6.75675675675676
592,407,6.67905405405405,6.89189189189189,999,6.76576576576577
590,409,6.67796610169492,6.88997555012225,999,6.76476476476476
589,410,6.67911714770798,6.89268292682927,999,6.76676676676677
592,407,6.6722972972973,6.8968058968059,999,6.76376376376376
573,426,6.67888307155323,6.8943661971831,999,6.77077077077077
574,425,6.69337979094077,6.89647058823529,999,6.77977977977978
560,439,6.6875,6.89066059225513,999,6.77677677677678
554,445,6.68772563176895,6.89213483146067,999,6.77877877877878
551,448,6.68965517241379,6.890625,999,6.77977977977978
553,446,6.68896925858951,6.89461883408072,999,6.78078078078078
555,444,6.67567567567568,6.88513513513514,999,6.76876876876877
560,439,6.675,6.88610478359909,999,6.76776776776777
557,442,6.67504488330341,6.89140271493213,999,6.77077077077077
561,438,6.66666666666667,6.87899543378995,999,6.75975975975976
567,432,6.67019400352734,6.87731481481481,999,6.75975975975976
566,433,6.68727915194346,6.87528868360277,999,6.76876876876877
573,426,6.69109947643979,6.88732394366197,999,6.77477477477477
565,434,6.68495575221239,6.88479262672811,999,6.77177177177177
567,432,6.68253968253968,6.87731481481481,999,6.76676676676677
567,432,6.70194003527337,6.87731481481481,999,6.77777777777778
562,437,6.69928825622776,6.8695652173913,999,6.77377377377377
566,433,6.69787985865724,6.86143187066975,999,6.76876876876877
556,443,6.70323741007194,6.86004514672686,999,6.77277277277277
559,440,6.69409660107334,6.85227272727273,999,6.76376376376376
564,435,6.70212765957447,6.84827586206897,999,6.76576576576577
563,436,6.70870337477797,6.85550458715596,999,6.77277277277277
557,442,6.70915619389587,6.86425339366516,999,6.77777777777778
551,448,6.71869328493648,6.85714285714286,999,6.78078078078078
558,441,6.70967741935484,6.859410430839,999,6.77577577577578
556,443,6.7158273381295,6.84875846501129,999,6.77477477477477
563,436,6.70870337477797,6.8394495412844,999,6.76576576576577
551,448,6.69872958257713,6.82589285714286,999,6.75575575575576
553,446,6.6998191681736,6.83408071748879,999,6.75975975975976
547,452,6.69469835466179,6.83407079646018,999,6.75775775775776
546,453,6.68864468864469,6.83664459161148,999,6.75575575575576
544,455,6.6875,6.84615384615385,999,6.75975975975976
539,460,6.68645640074211,6.83913043478261,999,6.75675675675676
538,461,6.69702602230483,6.84164859002169,999,6.76376376376376
539,460,6.69758812615955,6.84565217391304,999,6.76576576576577
537,462,6.70018621973929,6.83549783549784,999,6.76276276276276
537,462,6.68901303538175,6.83549783549784,999,6.75675675675676
530,469,6.70377358490566,6.82089552238806,999,6.75875875875876
532,467,6.71052631578947,6.81798715203426,999,6.76076076076076
523,476,6.7131931166348,6.81932773109244,999,6.76376376376376
525,474,6.71238095238095,6.82489451476793,999,6.76576576576577
526,473,6.71102661596958,6.81606765327696,999,6.76076076076076
525,474,6.71238095238095,6.80379746835443,999,6.75575575575576
523,476,6.7131931166348,6.81302521008403,999,6.76076076076076
514,485,6.71789883268483,6.81649484536082,999,6.76576576576577
511,488,6.7279843444227,6.81762295081967,999,6.77177177177177
511,488,6.72602739726027,6.80327868852459,999,6.76376376376376
516,483,6.73449612403101,6.80124223602484,999,6.76676676676677
503,496,6.73956262425447,6.79838709677419,999,6.76876876876877
500,499,6.734,6.78356713426854,999,6.75875875875876
494,505,6.74089068825911,6.79207920792079,999,6.76676676676677
493,506,6.7342799188641,6.79249011857708,999,6.76376376376376
497,502,6.74849094567404,6.78685258964143,999,6.76776776776777
510,489,6.75098039215686,6.80163599182004,999,6.77577577577578
499,500,6.75751503006012,6.814,999,6.78578578578579
492,507,6.74390243902439,6.82445759368836,999,6.78478478478478
498,501,6.73493975903614,6.82035928143713,999,6.77777777777778
501,498,6.73453093812375,6.81927710843374,999,6.77677677677678
491,508,6.73319755600815,6.81889763779528,999,6.77677677677678
499,500,6.7374749498998,6.812,999,6.77477477477477
497,502,6.72837022132797,6.81872509960159,999,6.77377377377377
488,511,6.73360655737705,6.82191780821918,999,6.77877877877878
492,507,6.73373983739837,6.81854043392505,999,6.77677677677678
486,513,6.73045267489712,6.82261208576998,999,6.77777777777778
486,513,6.73045267489712,6.81286549707602,999,6.77277277277277
492,507,6.73577235772358,6.81262327416174,999,6.77477477477477
476,523,6.73109243697479,6.80497131931166,999,6.76976976976977
481,518,6.72972972972973,6.81081081081081,999,6.77177177177177
475,524,6.72210526315789,6.82824427480916,999,6.77777777777778
466,533,6.72532188841202,6.84052532833021,999,6.78678678678679
474,525,6.73417721518987,6.84571428571429,999,6.79279279279279
458,541,6.72707423580786,6.82994454713493,999,6.78278278278278
458,541,6.72489082969432,6.82994454713493,999,6.78178178178178
457,542,6.71115973741794,6.82841328413284,999,6.77477477477477
455,544,6.70769230769231,6.82536764705882,999,6.77177177177177
453,546,6.69757174392936,6.83150183150183,999,6.77077077077077
457,542,6.70021881838074,6.82841328413284,999,6.76976976976977
471,528,6.70276008492569,6.81818181818182,999,6.76376376376376
469,530,6.71215351812367,6.82641509433962,999,6.77277277277277
475,524,6.70526315789474,6.8206106870229,999,6.76576576576577
464,535,6.72198275862069,6.82429906542056,999,6.77677677677678
460,539,6.71521739130435,6.81818181818182,999,6.77077077077077
444,555,6.70720720720721,6.82882882882883,999,6.77477477477477
450,549,6.70666666666667,6.83788706739526,999,6.77877877877878
443,556,6.70880361173815,6.82913669064748,999,6.77577577577578
424,575,6.71698113207547,6.82434782608696,999,6.77877877877878
418,581,6.70574162679426,6.83304647160069,999,6.77977977977978
419,580,6.6873508353222,6.83620689655172,999,6.77377377377377
423,576,6.68794326241135,6.83506944444444,999,6.77277277277277
415,584,6.68915662650602,6.82705479452055,999,6.76976976976977
426,573,6.68544600938967,6.82722513089005,999,6.76676676676677
414,585,6.68115942028986,6.83589743589744,999,6.77177177177177
420,579,6.67857142857143,6.83246977547496,999,6.76776776776777
423,576,6.67139479905437,6.83159722222222,999,6.76376376376376
410,589,6.66829268292683,6.82682512733447,999,6.76176176176176
411,588,6.65206812652068,6.84353741496599,999,6.76476476476476
412,587,6.65533980582524,6.84667802385009,999,6.76776776776777
425,574,6.65411764705882,6.83623693379791,999,6.75875875875876
417,582,6.66426858513189,6.83848797250859,999,6.76576576576577
418,581,6.66267942583732,6.83993115318416,999,6.76576576576577
417,582,6.66906474820144,6.83676975945017,999,6.76676676676677
410,589,6.6609756097561,6.8251273344652,999,6.75775775775776
403,596,6.65012406947891,6.82214765100671,999,6.75275275275275
406,593,6.6576354679803,6.83136593591906,999,6.76076076076076
410,589,6.64878048780488,6.82682512733447,999,6.75375375375375
412,587,6.66019417475728,6.83645655877342,999,6.76376376376376
424,575,6.65566037735849,6.82782608695652,999,6.75475475475475
426,573,6.65492957746479,6.83595113438045,999,6.75875875875876
427,572,6.63466042154567,6.82692307692308,999,6.74474474474474
413,586,6.63680387409201,6.83105802047782,999,6.75075075075075
404,595,6.62376237623762,6.83361344537815,999,6.74874874874875
403,596,6.62531017369727,6.8255033557047,999,6.74474474474474
395,604,6.6126582278481,6.81456953642384,999,6.73473473473473
399,600,6.61904761904762,6.82333333333333,999,6.74174174174174
398,601,6.61809045226131,6.82029950083195,999,6.73973973973974
400,599,6.6225,6.82804674457429,999,6.74574574574575
389,610,6.61953727506427,6.8344262295082,999,6.75075075075075
385,614,6.62597402597403,6.84364820846906,999,6.75975975975976
386,613,6.62953367875648,6.83849918433932,999,6.75775775775776
384,615,6.609375,6.84065040650407,999,6.75175175175175
382,617,6.6282722513089,6.83792544570502,999,6.75775775775776
386,613,6.63212435233161,6.82871125611746,999,6.75275275275275
379,620,6.64643799472296,6.83225806451613,999,6.76176176176176
375,624,6.65066666666667,6.82692307692308,999,6.76076076076076
376,623,6.64627659574468,6.82343499197432,999,6.75675675675676
377,622,6.64190981432361,6.82315112540193,999,6.75475475475475
370,629,6.64324324324324,6.82829888712242,999,6.75975975975976
368,631,6.625,6.82250396196513,999,6.74974974974975
368,631,6.62228260869565,6.82091917591125,999,6.74774774774775
368,631,6.60597826086957,6.81774960380349,999,6.73973973973974
378,621,6.60582010582011,6.81481481481481,999,6.73573573573574
366,633,6.60928961748634,6.81516587677725,999,6.73973973973974
356,643,6.60955056179775,6.81959564541213,999,6.74474474474474
356,643,6.60674157303371,6.81804043545879,999,6.74274274274274
372,627,6.61021505376344,6.81499202551834,999,6.73873873873874
374,625,6.62566844919786,6.8224,999,6.74874874874875
357,642,6.6078431372549,6.81775700934579,999,6.74274274274274
363,636,6.6198347107438,6.81761006289308,999,6.74574574574575
365,634,6.61917808219178,6.8186119873817,999,6.74574574574575
366,633,6.62295081967213,6.81042654028436,999,6.74174174174174
360,639,6.62777777777778,6.80907668231612,999,6.74374374374374
365,634,6.63561643835616,6.80914826498423,999,6.74574574574575
359,640,6.63788300835655,6.821875,999,6.75575575575576
362,637,6.63812154696133,6.81789638932496,999,6.75275275275275
375,624,6.632,6.82532051282051,999,6.75275275275275
377,622,6.62864721485411,6.81511254019293,999,6.74474474474474
382,617,6.64921465968586,6.82009724473258,999,6.75475475475475
393,606,6.64631043256997,6.83003300330033,999,6.75775775775776
395,604,6.62784810126582,6.82450331125828,999,6.74674674674675
381,618,6.63517060367454,6.8252427184466,999,6.75275275275275
388,611,6.62628865979381,6.82651391162029,999,6.74874874874875
385,614,6.65454545454545,6.83550488599349,999,6.76576576576577
370,629,6.66756756756757,6.8362480127186,999,6.77377377377377
378,621,6.66666666666667,6.8341384863124,999,6.77077077077077
377,622,6.6684350132626,6.83601286173633,999,6.77277277277277
360,639,6.66111111111111,6.84037558685446,999,6.77577577577578
369,630,6.66666666666667,6.84920634920635,999,6.78178178178178
382,617,6.65968586387435,6.84278768233387,999,6.77277277277277
379,620,6.65963060686016,6.84516129032258,999,6.77477477477477
367,632,6.65122615803815,6.84335443037975,999,6.77277277277277
373,626,6.64611260053619,6.83865814696486,999,6.76676676676677
370,629,6.65405405405405,6.84260731319555,999,6.77277277277277
378,621,6.66137566137566,6.84057971014493,999,6.77277277277277
363,636,6.65564738292011,6.84119496855346,999,6.77377377377377
365,634,6.65205479452055,6.84384858044164,999,6.77377377377377
360,639,6.66111111111111,6.85133020344288,999,6.78278278278278
357,642,6.65546218487395,6.84267912772586,999,6.77577577577578
366,633,6.65300546448087,6.84676145339652,999,6.77577577577578
364,635,6.6510989010989,6.84724409448819,999,6.77577577577578
370,629,6.65405405405405,6.8489666136725,999,6.77677677677678
369,630,6.65853658536585,6.85714285714286,999,6.78378378378378
353,646,6.64872521246459,6.85758513931889,999,6.78378378378378
360,639,6.65277777777778,6.85602503912363,999,6.78278278278278
362,637,6.65469613259669,6.84929356357928,999,6.77877877877878
369,630,6.64227642276423,6.85873015873016,999,6.77877877877878
367,632,6.61852861035422,6.8496835443038,999,6.76476476476476
377,622,6.61803713527851,6.85691318327974,999,6.76676676676677
371,628,6.6199460916442,6.85509554140127,999,6.76776776776777
373,626,6.61930294906166,6.84664536741214,999,6.76176176176176
382,617,6.63089005235602,6.85089141004862,999,6.76676676676677
382,617,6.64659685863874,6.85251215559157,999,6.77377377377377
384,615,6.6328125,6.85528455284553,999,6.76976976976977
381,618,6.63517060367454,6.84789644012945,999,6.76676676676677
387,612,6.62273901808785,6.83660130718954,999,6.75375375375375
384,615,6.6171875,6.84390243902439,999,6.75675675675676
390,609,6.62051282051282,6.83743842364532,999,6.75275275275275
382,617,6.6282722513089,6.83630470016207,999,6.75675675675676
375,624,6.63466666666667,6.84455128205128,999,6.76576576576577
378,621,6.64814814814815,6.83735909822866,999,6.76576576576577
390,609,6.65128205128205,6.83579638752053,999,6.76376376376376
388,611,6.64175257731959,6.83633387888707,999,6.76076076076076
384,615,6.63020833333333,6.82764227642276,999,6.75175175175175
389,610,6.6401028277635,6.82950819672131,999,6.75575575575576
386,613,6.65025906735751,6.84339314845024,999,6.76876876876877
378,621,6.65343915343915,6.84541062801932,999,6.77277277277277
375,624,6.656,6.83814102564103,999,6.76976976976977
371,628,6.65229110512129,6.8359872611465,999,6.76776776776777
373,626,6.6514745308311,6.83226837060703,999,6.76476476476476
373,626,6.65683646112601,6.82747603833866,999,6.76376376376376
379,620,6.67018469656992,6.83387096774194,999,6.77177177177177
381,618,6.65616797900262,6.83333333333333,999,6.76576576576577
373,626,6.65415549597855,6.84185303514377,999,6.77177177177177
379,620,6.66754617414248,6.83387096774194,999,6.77077077077077
371,628,6.6900269541779,6.8359872611465,999,6.78178178178178
374,625,6.68983957219251,6.84,999,6.78378378378378
375,624,6.68266666666667,6.82051282051282,999,6.76876876876877
377,622,6.68435013262599,6.82154340836013,999,6.76976976976977
379,620,6.69656992084433,6.83064516129032,999,6.77977977977978
383,616,6.67885117493473,6.82792207792208,999,6.77077077077077
386,613,6.69170984455959,6.82544861337684,999,6.77377377377377
396,603,6.68181818181818,6.81923714759536,999,6.76476476476476
398,601,6.68090452261307,6.82029950083195,999,6.76476476476476
389,610,6.67352185089974,6.81311475409836,999,6.75875875875876
400,599,6.6725,6.81469115191987,999,6.75775775775776
395,604,6.67088607594937,6.82119205298013,999,6.76176176176176
393,606,6.64631043256997,6.81683168316832,999,6.74974974974975
390,609,6.66666666666667,6.81609195402299,999,6.75775775775776
393,606,6.65394402035623,6.81353135313531,999,6.75075075075075
389,610,6.65038560411311,6.81967213114754,999,6.75375375375375
392,607,6.6530612244898,6.8171334431631,999,6.75275275275275
395,604,6.65822784810127,6.82781456953642,999,6.76076076076076
392,607,6.66326530612245,6.833607907743,999,6.76676676676677
385,614,6.64155844155844,6.82736156351792,999,6.75575575575576
384,615,6.65104166666667,6.8260162601626,999,6.75875875875876
387,612,6.65633074935401,6.83333333333333,999,6.76476476476476
383,616,6.67362924281984,6.83279220779221,999,6.77177177177177
383,616,6.67362924281984,6.80519480519481,999,6.75475475475475
389,610,6.67095115681234,6.82459016393443,999,6.76476476476476
386,613,6.66321243523316,6.80750407830343,999,6.75175175175175
377,622,6.6631299734748,6.81028938906752,999,6.75475475475475
375,624,6.65866666666667,6.82692307692308,999,6.76376376376376
380,619,6.63684210526316,6.84168012924071,999,6.76376376376376
370,629,6.62432432432432,6.8362480127186,999,6.75775775775776
370,629,6.61891891891892,6.8362480127186,999,6.75575575575576
364,635,6.61538461538461,6.84409448818898,999,6.76076076076076
358,641,6.60055865921788,6.8393135725429,999,6.75375375375375
356,643,6.60112359550562,6.83670295489891,999,6.75275275275275
367,632,6.60217983651226,6.83860759493671,999,6.75175175175175
372,627,6.61827956989247,6.84051036682616,999,6.75775775775776
376,623,6.61968085106383,6.8346709470305,999,6.75375375375375
372,627,6.62096774193548,6.83732057416268,999,6.75675675675676
359,640,6.64066852367688,6.834375,999,6.76476476476476
365,634,6.63287671232877,6.8217665615142,999,6.75275275275275
364,635,6.63736263736264,6.83149606299213,999,6.76076076076076
375,624,6.63733333333333,6.8349358974359,999,6.76076076076076
376,623,6.63031914893617,6.83788121990369,999,6.75975975975976
366,633,6.61475409836066,6.83886255924171,999,6.75675675675676
375,624,6.616,6.84294871794872,999,6.75775775775776
374,625,6.60695187165775,6.8416,999,6.75375375375375
369,630,6.61788617886179,6.83968253968254,999,6.75775775775776
369,630,6.63143631436314,6.85079365079365,999,6.76976976976977
368,631,6.63315217391304,6.84627575277338,999,6.76776776776777
368,631,6.63315217391304,6.84310618066561,999,6.76576576576577
366,633,6.63934426229508,6.84676145339652,999,6.77077077077077
365,634,6.62191780821918,6.84700315457413,999,6.76476476476476
354,645,6.62429378531073,6.84341085271318,999,6.76576576576577
352,647,6.61647727272727,6.83616692426584,999,6.75875875875876
347,652,6.62536023054755,6.83128834355828,999,6.75975975975976
348,651,6.61781609195402,6.83870967741935,999,6.76176176176176
358,641,6.63128491620112,6.8408736349454,999,6.76576576576577
358,641,6.63128491620112,6.83307332293292,999,6.76076076076076
359,640,6.63509749303621,6.828125,999,6.75875875875876
363,636,6.63636363636364,6.82547169811321,999,6.75675675675676
340,659,6.63235294117647,6.81790591805766,999,6.75475475475475
341,658,6.62463343108504,6.82826747720365,999,6.75875875875876
346,653,6.60693641618497,6.8208269525268,999,6.74674674674675
341,658,6.60703812316716,6.82826747720365,999,6.75275275275275
336,663,6.60416666666667,6.82805429864253,999,6.75275275275275
324,675,6.61728395061728,6.82814814814815,999,6.75975975975976
334,665,6.60778443113772,6.82706766917293,999,6.75375375375375
338,661,6.60650887573965,6.83812405446294,999,6.75975975975976
332,667,6.62048192771084,6.84707646176912,999,6.77177177177177
333,666,6.61561561561562,6.84684684684685,999,6.76976976976977
326,673,6.60736196319018,6.84695393759287,999,6.76876876876877
327,672,6.59327217125382,6.84970238095238,999,6.76576576576577
330,669,6.57272727272727,6.85500747384155,999,6.76176176176176
327,672,6.57798165137615,6.84970238095238,999,6.76076076076076
322,677,6.58385093167702,6.8493353028065,999,6.76376376376376
314,685,6.58917197452229,6.84963503649635,999,6.76776776776777
313,686,6.58466453674121,6.84985422740525,999,6.76676676676677
318,681,6.60062893081761,6.84434654919236,999,6.76676676676677
313,686,6.5814696485623,6.84256559766764,999,6.76076076076076
309,690,6.5663430420712,6.8463768115942,999,6.75975975975976
308,691,6.5487012987013,6.8465991316932,999,6.75475475475475
323,676,6.56037151702786,6.84171597633136,999,6.75075075075075
328,671,6.54573170731707,6.84649776453055,999,6.74774774774775
325,674,6.55076923076923,6.8486646884273,999,6.75175175175175
327,672,6.5474006116208,6.84821428571429,999,6.74974974974975
328,671,6.54878048780488,6.84351713859911,999,6.74674674674675
335,664,6.54925373134328,6.8433734939759,999,6.74474474474474
343,656,6.54810495626822,6.84146341463415,999,6.74074074074074
338,661,6.53254437869822,6.84266263237519,999,6.73773773773774
340,659,6.50882352941176,6.84218512898331,999,6.72872872872873
330,669,6.51515151515152,6.847533632287,999,6.73773773773774
316,683,6.50949367088608,6.85505124450952,999,6.74574574574575
324,675,6.49382716049383,6.8562962962963,999,6.73873873873874
324,675,6.47839506172839,6.85333333333333,999,6.73173173173173
321,678,6.47663551401869,6.85103244837758,999,6.73073073073073
313,686,6.46006389776358,6.84839650145773,999,6.72672672672673
309,690,6.47249190938511,6.83623188405797,999,6.72372372372372
303,696,6.49174917491749,6.83477011494253,999,6.73073073073073
315,684,6.48253968253968,6.84941520467836,999,6.73373373373373
310,689,6.5,6.84760522496372,999,6.73973973973974
308,691,6.51623376623377,6.8451519536903,999,6.74374374374374
301,698,6.50830564784053,6.84240687679083,999,6.74174174174174
308,691,6.50649350649351,6.8451519536903,999,6.74074074074074
301,698,6.54152823920266,6.85100286532951,999,6.75775775775776
307,692,6.54071661237785,6.86127167630058,999,6.76276276276276
308,691,6.54545454545455,6.86107091172214,999,6.76376376376376
306,693,6.55228758169935,6.86291486291486,999,6.76776776776777
317,682,6.54574132492114,6.86510263929619,999,6.76376376376376
313,686,6.54313099041534,6.86297376093294,999,6.76276276276276
312,687,6.54807692307692,6.86317321688501,999,6.76476476476476
316,683,6.55379746835443,6.87994143484627,999,6.77677677677678
312,687,6.55448717948718,6.882096069869,999,6.77977977977978
315,684,6.55238095238095,6.8859649122807,999,6.78078078078078
317,682,6.5615141955836,6.88563049853372,999,6.78278278278278
311,688,6.55948553054662,6.88662790697674,999,6.78478478478478
307,692,6.56351791530945,6.88150289017341,999,6.78378378378378
306,693,6.55882352941176,6.88600288600289,999,6.78578578578579
311,688,6.54019292604502,6.88808139534884,999,6.77977977977978
304,695,6.53618421052632,6.88345323741007,999,6.77777777777778
302,697,6.5364238410596,6.88665710186514,999,6.78078078078078
295,704,6.53898305084746,6.89488636363636,999,6.78978978978979
302,697,6.53973509933775,6.8909612625538,999,6.78478478478478
307,692,6.55048859934853,6.88872832369942,999,6.78478478478478
299,700,6.56521739130435,6.88428571428571,999,6.78878878878879
309,690,6.58899676375405,6.88840579710145,999,6.7957957957958
312,687,6.58333333333333,6.88500727802038,999,6.79079079079079
311,688,6.55948553054662,6.89098837209302,999,6.78778778778779
316,683,6.53164556962025,6.8814055636896,999,6.77077077077077
318,681,6.52830188679245,6.88986784140969,999,6.77477477477477
318,681,6.53459119496855,6.87665198237885,999,6.76776776776777
312,687,6.53525641025641,6.87045123726346,999,6.76576576576577
311,688,6.54019292604502,6.87063953488372,999,6.76776776776777
311,688,6.58199356913183,6.85755813953488,999,6.77177177177177
307,692,6.60586319218241,6.86416184971098,999,6.78478478478478
320,679,6.596875,6.86450662739322,999,6.77877877877878
317,682,6.5993690851735,6.86950146627566,999,6.78378378378378
320,679,6.596875,6.86156111929308,999,6.77677677677678
327,672,6.58409785932722,6.86309523809524,999,6.77177177177177
330,669,6.57575757575758,6.85949177877429,999,6.76576576576577
332,667,6.56626506024096,6.8575712143928,999,6.76076076076076
332,667,6.56325301204819,6.86356821589205,999,6.76376376376376
324,675,6.53395061728395,6.8637037037037,999,6.75675675675676
322,677,6.53726708074534,6.87001477104874,999,6.76276276276276
319,680,6.52978056426332,6.86323529411765,999,6.75675675675676
315,684,6.53333333333333,6.86549707602339,999,6.76076076076076
318,681,6.54088050314465,6.85462555066079,999,6.75475475475475
314,685,6.54777070063694,6.84379562043796,999,6.75075075075075
315,684,6.54920634920635,6.84210526315789,999,6.74974974974975
322,677,6.54968944099379,6.85228951255539,999,6.75475475475475
316,683,6.53481012658228,6.85944363103953,999,6.75675675675676
322,677,6.51242236024845,6.8493353028065,999,6.74074074074074
326,673,6.52147239263804,6.85141158989599,999,6.74374374374374
345,654,6.53333333333333,6.84709480122324,999,6.73873873873874
347,652,6.52449567723343,6.83895705521472,999,6.72972972972973
345,654,6.50724637681159,6.83792048929664,999,6.72372372372372
341,658,6.51906158357771,6.8434650455927,999,6.73273273273273
351,648,6.51851851851852,6.84104938271605,999,6.72772772772773
361,638,6.5180055401662,6.84012539184953,999,6.72372372372372
360,639,6.51388888888889,6.84663536776213,999,6.72672672672673
358,641,6.52234636871508,6.85491419656786,999,6.73573573573574
353,646,6.50991501416431,6.85913312693498,999,6.73573573573574
343,656,6.50728862973761,6.86890243902439,999,6.74474474474474
343,656,6.50145772594752,6.86737804878049,999,6.74174174174174
348,651,6.51149425287356,6.86328725038402,999,6.74074074074074
343,656,6.50145772594752,6.875,999,6.74674674674675
338,661,6.49704142011834,6.87594553706505,999,6.74774774774775
334,665,6.50898203592814,6.8812030075188,999,6.75675675675676
344,655,6.49418604651163,6.88702290076336,999,6.75175175175175
346,653,6.49421965317919,6.88361408882083,999,6.74874874874875
339,660,6.49557522123894,6.87727272727273,999,6.74774774774775
341,658,6.50146627565982,6.87841945288754,999,6.74974974974975
337,662,6.49554896142433,6.87009063444109,999,6.74374374374374
342,657,6.48830409356725,6.87214611872146,999,6.74074074074074
342,657,6.48245614035088,6.87671232876712,999,6.74174174174174
340,659,6.46176470588235,6.87708649468892,999,6.73573573573574
346,653,6.46820809248555,6.88208269525268,999,6.73873873873874
341,658,6.4633431085044,6.88601823708207,999,6.74174174174174
336,663,6.46428571428571,6.89140271493213,999,6.74774774774775
341,658,6.4574780058651,6.8951367781155,999,6.74574574574575
336,663,6.44345238095238,6.89291101055807,999,6.74174174174174
335,664,6.44179104477612,6.90060240963855,999,6.74674674674675
346,653,6.43352601156069,6.90505359877489,999,6.74174174174174
348,651,6.41666666666667,6.90476190476191,999,6.73473473473473
347,652,6.4207492795389,6.90337423312883,999,6.73573573573574
347,652,6.4149855907781,6.90337423312883,999,6.73373373373373
345,654,6.40579710144928,6.90519877675841,999,6.73273273273273
349,650,6.38395415472779,6.90923076923077,999,6.72572572572573
346,653,6.36127167630058,6.90199081163859,999,6.71471471471471
354,645,6.35593220338983,6.90077519379845,999,6.70770770770771
361,638,6.36565096952909,6.89341692789969,999,6.7027027027027
359,640,6.35654596100279,6.8890625,999,6.6976976976977
357,642,6.35294117647059,6.88473520249221,999,6.69469469469469
357,642,6.35854341736695,6.89096573208723,999,6.7007007007007
357,642,6.36694677871148,6.88785046728972,999,6.7017017017017
350,649,6.37142857142857,6.88135593220339,999,6.7027027027027
355,644,6.36056338028169,6.88975155279503,999,6.7017017017017
354,645,6.36440677966102,6.88217054263566,999,6.6986986986987
352,647,6.35511363636364,6.87635239567233,999,6.69269269269269
356,643,6.37078651685393,6.86780715396579,999,6.69069069069069
361,638,6.37950138504155,6.858934169279,999,6.68568568568569
358,641,6.35754189944134,6.85491419656786,999,6.67667667667668
350,649,6.34571428571429,6.85362095531587,999,6.67567567567568
348,651,6.34195402298851,6.85560675883257,999,6.67667667667668
342,657,6.34795321637427,6.85844748858448,999,6.68368368368368
348,651,6.3448275862069,6.85253456221198,999,6.67567567567568
340,659,6.37058823529412,6.85128983308042,999,6.68768768768769
350,649,6.36285714285714,6.8597842835131,999,6.68568568568569
356,643,6.35112359550562,6.84758942457232,999,6.67067067067067
366,633,6.35245901639344,6.84518167456556,999,6.66466466466466
365,634,6.36712328767123,6.84384858044164,999,6.66966966966967
354,645,6.35593220338983,6.84651162790698,999,6.67267267267267
354,645,6.35593220338983,6.85116279069767,999,6.67567567567568
348,651,6.35344827586207,6.85253456221198,999,6.67867867867868
350,649,6.35428571428571,6.85670261941448,999,6.68068068068068
356,643,6.35393258426966,6.84914463452566,999,6.67267267267267
347,652,6.35446685878963,6.8420245398773,999,6.67267267267267
336,663,6.34523809523809,6.84615384615385,999,6.67767767767768
346,653,6.34104046242775,6.83767228177642,999,6.66566566566567
355,644,6.34366197183099,6.83385093167702,999,6.65965965965966
354,645,6.34745762711864,6.83100775193798,999,6.65965965965966
364,635,6.34340659340659,6.83464566929134,999,6.65565565565566
354,645,6.34745762711864,6.83255813953488,999,6.66066066066066
353,646,6.35127478753541,6.8343653250774,999,6.66366366366366
368,631,6.34510869565217,6.8351822503962,999,6.65465465465465
368,631,6.33967391304348,6.83359746434231,999,6.65165165165165
371,628,6.33423180592992,6.82802547770701,999,6.64464464464464
362,637,6.34806629834254,6.83045525902669,999,6.65565565565566
365,634,6.33424657534247,6.82334384858044,999,6.64464464464464
366,633,6.33606557377049,6.82148499210111,999,6.64364364364364
371,628,6.3288409703504,6.81687898089172,999,6.63563563563564
373,626,6.33243967828418,6.81309904153355,999,6.63363363363363
375,624,6.32,6.80288461538461,999,6.62162162162162
369,630,6.33333333333333,6.8031746031746,999,6.62962962962963
364,635,6.33791208791209,6.80472440944882,999,6.63463463463463
363,636,6.32782369146005,6.80188679245283,999,6.62962962962963
365,634,6.31232876712329,6.79652996845426,999,6.61961961961962
362,637,6.31767955801105,6.81004709576138,999,6.63163163163163
377,622,6.342175066313,6.80385852090032,999,6.62962962962963
372,627,6.35215053763441,6.792663476874,999,6.62862862862863
367,632,6.35694822888283,6.78322784810127,999,6.62662662662663
369,630,6.36043360433604,6.78888888888889,999,6.63063063063063
370,629,6.37567567567568,6.78855325914149,999,6.63563563563564
374,625,6.36898395721925,6.7968,999,6.63663663663664
375,624,6.36,6.79487179487179,999,6.63163163163163
366,633,6.36338797814208,6.79462875197472,999,6.63663663663664
366,633,6.35792349726776,6.80094786729858,999,6.63863863863864
361,638,6.35457063711911,6.80877742946708,999,6.64464464464464
374,625,6.36096256684492,6.8,999,6.63563563563564
378,621,6.34920634920635,6.80676328502415,999,6.63363363363363
379,620,6.35356200527704,6.81129032258065,999,6.63763763763764
382,617,6.35340314136126,6.81847649918963,999,6.64064064064064
382,617,6.3455497382199,6.81847649918963,999,6.63763763763764
378,621,6.36243386243386,6.81803542673108,999,6.64564564564565
380,619,6.35789473684211,6.82229402261712,999,6.64564564564565
382,617,6.3717277486911,6.82171799027553,999,6.64964964964965
375,624,6.37866666666667,6.81570512820513,999,6.65165165165165
379,620,6.39313984168865,6.81935483870968,999,6.65765765765766
374,625,6.38502673796791,6.8112,999,6.65165165165165
388,611,6.38917525773196,6.81342062193126,999,6.64864864864865
387,612,6.39276485788114,6.80718954248366,999,6.64664664664665
391,608,6.38363171355499,6.82072368421053,999,6.64964964964965
395,604,6.40253164556962,6.80794701986755,999,6.64764764764765
392,607,6.4030612244898,6.81054365733114,999,6.65065065065065
402,597,6.39054726368159,6.81574539363484,999,6.64464464464464
416,583,6.38461538461539,6.8147512864494,999,6.63563563563564
412,587,6.36650485436893,6.8160136286201,999,6.63063063063063
411,588,6.38442822384428,6.80612244897959,999,6.63263263263263
418,581,6.37799043062201,6.80895008605852,999,6.62862862862863
419,580,6.34606205250597,6.80172413793103,999,6.61061061061061
428,571,6.35280373831776,6.80035026269702,999,6.60860860860861
439,560,6.35990888382688,6.79642857142857,999,6.6046046046046
433,566,6.364896073903,6.80918727915194,999,6.61661661661662
434,565,6.36635944700461,6.8141592920354,999,6.61961961961962
423,576,6.36406619385343,6.80729166666667,999,6.61961961961962
419,580,6.35322195704057,6.80344827586207,999,6.61461461461461
415,584,6.33253012048193,6.79623287671233,999,6.6036036036036
418,581,6.3444976076555,6.80034423407917,999,6.60960960960961
414,585,6.35024154589372,6.78803418803419,999,6.60660660660661
420,579,6.35,6.78411053540587,999,6.6016016016016
423,576,6.35224586288416,6.78125,999,6.5995995995996
430,569,6.34651162790698,6.78031634446397,999,6.59359359359359
424,575,6.35377358490566,6.78086956521739,999,6.5995995995996
412,587,6.35679611650485,6.76831345826235,999,6.5985985985986
416,583,6.34855769230769,6.77358490566038,999,6.5965965965966
422,577,6.36018957345972,6.76776429809359,999,6.5955955955956
415,584,6.36385542168675,6.76198630136986,999,6.5965965965966
414,585,6.35990338164251,6.76581196581197,999,6.5975975975976
414,585,6.36231884057971,6.75555555555556,999,6.59259259259259
413,586,6.35593220338983,6.76109215017065,999,6.59359359359359
414,585,6.35990338164251,6.76581196581197,999,6.5975975975976
413,586,6.37046004842615,6.77815699658703,999,6.60960960960961
413,586,6.37772397094431,6.76962457337884,999,6.60760760760761
419,580,6.36992840095465,6.76896551724138,999,6.6016016016016
432,567,6.37962962962963,6.76719576719577,999,6.5995995995996
427,572,6.37939110070258,6.75,999,6.59159159159159
426,573,6.38028169014085,6.74520069808028,999,6.58958958958959
425,574,6.36470588235294,6.75609756097561,999,6.58958958958959
418,581,6.35645933014354,6.75215146299484,999,6.58658658658659
421,578,6.34441805225653,6.73529411764706,999,6.57057057057057
425,574,6.34117647058823,6.7404181184669,999,6.57057057057057
419,580,6.34128878281623,6.73793103448276,999,6.57157157157157
421,578,6.33729216152019,6.74048442906574,999,6.57057057057057
426,573,6.34037558685446,6.7347294938918,999,6.56656656656657
421,578,6.33016627078385,6.72837370242215,999,6.56056056056056
405,594,6.35802469135802,6.74074074074074,999,6.58558558558559
407,592,6.34889434889435,6.73648648648649,999,6.57857857857858
408,591,6.3406862745098,6.72081218274112,999,6.56556556556557
419,580,6.31980906921241,6.70689655172414,999,6.54454454454454
412,587,6.31553398058252,6.71209540034072,999,6.54854854854855
421,578,6.31591448931116,6.70069204152249,999,6.53853853853854
423,576,6.3096926713948,6.68576388888889,999,6.52652652652653
419,580,6.30787589498807,6.68620689655172,999,6.52752752752753
417,582,6.30455635491607,6.68213058419244,999,6.52452452452452
417,582,6.30935251798561,6.68213058419244,999,6.52652652652653
424,575,6.30424528301887,6.68521739130435,999,6.52352352352352
411,588,6.29683698296837,6.68367346938776,999,6.52452452452452
405,594,6.28888888888889,6.67508417508417,999,6.51851851851852
406,593,6.2807881773399,6.69139966273187,999,6.52452452452452
407,592,6.2948402948403,6.69087837837838,999,6.52952952952953
412,587,6.28640776699029,6.68313458262351,999,6.51951951951952
408,591,6.2843137254902,6.68866328257191,999,6.52352352352352
405,594,6.27160493827161,6.69360269360269,999,6.52252252252252
395,604,6.27594936708861,6.71026490066225,999,6.53853853853854
394,605,6.27664974619289,6.69752066115703,999,6.53153153153153
393,606,6.264631043257,6.7029702970297,999,6.53053053053053
401,598,6.26683291770574,6.69899665551839,999,6.52552552552553
405,594,6.2641975308642,6.69191919191919,999,6.51851851851852
406,593,6.28325123152709,6.6964586846543,999,6.52852852852853
409,590,6.26650366748166,6.70169491525424,999,6.52352352352352
413,586,6.27602905569007,6.70819112627986,999,6.52952952952953
406,593,6.27832512315271,6.70826306913997,999,6.53353353353353
397,602,6.2896725440806,6.70764119601329,999,6.54154154154154
403,596,6.28287841191067,6.69630872483221,999,6.52952952952953
410,589,6.27560975609756,6.70458404074703,999,6.52852852852853
401,598,6.27182044887781,6.70735785953177,999,6.53253253253253
405,594,6.26913580246914,6.70707070707071,999,6.52952952952953
406,593,6.29310344827586,6.7150084317032,999,6.54354354354354
399,600,6.29824561403509,6.72,999,6.55155155155155
391,608,6.28900255754476,6.70888157894737,999,6.54454454454454
386,613,6.30051813471503,6.70799347471452,999,6.55055055055055
394,605,6.31979695431472,6.72396694214876,999,6.56456456456456
384,615,6.296875,6.72195121951219,999,6.55855855855856
392,607,6.31122448979592,6.72817133443163,999,6.56456456456456
383,616,6.31070496083551,6.71590909090909,999,6.56056056056056
388,611,6.30670103092783,6.71849427168576,999,6.55855855855856
389,610,6.31362467866324,6.72295081967213,999,6.56356356356356
388,611,6.30670103092783,6.72831423895254,999,6.56456456456456
377,622,6.30503978779841,6.73633440514469,999,6.57357357357357
378,621,6.2962962962963,6.74074074074074,999,6.57257257257257
384,615,6.31770833333333,6.75934959349594,999,6.58958958958959
388,611,6.32216494845361,6.7430441898527,999,6.57957957957958
381,618,6.2992125984252,6.75404530744337,999,6.58058058058058
370,629,6.29189189189189,6.75516693163752,999,6.58358358358358
381,618,6.2992125984252,6.74433656957929,999,6.57457457457457
386,613,6.29533678756477,6.74388254486134,999,6.57057057057057
391,608,6.28132992327366,6.74342105263158,999,6.56256256256256
391,608,6.28388746803069,6.73848684210526,999,6.56056056056056
390,609,6.28205128205128,6.73234811165846,999,6.55655655655656
389,610,6.27506426735219,6.7344262295082,999,6.55555555555556
399,600,6.27067669172932,6.73333333333333,999,6.54854854854855
407,592,6.25798525798526,6.73648648648649,999,6.54154154154154
407,592,6.27027027027027,6.74155405405405,999,6.54954954954955
409,590,6.27383863080685,6.75593220338983,999,6.55855855855856
411,588,6.27250608272506,6.74149659863946,999,6.54854854854855
411,588,6.27980535279805,6.73809523809524,999,6.54954954954955
408,591,6.2843137254902,6.73096446700508,999,6.54854854854855
404,595,6.27475247524752,6.74285714285714,999,6.55355355355355
406,593,6.29310344827586,6.73355817875211,999,6.55455455455455
412,587,6.29368932038835,6.73083475298126,999,6.55055055055055
405,594,6.30617283950617,6.71043771043771,999,6.54654654654655
408,591,6.31372549019608,6.71065989847716,999,6.54854854854855
408,591,6.29901960784314,6.70558375634518,999,6.53953953953954
408,591,6.30637254901961,6.71065989847716,999,6.54554554554555
410,589,6.3,6.70288624787776,999,6.53753753753754
411,588,6.29197080291971,6.70238095238095,999,6.53353353353353
402,597,6.28606965174129,6.70184254606365,999,6.53453453453453
396,603,6.2979797979798,6.69983416252073,999,6.54054054054054
406,593,6.28571428571429,6.6964586846543,999,6.52952952952953
389,610,6.2827763496144,6.69836065573771,999,6.53653653653654
395,604,6.26582278481013,6.70033112582781,999,6.52852852852853
391,608,6.27877237851662,6.70394736842105,999,6.53753753753754
392,607,6.26785714285714,6.71004942339374,999,6.53653653653654
398,601,6.25628140703518,6.70049916805324,999,6.52352352352352
393,606,6.264631043257,6.6963696369637,999,6.52652652652653
383,616,6.27415143603133,6.7012987012987,999,6.53753753753754
371,628,6.27493261455526,6.71496815286624,999,6.55155155155155
369,630,6.27913279132791,6.72539682539683,999,6.56056056056056
364,635,6.28846153846154,6.71181102362205,999,6.55755755755756
370,629,6.28918918918919,6.70588235294118,999,6.55155155155155
370,629,6.27567567567568,6.69634340222576,999,6.54054054054054
366,633,6.27322404371585,6.70142180094787,999,6.54454454454454
360,639,6.27222222222222,6.70892018779343,999,6.55155155155155
353,646,6.27762039660057,6.71671826625387,999,6.56156156156156
347,652,6.27377521613833,6.71319018404908,999,6.56056056056056
354,645,6.27401129943503,6.72093023255814,999,6.56256256256256
366,633,6.27049180327869,6.7219589257504,999,6.55655655655656
371,628,6.26145552560647,6.71019108280255,999,6.54354354354354
365,634,6.26301369863014,6.70820189274448,999,6.54554554554555
365,634,6.26849315068493,6.72239747634069,999,6.55655655655656
371,628,6.28032345013477,6.71656050955414,999,6.55455455455455
376,623,6.27127659574468,6.70465489566613,999,6.54154154154154
363,636,6.27823691460055,6.7122641509434,999,6.55455455455455
365,634,6.26575342465753,6.70504731861199,999,6.54454454454454
365,634,6.27945205479452,6.70504731861199,999,6.54954954954955
361,638,6.2797783933518,6.6974921630094,999,6.54654654654655
364,635,6.24725274725275,6.69448818897638,999,6.53153153153153
365,634,6.24657534246575,6.69085173501577,999,6.52852852852853
371,628,6.25067385444744,6.69745222929936,999,6.53153153153153
365,634,6.25205479452055,6.70189274447949,999,6.53753753753754
366,633,6.23770491803279,6.71090047393365,999,6.53753753753754
379,620,6.22691292875989,6.70483870967742,999,6.52352352352352
383,616,6.24543080939948,6.70779220779221,999,6.53053053053053
386,613,6.24093264248705,6.71451876019576,999,6.53153153153153
380,619,6.22631578947368,6.7172859450727,999,6.53053053053053
381,618,6.23884514435696,6.71359223300971,999,6.53253253253253
378,621,6.23015873015873,6.72302737520129,999,6.53653653653654
386,613,6.23575129533679,6.71125611745514,999,6.52752752752753
389,610,6.24421593830334,6.69508196721311,999,6.51951951951952
390,609,6.24615384615385,6.68965517241379,999,6.51651651651652
392,607,6.24489795918367,6.68698517298188,999,6.51351351351351
396,603,6.26515151515152,6.6865671641791,999,6.51951951951952
404,595,6.25247524752475,6.69411764705882,999,6.51551551551552
404,595,6.24752475247525,6.69915966386555,999,6.51651651651652
409,590,6.2518337408313,6.68983050847458,999,6.51051051051051
413,586,6.26150121065375,6.6962457337884,999,6.51651651651652
399,600,6.27067669172932,6.69166666666667,999,6.52352352352352
394,605,6.26903553299492,6.68760330578512,999,6.52252252252252
403,596,6.26799007444169,6.6744966442953,999,6.51051051051051
408,591,6.27450980392157,6.67851099830795,999,6.51351351351351
409,590,6.25672371638142,6.68305084745763,999,6.50850850850851
421,578,6.26840855106888,6.67128027681661,999,6.5015015015015
421,578,6.26128266033254,6.67301038062284,999,6.4994994994995
416,583,6.25480769230769,6.67066895368782,999,6.4974974974975
416,583,6.27884615384615,6.68267581475129,999,6.51451451451451
415,584,6.28674698795181,6.68835616438356,999,6.52152152152152
419,580,6.28639618138425,6.68275862068965,999,6.51651651651652
422,577,6.28436018957346,6.67764298093588,999,6.51151151151151
427,572,6.27868852459016,6.67832167832168,999,6.50750750750751
416,583,6.27403846153846,6.69125214408233,999,6.51751751751752
409,590,6.27872860635697,6.6864406779661,999,6.51951951951952
411,588,6.28710462287105,6.67857142857143,999,6.51751751751752
398,601,6.28894472361809,6.67554076539102,999,6.52152152152152
413,586,6.28329297820823,6.66040955631399,999,6.5045045045045
402,597,6.27363184079602,6.66164154103853,999,6.50550550550551
405,594,6.28888888888889,6.65151515151515,999,6.5045045045045
397,602,6.28715365239295,6.65614617940199,999,6.50950950950951
390,609,6.27179487179487,6.64367816091954,999,6.4984984984985
391,608,6.27365728900256,6.64144736842105,999,6.4974974974975
373,626,6.28150134048257,6.64376996805112,999,6.50850850850851
383,616,6.28720626631854,6.6461038961039,999,6.50850850850851
378,621,6.27777777777778,6.62479871175523,999,6.49349349349349
377,622,6.28116710875332,6.63183279742765,999,6.4994994994995
367,632,6.26702997275204,6.64240506329114,999,6.5045045045045
366,633,6.27049180327869,6.64296998420221,999,6.50650650650651
367,632,6.26702997275204,6.64873417721519,999,6.50850850850851
374,625,6.26470588235294,6.6464,999,6.5035035035035
377,622,6.26259946949602,6.63987138263666,999,6.4974974974975
357,642,6.25210084033613,6.64485981308411,999,6.5045045045045
347,652,6.26224783861672,6.63803680981595,999,6.50750750750751
345,654,6.26376811594203,6.62232415902141,999,6.4984984984985
362,637,6.26519337016575,6.61852433281005,999,6.49049049049049
357,642,6.25770308123249,6.6386292834891,999,6.5025025025025
348,651,6.26724137931035,6.63440860215054,999,6.50650650650651
348,651,6.24712643678161,6.6405529953917,999,6.5035035035035
351,648,6.25641025641026,6.62654320987654,999,6.4964964964965
367,632,6.22888283378747,6.61867088607595,999,6.47547547547548
355,644,6.21971830985915,6.6304347826087,999,6.48448448448448
362,637,6.21546961325967,6.62637362637363,999,6.47747747747748
358,641,6.20949720670391,6.63026521060842,999,6.47947947947948
364,635,6.21978021978022,6.63149606299213,999,6.48148148148148
379,620,6.21372031662269,6.64032258064516,999,6.47847847847848
364,635,6.23076923076923,6.64566929133858,999,6.49449449449449
356,643,6.22752808988764,6.64230171073095,999,6.49449449449449
353,646,6.20963172804533,6.64086687306502,999,6.48848848848849
365,634,6.21643835616438,6.64826498422713,999,6.49049049049049
354,645,6.22033898305085,6.64806201550388,999,6.4964964964965
351,648,6.21652421652422,6.65277777777778,999,6.4994994994995
349,650,6.22063037249284,6.66615384615385,999,6.51051051051051
343,656,6.23032069970845,6.65701219512195,999,6.51051051051051
344,655,6.21220930232558,6.66870229007634,999,6.51151151151151
348,651,6.19252873563218,6.66820276497696,999,6.5025025025025
350,649,6.20285714285714,6.65485362095532,999,6.4964964964965
341,658,6.19648093841642,6.64893617021277,999,6.49449449449449
348,651,6.19540229885058,6.66359447004608,999,6.5005005005005
339,660,6.2094395280236,6.66666666666667,999,6.51151151151151
332,667,6.21084337349398,6.67616191904048,999,6.52152152152152
325,674,6.19384615384615,6.68249258160237,999,6.52352352352352
341,658,6.21114369501466,6.67629179331307,999,6.51751751751752
346,653,6.22254335260116,6.68300153139357,999,6.52352352352352
343,656,6.19533527696793,6.6859756097561,999,6.51751751751752
344,655,6.18313953488372,6.69770992366412,999,6.52052052052052
346,653,6.1907514450867,6.70290964777948,999,6.52552552552553
334,665,6.17964071856287,6.6812030075188,999,6.51351351351351
345,654,6.17101449275362,6.69571865443425,999,6.51451451451451
349,650,6.16618911174785,6.69230769230769,999,6.50850850850851
351,648,6.16239316239316,6.68827160493827,999,6.5035035035035
351,648,6.15669515669516,6.68055555555556,999,6.4964964964965
352,647,6.15340909090909,6.69706336939722,999,6.50550550550551
345,654,6.14202898550725,6.70642201834862,999,6.51151151151151
349,650,6.1432664756447,6.68615384615385,999,6.4964964964965
356,643,6.14606741573034,6.6905132192846,999,6.4964964964965
363,636,6.14876033057851,6.68710691823899,999,6.49149149149149
366,633,6.13387978142076,6.69510268562401,999,6.48948948948949
368,631,6.14673913043478,6.70522979397781,999,6.4994994994995
355,644,6.14084507042254,6.69565217391304,999,6.4984984984985
360,639,6.13055555555556,6.69640062597809,999,6.49249249249249
355,644,6.14084507042254,6.70496894409938,999,6.5045045045045
363,636,6.13223140495868,6.71069182389937,999,6.5005005005005
369,630,6.13008130081301,6.72698412698413,999,6.50650650650651
371,628,6.12938005390836,6.70541401273885,999,6.49149149149149
366,633,6.13387978142076,6.71090047393365,999,6.4994994994995
364,635,6.13461538461539,6.70866141732283,999,6.4994994994995
359,640,6.13927576601671,6.7203125,999,6.51151151151151
364,635,6.13461538461539,6.71653543307087,999,6.5045045045045
363,636,6.1404958677686,6.71069182389937,999,6.5035035035035
368,631,6.12228260869565,6.72741679873217,999,6.5045045045045
374,625,6.12566844919786,6.7312,999,6.5045045045045
386,613,6.11917098445596,6.73898858075041,999,6.4994994994995
385,614,6.11688311688312,6.74104234527687,999,6.5005005005005
388,611,6.10824742268041,6.73977086743044,999,6.49449449449449
389,610,6.10796915167095,6.73770491803279,999,6.49249249249249
380,619,6.11052631578947,6.73828756058158,999,6.4994994994995
375,624,6.096,6.73717948717949,999,6.4964964964965
385,614,6.0961038961039,6.73941368078176,999,6.49149149149149
383,616,6.09921671018277,6.74837662337662,999,6.4994994994995
378,621,6.08730158730159,6.76006441223833,999,6.50550550550551
376,623,6.09042553191489,6.75441412520064,999,6.5045045045045
386,613,6.08290155440415,6.74225122349103,999,6.48748748748749
375,624,6.08,6.74839743589744,999,6.4974974974975
375,624,6.08533333333333,6.75320512820513,999,6.5025025025025
386,613,6.09326424870466,6.75693311582382,999,6.5005005005005
390,609,6.09230769230769,6.7504105090312,999,6.49349349349349
391,608,6.0843989769821,6.73684210526316,999,6.48148148148148
396,603,6.08080808080808,6.7346600331675,999,6.47547547547548
390,609,6.07435897435897,6.74712643678161,999,6.48448448448448
384,615,6.0703125,6.7479674796748,999,6.48748748748749
391,608,6.08184143222506,6.74835526315789,999,6.48748748748749
403,596,6.08436724565757,6.74496644295302,999,6.47847847847848
404,595,6.09405940594059,6.73781512605042,999,6.47747747747748
396,603,6.09343434343434,6.74129353233831,999,6.48448448448448
396,603,6.0959595959596,6.73134328358209,999,6.47947947947948
396,603,6.10606060606061,6.73963515754561,999,6.48848848848849
387,612,6.09560723514212,6.74673202614379,999,6.49449449449449
399,600,6.10275689223058,6.75,999,6.49149149149149
404,595,6.0990099009901,6.74621848739496,999,6.48448448448448
395,604,6.09620253164557,6.74172185430464,999,6.48648648648649
396,603,6.08585858585859,6.75787728026534,999,6.49149149149149
396,603,6.09343434343434,6.76119402985075,999,6.4964964964965
387,612,6.08785529715762,6.76633986928105,999,6.5035035035035
382,617,6.08376963350785,6.76337115072934,999,6.5035035035035
380,619,6.08684210526316,6.76736672051696,999,6.50850850850851
376,623,6.07712765957447,6.74959871589085,999,6.4964964964965
372,627,6.08064516129032,6.75757575757576,999,6.50550550550551
371,628,6.08355795148248,6.76592356687898,999,6.51251251251251
367,632,6.08174386920981,6.77056962025316,999,6.51751751751752
364,635,6.07692307692308,6.77637795275591,999,6.52152152152152
357,642,6.07002801120448,6.77881619937695,999,6.52552552552553
361,638,6.06094182825485,6.78213166144201,999,6.52152152152152
360,639,6.05833333333333,6.77621283255086,999,6.51751751751752
366,633,6.05737704918033,6.76777251184834,999,6.50750750750751
371,628,6.06199460916442,6.76751592356688,999,6.50550550550551
358,641,6.06983240223464,6.76755070202808,999,6.51751751751752
352,647,6.07386363636364,6.76661514683153,999,6.52252252252252
353,646,6.07082152974504,6.76470588235294,999,6.51951951951952
356,643,6.06460674157303,6.76360808709176,999,6.51451451451451
358,641,6.06145251396648,6.76755070202808,999,6.51451451451451
348,651,6.05747126436782,6.76344086021505,999,6.51751751751752
351,648,6.05698005698006,6.75308641975309,999,6.50850850850851
353,646,6.04815864022663,6.74458204334365,999,6.4984984984985
358,641,6.0391061452514,6.74882995319813,999,6.49449449449449
360,639,6.03611111111111,6.75586854460094,999,6.4964964964965
364,635,6.03571428571429,6.76220472440945,999,6.4974974974975
372,627,6.03763440860215,6.7511961722488,999,6.48548548548549
369,630,6.04065040650407,6.76190476190476,999,6.4954954954955
371,628,6.04043126684636,6.75636942675159,999,6.49049049049049
371,628,6.04043126684636,6.75636942675159,999,6.49049049049049
364,635,6.03846153846154,6.74488188976378,999,6.48748748748749
363,636,6.04132231404959,6.75,999,6.49249249249249
367,632,6.0408719346049,6.74841772151899,999,6.48848848848849
373,626,6.04289544235925,6.75079872204473,999,6.48648648648649
383,616,6.04960835509138,6.74350649350649,999,6.47747747747748
377,622,6.05039787798408,6.72025723472669,999,6.46746746746747
375,624,6.05066666666667,6.73076923076923,999,6.47547547547548
372,627,6.04032258064516,6.73684210526316,999,6.47747747747748
366,633,6.04098360655738,6.73775671406003,999,6.48248248248248
384,615,6.03645833333333,6.74959349593496,999,6.47547547547548
388,611,6.0360824742268,6.73649754500818,999,6.46446446446446
376,623,6.04255319148936,6.72552166934189,999,6.46846846846847
377,622,6.04244031830239,6.73151125401929,999,6.47147147147147
390,609,6.03846153846154,6.73891625615764,999,6.46546546546547
391,608,6.0460358056266,6.72532894736842,999,6.45945945945946
383,616,6.04177545691906,6.73376623376623,999,6.46846846846847
391,608,6.0383631713555,6.72203947368421,999,6.45445445445445
389,610,6.03856041131105,6.71803278688525,999,6.45345345345345
389,610,6.03598971722365,6.72786885245902,999,6.45845845845846
398,601,6.03517587939699,6.71381031613977,999,6.44344344344344
401,598,6.03491271820449,6.71571906354515,999,6.44244244244244
399,600,6.04511278195489,6.71333333333333,999,6.44644644644645
402,597,6.03980099502488,6.71691792294807,999,6.44444444444444
402,597,6.03980099502488,6.70686767169179,999,6.43843843843844
406,593,6.04433497536946,6.70657672849916,999,6.43743743743744
404,595,6.04207920792079,6.69075630252101,999,6.42842842842843
412,587,6.03883495145631,6.69505962521295,999,6.42442442442442
408,591,6.03186274509804,6.69373942470389,999,6.42342342342342
413,586,6.03389830508475,6.68600682593857,999,6.41641641641642
410,589,6.03414634146341,6.69100169779287,999,6.42142142142142
413,586,6.0363196125908,6.68600682593857,999,6.41741741741742
413,586,6.04358353510896,6.6962457337884,999,6.42642642642643
412,587,6.04854368932039,6.68143100511073,999,6.42042042042042
418,581,6.03827751196172,6.68502581755594,999,6.41441441441441
427,572,6.04449648711944,6.67132867132867,999,6.4034034034034
426,573,6.04225352112676,6.66492146596859,999,6.3993993993994
419,580,6.04773269689737,6.66724137931034,999,6.40740740740741
427,572,6.04683840749415,6.66608391608392,999,6.4014014014014
421,578,6.04275534441805,6.68166089965398,999,6.41241241241241
433,566,6.03464203233256,6.67137809187279,999,6.3953953953954
436,563,6.03669724770642,6.68206039076377,999,6.4004004004004
439,560,6.04328018223235,6.68035714285714,999,6.4004004004004
439,560,6.03872437357631,6.675,999,6.3953953953954
438,561,6.0365296803653,6.67557932263815,999,6.3953953953954
443,556,6.03837471783296,6.66726618705036,999,6.38838838838839
437,562,6.03890160183066,6.6797153024911,999,6.3993993993994
458,541,6.03711790393013,6.68761552680222,999,6.38938938938939
453,546,6.03752759381898,6.67765567765568,999,6.38738738738739
447,552,6.04026845637584,6.66847826086957,999,6.38738738738739
431,568,6.04176334106729,6.66197183098592,999,6.39439439439439
440,559,6.04545454545455,6.65831842576029,999,6.38838838838839
435,564,6.04827586206897,6.66489361702128,999,6.3963963963964
418,581,6.04306220095694,6.67469879518072,999,6.41041041041041
434,565,6.04147465437788,6.67610619469027,999,6.4004004004004
419,580,6.04773269689737,6.67241379310345,999,6.41041041041041
414,585,6.05555555555556,6.66837606837607,999,6.41441441441441
419,580,6.05489260143198,6.69137931034483,999,6.42442442442442
424,575,6.05424528301887,6.67826086956522,999,6.41341341341341
429,570,6.05128205128205,6.68421052631579,999,6.41241241241241
423,576,6.04491725768322,6.69270833333333,999,6.41841841841842
427,572,6.04918032786885,6.68881118881119,999,6.41541541541542
419,580,6.05011933174224,6.68103448275862,999,6.41641641641642
425,574,6.04941176470588,6.67247386759582,999,6.40740740740741
414,585,6.03140096618357,6.67008547008547,999,6.40540540540541
409,590,6.03178484107579,6.67627118644068,999,6.41241241241241
407,592,6.03439803439803,6.68074324324324,999,6.41741741741742
406,593,6.03448275862069,6.67622259696459,999,6.41541541541542
414,585,6.03140096618357,6.66153846153846,999,6.4004004004004
411,588,6.03649635036496,6.64795918367347,999,6.3963963963964
416,583,6.03605769230769,6.6483704974271,999,6.39339339339339
413,586,6.03874092009685,6.64163822525597,999,6.39239239239239
422,577,6.04028436018957,6.65511265164645,999,6.3953953953954
425,574,6.04235294117647,6.66202090592335,999,6.3983983983984
419,580,6.04057279236277,6.66551724137931,999,6.4034034034034
412,587,6.02912621359223,6.65928449744463,999,6.3993993993994
416,583,6.03365384615385,6.66552315608919,999,6.4024024024024
411,588,6.03649635036496,6.66666666666667,999,6.40740740740741
408,591,6.03676470588235,6.67343485617597,999,6.41341341341341
420,579,6.0452380952381,6.67184801381693,999,6.40840840840841
415,584,6.04578313253012,6.66095890410959,999,6.40540540540541
414,585,6.05072463768116,6.65641025641026,999,6.40540540540541
415,584,6.05542168674699,6.66609589041096,999,6.41241241241241
417,582,6.0599520383693,6.67182130584192,999,6.41641641641642
418,581,6.05980861244019,6.66609294320138,999,6.41241241241241
406,593,6.0615763546798,6.66273187183811,999,6.41841841841842
389,610,6.05912596401028,6.67704918032787,999,6.43643643643644
400,599,6.0575,6.67111853088481,999,6.42542542542543
395,604,6.05822784810127,6.66721854304636,999,6.42642642642643
400,599,6.06,6.66110183639399,999,6.42042042042042
407,592,6.05896805896806,6.67567567567568,999,6.42442442442442
407,592,6.05405405405405,6.66216216216216,999,6.41441441441441
409,590,6.05623471882641,6.65423728813559,999,6.40940940940941
406,593,6.05665024630542,6.65767284991568,999,6.41341341341341
395,604,6.05822784810127,6.65894039735099,999,6.42142142142142
382,617,6.06544502617801,6.6612641815235,999,6.43343343343343
387,612,6.0594315245478,6.66013071895425,999,6.42742742742743
390,609,6.05641025641026,6.65845648604269,999,6.42342342342342
394,605,6.05329949238579,6.66115702479339,999,6.42142142142142
386,613,6.04922279792746,6.66721044045677,999,6.42842842842843
377,622,6.05039787798408,6.67363344051447,999,6.43843843843844
374,625,6.04545454545455,6.6848,999,6.44544544544545
375,624,6.04266666666667,6.67628205128205,999,6.43843843843844
382,617,6.04712041884817,6.677471636953,999,6.43643643643644
381,618,6.04724409448819,6.67637540453074,999,6.43643643643644
382,617,6.04450261780105,6.6612641815235,999,6.42542542542543
377,622,6.04244031830239,6.65755627009646,999,6.42542542542543
367,632,6.05177111716621,6.6629746835443,999,6.43843843843844
368,631,6.05434782608696,6.6608557844691,999,6.43743743743744
376,623,6.05851063829787,6.66131621187801,999,6.43443443443443
386,613,6.05958549222798,6.67047308319739,999,6.43443443443443
382,617,6.05759162303665,6.6612641815235,999,6.43043043043043
379,620,6.06068601583113,6.65322580645161,999,6.42842842842843
387,612,6.05684754521964,6.67483660130719,999,6.43543543543544
381,618,6.06299212598425,6.65857605177994,999,6.43143143143143
376,623,6.05851063829787,6.65329052969502,999,6.42942942942943
373,626,6.06166219839142,6.6405750798722,999,6.42442442442442
379,620,6.06596306068602,6.65161290322581,999,6.42942942942943
373,626,6.06970509383378,6.64536741214058,999,6.43043043043043
370,629,6.06756756756757,6.63593004769475,999,6.42542542542543
368,631,6.07336956521739,6.64500792393027,999,6.43443443443443
372,627,6.06989247311828,6.64593301435407,999,6.43143143143143
379,620,6.06596306068602,6.64032258064516,999,6.42242242242242
386,613,6.06735751295337,6.62805872756933,999,6.41141141141141
395,604,6.06835443037975,6.64735099337748,999,6.41841841841842
392,607,6.0765306122449,6.6326194398682,999,6.41441441441441
411,588,6.06812652068127,6.63945578231293,999,6.4044044044044
409,590,6.06601466992665,6.63220338983051,999,6.4004004004004
415,584,6.06746987951807,6.63013698630137,999,6.3963963963964
417,582,6.0599520383693,6.62371134020619,999,6.38838838838839
417,582,6.05515587529976,6.61340206185567,999,6.38038038038038
409,590,6.04889975550122,6.61186440677966,999,6.38138138138138
416,583,6.05288461538461,6.60034305317324,999,6.37237237237237
415,584,6.05060240963855,6.58904109589041,999,6.36536536536537
412,587,6.05097087378641,6.59795570698467,999,6.37237237237237
411,588,6.05109489051095,6.61054421768707,999,6.38038038038038
415,584,6.05301204819277,6.59075342465753,999,6.36736736736737
416,583,6.04807692307692,6.5934819897084,999,6.36636636636637
414,585,6.04347826086957,6.59145299145299,999,6.36436436436436
410,589,6.04634146341463,6.58913412563667,999,6.36636636636637
414,585,6.04589371980676,6.59145299145299,999,6.36536536536537
408,591,6.05147058823529,6.59729272419628,999,6.37437437437437
402,597,6.04477611940298,6.59798994974874,999,6.37537537537538
397,602,6.04534005037783,6.59136212624585,999,6.37437437437437
394,605,6.04314720812183,6.5900826446281,999,6.37437437437437
395,604,6.05316455696203,6.59105960264901,999,6.37837837837838
397,602,6.05793450881612,6.58637873754153,999,6.37637637637638
401,598,6.05236907730673,6.58862876254181,999,6.37337337337337
395,604,6.04556962025316,6.58112582781457,999,6.36936936936937
391,608,6.05115089514067,6.59868421052632,999,6.38438438438438
401,598,6.05486284289277,6.58862876254181,999,6.37437437437437
388,611,6.04896907216495,6.59247135842881,999,6.38138138138138
380,619,6.05,6.58966074313409,999,6.38438438438438
393,606,6.0559796437659,6.58910891089109,999,6.37937937937938
402,597,6.04975124378109,6.5963149078727,999,6.37637637637638
392,607,6.05357142857143,6.59802306425041,999,6.38438438438438
394,605,6.05329949238579,6.60495867768595,999,6.38738738738739
387,612,6.06201550387597,6.59477124183007,999,6.38838838838839
375,624,6.06133333333333,6.58333333333333,999,6.38738738738739
377,622,6.06100795755968,6.58520900321543,999,6.38738738738739
393,606,6.07124681933842,6.58580858085809,999,6.38338338338338
388,611,6.05927835051546,6.57610474631751,999,6.37537537537538
390,609,6.05384615384615,6.56486042692939,999,6.36536536536537
397,602,6.05541561712846,6.56810631229236,999,6.36436436436436
406,593,6.06403940886699,6.54468802698145,999,6.34934934934935
410,589,6.06829268292683,6.54838709677419,999,6.35135135135135
418,581,6.07416267942584,6.54905335628227,999,6.35035035035035
414,585,6.07004830917874,6.54017094017094,999,6.34534534534535
426,573,6.06572769953052,6.55148342059337,999,6.34434434434434
418,581,6.07177033492823,6.53700516351119,999,6.34234234234234
421,578,6.06888361045131,6.52768166089965,999,6.33433433433433
425,574,6.07058823529412,6.52264808362369,999,6.33033033033033
415,584,6.07710843373494,6.52397260273973,999,6.33833833833834
415,584,6.07951807228916,6.50513698630137,999,6.32832832832833
410,589,6.09024390243902,6.49915110356536,999,6.33133133133133
411,588,6.08515815085158,6.48469387755102,999,6.32032032032032
414,585,6.08454106280193,6.47521367521368,999,6.31331331331331
411,588,6.07785888077859,6.49489795918367,999,6.32332332332332
407,592,6.08108108108108,6.48141891891892,999,6.31831831831832
397,602,6.08060453400504,6.48504983388704,999,6.32432432432432
387,612,6.07235142118863,6.47712418300654,999,6.32032032032032
384,615,6.08333333333333,6.46341463414634,999,6.31731731731732
381,618,6.0761154855643,6.47087378640777,999,6.32032032032032
380,619,6.08421052631579,6.47980613893376,999,6.32932932932933
384,615,6.08333333333333,6.48292682926829,999,6.32932932932933
392,607,6.07908163265306,6.47611202635914,999,6.32032032032032
386,613,6.08290155440415,6.47145187601958,999,6.32132132132132
391,608,6.08951406649616,6.46875,999,6.32032032032032
390,609,6.08717948717949,6.47783251231527,999,6.32532532532533
381,618,6.08661417322835,6.47411003236246,999,6.32632632632633
380,619,6.08421052631579,6.47334410339257,999,6.32532532532533
388,611,6.07989690721649,6.46644844517185,999,6.31631631631632
386,613,6.07772020725389,6.48776508972268,999,6.32932932932933
387,612,6.08527131782946,6.48039215686275,999,6.32732732732733
392,607,6.08163265306122,6.4827018121911,999,6.32532532532533
397,602,6.07556675062972,6.47840531561462,999,6.31831831831832
397,602,6.07808564231738,6.47508305647841,999,6.31731731731732
388,611,6.08247422680412,6.49590834697218,999,6.33533533533534
393,606,6.07379134860051,6.48514851485149,999,6.32332332332332
392,607,6.08418367346939,6.49588138385502,999,6.33433433433433
398,601,6.08793969849246,6.49417637271215,999,6.33233233233233
399,600,6.09523809523809,6.49,999,6.33233233233233
392,607,6.09438775510204,6.48434925864909,999,6.33133133133133
389,610,6.09768637532134,6.48196721311475,999,6.33233233233233
382,617,6.09947643979058,6.48946515397083,999,6.34034034034034
383,616,6.09399477806789,6.4788961038961,999,6.33133133133133
377,622,6.09814323607427,6.47909967845659,999,6.33533533533534
381,618,6.08136482939633,6.48220064724919,999,6.32932932932933
386,613,6.10103626943005,6.48287112561175,999,6.33533533533534
372,627,6.09139784946237,6.47368421052632,999,6.33133133133133
360,639,6.09166666666667,6.4679186228482,999,6.33233233233233
357,642,6.08683473389356,6.47352024922118,999,6.33533533533534
352,647,6.08806818181818,6.45904173106646,999,6.32832832832833
367,632,6.09536784741144,6.46993670886076,999,6.33233233233233
364,635,6.09615384615385,6.47086614173228,999,6.33433433433433
372,627,6.0994623655914,6.47368421052632,999,6.33433433433433
356,643,6.09831460674157,6.47744945567652,999,6.34234234234234
360,639,6.1,6.47104851330203,999,6.33733733733734
357,642,6.10644257703081,6.48130841121495,999,6.34734734734735
347,652,6.10086455331412,6.47085889570552,999,6.34234234234234
348,651,6.09195402298851,6.47619047619048,999,6.34234234234234
350,649,6.09142857142857,6.46687211093991,999,6.33533533533534
349,650,6.09169054441261,6.47692307692308,999,6.34234234234234
355,644,6.09859154929577,6.48913043478261,999,6.35035035035035
365,634,6.10684931506849,6.48422712933754,999,6.34634634634635
374,625,6.11229946524064,6.4992,999,6.35435435435435
374,625,6.11497326203209,6.5056,999,6.35935935935936
368,631,6.11684782608696,6.513470681458,999,6.36736736736737
364,635,6.11813186813187,6.51338582677165,999,6.36936936936937
364,635,6.11538461538461,6.51338582677165,999,6.36836836836837
370,629,6.11891891891892,6.51351351351351,999,6.36736736736737
365,634,6.12328767123288,6.50315457413249,999,6.36436436436436
361,638,6.11080332409972,6.50156739811912,999,6.36036036036036
354,645,6.11864406779661,6.49302325581395,999,6.36036036036036
360,639,6.11944444444444,6.49921752738654,999,6.36236236236236
358,641,6.12849162011173,6.49765990639626,999,6.36536536536537
349,650,6.12607449856733,6.48461538461538,999,6.35935935935936
354,645,6.13276836158192,6.47906976744186,999,6.35635635635636
363,636,6.1404958677686,6.47955974842767,999,6.35635635635636
359,640,6.12813370473538,6.4875,999,6.35835835835836
351,648,6.12250712250712,6.49228395061728,999,6.36236236236236
353,646,6.11614730878187,6.48452012383901,999,6.35435435435435
350,649,6.10571428571429,6.47919876733436,999,6.34834834834835
356,643,6.10393258426966,6.47900466562986,999,6.34534534534535
350,649,6.10571428571429,6.48073959938367,999,6.34934934934935
357,642,6.11764705882353,6.4797507788162,999,6.35035035035035
348,651,6.10632183908046,6.46697388632873,999,6.34134134134134
345,654,6.11014492753623,6.46941896024465,999,6.34534534534535
349,650,6.10888252148997,6.48615384615385,999,6.35435435435435
343,656,6.10787172011662,6.47256097560976,999,6.34734734734735
345,654,6.10144927536232,6.46483180428135,999,6.33933933933934
343,656,6.09912536443149,6.46341463414634,999,6.33833833833834
348,651,6.09195402298851,6.46236559139785,999,6.33333333333333
341,658,6.09090909090909,6.4483282674772,999,6.32632632632633
339,660,6.10324483775811,6.46666666666667,999,6.34334334334334
334,665,6.10479041916168,6.46766917293233,999,6.34634634634635
337,662,6.0919881305638,6.46978851963746,999,6.34234234234234
340,659,6.08823529411765,6.47951441578149,999,6.34634634634635
345,654,6.08985507246377,6.48776758409786,999,6.35035035035035
349,650,6.09169054441261,6.47692307692308,999,6.34234234234234
358,641,6.08938547486034,6.46957878315133,999,6.33333333333333
361,638,6.09418282548476,6.47805642633229,999,6.33933933933934
358,641,6.08379888268156,6.46333853354134,999,6.32732732732733
346,653,6.08670520231214,6.47779479326187,999,6.34234234234234
336,663,6.08035714285714,6.48567119155354,999,6.34934934934935
340,659,6.08235294117647,6.4886191198786,999,6.35035035035035
350,649,6.07428571428571,6.48998459167951,999,6.34434434434434
345,654,6.08115942028985,6.49388379204893,999,6.35135135135135
336,663,6.08333333333333,6.48114630467572,999,6.34734734734735
343,656,6.08454810495627,6.47713414634146,999,6.34234234234234
356,643,6.08426966292135,6.4805598755832,999,6.33933933933934
346,653,6.09537572254335,6.49464012251149,999,6.35635635635636
351,648,6.0968660968661,6.4891975308642,999,6.35135135135135
359,640,6.09470752089137,6.4921875,999,6.34934934934935
364,635,6.10989010989011,6.48818897637795,999,6.35035035035035
361,638,6.09972299168975,6.48902821316614,999,6.34834834834835
374,625,6.10160427807487,6.4784,999,6.33733733733734
375,624,6.10666666666667,6.4775641025641,999,6.33833833833834
373,626,6.10187667560322,6.47444089456869,999,6.33533533533534
388,611,6.10309278350515,6.4746317512275,999,6.33033033033033
391,608,6.0997442455243,6.48848684210526,999,6.33633633633634
394,605,6.10659898477157,6.51074380165289,999,6.35135135135135
390,609,6.1051282051282,6.50738916256158,999,6.35035035035035
397,602,6.10579345088161,6.50498338870432,999,6.34634634634635
392,607,6.08418367346939,6.49423393739704,999,6.33333333333333
388,611,6.08505154639175,6.48445171849427,999,6.32932932932933
380,619,6.08421052631579,6.47172859450727,999,6.32432432432432
374,625,6.0855614973262,6.4752,999,6.32932932932933
375,624,6.08,6.48237179487179,999,6.33133133133133
367,632,6.07629427792916,6.47151898734177,999,6.32632632632633
371,628,6.08086253369272,6.48089171974522,999,6.33233233233233
374,625,6.0855614973262,6.488,999,6.33733733733734
364,635,6.09065934065934,6.4755905511811,999,6.33533533533534
363,636,6.08539944903581,6.47798742138365,999,6.33533533533534
375,624,6.088,6.48397435897436,999,6.33533533533534
366,633,6.08743169398907,6.48815165876777,999,6.34134134134134
371,628,6.08894878706199,6.47611464968153,999,6.33233233233233
377,622,6.09283819628647,6.48070739549839,999,6.33433433433433
375,624,6.088,6.47115384615385,999,6.32732732732733
376,623,6.08510638297872,6.48635634028892,999,6.33533533533534
368,631,6.07880434782609,6.48177496038035,999,6.33333333333333
372,627,6.07795698924731,6.47527910685805,999,6.32732732732733
368,631,6.08423913043478,6.48969889064976,999,6.34034034034034
357,642,6.08403361344538,6.49376947040498,999,6.34734734734735
359,640,6.08077994428969,6.50625,999,6.35335335335335
363,636,6.09090909090909,6.50314465408805,999,6.35335335335335
358,641,6.09217877094972,6.49141965678627,999,6.34834834834835
369,630,6.08130081300813,6.47777777777778,999,6.33133133133133
357,642,6.08683473389356,6.46261682242991,999,6.32832832832833
345,654,6.08405797101449,6.47553516819572,999,6.34034034034034
345,654,6.08985507246377,6.49082568807339,999,6.35235235235235
342,657,6.08479532163743,6.4855403348554,999,6.34834834834835
338,661,6.09171597633136,6.47957639939486,999,6.34834834834835
348,651,6.08908045977012,6.4900153609831,999,6.35035035035035
349,650,6.08882521489971,6.48,999,6.34334334334334
349,650,6.08309455587393,6.47538461538462,999,6.33833833833834
355,644,6.08732394366197,6.46739130434783,999,6.33233233233233
356,643,6.08426966292135,6.4556765163297,999,6.32332332332332
353,646,6.07648725212465,6.44891640866873,999,6.31731731731732
358,641,6.07541899441341,6.45085803432137,999,6.31631631631632
366,633,6.07103825136612,6.44865718799368,999,6.31031031031031
369,630,6.07046070460705,6.45714285714286,999,6.31431431431431
355,644,6.06478873239437,6.4611801242236,999,6.32032032032032
356,643,6.06179775280899,6.45723172628305,999,6.31631631631632
367,632,6.0708446866485,6.45569620253165,999,6.31431431431431
373,626,6.07238605898123,6.46325878594249,999,6.31731731731732
370,629,6.07567567567568,6.45151033386327,999,6.31231231231231
358,641,6.08379888268156,6.45553822152886,999,6.32232232232232
364,635,6.07692307692308,6.45669291338583,999,6.31831831831832
361,638,6.0803324099723,6.44670846394984,999,6.31431431431431
358,641,6.07821229050279,6.4414976599064,999,6.31131131131131
352,647,6.07102272727273,6.44822256568779,999,6.31531531531532
347,652,6.07204610951009,6.44938650306749,999,6.31831831831832
349,650,6.07736389684814,6.45692307692308,999,6.32432432432432
352,647,6.07102272727273,6.46367851622875,999,6.32532532532533
357,642,6.07563025210084,6.46728971962617,999,6.32732732732733
355,644,6.06760563380282,6.46583850931677,999,6.32432432432432
345,654,6.07246376811594,6.45871559633028,999,6.32532532532533
347,652,6.06916426512968,6.45552147239264,999,6.32132132132132
350,649,6.06857142857143,6.45762711864407,999,6.32132132132132
362,637,6.06629834254144,6.45839874411303,999,6.31631631631632
354,645,6.05649717514124,6.44186046511628,999,6.30530530530531
346,653,6.0635838150289,6.45482388973966,999,6.31931931931932
346,653,6.06647398843931,6.44869831546707,999,6.31631631631632
344,655,6.06976744186047,6.45038167938931,999,6.31931931931932
341,658,6.06451612903226,6.44528875379939,999,6.31531531531532
353,646,6.07365439093484,6.44427244582043,999,6.31331331331331
354,645,6.06214689265537,6.43255813953488,999,6.3013013013013
347,652,6.05763688760807,6.41871165644172,999,6.29329329329329
341,658,6.06451612903226,6.42249240121581,999,6.3003003003003
341,658,6.07038123167155,6.41793313069909,999,6.2992992992993
357,642,6.07282913165266,6.43613707165109,999,6.30630630630631
350,649,6.07428571428571,6.43759630200308,999,6.31031031031031
347,652,6.07204610951009,6.43711656441718,999,6.31031031031031
346,653,6.06647398843931,6.43950995405819,999,6.31031031031031
358,641,6.06703910614525,6.45241809672387,999,6.31431431431431
356,643,6.07584269662921,6.45412130637636,999,6.31931931931932
358,641,6.07541899441341,6.45709828393136,999,6.32032032032032
363,636,6.0771349862259,6.44968553459119,999,6.31431431431431
359,640,6.08635097493036,6.4609375,999,6.32632632632633
359,640,6.08356545961003,6.465625,999,6.32832832832833
358,641,6.08659217877095,6.47113884555382,999,6.33333333333333
366,633,6.09289617486339,6.47077409162717,999,6.33233233233233
366,633,6.08743169398907,6.47235387045814,999,6.33133133133133
365,634,6.09315068493151,6.49369085173502,999,6.34734734734735
360,639,6.10277777777778,6.50078247261346,999,6.35735735735736
358,641,6.10614525139665,6.49297971918877,999,6.35435435435435
363,636,6.10468319559229,6.49685534591195,999,6.35435435435435
366,633,6.10109289617486,6.49289099526066,999,6.34934934934935
365,634,6.1041095890411,6.48107255520505,999,6.34334334334334
364,635,6.1043956043956,6.48503937007874,999,6.34634634634635
360,639,6.10277777777778,6.48043818466354,999,6.34434434434434
367,632,6.11716621253406,6.47784810126582,999,6.34534534534535
354,645,6.12146892655367,6.47906976744186,999,6.35235235235235
356,643,6.12640449438202,6.47278382581649,999,6.34934934934935
358,641,6.12290502793296,6.46801872074883,999,6.34434434434434
361,638,6.11634349030471,6.46708463949843,999,6.34034034034034
372,627,6.11559139784946,6.46092503987241,999,6.33233233233233
366,633,6.12021857923497,6.46287519747235,999,6.33733733733734
358,641,6.12011173184358,6.46021840873635,999,6.33833833833834
356,643,6.12359550561798,6.45878693623639,999,6.33933933933934
362,637,6.1353591160221,6.45368916797488,999,6.33833833833834
372,627,6.13172043010753,6.44338118022329,999,6.32732732732733
365,634,6.12602739726027,6.43059936908517,999,6.31931931931932
361,638,6.12465373961219,6.43103448275862,999,6.32032032032032
355,644,6.14084507042254,6.43478260869565,999,6.33033033033033
351,648,6.14529914529915,6.43518518518519,999,6.33333333333333
354,645,6.14124293785311,6.44496124031008,999,6.33733733733734
361,638,6.14958448753463,6.45141065830721,999,6.34234234234234
368,631,6.16032608695652,6.45007923930269,999,6.34334334334334
380,619,6.16052631578947,6.43941841680129,999,6.33333333333333
385,614,6.16883116883117,6.43648208469055,999,6.33333333333333
384,615,6.1640625,6.43252032520325,999,6.32932932932933
379,620,6.15039577836412,6.4241935483871,999,6.32032032032032
392,607,6.16836734693878,6.42009884678748,999,6.32132132132132
388,611,6.16237113402062,6.42225859247136,999,6.32132132132132
390,609,6.17179487179487,6.39244663382594,999,6.30630630630631
397,602,6.16372795969773,6.39700996677741,999,6.3043043043043
398,601,6.16834170854271,6.39933444259567,999,6.30730730730731
397,602,6.16624685138539,6.39036544850498,999,6.3013013013013
397,602,6.16876574307305,6.39202657807309,999,6.3033033033033
406,593,6.15024630541872,6.38448566610455,999,6.28928928928929
406,593,6.14039408866995,6.38279932546374,999,6.28428428428428
406,593,6.14532019704434,6.35919055649241,999,6.27227227227227
420,579,6.15476190476191,6.36614853195164,999,6.27727727727728
416,583,6.14903846153846,6.36535162950257,999,6.27527527527528
421,578,6.14726840855107,6.35294117647059,999,6.26626626626627
436,563,6.14449541284404,6.35879218472469,999,6.26526526526527
432,567,6.1412037037037,6.37037037037037,999,6.27127127127127
430,569,6.14651162790698,6.3725834797891,999,6.27527527527528
433,566,6.14549653579677,6.35335689045936,999,6.26326326326326
446,553,6.14798206278027,6.36889692585895,999,6.27027027027027
441,558,6.15419501133787,6.3673835125448,999,6.27327327327327
450,549,6.16,6.35154826958106,999,6.26526526526527
460,539,6.15434782608696,6.34508348794063,999,6.25725725725726
456,543,6.1469298245614,6.34438305709024,999,6.25425425425425
459,540,6.13943355119826,6.3462962962963,999,6.25125125125125
459,540,6.14161220043573,6.35555555555556,999,6.25725725725726
468,531,6.1474358974359,6.36723163841808,999,6.26426426426426
471,528,6.14649681528662,6.35227272727273,999,6.25525525525526
480,519,6.15208333333333,6.33526011560694,999,6.24724724724725
484,515,6.14669421487603,6.33203883495146,999,6.24224224224224
465,534,6.14408602150538,6.35205992509363,999,6.25525525525526
477,522,6.14046121593291,6.3544061302682,999,6.25225225225225
483,516,6.14285714285714,6.34883720930233,999,6.24924924924925
482,517,6.14107883817427,6.36170212765957,999,6.25525525525526
474,525,6.14135021097046,6.36571428571429,999,6.25925925925926
476,523,6.14495798319328,6.35372848948375,999,6.25425425425425
488,511,6.14549180327869,6.34833659491194,999,6.24924924924925
477,522,6.13626834381551,6.3448275862069,999,6.24524524524525
471,528,6.1380042462845,6.34659090909091,999,6.24824824824825
473,526,6.13319238900634,6.36311787072243,999,6.25425425425425
490,509,6.1265306122449,6.35952848722986,999,6.24524524524525
477,522,6.13417190775681,6.35249042145594,999,6.24824824824825
488,511,6.12909836065574,6.35225048923679,999,6.24324324324324
492,507,6.1239837398374,6.35897435897436,999,6.24324324324324
495,504,6.13535353535354,6.37698412698413,999,6.25725725725726
494,505,6.14574898785425,6.38217821782178,999,6.26526526526527
495,504,6.13939393939394,6.37103174603175,999,6.25625625625626
489,510,6.14519427402863,6.37450980392157,999,6.26226226226226
477,522,6.13836477987421,6.37931034482759,999,6.26426426426426
491,508,6.13645621181263,6.38385826771654,999,6.26226226226226
484,515,6.13429752066116,6.38058252427185,999,6.26126126126126
488,511,6.12909836065574,6.3894324853229,999,6.26226226226226
493,506,6.12778904665314,6.39130434782609,999,6.26126126126126
490,509,6.13469387755102,6.40275049115914,999,6.27127127127127
490,509,6.1469387755102,6.38506876227898,999,6.26826826826827
488,511,6.14754098360656,6.37573385518591,999,6.26426426426426
492,507,6.15243902439024,6.37475345167653,999,6.26526526526527
485,514,6.15463917525773,6.36575875486381,999,6.26326326326326
493,506,6.15212981744422,6.3596837944664,999,6.25725725725726
505,494,6.15247524752475,6.36234817813765,999,6.25625625625626
509,490,6.15717092337917,6.36938775510204,999,6.26126126126126
505,494,6.15445544554455,6.37651821862348,999,6.26426426426426
493,506,6.14807302231237,6.37944664031621,999,6.26526526526527
500,499,6.148,6.38076152304609,999,6.26426426426426
504,495,6.15277777777778,6.38181818181818,999,6.26626626626627
506,493,6.1600790513834,6.37525354969574,999,6.26626626626627
509,490,6.14538310412574,6.37959183673469,999,6.26026026026026
504,495,6.14484126984127,6.38383838383838,999,6.26326326326326
507,492,6.15976331360947,6.39024390243902,999,6.27327327327327
513,486,6.16764132553606,6.38477366255144,999,6.27327327327327
505,494,6.16237623762376,6.38461538461539,999,6.27227227227227
508,491,6.15944881889764,6.39511201629328,999,6.27527527527528
507,492,6.1577909270217,6.39430894308943,999,6.27427427427427
490,509,6.16326530612245,6.39882121807466,999,6.28328328328328
496,503,6.15322580645161,6.389662027833,999,6.27227227227227
503,496,6.15506958250497,6.38709677419355,999,6.27027027027027
508,491,6.15748031496063,6.38492871690428,999,6.26926926926927
503,496,6.1610337972167,6.37701612903226,999,6.26826826826827
516,483,6.15891472868217,6.38923395445135,999,6.27027027027027
527,472,6.15749525616698,6.38771186440678,999,6.26626626626627
524,475,6.15458015267176,6.38105263157895,999,6.26226226226226
522,477,6.16666666666667,6.38155136268344,999,6.26926926926927
526,473,6.16730038022814,6.37209302325581,999,6.26426426426426
526,473,6.17110266159696,6.36997885835095,999,6.26526526526527
535,464,6.16822429906542,6.37715517241379,999,6.26526526526527
533,466,6.15384615384615,6.37768240343348,999,6.25825825825826
535,464,6.16261682242991,6.36637931034483,999,6.25725725725726
532,467,6.16165413533835,6.3661670235546,999,6.25725725725726
534,465,6.15543071161049,6.36344086021505,999,6.25225225225225
542,457,6.15313653136531,6.36105032822757,999,6.24824824824825
543,456,6.16022099447514,6.35964912280702,999,6.25125125125125
550,449,6.14909090909091,6.3630289532294,999,6.24524524524525
539,460,6.14656771799629,6.35652173913043,999,6.24324324324324
549,450,6.14754098360656,6.36222222222222,999,6.24424424424424
556,443,6.14568345323741,6.38148984198646,999,6.25025025025025
548,451,6.15328467153285,6.38580931263858,999,6.25825825825826
549,450,6.15664845173042,6.38222222222222,999,6.25825825825826
545,454,6.15779816513761,6.37224669603524,999,6.25525525525526
547,452,6.14259597806216,6.38495575221239,999,6.25225225225225
544,455,6.14154411764706,6.37362637362637,999,6.24724724724725
543,456,6.13259668508287,6.38815789473684,999,6.24924924924925
532,467,6.1390977443609,6.37473233404711,999,6.24924924924925
544,455,6.14154411764706,6.37362637362637,999,6.24724724724725
553,446,6.14828209764919,6.36322869955157,999,6.24424424424424
558,441,6.14874551971326,6.3718820861678,999,6.24724724724725
547,452,6.15539305301645,6.36504424778761,999,6.25025025025025
537,462,6.15456238361266,6.36147186147186,999,6.25025025025025
539,460,6.15398886827458,6.34782608695652,999,6.24324324324324
539,460,6.15213358070501,6.34130434782609,999,6.23923923923924
544,455,6.15073529411765,6.33406593406593,999,6.23423423423423
547,452,6.15722120658135,6.32964601769912,999,6.23523523523524
566,433,6.15371024734982,6.33256351039261,999,6.23123123123123
548,451,6.1514598540146,6.3370288248337,999,6.23523523523524
548,451,6.15328467153285,6.34811529933481,999,6.24124124124124
543,456,6.15469613259669,6.33333333333333,999,6.23623623623624
537,462,6.14338919925512,6.32900432900433,999,6.22922922922923
543,456,6.13627992633517,6.31359649122807,999,6.21721721721722
559,440,6.14132379248658,6.30454545454545,999,6.21321321321321
553,446,6.14828209764919,6.30941704035874,999,6.22022022022022
550,449,6.14727272727273,6.30066815144766,999,6.21621621621622
564,435,6.15248226950355,6.29425287356322,999,6.21421421421421
578,421,6.14878892733564,6.28028503562945,999,6.2042042042042
564,435,6.14893617021277,6.28735632183908,999,6.20920920920921
579,420,6.13816925734024,6.27619047619048,999,6.1961961961962
579,420,6.13644214162349,6.25952380952381,999,6.18818818818819
571,428,6.13485113835377,6.27102803738318,999,6.19319319319319
566,433,6.13604240282686,6.25866050808314,999,6.18918918918919
577,422,6.13864818024263,6.260663507109,999,6.19019019019019
578,421,6.13148788927336,6.25890736342043,999,6.18518518518519
580,419,6.13793103448276,6.26491646778043,999,6.19119119119119
578,421,6.14359861591695,6.26603325415677,999,6.1951951951952
578,421,6.15051903114187,6.26128266033254,999,6.1971971971972
572,427,6.1486013986014,6.27634660421546,999,6.2032032032032
563,436,6.15985790408526,6.26834862385321,999,6.20720720720721
569,430,6.16871704745167,6.28372093023256,999,6.21821821821822
564,435,6.15780141843972,6.27816091954023,999,6.21021021021021
560,439,6.16071428571429,6.26651480637813,999,6.20720720720721
563,436,6.17761989342806,6.26376146788991,999,6.21521521521522
559,440,6.17173524150268,6.26363636363636,999,6.21221221221221
563,436,6.17939609236234,6.26605504587156,999,6.21721721721722
566,433,6.18197879858657,6.26789838337182,999,6.21921921921922
566,433,6.19081272084806,6.25866050808314,999,6.22022022022022
570,429,6.1859649122807,6.25174825174825,999,6.21421421421421
576,423,6.18055555555556,6.24822695035461,999,6.20920920920921
571,428,6.18038528896673,6.23831775700935,999,6.20520520520521
564,435,6.18262411347518,6.23448275862069,999,6.20520520520521
570,429,6.1859649122807,6.23543123543124,999,6.20720720720721
562,437,6.18861209964413,6.23112128146453,999,6.20720720720721
564,435,6.19326241134752,6.22758620689655,999,6.20820820820821
556,443,6.18345323741007,6.23024830699774,999,6.2042042042042
560,439,6.19107142857143,6.23462414578588,999,6.21021021021021
563,436,6.19538188277087,6.22018348623853,999,6.20620620620621
568,431,6.19718309859155,6.22737819025522,999,6.21021021021021
569,430,6.20386643233743,6.21395348837209,999,6.20820820820821
565,434,6.20353982300885,6.21658986175115,999,6.20920920920921
560,439,6.18928571428571,6.20728929384966,999,6.1971971971972
563,436,6.17939609236234,6.21100917431193,999,6.19319319319319
570,429,6.18245614035088,6.21678321678322,999,6.1971971971972
567,432,6.17460317460317,6.21064814814815,999,6.19019019019019
569,430,6.17223198594025,6.21860465116279,999,6.19219219219219
574,425,6.17247386759582,6.21647058823529,999,6.19119119119119
575,424,6.18086956521739,6.22405660377358,999,6.1991991991992
563,436,6.18472468916519,6.21788990825688,999,6.1991991991992
570,429,6.19649122807018,6.21445221445221,999,6.2042042042042
574,425,6.19337979094077,6.20705882352941,999,6.1991991991992
572,427,6.19755244755245,6.20374707259953,999,6.2002002002002
580,419,6.19310344827586,6.19809069212411,999,6.1951951951952
583,416,6.19725557461406,6.19711538461539,999,6.1971971971972
583,416,6.19725557461406,6.20192307692308,999,6.1991991991992
575,424,6.19826086956522,6.19811320754717,999,6.1981981981982
571,428,6.215411558669,6.21261682242991,999,6.21421421421421
562,437,6.20996441281139,6.21967963386728,999,6.21421421421421
565,434,6.20884955752212,6.20276497695852,999,6.20620620620621
570,429,6.2,6.20979020979021,999,6.2042042042042
573,426,6.19022687609075,6.19718309859155,999,6.19319319319319
569,430,6.18804920913884,6.2,999,6.19319319319319
569,430,6.18804920913884,6.18372093023256,999,6.18618618618619
561,438,6.19251336898396,6.18036529680365,999,6.18718718718719
560,439,6.18571428571429,6.17312072892939,999,6.18018018018018
560,439,6.18214285714286,6.1753986332574,999,6.17917917917918
564,435,6.17553191489362,6.18390804597701,999,6.17917917917918
553,446,6.16817359855335,6.16816143497758,999,6.16816816816817
557,442,6.16696588868941,6.17647058823529,999,6.17117117117117
542,457,6.16236162361624,6.18161925601751,999,6.17117117117117
537,462,6.15828677839851,6.1969696969697,999,6.17617617617618
538,461,6.16542750929368,6.19522776572668,999,6.17917917917918
543,456,6.16390423572744,6.19298245614035,999,6.17717717717718
536,463,6.16417910447761,6.18790496760259,999,6.17517517517518
542,457,6.16051660516605,6.18161925601751,999,6.17017017017017
553,446,6.16636528028933,6.18834080717489,999,6.17617617617618
546,453,6.16117216117216,6.19646799116998,999,6.17717717717718
548,451,6.16423357664234,6.2039911308204,999,6.18218218218218
544,455,6.16544117647059,6.1956043956044,999,6.17917917917918
544,455,6.16727941176471,6.18901098901099,999,6.17717717717718
542,457,6.16974169741697,6.19693654266958,999,6.18218218218218
537,462,6.16387337057728,6.1969696969697,999,6.17917917917918
537,462,6.16201117318436,6.19047619047619,999,6.17517517517518
538,461,6.16728624535316,6.1822125813449,999,6.17417417417417
540,459,6.17222222222222,6.18300653594771,999,6.17717717717718
538,461,6.1728624535316,6.18872017353579,999,6.18018018018018
538,461,6.16171003717472,6.19739696312364,999,6.17817817817818
528,471,6.15909090909091,6.18046709129512,999,6.16916916916917
536,463,6.16977611940298,6.18574514038877,999,6.17717717717718
535,464,6.17196261682243,6.1875,999,6.17917917917918
524,475,6.17175572519084,6.18736842105263,999,6.17917917917918
531,468,6.16572504708098,6.18376068376068,999,6.17417417417417
517,482,6.17021276595745,6.18464730290456,999,6.17717717717718
523,476,6.17399617590822,6.20168067226891,999,6.18718718718719
517,482,6.16441005802708,6.18257261410788,999,6.17317317317317
519,480,6.16570327552987,6.20625,999,6.18518518518519
514,485,6.16536964980545,6.21237113402062,999,6.18818818818819
512,487,6.169921875,6.20123203285421,999,6.18518518518519
517,482,6.16827852998066,6.20124481327801,999,6.18418418418418
506,493,6.16403162055336,6.21703853955375,999,6.19019019019019
508,491,6.15944881889764,6.20773930753564,999,6.18318318318318
508,491,6.15748031496063,6.19959266802444,999,6.17817817817818
518,481,6.14478764478764,6.1995841995842,999,6.17117117117117
521,478,6.14011516314779,6.19665271966527,999,6.16716716716717
513,486,6.13450292397661,6.20164609053498,999,6.16716716716717
513,486,6.13060428849903,6.20576131687243,999,6.16716716716717
516,483,6.14341085271318,6.2111801242236,999,6.17617617617618
516,483,6.13372093023256,6.2008281573499,999,6.16616616616617
511,488,6.14481409001957,6.20901639344262,999,6.17617617617618
517,482,6.1431334622824,6.21576763485477,999,6.17817817817818
501,498,6.13972055888224,6.21084337349398,999,6.17517517517518
508,491,6.14173228346457,6.20977596741344,999,6.17517517517518
504,495,6.1468253968254,6.21010101010101,999,6.17817817817818
510,489,6.15686274509804,6.20858895705521,999,6.18218218218218
506,493,6.1600790513834,6.20486815415822,999,6.18218218218218
509,490,6.16502946954813,6.20612244897959,999,6.18518518518519
508,491,6.15944881889764,6.20570264765784,999,6.18218218218218
504,495,6.16269841269841,6.21010101010101,999,6.18618618618619
521,478,6.1573896353167,6.2071129707113,999,6.18118118118118
523,476,6.15869980879541,6.21638655462185,999,6.18618618618619
529,470,6.15689981096408,6.22127659574468,999,6.18718718718719
537,462,6.15456238361266,6.22294372294372,999,6.18618618618619
533,466,6.15947467166979,6.2274678111588,999,6.19119119119119
537,462,6.16201117318436,6.22294372294372,999,6.19019019019019
524,475,6.1736641221374,6.23578947368421,999,6.2032032032032
531,468,6.16760828625235,6.22435897435897,999,6.19419419419419
521,478,6.15547024952015,6.22803347280335,999,6.19019019019019
531,468,6.15254237288136,6.23504273504274,999,6.19119119119119
525,474,6.15428571428571,6.24472573839662,999,6.1971971971972
514,485,6.15369649805448,6.25154639175258,999,6.2012012012012
519,480,6.16377649325626,6.24791666666667,999,6.2042042042042
507,492,6.17159763313609,6.24390243902439,999,6.20720720720721
518,481,6.17567567567568,6.24740124740125,999,6.21021021021021
513,486,6.1598440545809,6.24691358024691,999,6.2022022022022
517,482,6.16441005802708,6.23236514522822,999,6.1971971971972
513,486,6.16959064327485,6.23456790123457,999,6.2012012012012
511,488,6.16242661448141,6.23360655737705,999,6.1971971971972
512,487,6.171875,6.23203285420945,999,6.2012012012012
512,487,6.166015625,6.23819301848049,999,6.2012012012012
527,472,6.1707779886148,6.24364406779661,999,6.20520520520521
521,478,6.17274472168906,6.24058577405858,999,6.20520520520521
514,485,6.15953307392996,6.23711340206186,999,6.1971971971972
505,494,6.15445544554455,6.23886639676113,999,6.1961961961962
502,497,6.16932270916335,6.22736418511066,999,6.1981981981982
502,497,6.17330677290837,6.21327967806841,999,6.19319319319319
502,497,6.16533864541833,6.21931589537223,999,6.19219219219219
508,491,6.17125984251969,6.22606924643584,999,6.1981981981982
507,492,6.17357001972387,6.22560975609756,999,6.1991991991992
510,489,6.17450980392157,6.22699386503067,999,6.2002002002002
512,487,6.171875,6.24435318275154,999,6.20720720720721
518,481,6.18532818532818,6.23700623700624,999,6.21021021021021
511,488,6.18003913894325,6.23565573770492,999,6.20720720720721
513,486,6.16959064327485,6.24279835390946,999,6.20520520520521
522,477,6.16666666666667,6.24528301886792,999,6.2042042042042
515,484,6.16893203883495,6.24793388429752,999,6.20720720720721
518,481,6.17181467181467,6.25363825363825,999,6.21121121121121
513,486,6.16959064327485,6.24691358024691,999,6.20720720720721
502,497,6.16733067729084,6.24547283702213,999,6.20620620620621
510,489,6.16470588235294,6.25971370143149,999,6.21121121121121
512,487,6.15625,6.26078028747433,999,6.20720720720721
520,479,6.15769230769231,6.2776617954071,999,6.21521521521522
513,486,6.15399610136452,6.27366255144033,999,6.21221221221221
523,476,6.15678776290631,6.27941176470588,999,6.21521521521522
526,473,6.17110266159696,6.27906976744186,999,6.22222222222222
514,485,6.16536964980545,6.28247422680412,999,6.22222222222222
511,488,6.18199608610568,6.29508196721311,999,6.23723723723724
517,482,6.1779497098646,6.28423236514523,999,6.22922922922923
516,483,6.17829457364341,6.29192546583851,999,6.23323323323323
523,476,6.17973231357553,6.28781512605042,999,6.23123123123123
527,472,6.18406072106262,6.28389830508475,999,6.23123123123123
515,484,6.18446601941748,6.28925619834711,999,6.23523523523524
511,488,6.18003913894325,6.27868852459016,999,6.22822822822823
520,479,6.16923076923077,6.28810020876827,999,6.22622622622623
525,474,6.17714285714286,6.27848101265823,999,6.22522522522523
523,476,6.18164435946463,6.28151260504202,999,6.22922922922923
510,489,6.17843137254902,6.27811860940695,999,6.22722722722723
507,492,6.19329388560158,6.27235772357724,999,6.23223223223223
501,498,6.18562874251497,6.25903614457831,999,6.22222222222222
496,503,6.18346774193548,6.26640159045726,999,6.22522522522523
504,495,6.19246031746032,6.26262626262626,999,6.22722722722723
497,502,6.20120724346076,6.25896414342629,999,6.23023023023023
497,502,6.19718309859155,6.25498007968127,999,6.22622622622623
502,497,6.19721115537849,6.24949698189135,999,6.22322322322322
495,504,6.2040404040404,6.26190476190476,999,6.23323323323323
492,507,6.19918699186992,6.2603550295858,999,6.23023023023023
505,494,6.19405940594059,6.26315789473684,999,6.22822822822823
511,488,6.17416829745597,6.26434426229508,999,6.21821821821822
504,495,6.18055555555556,6.24848484848485,999,6.21421421421421
496,503,6.17741935483871,6.25248508946322,999,6.21521521521522
502,497,6.1792828685259,6.25150905432596,999,6.21521521521522
494,505,6.19028340080972,6.25346534653465,999,6.22222222222222
497,502,6.1851106639839,6.2609561752988,999,6.22322322322322
504,495,6.18452380952381,6.25858585858586,999,6.22122122122122
500,499,6.178,6.25450901803607,999,6.21621621621622
499,500,6.17835671342685,6.246,999,6.21221221221221
503,496,6.16898608349901,6.25403225806452,999,6.21121121121121
494,505,6.16396761133603,6.24356435643564,999,6.2042042042042
496,503,6.16532258064516,6.24850894632207,999,6.20720720720721
504,495,6.16666666666667,6.25050505050505,999,6.20820820820821
512,487,6.166015625,6.25667351129363,999,6.21021021021021
517,482,6.16441005802708,6.24688796680498,999,6.2042042042042
521,478,6.16314779270633,6.2489539748954,999,6.2042042042042
525,474,6.14095238095238,6.25527426160338,999,6.1951951951952
513,486,6.14230019493177,6.27160493827161,999,6.20520520520521
506,493,6.13833992094862,6.2657200811359,999,6.2012012012012
506,493,6.13438735177866,6.26774847870183,999,6.2002002002002
503,496,6.13717693836978,6.27016129032258,999,6.2032032032032
498,501,6.1425702811245,6.26546906187625,999,6.2042042042042
507,492,6.14201183431953,6.26219512195122,999,6.2012012012012
512,487,6.138671875,6.26694045174538,999,6.2012012012012
504,495,6.13492063492064,6.26060606060606,999,6.1971971971972
500,499,6.146,6.2565130260521,999,6.2012012012012
506,493,6.14822134387352,6.24340770791075,999,6.1951951951952
508,491,6.14566929133858,6.24643584521385,999,6.1951951951952
498,501,6.15060240963855,6.2315369261477,999,6.19119119119119
483,516,6.14699792960663,6.2422480620155,999,6.1961961961962
487,512,6.14373716632443,6.244140625,999,6.1951951951952
484,515,6.15082644628099,6.24271844660194,999,6.1981981981982
490,509,6.1530612244898,6.24950884086444,999,6.2022022022022
486,513,6.1522633744856,6.2495126705653,999,6.2022022022022
487,512,6.15811088295688,6.240234375,999,6.2002002002002
496,503,6.1633064516129,6.23658051689861,999,6.2002002002002
491,508,6.17718940936864,6.24212598425197,999,6.21021021021021
494,505,6.17813765182186,6.23960396039604,999,6.20920920920921
481,518,6.18918918918919,6.25096525096525,999,6.22122122122122
479,520,6.18580375782881,6.25384615384615,999,6.22122122122122
480,519,6.18958333333333,6.24662813102119,999,6.21921921921922
484,515,6.1900826446281,6.24466019417476,999,6.21821821821822
474,525,6.19409282700422,6.2647619047619,999,6.23123123123123
478,521,6.19246861924686,6.26871401151632,999,6.23223223223223
478,521,6.19665271966527,6.2552783109405,999,6.22722722722723
478,521,6.20083682008368,6.24760076775432,999,6.22522522522523
482,517,6.20954356846473,6.24564796905222,999,6.22822822822823
487,512,6.2135523613963,6.25,999,6.23223223223223
492,507,6.21138211382114,6.25838264299803,999,6.23523523523524
495,504,6.21616161616162,6.25992063492064,999,6.23823823823824
497,502,6.20925553319919,6.25498007968127,999,6.23223223223223
492,507,6.21951219512195,6.24260355029586,999,6.23123123123123
499,500,6.22845691382765,6.256,999,6.24224224224224
505,494,6.22574257425743,6.25910931174089,999,6.24224224224224
504,495,6.22023809523809,6.23838383838384,999,6.22922922922923
507,492,6.2189349112426,6.23373983739837,999,6.22622622622623
518,481,6.23166023166023,6.23284823284823,999,6.23223223223223
520,479,6.23846153846154,6.24425887265136,999,6.24124124124124
524,475,6.23473282442748,6.25473684210526,999,6.24424424424424
525,474,6.24380952380952,6.25949367088608,999,6.25125125125125
529,470,6.22684310018904,6.25957446808511,999,6.24224224224224
532,467,6.22744360902256,6.25910064239829,999,6.24224224224224
535,464,6.22616822429907,6.25862068965517,999,6.24124124124124
540,459,6.22777777777778,6.2636165577342,999,6.24424424424424
534,465,6.23220973782772,6.25806451612903,999,6.24424424424424
537,462,6.23463687150838,6.24891774891775,999,6.24124124124124
543,456,6.23388581952118,6.25438596491228,999,6.24324324324324
543,456,6.23020257826888,6.26315789473684,999,6.24524524524525
544,455,6.22794117647059,6.25714285714286,999,6.24124124124124
542,457,6.23431734317343,6.24945295404814,999,6.24124124124124
543,456,6.23204419889503,6.24780701754386,999,6.23923923923924
538,461,6.2360594795539,6.24511930585683,999,6.24024024024024
543,456,6.24125230202578,6.24780701754386,999,6.24424424424424
529,470,6.24196597353497,6.2468085106383,999,6.24424424424424
528,471,6.24242424242424,6.23566878980892,999,6.23923923923924
535,464,6.25981308411215,6.22198275862069,999,6.24224224224224
527,472,6.25996204933586,6.22669491525424,999,6.24424424424424
527,472,6.26375711574953,6.23516949152542,999,6.25025025025025
524,475,6.26908396946565,6.2421052631579,999,6.25625625625626
516,483,6.26356589147287,6.21532091097308,999,6.24024024024024
514,485,6.25875486381323,6.21030927835052,999,6.23523523523524
515,484,6.24466019417476,6.2004132231405,999,6.22322322322322
521,478,6.24952015355086,6.21757322175732,999,6.23423423423423
526,473,6.25095057034221,6.20507399577167,999,6.22922922922923
518,481,6.24517374517375,6.1975051975052,999,6.22222222222222
522,477,6.25478927203065,6.18867924528302,999,6.22322322322322
507,492,6.26824457593688,6.1869918699187,999,6.22822822822823
508,491,6.25984251968504,6.19551934826884,999,6.22822822822823
502,497,6.27091633466135,6.1830985915493,999,6.22722722722723
498,501,6.28112449799197,6.18163672654691,999,6.23123123123123
505,494,6.2970297029703,6.17611336032389,999,6.23723723723724
506,493,6.27865612648221,6.18052738336714,999,6.23023023023023
504,495,6.28769841269841,6.18989898989899,999,6.23923923923924
505,494,6.27920792079208,6.19028340080972,999,6.23523523523524
501,498,6.28343313373253,6.18473895582329,999,6.23423423423423
504,495,6.28769841269841,6.16767676767677,999,6.22822822822823
517,482,6.29013539651837,6.1701244813278,999,6.23223223223223
506,493,6.29249011857708,6.1683569979716,999,6.23123123123123
505,494,6.28316831683168,6.16599190283401,999,6.22522522522523
509,490,6.28487229862475,6.16938775510204,999,6.22822822822823
503,496,6.27833001988072,6.16733870967742,999,6.22322322322322
502,497,6.27689243027888,6.16901408450704,999,6.22322322322322
501,498,6.26946107784431,6.16465863453815,999,6.21721721721722
512,487,6.2734375,6.15811088295688,999,6.21721721721722
505,494,6.28514851485149,6.15384615384615,999,6.22022022022022
508,491,6.29133858267717,6.14867617107943,999,6.22122122122122
510,489,6.28823529411765,6.15132924335378,999,6.22122122122122
504,495,6.27777777777778,6.16363636363636,999,6.22122122122122
512,487,6.28125,6.17659137577002,999,6.23023023023023
500,499,6.276,6.17635270541082,999,6.22622622622623
511,488,6.26614481409002,6.18237704918033,999,6.22522522522523
505,494,6.27128712871287,6.17813765182186,999,6.22522522522523
504,495,6.26785714285714,6.18181818181818,999,6.22522522522523
510,489,6.27450980392157,6.19427402862986,999,6.23523523523524
502,497,6.27888446215139,6.19315895372233,999,6.23623623623624
514,485,6.27821011673152,6.19587628865979,999,6.23823823823824
517,482,6.27466150870406,6.18672199170125,999,6.23223223223223
519,480,6.26204238921002,6.19791666666667,999,6.23123123123123
523,476,6.26959847036329,6.1953781512605,999,6.23423423423423
519,480,6.27552986512524,6.20208333333333,999,6.24024024024024
522,477,6.27777777777778,6.18658280922432,999,6.23423423423423
515,484,6.27961165048544,6.20454545454545,999,6.24324324324324
510,489,6.27843137254902,6.20449897750511,999,6.24224224224224
491,508,6.25865580448065,6.20472440944882,999,6.23123123123123
502,497,6.25697211155379,6.20321931589537,999,6.23023023023023
509,490,6.25147347740668,6.21428571428571,999,6.23323323323323
504,495,6.25,6.21212121212121,999,6.23123123123123
502,497,6.25498007968127,6.20925553319919,999,6.23223223223223
496,503,6.25,6.20477137176938,999,6.22722722722723
478,521,6.24476987447699,6.20153550863724,999,6.22222222222222
475,524,6.22736842105263,6.20610687022901,999,6.21621621621622
474,525,6.22362869198312,6.22285714285714,999,6.22322322322322
479,520,6.20459290187891,6.21923076923077,999,6.21221221221221
466,533,6.20386266094421,6.23264540337711,999,6.21921921921922
460,539,6.20869565217391,6.23562152133581,999,6.22322322322322
472,527,6.20338983050847,6.23908918406072,999,6.22222222222222
473,526,6.19873150105708,6.23003802281369,999,6.21521521521522
469,530,6.18550106609808,6.2377358490566,999,6.21321321321321
486,513,6.18930041152263,6.23781676413255,999,6.21421421421421
476,523,6.1890756302521,6.23135755258126,999,6.21121121121121
472,527,6.19279661016949,6.23908918406072,999,6.21721721721722
468,531,6.19871794871795,6.24670433145009,999,6.22422422422422
460,539,6.19347826086956,6.24675324675325,999,6.22222222222222
458,541,6.19650655021834,6.24768946395564,999,6.22422422422422
442,557,6.20361990950226,6.25493716337522,999,6.23223223223223
456,543,6.21052631578947,6.25046040515654,999,6.23223223223223
452,547,6.19911504424779,6.25228519195612,999,6.22822822822823
459,540,6.19825708061002,6.27777777777778,999,6.24124124124124
466,533,6.19527896995708,6.27016885553471,999,6.23523523523524
456,543,6.18859649122807,6.27624309392265,999,6.23623623623624
450,549,6.19111111111111,6.26411657559199,999,6.23123123123123
448,551,6.1875,6.26134301270417,999,6.22822822822823
448,551,6.17410714285714,6.24500907441016,999,6.21321321321321
456,543,6.17543859649123,6.24861878453039,999,6.21521521521522
445,554,6.19325842696629,6.24729241877256,999,6.22322322322322
447,552,6.19910514541387,6.2554347826087,999,6.23023023023023
448,551,6.1875,6.25952813067151,999,6.22722722722723
437,562,6.19679633867277,6.24377224199288,999,6.22322322322322
439,560,6.20728929384966,6.24285714285714,999,6.22722722722723
452,547,6.21902654867257,6.23765996343693,999,6.22922922922923
460,539,6.21304347826087,6.24118738404453,999,6.22822822822823
459,540,6.2156862745098,6.24444444444444,999,6.23123123123123
458,541,6.2117903930131,6.25138632162662,999,6.23323323323323
452,547,6.2146017699115,6.26325411334552,999,6.24124124124124
453,546,6.20971302428256,6.26556776556777,999,6.24024024024024
437,562,6.19450800915332,6.25978647686833,999,6.23123123123123
432,567,6.1875,6.25749559082892,999,6.22722722722723
421,578,6.19714964370546,6.25951557093426,999,6.23323323323323
423,576,6.20567375886525,6.25694444444444,999,6.23523523523524
418,581,6.19856459330144,6.26333907056799,999,6.23623623623624
413,586,6.18886198547215,6.2542662116041,999,6.22722722722723
413,586,6.1864406779661,6.24744027303754,999,6.22222222222222
417,582,6.17745803357314,6.24742268041237,999,6.21821821821822
409,590,6.1760391198044,6.2593220338983,999,6.22522522522523
410,589,6.1780487804878,6.25466893039049,999,6.22322322322322
419,580,6.17422434367542,6.25689655172414,999,6.22222222222222
428,571,6.17990654205607,6.25043782837128,999,6.22022022022022
431,568,6.17401392111369,6.23591549295775,999,6.20920920920921
441,558,6.19274376417234,6.24014336917563,999,6.21921921921922
431,568,6.19257540603248,6.23415492957746,999,6.21621621621622
414,585,6.21014492753623,6.23589743589744,999,6.22522522522523
427,572,6.20843091334895,6.22027972027972,999,6.21521521521522
436,563,6.20871559633028,6.2202486678508,999,6.21521521521522
444,555,6.20495495495495,6.21801801801802,999,6.21221221221221
440,559,6.20681818181818,6.21466905187835,999,6.21121121121121
425,574,6.19764705882353,6.21080139372822,999,6.20520520520521
424,575,6.19339622641509,6.21913043478261,999,6.20820820820821
424,575,6.19811320754717,6.22086956521739,999,6.21121121121121
424,575,6.20518867924528,6.21739130434783,999,6.21221221221221
422,577,6.21563981042654,6.23396880415945,999,6.22622622622623
426,573,6.2112676056338,6.22338568935428,999,6.21821821821822
418,581,6.2200956937799,6.22203098106713,999,6.22122122122122
411,588,6.22384428223844,6.21598639455782,999,6.21921921921922
414,585,6.20531400966184,6.21025641025641,999,6.20820820820821
410,589,6.20243902439024,6.21392190152801,999,6.20920920920921
417,582,6.19424460431655,6.21477663230241,999,6.20620620620621
408,591,6.18382352941176,6.21996615905245,999,6.20520520520521
417,582,6.17505995203837,6.20962199312715,999,6.1951951951952
415,584,6.1710843373494,6.21746575342466,999,6.1981981981982
405,594,6.17037037037037,6.21717171717172,999,6.1981981981982
412,587,6.16747572815534,6.21805792163543,999,6.1971971971972
410,589,6.18048780487805,6.22410865874363,999,6.20620620620621
419,580,6.18138424821002,6.22413793103448,999,6.20620620620621
415,584,6.18072289156626,6.24315068493151,999,6.21721721721722
417,582,6.17985611510791,6.24742268041237,999,6.21921921921922
417,582,6.19424460431655,6.24570446735395,999,6.22422422422422
416,583,6.19471153846154,6.23327615780446,999,6.21721721721722
408,591,6.17401960784314,6.24027072758037,999,6.21321321321321
411,588,6.17761557177616,6.23979591836735,999,6.21421421421421
429,570,6.16783216783217,6.24912280701754,999,6.21421421421421
441,558,6.17913832199546,6.25448028673835,999,6.22122122122122
440,559,6.17045454545455,6.25044722719141,999,6.21521521521522
432,567,6.18981481481481,6.25396825396825,999,6.22622622622623
431,568,6.17169373549884,6.25880281690141,999,6.22122122122122
414,585,6.15942028985507,6.25470085470085,999,6.21521521521522
418,581,6.1555023923445,6.24784853700516,999,6.20920920920921
411,588,6.17761557177616,6.26020408163265,999,6.22622622622623
413,586,6.1864406779661,6.26109215017065,999,6.23023023023023
418,581,6.18181818181818,6.25989672977625,999,6.22722722722723
407,592,6.18918918918919,6.25675675675676,999,6.22922922922923
399,600,6.19047619047619,6.25333333333333,999,6.22822822822823
391,608,6.20716112531969,6.25,999,6.23323323323323
396,603,6.19949494949495,6.24543946932007,999,6.22722722722723
388,611,6.19329896907217,6.26022913256956,999,6.23423423423423
395,604,6.20253164556962,6.25993377483444,999,6.23723723723724
396,603,6.20454545454545,6.25870646766169,999,6.23723723723724
406,593,6.19211822660098,6.25632377740304,999,6.23023023023023
390,609,6.2,6.26108374384236,999,6.23723723723724
389,610,6.19280205655527,6.25409836065574,999,6.23023023023023
396,603,6.18686868686869,6.23880597014925,999,6.21821821821822
393,606,6.20101781170483,6.24257425742574,999,6.22622622622623
402,597,6.1865671641791,6.24623115577889,999,6.22222222222222
399,600,6.19298245614035,6.23833333333333,999,6.22022022022022
399,600,6.20551378446115,6.23333333333333,999,6.22222222222222
393,606,6.20865139949109,6.22277227722772,999,6.21721721721722
386,613,6.21502590673575,6.22512234910277,999,6.22122122122122
379,620,6.22427440633245,6.22258064516129,999,6.22322322322322
376,623,6.22340425531915,6.20385232744783,999,6.21121121121121
386,613,6.20984455958549,6.20880913539967,999,6.20920920920921
392,607,6.20663265306122,6.1993410214168,999,6.2022022022022
390,609,6.21282051282051,6.21018062397373,999,6.21121121121121
378,621,6.21693121693122,6.21578099838969,999,6.21621621621622
380,619,6.21052631578947,6.21001615508885,999,6.21021021021021
389,610,6.19794344473008,6.21311475409836,999,6.20720720720721
380,619,6.18947368421053,6.22455573505654,999,6.21121121121121
374,625,6.20053475935829,6.2288,999,6.21821821821822
378,621,6.1984126984127,6.22061191626409,999,6.21221221221221
373,626,6.19839142091153,6.2332268370607,999,6.22022022022022
383,616,6.19582245430809,6.23863636363636,999,6.22222222222222
384,615,6.19270833333333,6.24227642276423,999,6.22322322322322
384,615,6.19791666666667,6.2390243902439,999,6.22322322322322
390,609,6.21538461538462,6.24466338259442,999,6.23323323323323
392,607,6.20408163265306,6.23558484349259,999,6.22322322322322
381,618,6.20997375328084,6.23300970873786,999,6.22422422422422
389,610,6.20308483290488,6.24918032786885,999,6.23123123123123
393,606,6.19338422391858,6.25412541254125,999,6.23023023023023
386,613,6.19948186528497,6.23654159869494,999,6.22222222222222
394,605,6.19543147208122,6.2297520661157,999,6.21621621621622
398,601,6.18844221105528,6.23793677204659,999,6.21821821821822
399,600,6.17794486215539,6.235,999,6.21221221221221
398,601,6.17085427135678,6.22628951747088,999,6.2042042042042
409,590,6.16625916870416,6.22881355932203,999,6.2032032032032
409,590,6.16625916870416,6.22372881355932,999,6.2002002002002
411,588,6.16788321167883,6.20918367346939,999,6.19219219219219
407,592,6.16953316953317,6.20608108108108,999,6.19119119119119
415,584,6.15903614457831,6.21575342465753,999,6.19219219219219
408,591,6.16421568627451,6.19458544839256,999,6.18218218218218
393,606,6.1704834605598,6.2013201320132,999,6.18918918918919
389,610,6.17994858611825,6.20819672131148,999,6.1971971971972
401,598,6.17705735660848,6.20903010033445,999,6.1961961961962
402,597,6.17661691542289,6.19597989949749,999,6.18818818818819
408,591,6.17401960784314,6.20473773265651,999,6.19219219219219
407,592,6.17690417690418,6.21452702702703,999,6.1991991991992
409,590,6.17848410757946,6.21186440677966,999,6.1981981981982
403,596,6.17866004962779,6.20805369127517,999,6.1961961961962
403,596,6.17369727047146,6.21308724832215,999,6.1971971971972
406,593,6.1871921182266,6.20910623946037,999,6.2002002002002
409,590,6.19315403422983,6.20677966101695,999,6.2012012012012
407,592,6.19164619164619,6.21621621621622,999,6.20620620620621
413,586,6.1864406779661,6.22013651877133,999,6.20620620620621
416,583,6.18509615384615,6.2229845626072,999,6.20720720720721
409,590,6.18581907090465,6.23559322033898,999,6.21521521521522
420,579,6.20238095238095,6.23834196891192,999,6.22322322322322
415,584,6.2,6.24486301369863,999,6.22622622622623
425,574,6.19529411764706,6.23519163763066,999,6.21821821821822
430,569,6.19767441860465,6.23550087873462,999,6.21921921921922
426,573,6.20657276995305,6.22338568935428,999,6.21621621621622
434,565,6.20276497695852,6.2212389380531,999,6.21321321321321
429,570,6.20745920745921,6.22982456140351,999,6.22022022022022
431,568,6.19489559164733,6.21654929577465,999,6.20720720720721
428,571,6.19859813084112,6.21015761821366,999,6.20520520520521
427,572,6.18266978922717,6.20629370629371,999,6.1961961961962
419,580,6.17661097852029,6.21551724137931,999,6.1991991991992
431,568,6.16241299303944,6.20950704225352,999,6.18918918918919
425,574,6.16235294117647,6.21080139372822,999,6.19019019019019
427,572,6.17096018735363,6.21153846153846,999,6.19419419419419
427,572,6.18735362997658,6.22202797202797,999,6.20720720720721
422,577,6.18009478672986,6.22183708838821,999,6.2042042042042
426,573,6.17840375586854,6.22687609075044,999,6.20620620620621
422,577,6.18483412322275,6.23396880415945,999,6.21321321321321
419,580,6.17899761336515,6.22931034482759,999,6.20820820820821
409,590,6.17359413202934,6.23728813559322,999,6.21121121121121
407,592,6.16707616707617,6.24662162162162,999,6.21421421421421
409,590,6.1638141809291,6.24406779661017,999,6.21121121121121
410,589,6.1609756097561,6.24617996604414,999,6.21121121121121
397,602,6.16372795969773,6.24750830564784,999,6.21421421421421
397,602,6.16624685138539,6.22923588039867,999,6.2042042042042
397,602,6.16876574307305,6.2375415282392,999,6.21021021021021
391,608,6.17902813299233,6.22532894736842,999,6.20720720720721
392,607,6.18622448979592,6.21581548599671,999,6.2042042042042
385,614,6.17922077922078,6.2214983713355,999,6.20520520520521
394,605,6.17258883248731,6.2297520661157,999,6.20720720720721
397,602,6.17380352644836,6.23089700996678,999,6.20820820820821
398,601,6.17336683417085,6.22462562396007,999,6.2042042042042
400,599,6.1725,6.23372287145242,999,6.20920920920921
396,603,6.17424242424242,6.23548922056385,999,6.21121121121121
398,601,6.178391959799,6.23460898502496,999,6.21221221221221
394,605,6.15736040609137,6.22479338842975,999,6.1981981981982
392,607,6.15561224489796,6.22570016474465,999,6.1981981981982
381,618,6.1496062992126,6.22330097087379,999,6.1951951951952
385,614,6.14545454545455,6.23615635179153,999,6.2012012012012
375,624,6.15466666666667,6.24358974358974,999,6.21021021021021
370,629,6.15135135135135,6.24642289348172,999,6.21121121121121
365,634,6.14520547945205,6.24447949526814,999,6.20820820820821
363,636,6.14600550964187,6.25786163522013,999,6.21721721721722
374,625,6.15508021390374,6.2688,999,6.22622622622623
380,619,6.16315789473684,6.25363489499192,999,6.21921921921922
386,613,6.16321243523316,6.24796084828711,999,6.21521521521522
380,619,6.16315789473684,6.25201938610662,999,6.21821821821822
382,617,6.15706806282722,6.25121555915721,999,6.21521521521522
382,617,6.1544502617801,6.26418152350081,999,6.22222222222222
386,613,6.15025906735751,6.25938009787928,999,6.21721721721722
383,616,6.15404699738903,6.26948051948052,999,6.22522522522523
366,633,6.15027322404372,6.26224328593997,999,6.22122122122122
355,644,6.15492957746479,6.27795031055901,999,6.23423423423423
349,650,6.14613180515759,6.28153846153846,999,6.23423423423423
360,639,6.14444444444444,6.28794992175274,999,6.23623623623624
357,642,6.1484593837535,6.28193146417445,999,6.23423423423423
350,649,6.15428571428571,6.28813559322034,999,6.24124124124124
357,642,6.1624649859944,6.28348909657321,999,6.24024024024024
361,638,6.16620498614958,6.28369905956113,999,6.24124124124124
360,639,6.15555555555556,6.28169014084507,999,6.23623623623624
353,646,6.1586402266289,6.28947368421053,999,6.24324324324324
351,648,6.16809116809117,6.29320987654321,999,6.24924924924925
349,650,6.17478510028653,6.28615384615385,999,6.24724724724725
346,653,6.16763005780347,6.29862174578867,999,6.25325325325325
350,649,6.17714285714286,6.28043143297381,999,6.24424424424424
355,644,6.1830985915493,6.28416149068323,999,6.24824824824825
353,646,6.20679886685552,6.28482972136223,999,6.25725725725726
362,637,6.18232044198895,6.27786499215071,999,6.24324324324324
356,643,6.16011235955056,6.27993779160187,999,6.23723723723724
355,644,6.17183098591549,6.29037267080745,999,6.24824824824825
351,648,6.17378917378917,6.27314814814815,999,6.23823823823824
348,651,6.17816091954023,6.27496159754224,999,6.24124124124124
350,649,6.18285714285714,6.27734976887519,999,6.24424424424424
352,647,6.1875,6.2952086553323,999,6.25725725725726
356,643,6.19101123595506,6.29237947122862,999,6.25625625625626
359,640,6.19220055710306,6.303125,999,6.26326326326326
360,639,6.17777777777778,6.30359937402191,999,6.25825825825826
350,649,6.19428571428571,6.29583975346687,999,6.26026026026026
357,642,6.19887955182073,6.29127725856698,999,6.25825825825826
352,647,6.19886363636364,6.29057187017002,999,6.25825825825826
346,653,6.19942196531792,6.30168453292496,999,6.26626626626627
337,662,6.19881305637982,6.29305135951662,999,6.26126126126126
330,669,6.2030303030303,6.29745889387145,999,6.26626626626627
333,666,6.2042042042042,6.29129129129129,999,6.26226226226226
331,668,6.22054380664653,6.29940119760479,999,6.27327327327327
339,660,6.22418879056047,6.31060606060606,999,6.28128128128128
332,667,6.23493975903614,6.29685157421289,999,6.27627627627628
333,666,6.23423423423423,6.2987987987988,999,6.27727727727728
321,678,6.21806853582555,6.29646017699115,999,6.27127127127127
326,673,6.2239263803681,6.29420505200594,999,6.27127127127127
315,684,6.21904761904762,6.28508771929825,999,6.26426426426426
329,670,6.2370820668693,6.28059701492537,999,6.26626626626627
324,675,6.24691358024691,6.28888888888889,999,6.27527527527528
322,677,6.23291925465838,6.28803545051699,999,6.27027027027027
325,674,6.24307692307692,6.28635014836795,999,6.27227227227227
324,675,6.24691358024691,6.29925925925926,999,6.28228228228228
327,672,6.24159021406728,6.29315476190476,999,6.27627627627628
316,683,6.24367088607595,6.28843338213763,999,6.27427427427427
319,680,6.23824451410658,6.27352941176471,999,6.26226226226226
318,681,6.21383647798742,6.27165932452276,999,6.25325325325325
323,676,6.21052631578947,6.26923076923077,999,6.25025025025025
329,670,6.21884498480243,6.27313432835821,999,6.25525525525526
327,672,6.217125382263,6.26041666666667,999,6.24624624624625
330,669,6.23333333333333,6.25710014947683,999,6.24924924924925
335,664,6.21194029850746,6.26656626506024,999,6.24824824824825
343,656,6.21865889212828,6.26524390243902,999,6.24924924924925
342,657,6.21637426900585,6.27092846270928,999,6.25225225225225
339,660,6.20648967551622,6.26212121212121,999,6.24324324324324
342,657,6.20175438596491,6.26331811263318,999,6.24224224224224
350,649,6.18571428571429,6.2557781201849,999,6.23123123123123
349,650,6.18338108882521,6.25384615384615,999,6.22922922922923
343,656,6.17492711370262,6.2469512195122,999,6.22222222222222
349,650,6.17765042979943,6.23230769230769,999,6.21321321321321
335,664,6.18208955223881,6.23644578313253,999,6.21821821821822
338,661,6.19230769230769,6.23298033282905,999,6.21921921921922
323,676,6.17647058823529,6.22633136094675,999,6.21021021021021
327,672,6.1743119266055,6.22619047619048,999,6.20920920920921
317,682,6.16403785488959,6.23020527859238,999,6.20920920920921
324,675,6.16666666666667,6.2237037037037,999,6.20520520520521
330,669,6.16969696969697,6.21973094170404,999,6.2032032032032
324,675,6.17283950617284,6.23407407407407,999,6.21421421421421
335,664,6.17014925373134,6.22590361445783,999,6.20720720720721
337,662,6.16617210682493,6.23111782477341,999,6.20920920920921
347,652,6.17579250720461,6.23773006134969,999,6.21621621621622
337,662,6.17210682492582,6.23413897280967,999,6.21321321321321
339,660,6.17699115044248,6.22878787878788,999,6.21121121121121
338,661,6.17455621301775,6.24054462934947,999,6.21821821821822
352,647,6.17329545454545,6.23029366306028,999,6.21021021021021
352,647,6.17897727272727,6.22874806800618,999,6.21121121121121
340,659,6.16764705882353,6.22761760242792,999,6.20720720720721
343,656,6.16326530612245,6.23932926829268,999,6.21321321321321
340,659,6.15294117647059,6.23065250379363,999,6.2042042042042
341,658,6.16715542521994,6.2370820668693,999,6.21321321321321
341,658,6.14956011730205,6.22796352583587,999,6.2012012012012
336,663,6.14880952380952,6.22473604826546,999,6.1991991991992
336,663,6.15178571428571,6.21870286576169,999,6.1961961961962
345,654,6.1536231884058,6.22018348623853,999,6.1971971971972
333,666,6.14114114114114,6.21771771771772,999,6.19219219219219
332,667,6.14156626506024,6.22788605697151,999,6.1991991991992
327,672,6.14067278287462,6.22767857142857,999,6.1991991991992
330,669,6.13333333333333,6.23019431988042,999,6.1981981981982
325,674,6.14769230769231,6.21810089020772,999,6.1951951951952
323,676,6.15170278637771,6.21005917159763,999,6.19119119119119
325,674,6.14769230769231,6.21216617210682,999,6.19119119119119
324,675,6.16975308641975,6.2162962962963,999,6.2012012012012
324,675,6.17592592592593,6.21333333333333,999,6.2012012012012
330,669,6.17575757575758,6.2152466367713,999,6.2022022022022
330,669,6.16969696969697,6.22421524663677,999,6.20620620620621
324,675,6.17283950617284,6.22666666666667,999,6.20920920920921
318,681,6.18867924528302,6.23641703377386,999,6.22122122122122
311,688,6.18327974276527,6.22238372093023,999,6.21021021021021
310,689,6.19677419354839,6.23076923076923,999,6.22022022022022
321,678,6.1993769470405,6.24188790560472,999,6.22822822822823
318,681,6.20754716981132,6.22907488986784,999,6.22222222222222
320,679,6.209375,6.23858615611193,999,6.22922922922923
325,674,6.20923076923077,6.23887240356083,999,6.22922922922923
326,673,6.21472392638037,6.23179791976226,999,6.22622622622623
332,667,6.20783132530121,6.23538230884558,999,6.22622622622623
335,664,6.21492537313433,6.2394578313253,999,6.23123123123123
333,666,6.18618618618619,6.24474474474474,999,6.22522522522523
327,672,6.18960244648318,6.24107142857143,999,6.22422422422422
306,693,6.18954248366013,6.24963924963925,999,6.23123123123123
321,678,6.20872274143302,6.26106194690265,999,6.24424424424424
328,671,6.21036585365854,6.25037257824143,999,6.23723723723724
334,665,6.20359281437126,6.25263157894737,999,6.23623623623624
336,663,6.21130952380952,6.24585218702866,999,6.23423423423423
336,663,6.20833333333333,6.25037707390649,999,6.23623623623624
340,659,6.23529411764706,6.23672230652504,999,6.23623623623624
334,665,6.23353293413174,6.2421052631579,999,6.23923923923924
343,656,6.21865889212828,6.23323170731707,999,6.22822822822823
340,659,6.22058823529412,6.22306525037936,999,6.22222222222222
336,663,6.22619047619048,6.21870286576169,999,6.22122122122122
337,662,6.21958456973294,6.22960725075529,999,6.22622622622623
340,659,6.22058823529412,6.22913505311077,999,6.22622622622623
336,663,6.21130952380952,6.22322775263952,999,6.21921921921922
329,670,6.22796352583587,6.22238805970149,999,6.22422422422422
328,671,6.23475609756098,6.22354694485842,999,6.22722722722723
323,676,6.22910216718266,6.2189349112426,999,6.22222222222222
323,676,6.23839009287926,6.22485207100592,999,6.22922922922923
331,668,6.22658610271903,6.22754491017964,999,6.22722722722723
338,661,6.20414201183432,6.22541603630862,999,6.21821821821822
345,654,6.21739130434783,6.21865443425076,999,6.21821821821822
346,653,6.20809248554913,6.21745788667688,999,6.21421421421421
357,642,6.22128851540616,6.22118380062305,999,6.22122122122122
359,640,6.23398328690808,6.228125,999,6.23023023023023
368,631,6.23369565217391,6.22662440570523,999,6.22922922922923
375,624,6.22666666666667,6.23397435897436,999,6.23123123123123
374,625,6.22192513368984,6.24,999,6.23323323323323
379,620,6.21108179419525,6.26290322580645,999,6.24324324324324
375,624,6.2,6.25160256410256,999,6.23223223223223
389,610,6.2159383033419,6.24426229508197,999,6.23323323323323
384,615,6.20833333333333,6.23577235772358,999,6.22522522522523
381,618,6.20997375328084,6.22977346278317,999,6.22222222222222
377,622,6.20689655172414,6.22990353697749,999,6.22122122122122
378,621,6.21428571428571,6.23188405797101,999,6.22522522522523
382,617,6.22513089005236,6.22204213938412,999,6.22322322322322
369,630,6.21951219512195,6.22222222222222,999,6.22122122122122
379,620,6.20580474934037,6.21612903225806,999,6.21221221221221
371,628,6.21832884097035,6.22133757961783,999,6.22022022022022
383,616,6.20365535248042,6.22402597402597,999,6.21621621621622
374,625,6.21657754010695,6.2272,999,6.22322322322322
382,617,6.22251308900524,6.22366288492707,999,6.22322322322322
378,621,6.21957671957672,6.20450885668277,999,6.21021021021021
369,630,6.21138211382114,6.2047619047619,999,6.20720720720721
377,622,6.22015915119363,6.20578778135048,999,6.21121121121121
366,633,6.21311475409836,6.20221169036335,999,6.20620620620621
369,630,6.21951219512195,6.2047619047619,999,6.21021021021021
365,634,6.22191780821918,6.21293375394322,999,6.21621621621622
370,629,6.22972972972973,6.20190779014308,999,6.21221221221221
359,640,6.22005571030641,6.1921875,999,6.2022022022022
358,641,6.2122905027933,6.20436817472699,999,6.20720720720721
364,635,6.21153846153846,6.20314960629921,999,6.20620620620621
364,635,6.21703296703297,6.21259842519685,999,6.21421421421421
363,636,6.19834710743802,6.2248427672956,999,6.21521521521522
363,636,6.20661157024793,6.23584905660377,999,6.22522522522523
355,644,6.1943661971831,6.2360248447205,999,6.22122122122122
353,646,6.20396600566572,6.24458204334365,999,6.23023023023023
348,651,6.20114942528736,6.24270353302611,999,6.22822822822823
355,644,6.2,6.24378881987578,999,6.22822822822823
360,639,6.19166666666667,6.23787167449139,999,6.22122122122122
360,639,6.19722222222222,6.23161189358372,999,6.21921921921922
357,642,6.21288515406162,6.23676012461059,999,6.22822822822823
349,650,6.19770773638968,6.22307692307692,999,6.21421421421421
352,647,6.18465909090909,6.23183925811437,999,6.21521521521522
353,646,6.19263456090652,6.22445820433437,999,6.21321321321321
350,649,6.21142857142857,6.22187981510015,999,6.21821821821822
352,647,6.20170454545455,6.20401854714065,999,6.2032032032032
357,642,6.20728291316527,6.19158878504673,999,6.1971971971972
357,642,6.20448179271709,6.19470404984424,999,6.1981981981982
370,629,6.21351351351351,6.19554848966614,999,6.2022022022022
377,622,6.21485411140584,6.19453376205788,999,6.2022022022022
376,623,6.22074468085106,6.19582664526485,999,6.20520520520521
370,629,6.22702702702703,6.20190779014308,999,6.21121121121121
376,623,6.21808510638298,6.19743178170144,999,6.20520520520521
368,631,6.21467391304348,6.18541996830428,999,6.1961961961962
373,626,6.22520107238606,6.18690095846645,999,6.2012012012012
376,623,6.21808510638298,6.18619582664526,999,6.1981981981982
370,629,6.20810810810811,6.18918918918919,999,6.1961961961962
372,627,6.22043010752688,6.17703349282297,999,6.19319319319319
376,623,6.21808510638298,6.18138041733547,999,6.1951951951952
390,609,6.21794871794872,6.17733990147783,999,6.19319319319319
389,610,6.2107969151671,6.16885245901639,999,6.18518518518519
395,604,6.21012658227848,6.17549668874172,999,6.18918918918919
389,610,6.20308483290488,6.17868852459016,999,6.18818818818819
384,615,6.203125,6.1869918699187,999,6.19319319319319
377,622,6.20954907161804,6.19131832797428,999,6.1981981981982
381,618,6.1994750656168,6.20711974110032,999,6.2042042042042
385,614,6.19220779220779,6.20358306188925,999,6.1991991991992
378,621,6.2010582010582,6.20933977455717,999,6.20620620620621
399,600,6.20551378446115,6.20833333333333,999,6.20720720720721
411,588,6.18978102189781,6.2108843537415,999,6.2022022022022
406,593,6.18472906403941,6.21079258010118,999,6.2002002002002
401,598,6.17955112219451,6.20401337792642,999,6.19419419419419
388,611,6.19072164948454,6.20785597381342,999,6.2012012012012
397,602,6.18387909319899,6.21760797342193,999,6.2042042042042
403,596,6.18114143920596,6.22986577181208,999,6.21021021021021
409,590,6.19804400977995,6.21694915254237,999,6.20920920920921
402,597,6.19402985074627,6.2177554438861,999,6.20820820820821
402,597,6.1865671641791,6.214405360134,999,6.2032032032032
408,591,6.17401960784314,6.21996615905245,999,6.2012012012012
405,594,6.16543209876543,6.22222222222222,999,6.1991991991992
414,585,6.17149758454106,6.22735042735043,999,6.2042042042042
411,588,6.17274939172749,6.22959183673469,999,6.20620620620621
401,598,6.17456359102244,6.23411371237458,999,6.21021021021021
400,599,6.1675,6.23873121869783,999,6.21021021021021
400,599,6.1575,6.23706176961603,999,6.20520520520521
407,592,6.17690417690418,6.23310810810811,999,6.21021021021021
395,604,6.17721518987342,6.24337748344371,999,6.21721721721722
397,602,6.18639798488665,6.24418604651163,999,6.22122122122122
396,603,6.18181818181818,6.24212271973466,999,6.21821821821822
401,598,6.16957605985037,6.23913043478261,999,6.21121121121121
400,599,6.1725,6.25041736227045,999,6.21921921921922
388,611,6.17010309278351,6.24713584288052,999,6.21721721721722
388,611,6.16752577319588,6.25531914893617,999,6.22122122122122
382,617,6.17015706806283,6.25121555915721,999,6.22022022022022
392,607,6.17857142857143,6.25700164744646,999,6.22622622622623
398,601,6.178391959799,6.26788685524126,999,6.23223223223223
407,592,6.16707616707617,6.26689189189189,999,6.22622622622623
401,598,6.18453865336658,6.27591973244147,999,6.23923923923924
392,607,6.19387755102041,6.27841845140033,999,6.24524524524525
387,612,6.2093023255814,6.2843137254902,999,6.25525525525526
389,610,6.20822622107969,6.27540983606557,999,6.24924924924925
381,618,6.23097112860892,6.28478964401295,999,6.26426426426426
383,616,6.21409921671018,6.29220779220779,999,6.26226226226226
383,616,6.22454308093995,6.28084415584416,999,6.25925925925926
379,620,6.21899736147757,6.28548387096774,999,6.26026026026026
364,635,6.20054945054945,6.29133858267717,999,6.25825825825826
366,633,6.19398907103825,6.2827804107425,999,6.25025025025025
358,641,6.2122905027933,6.2808112324493,999,6.25625625625626
359,640,6.22562674094708,6.278125,999,6.25925925925926
360,639,6.20277777777778,6.2848200312989,999,6.25525525525526
369,630,6.20054200542005,6.26190476190476,999,6.23923923923924
368,631,6.20380434782609,6.256735340729,999,6.23723723723724
364,635,6.2032967032967,6.27086614173228,999,6.24624624624625
369,630,6.2059620596206,6.27777777777778,999,6.25125125125125
376,623,6.20212765957447,6.28089887640449,999,6.25125125125125
367,632,6.19891008174387,6.28164556962025,999,6.25125125125125
358,641,6.19553072625698,6.28393135725429,999,6.25225225225225
372,627,6.19354838709677,6.26794258373206,999,6.24024024024024
364,635,6.18406593406593,6.25196850393701,999,6.22722722722723
362,637,6.20165745856354,6.25902668759812,999,6.23823823823824
372,627,6.20161290322581,6.25996810207337,999,6.23823823823824
365,634,6.19178082191781,6.25236593059937,999,6.23023023023023
361,638,6.19667590027701,6.25548589341693,999,6.23423423423423
350,649,6.19428571428571,6.25269645608629,999,6.23223223223223
357,642,6.19607843137255,6.2601246105919,999,6.23723723723724
352,647,6.17613636363636,6.258114374034,999,6.22922922922923
352,647,6.19034090909091,6.26120556414219,999,6.23623623623624
351,648,6.17094017094017,6.27006172839506,999,6.23523523523524
346,653,6.1878612716763,6.2802450229709,999,6.24824824824825
339,660,6.1740412979351,6.25606060606061,999,6.22822822822823
341,658,6.17888563049853,6.24772036474164,999,6.22422422422422
343,656,6.18075801749271,6.2469512195122,999,6.22422422422422
343,656,6.15743440233236,6.25,999,6.21821821821822
345,654,6.1768115942029,6.25076452599388,999,6.22522522522523
348,651,6.18103448275862,6.24423963133641,999,6.22222222222222
352,647,6.18181818181818,6.258114374034,999,6.23123123123123
349,650,6.18051575931232,6.25846153846154,999,6.23123123123123
356,643,6.1685393258427,6.25505443234837,999,6.22422422422422
347,652,6.15850144092219,6.26533742331288,999,6.22822822822823
350,649,6.15714285714286,6.26194144838213,999,6.22522522522523
343,656,6.16326530612245,6.2515243902439,999,6.22122122122122
342,657,6.16666666666667,6.25570776255708,999,6.22522522522523
334,665,6.16766467065868,6.25413533834586,999,6.22522522522523
350,649,6.17142857142857,6.24499229583975,999,6.21921921921922
346,653,6.18208092485549,6.25574272588055,999,6.23023023023023
355,644,6.16619718309859,6.25155279503106,999,6.22122122122122
352,647,6.15625,6.26275115919629,999,6.22522522522523
349,650,6.15472779369628,6.26923076923077,999,6.22922922922923
349,650,6.15186246418338,6.25846153846154,999,6.22122122122122
342,657,6.15789473684211,6.2572298325723,999,6.22322322322322
343,656,6.14868804664723,6.2530487804878,999,6.21721721721722
339,660,6.14159292035398,6.26212121212121,999,6.22122122122122
337,662,6.14243323442136,6.26435045317221,999,6.22322322322322
330,669,6.16060606060606,6.25560538116592,999,6.22422422422422
333,666,6.16216216216216,6.25975975975976,999,6.22722722722723
322,677,6.17391304347826,6.25849335302807,999,6.23123123123123
323,676,6.18266253869969,6.26331360946746,999,6.23723723723724
325,674,6.18153846153846,6.2566765578635,999,6.23223223223223
321,678,6.17757009345794,6.25663716814159,999,6.23123123123123
330,669,6.16666666666667,6.24663677130045,999,6.22022022022022
328,671,6.17682926829268,6.25931445603577,999,6.23223223223223
325,674,6.16923076923077,6.27151335311573,999,6.23823823823824
328,671,6.16768292682927,6.28464977645306,999,6.24624624624625
335,664,6.17611940298507,6.26807228915663,999,6.23723723723724
341,658,6.15542521994135,6.26899696048632,999,6.23023023023023
338,661,6.15384615384615,6.27382753403933,999,6.23323323323323
330,669,6.16060606060606,6.26457399103139,999,6.23023023023023
326,673,6.15950920245399,6.26448736998514,999,6.23023023023023
324,675,6.16049382716049,6.26666666666667,999,6.23223223223223
330,669,6.14848484848485,6.27503736920777,999,6.23323323323323
335,664,6.15820895522388,6.27560240963855,999,6.23623623623624
336,663,6.16369047619048,6.27752639517345,999,6.23923923923924
335,664,6.17313432835821,6.28463855421687,999,6.24724724724725
334,665,6.17664670658683,6.2781954887218,999,6.24424424424424
341,658,6.17302052785924,6.27963525835866,999,6.24324324324324
326,673,6.16871165644172,6.29569093610698,999,6.25425425425425
315,684,6.15873015873016,6.29385964912281,999,6.25125125125125
323,676,6.14241486068111,6.28698224852071,999,6.24024024024024
316,683,6.15822784810127,6.27525622254758,999,6.23823823823824
321,678,6.1619937694704,6.27581120943953,999,6.23923923923924
324,675,6.17592592592593,6.29037037037037,999,6.25325325325325
332,667,6.17771084337349,6.28335832083958,999,6.24824824824825
333,666,6.17417417417417,6.27027027027027,999,6.23823823823824
341,658,6.18181818181818,6.25835866261398,999,6.23223223223223
350,649,6.18857142857143,6.26194144838213,999,6.23623623623624
348,651,6.19827586206897,6.27035330261137,999,6.24524524524525
343,656,6.20408163265306,6.26219512195122,999,6.24224224224224
341,658,6.20234604105572,6.24620060790274,999,6.23123123123123
350,649,6.21714285714286,6.25731895223421,999,6.24324324324324
352,647,6.20738636363636,6.26275115919629,999,6.24324324324324
349,650,6.21489971346705,6.24769230769231,999,6.23623623623624
344,655,6.20058139534884,6.24885496183206,999,6.23223223223223
342,657,6.2046783625731,6.24657534246575,999,6.23223223223223
337,662,6.19584569732938,6.23262839879154,999,6.22022022022022
335,664,6.20298507462687,6.23192771084337,999,6.22222222222222
342,657,6.20175438596491,6.22983257229833,999,6.22022022022022
338,661,6.20414201183432,6.23600605143722,999,6.22522522522523
350,649,6.20857142857143,6.23574730354391,999,6.22622622622623
343,656,6.20408163265306,6.23475609756098,999,6.22422422422422
334,665,6.17964071856287,6.24511278195489,999,6.22322322322322
333,666,6.18318318318318,6.25075075075075,999,6.22822822822823
342,657,6.19883040935673,6.26940639269406,999,6.24524524524525
347,652,6.19020172910663,6.26993865030675,999,6.24224224224224
342,657,6.19005847953216,6.2572298325723,999,6.23423423423423
349,650,6.1919770773639,6.26923076923077,999,6.24224224224224
355,644,6.1943661971831,6.26552795031056,999,6.24024024024024
347,652,6.19020172910663,6.25613496932515,999,6.23323323323323
354,645,6.19774011299435,6.24806201550388,999,6.23023023023023
353,646,6.20679886685552,6.25851393188854,999,6.24024024024024
356,643,6.1938202247191,6.2597200622084,999,6.23623623623624
356,643,6.1938202247191,6.2706065318818,999,6.24324324324324
354,645,6.20338983050847,6.27131782945736,999,6.24724724724725
361,638,6.20498614958449,6.26175548589342,999,6.24124124124124
359,640,6.1949860724234,6.25625,999,6.23423423423423
364,635,6.19230769230769,6.25669291338583,999,6.23323323323323
359,640,6.1949860724234,6.259375,999,6.23623623623624
364,635,6.17032967032967,6.25826771653543,999,6.22622622622623
372,627,6.16666666666667,6.25837320574163,999,6.22422422422422
372,627,6.16666666666667,6.26634768740032,999,6.22922922922923
375,624,6.15733333333333,6.25801282051282,999,6.22022022022022
370,629,6.15135135135135,6.25755166931638,999,6.21821821821822
357,642,6.15126050420168,6.25856697819315,999,6.22022022022022
366,633,6.16666666666667,6.25908372827804,999,6.22522522522523
363,636,6.15702479338843,6.2562893081761,999,6.22022022022022
370,629,6.15945945945946,6.26550079491256,999,6.22622622622623
367,632,6.14986376021798,6.25632911392405,999,6.21721721721722
366,633,6.1448087431694,6.26382306477093,999,6.22022022022022
374,625,6.14705882352941,6.2704,999,6.22422422422422
371,628,6.14824797843666,6.27229299363057,999,6.22622622622623
386,613,6.1580310880829,6.25774877650897,999,6.21921921921922
373,626,6.15817694369973,6.25718849840256,999,6.22022022022022
376,623,6.17021276595745,6.26163723916533,999,6.22722722722723
376,623,6.15691489361702,6.26645264847512,999,6.22522522522523
380,619,6.16578947368421,6.26817447495961,999,6.22922922922923
372,627,6.16935483870968,6.26794258373206,999,6.23123123123123
383,616,6.17232375979112,6.2711038961039,999,6.23323323323323
388,611,6.15979381443299,6.27823240589198,999,6.23223223223223
384,615,6.16666666666667,6.27967479674797,999,6.23623623623624
372,627,6.17741935483871,6.28548644338118,999,6.24524524524525
363,636,6.16528925619835,6.28459119496855,999,6.24124124124124
373,626,6.16085790884719,6.28115015974441,999,6.23623623623624
372,627,6.16935483870968,6.29505582137161,999,6.24824824824825
375,624,6.16533333333333,6.29967948717949,999,6.24924924924925
372,627,6.1747311827957,6.29984051036683,999,6.25325325325325
370,629,6.17027027027027,6.30206677265501,999,6.25325325325325
362,637,6.17127071823204,6.30612244897959,999,6.25725725725726
356,643,6.17134831460674,6.31570762052877,999,6.26426426426426
365,634,6.15342465753425,6.31703470031546,999,6.25725725725726
369,630,6.15176151761518,6.32857142857143,999,6.26326326326326
375,624,6.15466666666667,6.31891025641026,999,6.25725725725726
354,645,6.13559322033898,6.32713178294574,999,6.25925925925926
357,642,6.12605042016807,6.32554517133956,999,6.25425425425425
348,651,6.11206896551724,6.32258064516129,999,6.24924924924925
354,645,6.11581920903955,6.31937984496124,999,6.24724724724725
351,648,6.12250712250712,6.3179012345679,999,6.24924924924925
343,656,6.11953352769679,6.32012195121951,999,6.25125125125125
350,649,6.11428571428571,6.32819722650231,999,6.25325325325325
353,646,6.11331444759207,6.32198142414861,999,6.24824824824825
347,652,6.11239193083574,6.3159509202454,999,6.24524524524525
338,661,6.11834319526627,6.31618759455371,999,6.24924924924925
339,660,6.12094395280236,6.31363636363636,999,6.24824824824825
341,658,6.11436950146628,6.32674772036474,999,6.25425425425425
342,657,6.11695906432749,6.32420091324201,999,6.25325325325325
350,649,6.12,6.3251155624037,999,6.25325325325325
340,659,6.11764705882353,6.32928679817906,999,6.25725725725726
335,664,6.12238805970149,6.34036144578313,999,6.26726726726727
342,657,6.12280701754386,6.3455098934551,999,6.26926926926927
352,647,6.11647727272727,6.33693972179289,999,6.25925925925926
349,650,6.11747851002865,6.34307692307692,999,6.26426426426426
344,655,6.12209302325581,6.33435114503817,999,6.26126126126126
349,650,6.12320916905444,6.34461538461538,999,6.26726726726727
344,655,6.12209302325581,6.34809160305343,999,6.27027027027027
347,652,6.11815561959654,6.34662576687117,999,6.26726726726727
342,657,6.11111111111111,6.34246575342466,999,6.26326326326326
341,658,6.10263929618768,6.34802431610942,999,6.26426426426426
339,660,6.11504424778761,6.35,999,6.27027027027027
346,653,6.1271676300578,6.35068912710567,999,6.27327327327327
345,654,6.11594202898551,6.36238532110092,999,6.27727727727728
344,655,6.11918604651163,6.35267175572519,999,6.27227227227227
340,659,6.13823529411765,6.35508345978756,999,6.28128128128128
345,654,6.12463768115942,6.35321100917431,999,6.27427427427427
349,650,6.12034383954155,6.35692307692308,999,6.27427427427427
339,660,6.12684365781711,6.36212121212121,999,6.28228228228228
336,663,6.12202380952381,6.36199095022624,999,6.28128128128128
332,667,6.1144578313253,6.36431784107946,999,6.28128128128128
335,664,6.09850746268657,6.36295180722892,999,6.27427427427427
323,676,6.11145510835913,6.35059171597633,999,6.27327327327327
325,674,6.10769230769231,6.36053412462908,999,6.27827827827828
325,674,6.12307692307692,6.36795252225519,999,6.28828828828829
315,684,6.12063492063492,6.35818713450292,999,6.28328328328328
319,680,6.11912225705329,6.36176470588235,999,6.28428428428428
310,689,6.10645161290323,6.36429608127721,999,6.28428428428428
310,689,6.10322580645161,6.36284470246734,999,6.28228228228228
298,701,6.11073825503356,6.36376604850214,999,6.28828828828829
289,710,6.11072664359862,6.36056338028169,999,6.28828828828829
297,702,6.11111111111111,6.35897435897436,999,6.28528528528529
296,703,6.11486486486486,6.36984352773827,999,6.29429429429429
300,699,6.12333333333333,6.37195994277539,999,6.2972972972973
299,700,6.1304347826087,6.38142857142857,999,6.30630630630631
310,689,6.12258064516129,6.37300435413643,999,6.2952952952953
303,696,6.13201320132013,6.375,999,6.3013013013013
313,686,6.12460063897764,6.38046647230321,999,6.3003003003003
312,687,6.13141025641026,6.38282387190684,999,6.3043043043043
313,686,6.13738019169329,6.37900874635569,999,6.3033033033033
316,683,6.12025316455696,6.37335285505124,999,6.29329329329329
320,679,6.128125,6.37113402061856,999,6.29329329329329
316,683,6.12025316455696,6.37188872620791,999,6.29229229229229
314,685,6.11464968152866,6.37664233576642,999,6.29429429429429
318,681,6.12264150943396,6.37885462555066,999,6.2972972972973
318,681,6.12264150943396,6.35976505139501,999,6.28428428428428
318,681,6.11320754716981,6.34654919236417,999,6.27227227227227
318,681,6.11006289308176,6.34654919236417,999,6.27127127127127
314,685,6.13057324840764,6.36058394160584,999,6.28828828828829
313,686,6.12779552715655,6.35714285714286,999,6.28528528528529
308,691,6.13961038961039,6.3589001447178,999,6.29129129129129
315,684,6.12698412698413,6.36842105263158,999,6.29229229229229
309,690,6.11650485436893,6.37826086956522,999,6.2972972972973
308,691,6.12987012987013,6.38929088277858,999,6.30930930930931
302,697,6.1523178807947,6.39167862266858,999,6.31931931931932
308,691,6.14935064935065,6.38639652677279,999,6.31331331331331
299,700,6.14715719063545,6.39142857142857,999,6.31831831831832
297,702,6.15151515151515,6.3960113960114,999,6.32332332332332
299,700,6.1371237458194,6.39142857142857,999,6.31531531531532
299,700,6.1438127090301,6.40142857142857,999,6.32432432432432
301,698,6.14617940199336,6.39971346704871,999,6.32332332332332
302,697,6.14900662251656,6.40459110473458,999,6.32732732732733
312,687,6.13782051282051,6.4061135371179,999,6.32232232232232
312,687,6.14102564102564,6.42212518195051,999,6.33433433433433
320,679,6.14375,6.41678939617084,999,6.32932932932933
320,679,6.146875,6.41973490427099,999,6.33233233233233
319,680,6.14420062695925,6.42941176470588,999,6.33833833833834
333,666,6.14414414414414,6.41441441441441,999,6.32432432432432
333,666,6.13813813813814,6.42642642642643,999,6.33033033033033
341,658,6.13489736070381,6.43161094224924,999,6.33033033033033
346,653,6.13872832369942,6.43950995405819,999,6.33533533533534
347,652,6.12968299711816,6.44478527607362,999,6.33533533533534
351,648,6.13960113960114,6.44135802469136,999,6.33533533533534
345,654,6.1536231884058,6.45107033639144,999,6.34834834834835
346,653,6.15317919075145,6.43797856049005,999,6.33933933933934
351,648,6.14529914529915,6.43364197530864,999,6.33233233233233
355,644,6.14647887323944,6.41925465838509,999,6.32232232232232
353,646,6.14164305949009,6.40557275541796,999,6.31231231231231
345,654,6.1536231884058,6.40366972477064,999,6.31731731731732
351,648,6.15669515669516,6.39814814814815,999,6.31331331331331
356,643,6.15168539325843,6.39968895800933,999,6.31131131131131
364,635,6.1510989010989,6.39842519685039,999,6.30830830830831
365,634,6.15068493150685,6.39432176656151,999,6.30530530530531
365,634,6.15342465753425,6.3801261829653,999,6.2972972972973
364,635,6.14835164835165,6.38582677165354,999,6.2992992992993
364,635,6.1456043956044,6.38582677165354,999,6.2982982982983
367,632,6.14441416893733,6.38291139240506,999,6.2952952952953
364,635,6.15934065934066,6.36692913385827,999,6.29129129129129
377,622,6.14854111405836,6.37138263665595,999,6.28728728728729
381,618,6.14435695538058,6.36893203883495,999,6.28328328328328
387,612,6.15762273901809,6.37581699346405,999,6.29129129129129
386,613,6.15025906735751,6.38662316476346,999,6.2952952952953
376,623,6.13563829787234,6.37239165329053,999,6.28328328328328
389,610,6.14652956298201,6.36229508196721,999,6.27827827827828
385,614,6.14545454545455,6.35830618892508,999,6.27627627627628
401,598,6.15960099750623,6.35117056856187,999,6.27427427427427
398,601,6.15577889447236,6.3477537437604,999,6.27127127127127
397,602,6.16120906801008,6.34883720930233,999,6.27427427427427
393,606,6.1704834605598,6.33663366336634,999,6.27127127127127
390,609,6.17435897435897,6.33661740558292,999,6.27327327327327
389,610,6.16452442159383,6.35081967213115,999,6.27827827827828
376,623,6.16223404255319,6.35955056179775,999,6.28528528528529
381,618,6.17847769028871,6.35113268608414,999,6.28528528528529
380,619,6.16315789473684,6.35379644588045,999,6.28128128128128
386,613,6.16839378238342,6.35073409461664,999,6.28028028028028
384,615,6.16145833333333,6.34146341463415,999,6.27227227227227
406,593,6.16009852216749,6.35413153456998,999,6.27527527527528
395,604,6.15949367088608,6.34105960264901,999,6.26926926926927
402,597,6.16417910447761,6.33500837520938,999,6.26626626626627
408,591,6.16421568627451,6.32994923857868,999,6.26226226226226
414,585,6.16666666666667,6.34017094017094,999,6.26826826826827
410,589,6.17073170731707,6.33276740237691,999,6.26626626626627
412,587,6.1626213592233,6.33049403747871,999,6.26126126126126
412,587,6.15776699029126,6.32879045996593,999,6.25825825825826
410,589,6.15609756097561,6.33955857385399,999,6.26426426426426
413,586,6.1452784503632,6.3259385665529,999,6.25125125125125
404,595,6.13613861386139,6.33949579831933,999,6.25725725725726
408,591,6.1421568627451,6.33840947546531,999,6.25825825825826
405,594,6.14074074074074,6.33838383838384,999,6.25825825825826
413,586,6.13559322033898,6.33276450511945,999,6.25125125125125
411,588,6.14111922141119,6.33843537414966,999,6.25725725725726
419,580,6.14081145584726,6.33620689655172,999,6.25425425425425
425,574,6.14588235294118,6.32229965156794,999,6.24724724724725
418,581,6.14114832535885,6.32358003442341,999,6.24724724724725
422,577,6.14691943127962,6.3050259965338,999,6.23823823823824
420,579,6.15476190476191,6.28842832469775,999,6.23223223223223
429,570,6.15617715617716,6.30175438596491,999,6.23923923923924
422,577,6.15876777251185,6.2946273830156,999,6.23723723723724
409,590,6.16136919315403,6.28983050847458,999,6.23723723723724
409,590,6.16136919315403,6.28135593220339,999,6.23223223223223
413,586,6.15254237288136,6.28327645051195,999,6.22922922922923
413,586,6.14043583535109,6.28839590443686,999,6.22722722722723
409,590,6.15892420537897,6.28135593220339,999,6.23123123123123
405,594,6.15308641975309,6.27946127946128,999,6.22822822822823
393,606,6.15776081424936,6.2970297029703,999,6.24224224224224
397,602,6.1536523929471,6.30232558139535,999,6.24324324324324
395,604,6.16708860759494,6.3112582781457,999,6.25425425425425
394,605,6.17005076142132,6.31570247933884,999,6.25825825825826
387,612,6.17054263565892,6.3202614379085,999,6.26226226226226
374,625,6.17112299465241,6.3024,999,6.25325325325325
380,619,6.16315789473684,6.31017770597738,999,6.25425425425425
369,630,6.15989159891599,6.30793650793651,999,6.25325325325325
376,623,6.15691489361702,6.31460674157303,999,6.25525525525526
376,623,6.15957446808511,6.31781701444623,999,6.25825825825826
371,628,6.15363881401617,6.30891719745223,999,6.25125125125125
370,629,6.15945945945946,6.30683624801272,999,6.25225225225225
376,623,6.16489361702128,6.29695024077047,999,6.24724724724725
375,624,6.176,6.31089743589744,999,6.26026026026026
375,624,6.18133333333333,6.31570512820513,999,6.26526526526527
383,616,6.16971279373368,6.31655844155844,999,6.26026026026026
386,613,6.16321243523316,6.32137030995106,999,6.26026026026026
388,611,6.1520618556701,6.31423895253682,999,6.25125125125125
375,624,6.152,6.32211538461539,999,6.25825825825826
379,620,6.16094986807388,6.32096774193548,999,6.26026026026026
385,614,6.16883116883117,6.31921824104235,999,6.26126126126126
375,624,6.17866666666667,6.32532051282051,999,6.27027027027027
377,622,6.18037135278515,6.31511254019293,999,6.26426426426426
386,613,6.1839378238342,6.32300163132137,999,6.26926926926927
386,613,6.17098445595855,6.33115823817292,999,6.26926926926927
387,612,6.16279069767442,6.31862745098039,999,6.25825825825826
384,615,6.17447916666667,6.32845528455285,999,6.26926926926927
374,625,6.18181818181818,6.3248,999,6.27127127127127
371,628,6.18867924528302,6.32324840764331,999,6.27327327327327
374,625,6.18449197860963,6.3104,999,6.26326326326326
368,631,6.1875,6.30744849445325,999,6.26326326326326
348,651,6.17816091954023,6.31797235023041,999,6.26926926926927
348,651,6.19827586206897,6.30721966205837,999,6.26926926926927
358,641,6.18715083798883,6.31357254290172,999,6.26826826826827
365,634,6.17260273972603,6.29968454258675,999,6.25325325325325
354,645,6.18079096045198,6.29922480620155,999,6.25725725725726
370,629,6.18378378378378,6.29570747217806,999,6.25425425425425
367,632,6.18801089918256,6.30063291139241,999,6.25925925925926
370,629,6.18378378378378,6.30365659777424,999,6.25925925925926
368,631,6.19021739130435,6.30586370839937,999,6.26326326326326
370,629,6.18648648648649,6.31001589825119,999,6.26426426426426
365,634,6.19452054794521,6.31072555205047,999,6.26826826826827
373,626,6.18498659517426,6.314696485623,999,6.26626626626627
375,624,6.168,6.3125,999,6.25825825825826
374,625,6.16577540106952,6.3088,999,6.25525525525526
368,631,6.16576086956522,6.29952456418384,999,6.25025025025025
373,626,6.15817694369973,6.29712460063898,999,6.24524524524525
375,624,6.144,6.29487179487179,999,6.23823823823824
378,621,6.14814814814815,6.28502415458937,999,6.23323323323323
372,627,6.15860215053763,6.28548644338118,999,6.23823823823824
383,616,6.1644908616188,6.29058441558442,999,6.24224224224224
383,616,6.1644908616188,6.29545454545455,999,6.24524524524525
395,604,6.1746835443038,6.30132450331126,999,6.25125125125125
397,602,6.15869017632242,6.29235880398671,999,6.23923923923924
404,595,6.14851485148515,6.2890756302521,999,6.23223223223223
411,588,6.15328467153285,6.29251700680272,999,6.23523523523524
400,599,6.1525,6.28881469115192,999,6.23423423423423
414,585,6.14975845410628,6.28888888888889,999,6.23123123123123
420,579,6.14285714285714,6.29360967184801,999,6.23023023023023
417,582,6.1462829736211,6.29896907216495,999,6.23523523523524
412,587,6.14563106796117,6.29131175468484,999,6.23123123123123
407,592,6.14250614250614,6.29054054054054,999,6.23023023023023
416,583,6.13942307692308,6.2778730703259,999,6.22022022022022
415,584,6.1421686746988,6.27739726027397,999,6.22122122122122
407,592,6.14987714987715,6.28040540540541,999,6.22722722722723
406,593,6.14285714285714,6.27824620573356,999,6.22322322322322
401,598,6.14214463840399,6.28929765886288,999,6.23023023023023
396,603,6.14646464646465,6.2636815920398,999,6.21721721721722
392,607,6.14285714285714,6.26194398682043,999,6.21521521521522
391,608,6.13554987212276,6.26151315789474,999,6.21221221221221
393,606,6.1323155216285,6.26072607260726,999,6.21021021021021
397,602,6.14105793450882,6.25415282392027,999,6.20920920920921
396,603,6.14141414141414,6.25870646766169,999,6.21221221221221
402,597,6.14427860696517,6.26298157453936,999,6.21521521521522
404,595,6.16584158415842,6.26050420168067,999,6.22222222222222
400,599,6.1675,6.25709515859766,999,6.22122122122122
411,588,6.17518248175182,6.27210884353742,999,6.23223223223223
410,589,6.18780487804878,6.27164685908319,999,6.23723723723724
427,572,6.192037470726,6.27622377622378,999,6.24024024024024
433,566,6.18013856812933,6.29328621908127,999,6.24424424424424
430,569,6.17906976744186,6.2829525483304,999,6.23823823823824
433,566,6.17321016166282,6.27208480565371,999,6.22922922922923
428,571,6.17056074766355,6.26094570928196,999,6.22222222222222
422,577,6.17061611374408,6.28076256499133,999,6.23423423423423
419,580,6.18615751789976,6.26551724137931,999,6.23223223223223
432,567,6.17824074074074,6.25925925925926,999,6.22422422422422
420,579,6.18571428571429,6.26079447322971,999,6.22922922922923
419,580,6.18615751789976,6.2551724137931,999,6.22622622622623
412,587,6.18446601941748,6.24872231686542,999,6.22222222222222
424,575,6.17452830188679,6.25739130434783,999,6.22222222222222
424,575,6.18632075471698,6.26260869565217,999,6.23023023023023
424,575,6.18160377358491,6.25739130434783,999,6.22522522522523
429,570,6.17482517482518,6.26140350877193,999,6.22422422422422
428,571,6.17757009345794,6.25744308231173,999,6.22322322322322
449,550,6.16481069042316,6.24181818181818,999,6.20720720720721
449,550,6.16258351893096,6.23636363636364,999,6.2032032032032
442,557,6.1606334841629,6.23518850987433,999,6.2022022022022
445,554,6.1752808988764,6.24007220216606,999,6.21121121121121
441,558,6.18140589569161,6.24193548387097,999,6.21521521521522
453,546,6.18763796909492,6.24175824175824,999,6.21721721721722
434,565,6.18433179723502,6.24601769911504,999,6.21921921921922
444,555,6.19144144144144,6.24684684684685,999,6.22222222222222
442,557,6.18099547511312,6.24775583482944,999,6.21821821821822
452,547,6.17477876106195,6.25045703839123,999,6.21621621621622
461,538,6.17570498915401,6.24163568773234,999,6.21121121121121
462,537,6.17748917748918,6.22718808193668,999,6.2042042042042
468,531,6.18803418803419,6.22975517890772,999,6.21021021021021
464,535,6.20258620689655,6.23551401869159,999,6.22022022022022
476,523,6.20588235294118,6.22562141491396,999,6.21621621621622
475,524,6.20842105263158,6.22137404580153,999,6.21521521521522
468,531,6.20512820512821,6.2241054613936,999,6.21521521521522
480,519,6.20833333333333,6.21001926782274,999,6.20920920920921
486,513,6.2037037037037,6.21442495126706,999,6.20920920920921
486,513,6.2119341563786,6.21637426900585,999,6.21421421421421
479,520,6.20041753653445,6.21346153846154,999,6.20720720720721
468,531,6.20940170940171,6.22222222222222,999,6.21621621621622
464,535,6.20474137931035,6.22429906542056,999,6.21521521521522
471,528,6.19957537154989,6.21590909090909,999,6.20820820820821
471,528,6.20806794055202,6.21212121212121,999,6.21021021021021
476,523,6.20378151260504,6.22370936902486,999,6.21421421421421
473,526,6.20507399577167,6.23003802281369,999,6.21821821821822
468,531,6.2008547008547,6.21280602636535,999,6.20720720720721
470,529,6.18510638297872,6.21739130434783,999,6.2022022022022
457,542,6.18380743982495,6.21586715867159,999,6.2012012012012
457,542,6.2035010940919,6.2140221402214,999,6.20920920920921
482,517,6.18257261410788,6.21856866537718,999,6.2012012012012
478,521,6.19037656903766,6.22264875239923,999,6.20720720720721
473,526,6.19450317124736,6.20912547528517,999,6.2022022022022
471,528,6.1932059447983,6.20075757575758,999,6.1971971971972
475,524,6.19368421052632,6.20610687022901,999,6.2002002002002
473,526,6.18816067653277,6.20152091254753,999,6.1951951951952
472,527,6.20127118644068,6.20493358633776,999,6.2032032032032
481,518,6.1975051975052,6.1969111969112,999,6.1971971971972
472,527,6.20974576271186,6.21062618595825,999,6.21021021021021
469,530,6.22174840085288,6.20754716981132,999,6.21421421421421
467,532,6.22483940042827,6.20112781954887,999,6.21221221221221
469,530,6.23667377398721,6.20377358490566,999,6.21921921921922
476,523,6.23529411764706,6.20076481835564,999,6.21721721721722
484,515,6.23553719008264,6.19805825242718,999,6.21621621621622
492,507,6.23780487804878,6.20710059171598,999,6.22222222222222
488,511,6.22950819672131,6.21722113502935,999,6.22322322322322
500,499,6.232,6.20440881763527,999,6.21821821821822
504,495,6.23611111111111,6.2040404040404,999,6.22022022022022
494,505,6.23279352226721,6.20792079207921,999,6.22022022022022
498,501,6.23694779116466,6.20958083832335,999,6.22322322322322
500,499,6.236,6.20841683366733,999,6.22222222222222
502,497,6.22310756972112,6.21730382293763,999,6.22022022022022
506,493,6.22727272727273,6.23529411764706,999,6.23123123123123
513,486,6.23391812865497,6.22839506172839,999,6.23123123123123
518,481,6.23938223938224,6.22661122661123,999,6.23323323323323
523,476,6.23326959847036,6.23949579831933,999,6.23623623623624
532,467,6.23684210526316,6.22912205567452,999,6.23323323323323
524,475,6.24427480916031,6.22736842105263,999,6.23623623623624
524,475,6.23854961832061,6.23578947368421,999,6.23723723723724
514,485,6.23929961089494,6.23711340206186,999,6.23823823823824
525,474,6.24380952380952,6.23839662447257,999,6.24124124124124
525,474,6.2552380952381,6.24683544303798,999,6.25125125125125
534,465,6.25468164794007,6.25806451612903,999,6.25625625625626
529,470,6.25897920604915,6.27021276595745,999,6.26426426426426
539,460,6.25788497217069,6.27173913043478,999,6.26426426426426
533,466,6.27392120075047,6.28969957081545,999,6.28128128128128
542,457,6.28966789667897,6.28884026258206,999,6.28928928928929
530,469,6.30754716981132,6.29637526652452,999,6.3023023023023
533,466,6.30018761726079,6.29399141630901,999,6.2972972972973
531,468,6.30131826741996,6.27991452991453,999,6.29129129129129
531,468,6.30131826741996,6.28205128205128,999,6.29229229229229
532,467,6.30639097744361,6.28693790149893,999,6.2972972972973
528,471,6.29734848484848,6.29299363057325,999,6.2952952952953
534,465,6.29962546816479,6.28172043010753,999,6.29129129129129
534,465,6.30898876404494,6.28172043010753,999,6.2962962962963
534,465,6.29775280898876,6.28817204301075,999,6.29329329329329
536,463,6.29291044776119,6.29157667386609,999,6.29229229229229
542,457,6.28044280442804,6.29759299781182,999,6.28828828828829
537,462,6.28491620111732,6.2965367965368,999,6.29029029029029
537,462,6.28677839851024,6.29437229437229,999,6.29029029029029
529,470,6.29678638941399,6.28723404255319,999,6.29229229229229
528,471,6.28977272727273,6.28237791932059,999,6.28628628628629
525,474,6.28,6.28270042194093,999,6.28128128128128
534,465,6.28089887640449,6.28172043010753,999,6.28128128128128
533,466,6.28893058161351,6.28111587982833,999,6.28528528528529
538,461,6.28810408921933,6.27982646420824,999,6.28428428428428
542,457,6.29335793357934,6.28665207877462,999,6.29029029029029
553,446,6.30198915009042,6.28251121076233,999,6.29329329329329
554,445,6.30685920577617,6.28089887640449,999,6.2952952952953
544,455,6.29411764705882,6.28791208791209,999,6.29129129129129
554,445,6.27978339350181,6.29438202247191,999,6.28628628628629
549,450,6.2695810564663,6.30444444444444,999,6.28528528528529
560,439,6.26428571428571,6.32118451025057,999,6.28928928928929
550,449,6.27272727272727,6.31180400890869,999,6.29029029029029
547,452,6.27605118829982,6.31637168141593,999,6.29429429429429
549,450,6.27868852459016,6.31111111111111,999,6.29329329329329
560,439,6.28392857142857,6.32118451025057,999,6.3003003003003
547,452,6.28884826325411,6.30309734513274,999,6.2952952952953
552,447,6.27717391304348,6.31096196868009,999,6.29229229229229
546,453,6.28021978021978,6.31346578366446,999,6.2952952952953
534,465,6.29213483146067,6.31182795698925,999,6.3013013013013
537,462,6.29236499068901,6.32251082251082,999,6.30630630630631
533,466,6.29268292682927,6.32403433476395,999,6.30730730730731
537,462,6.29050279329609,6.33333333333333,999,6.31031031031031
533,466,6.28142589118199,6.33690987124464,999,6.30730730730731
526,473,6.27186311787072,6.32135306553911,999,6.2952952952953
528,471,6.27462121212121,6.31847133757962,999,6.2952952952953
535,464,6.2803738317757,6.30603448275862,999,6.29229229229229
535,464,6.2803738317757,6.29956896551724,999,6.28928928928929
546,453,6.27838827838828,6.29801324503311,999,6.28728728728729
544,455,6.27022058823529,6.2989010989011,999,6.28328328328328
549,450,6.26229508196721,6.30222222222222,999,6.28028028028028
547,452,6.26691042047532,6.29867256637168,999,6.28128128128128
536,463,6.27798507462687,6.3110151187905,999,6.29329329329329
538,461,6.27509293680297,6.29934924078091,999,6.28628628628629
545,454,6.27522935779816,6.31057268722467,999,6.29129129129129
548,451,6.28284671532847,6.30376940133038,999,6.29229229229229
528,471,6.28219696969697,6.3312101910828,999,6.30530530530531
540,459,6.29444444444444,6.32897603485839,999,6.31031031031031
542,457,6.29151291512915,6.32385120350109,999,6.30630630630631
541,458,6.27541589648798,6.32969432314411,999,6.3003003003003
539,460,6.27829313543599,6.33260869565217,999,6.3033033033033
526,473,6.27376425855513,6.32135306553911,999,6.2962962962963
528,471,6.29545454545455,6.31634819532909,999,6.30530530530531
520,479,6.28846153846154,6.32567849686848,999,6.30630630630631
527,472,6.2865275142315,6.31779661016949,999,6.3013013013013
521,478,6.2936660268714,6.32217573221757,999,6.30730730730731
528,471,6.29356060606061,6.32059447983015,999,6.30630630630631
526,473,6.29657794676806,6.32980972515856,999,6.31231231231231
534,465,6.30711610486891,6.32903225806452,999,6.31731731731732
541,458,6.31608133086876,6.33406113537118,999,6.32432432432432
532,467,6.31390977443609,6.33618843683084,999,6.32432432432432
530,469,6.32641509433962,6.3454157782516,999,6.33533533533534
534,465,6.33895131086142,6.34623655913979,999,6.34234234234234
529,470,6.33270321361059,6.33829787234043,999,6.33533533533534
528,471,6.31628787878788,6.3312101910828,999,6.32332332332332
541,458,6.32532347504621,6.32969432314411,999,6.32732732732733
542,457,6.33210332103321,6.33479212253829,999,6.33333333333333
535,464,6.33831775700935,6.3448275862069,999,6.34134134134134
543,456,6.33701657458564,6.33552631578947,999,6.33633633633634
534,465,6.34831460674157,6.35483870967742,999,6.35135135135135
525,474,6.35428571428571,6.35021097046414,999,6.35235235235235
524,475,6.34732824427481,6.34315789473684,999,6.34534534534535
522,477,6.34291187739464,6.35220125786164,999,6.34734734734735
532,467,6.35714285714286,6.35546038543897,999,6.35635635635636
529,470,6.3421550094518,6.36170212765957,999,6.35135135135135
535,464,6.35140186915888,6.36422413793103,999,6.35735735735736
537,462,6.3463687150838,6.37229437229437,999,6.35835835835836
529,470,6.3648393194707,6.37234042553191,999,6.36836836836837
516,483,6.36434108527132,6.34989648033126,999,6.35735735735736
511,488,6.36594911937378,6.34016393442623,999,6.35335335335335
511,488,6.36986301369863,6.35450819672131,999,6.36236236236236
512,487,6.375,6.34907597535934,999,6.36236236236236
520,479,6.375,6.33611691022965,999,6.35635635635636
520,479,6.37692307692308,6.34864300626305,999,6.36336336336336
522,477,6.36973180076628,6.35849056603774,999,6.36436436436436
518,481,6.38610038610039,6.35135135135135,999,6.36936936936937
524,475,6.38549618320611,6.3621052631579,999,6.37437437437437
521,478,6.38579654510557,6.34518828451883,999,6.36636636636637
522,477,6.39463601532567,6.35429769392034,999,6.37537537537538
525,474,6.39619047619048,6.34388185654008,999,6.37137137137137
514,485,6.3988326848249,6.35051546391753,999,6.37537537537538
516,483,6.4031007751938,6.34575569358178,999,6.37537537537538
515,484,6.42135922330097,6.34917355371901,999,6.38638638638639
503,496,6.41749502982107,6.34677419354839,999,6.38238238238238
502,497,6.39043824701195,6.35010060362173,999,6.37037037037037
500,499,6.404,6.34468937875751,999,6.37437437437437
501,498,6.40718562874252,6.3433734939759,999,6.37537537537538
485,514,6.39381443298969,6.33852140077821,999,6.36536536536537
492,507,6.39024390243902,6.33333333333333,999,6.36136136136136
482,517,6.40871369294606,6.33268858800774,999,6.36936936936937
476,523,6.40126050420168,6.34608030592734,999,6.37237237237237
474,525,6.39451476793249,6.33714285714286,999,6.36436436436436
483,516,6.40165631469979,6.34496124031008,999,6.37237237237237
483,516,6.39130434782609,6.35658914728682,999,6.37337337337337
477,522,6.38993710691824,6.34865900383142,999,6.36836836836837
477,522,6.37316561844864,6.34674329501916,999,6.35935935935936
466,533,6.37982832618026,6.36960600375235,999,6.37437437437437
462,537,6.38961038961039,6.37616387337058,999,6.38238238238238
464,535,6.39008620689655,6.36261682242991,999,6.37537537537538
463,536,6.40388768898488,6.36567164179105,999,6.38338338338338
450,549,6.40888888888889,6.36976320582878,999,6.38738738738739
439,560,6.42141230068337,6.35892857142857,999,6.38638638638639
444,555,6.43018018018018,6.37477477477477,999,6.3993993993994
440,559,6.42727272727273,6.37745974955277,999,6.3993993993994
443,556,6.42437923250564,6.37769784172662,999,6.3983983983984
461,538,6.40780911062907,6.37360594795539,999,6.38938938938939
463,536,6.40820734341253,6.36753731343284,999,6.38638638638639
464,535,6.40086206896552,6.36822429906542,999,6.38338338338338
452,547,6.38716814159292,6.36928702010969,999,6.37737737737738
462,537,6.39177489177489,6.3780260707635,999,6.38438438438438
462,537,6.39393939393939,6.36685288640596,999,6.37937937937938
468,531,6.39316239316239,6.36911487758945,999,6.38038038038038
472,527,6.38771186440678,6.37760910815939,999,6.38238238238238
476,523,6.39705882352941,6.36520076481836,999,6.38038038038038
475,524,6.38736842105263,6.36259541984733,999,6.37437437437437
482,517,6.38174273858921,6.36943907156673,999,6.37537537537538
479,520,6.37160751565762,6.38076923076923,999,6.37637637637638
477,522,6.36058700209644,6.36206896551724,999,6.36136136136136
477,522,6.36477987421384,6.34291187739464,999,6.35335335335335
488,511,6.37704918032787,6.35225048923679,999,6.36436436436436
487,512,6.37782340862423,6.345703125,999,6.36136136136136
479,520,6.38830897703549,6.32115384615385,999,6.35335335335335
478,521,6.38284518828452,6.32053742802303,999,6.35035035035035
474,525,6.38185654008439,6.31809523809524,999,6.34834834834835
467,532,6.37044967880086,6.31015037593985,999,6.33833833833834
464,535,6.36853448275862,6.32710280373832,999,6.34634634634635
456,543,6.37280701754386,6.31123388581952,999,6.33933933933934
458,541,6.38427947598253,6.3086876155268,999,6.34334334334334
450,549,6.39111111111111,6.31693989071038,999,6.35035035035035
451,548,6.39024390243902,6.31569343065693,999,6.34934934934935
444,555,6.38738738738739,6.31711711711712,999,6.34834834834835
444,555,6.38288288288288,6.32792792792793,999,6.35235235235235
448,551,6.36830357142857,6.31760435571688,999,6.34034034034034
454,545,6.37885462555066,6.31009174311927,999,6.34134134134134
445,554,6.38426966292135,6.30505415162455,999,6.34034034034034
447,552,6.38702460850112,6.31702898550725,999,6.34834834834835
454,545,6.3920704845815,6.30642201834862,999,6.34534534534535
470,529,6.39787234042553,6.30245746691871,999,6.34734734734735
467,532,6.38543897216274,6.29323308270677,999,6.33633633633634
450,549,6.39555555555556,6.31511839708561,999,6.35135135135135
451,548,6.37694013303769,6.31204379562044,999,6.34134134134134
444,555,6.36711711711712,6.32072072072072,999,6.34134134134134
444,555,6.36936936936937,6.32612612612613,999,6.34534534534535
444,555,6.37162162162162,6.33153153153153,999,6.34934934934935
446,553,6.38789237668161,6.3254972875226,999,6.35335335335335
464,535,6.37931034482759,6.31588785046729,999,6.34534534534535
456,543,6.37061403508772,6.31123388581952,999,6.33833833833834
439,560,6.37357630979499,6.30892857142857,999,6.33733733733734
441,558,6.36734693877551,6.30824372759857,999,6.33433433433433
434,565,6.38018433179723,6.32566371681416,999,6.34934934934935
425,574,6.38823529411765,6.31533101045296,999,6.34634634634635
426,573,6.37558685446009,6.32286212914485,999,6.34534534534535
428,571,6.36915887850467,6.32224168126095,999,6.34234234234234
438,561,6.3675799086758,6.32442067736185,999,6.34334334334334
436,563,6.37844036697248,6.31793960923623,999,6.34434434434434
443,556,6.38374717832957,6.31294964028777,999,6.34434434434434
437,562,6.37757437070938,6.30604982206406,999,6.33733733733734
437,562,6.37070938215103,6.29003558718861,999,6.32532532532533
443,556,6.36568848758465,6.28237410071942,999,6.31931931931932
447,552,6.36912751677852,6.27898550724638,999,6.31931931931932
432,567,6.3587962962963,6.27865961199295,999,6.31331331331331
433,566,6.34411085450346,6.27031802120141,999,6.3023023023023
451,548,6.34589800443459,6.27007299270073,999,6.3043043043043
450,549,6.34444444444444,6.29326047358834,999,6.31631631631632
446,553,6.35874439461883,6.27124773960217,999,6.31031031031031
450,549,6.37555555555556,6.27686703096539,999,6.32132132132132
451,548,6.36807095343681,6.27007299270073,999,6.31431431431431
452,547,6.35840707964602,6.26691042047532,999,6.30830830830831
445,554,6.34831460674157,6.27256317689531,999,6.30630630630631
460,539,6.35869565217391,6.27829313543599,999,6.31531531531532
468,531,6.36538461538461,6.28625235404896,999,6.32332332332332
470,529,6.3531914893617,6.27221172022684,999,6.31031031031031
479,520,6.34864300626305,6.27307692307692,999,6.30930930930931
469,530,6.34115138592751,6.2811320754717,999,6.30930930930931
473,526,6.33826638477801,6.2851711026616,999,6.31031031031031
475,524,6.34315789473684,6.28053435114504,999,6.31031031031031
479,520,6.32985386221294,6.29230769230769,999,6.31031031031031
477,522,6.34171907756813,6.29310344827586,999,6.31631631631632
474,525,6.33966244725738,6.28571428571429,999,6.31131131131131
461,538,6.33188720173536,6.26579925650558,999,6.2962962962963
460,539,6.33478260869565,6.2708719851577,999,6.3003003003003
463,536,6.33693304535637,6.28544776119403,999,6.30930930930931
458,541,6.34497816593886,6.26987060998152,999,6.3043043043043
447,552,6.32885906040268,6.26992753623188,999,6.2962962962963
443,556,6.32054176072235,6.26438848920863,999,6.28928928928929
450,549,6.33111111111111,6.24954462659381,999,6.28628628628629
447,552,6.33109619686801,6.2518115942029,999,6.28728728728729
449,550,6.32071269487751,6.25272727272727,999,6.28328328328328
454,545,6.33480176211454,6.24770642201835,999,6.28728728728729
450,549,6.34666666666667,6.24772313296903,999,6.29229229229229
457,542,6.35010940919037,6.24538745387454,999,6.29329329329329
457,542,6.35010940919037,6.24907749077491,999,6.2952952952953
462,537,6.35281385281385,6.23277467411546,999,6.28828828828829
455,544,6.35384615384615,6.22058823529412,999,6.28128128128128
443,556,6.34988713318284,6.21942446043165,999,6.27727727727728
453,546,6.35540838852097,6.22161172161172,999,6.28228228228228
455,544,6.35384615384615,6.22242647058824,999,6.28228228228228
461,538,6.3470715835141,6.21003717472119,999,6.27327327327327
463,536,6.34125269978402,6.20708955223881,999,6.26926926926927
449,550,6.32516703786192,6.20363636363636,999,6.25825825825826
444,555,6.32882882882883,6.21081081081081,999,6.26326326326326
443,556,6.31828442437923,6.20323741007194,999,6.25425425425425
451,548,6.32372505543237,6.2007299270073,999,6.25625625625626
457,542,6.32385120350109,6.2029520295203,999,6.25825825825826
460,539,6.32391304347826,6.20408163265306,999,6.25925925925926
466,533,6.33690987124464,6.19324577861163,999,6.26026026026026
463,536,6.33693304535637,6.19962686567164,999,6.26326326326326
452,547,6.32300884955752,6.21389396709324,999,6.26326326326326
463,536,6.33693304535637,6.21455223880597,999,6.27127127127127
466,533,6.34978540772532,6.20825515947467,999,6.27427427427427
466,533,6.35407725321888,6.20825515947467,999,6.27627627627628
475,524,6.34736842105263,6.20992366412214,999,6.27527527527528
476,523,6.34873949579832,6.20076481835564,999,6.27127127127127
478,521,6.35355648535565,6.19769673704415,999,6.27227227227227
478,521,6.34937238493724,6.19385796545106,999,6.26826826826827
491,508,6.34419551934827,6.17716535433071,999,6.25925925925926
488,511,6.36680327868852,6.19178082191781,999,6.27727727727728
476,523,6.36554621848739,6.20076481835564,999,6.27927927927928
488,511,6.36885245901639,6.19960861056751,999,6.28228228228228
481,518,6.36382536382536,6.1949806949807,999,6.27627627627628
474,525,6.36286919831224,6.18095238095238,999,6.26726726726727
478,521,6.35983263598326,6.18042226487524,999,6.26626626626627
478,521,6.35983263598326,6.18618042226487,999,6.26926926926927
477,522,6.36687631027254,6.20306513409962,999,6.28128128128128
483,516,6.36231884057971,6.19573643410853,999,6.27627627627628
489,510,6.3680981595092,6.20196078431373,999,6.28328328328328
490,509,6.37142857142857,6.19842829076621,999,6.28328328328328
500,499,6.376,6.2124248496994,999,6.29429429429429
510,489,6.37647058823529,6.21267893660532,999,6.2962962962963
510,489,6.38039215686275,6.20245398773006,999,6.29329329329329
499,500,6.38276553106212,6.2,999,6.29129129129129
495,504,6.36767676767677,6.20436507936508,999,6.28528528528529
491,508,6.36863543788187,6.20866141732283,999,6.28728728728729
488,511,6.35450819672131,6.22700587084149,999,6.28928928928929
487,512,6.35318275154004,6.21875,999,6.28428428428428
480,519,6.33125,6.21965317919075,999,6.27327327327327
485,514,6.34845360824742,6.21206225680934,999,6.27827827827828
481,518,6.34511434511434,6.21428571428571,999,6.27727727727728
490,509,6.33673469387755,6.20825147347741,999,6.27127127127127
497,502,6.35010060362173,6.20517928286853,999,6.27727727727728
506,493,6.33596837944664,6.21095334685598,999,6.27427427427427
495,504,6.33131313131313,6.21031746031746,999,6.27027027027027
493,506,6.31643002028398,6.20948616600791,999,6.26226226226226
498,501,6.31927710843374,6.21556886227545,999,6.26726726726727
493,506,6.32454361054767,6.21936758893281,999,6.27127127127127
488,511,6.3155737704918,6.22896281800391,999,6.27127127127127
489,510,6.31288343558282,6.22941176470588,999,6.27027027027027
479,520,6.31315240083507,6.23076923076923,999,6.27027027027027
477,522,6.32075471698113,6.24137931034483,999,6.27927927927928
489,510,6.32924335378323,6.24901960784314,999,6.28828828828829
495,504,6.33131313131313,6.24801587301587,999,6.28928928928929
490,509,6.32244897959184,6.24165029469548,999,6.28128128128128
484,515,6.32438016528926,6.24466019417476,999,6.28328328328328
496,503,6.32056451612903,6.23856858846919,999,6.27927927927928
489,510,6.32106339468303,6.23137254901961,999,6.27527527527528
488,511,6.31762295081967,6.21917808219178,999,6.26726726726727
501,498,6.31936127744511,6.22088353413655,999,6.27027027027027
499,500,6.31062124248497,6.212,999,6.26126126126126
498,501,6.29718875502008,6.22355289421158,999,6.26026026026026
508,491,6.29724409448819,6.22606924643584,999,6.26226226226226
494,505,6.27935222672065,6.22376237623762,999,6.25125125125125
488,511,6.29508196721311,6.22504892367906,999,6.25925925925926
491,508,6.28716904276986,6.21653543307087,999,6.25125125125125
485,514,6.30309278350515,6.21400778210117,999,6.25725725725726
479,520,6.2901878914405,6.21923076923077,999,6.25325325325325
471,528,6.29087048832272,6.21969696969697,999,6.25325325325325
477,522,6.28721174004193,6.23180076628353,999,6.25825825825826
471,528,6.29087048832272,6.22537878787879,999,6.25625625625626
474,525,6.28902953586498,6.22857142857143,999,6.25725725725726
479,520,6.27557411273486,6.22115384615385,999,6.24724724724725
476,523,6.26470588235294,6.20841300191205,999,6.23523523523524
472,527,6.25635593220339,6.21442125237192,999,6.23423423423423
470,529,6.26808510638298,6.21739130434783,999,6.24124124124124
461,538,6.27331887201735,6.21747211895911,999,6.24324324324324
453,546,6.27373068432671,6.22161172161172,999,6.24524524524525
453,546,6.27373068432671,6.22527472527473,999,6.24724724724725
450,549,6.28888888888889,6.21857923497268,999,6.25025025025025
444,555,6.28828828828829,6.21441441441441,999,6.24724724724725
445,554,6.29213483146067,6.21119133574007,999,6.24724724724725
428,571,6.29439252336449,6.21716287215412,999,6.25025025025025
422,577,6.2914691943128,6.23050259965338,999,6.25625625625626
433,566,6.30023094688222,6.23144876325088,999,6.26126126126126
427,572,6.29274004683841,6.22902097902098,999,6.25625625625626
422,577,6.30094786729858,6.22876949740035,999,6.25925925925926
425,574,6.31058823529412,6.23519163763066,999,6.26726726726727
424,575,6.29245283018868,6.23826086956522,999,6.26126126126126
423,576,6.29078014184397,6.22916666666667,999,6.25525525525526
417,582,6.30215827338129,6.23024054982818,999,6.26026026026026
422,577,6.30331753554502,6.23223570190641,999,6.26226226226226
425,574,6.30823529411765,6.23519163763066,999,6.26626626626627
425,574,6.30117647058823,6.23693379790941,999,6.26426426426426
426,573,6.30046948356808,6.239092495637,999,6.26526526526527
428,571,6.30607476635514,6.24343257443082,999,6.27027027027027
425,574,6.28235294117647,6.23867595818815,999,6.25725725725726
430,569,6.3093023255814,6.2390158172232,999,6.26926926926927
437,562,6.2974828375286,6.24199288256228,999,6.26626626626627
438,561,6.29223744292237,6.23885918003565,999,6.26226226226226
429,570,6.28904428904429,6.23859649122807,999,6.26026026026026
427,572,6.28337236533958,6.23251748251748,999,6.25425425425425
435,564,6.27816091954023,6.24113475177305,999,6.25725725725726
440,559,6.27045454545455,6.2432915921288,999,6.25525525525526
441,558,6.281179138322,6.25089605734767,999,6.26426426426426
446,553,6.28923766816143,6.25858951175407,999,6.27227227227227
448,551,6.29017857142857,6.26134301270417,999,6.27427427427427
442,557,6.28733031674208,6.25673249551167,999,6.27027027027027
449,550,6.28062360801782,6.25272727272727,999,6.26526526526527
452,547,6.27433628318584,6.24680073126143,999,6.25925925925926
455,544,6.27252747252747,6.24264705882353,999,6.25625625625626
457,542,6.28884026258206,6.24723247232472,999,6.26626626626627
458,541,6.29912663755459,6.25138632162662,999,6.27327327327327
456,543,6.29605263157895,6.25414364640884,999,6.27327327327327
461,538,6.30151843817787,6.26765799256506,999,6.28328328328328
466,533,6.29399141630901,6.25140712945591,999,6.27127127127127
455,544,6.32967032967033,6.25183823529412,999,6.28728728728729
445,554,6.31910112359551,6.24909747292419,999,6.28028028028028
446,553,6.31165919282511,6.249547920434,999,6.27727727727728
457,542,6.31728665207877,6.2380073800738,999,6.27427427427427
441,558,6.29478458049887,6.23476702508961,999,6.26126126126126
448,551,6.296875,6.24682395644283,999,6.26926926926927
437,562,6.29977116704806,6.24377224199288,999,6.26826826826827
440,559,6.31363636363636,6.2432915921288,999,6.27427427427427
434,565,6.30414746543779,6.25840707964602,999,6.27827827827828
435,564,6.29425287356322,6.26063829787234,999,6.27527527527528
440,559,6.30454545454545,6.25939177101968,999,6.27927927927928
440,559,6.30227272727273,6.2737030411449,999,6.28628628628629
440,559,6.29772727272727,6.27191413237925,999,6.28328328328328
439,560,6.30068337129841,6.26785714285714,999,6.28228228228228
447,552,6.31096196868009,6.26630434782609,999,6.28628628628629
434,565,6.30414746543779,6.26017699115044,999,6.27927927927928
441,558,6.31292517006803,6.2741935483871,999,6.29129129129129
429,570,6.31235431235431,6.27894736842105,999,6.29329329329329
423,576,6.31205673758865,6.26909722222222,999,6.28728728728729
420,579,6.32857142857143,6.26079447322971,999,6.28928928928929
439,560,6.33029612756264,6.25892857142857,999,6.29029029029029
442,557,6.33484162895928,6.2657091561939,999,6.2962962962963
432,567,6.34722222222222,6.27336860670194,999,6.30530530530531
446,553,6.34080717488789,6.28028933092224,999,6.30730730730731
448,551,6.33928571428571,6.28493647912886,999,6.30930930930931
451,548,6.33924611973392,6.29197080291971,999,6.31331331331331
457,542,6.32385120350109,6.28413284132841,999,6.3023023023023
457,542,6.33041575492341,6.29335793357934,999,6.31031031031031
450,549,6.33555555555556,6.28051001821494,999,6.30530530530531
446,553,6.33632286995516,6.28209764918626,999,6.30630630630631
454,545,6.33259911894273,6.27706422018349,999,6.3023023023023
451,548,6.33259423503326,6.25182481751825,999,6.28828828828829
459,540,6.32679738562091,6.26296296296296,999,6.29229229229229
465,534,6.32043010752688,6.2565543071161,999,6.28628628628629
470,529,6.32340425531915,6.26654064272212,999,6.29329329329329
458,541,6.31659388646288,6.25323475046211,999,6.28228228228228
471,528,6.31634819532909,6.25568181818182,999,6.28428428428428
487,512,6.31416837782341,6.259765625,999,6.28628628628629
484,515,6.29752066115702,6.26407766990291,999,6.28028028028028
489,510,6.31288343558282,6.26862745098039,999,6.29029029029029
486,513,6.33127572016461,6.26705653021442,999,6.2982982982983
493,506,6.3184584178499,6.25691699604743,999,6.28728728728729
501,498,6.30938123752495,6.26706827309237,999,6.28828828828829
499,500,6.30460921843687,6.27,999,6.28728728728729
502,497,6.29282868525896,6.26156941649899,999,6.27727727727728
486,513,6.2880658436214,6.24561403508772,999,6.26626626626627
482,517,6.29045643153527,6.24758220502901,999,6.26826826826827
486,513,6.28189300411523,6.24366471734893,999,6.26226226226226
488,511,6.29098360655738,6.24070450097847,999,6.26526526526527
476,523,6.27941176470588,6.23709369024857,999,6.25725725725726
474,525,6.27426160337553,6.24,999,6.25625625625626
484,515,6.25619834710744,6.24466019417476,999,6.25025025025025
496,503,6.26814516129032,6.21669980119284,999,6.24224224224224
504,495,6.27777777777778,6.21414141414141,999,6.24624624624625
511,488,6.28571428571429,6.21516393442623,999,6.25125125125125
500,499,6.276,6.20440881763527,999,6.24024024024024
498,501,6.26706827309237,6.20558882235529,999,6.23623623623624
484,515,6.26859504132231,6.19805825242718,999,6.23223223223223
488,511,6.27254098360656,6.20156555772994,999,6.23623623623624
500,499,6.28,6.19038076152305,999,6.23523523523524
501,498,6.26746506986028,6.19477911646586,999,6.23123123123123
495,504,6.27070707070707,6.19444444444444,999,6.23223223223223
498,501,6.26305220883534,6.1936127744511,999,6.22822822822823
494,505,6.27125506072874,6.1980198019802,999,6.23423423423423
504,495,6.26785714285714,6.2040404040404,999,6.23623623623624
505,494,6.27722772277228,6.2085020242915,999,6.24324324324324
503,496,6.27435387673956,6.22177419354839,999,6.24824824824825
516,483,6.26162790697674,6.22360248447205,999,6.24324324324324
510,489,6.25882352941176,6.21881390593047,999,6.23923923923924
518,481,6.26447876447876,6.22037422037422,999,6.24324324324324
528,471,6.25568181818182,6.2208067940552,999,6.23923923923924
527,472,6.25426944971537,6.22457627118644,999,6.24024024024024
533,466,6.25140712945591,6.2381974248927,999,6.24524524524525
540,459,6.25,6.23093681917211,999,6.24124124124124
547,452,6.24497257769653,6.23451327433628,999,6.24024024024024
543,456,6.24493554327808,6.20614035087719,999,6.22722722722723
538,461,6.25092936802974,6.21475054229935,999,6.23423423423423
538,461,6.26579925650558,6.21908893709328,999,6.24424424424424
554,445,6.26353790613718,6.21573033707865,999,6.24224224224224
565,434,6.27610619469027,6.2258064516129,999,6.25425425425425
553,446,6.26763110307414,6.23766816143498,999,6.25425425425425
558,441,6.26523297491039,6.22448979591837,999,6.24724724724725
557,442,6.27109515260323,6.22850678733032,999,6.25225225225225
547,452,6.28153564899452,6.23893805309735,999,6.26226226226226
559,440,6.29159212880143,6.24545454545455,999,6.27127127127127
560,439,6.27678571428571,6.22095671981777,999,6.25225225225225
557,442,6.27648114901257,6.23755656108597,999,6.25925925925926
548,451,6.27737226277372,6.22172949002217,999,6.25225225225225
549,450,6.28051001821494,6.21777777777778,999,6.25225225225225
549,450,6.28415300546448,6.21555555555556,999,6.25325325325325
556,443,6.28597122302158,6.21218961625282,999,6.25325325325325
558,441,6.28853046594982,6.20861678004535,999,6.25325325325325
557,442,6.28904847396768,6.20361990950226,999,6.25125125125125
564,435,6.2854609929078,6.19770114942529,999,6.24724724724725
561,438,6.28698752228164,6.18949771689498,999,6.24424424424424
574,425,6.29616724738676,6.2,999,6.25525525525526
560,439,6.30535714285714,6.20728929384966,999,6.26226226226226
560,439,6.3,6.2004555808656,999,6.25625625625626
559,440,6.30232558139535,6.20909090909091,999,6.26126126126126
572,427,6.30944055944056,6.21077283372365,999,6.26726726726727
570,429,6.3140350877193,6.20512820512821,999,6.26726726726727
577,422,6.2946273830156,6.20616113744076,999,6.25725725725726
577,422,6.31369150779896,6.21327014218009,999,6.27127127127127
574,425,6.30313588850174,6.20941176470588,999,6.26326326326326
562,437,6.30249110320285,6.21510297482838,999,6.26426426426426
572,427,6.30594405594406,6.2248243559719,999,6.27127127127127
565,434,6.30265486725664,6.2073732718894,999,6.26126126126126
574,425,6.28745644599303,6.21647058823529,999,6.25725725725726
577,422,6.2842287694974,6.19668246445498,999,6.24724724724725
578,421,6.30103806228374,6.20665083135392,999,6.26126126126126
580,419,6.29310344827586,6.20525059665871,999,6.25625625625626
567,432,6.27689594356261,6.20601851851852,999,6.24624624624625
574,425,6.27700348432056,6.2,999,6.24424424424424
569,430,6.28471001757469,6.1953488372093,999,6.24624624624625
568,431,6.28169014084507,6.19025522041763,999,6.24224224224224
571,428,6.28021015761821,6.19392523364486,999,6.24324324324324
565,434,6.29026548672566,6.19354838709677,999,6.24824824824825
566,433,6.28798586572438,6.18937644341801,999,6.24524524524525
569,430,6.28646748681898,6.20697674418605,999,6.25225225225225
563,436,6.28774422735346,6.20183486238532,999,6.25025025025025
570,429,6.3140350877193,6.19347319347319,999,6.26226226226226
577,422,6.32235701906412,6.19905213270142,999,6.27027027027027
577,422,6.32409012131716,6.19905213270142,999,6.27127127127127
575,424,6.33739130434783,6.20283018867925,999,6.28028028028028
564,435,6.32624113475177,6.20229885057471,999,6.27227227227227
567,432,6.33862433862434,6.19907407407407,999,6.27827827827828
561,438,6.32798573975045,6.18493150684932,999,6.26526526526527
566,433,6.3321554770318,6.20092378752887,999,6.27527527527528
569,430,6.32688927943761,6.20232558139535,999,6.27327327327327
576,423,6.32465277777778,6.19385342789598,999,6.26926926926927
582,417,6.34707903780069,6.19664268585132,999,6.28428428428428
581,418,6.33046471600688,6.19617224880383,999,6.27427427427427
583,416,6.33962264150943,6.19951923076923,999,6.28128128128128
573,426,6.3542757417103,6.18544600938967,999,6.28228228228228
568,431,6.34683098591549,6.19025522041763,999,6.27927927927928
582,417,6.34364261168385,6.17985611510791,999,6.27527527527528
587,412,6.33390119250426,6.19417475728155,999,6.27627627627628
594,405,6.33838383838384,6.19506172839506,999,6.28028028028028
587,412,6.33390119250426,6.19902912621359,999,6.27827827827828
596,403,6.33389261744966,6.18114143920596,999,6.27227227227227
597,402,6.33668341708543,6.18159203980099,999,6.27427427427427
594,405,6.34680134680135,6.17530864197531,999,6.27727727727728
598,401,6.36622073578595,6.17705735660848,999,6.29029029029029
596,403,6.35402684563758,6.1712158808933,999,6.28028028028028
590,409,6.37118644067797,6.16870415647922,999,6.28828828828829
585,414,6.36752136752137,6.16908212560386,999,6.28528528528529
595,404,6.37310924369748,6.16089108910891,999,6.28728728728729
591,408,6.3756345177665,6.16176470588235,999,6.28828828828829
586,413,6.38737201365188,6.15738498789346,999,6.29229229229229
585,414,6.38461538461539,6.16183574879227,999,6.29229229229229
595,404,6.38655462184874,6.15594059405941,999,6.29329329329329
598,401,6.38127090301003,6.15960099750623,999,6.29229229229229
590,409,6.37457627118644,6.15647921760391,999,6.28528528528529
600,399,6.37166666666667,6.14285714285714,999,6.28028028028028
585,414,6.36752136752137,6.15217391304348,999,6.27827827827828
580,419,6.35862068965517,6.14558472553699,999,6.26926926926927
582,417,6.37285223367698,6.14388489208633,999,6.27727727727728
582,417,6.37628865979381,6.15827338129496,999,6.28528528528529
578,421,6.37889273356401,6.1520190023753,999,6.28328328328328
561,438,6.37076648841355,6.15296803652968,999,6.27527527527528
567,432,6.37742504409171,6.15046296296296,999,6.27927927927928
564,435,6.36879432624113,6.15402298850575,999,6.27527527527528
564,435,6.39007092198582,6.14942528735632,999,6.28528528528529
555,444,6.38738738738739,6.1463963963964,999,6.28028028028028
554,445,6.3971119133574,6.14606741573034,999,6.28528528528529
547,452,6.38756855575868,6.14380530973451,999,6.27727727727728
542,457,6.37638376383764,6.14223194748359,999,6.26926926926927
541,458,6.3826247689464,6.14192139737991,999,6.27227227227227
533,466,6.37711069418387,6.15021459227468,999,6.27127127127127
533,466,6.3733583489681,6.1480686695279,999,6.26826826826827
540,459,6.37407407407407,6.13725490196078,999,6.26526526526527
535,464,6.36448598130841,6.13362068965517,999,6.25725725725726
543,456,6.36648250460405,6.12280701754386,999,6.25525525525526
540,459,6.35740740740741,6.11764705882353,999,6.24724724724725
538,461,6.36431226765799,6.10412147505423,999,6.24424424424424
542,457,6.36531365313653,6.12035010940919,999,6.25325325325325
540,459,6.37222222222222,6.119825708061,999,6.25625625625626
540,459,6.36666666666667,6.119825708061,999,6.25325325325325
549,450,6.36429872495446,6.12222222222222,999,6.25525525525526
549,450,6.36794171220401,6.11555555555556,999,6.25425425425425
552,447,6.36413043478261,6.11185682326622,999,6.25125125125125
557,442,6.36624775583483,6.10633484162896,999,6.25125125125125
554,445,6.37364620938628,6.10337078651685,999,6.25325325325325
553,446,6.37793851717902,6.09641255605381,999,6.25225225225225
557,442,6.37163375224416,6.08597285067873,999,6.24524524524525
544,455,6.37683823529412,6.09450549450549,999,6.24824824824825
537,462,6.37243947858473,6.09523809523809,999,6.24424424424424
538,461,6.38289962825279,6.0997830802603,999,6.25225225225225
537,462,6.38919925512104,6.0974025974026,999,6.25425425425425
542,457,6.38560885608856,6.09190371991247,999,6.25125125125125
543,456,6.39779005524862,6.09649122807018,999,6.26026026026026
546,453,6.39194139194139,6.09933774834437,999,6.25925925925926
547,452,6.38756855575868,6.10619469026549,999,6.26026026026026
556,443,6.39928057553957,6.10158013544018,999,6.26726726726727
549,450,6.39344262295082,6.10222222222222,999,6.26226226226226
564,435,6.40070921985816,6.10574712643678,999,6.27227227227227
567,432,6.40740740740741,6.11574074074074,999,6.28128128128128
557,442,6.42010771992819,6.0972850678733,999,6.27727727727728
557,442,6.42190305206463,6.08823529411765,999,6.27427427427427
552,447,6.40579710144928,6.0917225950783,999,6.26526526526527
555,444,6.41081081081081,6.08108108108108,999,6.26426426426426
551,448,6.41379310344828,6.09151785714286,999,6.26926926926927
564,435,6.4113475177305,6.09195402298851,999,6.27227227227227
567,432,6.40035273368607,6.09027777777778,999,6.26626626626627
560,439,6.40357142857143,6.08883826879271,999,6.26526526526527
559,440,6.391771019678,6.09772727272727,999,6.26226226226226
558,441,6.39964157706093,6.09523809523809,999,6.26526526526527
558,441,6.41039426523298,6.08616780045351,999,6.26726726726727
552,447,6.42028985507246,6.08053691275168,999,6.26826826826827
549,450,6.39890710382514,6.08222222222222,999,6.25625625625626
551,448,6.38838475499093,6.09151785714286,999,6.25525525525526
541,458,6.40110905730129,6.09170305676856,999,6.25925925925926
545,454,6.41467889908257,6.09911894273128,999,6.27127127127127
544,455,6.40992647058824,6.1032967032967,999,6.27027027027027
538,461,6.40148698884758,6.10195227765727,999,6.26326326326326
536,463,6.39925373134328,6.10151187904968,999,6.26126126126126
541,458,6.38632162661738,6.12008733624454,999,6.26426426426426
543,456,6.39594843462247,6.1140350877193,999,6.26726726726727
550,449,6.40181818181818,6.11135857461024,999,6.27127127127127
545,454,6.41100917431193,6.1079295154185,999,6.27327327327327
541,458,6.4177449168207,6.11353711790393,999,6.27827827827828
546,453,6.41758241758242,6.11920529801325,999,6.28228228228228
548,451,6.42335766423358,6.12638580931264,999,6.28928928928929
556,443,6.42446043165468,6.13544018058691,999,6.2962962962963
552,447,6.42934782608696,6.11856823266219,999,6.29029029029029
548,451,6.41605839416058,6.13968957871397,999,6.29129129129129
543,456,6.41252302025783,6.13377192982456,999,6.28528528528529
547,452,6.41316270566728,6.13274336283186,999,6.28628628628629
555,444,6.3981981981982,6.12387387387387,999,6.27627627627628
562,437,6.39679715302491,6.12585812356979,999,6.27827827827828
550,449,6.39636363636364,6.12694877505568,999,6.27527527527528
552,447,6.39492753623188,6.12080536912752,999,6.27227227227227
542,457,6.40221402214022,6.13785557986871,999,6.28128128128128
543,456,6.39594843462247,6.13157894736842,999,6.27527527527528
551,448,6.39927404718693,6.12723214285714,999,6.27727727727728
536,463,6.38432835820895,6.11447084233261,999,6.25925925925926
550,449,6.36909090909091,6.11804008908686,999,6.25625625625626
542,457,6.37453874538745,6.11597374179431,999,6.25625625625626
535,464,6.36635514018692,6.11637931034483,999,6.25025025025025
533,466,6.36960600375235,6.10729613733906,999,6.24724724724725
527,472,6.35863377609108,6.10805084745763,999,6.24024024024024
531,468,6.3804143126177,6.12179487179487,999,6.25925925925926
523,476,6.37667304015296,6.11554621848739,999,6.25225225225225
524,475,6.39503816793893,6.12842105263158,999,6.26826826826827
524,475,6.40648854961832,6.12631578947368,999,6.27327327327327
509,490,6.40864440078585,6.13673469387755,999,6.27527527527528
521,478,6.40307101727447,6.13598326359833,999,6.27527527527528
519,480,6.40462427745665,6.13125,999,6.27327327327327
513,486,6.39961013645224,6.1440329218107,999,6.27527527527528
512,487,6.3984375,6.14168377823409,999,6.27327327327327
514,485,6.40077821011673,6.15051546391753,999,6.27927927927928
512,487,6.40625,6.14989733059548,999,6.28128128128128
513,486,6.40545808966862,6.15020576131687,999,6.28128128128128
521,478,6.40690978886756,6.15899581589958,999,6.28828828828829
522,477,6.40229885057471,6.14884696016771,999,6.28128128128128
527,472,6.42125237191651,6.14618644067797,999,6.29129129129129
532,467,6.40037593984962,6.15845824411135,999,6.28728728728729
532,467,6.39473684210526,6.16059957173448,999,6.28528528528529
532,467,6.40413533834586,6.14346895074946,999,6.28228228228228
535,464,6.40934579439252,6.14655172413793,999,6.28728728728729
524,475,6.39503816793893,6.15157894736842,999,6.27927927927928
524,475,6.39312977099237,6.14526315789474,999,6.27527527527528
527,472,6.40607210626186,6.14618644067797,999,6.28328328328328
521,478,6.39923224568138,6.13807531380753,999,6.27427427427427
520,479,6.40576923076923,6.14405010438413,999,6.28028028028028
521,478,6.40882917466411,6.15690376569038,999,6.28828828828829
516,483,6.41085271317829,6.15734989648033,999,6.28828828828829
512,487,6.412109375,6.15400410677618,999,6.28628628628629
522,477,6.42337164750958,6.14884696016771,999,6.29229229229229
528,471,6.41287878787879,6.15074309978769,999,6.28928928928929
533,466,6.39774859287054,6.15450643776824,999,6.28428428428428
533,466,6.41463414634146,6.1480686695279,999,6.29029029029029
525,474,6.41333333333333,6.15189873417722,999,6.28928928928929
530,469,6.40754716981132,6.13432835820895,999,6.27927927927928
521,478,6.40499040307102,6.14644351464435,999,6.28128128128128
527,472,6.41555977229602,6.13347457627119,999,6.28228228228228
530,469,6.41698113207547,6.13859275053305,999,6.28628628628629
525,474,6.40571428571429,6.13502109704641,999,6.27727727727728
522,477,6.42337164750958,6.13207547169811,999,6.28428428428428
522,477,6.42911877394636,6.13207547169811,999,6.28728728728729
526,473,6.42965779467681,6.14164904862579,999,6.29329329329329
535,464,6.4392523364486,6.14655172413793,999,6.3033033033033
530,469,6.44905660377358,6.15138592750533,999,6.30930930930931
527,472,6.4573055028463,6.15677966101695,999,6.31531531531532
523,476,6.46080305927342,6.15126050420168,999,6.31331331331331
526,473,6.46197718631179,6.14799154334038,999,6.31331331331331
526,473,6.47718631178707,6.15010570824524,999,6.32232232232232
524,475,6.49236641221374,6.15368421052632,999,6.33133133133133
530,469,6.48679245283019,6.16631130063966,999,6.33633633633634
529,470,6.49716446124764,6.15106382978723,999,6.33433433433433
533,466,6.50093808630394,6.15665236051502,999,6.34034034034034
545,454,6.50825688073394,6.16079295154185,999,6.35035035035035
536,463,6.50373134328358,6.15982721382289,999,6.34434434434434
532,467,6.50563909774436,6.16488222698073,999,6.34634634634635
551,448,6.50090744101633,6.16741071428571,999,6.35135135135135
550,449,6.50727272727273,6.17149220489978,999,6.35635635635636
526,473,6.50190114068441,6.16490486257928,999,6.34234234234234
536,463,6.49253731343284,6.1511879049676,999,6.33433433433433
538,461,6.49442379182156,6.14750542299349,999,6.33433433433433
530,469,6.48301886792453,6.14498933901919,999,6.32432432432432
528,471,6.48106060606061,6.14861995753716,999,6.32432432432432
528,471,6.47727272727273,6.14861995753716,999,6.32232232232232
534,465,6.47565543071161,6.15698924731183,999,6.32732732732733
522,477,6.45210727969349,6.15513626834382,999,6.31031031031031
525,474,6.45904761904762,6.15400843881857,999,6.31431431431431
526,473,6.47528517110266,6.14799154334038,999,6.32032032032032
528,471,6.47159090909091,6.14649681528662,999,6.31831831831832
537,462,6.47113594040968,6.14502164502164,999,6.32032032032032
518,481,6.48841698841699,6.14345114345114,999,6.32232232232232
517,482,6.50096711798839,6.14107883817427,999,6.32732732732733
522,477,6.5,6.13417190775681,999,6.32532532532533
528,471,6.51893939393939,6.12314225053079,999,6.33233233233233
515,484,6.52427184466019,6.12190082644628,999,6.32932932932933
512,487,6.517578125,6.11498973305955,999,6.32132132132132
510,489,6.50588235294118,6.11247443762781,999,6.31331331331331
512,487,6.5234375,6.1047227926078,999,6.31931931931932
507,492,6.53846153846154,6.10569105691057,999,6.32532532532533
507,492,6.52662721893491,6.10162601626016,999,6.31731731731732
518,481,6.52702702702703,6.0997920997921,999,6.32132132132132
517,482,6.51644100580271,6.09128630705394,999,6.31131131131131
525,474,6.49904761904762,6.09282700421941,999,6.30630630630631
519,480,6.4990366088632,6.09375,999,6.3043043043043
522,477,6.51149425287356,6.09224318658281,999,6.31131131131131
526,473,6.50190114068441,6.08879492600423,999,6.30630630630631
521,478,6.49904030710173,6.09623430962343,999,6.30630630630631
539,460,6.49721706864564,6.08913043478261,999,6.30930930930931
537,462,6.50279329608939,6.08441558441558,999,6.30930930930931
548,451,6.5,6.07982261640798,999,6.31031031031031
539,460,6.50649350649351,6.07826086956522,999,6.30930930930931
534,465,6.50374531835206,6.07311827956989,999,6.3033033033033
531,468,6.48964218455744,6.06410256410256,999,6.29029029029029
548,451,6.48905109489051,6.06430155210643,999,6.2972972972973
550,449,6.48727272727273,6.07126948775056,999,6.3003003003003
544,455,6.49448529411765,6.07472527472527,999,6.3033033033033
561,438,6.49376114081996,6.0662100456621,999,6.30630630630631
552,447,6.4981884057971,6.06487695749441,999,6.3043043043043
567,432,6.49206349206349,6.06944444444444,999,6.30930930930931
559,440,6.50089445438283,6.075,999,6.31331331331331
571,428,6.51488616462347,6.07710280373832,999,6.32732732732733
582,417,6.5085910652921,6.07434052757794,999,6.32732732732733
588,411,6.51530612244898,6.07785888077859,999,6.33533533533534
591,408,6.53807106598985,6.07352941176471,999,6.34834834834835
587,412,6.52981260647359,6.08495145631068,999,6.34634634634635
585,414,6.52307692307692,6.08212560386473,999,6.34034034034034
580,419,6.52068965517241,6.0763723150358,999,6.33433433433433
592,407,6.52871621621622,6.06879606879607,999,6.34134134134134
578,421,6.53287197231834,6.05700712589074,999,6.33233233233233
580,419,6.54827586206897,6.05966587112172,999,6.34334334334334
574,425,6.55400696864112,6.06352941176471,999,6.34534534534535
573,426,6.54450261780105,6.07276995305164,999,6.34334334334334
570,429,6.54736842105263,6.07692307692308,999,6.34534534534535
577,422,6.54766031195841,6.08530805687204,999,6.35235235235235
574,425,6.53310104529617,6.07529411764706,999,6.33833833833834
574,425,6.53310104529617,6.08470588235294,999,6.34234234234234
590,409,6.53220338983051,6.08312958435208,999,6.34834834834835
579,420,6.52331606217617,6.07380952380952,999,6.33433433433433
576,423,6.53645833333333,6.07328605200946,999,6.34034034034034
572,427,6.54195804195804,6.06791569086651,999,6.33933933933934
587,412,6.55025553662692,6.07281553398058,999,6.35335335335335
594,405,6.55387205387205,6.07160493827161,999,6.35835835835836
589,410,6.55517826825127,6.06585365853658,999,6.35435435435435
588,411,6.56802721088435,6.06082725060827,999,6.35935935935936
587,412,6.56729131175469,6.05825242718447,999,6.35735735735736
586,413,6.56484641638225,6.06295399515739,999,6.35735735735736
594,405,6.57407407407407,6.06666666666667,999,6.36836836836837
597,402,6.58793969849246,6.06965174129353,999,6.37937937937938
593,406,6.58347386172007,6.07142857142857,999,6.37537537537538
578,421,6.57612456747405,6.07600950118765,999,6.36536536536537
585,414,6.59487179487179,6.06521739130435,999,6.37537537537538
574,425,6.58362369337979,6.07058823529412,999,6.36536536536537
578,421,6.58996539792388,6.06888361045131,999,6.37037037037037
587,412,6.57921635434412,6.0752427184466,999,6.37137137137137
594,405,6.58417508417508,6.07160493827161,999,6.37637637637638
599,400,6.56761268781302,6.0775,999,6.37137137137137
605,394,6.57685950413223,6.08629441624366,999,6.38338338338338
603,396,6.5787728026534,6.07828282828283,999,6.38038038038038
603,396,6.58374792703151,6.08333333333333,999,6.38538538538539
609,390,6.57963875205254,6.07948717948718,999,6.38438438438438
617,382,6.57374392220421,6.08638743455497,999,6.38738738738739
622,377,6.57556270096463,6.07957559681698,999,6.38838838838839
616,383,6.57467532467532,6.09660574412533,999,6.39139139139139
617,382,6.56726094003241,6.08115183246073,999,6.38138138138138
617,382,6.56077795786062,6.08376963350785,999,6.37837837837838
612,387,6.57352941176471,6.08010335917313,999,6.38238238238238
608,391,6.57072368421053,6.08184143222506,999,6.37937937937938
596,403,6.58892617449664,6.08436724565757,999,6.38538538538539
599,400,6.58430717863105,6.0775,999,6.38138138138138
595,404,6.5781512605042,6.08415841584158,999,6.37837837837838
616,383,6.59577922077922,6.09399477806789,999,6.4034034034034
610,389,6.59508196721311,6.09511568123393,999,6.4004004004004
608,391,6.59046052631579,6.08951406649616,999,6.39439439439439
612,387,6.59477124183007,6.10077519379845,999,6.4034034034034
610,389,6.58852459016393,6.10282776349614,999,6.3993993993994
602,397,6.59468438538206,6.09823677581864,999,6.3973973973974
597,402,6.57956448911223,6.09950248756219,999,6.38638638638639
596,403,6.58053691275168,6.10173697270471,999,6.38738738738739
603,396,6.5771144278607,6.0959595959596,999,6.38638638638639
607,392,6.57495881383855,6.09948979591837,999,6.38838838838839
623,376,6.55216693418941,6.1063829787234,999,6.38438438438438
629,370,6.53418124006359,6.10540540540541,999,6.37537537537538
625,374,6.5488,6.10427807486631,999,6.38238238238238
622,377,6.53215434083601,6.11140583554377,999,6.37337337337337
621,378,6.53462157809984,6.11375661375661,999,6.37537537537538
615,384,6.55772357723577,6.109375,999,6.38538538538539
605,394,6.55867768595041,6.10913705583756,999,6.38138138138138
611,388,6.5531914893617,6.11855670103093,999,6.38438438438438
607,392,6.55189456342669,6.10714285714286,999,6.37737737737738
614,385,6.55537459283388,6.1038961038961,999,6.38138138138138
612,387,6.53921568627451,6.10852713178295,999,6.37237237237237
604,395,6.54470198675497,6.10379746835443,999,6.37037037037037
599,400,6.54424040066778,6.12,999,6.37437437437437
596,403,6.53691275167785,6.12655086848635,999,6.37137137137137
584,415,6.53424657534247,6.12048192771084,999,6.36236236236236
579,420,6.52504317789292,6.11904761904762,999,6.35435435435435
580,419,6.53793103448276,6.12410501193317,999,6.36436436436436
572,427,6.53846153846154,6.11475409836066,999,6.35735735735736
583,416,6.54202401372213,6.11057692307692,999,6.36236236236236
590,409,6.55084745762712,6.12224938875306,999,6.37537537537538
597,402,6.55443886097152,6.12189054726368,999,6.38038038038038
602,397,6.53654485049834,6.12846347607053,999,6.37437437437437
601,398,6.53410981697171,6.13316582914573,999,6.37437437437437
592,407,6.52871621621622,6.14250614250614,999,6.37137137137137
586,413,6.51535836177474,6.12832929782082,999,6.35535535535536
582,417,6.50343642611684,6.12470023980815,999,6.34534534534535
575,424,6.50782608695652,6.13915094339623,999,6.35135135135135
581,418,6.52323580034423,6.14354066985646,999,6.36436436436436
588,411,6.5,6.14598540145985,999,6.35435435435435
583,416,6.49056603773585,6.15384615384615,999,6.35035035035035
577,422,6.48180242634315,6.16113744075829,999,6.34634634634635
576,423,6.48263888888889,6.15602836879433,999,6.34434434434434
570,429,6.47719298245614,6.15850815850816,999,6.34034034034034
577,422,6.47660311958406,6.16113744075829,999,6.34334334334334
585,414,6.48376068376068,6.14975845410628,999,6.34534534534535
583,416,6.47855917667238,6.14903846153846,999,6.34134134134134
579,420,6.49395509499136,6.14285714285714,999,6.34634634634635
576,423,6.48611111111111,6.13947990543735,999,6.33933933933934
580,419,6.48620689655172,6.13842482100239,999,6.34034034034034
587,412,6.50085178875639,6.13106796116505,999,6.34834834834835
588,411,6.51530612244898,6.12408759124088,999,6.35435435435435
590,409,6.50508474576271,6.119804400978,999,6.34734734734735
596,403,6.50838926174497,6.11166253101737,999,6.34834834834835
608,391,6.51809210526316,6.12531969309463,999,6.36436436436436
611,388,6.52373158756137,6.12113402061856,999,6.36736736736737
610,389,6.51475409836066,6.10282776349614,999,6.35435435435435
601,398,6.5108153078203,6.10804020100502,999,6.35035035035035
609,390,6.50738916256158,6.1051282051282,999,6.35035035035035
605,394,6.51404958677686,6.0989847715736,999,6.35035035035035
610,389,6.51311475409836,6.09254498714653,999,6.34934934934935
610,389,6.51803278688525,6.10025706940874,999,6.35535535535536
613,386,6.5252854812398,6.09844559585492,999,6.36036036036036
610,389,6.51967213114754,6.10025706940874,999,6.35635635635636
621,378,6.53140096618357,6.11111111111111,999,6.37237237237237
628,371,6.54140127388535,6.11051212938005,999,6.38138138138138
642,357,6.55451713395639,6.11484593837535,999,6.3973973973974
642,357,6.53894080996885,6.11484593837535,999,6.38738738738739
642,357,6.52647975077882,6.10924369747899,999,6.37737737737738
643,356,6.53965785381026,6.09550561797753,999,6.38138138138138
634,365,6.53943217665615,6.10958904109589,999,6.38238238238238
646,353,6.54798761609907,6.11331444759207,999,6.39439439439439
645,354,6.55348837209302,6.11581920903955,999,6.3983983983984
633,366,6.54660347551343,6.12841530054645,999,6.39339339339339
634,365,6.5410094637224,6.13150684931507,999,6.39139139139139
632,367,6.55221518987342,6.12261580381471,999,6.39439439439439
629,370,6.55643879173291,6.14054054054054,999,6.4024024024024
627,372,6.55502392344498,6.13440860215054,999,6.3983983983984
634,365,6.5583596214511,6.12602739726027,999,6.4004004004004
628,371,6.54617834394904,6.11859838274933,999,6.38738738738739
632,367,6.54430379746835,6.12261580381471,999,6.38938938938939
631,368,6.52773375594295,6.125,999,6.37937937937938
632,367,6.5379746835443,6.11989100817439,999,6.38438438438438
635,364,6.55433070866142,6.12087912087912,999,6.3963963963964
629,370,6.54689984101749,6.11351351351351,999,6.38638638638639
634,365,6.55678233438486,6.11780821917808,999,6.3963963963964
629,370,6.55802861685215,6.11621621621622,999,6.39439439439439
635,364,6.55590551181102,6.11263736263736,999,6.39439439439439
632,367,6.55379746835443,6.10899182561308,999,6.39039039039039
640,359,6.54375,6.11142061281337,999,6.38838838838839
630,369,6.55396825396825,6.11382113821138,999,6.39139139139139
640,359,6.5546875,6.10863509749304,999,6.39439439439439
650,349,6.57076923076923,6.0974212034384,999,6.40540540540541
646,353,6.57894736842105,6.10481586402266,999,6.41141141141141
655,344,6.57099236641221,6.10174418604651,999,6.40940940940941
658,341,6.57750759878419,6.10263929618768,999,6.41541541541542
667,332,6.57421289355322,6.10542168674699,999,6.41841841841842
661,338,6.55975794251135,6.09467455621302,999,6.4024024024024
662,337,6.55891238670695,6.0919881305638,999,6.4014014014014
674,325,6.56231454005935,6.10461538461538,999,6.41341341341341
676,323,6.56804733727811,6.11145510835913,999,6.42042042042042
673,326,6.56760772659733,6.11349693251534,999,6.41941941941942
673,326,6.555720653789,6.11349693251534,999,6.41141141141141
669,330,6.56352765321375,6.11212121212121,999,6.41441441441441
660,339,6.56818181818182,6.10324483775811,999,6.41041041041041
667,332,6.57271364317841,6.10542168674699,999,6.41741741741742
678,321,6.57374631268437,6.10591900311526,999,6.42342342342342
679,320,6.57731958762887,6.103125,999,6.42542542542543
681,318,6.5726872246696,6.10377358490566,999,6.42342342342342
690,309,6.5695652173913,6.11003236245955,999,6.42742742742743
683,316,6.5710102489019,6.10759493670886,999,6.42442442442442
677,322,6.56573116691285,6.09937888198758,999,6.41541541541542
685,314,6.55474452554745,6.10191082802548,999,6.41241241241241
686,313,6.55393586005831,6.10223642172524,999,6.41241241241241
692,307,6.55491329479769,6.11400651465798,999,6.41941941941942
699,300,6.56080114449213,6.11,999,6.42542542542543
707,292,6.55728429985856,6.10616438356164,999,6.42542542542543
701,298,6.54778887303852,6.1006711409396,999,6.41441441441441
705,294,6.53191489361702,6.11904761904762,999,6.41041041041041
712,287,6.53792134831461,6.1184668989547,999,6.41741741741742
706,293,6.52691218130312,6.1160409556314,999,6.40640640640641
710,289,6.52957746478873,6.10726643598616,999,6.40740740740741
717,282,6.53138075313807,6.10992907801418,999,6.41241241241241
724,275,6.52900552486188,6.10909090909091,999,6.41341341341341
