forward_num,reverse_num,forward_rate,reverse_rate,organism_num,organism_rate
5,5,5.0,5.0,10,5.0
5,5,5.0,5.0,10,5.0
7,7,5.42857142857143,5.42857142857143,14,5.42857142857143
11,11,5.54545454545455,5.54545454545455,22,5.54545454545455
14,14,5.42857142857143,5.42857142857143,28,5.42857142857143
20,20,5.7,5.7,40,5.7
34,34,5.94117647058824,5.94117647058824,68,5.94117647058824
48,48,5.75,5.75,96,5.75
68,68,5.94117647058824,5.94117647058824,136,5.94117647058824
124,124,6.16129032258065,6.16129032258065,248,6.16129032258065
123,124,6.15447154471545,6.16129032258065,247,6.15789473684211
246,247,6.15447154471545,6.15789473684211,493,6.15618661257606
436,438,6.37614678899083,6.37899543378995,874,6.37757437070938
483,485,6.20703933747412,6.20824742268041,968,6.20764462809917
497,502,6.28370221327968,6.27888446215139,999,6.28128128128128
498,501,6.31726907630522,6.31137724550898,999,6.31431431431431
500,499,6.31,6.30661322645291,999,6.30830830830831
493,506,6.33874239350913,6.32806324110672,999,6.33333333333333
487,512,6.36139630390144,6.341796875,999,6.35135135135135
496,503,6.40322580645161,6.37375745526839,999,6.38838838838839
488,511,6.4077868852459,6.35812133072407,999,6.38238238238238
494,505,6.39676113360324,6.36435643564356,999,6.38038038038038
491,508,6.39714867617108,6.36023622047244,999,6.37837837837838
483,516,6.39958592132505,6.38565891472868,999,6.39239239239239
489,510,6.41717791411043,6.40196078431373,999,6.40940940940941
489,510,6.42331288343558,6.38823529411765,999,6.40540540540541
485,514,6.37525773195876,6.35408560311284,999,6.36436436436436
485,514,6.3979381443299,6.3988326848249,999,6.3983983983984
493,506,6.43610547667343,6.42885375494071,999,6.43243243243243
483,516,6.4472049689441,6.43798449612403,999,6.44244244244244
492,507,6.43292682926829,6.42603550295858,999,6.42942942942943
494,505,6.417004048583,6.42772277227723,999,6.42242242242242
490,509,6.41020408163265,6.41846758349705,999,6.41441441441441
490,509,6.44489795918367,6.40864440078585,999,6.42642642642643
483,516,6.41821946169772,6.42635658914729,999,6.42242242242242
483,516,6.42236024844721,6.42829457364341,999,6.42542542542543
478,521,6.41213389121339,6.43953934740883,999,6.42642642642643
473,526,6.43128964059197,6.44106463878327,999,6.43643643643644
475,524,6.43368421052632,6.45038167938931,999,6.44244244244244
475,524,6.44210526315789,6.45992366412214,999,6.45145145145145
467,532,6.43040685224839,6.44172932330827,999,6.43643643643644
469,530,6.42004264392324,6.46037735849057,999,6.44144144144144
457,542,6.41356673960613,6.47232472324723,999,6.44544544544545
456,543,6.42763157894737,6.47882136279926,999,6.45545545545546
455,544,6.40659340659341,6.47242647058824,999,6.44244244244244
446,553,6.41255605381166,6.4629294755877,999,6.44044044044044
461,538,6.41648590021692,6.46096654275093,999,6.44044044044044
463,536,6.39308855291577,6.45335820895522,999,6.42542542542543
459,540,6.39433551198257,6.47962962962963,999,6.44044044044044
457,542,6.39824945295405,6.4760147601476,999,6.44044044044044
457,542,6.38293216630197,6.47047970479705,999,6.43043043043043
452,547,6.39159292035398,6.46617915904936,999,6.43243243243243
435,564,6.40689655172414,6.48581560283688,999,6.45145145145145
442,557,6.37782805429864,6.49730700179533,999,6.44444444444444
448,551,6.37723214285714,6.51905626134301,999,6.45545545545546
447,552,6.38255033557047,6.51449275362319,999,6.45545545545546
439,560,6.37357630979499,6.48035714285714,999,6.43343343343343
440,559,6.39090909090909,6.4830053667263,999,6.44244244244244
431,568,6.39443155452436,6.48767605633803,999,6.44744744744745
431,568,6.39443155452436,6.46302816901408,999,6.43343343343343
438,561,6.3972602739726,6.4777183600713,999,6.44244244244244
435,564,6.37241379310345,6.49113475177305,999,6.43943943943944
427,572,6.35128805620609,6.49825174825175,999,6.43543543543544
428,571,6.3785046728972,6.49562171628722,999,6.44544544544545
433,566,6.37182448036951,6.48056537102473,999,6.43343343343343
432,567,6.40046296296296,6.49029982363316,999,6.45145145145145
429,570,6.36363636363636,6.47543859649123,999,6.42742742742743
420,579,6.38095238095238,6.45768566493955,999,6.42542542542543
414,585,6.35748792270531,6.46153846153846,999,6.41841841841842
410,589,6.38536585365854,6.45331069609508,999,6.42542542542543
417,582,6.37410071942446,6.4553264604811,999,6.42142142142142
409,590,6.36430317848411,6.4593220338983,999,6.42042042042042
411,588,6.38929440389294,6.43877551020408,999,6.41841841841842
410,589,6.38780487804878,6.43463497453311,999,6.41541541541542
414,585,6.38647342995169,6.45470085470085,999,6.42642642642643
408,591,6.40686274509804,6.47546531302876,999,6.44744744744745
401,598,6.40399002493766,6.47658862876254,999,6.44744744744745
411,588,6.39172749391727,6.50510204081633,999,6.45845845845846
417,582,6.4052757793765,6.49312714776632,999,6.45645645645646
423,576,6.42080378250591,6.48090277777778,999,6.45545545545546
437,562,6.4324942791762,6.47686832740214,999,6.45745745745746
427,572,6.44262295081967,6.48776223776224,999,6.46846846846847
421,578,6.42280285035629,6.51038062283737,999,6.47347347347347
427,572,6.41451990632318,6.47202797202797,999,6.44744744744745
443,556,6.41986455981941,6.50359712230216,999,6.46646646646647
436,563,6.44724770642202,6.50266429840142,999,6.47847847847848
434,565,6.4331797235023,6.50442477876106,999,6.47347347347347
435,564,6.41609195402299,6.49113475177305,999,6.45845845845846
444,555,6.43018018018018,6.50630630630631,999,6.47247247247247
432,567,6.4375,6.51146384479718,999,6.47947947947948
432,567,6.4375,6.49382716049383,999,6.46946946946947
432,567,6.46527777777778,6.4973544973545,999,6.48348348348348
431,568,6.4431554524362,6.48943661971831,999,6.46946946946947
435,564,6.44827586206897,6.48936170212766,999,6.47147147147147
447,552,6.41834451901566,6.48007246376812,999,6.45245245245245
453,546,6.41280353200883,6.48168498168498,999,6.45045045045045
440,559,6.39772727272727,6.4830053667263,999,6.44544544544545
434,565,6.40552995391705,6.46371681415929,999,6.43843843843844
439,560,6.39407744874715,6.44821428571429,999,6.42442442442442
431,568,6.38051044083527,6.43485915492958,999,6.41141141141141
434,565,6.40552995391705,6.4212389380531,999,6.41441441441441
432,567,6.41435185185185,6.41975308641975,999,6.41741741741742
414,585,6.41545893719807,6.43931623931624,999,6.42942942942943
419,580,6.40811455847255,6.44310344827586,999,6.42842842842843
421,578,6.43942992874109,6.42733564013841,999,6.43243243243243
427,572,6.41451990632318,6.41783216783217,999,6.41641641641642
420,579,6.40476190476191,6.426597582038,999,6.41741741741742
424,575,6.38915094339623,6.42260869565217,999,6.40840840840841
425,574,6.41647058823529,6.41637630662021,999,6.41641641641642
419,580,6.40811455847255,6.41724137931034,999,6.41341341341341
422,577,6.39810426540284,6.42807625649913,999,6.41541541541542
435,564,6.39770114942529,6.44148936170213,999,6.42242242242242
411,588,6.38199513381995,6.44387755102041,999,6.41841841841842
402,597,6.44029850746269,6.42881072026801,999,6.43343343343343
406,593,6.41625615763547,6.42664418212479,999,6.42242242242242
399,600,6.42606516290727,6.415,999,6.41941941941942
388,611,6.45103092783505,6.42880523731588,999,6.43743743743744
395,604,6.45822784810127,6.41059602649007,999,6.42942942942943
388,611,6.44329896907217,6.41734860883797,999,6.42742742742743
370,629,6.48648648648649,6.4006359300477,999,6.43243243243243
373,626,6.50402144772118,6.40415335463259,999,6.44144144144144
381,618,6.501312335958,6.42071197411003,999,6.45145145145145
388,611,6.49484536082474,6.43371522094926,999,6.45745745745746
384,615,6.484375,6.44715447154472,999,6.46146146146146
387,612,6.49095607235142,6.44281045751634,999,6.46146146146146
389,610,6.48586118251928,6.44262295081967,999,6.45945945945946
384,615,6.4921875,6.46016260162602,999,6.47247247247247
387,612,6.51162790697674,6.4640522875817,999,6.48248248248248
381,618,6.53543307086614,6.46925566343042,999,6.49449449449449
390,609,6.50769230769231,6.47454844006568,999,6.48748748748749
392,607,6.5,6.47940691927512,999,6.48748748748749
395,604,6.52151898734177,6.48509933774834,999,6.4994994994995
393,606,6.52417302798982,6.4983498349835,999,6.50850850850851
387,612,6.51162790697674,6.51960784313725,999,6.51651651651652
390,609,6.51538461538462,6.52380952380952,999,6.52052052052052
391,608,6.47570332480818,6.52796052631579,999,6.50750750750751
400,599,6.4825,6.52587646076795,999,6.50850850850851
397,602,6.50125944584383,6.53322259136213,999,6.52052052052052
412,587,6.50242718446602,6.51618398637138,999,6.51051051051051
424,575,6.50471698113208,6.51826086956522,999,6.51251251251251
423,576,6.47990543735225,6.51041666666667,999,6.4974974974975
418,581,6.49760765550239,6.50430292598967,999,6.5015015015015
421,578,6.48693586698337,6.51038062283737,999,6.5005005005005
419,580,6.49403341288783,6.49655172413793,999,6.4954954954955
414,585,6.49275362318841,6.48717948717949,999,6.48948948948949
417,582,6.47482014388489,6.49828178694158,999,6.48848848848849
414,585,6.46618357487923,6.48205128205128,999,6.47547547547548
414,585,6.46859903381643,6.46837606837607,999,6.46846846846847
412,587,6.48300970873786,6.45144804088586,999,6.46446446446446
405,594,6.48641975308642,6.44612794612795,999,6.46246246246246
411,588,6.51581508515815,6.43877551020408,999,6.47047047047047
410,589,6.49756097560976,6.46179966044143,999,6.47647647647648
410,589,6.47073170731707,6.44312393887946,999,6.45445445445445
415,584,6.46024096385542,6.43150684931507,999,6.44344344344344
412,587,6.48058252427184,6.41226575809199,999,6.44044044044044
408,591,6.45098039215686,6.41962774957699,999,6.43243243243243
412,587,6.43446601941748,6.43611584327087,999,6.43543543543544
415,584,6.4433734939759,6.4486301369863,999,6.44644644644645
416,583,6.45192307692308,6.42367066895369,999,6.43543543543544
406,593,6.46059113300493,6.45868465430017,999,6.45945945945946
408,591,6.44852941176471,6.46362098138748,999,6.45745745745746
414,585,6.45893719806763,6.43076923076923,999,6.44244244244244
405,594,6.42962962962963,6.44612794612795,999,6.43943943943944
408,591,6.42156862745098,6.42808798646362,999,6.42542542542543
404,595,6.43316831683168,6.42016806722689,999,6.42542542542543
402,597,6.44278606965174,6.43048576214405,999,6.43543543543544
399,600,6.44110275689223,6.45666666666667,999,6.45045045045045
398,601,6.48492462311558,6.42595673876872,999,6.44944944944945
394,605,6.45685279187817,6.43140495867769,999,6.44144144144144
406,593,6.43596059113301,6.45868465430017,999,6.44944944944945
401,598,6.40897755610973,6.45819397993311,999,6.43843843843844
399,600,6.43107769423559,6.44166666666667,999,6.43743743743744
392,607,6.42091836734694,6.46787479406919,999,6.44944944944945
402,597,6.42039800995025,6.46398659966499,999,6.44644644644645
407,592,6.41769041769042,6.47128378378378,999,6.44944944944945
408,591,6.43382352941176,6.45346869712352,999,6.44544544544545
399,600,6.45864661654135,6.465,999,6.46246246246246
395,604,6.46835443037975,6.46192052980132,999,6.46446446446446
396,603,6.42424242424242,6.47097844112769,999,6.45245245245245
388,611,6.41494845360825,6.46317512274959,999,6.44444444444444
391,608,6.41943734015345,6.43585526315789,999,6.42942942942943
389,610,6.37532133676093,6.4344262295082,999,6.41141141141141
391,608,6.38107416879795,6.43256578947368,999,6.41241241241241
396,603,6.39141414141414,6.43615257048093,999,6.41841841841842
397,602,6.39294710327456,6.41860465116279,999,6.40840840840841
392,607,6.37244897959184,6.42339373970346,999,6.4034034034034
389,610,6.3598971722365,6.44426229508197,999,6.41141141141141
384,615,6.34114583333333,6.43739837398374,999,6.4004004004004
390,609,6.33589743589744,6.44991789819376,999,6.40540540540541
399,600,6.36842105263158,6.47166666666667,999,6.43043043043043
398,601,6.38442211055276,6.45757071547421,999,6.42842842842843
402,597,6.38805970149254,6.4606365159129,999,6.43143143143143
392,607,6.40816326530612,6.45963756177924,999,6.43943943943944
383,616,6.40992167101828,6.48214285714286,999,6.45445445445445
389,610,6.42416452442159,6.49672131147541,999,6.46846846846847
382,617,6.41361256544503,6.49108589951378,999,6.46146146146146
388,611,6.41237113402062,6.46808510638298,999,6.44644644644645
378,621,6.47089947089947,6.46537842190016,999,6.46746746746747
387,612,6.50904392764858,6.45588235294118,999,6.47647647647648
385,614,6.48571428571429,6.44788273615635,999,6.46246246246246
379,620,6.4934036939314,6.46935483870968,999,6.47847847847848
375,624,6.512,6.49519230769231,999,6.5015015015015
383,616,6.52480417754569,6.48538961038961,999,6.5005005005005
380,619,6.51842105263158,6.47819063004847,999,6.49349349349349
375,624,6.47466666666667,6.4599358974359,999,6.46546546546547
371,628,6.47708894878706,6.48726114649681,999,6.48348348348348
376,623,6.49468085106383,6.51203852327448,999,6.50550550550551
365,634,6.51232876712329,6.50630914826498,999,6.50850850850851
377,622,6.49071618037135,6.51768488745981,999,6.50750750750751
378,621,6.50529100529101,6.50885668276973,999,6.50750750750751
377,622,6.49071618037135,6.5048231511254,999,6.4994994994995
387,612,6.49612403100775,6.49509803921569,999,6.4954954954955
388,611,6.49742268041237,6.47954173486088,999,6.48648648648649
395,604,6.44810126582278,6.49503311258278,999,6.47647647647648
393,606,6.43765903307888,6.503300330033,999,6.47747747747748
399,600,6.45614035087719,6.47666666666667,999,6.46846846846847
399,600,6.46365914786967,6.48666666666667,999,6.47747747747748
390,609,6.45897435897436,6.48111658456486,999,6.47247247247247
388,611,6.4639175257732,6.48936170212766,999,6.47947947947948
392,607,6.4719387755102,6.47775947281713,999,6.47547547547548
389,610,6.46786632390746,6.48524590163934,999,6.47847847847848
388,611,6.47680412371134,6.47790507364975,999,6.47747747747748
392,607,6.44897959183673,6.48434925864909,999,6.47047047047047
395,604,6.45316455696203,6.46854304635762,999,6.46246246246246
385,614,6.47012987012987,6.47068403908795,999,6.47047047047047
395,604,6.44556962025316,6.45695364238411,999,6.45245245245245
385,614,6.43896103896104,6.45114006514658,999,6.44644644644645
396,603,6.46464646464646,6.45771144278607,999,6.46046046046046
401,598,6.46882793017456,6.46488294314381,999,6.46646646646647
407,592,6.47174447174447,6.47804054054054,999,6.47547547547548
404,595,6.45049504950495,6.48403361344538,999,6.47047047047047
390,609,6.49487179487179,6.45484400656814,999,6.47047047047047
392,607,6.44642857142857,6.4497528830313,999,6.44844844844845
394,605,6.47715736040609,6.45619834710744,999,6.46446446446446
395,604,6.50886075949367,6.4817880794702,999,6.49249249249249
381,618,6.51968503937008,6.457928802589,999,6.48148148148148
388,611,6.53350515463918,6.47626841243863,999,6.4984984984985
385,614,6.53246753246753,6.46091205211726,999,6.48848848848849
377,622,6.55172413793103,6.44533762057878,999,6.48548548548549
376,623,6.57446808510638,6.45264847512039,999,6.4984984984985
376,623,6.58510638297872,6.4430176565008,999,6.4964964964965
385,614,6.61298701298701,6.44625407166124,999,6.51051051051051
378,621,6.6031746031746,6.47342995169082,999,6.52252252252252
392,607,6.60714285714286,6.46952224052718,999,6.52352352352352
389,610,6.60925449871465,6.45737704918033,999,6.51651651651652
389,610,6.61439588688946,6.45409836065574,999,6.51651651651652
386,613,6.61658031088083,6.46166394779772,999,6.52152152152152
376,623,6.58510638297872,6.46227929373997,999,6.50850850850851
383,616,6.60574412532637,6.46428571428571,999,6.51851851851852
394,605,6.5989847715736,6.47107438016529,999,6.52152152152152
398,601,6.60301507537688,6.45424292845258,999,6.51351351351351
395,604,6.60506329113924,6.44370860927152,999,6.50750750750751
382,617,6.58115183246073,6.44246353322528,999,6.4954954954955
391,608,6.60102301790281,6.4375,999,6.5015015015015
384,615,6.59895833333333,6.43739837398374,999,6.4994994994995
377,622,6.58355437665783,6.44372990353698,999,6.4964964964965
377,622,6.60477453580902,6.45016077170418,999,6.50850850850851
380,619,6.60263157894737,6.44911147011309,999,6.50750750750751
381,618,6.57742782152231,6.4368932038835,999,6.49049049049049
383,616,6.58485639686684,6.43831168831169,999,6.49449449449449
382,617,6.63874345549738,6.44408427876823,999,6.51851851851852
380,619,6.65,6.46365105008078,999,6.53453453453453
375,624,6.632,6.45833333333333,999,6.52352352352352
369,630,6.65582655826558,6.45873015873016,999,6.53153153153153
362,637,6.66850828729282,6.47723704866562,999,6.54654654654655
374,625,6.67379679144385,6.4608,999,6.54054054054054
371,628,6.68733153638814,6.45541401273885,999,6.54154154154154
373,626,6.67024128686327,6.45846645367412,999,6.53753753753754
380,619,6.67368421052632,6.46526655896607,999,6.54454454454454
378,621,6.68783068783069,6.44122383252818,999,6.53453453453453
370,629,6.66216216216216,6.45786963434022,999,6.53353353353353
370,629,6.63783783783784,6.47535771065183,999,6.53553553553554
371,628,6.65498652291105,6.45541401273885,999,6.52952952952953
357,642,6.64705882352941,6.45794392523364,999,6.52552552552553
365,634,6.64657534246575,6.44321766561514,999,6.51751751751752
359,640,6.66573816155989,6.4328125,999,6.51651651651652
358,641,6.65083798882682,6.47113884555382,999,6.53553553553554
353,646,6.6628895184136,6.44582043343653,999,6.52252252252252
354,645,6.6638418079096,6.44031007751938,999,6.51951951951952
342,657,6.66081871345029,6.42161339421613,999,6.5035035035035
342,657,6.66374269005848,6.441400304414,999,6.51751751751752
342,657,6.66959064327485,6.46423135464231,999,6.53453453453453
343,656,6.67055393586006,6.47408536585366,999,6.54154154154154
338,661,6.67751479289941,6.47201210287443,999,6.54154154154154
344,655,6.68895348837209,6.47328244274809,999,6.54754754754755
341,658,6.65982404692082,6.47872340425532,999,6.54054054054054
344,655,6.66860465116279,6.48854961832061,999,6.55055055055055
337,662,6.68249258160237,6.48640483383686,999,6.55255255255255
325,674,6.71076923076923,6.48367952522255,999,6.55755755755756
334,665,6.70059880239521,6.47669172932331,999,6.55155155155155
332,667,6.71084337349398,6.48425787106447,999,6.55955955955956
328,671,6.65853658536585,6.47540983606557,999,6.53553553553554
334,665,6.6497005988024,6.47218045112782,999,6.53153153153153
348,651,6.63218390804598,6.4715821812596,999,6.52752752752753
350,649,6.63428571428571,6.47919876733436,999,6.53353353353353
342,657,6.6374269005848,6.4703196347032,999,6.52752752752753
345,654,6.6231884057971,6.46636085626911,999,6.52052052052052
346,653,6.64450867052023,6.48698315467075,999,6.54154154154154
334,665,6.6377245508982,6.47218045112782,999,6.52752752752753
335,664,6.65074626865672,6.46686746987952,999,6.52852852852853
324,675,6.62037037037037,6.47703703703704,999,6.52352352352352
321,678,6.60747663551402,6.47197640117994,999,6.51551551551552
319,680,6.61755485893417,6.46029411764706,999,6.51051051051051
319,680,6.63636363636364,6.45735294117647,999,6.51451451451451
319,680,6.62382445141066,6.45588235294118,999,6.50950950950951
320,679,6.621875,6.45360824742268,999,6.50750750750751
314,685,6.61783439490446,6.45255474452555,999,6.5045045045045
310,689,6.61612903225806,6.44992743105951,999,6.5015015015015
314,685,6.61146496815287,6.44817518248175,999,6.4994994994995
321,678,6.62928348909657,6.45132743362832,999,6.50850850850851
321,678,6.60436137071651,6.44247787610619,999,6.49449449449449
326,673,6.6319018404908,6.44130757800892,999,6.5035035035035
320,679,6.625,6.45508100147275,999,6.50950950950951
321,678,6.62928348909657,6.47492625368732,999,6.52452452452452
315,684,6.61587301587302,6.44736842105263,999,6.5005005005005
313,686,6.62300319488818,6.45043731778426,999,6.5045045045045
313,686,6.61022364217252,6.44460641399417,999,6.4964964964965
320,679,6.6125,6.45508100147275,999,6.50550550550551
324,675,6.59259259259259,6.46814814814815,999,6.50850850850851
315,684,6.59365079365079,6.49122807017544,999,6.52352352352352
318,681,6.61006289308176,6.48164464023495,999,6.52252252252252
322,677,6.6304347826087,6.49187592319055,999,6.53653653653654
323,676,6.61300309597523,6.5,999,6.53653653653654
330,669,6.62424242424242,6.49626307922272,999,6.53853853853854
332,667,6.62349397590361,6.49475262368816,999,6.53753753753754
330,669,6.58181818181818,6.50224215246637,999,6.52852852852853
321,678,6.57943925233645,6.51327433628319,999,6.53453453453453
321,678,6.58255451713396,6.51327433628319,999,6.53553553553554
319,680,6.55799373040752,6.50147058823529,999,6.51951951951952
318,681,6.55031446540881,6.51248164464023,999,6.52452452452452
317,682,6.57097791798107,6.50439882697947,999,6.52552552552553
322,677,6.57142857142857,6.50073855243722,999,6.52352352352352
320,679,6.58125,6.50515463917526,999,6.52952952952953
315,684,6.59047619047619,6.52631578947368,999,6.54654654654655
314,685,6.5828025477707,6.51240875912409,999,6.53453453453453
312,687,6.58653846153846,6.52692867540029,999,6.54554554554555
312,687,6.55448717948718,6.51528384279476,999,6.52752752752753
314,685,6.56050955414013,6.53430656934307,999,6.54254254254254
317,682,6.59621451104101,6.52199413489736,999,6.54554554554555
312,687,6.59615384615385,6.53857350800582,999,6.55655655655656
306,693,6.61437908496732,6.54112554112554,999,6.56356356356356
314,685,6.62420382165605,6.54306569343066,999,6.56856856856857
307,692,6.60586319218241,6.54913294797688,999,6.56656656656657
319,680,6.5987460815047,6.53235294117647,999,6.55355355355355
321,678,6.601246105919,6.52949852507375,999,6.55255255255255
321,678,6.61059190031153,6.53244837758112,999,6.55755755755756
316,683,6.61075949367089,6.53879941434846,999,6.56156156156156
317,682,6.61198738170347,6.53958944281525,999,6.56256256256256
316,683,6.58227848101266,6.53733528550512,999,6.55155155155155
309,690,6.6084142394822,6.53768115942029,999,6.55955955955956
303,696,6.61716171617162,6.53879310344828,999,6.56256256256256
312,687,6.625,6.53857350800582,999,6.56556556556557
309,690,6.62459546925566,6.5304347826087,999,6.55955955955956
312,687,6.64423076923077,6.52692867540029,999,6.56356356356356
304,695,6.65460526315789,6.51942446043165,999,6.56056056056056
304,695,6.63486842105263,6.51942446043165,999,6.55455455455455
304,695,6.62171052631579,6.51654676258993,999,6.54854854854855
302,697,6.59271523178808,6.51506456241033,999,6.53853853853854
301,698,6.61461794019934,6.50859598853868,999,6.54054054054054
310,689,6.6,6.53120464441219,999,6.55255255255255
311,688,6.62057877813505,6.52470930232558,999,6.55455455455455
317,682,6.62145110410095,6.52492668621701,999,6.55555555555556
310,689,6.6258064516129,6.52685050798258,999,6.55755755755756
322,677,6.62422360248447,6.52141802067947,999,6.55455455455455
324,675,6.60493827160494,6.52592592592593,999,6.55155155155155
323,676,6.60371517027864,6.52218934911243,999,6.54854854854855
326,673,6.56441717791411,6.5408618127786,999,6.54854854854855
329,670,6.56231003039514,6.54925373134328,999,6.55355355355355
324,675,6.54320987654321,6.56,999,6.55455455455455
318,681,6.5377358490566,6.57856093979442,999,6.56556556556557
325,674,6.56615384615385,6.56676557863501,999,6.56656656656657
326,673,6.53374233128834,6.59732540861813,999,6.57657657657658
325,674,6.55384615384615,6.59792284866469,999,6.58358358358358
319,680,6.5423197492163,6.59411764705882,999,6.57757757757758
321,678,6.55763239875389,6.59734513274336,999,6.58458458458458
313,686,6.54952076677316,6.61078717201166,999,6.59159159159159
312,687,6.56089743589744,6.63464337700146,999,6.61161161161161
312,687,6.54166666666667,6.62299854439592,999,6.5975975975976
315,684,6.55238095238095,6.63011695906433,999,6.60560560560561
316,683,6.55379746835443,6.6398243045388,999,6.61261261261261
332,667,6.54216867469879,6.65067466266867,999,6.61461461461461
321,678,6.57009345794393,6.64896755162242,999,6.62362362362362
316,683,6.60443037974684,6.65153733528551,999,6.63663663663664
318,681,6.60377358490566,6.64464023494861,999,6.63163163163163
320,679,6.6,6.63622974963181,999,6.62462462462462
320,679,6.56875,6.64506627393225,999,6.62062062062062
316,683,6.59493670886076,6.64714494875549,999,6.63063063063063
318,681,6.57232704402516,6.63729809104258,999,6.61661661661662
320,679,6.56875,6.64064801178203,999,6.61761761761762
324,675,6.5462962962963,6.64296296296296,999,6.61161161161161
328,671,6.54573170731707,6.65871833084948,999,6.62162162162162
332,667,6.53915662650602,6.6551724137931,999,6.61661661661662
328,671,6.55792682926829,6.65871833084948,999,6.62562562562563
333,666,6.53753753753754,6.65915915915916,999,6.61861861861862
328,671,6.53963414634146,6.65126676602086,999,6.61461461461461
319,680,6.52664576802508,6.64411764705882,999,6.60660660660661
313,686,6.57188498402556,6.63556851311953,999,6.61561561561562
317,682,6.5583596214511,6.63343108504399,999,6.60960960960961
308,691,6.55519480519481,6.64544138929088,999,6.61761761761762
311,688,6.55305466237942,6.65552325581395,999,6.62362362362362
308,691,6.55844155844156,6.6410998552822,999,6.61561561561562
304,695,6.58223684210526,6.63597122302158,999,6.61961961961962
306,693,6.59477124183007,6.63780663780664,999,6.62462462462462
302,697,6.60264900662252,6.63988522238164,999,6.62862862862863
294,705,6.59863945578231,6.65106382978723,999,6.63563563563564
292,707,6.5958904109589,6.64356435643564,999,6.62962962962963
298,701,6.61744966442953,6.64479315263909,999,6.63663663663664
307,692,6.62540716612378,6.64306358381503,999,6.63763763763764
300,699,6.61,6.65808297567954,999,6.64364364364364
309,690,6.64077669902913,6.65072463768116,999,6.64764764764765
309,690,6.66343042071197,6.63478260869565,999,6.64364364364364
292,707,6.6472602739726,6.63083451202263,999,6.63563563563564
286,713,6.63636363636364,6.64095371669004,999,6.63963963963964
296,703,6.62837837837838,6.65291607396871,999,6.64564564564565
289,710,6.62629757785467,6.64225352112676,999,6.63763763763764
291,708,6.61512027491409,6.64689265536723,999,6.63763763763764
297,702,6.60606060606061,6.63960113960114,999,6.62962962962963
289,710,6.60899653979239,6.63661971830986,999,6.62862862862863
285,714,6.59649122807018,6.6358543417367,999,6.62462462462462
279,720,6.59498207885305,6.64027777777778,999,6.62762762762763
292,707,6.6027397260274,6.64214992927864,999,6.63063063063063
291,708,6.57731958762887,6.63276836158192,999,6.61661661661662
301,698,6.56810631229236,6.64756446991404,999,6.62362362362362
298,701,6.56375838926174,6.63480741797432,999,6.61361361361361
288,711,6.57291666666667,6.63713080168776,999,6.61861861861862
286,713,6.58391608391608,6.63814866760168,999,6.62262262262262
280,719,6.58214285714286,6.63004172461752,999,6.61661661661662
284,715,6.59507042253521,6.63496503496503,999,6.62362362362362
272,727,6.58823529411765,6.63136176066025,999,6.61961961961962
273,726,6.61904761904762,6.61432506887052,999,6.61561561561562
286,713,6.62587412587413,6.61290322580645,999,6.61661661661662
283,716,6.62897526501767,6.62011173184358,999,6.62262262262262
275,724,6.61090909090909,6.62983425414365,999,6.62462462462462
277,722,6.62093862815884,6.62603878116343,999,6.62462462462462
285,714,6.6280701754386,6.61064425770308,999,6.61561561561562
283,716,6.65724381625442,6.6159217877095,999,6.62762762762763
277,722,6.65703971119134,6.60803324099723,999,6.62162162162162
275,724,6.65090909090909,6.61187845303867,999,6.62262262262262
269,730,6.64684014869888,6.60684931506849,999,6.61761761761762
278,721,6.62589928057554,6.60887656033287,999,6.61361361361361
283,716,6.6113074204947,6.60195530726257,999,6.6046046046046
280,719,6.64285714285714,6.60083449235049,999,6.61261261261261
273,726,6.64468864468865,6.60468319559229,999,6.61561561561562
276,723,6.66304347826087,6.60857538035961,999,6.62362362362362
289,710,6.65743944636678,6.6,999,6.61661661661662
295,704,6.65762711864407,6.60085227272727,999,6.61761761761762
294,705,6.66326530612245,6.60851063829787,999,6.62462462462462
288,711,6.65972222222222,6.60056258790436,999,6.61761761761762
289,710,6.65397923875433,6.59577464788732,999,6.61261261261261
279,720,6.66308243727599,6.60416666666667,999,6.62062062062062
265,734,6.67547169811321,6.6008174386921,999,6.62062062062062
264,735,6.67045454545455,6.59591836734694,999,6.61561561561562
269,730,6.68401486988848,6.6027397260274,999,6.62462462462462
286,713,6.67132867132867,6.61150070126227,999,6.62862862862863
274,725,6.64963503649635,6.60689655172414,999,6.61861861861862
265,734,6.65283018867925,6.61444141689373,999,6.62462462462462
279,720,6.64874551971326,6.60416666666667,999,6.61661661661662
279,720,6.65232974910394,6.60555555555556,999,6.61861861861862
273,726,6.64102564102564,6.58815426997245,999,6.6026026026026
272,727,6.61397058823529,6.57359009628611,999,6.58458458458458
275,724,6.63272727272727,6.58149171270718,999,6.5955955955956
280,719,6.63214285714286,6.58831710709318,999,6.6006006006006
289,710,6.64705882352941,6.59577464788732,999,6.61061061061061
287,712,6.62369337979094,6.62640449438202,999,6.62562562562563
285,714,6.60350877192982,6.62745098039216,999,6.62062062062062
286,713,6.61888111888112,6.62973352033661,999,6.62662662662663
283,716,6.58657243816254,6.6340782122905,999,6.62062062062062
288,711,6.57638888888889,6.63713080168776,999,6.61961961961962
283,716,6.56537102473498,6.63128491620112,999,6.61261261261261
291,708,6.553264604811,6.62994350282486,999,6.60760760760761
286,713,6.55244755244755,6.62412342215989,999,6.6036036036036
299,700,6.55852842809365,6.62428571428571,999,6.6046046046046
299,700,6.54515050167224,6.62571428571429,999,6.6016016016016
301,698,6.53488372093023,6.63180515759312,999,6.6026026026026
308,691,6.54220779220779,6.64544138929088,999,6.61361361361361
296,703,6.52702702702703,6.65007112375533,999,6.61361361361361
296,703,6.50337837837838,6.66145092460882,999,6.61461461461461
301,698,6.49833887043189,6.64613180515759,999,6.6016016016016
302,697,6.49668874172185,6.64131994261119,999,6.5975975975976
295,704,6.47796610169492,6.63778409090909,999,6.59059059059059
304,695,6.47039473684211,6.64172661870504,999,6.58958958958959
300,699,6.49333333333333,6.62660944206009,999,6.58658658658659
314,685,6.48407643312102,6.61751824817518,999,6.57557557557558
313,686,6.4888178913738,6.61516034985423,999,6.57557557557558
303,696,6.4950495049505,6.625,999,6.58558558558559
301,698,6.44518272425249,6.62750716332378,999,6.57257257257257
289,710,6.46020761245675,6.62394366197183,999,6.57657657657658
289,710,6.44982698961938,6.63943661971831,999,6.58458458458458
274,725,6.46350364963504,6.62068965517241,999,6.57757757757758
282,717,6.44326241134752,6.62203626220363,999,6.57157157157157
275,724,6.43636363636364,6.62292817679558,999,6.57157157157157
288,711,6.45486111111111,6.62447257383966,999,6.57557557557558
278,721,6.42446043165468,6.625520110957,999,6.56956956956957
278,721,6.42446043165468,6.60748959778086,999,6.55655655655656
276,723,6.44927536231884,6.6237897648686,999,6.57557557557558
275,724,6.42909090909091,6.62154696132597,999,6.56856856856857
272,727,6.44485294117647,6.62035763411279,999,6.57257257257257
274,725,6.44160583941606,6.61931034482759,999,6.57057057057057
282,717,6.43262411347518,6.61785216178522,999,6.56556556556557
268,731,6.43283582089552,6.62380300957592,999,6.57257257257257
270,729,6.44814814814815,6.63374485596708,999,6.58358358358358
282,717,6.45390070921986,6.64574616457462,999,6.59159159159159
279,720,6.46236559139785,6.625,999,6.57957957957958
282,717,6.46099290780142,6.63458856345886,999,6.58558558558559
285,714,6.44210526315789,6.64705882352941,999,6.58858858858859
294,705,6.45918367346939,6.64539007092199,999,6.59059059059059
293,706,6.4641638225256,6.63456090651558,999,6.58458458458458
284,715,6.4612676056338,6.62937062937063,999,6.58158158158158
290,709,6.46206896551724,6.6163610719323,999,6.57157157157157
288,711,6.42708333333333,6.62728551336146,999,6.56956956956957
293,706,6.4778156996587,6.62464589235127,999,6.58158158158158
299,700,6.45484949832776,6.63428571428571,999,6.58058058058058
299,700,6.44816053511706,6.62714285714286,999,6.57357357357357
298,701,6.45637583892617,6.61340941512126,999,6.56656656656657
296,703,6.43243243243243,6.61308677098151,999,6.55955955955956
295,704,6.43728813559322,6.59517045454545,999,6.54854854854855
302,697,6.43708609271523,6.59827833572453,999,6.54954954954955
309,690,6.44012944983819,6.60724637681159,999,6.55555555555556
310,689,6.44516129032258,6.61393323657475,999,6.56156156156156
307,692,6.42019543973941,6.59826589595376,999,6.54354354354354
317,682,6.41955835962145,6.59824046920821,999,6.54154154154154
317,682,6.42902208201893,6.61290322580645,999,6.55455455455455
316,683,6.40822784810127,6.61639824304539,999,6.55055055055055
313,686,6.43130990415335,6.62099125364431,999,6.56156156156156
322,677,6.42546583850932,6.62481536189069,999,6.56056056056056
316,683,6.43354430379747,6.6207906295754,999,6.56156156156156
309,690,6.42071197411003,6.62463768115942,999,6.56156156156156
311,688,6.43086816720257,6.62645348837209,999,6.56556556556557
304,695,6.4375,6.62446043165468,999,6.56756756756757
310,689,6.4258064516129,6.62989840348331,999,6.56656656656657
314,685,6.4140127388535,6.63357664233577,999,6.56456456456456
314,685,6.43949044585987,6.63357664233577,999,6.57257257257257
311,688,6.44694533762058,6.64098837209302,999,6.58058058058058
311,688,6.45659163987138,6.63808139534884,999,6.58158158158158
306,693,6.4281045751634,6.64069264069264,999,6.57557557557558
300,699,6.44,6.63090128755365,999,6.57357357357357
307,692,6.42019543973941,6.6257225433526,999,6.56256256256256
306,693,6.4281045751634,6.61471861471861,999,6.55755755755756
309,690,6.47572815533981,6.60289855072464,999,6.56356356356356
302,697,6.49337748344371,6.60545193687231,999,6.57157157157157
307,692,6.45276872964169,6.60260115606936,999,6.55655655655656
291,708,6.44329896907217,6.59887005649717,999,6.55355355355355
289,710,6.47750865051903,6.6112676056338,999,6.57257257257257
292,707,6.46575342465753,6.60678925035361,999,6.56556556556557
294,705,6.47619047619048,6.61702127659574,999,6.57557557557558
288,711,6.51041666666667,6.61322081575246,999,6.58358358358358
277,722,6.47653429602888,6.62049861495845,999,6.58058058058058
284,715,6.46830985915493,6.62517482517482,999,6.58058058058058
284,715,6.4612676056338,6.61258741258741,999,6.56956956956957
297,702,6.44781144781145,6.61396011396011,999,6.56456456456456
298,701,6.45637583892617,6.62482168330956,999,6.57457457457457
300,699,6.48666666666667,6.62517882689557,999,6.58358358358358
301,698,6.51495016611296,6.62607449856733,999,6.59259259259259
314,685,6.51273885350319,6.63649635036496,999,6.5975975975976
314,685,6.53821656050955,6.62919708029197,999,6.6006006006006
300,699,6.53333333333333,6.61659513590844,999,6.59159159159159
303,696,6.53795379537954,6.60344827586207,999,6.58358358358358
298,701,6.57046979865772,6.61626248216833,999,6.6026026026026
301,698,6.55481727574751,6.6189111747851,999,6.5995995995996
299,700,6.56521739130435,6.61428571428571,999,6.5995995995996
309,690,6.57281553398058,6.60434782608696,999,6.59459459459459
305,694,6.54426229508197,6.60806916426513,999,6.58858858858859
302,697,6.55298013245033,6.59684361549498,999,6.58358358358358
310,689,6.55161290322581,6.58200290275762,999,6.57257257257257
314,685,6.53821656050955,6.5970802919708,999,6.57857857857858
307,692,6.52442996742671,6.60115606936416,999,6.57757757757758
300,699,6.53333333333333,6.61230329041488,999,6.58858858858859
308,691,6.53571428571429,6.62662807525326,999,6.5985985985986
301,698,6.52823920265781,6.63896848137536,999,6.60560560560561
286,713,6.51398601398601,6.63534361851332,999,6.6006006006006
294,705,6.51360544217687,6.64255319148936,999,6.6046046046046
304,695,6.50657894736842,6.64748201438849,999,6.6046046046046
297,702,6.50841750841751,6.63390313390313,999,6.5965965965966
302,697,6.51324503311258,6.62984218077475,999,6.59459459459459
307,692,6.53420195439739,6.6242774566474,999,6.5965965965966
313,686,6.50159744408946,6.6399416909621,999,6.5965965965966
294,705,6.50340136054422,6.63971631205674,999,6.5995995995996
299,700,6.49832775919732,6.64,999,6.5975975975976
298,701,6.51342281879195,6.65192582025678,999,6.61061061061061
307,692,6.50488599348534,6.64884393063584,999,6.6046046046046
307,692,6.49185667752443,6.65751445086705,999,6.60660660660661
295,704,6.49491525423729,6.65909090909091,999,6.61061061061061
290,709,6.46896551724138,6.65726375176305,999,6.6026026026026
303,696,6.47854785478548,6.64942528735632,999,6.5975975975976
299,700,6.45484949832776,6.64714285714286,999,6.58958958958959
306,693,6.45098039215686,6.65079365079365,999,6.58958958958959
296,703,6.44256756756757,6.64438122332859,999,6.58458458458458
295,704,6.43389830508475,6.64204545454545,999,6.58058058058058
276,723,6.45652173913043,6.63762102351314,999,6.58758758758759
277,722,6.46209386281588,6.6398891966759,999,6.59059059059059
276,723,6.44927536231884,6.63347164591978,999,6.58258258258258
270,729,6.44074074074074,6.63100137174211,999,6.57957957957958
266,733,6.41353383458647,6.60845839017735,999,6.55655655655656
265,734,6.39622641509434,6.61035422343324,999,6.55355355355355
269,730,6.4089219330855,6.60684931506849,999,6.55355355355355
260,739,6.39230769230769,6.59675236806495,999,6.54354354354354
265,734,6.38867924528302,6.58991825613079,999,6.53653653653654
258,741,6.39147286821705,6.59514170040486,999,6.54254254254254
262,737,6.43129770992366,6.60379918588874,999,6.55855855855856
257,742,6.40856031128405,6.60646900269542,999,6.55555555555556
263,736,6.39923954372624,6.60190217391304,999,6.54854854854855
263,736,6.42205323193916,6.59375,999,6.54854854854855
262,737,6.4236641221374,6.59701492537313,999,6.55155155155155
266,733,6.40977443609023,6.59481582537517,999,6.54554554554555
274,725,6.44160583941606,6.59586206896552,999,6.55355355355355
270,729,6.44814814814815,6.59396433470508,999,6.55455455455455
262,737,6.43893129770992,6.59430122116689,999,6.55355355355355
255,744,6.43529411764706,6.59005376344086,999,6.55055055055055
261,738,6.4367816091954,6.58672086720867,999,6.54754754754755
254,745,6.4251968503937,6.58255033557047,999,6.54254254254254
256,743,6.3984375,6.57200538358008,999,6.52752752752753
253,746,6.41106719367589,6.57238605898123,999,6.53153153153153
252,747,6.40476190476191,6.56626506024096,999,6.52552552552553
251,748,6.41434262948207,6.55882352941176,999,6.52252252252252
259,740,6.42857142857143,6.57027027027027,999,6.53353353353353
257,742,6.42023346303502,6.57008086253369,999,6.53153153153153
259,740,6.44401544401544,6.58108108108108,999,6.54554554554555
263,736,6.45627376425856,6.59103260869565,999,6.55555555555556
258,741,6.44961240310078,6.58569500674764,999,6.55055055055055
253,746,6.43873517786561,6.59383378016086,999,6.55455455455455
248,751,6.43145161290323,6.60319573901465,999,6.56056056056056
257,742,6.45136186770428,6.59299191374663,999,6.55655655655656
249,750,6.44578313253012,6.59066666666667,999,6.55455455455455
260,739,6.44230769230769,6.58592692828146,999,6.54854854854855
267,732,6.44569288389513,6.57786885245902,999,6.54254254254254
257,742,6.44747081712062,6.57681940700809,999,6.54354354354354
259,740,6.43243243243243,6.58783783783784,999,6.54754754754755
256,743,6.42578125,6.57873485868102,999,6.53953953953954
260,739,6.41538461538462,6.57104194857916,999,6.53053053053053
257,742,6.3852140077821,6.58355795148248,999,6.53253253253253
257,742,6.4124513618677,6.57681940700809,999,6.53453453453453
261,738,6.43295019157088,6.58265582655827,999,6.54354354354354
257,742,6.42023346303502,6.59568733153639,999,6.55055055055055
267,732,6.41198501872659,6.59153005464481,999,6.54354354354354
267,732,6.42696629213483,6.58606557377049,999,6.54354354354354
269,730,6.36802973977695,6.58630136986301,999,6.52752752752753
267,732,6.35955056179775,6.59426229508197,999,6.53153153153153
271,728,6.35424354243542,6.60576923076923,999,6.53753753753754
262,737,6.31297709923664,6.59701492537313,999,6.52252252252252
261,738,6.28735632183908,6.60975609756098,999,6.52552552552553
268,731,6.27985074626866,6.60328317373461,999,6.51651651651652
272,727,6.27573529411765,6.6162310866575,999,6.52352352352352
273,726,6.26373626373626,6.59779614325069,999,6.50650650650651
262,737,6.2824427480916,6.59158751696065,999,6.51051051051051
261,738,6.26819923371647,6.57046070460705,999,6.49149149149149
267,732,6.25842696629214,6.56010928961749,999,6.47947947947948
264,735,6.25,6.56326530612245,999,6.48048048048048
273,726,6.25274725274725,6.55785123966942,999,6.47447447447447
254,745,6.23622047244094,6.56241610738255,999,6.47947947947948
247,752,6.23886639676113,6.54920212765957,999,6.47247247247247
244,755,6.23360655737705,6.55496688741722,999,6.47647647647648
247,752,6.24291497975709,6.55053191489362,999,6.47447447447447
239,760,6.22175732217573,6.54342105263158,999,6.46646646646647
224,775,6.20982142857143,6.55354838709677,999,6.47647647647648
220,779,6.23181818181818,6.54942233632863,999,6.47947947947948
223,776,6.21076233183857,6.55025773195876,999,6.47447447447447
228,771,6.19736842105263,6.55252918287938,999,6.47147147147147
230,769,6.2,6.53055916775032,999,6.45445445445445
233,766,6.20171673819743,6.53263707571802,999,6.45545545545546
233,766,6.20600858369099,6.54569190600522,999,6.46646646646647
231,768,6.20779220779221,6.56640625,999,6.48348348348348
223,776,6.19730941704036,6.57087628865979,999,6.48748748748749
224,775,6.20089285714286,6.58064516129032,999,6.4954954954955
221,778,6.18552036199095,6.5694087403599,999,6.48448448448448
216,783,6.2037037037037,6.56832694763729,999,6.48948948948949
212,787,6.17924528301887,6.56925031766201,999,6.48648648648649
210,789,6.17142857142857,6.56020278833967,999,6.47847847847848
210,789,6.14285714285714,6.55133079847909,999,6.46546546546547
203,796,6.14778325123153,6.53894472361809,999,6.45945945945946
197,802,6.16243654822335,6.54239401496259,999,6.46746746746747
197,802,6.15736040609137,6.53740648379052,999,6.46246246246246
204,795,6.17156862745098,6.53962264150943,999,6.46446446446446
203,796,6.1576354679803,6.5427135678392,999,6.46446446446446
210,789,6.19047619047619,6.54879594423321,999,6.47347347347347
208,791,6.17788461538461,6.54235145385588,999,6.46646646646647
206,793,6.16990291262136,6.54098360655738,999,6.46446446446446
202,797,6.15841584158416,6.534504391468,999,6.45845845845846
198,801,6.16161616161616,6.52808988764045,999,6.45545545545546
196,803,6.18367346938776,6.52303860523039,999,6.45645645645646
192,807,6.171875,6.52416356877323,999,6.45645645645646
188,811,6.16489361702128,6.52281134401973,999,6.45545545545546
183,816,6.16939890710383,6.51960784313725,999,6.45545545545546
188,811,6.1968085106383,6.53020961775586,999,6.46746746746747
189,810,6.17989417989418,6.54074074074074,999,6.47247247247247
194,805,6.19072164948454,6.5304347826087,999,6.46446446446446
192,807,6.19270833333333,6.5365551425031,999,6.47047047047047
193,806,6.18134715025907,6.53970223325062,999,6.47047047047047
192,807,6.171875,6.53283767038414,999,6.46346346346346
196,803,6.1734693877551,6.52428393524284,999,6.45545545545546
206,793,6.16504854368932,6.52837326607818,999,6.45345345345345
198,801,6.18181818181818,6.53183520599251,999,6.46246246246246
202,797,6.19306930693069,6.52321204516939,999,6.45645645645646
195,804,6.18461538461538,6.5273631840796,999,6.46046046046046
201,798,6.1592039800995,6.53508771929825,999,6.45945945945946
206,793,6.16019417475728,6.53341740226986,999,6.45645645645646
200,799,6.165,6.53942428035044,999,6.46446446446446
199,800,6.16582914572864,6.55,999,6.47347347347347
199,800,6.15075376884422,6.53625,999,6.45945945945946
200,799,6.14,6.54192740926158,999,6.46146146146146
199,800,6.1105527638191,6.55125,999,6.46346346346346
202,797,6.09405940594059,6.54830614805521,999,6.45645645645646
196,803,6.12244897959184,6.55790784557908,999,6.47247247247247
204,795,6.11274509803922,6.57106918238994,999,6.47747747747748
203,796,6.10837438423645,6.56909547738693,999,6.47547547547548
193,806,6.11917098445596,6.56451612903226,999,6.47847847847848
193,806,6.09326424870466,6.57196029776675,999,6.47947947947948
190,809,6.08947368421053,6.58714462299135,999,6.49249249249249
194,805,6.11340206185567,6.57888198757764,999,6.48848848848849
195,804,6.10769230769231,6.56840796019901,999,6.47847847847848
195,804,6.11282051282051,6.58333333333333,999,6.49149149149149
193,806,6.10362694300518,6.58684863523573,999,6.49349349349349
197,802,6.12182741116751,6.58229426433915,999,6.49149149149149
197,802,6.14213197969543,6.57730673316708,999,6.49149149149149
193,806,6.12953367875648,6.58312655086849,999,6.4954954954955
197,802,6.15228426395939,6.58728179551122,999,6.5015015015015
193,806,6.13989637305699,6.59305210918114,999,6.50550550550551
195,804,6.15384615384615,6.58084577114428,999,6.4974974974975
200,799,6.185,6.57697121401752,999,6.4984984984985
194,805,6.18041237113402,6.57018633540373,999,6.49449449449449
194,805,6.17525773195876,6.56521739130435,999,6.48948948948949
204,795,6.17647058823529,6.55974842767296,999,6.48148148148148
201,798,6.17412935323383,6.56140350877193,999,6.48348348348348
205,794,6.2,6.56171284634761,999,6.48748748748749
207,792,6.20772946859903,6.55808080808081,999,6.48548548548549
197,802,6.20304568527919,6.55985037406484,999,6.48948948948949
200,799,6.205,6.57571964956195,999,6.5015015015015
195,804,6.20512820512821,6.58333333333333,999,6.50950950950951
204,795,6.19607843137255,6.57987421383648,999,6.5015015015015
200,799,6.19,6.58448060075094,999,6.50550550550551
204,795,6.18627450980392,6.59245283018868,999,6.50950950950951
204,795,6.16176470588235,6.58993710691824,999,6.5025025025025
197,802,6.15228426395939,6.60099750623441,999,6.51251251251251
194,805,6.16494845360825,6.60993788819876,999,6.52352352352352
200,799,6.175,6.62202753441802,999,6.53253253253253
197,802,6.20304568527919,6.62468827930175,999,6.54154154154154
204,795,6.19117647058824,6.61509433962264,999,6.52852852852853
206,793,6.21359223300971,6.59646910466583,999,6.51751751751752
210,789,6.21428571428571,6.59062103929024,999,6.51151151151151
216,783,6.2037037037037,6.60025542784163,999,6.51451451451451
222,777,6.18918918918919,6.5958815958816,999,6.50550550550551
224,775,6.21428571428571,6.60387096774194,999,6.51651651651652
223,776,6.23318385650224,6.61211340206186,999,6.52752752752753
223,776,6.25560538116592,6.61984536082474,999,6.53853853853854
218,781,6.25688073394495,6.62099871959027,999,6.54154154154154
211,788,6.21800947867299,6.62690355329949,999,6.54054054054054
204,795,6.22058823529412,6.6314465408805,999,6.54754754754755
211,788,6.24644549763033,6.63197969543147,999,6.55055055055055
207,792,6.24154589371981,6.64267676767677,999,6.55955955955956
202,797,6.23267326732673,6.64993726474279,999,6.56556556556557
204,795,6.23039215686275,6.6440251572327,999,6.55955955955956
203,796,6.21674876847291,6.65326633165829,999,6.56456456456456
195,804,6.18461538461538,6.64925373134328,999,6.55855855855856
200,799,6.21,6.65331664580726,999,6.56456456456456
195,804,6.23076923076923,6.65796019900498,999,6.57457457457457
195,804,6.26153846153846,6.66293532338308,999,6.58458458458458
200,799,6.25,6.64831038798498,999,6.56856856856857
204,795,6.22549019607843,6.65786163522013,999,6.56956956956957
198,801,6.21717171717172,6.65667915106117,999,6.56956956956957
186,813,6.22043010752688,6.65559655596556,999,6.57457457457457
189,810,6.23809523809524,6.65185185185185,999,6.57357357357357
181,818,6.21546961325967,6.64669926650367,999,6.56856856856857
182,817,6.20879120879121,6.6609547123623,999,6.57857857857858
182,817,6.1978021978022,6.64504283965728,999,6.56356356356356
182,817,6.18131868131868,6.64259485924113,999,6.55855855855856
186,813,6.20430107526882,6.63960639606396,999,6.55855855855856
180,819,6.19444444444444,6.62515262515263,999,6.54754754754755
178,821,6.19101123595506,6.62850182704019,999,6.55055055055055
179,820,6.18435754189944,6.63536585365854,999,6.55455455455455
175,824,6.2,6.63228155339806,999,6.55655655655656
175,824,6.2,6.62621359223301,999,6.55155155155155
173,826,6.20231213872832,6.62832929782082,999,6.55455455455455
181,818,6.20994475138122,6.62591687041565,999,6.55055055055055
189,810,6.2010582010582,6.63086419753086,999,6.54954954954955
186,813,6.20967741935484,6.62115621156212,999,6.54454454454454
182,817,6.2032967032967,6.61199510403917,999,6.53753753753754
183,816,6.15846994535519,6.61764705882353,999,6.53353353353353
192,807,6.16666666666667,6.61710037174721,999,6.53053053053053
189,810,6.15343915343915,6.61728395061728,999,6.52952952952953
190,809,6.15789473684211,6.610630407911,999,6.52452452452452
195,804,6.15897435897436,6.61567164179105,999,6.52652652652653
198,801,6.15656565656566,6.61298377028714,999,6.52252252252252
202,797,6.15841584158416,6.62233375156838,999,6.52852852852853
200,799,6.14,6.62077596996245,999,6.52452452452452
199,800,6.15577889447236,6.6175,999,6.52552552552553
200,799,6.14,6.61576971214018,999,6.52052052052052
199,800,6.11557788944724,6.62875,999,6.52652652652653
198,801,6.11111111111111,6.62796504369538,999,6.52552552552553
196,803,6.11224489795918,6.61394769613948,999,6.51551551551552
192,807,6.13541666666667,6.62081784386617,999,6.52752752752753
192,807,6.16145833333333,6.64188351920694,999,6.54954954954955
189,810,6.17460317460317,6.62592592592593,999,6.54054054054054
186,813,6.17204301075269,6.62607626076261,999,6.54154154154154
182,817,6.19230769230769,6.62668298653611,999,6.54754754754755
184,815,6.19565217391304,6.61963190184049,999,6.54154154154154
187,812,6.17647058823529,6.62931034482759,999,6.54454454454454
198,801,6.16666666666667,6.63670411985019,999,6.54354354354354
191,808,6.17801047120419,6.62747524752475,999,6.54154154154154
188,811,6.18617021276596,6.61035758323058,999,6.53053053053053
193,806,6.19689119170984,6.61910669975186,999,6.53753753753754
198,801,6.18686868686869,6.62796504369538,999,6.54054054054054
194,805,6.19072164948454,6.61366459627329,999,6.53153153153153
199,800,6.22613065326633,6.6225,999,6.54354354354354
188,811,6.1968085106383,6.6288532675709,999,6.54754754754755
191,808,6.19371727748691,6.62252475247525,999,6.54054054054054
190,809,6.20526315789474,6.62051915945612,999,6.54154154154154
185,814,6.20540540540541,6.64127764127764,999,6.56056056056056
189,810,6.23280423280423,6.65679012345679,999,6.57657657657658
194,805,6.2319587628866,6.65465838509317,999,6.57257257257257
199,800,6.23618090452261,6.6575,999,6.57357357357357
203,796,6.24137931034483,6.65577889447236,999,6.57157157157157
216,783,6.24074074074074,6.65006385696041,999,6.56156156156156
215,784,6.22790697674419,6.65433673469388,999,6.56256256256256
215,784,6.24186046511628,6.65561224489796,999,6.56656656656657
220,779,6.24545454545455,6.65083440308087,999,6.56156156156156
216,783,6.25462962962963,6.65134099616858,999,6.56556556556557
225,774,6.28888888888889,6.64857881136951,999,6.56756756756757
225,774,6.25777777777778,6.65503875968992,999,6.56556556556557
228,771,6.25438596491228,6.64980544747082,999,6.55955955955956
222,777,6.25225225225225,6.64478764478764,999,6.55755755755756
220,779,6.26363636363636,6.65468549422336,999,6.56856856856857
216,783,6.29166666666667,6.6602809706258,999,6.58058058058058
210,789,6.27619047619048,6.66539923954373,999,6.58358358358358
202,797,6.2970297029703,6.67001254705144,999,6.59459459459459
192,807,6.30208333333333,6.67162329615861,999,6.6006006006006
193,806,6.27979274611399,6.66749379652605,999,6.59259259259259
188,811,6.28191489361702,6.64488286066584,999,6.57657657657658
195,804,6.29230769230769,6.6455223880597,999,6.57657657657658
195,804,6.28717948717949,6.65422885572139,999,6.58258258258258
195,804,6.29230769230769,6.64925373134328,999,6.57957957957958
190,809,6.29473684210526,6.64276885043263,999,6.57657657657658
192,807,6.27604166666667,6.65055762081784,999,6.57857857857858
196,803,6.29591836734694,6.64632627646326,999,6.57757757757758
191,808,6.28272251308901,6.63861386138614,999,6.57057057057057
190,809,6.28421052631579,6.63164400494438,999,6.56556556556557
193,806,6.27461139896373,6.63895781637717,999,6.56856856856857
190,809,6.26842105263158,6.65142150803461,999,6.57857857857858
192,807,6.28125,6.65179677819083,999,6.58058058058058
201,798,6.26865671641791,6.64160401002506,999,6.56656656656657
199,800,6.28140703517588,6.6425,999,6.57057057057057
200,799,6.265,6.6433041301627,999,6.56756756756757
201,798,6.27363184079602,6.6390977443609,999,6.56556556556557
200,799,6.28,6.64205256570713,999,6.56956956956957
196,803,6.28061224489796,6.64632627646326,999,6.57457457457457
199,800,6.25628140703518,6.645,999,6.56756756756757
197,802,6.23857868020305,6.64962593516209,999,6.56856856856857
206,793,6.24757281553398,6.65321563682219,999,6.56956956956957
209,790,6.22966507177034,6.64177215189873,999,6.55555555555556
205,794,6.21463414634146,6.63979848866499,999,6.55255255255255
209,790,6.22488038277512,6.63417721518987,999,6.54854854854855
206,793,6.22815533980583,6.63051702395965,999,6.54754754754755
204,795,6.23039215686275,6.62012578616352,999,6.54054054054054
200,799,6.235,6.61952440550688,999,6.54254254254254
205,794,6.2390243902439,6.62216624685139,999,6.54354354354354
211,788,6.22274881516588,6.63197969543147,999,6.54554554554555
213,786,6.22535211267606,6.6412213740458,999,6.55255255255255
222,777,6.24774774774775,6.63706563706564,999,6.55055055055055
217,782,6.26267281105991,6.63299232736573,999,6.55255255255255
221,778,6.24886877828054,6.62982005141388,999,6.54554554554555
227,772,6.2511013215859,6.62435233160622,999,6.53953953953954
230,769,6.22608695652174,6.61378413524057,999,6.52452452452452
215,784,6.2093023255814,6.61734693877551,999,6.52952952952953
211,788,6.21800947867299,6.61421319796954,999,6.53053053053053
216,783,6.22222222222222,6.62196679438059,999,6.53553553553554
207,792,6.21739130434783,6.61363636363636,999,6.53153153153153
218,781,6.19266055045872,6.62483994878361,999,6.53053053053053
216,783,6.21759259259259,6.62962962962963,999,6.54054054054054
218,781,6.20642201834862,6.62483994878361,999,6.53353353353353
216,783,6.20833333333333,6.62068965517241,999,6.53153153153153
221,778,6.22171945701357,6.61696658097686,999,6.52952952952953
231,768,6.20779220779221,6.62109375,999,6.52552552552553
215,784,6.21860465116279,6.61862244897959,999,6.53253253253253
217,782,6.22119815668203,6.61253196930946,999,6.52752752752753
217,782,6.21658986175115,6.60358056265985,999,6.51951951951952
225,774,6.20444444444444,6.62144702842377,999,6.52752752752753
221,778,6.19909502262443,6.61182519280206,999,6.52052052052052
222,777,6.22072072072072,6.5997425997426,999,6.51551551551552
223,776,6.21076233183857,6.60953608247423,999,6.52052052052052
216,783,6.18981481481481,6.6117496807152,999,6.52052052052052
214,785,6.19626168224299,6.60509554140127,999,6.51751751751752
210,789,6.17619047619048,6.595690747782,999,6.50750750750751
205,794,6.17073170731707,6.59949622166247,999,6.51151151151151
198,801,6.17676767676768,6.59300873907616,999,6.51051051051051
198,801,6.1969696969697,6.59300873907616,999,6.51451451451451
199,800,6.20100502512563,6.59375,999,6.51551551551552
198,801,6.19191919191919,6.59300873907616,999,6.51351351351351
204,795,6.19117647058824,6.59245283018868,999,6.51051051051051
203,796,6.1871921182266,6.58668341708543,999,6.50550550550551
206,793,6.17961165048544,6.58385876418663,999,6.5005005005005
206,793,6.16990291262136,6.57755359394704,999,6.49349349349349
206,793,6.16990291262136,6.57629255989912,999,6.49249249249249
210,789,6.16666666666667,6.58428390367554,999,6.4964964964965
208,791,6.18269230769231,6.57142857142857,999,6.49049049049049
210,789,6.19047619047619,6.58048162230672,999,6.4984984984985
217,782,6.17511520737327,6.59846547314578,999,6.50650650650651
214,785,6.16822429906542,6.59617834394904,999,6.5045045045045
221,778,6.18099547511312,6.58740359897172,999,6.4974974974975
219,780,6.18721461187215,6.58717948717949,999,6.4994994994995
214,785,6.18224299065421,6.58980891719745,999,6.5025025025025
217,782,6.19354838709677,6.58823529411765,999,6.5025025025025
225,774,6.19555555555556,6.60594315245478,999,6.51351351351351
224,775,6.16964285714286,6.59483870967742,999,6.4994994994995
216,783,6.15277777777778,6.60408684546616,999,6.50650650650651
218,781,6.14678899082569,6.59923175416133,999,6.5005005005005
220,779,6.15909090909091,6.61103979460847,999,6.51151151151151
219,780,6.15068493150685,6.60128205128205,999,6.5025025025025
231,768,6.13852813852814,6.609375,999,6.5005005005005
225,774,6.15555555555556,6.60206718346253,999,6.5015015015015
226,773,6.14159292035398,6.59896507115136,999,6.4954954954955
227,772,6.14096916299559,6.59585492227979,999,6.49249249249249
231,768,6.13852813852814,6.5859375,999,6.48248248248248
234,765,6.14102564102564,6.59084967320261,999,6.48548548548549
231,768,6.13852813852814,6.59765625,999,6.49149149149149
229,770,6.13973799126638,6.59350649350649,999,6.48948948948949
228,771,6.14473684210526,6.59143968871595,999,6.48948948948949
220,779,6.17272727272727,6.59435173299101,999,6.5015015015015
214,785,6.16822429906542,6.60127388535032,999,6.50850850850851
219,780,6.17351598173516,6.60128205128205,999,6.50750750750751
216,783,6.1712962962963,6.6066411238825,999,6.51251251251251
221,778,6.17647058823529,6.61182519280206,999,6.51551551551552
226,773,6.19469026548673,6.6235446313066,999,6.52652652652653
220,779,6.18636363636364,6.61745827984596,999,6.52252252252252
220,779,6.18181818181818,6.61489088575096,999,6.51951951951952
210,789,6.2,6.61216730038023,999,6.52552552552553
210,789,6.21904761904762,6.61723700887199,999,6.53353353353353
215,784,6.22790697674419,6.62117346938776,999,6.53653653653654
218,781,6.20642201834862,6.62996158770807,999,6.53753753753754
214,785,6.21028037383178,6.63057324840764,999,6.54054054054054
209,790,6.20095693779904,6.62278481012658,999,6.53453453453453
205,794,6.20487804878049,6.62594458438287,999,6.53953953953954
203,796,6.20689655172414,6.61809045226131,999,6.53453453453453
208,791,6.20673076923077,6.61188369152971,999,6.52752752752753
207,792,6.19323671497585,6.60984848484848,999,6.52352352352352
210,789,6.18095238095238,6.60456273764259,999,6.51551551551552
210,789,6.19047619047619,6.59695817490494,999,6.51151151151151
200,799,6.195,6.58698372966208,999,6.50850850850851
191,808,6.19371727748691,6.59777227722772,999,6.52052052052052
192,807,6.203125,6.59231722428748,999,6.51751751751752
198,801,6.20707070707071,6.59051186017478,999,6.51451451451451
192,807,6.203125,6.57744733581165,999,6.50550550550551
187,812,6.20320855614973,6.58620689655172,999,6.51451451451451
184,815,6.19565217391304,6.5840490797546,999,6.51251251251251
186,813,6.21505376344086,6.58425584255843,999,6.51551551551552
181,818,6.22099447513812,6.58557457212714,999,6.51951951951952
180,819,6.20555555555556,6.58608058608059,999,6.51751751751752
173,826,6.23121387283237,6.58353510895884,999,6.52252252252252
169,830,6.23668639053254,6.59156626506024,999,6.53153153153153
176,823,6.21022727272727,6.5868772782503,999,6.52052052052052
184,815,6.20652173913043,6.58895705521472,999,6.51851851851852
180,819,6.22222222222222,6.57997557997558,999,6.51551551551552
188,811,6.22340425531915,6.57213316892725,999,6.50650650650651
181,818,6.20994475138122,6.57457212713936,999,6.50850850850851
184,815,6.21195652173913,6.57423312883436,999,6.50750750750751
193,806,6.21243523316062,6.58312655086849,999,6.51151151151151
198,801,6.1969696969697,6.56928838951311,999,6.4954954954955
201,798,6.2089552238806,6.57393483709273,999,6.5005005005005
202,797,6.21782178217822,6.56587202007528,999,6.4954954954955
195,804,6.22564102564103,6.57960199004975,999,6.51051051051051
189,810,6.23809523809524,6.58271604938272,999,6.51751751751752
189,810,6.20634920634921,6.58641975308642,999,6.51451451451451
189,810,6.19047619047619,6.59876543209877,999,6.52152152152152
192,807,6.1875,6.60223048327138,999,6.52252252252252
197,802,6.18781725888325,6.60349127182045,999,6.52152152152152
192,807,6.18229166666667,6.59851301115242,999,6.51851851851852
200,799,6.185,6.58698372966208,999,6.50650650650651
195,804,6.1948717948718,6.60199004975124,999,6.52252252252252
203,796,6.20689655172414,6.59673366834171,999,6.51751751751752
204,795,6.21078431372549,6.59496855345912,999,6.51651651651652
211,788,6.18483412322275,6.58756345177665,999,6.5025025025025
209,790,6.1866028708134,6.59240506329114,999,6.50750750750751
206,793,6.19417475728155,6.6015132408575,999,6.51751751751752
211,788,6.20379146919431,6.61167512690355,999,6.52552552552553
216,783,6.19907407407407,6.61302681992337,999,6.52352352352352
214,785,6.2196261682243,6.59872611464968,999,6.51751751751752
216,783,6.21759259259259,6.59514687100894,999,6.51351351351351
220,779,6.23636363636364,6.58921694480103,999,6.51151151151151
218,781,6.22935779816514,6.59282970550576,999,6.51351351351351
216,783,6.21759259259259,6.59003831417624,999,6.50950950950951
216,783,6.20833333333333,6.59642401021711,999,6.51251251251251
220,779,6.20909090909091,6.59691912708601,999,6.51151151151151
217,782,6.19354838709677,6.61125319693095,999,6.52052052052052
211,788,6.21800947867299,6.61294416243655,999,6.52952952952953
212,787,6.21698113207547,6.60991105463787,999,6.52652652652653
213,786,6.22065727699531,6.5941475826972,999,6.51451451451451
214,785,6.2196261682243,6.59872611464968,999,6.51751751751752
209,790,6.23444976076555,6.59746835443038,999,6.52152152152152
210,789,6.23809523809524,6.58428390367554,999,6.51151151151151
200,799,6.24,6.58948685857322,999,6.51951951951952
193,806,6.24352331606218,6.59677419354839,999,6.52852852852853
197,802,6.22842639593909,6.58478802992519,999,6.51451451451451
199,800,6.22110552763819,6.59125,999,6.51751751751752
187,812,6.20855614973262,6.59852216748769,999,6.52552552552553
185,814,6.23243243243243,6.5982800982801,999,6.53053053053053
193,806,6.20725388601036,6.58560794044665,999,6.51251251251251
187,812,6.20855614973262,6.58128078817734,999,6.51151151151151
186,813,6.1989247311828,6.57810578105781,999,6.50750750750751
184,815,6.18478260869565,6.57055214723926,999,6.4994994994995
178,821,6.17977528089888,6.57734470158343,999,6.50650650650651
182,817,6.17032967032967,6.58017135862913,999,6.50550550550551
182,817,6.15384615384615,6.57405140758874,999,6.4974974974975
176,823,6.15340909090909,6.56622114216282,999,6.49349349349349
182,817,6.18131868131868,6.55569155446756,999,6.48748748748749
183,816,6.18579234972678,6.55392156862745,999,6.48648648648649
189,810,6.15873015873016,6.55185185185185,999,6.47747747747748
188,811,6.16489361702128,6.56473489519112,999,6.48948948948949
195,804,6.17948717948718,6.56592039800995,999,6.49049049049049
194,805,6.15979381443299,6.55403726708075,999,6.47747747747748
195,804,6.16410256410256,6.54228855721393,999,6.46846846846847
191,808,6.16753926701571,6.53836633663366,999,6.46746746746747
189,810,6.15343915343915,6.53950617283951,999,6.46646646646647
182,817,6.15384615384615,6.53365973072215,999,6.46446446446446
183,816,6.15846994535519,6.52941176470588,999,6.46146146146146
182,817,6.13736263736264,6.53243574051408,999,6.46046046046046
177,822,6.14124293785311,6.53771289537713,999,6.46746746746747
176,823,6.15340909090909,6.53098420413123,999,6.46446446446446
186,813,6.13978494623656,6.53259532595326,999,6.45945945945946
185,814,6.14594594594595,6.52211302211302,999,6.45245245245245
175,824,6.14857142857143,6.51456310679612,999,6.45045045045045
178,821,6.12359550561798,6.50060901339829,999,6.43343343343343
174,825,6.12068965517241,6.50545454545455,999,6.43843843843844
177,822,6.12429378531073,6.4963503649635,999,6.43043043043043
171,828,6.14035087719298,6.5036231884058,999,6.44144144144144
175,824,6.12571428571429,6.50728155339806,999,6.44044044044044
174,825,6.13218390804598,6.50060606060606,999,6.43643643643644
171,828,6.14035087719298,6.5048309178744,999,6.44244244244244
162,837,6.16049382716049,6.50298685782557,999,6.44744744744745
164,835,6.15853658536585,6.50299401197605,999,6.44644644644645
164,835,6.15243902439024,6.51137724550898,999,6.45245245245245
160,839,6.15,6.51609058402861,999,6.45745745745746
160,839,6.15,6.50893921334923,999,6.45145145145145
169,830,6.15976331360947,6.51084337349398,999,6.45145145145145
163,836,6.15950920245399,6.51674641148325,999,6.45845845845846
153,846,6.15686274509804,6.50827423167849,999,6.45445445445445
156,843,6.16666666666667,6.51720047449585,999,6.46246246246246
161,838,6.18012422360248,6.51789976133652,999,6.46346346346346
172,827,6.16860465116279,6.51995163240629,999,6.45945945945946
170,829,6.14705882352941,6.52231604342581,999,6.45845845845846
174,825,6.1551724137931,6.50545454545455,999,6.44444444444444
166,833,6.15060240963855,6.50660264105642,999,6.44744744744745
167,832,6.1437125748503,6.50360576923077,999,6.44344344344344
161,838,6.15527950310559,6.50477326968974,999,6.44844844844845
153,846,6.18300653594771,6.49054373522459,999,6.44344344344344
155,844,6.15483870967742,6.49170616113744,999,6.43943943943944
153,846,6.16339869281046,6.48581560283688,999,6.43643643643644
160,839,6.16875,6.47914183551847,999,6.42942942942943
158,841,6.18354430379747,6.47086801426873,999,6.42542542542543
160,839,6.175,6.46007151370679,999,6.41441441441441
159,840,6.18238993710692,6.45714285714286,999,6.41341341341341
157,842,6.17834394904459,6.4667458432304,999,6.42142142142142
163,836,6.19631901840491,6.47368421052632,999,6.42842842842843
171,828,6.19883040935673,6.46497584541063,999,6.41941941941942
171,828,6.2046783625731,6.45772946859903,999,6.41441441441441
179,820,6.19553072625698,6.46951219512195,999,6.42042042042042
180,819,6.20555555555556,6.47619047619048,999,6.42742742742743
181,818,6.20441988950276,6.47432762836186,999,6.42542542542543
175,824,6.2,6.47330097087379,999,6.42542542542543
182,817,6.19230769230769,6.46756425948592,999,6.41741741741742
179,820,6.18994413407821,6.46585365853659,999,6.41641641641642
186,813,6.18279569892473,6.45633456334563,999,6.40540540540541
186,813,6.20967741935484,6.44649446494465,999,6.4024024024024
186,813,6.22043010752688,6.44772447724477,999,6.40540540540541
178,821,6.19101123595506,6.45066991473812,999,6.4044044044044
180,819,6.18333333333333,6.46153846153846,999,6.41141141141141
181,818,6.17127071823204,6.46088019559902,999,6.40840840840841
175,824,6.16571428571429,6.46601941747573,999,6.41341341341341
180,819,6.17222222222222,6.47008547008547,999,6.41641641641642
171,828,6.17543859649123,6.46618357487923,999,6.41641641641642
176,823,6.1875,6.46415552855407,999,6.41541541541542
181,818,6.1767955801105,6.46454767726161,999,6.41241241241241
180,819,6.20555555555556,6.46520146520147,999,6.41841841841842
185,814,6.18918918918919,6.47420147420147,999,6.42142142142142
176,823,6.17045454545455,6.47023086269745,999,6.41741741741742
176,823,6.19318181818182,6.4726609963548,999,6.42342342342342
171,828,6.18713450292398,6.46859903381643,999,6.42042042042042
165,834,6.16969696969697,6.4916067146283,999,6.43843843843844
172,827,6.17441860465116,6.49214026602177,999,6.43743743743744
166,833,6.18674698795181,6.49699879951981,999,6.44544544544545
174,825,6.18390804597701,6.49454545454545,999,6.44044044044044
177,822,6.17514124293785,6.48905109489051,999,6.43343343343343
177,822,6.19209039548023,6.49756690997567,999,6.44344344344344
169,830,6.20710059171598,6.50240963855422,999,6.45245245245245
166,833,6.19277108433735,6.50660264105642,999,6.45445445445445
162,837,6.18518518518519,6.50776583034648,999,6.45545545545546
165,834,6.19393939393939,6.50479616306954,999,6.45345345345345
165,834,6.19393939393939,6.5083932853717,999,6.45645645645646
168,831,6.22619047619048,6.51143200962696,999,6.46346346346346
168,831,6.22023809523809,6.50661853188929,999,6.45845845845846
156,843,6.20512820512821,6.49347568208778,999,6.44844844844845
164,835,6.20121951219512,6.48862275449102,999,6.44144144144144
168,831,6.21428571428571,6.50421179302046,999,6.45545545545546
172,827,6.2093023255814,6.50423216444982,999,6.45345345345345
170,829,6.18235294117647,6.50784077201448,999,6.45245245245245
172,827,6.18023255813953,6.51148730350665,999,6.45445445445445
178,821,6.17977528089888,6.50426309378806,999,6.44644644644645
173,826,6.17919075144509,6.51089588377724,999,6.45345345345345
175,824,6.17142857142857,6.49757281553398,999,6.44044044044044
176,823,6.19886363636364,6.49817739975699,999,6.44544544544545
173,826,6.16763005780347,6.5,999,6.44244244244244
165,834,6.18181818181818,6.49040767386091,999,6.43943943943944
167,832,6.19760479041916,6.48918269230769,999,6.44044044044044
167,832,6.19760479041916,6.48317307692308,999,6.43543543543544
167,832,6.19161676646707,6.48798076923077,999,6.43843843843844
168,831,6.17857142857143,6.49097472924188,999,6.43843843843844
166,833,6.17469879518072,6.49819927971188,999,6.44444444444444
166,833,6.17469879518072,6.48619447779112,999,6.43443443443443
167,832,6.19161676646707,6.49158653846154,999,6.44144144144144
167,832,6.19161676646707,6.48918269230769,999,6.43943943943944
175,824,6.18285714285714,6.48665048543689,999,6.43343343343343
183,816,6.17486338797814,6.49632352941176,999,6.43743743743744
183,816,6.16393442622951,6.48529411764706,999,6.42642642642643
188,811,6.18085106382979,6.48828606658446,999,6.43043043043043
184,815,6.16847826086957,6.49447852760736,999,6.43443443443443
185,814,6.17837837837838,6.49262899262899,999,6.43443443443443
193,806,6.16580310880829,6.48511166253102,999,6.42342342342342
198,801,6.18181818181818,6.47815230961298,999,6.41941941941942
200,799,6.195,6.48185231539424,999,6.42442442442442
198,801,6.20707070707071,6.47315855181024,999,6.42042042042042
203,796,6.19211822660098,6.49371859296482,999,6.43243243243243
196,803,6.20408163265306,6.50435865504359,999,6.44544544544545
198,801,6.2020202020202,6.5043695380774,999,6.44444444444444
197,802,6.19289340101523,6.51246882793017,999,6.44944944944945
194,805,6.18556701030928,6.50931677018634,999,6.44644644644645
188,811,6.1968085106383,6.50801479654747,999,6.44944944944945
180,819,6.21666666666667,6.5018315018315,999,6.45045045045045
187,812,6.20320855614973,6.50615763546798,999,6.44944944944945
186,813,6.1989247311828,6.51537515375154,999,6.45645645645646
192,807,6.203125,6.52044609665428,999,6.45945945945946
186,813,6.1989247311828,6.51414514145141,999,6.45545545545546
178,821,6.19101123595506,6.51644336175396,999,6.45845845845846
178,821,6.21910112359551,6.51278928136419,999,6.46046046046046
169,830,6.2189349112426,6.50963855421687,999,6.46046046046046
177,822,6.22033898305085,6.49878345498783,999,6.44944944944945
175,824,6.24571428571429,6.50606796116505,999,6.46046046046046
178,821,6.25842696629214,6.50548112058465,999,6.46146146146146
174,825,6.24712643678161,6.49939393939394,999,6.45545545545546
178,821,6.2247191011236,6.49573690621194,999,6.44744744744745
180,819,6.21666666666667,6.4981684981685,999,6.44744744744745
183,816,6.22950819672131,6.5,999,6.45045045045045
186,813,6.23655913978495,6.48708487084871,999,6.44044044044044
180,819,6.25,6.48107448107448,999,6.43943943943944
179,820,6.25139664804469,6.48780487804878,999,6.44544544544545
183,816,6.24043715846995,6.48651960784314,999,6.44144144144144
189,810,6.23809523809524,6.48148148148148,999,6.43543543543544
191,808,6.24607329842932,6.48762376237624,999,6.44144144144144
195,804,6.25641025641026,6.49626865671642,999,6.44944944944945
194,805,6.27319587628866,6.49316770186335,999,6.45045045045045
193,806,6.24870466321244,6.49503722084367,999,6.44744744744745
190,809,6.2578947368421,6.51050679851669,999,6.46246246246246
188,811,6.27127659574468,6.50801479654747,999,6.46346346346346
192,807,6.27083333333333,6.50185873605948,999,6.45745745745746
194,805,6.29896907216495,6.49316770186335,999,6.45545545545546
193,806,6.31088082901554,6.49875930521092,999,6.46246246246246
189,810,6.3015873015873,6.50123456790123,999,6.46346346346346
182,817,6.27472527472527,6.50061199510404,999,6.45945945945946
179,820,6.28491620111732,6.50731707317073,999,6.46746746746747
177,822,6.29943502824859,6.50243309002433,999,6.46646646646647
171,828,6.29239766081871,6.50845410628019,999,6.47147147147147
172,827,6.2906976744186,6.49697702539299,999,6.46146146146146
172,827,6.2906976744186,6.49818621523579,999,6.46246246246246
161,838,6.29192546583851,6.49522673031026,999,6.46246246246246
159,840,6.32704402515723,6.48571428571429,999,6.46046046046046
158,841,6.32278481012658,6.4910820451843,999,6.46446446446446
158,841,6.32911392405063,6.4922711058264,999,6.46646646646647
151,848,6.34437086092715,6.49528301886792,999,6.47247247247247
155,844,6.3741935483871,6.49407582938389,999,6.47547547547548
147,852,6.38775510204082,6.49178403755869,999,6.47647647647648
139,860,6.41007194244604,6.48837209302326,999,6.47747747747748
142,857,6.42253521126761,6.49358226371062,999,6.48348348348348
137,862,6.41605839416058,6.48259860788863,999,6.47347347347347
142,857,6.41549295774648,6.48891481913652,999,6.47847847847848
146,853,6.39041095890411,6.49003516998828,999,6.47547547547548
147,852,6.39455782312925,6.48943661971831,999,6.47547547547548
145,854,6.38620689655172,6.4847775175644,999,6.47047047047047
143,856,6.38461538461539,6.47897196261682,999,6.46546546546547
144,855,6.38888888888889,6.49356725146199,999,6.47847847847848
149,850,6.36912751677852,6.48941176470588,999,6.47147147147147
147,852,6.38095238095238,6.48826291079812,999,6.47247247247247
144,855,6.39583333333333,6.48888888888889,999,6.47547547547548
148,851,6.41216216216216,6.49706227967097,999,6.48448448448448
141,858,6.4113475177305,6.495337995338,999,6.48348348348348
137,862,6.39416058394161,6.48955916473318,999,6.47647647647648
143,856,6.38461538461539,6.49415887850467,999,6.47847847847848
143,856,6.37762237762238,6.49532710280374,999,6.47847847847848
145,854,6.37931034482759,6.49648711943794,999,6.47947947947948
141,858,6.36170212765957,6.48834498834499,999,6.47047047047047
145,854,6.35172413793103,6.49297423887588,999,6.47247247247247
135,864,6.36296296296296,6.49768518518519,999,6.47947947947948
133,866,6.33834586466165,6.50115473441109,999,6.47947947947948
131,868,6.35114503816794,6.49078341013825,999,6.47247247247247
128,871,6.34375,6.49368541905855,999,6.47447447447447
136,863,6.33088235294118,6.49826187717265,999,6.47547547547548
141,858,6.34042553191489,6.5011655011655,999,6.47847847847848
142,857,6.34507042253521,6.50408401400233,999,6.48148148148148
138,861,6.35507246376812,6.49825783972125,999,6.47847847847848
137,862,6.33576642335766,6.51276102088167,999,6.48848848848849
132,867,6.35606060606061,6.50519031141869,999,6.48548548548549
143,856,6.36363636363636,6.5035046728972,999,6.48348348348348
137,862,6.32846715328467,6.50232018561485,999,6.47847847847848
133,866,6.37593984962406,6.49653579676674,999,6.48048048048048
133,866,6.36842105263158,6.49307159353349,999,6.47647647647648
128,871,6.3828125,6.49827784156142,999,6.48348348348348
119,880,6.42857142857143,6.50340909090909,999,6.49449449449449
107,892,6.42990654205607,6.50224215246637,999,6.49449449449449
110,889,6.42727272727273,6.49831271091114,999,6.49049049049049
106,893,6.40566037735849,6.49720044792833,999,6.48748748748749
108,891,6.42592592592593,6.49382716049383,999,6.48648648648649
114,885,6.40350877192982,6.50508474576271,999,6.49349349349349
109,890,6.40366972477064,6.49550561797753,999,6.48548548548549
109,890,6.42201834862385,6.49438202247191,999,6.48648648648649
104,895,6.41346153846154,6.49385474860335,999,6.48548548548549
103,896,6.39805825242718,6.48660714285714,999,6.47747747747748
105,894,6.37142857142857,6.49440715883669,999,6.48148148148148
102,897,6.36274509803922,6.50167224080268,999,6.48748748748749
101,898,6.36633663366337,6.50445434298441,999,6.49049049049049
99,900,6.37373737373737,6.50222222222222,999,6.48948948948949
100,899,6.38,6.50055617352614,999,6.48848848848849
103,896,6.4368932038835,6.49888392857143,999,6.49249249249249
107,892,6.42990654205607,6.49103139013453,999,6.48448448448448
111,888,6.44144144144144,6.49774774774775,999,6.49149149149149
109,890,6.41284403669725,6.50561797752809,999,6.4954954954955
114,885,6.40350877192982,6.51412429378531,999,6.5015015015015
115,884,6.39130434782609,6.50678733031674,999,6.49349349349349
111,888,6.40540540540541,6.50112612612613,999,6.49049049049049
111,888,6.40540540540541,6.51801801801802,999,6.50550550550551
116,883,6.39655172413793,6.50962627406568,999,6.4964964964965
117,882,6.4017094017094,6.50566893424036,999,6.49349349349349
117,882,6.4017094017094,6.5,999,6.48848848848849
108,891,6.46296296296296,6.50056116722783,999,6.4964964964965
109,890,6.42201834862385,6.49550561797753,999,6.48748748748749
109,890,6.43119266055046,6.50674157303371,999,6.4984984984985
116,883,6.44827586206897,6.51868629671574,999,6.51051051051051
116,883,6.44827586206897,6.50962627406568,999,6.5025025025025
115,884,6.41739130434783,6.51018099547511,999,6.4994994994995
111,888,6.42342342342342,6.51126126126126,999,6.5015015015015
112,887,6.41071428571429,6.52649379932356,999,6.51351351351351
114,885,6.3859649122807,6.52542372881356,999,6.50950950950951
115,884,6.37391304347826,6.52714932126697,999,6.50950950950951
113,886,6.39823008849558,6.53386004514673,999,6.51851851851852
117,882,6.41880341880342,6.51700680272109,999,6.50550550550551
116,883,6.41379310344828,6.51755379388448,999,6.50550550550551
113,886,6.43362831858407,6.52370203160271,999,6.51351351351351
118,881,6.42372881355932,6.51532349602724,999,6.5045045045045
118,881,6.45762711864407,6.51532349602724,999,6.50850850850851
114,885,6.42982456140351,6.51299435028249,999,6.5035035035035
118,881,6.44915254237288,6.51078320090806,999,6.5035035035035
118,881,6.44915254237288,6.5266742338252,999,6.51751751751752
120,879,6.41666666666667,6.53014789533561,999,6.51651651651652
118,881,6.43220338983051,6.54370034052213,999,6.53053053053053
124,875,6.44354838709677,6.54171428571429,999,6.52952952952953
124,875,6.43548387096774,6.53942857142857,999,6.52652652652653
124,875,6.46774193548387,6.536,999,6.52752752752753
126,873,6.48412698412698,6.54295532646048,999,6.53553553553554
119,880,6.46218487394958,6.5375,999,6.52852852852853
125,874,6.472,6.53546910755149,999,6.52752752752753
128,871,6.4765625,6.53731343283582,999,6.52952952952953
116,883,6.48275862068965,6.53454133635334,999,6.52852852852853
121,878,6.47933884297521,6.53302961275626,999,6.52652652652653
117,882,6.48717948717949,6.53061224489796,999,6.52552552552553
116,883,6.49137931034483,6.52661381653454,999,6.52252252252252
118,881,6.49152542372881,6.53688989784336,999,6.53153153153153
109,890,6.5045871559633,6.53483146067416,999,6.53153153153153
113,886,6.49557522123894,6.54853273137697,999,6.54254254254254
122,877,6.45901639344262,6.54047890535918,999,6.53053053053053
117,882,6.48717948717949,6.54648526077098,999,6.53953953953954
117,882,6.52136752136752,6.54195011337869,999,6.53953953953954
118,881,6.50847457627119,6.53802497162316,999,6.53453453453453
116,883,6.53448275862069,6.53793884484711,999,6.53753753753754
119,880,6.52941176470588,6.54318181818182,999,6.54154154154154
123,876,6.55284552845528,6.54337899543379,999,6.54454454454454
119,880,6.57142857142857,6.53409090909091,999,6.53853853853854
120,879,6.575,6.53924914675768,999,6.54354354354354
124,875,6.59677419354839,6.54628571428571,999,6.55255255255255
121,878,6.60330578512397,6.55466970387244,999,6.56056056056056
124,875,6.62903225806452,6.55771428571429,999,6.56656656656657
121,878,6.6198347107438,6.57175398633257,999,6.57757757757758
121,878,6.58677685950413,6.5751708428246,999,6.57657657657658
131,868,6.58015267175572,6.56451612903226,999,6.56656656656657
130,869,6.60769230769231,6.55696202531646,999,6.56356356356356
130,869,6.63076923076923,6.5512082853855,999,6.56156156156156
131,868,6.62595419847328,6.57027649769585,999,6.57757757757758
127,872,6.64566929133858,6.56995412844037,999,6.57957957957958
131,868,6.62595419847328,6.57258064516129,999,6.57957957957958
129,870,6.62015503875969,6.57586206896552,999,6.58158158158158
136,863,6.65441176470588,6.57705677867903,999,6.58758758758759
136,863,6.64705882352941,6.56083429895713,999,6.57257257257257
132,867,6.62121212121212,6.55132641291811,999,6.56056056056056
135,864,6.62222222222222,6.55787037037037,999,6.56656656656657
135,864,6.61481481481481,6.55439814814815,999,6.56256256256256
136,863,6.61029411764706,6.5550405561993,999,6.56256256256256
130,869,6.60769230769231,6.54545454545455,999,6.55355355355355
132,867,6.61363636363636,6.54325259515571,999,6.55255255255255
136,863,6.625,6.55040556199305,999,6.56056056056056
136,863,6.625,6.54808806488992,999,6.55855855855856
143,856,6.62237762237762,6.54672897196262,999,6.55755755755756
147,852,6.62585034013605,6.53755868544601,999,6.55055055055055
150,849,6.64666666666667,6.55123674911661,999,6.56556556556557
148,851,6.62837837837838,6.5475910693302,999,6.55955955955956
148,851,6.64189189189189,6.55581668625147,999,6.56856856856857
147,852,6.64625850340136,6.55516431924883,999,6.56856856856857
144,855,6.64583333333333,6.56023391812866,999,6.57257257257257
139,860,6.64028776978417,6.56860465116279,999,6.57857857857858
146,853,6.64383561643836,6.55920281359906,999,6.57157157157157
143,856,6.65734265734266,6.55607476635514,999,6.57057057057057
152,847,6.65789473684211,6.54545454545455,999,6.56256256256256
142,857,6.61971830985915,6.55425904317386,999,6.56356356356356
160,839,6.6,6.55065554231228,999,6.55855855855856
161,838,6.62111801242236,6.55011933174224,999,6.56156156156156
168,831,6.61904761904762,6.56438026474128,999,6.57357357357357
162,837,6.59876543209877,6.55794504181601,999,6.56456456456456
161,838,6.60248447204969,6.55727923627685,999,6.56456456456456
166,833,6.59036144578313,6.56662665066026,999,6.57057057057057
177,822,6.6045197740113,6.56812652068127,999,6.57457457457457
181,818,6.56906077348066,6.56968215158924,999,6.56956956956957
177,822,6.56497175141243,6.58759124087591,999,6.58358358358358
186,813,6.55913978494624,6.59040590405904,999,6.58458458458458
188,811,6.57446808510638,6.59432799013563,999,6.59059059059059
183,816,6.58469945355191,6.59803921568627,999,6.5955955955956
180,819,6.59444444444444,6.59462759462759,999,6.59459459459459
185,814,6.61081081081081,6.60687960687961,999,6.60760760760761
179,820,6.60893854748603,6.60243902439024,999,6.6036036036036
178,821,6.59550561797753,6.6041412911084,999,6.6026026026026
174,825,6.60919540229885,6.59151515151515,999,6.59459459459459
172,827,6.63372093023256,6.57678355501814,999,6.58658658658659
183,816,6.6448087431694,6.56985294117647,999,6.58358358358358
179,820,6.62569832402235,6.5609756097561,999,6.57257257257257
182,817,6.63736263736264,6.57282741738066,999,6.58458458458458
179,820,6.62011173184358,6.56585365853658,999,6.57557557557558
181,818,6.59668508287293,6.56112469437653,999,6.56756756756757
186,813,6.60752688172043,6.55719557195572,999,6.56656656656657
183,816,6.6448087431694,6.56495098039216,999,6.57957957957958
187,812,6.65775401069519,6.56773399014778,999,6.58458458458458
184,815,6.65760869565217,6.55092024539877,999,6.57057057057057
184,815,6.67934782608696,6.56073619631902,999,6.58258258258258
184,815,6.70108695652174,6.56073619631902,999,6.58658658658659
184,815,6.68478260869565,6.54846625766871,999,6.57357357357357
188,811,6.69148936170213,6.5462392108508,999,6.57357357357357
186,813,6.68279569892473,6.56457564575646,999,6.58658658658659
190,809,6.68421052631579,6.56118665018541,999,6.58458458458458
188,811,6.69148936170213,6.55487053020962,999,6.58058058058058
186,813,6.70967741935484,6.55842558425584,999,6.58658658658659
188,811,6.69148936170213,6.54870530209618,999,6.57557557557558
188,811,6.65957446808511,6.54870530209618,999,6.56956956956957
192,807,6.64583333333333,6.53779429987608,999,6.55855855855856
200,799,6.615,6.53942428035044,999,6.55455455455455
196,803,6.63775510204082,6.54296388542964,999,6.56156156156156
197,802,6.63451776649746,6.5573566084788,999,6.57257257257257
203,796,6.65024630541872,6.55778894472362,999,6.57657657657658
194,805,6.65979381443299,6.54782608695652,999,6.56956956956957
194,805,6.69072164948454,6.56273291925466,999,6.58758758758759
194,805,6.69072164948454,6.56770186335404,999,6.59159159159159
194,805,6.67525773195876,6.56521739130435,999,6.58658658658659
192,807,6.66666666666667,6.55390334572491,999,6.57557557557558
186,813,6.65591397849462,6.5559655596556,999,6.57457457457457
183,816,6.65573770491803,6.55759803921569,999,6.57557557557558
185,814,6.67567567567568,6.54914004914005,999,6.57257257257257
188,811,6.67021276595745,6.55733662145499,999,6.57857857857858
186,813,6.66666666666667,6.54366543665437,999,6.56656656656657
190,809,6.64736842105263,6.54017305315204,999,6.56056056056056
197,802,6.69035532994924,6.54738154613466,999,6.57557557557558
197,802,6.6751269035533,6.54488778054863,999,6.57057057057057
201,798,6.66666666666667,6.55012531328321,999,6.57357357357357
201,798,6.66666666666667,6.54260651629073,999,6.56756756756757
193,806,6.66839378238342,6.54714640198511,999,6.57057057057057
194,805,6.67525773195876,6.54037267080745,999,6.56656656656657
192,807,6.671875,6.55142503097893,999,6.57457457457457
202,797,6.66831683168317,6.55708908406524,999,6.57957957957958
205,794,6.6780487804878,6.55919395465995,999,6.58358358358358
205,794,6.67317073170732,6.55793450881612,999,6.58158158158158
205,794,6.69756097560976,6.55667506297229,999,6.58558558558559
212,787,6.71698113207547,6.55781448538755,999,6.59159159159159
212,787,6.7122641509434,6.55273189326557,999,6.58658658658659
215,784,6.71162790697674,6.55612244897959,999,6.58958958958959
207,792,6.71497584541063,6.55429292929293,999,6.58758758758759
205,794,6.75609756097561,6.56675062972292,999,6.60560560560561
205,794,6.74634146341463,6.56801007556675,999,6.6046046046046
207,792,6.72946859903382,6.56818181818182,999,6.6016016016016
207,792,6.73429951690821,6.56565656565657,999,6.6006006006006
207,792,6.7487922705314,6.56944444444444,999,6.60660660660661
202,797,6.74752475247525,6.5633626097867,999,6.6006006006006
201,798,6.75621890547264,6.58771929824561,999,6.62162162162162
202,797,6.75247524752475,6.58218318695107,999,6.61661661661662
197,802,6.76649746192893,6.56982543640898,999,6.60860860860861
196,803,6.75510204081633,6.5653798256538,999,6.6026026026026
207,792,6.7487922705314,6.56818181818182,999,6.60560560560561
203,796,6.75862068965517,6.56909547738693,999,6.60760760760761
203,796,6.7487684729064,6.55904522613065,999,6.5975975975976
207,792,6.743961352657,6.57323232323232,999,6.60860860860861
200,799,6.72,6.58948685857322,999,6.61561561561562
208,791,6.73076923076923,6.58786346396966,999,6.61761761761762
212,787,6.76415094339623,6.58449809402795,999,6.62262262262262
212,787,6.75,6.57687420584498,999,6.61361361361361
207,792,6.72946859903382,6.5770202020202,999,6.60860860860861
204,795,6.74019607843137,6.58490566037736,999,6.61661661661662
191,808,6.74869109947644,6.59405940594059,999,6.62362362362362
192,807,6.74479166666667,6.57620817843866,999,6.60860860860861
201,798,6.75621890547264,6.57769423558897,999,6.61361361361361
202,797,6.74752475247525,6.58594730238394,999,6.61861861861862
209,790,6.75598086124402,6.57341772151899,999,6.61161161161161
205,794,6.74634146341463,6.56297229219144,999,6.6006006006006
205,794,6.75609756097561,6.56675062972292,999,6.60560560560561
202,797,6.72772277227723,6.55959849435383,999,6.59359359359359
189,810,6.70899470899471,6.55432098765432,999,6.58358358358358
194,805,6.72680412371134,6.5527950310559,999,6.58658658658659
194,805,6.72680412371134,6.55031055900621,999,6.58458458458458
202,797,6.74752475247525,6.55332496863237,999,6.59259259259259
200,799,6.73,6.55694618272841,999,6.59159159159159
202,797,6.72772277227723,6.55457967377666,999,6.58958958958959
206,793,6.72330097087379,6.55611601513241,999,6.59059059059059
208,791,6.73076923076923,6.54361567635904,999,6.58258258258258
207,792,6.75845410628019,6.54924242424242,999,6.59259259259259
211,788,6.74881516587678,6.53807106598985,999,6.58258258258258
214,785,6.76168224299065,6.53885350318471,999,6.58658658658659
214,785,6.75233644859813,6.53375796178344,999,6.58058058058058
209,790,6.73684210526316,6.53670886075949,999,6.57857857857858
211,788,6.71563981042654,6.5253807106599,999,6.56556556556557
204,795,6.70588235294118,6.52452830188679,999,6.56156156156156
208,791,6.70673076923077,6.52465233881163,999,6.56256256256256
209,790,6.67942583732057,6.53544303797468,999,6.56556556556557
216,783,6.69444444444444,6.52745849297573,999,6.56356356356356
218,781,6.68807339449541,6.53265044814341,999,6.56656656656657
214,785,6.67757009345794,6.54267515923567,999,6.57157157157157
214,785,6.66355140186916,6.53630573248408,999,6.56356356356356
212,787,6.67452830188679,6.52477763659466,999,6.55655655655656
211,788,6.67298578199052,6.52664974619289,999,6.55755755755756
196,803,6.68877551020408,6.50560398505604,999,6.54154154154154
201,798,6.70646766169154,6.52005012531328,999,6.55755755755756
194,805,6.69587628865979,6.52298136645963,999,6.55655655655656
190,809,6.69473684210526,6.51915945611866,999,6.55255255255255
192,807,6.70833333333333,6.52044609665428,999,6.55655655655656
201,798,6.71641791044776,6.5,999,6.54354354354354
197,802,6.70558375634518,6.5074812967581,999,6.54654654654655
203,796,6.7192118226601,6.5,999,6.54454454454454
203,796,6.70935960591133,6.50879396984925,999,6.54954954954955
193,806,6.68911917098446,6.50868486352357,999,6.54354354354354
191,808,6.66492146596859,6.51980198019802,999,6.54754754754755
186,813,6.64516129032258,6.5239852398524,999,6.54654654654655
185,814,6.62702702702703,6.53562653562654,999,6.55255255255255
181,818,6.61325966850829,6.5281173594132,999,6.54354354354354
177,822,6.63841807909604,6.53284671532847,999,6.55155155155155
187,812,6.65775401069519,6.54064039408867,999,6.56256256256256
193,806,6.63212435233161,6.53846153846154,999,6.55655655655656
197,802,6.64467005076142,6.53615960099751,999,6.55755755755756
196,803,6.65816326530612,6.54047322540473,999,6.56356356356356
187,812,6.65775401069519,6.53694581280788,999,6.55955955955956
184,815,6.66847826086957,6.52883435582822,999,6.55455455455455
187,812,6.6951871657754,6.51600985221675,999,6.54954954954955
188,811,6.68617021276596,6.53267570900123,999,6.56156156156156
192,807,6.67708333333333,6.53531598513011,999,6.56256256256256
183,816,6.65027322404372,6.52941176470588,999,6.55155155155155
178,821,6.67415730337079,6.53593179049939,999,6.56056056056056
173,826,6.67630057803468,6.53510895883777,999,6.55955955955956
172,827,6.66860465116279,6.5223700120919,999,6.54754754754755
169,830,6.6508875739645,6.51807228915663,999,6.54054054054054
173,826,6.60693641618497,6.52542372881356,999,6.53953953953954
173,826,6.58959537572254,6.52421307506053,999,6.53553553553554
171,828,6.57309941520468,6.51811594202899,999,6.52752752752753
168,831,6.55357142857143,6.50902527075812,999,6.51651651651652
167,832,6.54491017964072,6.50600961538461,999,6.51251251251251
162,837,6.56172839506173,6.50059737156511,999,6.51051051051051
168,831,6.55952380952381,6.51263537906137,999,6.52052052052052
161,838,6.56521739130435,6.50596658711217,999,6.51551551551552
155,844,6.58064516129032,6.50710900473934,999,6.51851851851852
156,843,6.58333333333333,6.5005931198102,999,6.51351351351351
153,846,6.58169934640523,6.49763593380615,999,6.51051051051051
155,844,6.56129032258065,6.50473933649289,999,6.51351351351351
148,851,6.58783783783784,6.51116333725029,999,6.52252252252252
159,840,6.59119496855346,6.51904761904762,999,6.53053053053053
153,846,6.58823529411765,6.51300236406619,999,6.52452452452452
161,838,6.58385093167702,6.51909307875895,999,6.52952952952953
165,834,6.59393939393939,6.52278177458034,999,6.53453453453453
167,832,6.60479041916168,6.51442307692308,999,6.52952952952953
166,833,6.62650602409639,6.51740696278511,999,6.53553553553554
166,833,6.63253012048193,6.51740696278511,999,6.53653653653654
174,825,6.61494252873563,6.52363636363636,999,6.53953953953954
177,822,6.6271186440678,6.51824817518248,999,6.53753753753754
171,828,6.60233918128655,6.52294685990338,999,6.53653653653654
170,829,6.62941176470588,6.52472858866104,999,6.54254254254254
162,837,6.61728395061728,6.53285543608124,999,6.54654654654655
163,836,6.61349693251534,6.52153110047847,999,6.53653653653654
165,834,6.63030303030303,6.52038369304556,999,6.53853853853854
165,834,6.63636363636364,6.51918465227818,999,6.53853853853854
163,836,6.63803680981595,6.52272727272727,999,6.54154154154154
173,826,6.63583815028902,6.51573849878935,999,6.53653653653654
176,823,6.625,6.5176184690158,999,6.53653653653654
169,830,6.59171597633136,6.51927710843373,999,6.53153153153153
174,825,6.56896551724138,6.51393939393939,999,6.52352352352352
179,820,6.6145251396648,6.51951219512195,999,6.53653653653654
182,817,6.63186813186813,6.52141982864137,999,6.54154154154154
183,816,6.63934426229508,6.51593137254902,999,6.53853853853854
189,810,6.65079365079365,6.51604938271605,999,6.54154154154154
190,809,6.67368421052632,6.52410383189122,999,6.55255255255255
190,809,6.65263157894737,6.52410383189122,999,6.54854854854855
186,813,6.67741935483871,6.52152521525215,999,6.55055055055055
189,810,6.65079365079365,6.52962962962963,999,6.55255255255255
182,817,6.64285714285714,6.5422276621787,999,6.56056056056056
170,829,6.65294117647059,6.54644149577805,999,6.56456456456456
175,824,6.62857142857143,6.55825242718447,999,6.57057057057057
171,828,6.59649122807018,6.56400966183575,999,6.56956956956957
171,828,6.60233918128655,6.56400966183575,999,6.57057057057057
173,826,6.61271676300578,6.56779661016949,999,6.57557557557558
177,822,6.62146892655367,6.56569343065693,999,6.57557557557558
171,828,6.62573099415205,6.55314009661836,999,6.56556556556557
173,826,6.65317919075145,6.55326876513317,999,6.57057057057057
175,824,6.65714285714286,6.56553398058252,999,6.58158158158158
170,829,6.62352941176471,6.56332931242461,999,6.57357357357357
172,827,6.61046511627907,6.55864570737606,999,6.56756756756757
170,829,6.62941176470588,6.56453558504222,999,6.57557557557558
176,823,6.63068181818182,6.56500607533414,999,6.57657657657658
183,816,6.6448087431694,6.57107843137255,999,6.58458458458458
179,820,6.63687150837989,6.55853658536585,999,6.57257257257257
187,812,6.6524064171123,6.55665024630542,999,6.57457457457457
177,822,6.65536723163842,6.5632603406326,999,6.57957957957958
180,819,6.62777777777778,6.56288156288156,999,6.57457457457457
183,816,6.65027322404372,6.57230392156863,999,6.58658658658659
186,813,6.62903225806452,6.56580565805658,999,6.57757757757758
187,812,6.62566844919786,6.57389162561576,999,6.58358358358358
184,815,6.6304347826087,6.57668711656442,999,6.58658658658659
176,823,6.625,6.58323207776428,999,6.59059059059059
188,811,6.61170212765957,6.56966707768187,999,6.57757757757758
183,816,6.59016393442623,6.55392156862745,999,6.56056056056056
185,814,6.59459459459459,6.55896805896806,999,6.56556556556557
190,809,6.57894736842105,6.55377008652658,999,6.55855855855856
195,804,6.58461538461538,6.55721393034826,999,6.56256256256256
193,806,6.56476683937824,6.56079404466501,999,6.56156156156156
194,805,6.58247422680412,6.55031055900621,999,6.55655655655656
198,801,6.57575757575758,6.5518102372035,999,6.55655655655656
191,808,6.54973821989529,6.5519801980198,999,6.55155155155155
188,811,6.55851063829787,6.54377311960542,999,6.54654654654655
182,817,6.56593406593407,6.53610771113831,999,6.54154154154154
183,816,6.5792349726776,6.5453431372549,999,6.55155155155155
186,813,6.56989247311828,6.53136531365314,999,6.53853853853854
187,812,6.56149732620321,6.52709359605911,999,6.53353353353353
191,808,6.56020942408377,6.53094059405941,999,6.53653653653654
188,811,6.56382978723404,6.52651048088779,999,6.53353353353353
184,815,6.59782608695652,6.53496932515337,999,6.54654654654655
188,811,6.57446808510638,6.52404438964242,999,6.53353353353353
202,797,6.58910891089109,6.55207026348808,999,6.55955955955956
210,789,6.56666666666667,6.54879594423321,999,6.55255255255255
208,791,6.55769230769231,6.551201011378,999,6.55255255255255
200,799,6.56,6.55694618272841,999,6.55755755755756
211,788,6.53080568720379,6.55710659898477,999,6.55155155155155
208,791,6.51923076923077,6.56005056890013,999,6.55155155155155
211,788,6.51184834123223,6.56725888324873,999,6.55555555555556
218,781,6.52752293577982,6.55185659411012,999,6.54654654654655
216,783,6.50925925925926,6.54406130268199,999,6.53653653653654
211,788,6.51658767772512,6.53807106598985,999,6.53353353353353
211,788,6.52132701421801,6.53426395939086,999,6.53153153153153
206,793,6.52427184466019,6.52711223203027,999,6.52652652652653
210,789,6.51428571428571,6.5424588086185,999,6.53653653653654
209,790,6.51196172248804,6.53924050632911,999,6.53353353353353
221,778,6.50226244343891,6.53984575835476,999,6.53153153153153
216,783,6.48611111111111,6.54661558109834,999,6.53353353353353
212,787,6.5,6.54002541296061,999,6.53153153153153
216,783,6.51851851851852,6.54150702426564,999,6.53653653653654
217,782,6.49769585253456,6.54347826086957,999,6.53353353353353
224,775,6.50446428571429,6.55354838709677,999,6.54254254254254
226,773,6.5,6.54463130659767,999,6.53453453453453
227,772,6.48458149779736,6.54145077720207,999,6.52852852852853
223,776,6.48430493273543,6.52963917525773,999,6.51951951951952
220,779,6.48181818181818,6.5186136071887,999,6.51051051051051
221,778,6.49773755656109,6.52185089974293,999,6.51651651651652
226,773,6.50884955752212,6.52781371280724,999,6.52352352352352
230,769,6.52608695652174,6.54096228868661,999,6.53753753753754
227,772,6.51101321585903,6.52720207253886,999,6.52352352352352
225,774,6.53333333333333,6.54263565891473,999,6.54054054054054
218,781,6.55504587155963,6.5416133162612,999,6.54454454454454
225,774,6.53777777777778,6.54263565891473,999,6.54154154154154
231,768,6.54978354978355,6.52734375,999,6.53253253253253
222,777,6.55855855855856,6.53281853281853,999,6.53853853853854
216,783,6.58796296296296,6.52873563218391,999,6.54154154154154
208,791,6.57692307692308,6.53350189633375,999,6.54254254254254
212,787,6.56603773584906,6.55019059720457,999,6.55355355355355
217,782,6.5668202764977,6.5383631713555,999,6.54454454454454
229,770,6.60262008733624,6.54675324675325,999,6.55955955955956
233,766,6.60944206008584,6.5378590078329,999,6.55455455455455
235,764,6.6,6.54188481675393,999,6.55555555555556
222,777,6.61261261261261,6.53667953667954,999,6.55355355355355
222,777,6.62612612612613,6.52767052767053,999,6.54954954954955
228,771,6.6140350877193,6.53955901426719,999,6.55655655655656
223,776,6.62331838565022,6.53479381443299,999,6.55455455455455
228,771,6.64473684210526,6.52918287937743,999,6.55555555555556
235,764,6.6468085106383,6.53010471204188,999,6.55755755755756
236,763,6.64406779661017,6.5478374836173,999,6.57057057057057
237,762,6.63713080168776,6.54855643044619,999,6.56956956956957
229,770,6.64192139737991,6.55844155844156,999,6.57757757757758
229,770,6.64628820960699,6.57012987012987,999,6.58758758758759
223,776,6.65470852017937,6.55412371134021,999,6.57657657657658
219,780,6.67579908675799,6.56794871794872,999,6.59159159159159
215,784,6.66511627906977,6.55867346938776,999,6.58158158158158
212,787,6.66981132075472,6.571791613723,999,6.59259259259259
211,788,6.67772511848341,6.56218274111675,999,6.58658658658659
215,784,6.67441860465116,6.5484693877551,999,6.57557557557558
215,784,6.67441860465116,6.56505102040816,999,6.58858858858859
230,769,6.65217391304348,6.57997399219766,999,6.5965965965966
224,775,6.65178571428571,6.57548387096774,999,6.59259259259259
233,766,6.63519313304721,6.56919060052219,999,6.58458458458458
229,770,6.63755458515284,6.58051948051948,999,6.59359359359359
231,768,6.61471861471861,6.58463541666667,999,6.59159159159159
247,752,6.61943319838057,6.60239361702128,999,6.60660660660661
235,764,6.59574468085106,6.60340314136126,999,6.6016016016016
241,758,6.59751037344398,6.60422163588391,999,6.6026026026026
241,758,6.61825726141079,6.59894459102902,999,6.6036036036036
242,757,6.63636363636364,6.61030383091149,999,6.61661661661662
237,762,6.65400843881857,6.61942257217848,999,6.62762762762763
231,768,6.66233766233766,6.62239583333333,999,6.63163163163163
232,767,6.6551724137931,6.61016949152542,999,6.62062062062062
231,768,6.66233766233766,6.61979166666667,999,6.62962962962963
238,761,6.64285714285714,6.62549277266754,999,6.62962962962963
237,762,6.64978902953586,6.61417322834646,999,6.62262262262262
238,761,6.63865546218487,6.60315374507227,999,6.61161161161161
243,756,6.62962962962963,6.60449735449735,999,6.61061061061061
237,762,6.62025316455696,6.61679790026247,999,6.61761761761762
232,767,6.61637931034483,6.61408083441982,999,6.61461461461461
222,777,6.62612612612613,6.61776061776062,999,6.61961961961962
227,772,6.63436123348018,6.63082901554404,999,6.63163163163163
226,773,6.62389380530973,6.61448900388098,999,6.61661661661662
233,766,6.60515021459227,6.61227154046997,999,6.61061061061061
238,761,6.58403361344538,6.61760840998686,999,6.60960960960961
240,759,6.57916666666667,6.61133069828722,999,6.6036036036036
236,763,6.58898305084746,6.61074705111402,999,6.60560560560561
236,763,6.61440677966102,6.60157273918742,999,6.6046046046046
248,751,6.61290322580645,6.59920106524634,999,6.6026026026026
247,752,6.62348178137652,6.59973404255319,999,6.60560560560561
244,755,6.61885245901639,6.60662251655629,999,6.60960960960961
249,750,6.59036144578313,6.6,999,6.5975975975976
255,744,6.58039215686274,6.59139784946237,999,6.58858858858859
255,744,6.59607843137255,6.59139784946237,999,6.59259259259259
267,732,6.60674157303371,6.57513661202186,999,6.58358358358358
265,734,6.59245283018868,6.57356948228883,999,6.57857857857858
262,737,6.59541984732824,6.56037991858887,999,6.56956956956957
255,744,6.6156862745098,6.5739247311828,999,6.58458458458458
257,742,6.61867704280156,6.57951482479784,999,6.58958958958959
269,730,6.62081784386617,6.57534246575342,999,6.58758758758759
271,728,6.61623616236162,6.57142857142857,999,6.58358358358358
264,735,6.60984848484848,6.58231292517007,999,6.58958958958959
266,733,6.6203007518797,6.58526603001364,999,6.59459459459459
248,751,6.62096774193548,6.58721704394141,999,6.5955955955956
253,746,6.60079051383399,6.58981233243968,999,6.59259259259259
256,743,6.59375,6.58008075370121,999,6.58358358358358
252,747,6.61111111111111,6.58768406961178,999,6.59359359359359
248,751,6.59274193548387,6.57656458055925,999,6.58058058058058
262,737,6.58396946564886,6.5753052917232,999,6.57757757757758
266,733,6.58270676691729,6.56753069577081,999,6.57157157157157
273,726,6.58608058608059,6.56473829201102,999,6.57057057057057
278,721,6.56834532374101,6.56588072122053,999,6.56656656656657
278,721,6.57913669064748,6.55201109570042,999,6.55955955955956
285,714,6.61052631578947,6.55182072829132,999,6.56856856856857
274,725,6.5948905109489,6.56275862068965,999,6.57157157157157
269,730,6.56505576208178,6.56027397260274,999,6.56156156156156
256,743,6.5703125,6.54508748317631,999,6.55155155155155
257,742,6.55252918287938,6.55660377358491,999,6.55555555555556
252,747,6.54761904761905,6.56760374832664,999,6.56256256256256
258,741,6.53100775193798,6.57354925775978,999,6.56256256256256
262,737,6.53435114503817,6.57666214382632,999,6.56556556556557
266,733,6.50751879699248,6.57708049113233,999,6.55855855855856
269,730,6.51672862453532,6.57123287671233,999,6.55655655655656
264,735,6.52272727272727,6.57142857142857,999,6.55855855855856
264,735,6.52651515151515,6.59455782312925,999,6.57657657657658
266,733,6.51127819548872,6.59754433833561,999,6.57457457457457
265,734,6.50943396226415,6.59400544959128,999,6.57157157157157
267,732,6.49438202247191,6.58333333333333,999,6.55955955955956
266,733,6.5,6.57571623465211,999,6.55555555555556
270,729,6.5,6.58299039780521,999,6.56056056056056
276,723,6.50724637681159,6.58367911479945,999,6.56256256256256
282,717,6.50354609929078,6.57880055788006,999,6.55755755755756
281,718,6.50889679715302,6.57938718662953,999,6.55955955955956
280,719,6.48214285714286,6.56606397774687,999,6.54254254254254
276,723,6.44565217391304,6.57261410788382,999,6.53753753753754
269,730,6.43122676579926,6.58356164383562,999,6.54254254254254
270,729,6.43333333333333,6.57475994513032,999,6.53653653653654
264,735,6.43939393939394,6.58367346938776,999,6.54554554554555
276,723,6.47101449275362,6.57399723374827,999,6.54554554554555
273,726,6.46886446886447,6.57988980716253,999,6.54954954954955
286,713,6.49300699300699,6.58625525946704,999,6.55955955955956
283,716,6.49469964664311,6.59776536312849,999,6.56856856856857
283,716,6.48409893992933,6.59078212290503,999,6.56056056056056
273,726,6.49450549450549,6.58677685950413,999,6.56156156156156
270,729,6.4962962962963,6.61042524005487,999,6.57957957957958
267,732,6.49063670411985,6.62704918032787,999,6.59059059059059
258,741,6.48062015503876,6.60458839406208,999,6.57257257257257
256,743,6.49609375,6.60161507402423,999,6.57457457457457
265,734,6.49056603773585,6.59945504087194,999,6.57057057057057
260,739,6.49615384615385,6.61434370771313,999,6.58358358358358
273,726,6.49450549450549,6.60330578512397,999,6.57357357357357
274,725,6.5,6.61655172413793,999,6.58458458458458
265,734,6.50188679245283,6.61852861035422,999,6.58758758758759
267,732,6.50561797752809,6.61065573770492,999,6.58258258258258
256,743,6.5078125,6.62045760430686,999,6.59159159159159
260,739,6.51923076923077,6.62110960757781,999,6.59459459459459
260,739,6.51538461538462,6.6319350473613,999,6.6016016016016
259,740,6.52895752895753,6.62702702702703,999,6.6016016016016
269,730,6.52044609665428,6.63424657534247,999,6.6036036036036
271,728,6.53505535055351,6.63873626373626,999,6.61061061061061
272,727,6.56617647058824,6.63961485557084,999,6.61961961961962
284,715,6.5669014084507,6.64335664335664,999,6.62162162162162
260,739,6.56538461538462,6.63734776725304,999,6.61861861861862
258,741,6.54651162790698,6.63427800269906,999,6.61161161161161
262,737,6.54198473282443,6.63229308005427,999,6.60860860860861
263,736,6.51330798479087,6.62364130434783,999,6.59459459459459
262,737,6.50381679389313,6.62550881953867,999,6.59359359359359
263,736,6.5171102661597,6.62771739130435,999,6.5985985985986
269,730,6.5092936802974,6.63972602739726,999,6.6046046046046
263,736,6.50190114068441,6.64673913043478,999,6.60860860860861
261,738,6.5095785440613,6.63956639566396,999,6.60560560560561
248,751,6.52016129032258,6.63115845539281,999,6.6036036036036
250,749,6.528,6.630173564753,999,6.6046046046046
249,750,6.53815261044177,6.62933333333333,999,6.60660660660661
250,749,6.548,6.63818424566088,999,6.61561561561562
255,744,6.53333333333333,6.64247311827957,999,6.61461461461461
259,740,6.52509652509652,6.64324324324324,999,6.61261261261261
262,737,6.52671755725191,6.63093622795115,999,6.6036036036036
255,744,6.54509803921569,6.64112903225806,999,6.61661661661662
244,755,6.5327868852459,6.64105960264901,999,6.61461461461461
245,754,6.53877551020408,6.64456233421751,999,6.61861861861862
260,739,6.56923076923077,6.63599458728011,999,6.61861861861862
248,751,6.5241935483871,6.64713715046605,999,6.61661661661662
250,749,6.548,6.63951935914553,999,6.61661661661662
254,745,6.51181102362205,6.65234899328859,999,6.61661661661662
263,736,6.52471482889734,6.64130434782609,999,6.61061061061061
253,746,6.52569169960474,6.6313672922252,999,6.6046046046046
252,747,6.53968253968254,6.61981258366801,999,6.5995995995996
259,740,6.53667953667954,6.61756756756757,999,6.5965965965966
247,752,6.5668016194332,6.60372340425532,999,6.59459459459459
250,749,6.568,6.5981308411215,999,6.59059059059059
247,752,6.5668016194332,6.59175531914894,999,6.58558558558559
245,754,6.58775510204082,6.60079575596817,999,6.5975975975976
240,759,6.5875,6.60210803689065,999,6.5985985985986
227,772,6.59030837004405,6.59844559585492,999,6.5965965965966
229,770,6.59825327510917,6.6,999,6.5995995995996
227,772,6.59471365638767,6.60751295336788,999,6.6046046046046
228,771,6.62719298245614,6.61089494163424,999,6.61461461461461
234,765,6.59401709401709,6.61307189542484,999,6.60860860860861
237,762,6.60759493670886,6.61154855643045,999,6.61061061061061
225,774,6.60888888888889,6.61627906976744,999,6.61461461461461
221,778,6.62443438914027,6.61568123393316,999,6.61761761761762
229,770,6.60698689956332,6.60519480519481,999,6.60560560560561
229,770,6.62882096069869,6.63116883116883,999,6.63063063063063
238,761,6.61764705882353,6.62023653088042,999,6.61961961961962
234,765,6.6025641025641,6.6156862745098,999,6.61261261261261
236,763,6.60169491525424,6.60550458715596,999,6.6046046046046
235,764,6.6,6.61387434554974,999,6.61061061061061
235,764,6.61276595744681,6.6217277486911,999,6.61961961961962
235,764,6.60425531914894,6.61649214659686,999,6.61361361361361
235,764,6.59148936170213,6.62958115183246,999,6.62062062062062
237,762,6.58649789029536,6.63254593175853,999,6.62162162162162
235,764,6.58297872340426,6.63089005235602,999,6.61961961961962
250,749,6.596,6.63417890520694,999,6.62462462462462
244,755,6.59426229508197,6.64105960264901,999,6.62962962962963
257,742,6.59143968871595,6.63477088948787,999,6.62362362362362
257,742,6.5875486381323,6.63477088948787,999,6.62262262262262
258,741,6.6046511627907,6.64777327935223,999,6.63663663663664
268,731,6.59328358208955,6.63885088919289,999,6.62662662662663
274,725,6.58029197080292,6.63724137931034,999,6.62162162162162
270,729,6.58888888888889,6.64197530864198,999,6.62762762762763
270,729,6.5962962962963,6.64334705075446,999,6.63063063063063
266,733,6.6015037593985,6.64120054570259,999,6.63063063063063
264,735,6.60984848484848,6.64761904761905,999,6.63763763763764
268,731,6.61940298507463,6.6593707250342,999,6.64864864864865
269,730,6.61710037174721,6.65205479452055,999,6.64264264264264
255,744,6.60392156862745,6.6491935483871,999,6.63763763763764
262,737,6.59923664122137,6.64993215739484,999,6.63663663663664
262,737,6.59160305343511,6.65807327001357,999,6.64064064064064
274,725,6.60583941605839,6.65793103448276,999,6.64364364364364
278,721,6.60431654676259,6.65742024965326,999,6.64264264264264
279,720,6.59856630824373,6.66388888888889,999,6.64564564564565
284,715,6.61267605633803,6.65454545454545,999,6.64264264264264
281,718,6.61565836298932,6.65738161559889,999,6.64564564564565
280,719,6.62142857142857,6.66481223922114,999,6.65265265265265
273,726,6.61538461538461,6.65840220385675,999,6.64664664664665
276,723,6.6304347826087,6.6597510373444,999,6.65165165165165
271,728,6.60885608856089,6.64972527472527,999,6.63863863863864
264,735,6.63257575757576,6.66530612244898,999,6.65665665665666
261,738,6.61685823754789,6.66666666666667,999,6.65365365365365
263,736,6.63117870722433,6.67798913043478,999,6.66566566566567
270,729,6.63333333333333,6.68175582990398,999,6.66866866866867
280,719,6.62857142857143,6.68289290681502,999,6.66766766766767
276,723,6.64130434782609,6.68879668049793,999,6.67567567567568
272,727,6.63235294117647,6.68363136176066,999,6.66966966966967
263,736,6.63878326996198,6.67527173913043,999,6.66566566566567
256,743,6.62890625,6.67967698519515,999,6.66666666666667
259,740,6.64092664092664,6.68378378378378,999,6.67267267267267
259,740,6.65637065637066,6.69054054054054,999,6.68168168168168
269,730,6.66171003717472,6.6958904109589,999,6.68668668668669
263,736,6.65779467680608,6.6875,999,6.67967967967968
262,737,6.66030534351145,6.6865671641791,999,6.67967967967968
260,739,6.64615384615385,6.69418132611637,999,6.68168168168168
261,738,6.62452107279694,6.69376693766938,999,6.67567567567568
251,748,6.62151394422311,6.68850267379679,999,6.67167167167167
259,740,6.61776061776062,6.68648648648649,999,6.66866866866867
261,738,6.61302681992337,6.68292682926829,999,6.66466466466466
265,734,6.60377358490566,6.6866485013624,999,6.66466466466466
278,721,6.59712230215827,6.69764216366158,999,6.66966966966967
271,728,6.58671586715867,6.70741758241758,999,6.67467467467467
263,736,6.5893536121673,6.69565217391304,999,6.66766766766767
268,731,6.58582089552239,6.69493844049248,999,6.66566566566567
277,722,6.62093862815884,6.69390581717452,999,6.67367367367367
275,724,6.60363636363636,6.70303867403315,999,6.67567567567568
263,736,6.58555133079848,6.69836956521739,999,6.66866866866867
265,734,6.59245283018868,6.69346049046321,999,6.66666666666667
266,733,6.59398496240602,6.69849931787176,999,6.67067067067067
256,743,6.60546875,6.69582772543742,999,6.67267267267267
259,740,6.59459459459459,6.7,999,6.67267267267267
255,744,6.58823529411765,6.70430107526882,999,6.67467467467467
251,748,6.57370517928287,6.71256684491979,999,6.67767767767768
248,751,6.58064516129032,6.71371504660453,999,6.68068068068068
249,750,6.59437751004016,6.72133333333333,999,6.68968968968969
245,754,6.59183673469388,6.71352785145889,999,6.68368368368368
234,765,6.58974358974359,6.71633986928105,999,6.68668668668669
231,768,6.61471861471861,6.72786458333333,999,6.7017017017017
241,758,6.60995850622407,6.72559366754617,999,6.6976976976977
239,760,6.61924686192469,6.71315789473684,999,6.69069069069069
237,762,6.61603375527426,6.71391076115486,999,6.69069069069069
233,766,6.59656652360515,6.72323759791123,999,6.69369369369369
237,762,6.57805907172996,6.7244094488189,999,6.68968968968969
227,772,6.5726872246696,6.71502590673575,999,6.68268268268268
222,777,6.55855855855856,6.72586872586873,999,6.68868868868869
219,780,6.54794520547945,6.71538461538462,999,6.67867867867868
219,780,6.5296803652968,6.71666666666667,999,6.67567567567568
221,778,6.54751131221719,6.7146529562982,999,6.67767767767768
227,772,6.54185022026432,6.71113989637306,999,6.67267267267267
238,761,6.56302521008403,6.71484888304862,999,6.67867867867868
247,752,6.5668016194332,6.7061170212766,999,6.67167167167167
240,759,6.54583333333333,6.72200263504611,999,6.67967967967968
240,759,6.54166666666667,6.71014492753623,999,6.66966966966967
238,761,6.52521008403361,6.70827858081472,999,6.66466466466466
241,758,6.52697095435685,6.70184696569921,999,6.65965965965966
240,759,6.51666666666667,6.70487483530962,999,6.65965965965966
243,756,6.50205761316872,6.70502645502645,999,6.65565565565566
252,747,6.5,6.70013386880857,999,6.64964964964965
255,744,6.49019607843137,6.6989247311828,999,6.64564564564565
236,763,6.48305084745763,6.68545216251638,999,6.63763763763764
244,755,6.49180327868852,6.68609271523179,999,6.63863863863864
248,751,6.48790322580645,6.68308921438083,999,6.63463463463463
246,753,6.48780487804878,6.67729083665339,999,6.63063063063063
241,758,6.49377593360996,6.67414248021108,999,6.63063063063063
246,753,6.47967479674797,6.67463479415671,999,6.62662662662663
245,754,6.45714285714286,6.6816976127321,999,6.62662662662663
233,766,6.47210300429185,6.68276762402089,999,6.63363363363363
222,777,6.46396396396396,6.68854568854569,999,6.63863863863864
226,773,6.47787610619469,6.6843467011643,999,6.63763763763764
216,783,6.47685185185185,6.67177522349936,999,6.62962962962963
222,777,6.5045045045045,6.68597168597169,999,6.64564564564565
232,767,6.49568965517241,6.69230769230769,999,6.64664664664665
235,764,6.51063829787234,6.66884816753927,999,6.63163163163163
228,771,6.51754385964912,6.66536964980545,999,6.63163163163163
237,762,6.50632911392405,6.66535433070866,999,6.62762762762763
234,765,6.4957264957265,6.66797385620915,999,6.62762762762763
235,764,6.51914893617021,6.68193717277487,999,6.64364364364364
235,764,6.51489361702128,6.68586387434555,999,6.64564564564565
232,767,6.51293103448276,6.67666232073012,999,6.63863863863864
225,774,6.52,6.66925064599483,999,6.63563563563564
224,775,6.53571428571429,6.67225806451613,999,6.64164164164164
230,769,6.55652173913044,6.67490247074122,999,6.64764764764765
223,776,6.57847533632287,6.67139175257732,999,6.65065065065065
220,779,6.57272727272727,6.66752246469833,999,6.64664664664665
221,778,6.54751131221719,6.66966580976864,999,6.64264264264264
218,781,6.54128440366972,6.66581306017926,999,6.63863863863864
220,779,6.51363636363636,6.67008985879332,999,6.63563563563564
215,784,6.53023255813954,6.66581632653061,999,6.63663663663664
209,790,6.52153110047847,6.67341772151899,999,6.64164164164164
206,793,6.53398058252427,6.67465321563682,999,6.64564564564565
196,803,6.55612244897959,6.67621419676214,999,6.65265265265265
191,808,6.55497382198953,6.6720297029703,999,6.64964964964965
193,806,6.58549222797927,6.68114143920596,999,6.66266266266266
199,800,6.5678391959799,6.6675,999,6.64764764764765
200,799,6.565,6.67334167709637,999,6.65165165165165
207,792,6.58454106280193,6.67045454545455,999,6.65265265265265
214,785,6.57943925233645,6.68407643312102,999,6.66166166166166
210,789,6.56666666666667,6.68314321926489,999,6.65865865865866
209,790,6.54066985645933,6.68101265822785,999,6.65165165165165
214,785,6.58411214953271,6.67898089171975,999,6.65865865865866
210,789,6.57619047619048,6.67300380228137,999,6.65265265265265
208,791,6.5625,6.67383059418458,999,6.65065065065065
206,793,6.55825242718447,6.68095838587642,999,6.65565565565566
197,802,6.55837563451777,6.69077306733167,999,6.66466466466466
207,792,6.53623188405797,6.6969696969697,999,6.66366366366366
214,785,6.52803738317757,6.71082802547771,999,6.67167167167167
216,783,6.54166666666667,6.71902937420179,999,6.68068068068068
212,787,6.51415094339623,6.72299872935197,999,6.67867867867868
215,784,6.51162790697674,6.72066326530612,999,6.67567567567568
208,791,6.54326923076923,6.72692793931732,999,6.68868868868869
202,797,6.51980198019802,6.73149309912171,999,6.68868868868869
214,785,6.49532710280374,6.73248407643312,999,6.68168168168168
218,781,6.5045871559633,6.73111395646607,999,6.68168168168168
214,785,6.5,6.73503184713376,999,6.68468468468468
214,785,6.49532710280374,6.74777070063694,999,6.69369369369369
210,789,6.4952380952381,6.74778200253485,999,6.69469469469469
214,785,6.51401869158879,6.7515923566879,999,6.7007007007007
218,781,6.47706422018349,6.74263764404609,999,6.68468468468468
225,774,6.47111111111111,6.75193798449612,999,6.68868868868869
218,781,6.4954128440367,6.75928297055058,999,6.7017017017017
218,781,6.48623853211009,6.75928297055058,999,6.6996996996997
227,772,6.48898678414097,6.75518134715026,999,6.69469469469469
224,775,6.52232142857143,6.75483870967742,999,6.7027027027027
224,775,6.52678571428571,6.75354838709677,999,6.7027027027027
229,770,6.51091703056769,6.75584415584416,999,6.6996996996997
231,768,6.53679653679654,6.75911458333333,999,6.70770770770771
234,765,6.56837606837607,6.75424836601307,999,6.71071071071071
224,775,6.55357142857143,6.75870967741935,999,6.71271271271271
229,770,6.54148471615721,6.75714285714286,999,6.70770770770771
230,769,6.56521739130435,6.76072821846554,999,6.71571571571572
230,769,6.56086956521739,6.76332899869961,999,6.71671671671672
234,765,6.55128205128205,6.76209150326797,999,6.71271271271271
232,767,6.57758620689655,6.76271186440678,999,6.71971971971972
228,771,6.57894736842105,6.76005188067445,999,6.71871871871872
237,762,6.56118143459916,6.75853018372703,999,6.71171171171171
237,762,6.56540084388186,6.75721784776903,999,6.71171171171171
238,761,6.57983193277311,6.76478318002628,999,6.72072072072072
230,769,6.59565217391304,6.78023407022107,999,6.73773773773774
234,765,6.5982905982906,6.77124183006536,999,6.73073073073073
226,773,6.62389380530973,6.77619663648124,999,6.74174174174174
225,774,6.62222222222222,6.78036175710594,999,6.74474474474474
219,780,6.62557077625571,6.77948717948718,999,6.74574574574575
220,779,6.61818181818182,6.77406931964056,999,6.73973973973974
227,772,6.62555066079295,6.77979274611399,999,6.74474474474474
231,768,6.63203463203463,6.77994791666667,999,6.74574574574575
230,769,6.62608695652174,6.78283485045514,999,6.74674674674675
219,780,6.62557077625571,6.78076923076923,999,6.74674674674675
221,778,6.65158371040724,6.78020565552699,999,6.75175175175175
228,771,6.63157894736842,6.77561608300908,999,6.74274274274274
223,776,6.63677130044843,6.77448453608247,999,6.74374374374374
220,779,6.64090909090909,6.76893453145058,999,6.74074074074074
219,780,6.62557077625571,6.77307692307692,999,6.74074074074074
214,785,6.64485981308411,6.77707006369427,999,6.74874874874875
218,781,6.65137614678899,6.76952624839949,999,6.74374374374374
213,786,6.68075117370892,6.76844783715013,999,6.74974974974975
219,780,6.67579908675799,6.75897435897436,999,6.74074074074074
222,777,6.68468468468468,6.77220077220077,999,6.75275275275275
212,787,6.69811320754717,6.77763659466328,999,6.76076076076076
210,789,6.6952380952381,6.77820025348542,999,6.76076076076076
208,791,6.68269230769231,6.77623261694058,999,6.75675675675676
210,789,6.7,6.77946768060836,999,6.76276276276276
212,787,6.67924528301887,6.78017789072427,999,6.75875875875876
210,789,6.68095238095238,6.78707224334601,999,6.76476476476476
199,800,6.68341708542714,6.79125,999,6.76976976976977
193,806,6.66839378238342,6.79652605459057,999,6.77177177177177
188,811,6.67021276595745,6.79531442663379,999,6.77177177177177
188,811,6.63829787234043,6.79654747225647,999,6.76676676676677
188,811,6.62765957446809,6.79038224414303,999,6.75975975975976
186,813,6.63440860215054,6.7859778597786,999,6.75775775775776
183,816,6.63387978142076,6.79411764705882,999,6.76476476476476
179,820,6.64804469273743,6.78780487804878,999,6.76276276276276
188,811,6.67553191489362,6.78545006165228,999,6.76476476476476
181,818,6.64640883977901,6.7921760391198,999,6.76576576576577
170,829,6.65294117647059,6.78769601930036,999,6.76476476476476
171,828,6.67836257309941,6.78623188405797,999,6.76776776776777
172,827,6.65116279069767,6.78234582829504,999,6.75975975975976
173,826,6.63005780346821,6.78692493946731,999,6.75975975975976
177,822,6.63276836158192,6.77615571776156,999,6.75075075075075
171,828,6.62573099415205,6.77536231884058,999,6.74974974974975
174,825,6.62068965517241,6.76484848484848,999,6.73973973973974
174,825,6.64367816091954,6.75636363636364,999,6.73673673673674
176,823,6.67045454545455,6.75212636695018,999,6.73773773773774
170,829,6.64117647058824,6.74547647768396,999,6.72772772772773
172,827,6.66279069767442,6.75332527206771,999,6.73773773773774
179,820,6.63128491620112,6.74756097560976,999,6.72672672672673
175,824,6.62857142857143,6.74878640776699,999,6.72772772772773
172,827,6.62790697674419,6.75332527206771,999,6.73173173173173
171,828,6.62573099415205,6.76328502415459,999,6.73973973973974
165,834,6.63636363636364,6.76258992805755,999,6.74174174174174
168,831,6.61309523809524,6.75812274368231,999,6.73373373373373
176,823,6.63068181818182,6.75941676792224,999,6.73673673673674
177,822,6.61581920903955,6.75790754257908,999,6.73273273273273
171,828,6.6140350877193,6.76570048309179,999,6.73973973973974
172,827,6.6046511627907,6.76904474002418,999,6.74074074074074
175,824,6.60571428571429,6.76699029126214,999,6.73873873873874
179,820,6.63128491620112,6.76341463414634,999,6.73973973973974
170,829,6.62941176470588,6.75392038600724,999,6.73273273273273
168,831,6.61904761904762,6.75691937424789,999,6.73373373373373
164,835,6.59756097560976,6.75209580838323,999,6.72672672672673
163,836,6.60122699386503,6.74162679425837,999,6.71871871871872
171,828,6.60233918128655,6.74275362318841,999,6.71871871871872
165,834,6.6,6.74460431654676,999,6.72072072072072
170,829,6.6,6.7503015681544,999,6.72472472472472
163,836,6.59509202453988,6.74641148325359,999,6.72172172172172
173,826,6.57225433526012,6.74697336561743,999,6.71671671671672
173,826,6.57803468208092,6.73970944309927,999,6.71171171171171
164,835,6.55487804878049,6.74131736526946,999,6.71071071071071
169,830,6.53254437869822,6.74457831325301,999,6.70870870870871
166,833,6.53614457831325,6.74549819927971,999,6.71071071071071
172,827,6.55813953488372,6.7496977025393,999,6.71671671671672
168,831,6.56547619047619,6.7424789410349,999,6.71271271271271
170,829,6.57058823529412,6.75271411338963,999,6.72172172172172
164,835,6.55487804878049,6.74730538922156,999,6.71571571571572
160,839,6.5625,6.74255065554231,999,6.71371371371371
158,841,6.56329113924051,6.73959571938169,999,6.71171171171171
167,832,6.58682634730539,6.73918269230769,999,6.71371371371371
167,832,6.58083832335329,6.74158653846154,999,6.71471471471471
161,838,6.59006211180124,6.73031026252983,999,6.70770770770771
166,833,6.59638554216868,6.73229291716687,999,6.70970970970971
165,834,6.58787878787879,6.72781774580336,999,6.7047047047047
155,844,6.59354838709677,6.71563981042654,999,6.6966966966967
160,839,6.5875,6.71156138259833,999,6.69169169169169
161,838,6.57763975155279,6.71957040572792,999,6.6966966966967
174,825,6.57471264367816,6.71272727272727,999,6.68868868868869
170,829,6.6,6.72496984318456,999,6.7037037037037
177,822,6.58757062146893,6.73114355231144,999,6.70570570570571
171,828,6.59649122807018,6.71980676328502,999,6.6986986986987
170,829,6.58823529411765,6.7189384800965,999,6.6966966966967
174,825,6.58045977011494,6.72363636363636,999,6.6986986986987
177,822,6.57062146892655,6.72262773722628,999,6.6956956956957
181,818,6.60773480662983,6.72127139364303,999,6.7007007007007
178,821,6.63483146067416,6.73081607795372,999,6.71371371371371
183,816,6.61748633879781,6.73897058823529,999,6.71671671671672
192,807,6.625,6.74721189591078,999,6.72372372372372
191,808,6.62303664921466,6.74257425742574,999,6.71971971971972
193,806,6.61139896373057,6.74193548387097,999,6.71671671671672
188,811,6.61170212765957,6.74106041923551,999,6.71671671671672
192,807,6.625,6.72862453531599,999,6.70870870870871
193,806,6.64248704663212,6.71712158808933,999,6.7027027027027
197,802,6.63959390862944,6.73067331670823,999,6.71271271271271
198,801,6.66161616161616,6.72284644194757,999,6.71071071071071
196,803,6.67857142857143,6.72353673723537,999,6.71471471471471
196,803,6.68877551020408,6.72602739726027,999,6.71871871871872
195,804,6.7025641025641,6.72636815920398,999,6.72172172172172
195,804,6.71794871794872,6.72512437810945,999,6.72372372372372
198,801,6.73737373737374,6.72284644194757,999,6.72572572572573
198,801,6.72727272727273,6.72284644194757,999,6.72372372372372
198,801,6.73737373737374,6.71535580524345,999,6.71971971971972
190,809,6.71578947368421,6.72558714462299,999,6.72372372372372
191,808,6.72774869109948,6.74009900990099,999,6.73773773773774
195,804,6.73333333333333,6.7363184079602,999,6.73573573573574
199,800,6.75376884422111,6.73625,999,6.73973973973974
202,797,6.73762376237624,6.74027603513174,999,6.73973973973974
199,800,6.73366834170854,6.7375,999,6.73673673673674
194,805,6.76288659793814,6.73664596273292,999,6.74174174174174
202,797,6.75247524752475,6.74027603513174,999,6.74274274274274
221,778,6.76923076923077,6.73393316195373,999,6.74174174174174
211,788,6.77251184834123,6.73477157360406,999,6.74274274274274
206,793,6.77669902912621,6.73392181588903,999,6.74274274274274
218,781,6.75688073394495,6.74391805377721,999,6.74674674674675
211,788,6.739336492891,6.75380710659898,999,6.75075075075075
208,791,6.76442307692308,6.7370417193426,999,6.74274274274274
204,795,6.75980392156863,6.75723270440252,999,6.75775775775776
206,793,6.7621359223301,6.75409836065574,999,6.75575575575576
196,803,6.76020408163265,6.74470734744707,999,6.74774774774775
182,817,6.75824175824176,6.7515299877601,999,6.75275275275275
189,810,6.72486772486772,6.74691358024691,999,6.74274274274274
195,804,6.71794871794872,6.75248756218905,999,6.74574574574575
187,812,6.72727272727273,6.76231527093596,999,6.75575575575576
183,816,6.70491803278689,6.76593137254902,999,6.75475475475475
191,808,6.72251308900524,6.75866336633663,999,6.75175175175175
182,817,6.71428571428571,6.75520195838433,999,6.74774774774775
185,814,6.70810810810811,6.75675675675676,999,6.74774774774775
183,816,6.74863387978142,6.76225490196078,999,6.75975975975976
182,817,6.75274725274725,6.75764993880049,999,6.75675675675676
177,822,6.74011299435028,6.76277372262774,999,6.75875875875876
186,813,6.74731182795699,6.76383763837638,999,6.76076076076076
186,813,6.73655913978495,6.74907749077491,999,6.74674674674675
183,816,6.71584699453552,6.75245098039216,999,6.74574574574575
189,810,6.7037037037037,6.74197530864198,999,6.73473473473473
190,809,6.67368421052632,6.74042027194067,999,6.72772772772773
187,812,6.66310160427807,6.75369458128079,999,6.73673673673674
185,814,6.67567567567568,6.74815724815725,999,6.73473473473473
191,808,6.67015706806283,6.74133663366337,999,6.72772772772773
193,806,6.6580310880829,6.74813895781638,999,6.73073073073073
201,798,6.66666666666667,6.74561403508772,999,6.72972972972973
201,798,6.6865671641791,6.7468671679198,999,6.73473473473473
198,801,6.7020202020202,6.75530586766542,999,6.74474474474474
195,804,6.7025641025641,6.75746268656716,999,6.74674674674675
208,791,6.70673076923077,6.75853350189633,999,6.74774774774775
205,794,6.72195121951219,6.76574307304786,999,6.75675675675676
204,795,6.7156862745098,6.77735849056604,999,6.76476476476476
210,789,6.70952380952381,6.76932826362484,999,6.75675675675676
210,789,6.71904761904762,6.77059569074778,999,6.75975975975976
210,789,6.72857142857143,6.7743979721166,999,6.76476476476476
201,798,6.73134328358209,6.76065162907268,999,6.75475475475475
202,797,6.74257425742574,6.76411543287327,999,6.75975975975976
193,806,6.72538860103627,6.7741935483871,999,6.76476476476476
204,795,6.72549019607843,6.7685534591195,999,6.75975975975976
210,789,6.73333333333333,6.7617237008872,999,6.75575575575576
199,800,6.73869346733668,6.77875,999,6.77077077077077
193,806,6.74093264248705,6.78163771712159,999,6.77377377377377
194,805,6.75773195876289,6.77888198757764,999,6.77477477477477
197,802,6.75126903553299,6.77556109725686,999,6.77077077077077
190,809,6.75263157894737,6.77008652657602,999,6.76676676676677
200,799,6.74,6.76345431789737,999,6.75875875875876
198,801,6.74242424242424,6.76154806491885,999,6.75775775775776
196,803,6.73979591836735,6.75965130759651,999,6.75575575575576
197,802,6.73604060913706,6.75810473815461,999,6.75375375375375
200,799,6.76,6.7622027534418,999,6.76176176176176
189,810,6.78306878306878,6.76543209876543,999,6.76876876876877
190,809,6.76842105263158,6.76885043263288,999,6.76876876876877
189,810,6.75132275132275,6.7641975308642,999,6.76176176176176
200,799,6.78,6.76971214017522,999,6.77177177177177
200,799,6.765,6.78222778473091,999,6.77877877877878
203,796,6.77339901477832,6.77889447236181,999,6.77777777777778
204,795,6.77941176470588,6.77861635220126,999,6.77877877877878
208,791,6.77403846153846,6.79013906447535,999,6.78678678678679
207,792,6.78260869565217,6.78914141414141,999,6.78778778778779
214,785,6.77570093457944,6.79108280254777,999,6.78778778778779
219,780,6.77625570776256,6.79358974358974,999,6.78978978978979
215,784,6.78139534883721,6.78698979591837,999,6.78578578578579
214,785,6.77570093457944,6.79108280254777,999,6.78778778778779
224,775,6.79464285714286,6.79870967741935,999,6.7977977977978
224,775,6.77232142857143,6.79741935483871,999,6.79179179179179
224,775,6.77678571428571,6.80516129032258,999,6.7987987987988
231,768,6.79220779220779,6.80859375,999,6.8048048048048
224,775,6.77678571428571,6.80903225806452,999,6.8018018018018
228,771,6.75877192982456,6.80544747081712,999,6.79479479479479
231,768,6.76190476190476,6.80598958333333,999,6.7957957957958
236,763,6.78389830508475,6.8086500655308,999,6.8028028028028
238,761,6.76470588235294,6.8042049934297,999,6.79479479479479
240,759,6.7875,6.80632411067194,999,6.8018018018018
233,766,6.80257510729614,6.78981723237598,999,6.79279279279279
223,776,6.79372197309417,6.80025773195876,999,6.7987987987988
225,774,6.80888888888889,6.80103359173127,999,6.8028028028028
225,774,6.8,6.81007751937984,999,6.80780780780781
222,777,6.81531531531532,6.81853281853282,999,6.81781781781782
222,777,6.82882882882883,6.81853281853282,999,6.82082082082082
231,768,6.84848484848485,6.81901041666667,999,6.82582582582583
235,764,6.8468085106383,6.81282722513089,999,6.82082082082082
240,759,6.84583333333333,6.82345191040843,999,6.82882882882883
248,751,6.83870967741935,6.81624500665779,999,6.82182182182182
245,754,6.84489795918367,6.8209549071618,999,6.82682682682683
250,749,6.836,6.82109479305741,999,6.82482482482482
245,754,6.82040816326531,6.8236074270557,999,6.82282282282282
242,757,6.83884297520661,6.82959048877147,999,6.83183183183183
246,753,6.82926829268293,6.83001328021248,999,6.82982982982983
247,752,6.84210526315789,6.82446808510638,999,6.82882882882883
248,751,6.85887096774194,6.82956058588549,999,6.83683683683684
246,753,6.84959349593496,6.8207171314741,999,6.82782782782783
258,741,6.85271317829457,6.8191632928475,999,6.82782782782783
267,732,6.86142322097378,6.81830601092896,999,6.82982982982983
271,728,6.86346863468635,6.81456043956044,999,6.82782782782783
279,720,6.87813620071685,6.81944444444444,999,6.83583583583584
285,714,6.89473684210526,6.82352941176471,999,6.84384384384384
283,716,6.89399293286219,6.83240223463687,999,6.84984984984985
278,721,6.88129496402878,6.82801664355062,999,6.84284284284284
274,725,6.88321167883212,6.82896551724138,999,6.84384384384384
272,727,6.89705882352941,6.83218707015131,999,6.84984984984985
269,730,6.89219330855019,6.83013698630137,999,6.84684684684685
268,731,6.89179104477612,6.82216142270862,999,6.84084084084084
272,727,6.88602941176471,6.82393397524072,999,6.84084084084084
271,728,6.88191881918819,6.82692307692308,999,6.84184184184184
268,731,6.89925373134328,6.81942544459644,999,6.84084084084084
271,728,6.90036900369004,6.82005494505495,999,6.84184184184184
279,720,6.89247311827957,6.81805555555556,999,6.83883883883884
278,721,6.89208633093525,6.82662968099861,999,6.84484484484484
289,710,6.88235294117647,6.82676056338028,999,6.84284284284284
298,701,6.88255033557047,6.8188302425107,999,6.83783783783784
295,704,6.87796610169492,6.81534090909091,999,6.83383383383383
289,710,6.88235294117647,6.80845070422535,999,6.82982982982983
289,710,6.88235294117647,6.82112676056338,999,6.83883883883884
302,697,6.87417218543046,6.82639885222382,999,6.84084084084084
281,718,6.88256227758007,6.82590529247911,999,6.84184184184184
292,707,6.88698630136986,6.82885431400283,999,6.84584584584585
297,702,6.89225589225589,6.82336182336182,999,6.84384384384384
292,707,6.88356164383562,6.82178217821782,999,6.83983983983984
293,706,6.87713310580205,6.8314447592068,999,6.84484484484484
300,699,6.87,6.83118741058655,999,6.84284284284284
293,706,6.86348122866894,6.8314447592068,999,6.84084084084084
292,707,6.85616438356164,6.82602545968883,999,6.83483483483483
293,706,6.86348122866894,6.828611898017,999,6.83883883883884
293,706,6.86689419795222,6.8257790368272,999,6.83783783783784
297,702,6.85521885521886,6.82051282051282,999,6.83083083083083
303,696,6.86468646864686,6.82040229885058,999,6.83383383383383
306,693,6.87254901960784,6.82395382395382,999,6.83883883883884
311,688,6.85852090032154,6.82122093023256,999,6.83283283283283
303,696,6.84818481848185,6.82327586206897,999,6.83083083083083
301,698,6.86046511627907,6.83094555873925,999,6.83983983983984
296,703,6.86148648648649,6.81934566145092,999,6.83183183183183
293,706,6.84982935153584,6.81019830028329,999,6.82182182182182
290,709,6.84827586206897,6.80394922425952,999,6.81681681681682
293,706,6.86006825938567,6.80311614730878,999,6.81981981981982
298,701,6.85234899328859,6.80456490727532,999,6.81881881881882
294,705,6.85034013605442,6.80425531914894,999,6.81781781781782
294,705,6.8469387755102,6.79574468085106,999,6.81081081081081
300,699,6.83666666666667,6.80400572246066,999,6.81381381381381
303,696,6.83168316831683,6.80747126436782,999,6.81481481481481
301,698,6.83056478405316,6.80229226361032,999,6.81081081081081
312,687,6.81730769230769,6.81077147016012,999,6.81281281281281
320,679,6.803125,6.8159057437408,999,6.81181181181181
324,675,6.8179012345679,6.8162962962963,999,6.81681681681682
315,684,6.81904761904762,6.82163742690059,999,6.82082082082082
309,690,6.80906148867314,6.81884057971014,999,6.81581581581582
299,700,6.80936454849498,6.82428571428571,999,6.81981981981982
297,702,6.82491582491583,6.81908831908832,999,6.82082082082082
304,695,6.83223684210526,6.82589928057554,999,6.82782782782783
299,700,6.83277591973244,6.82714285714286,999,6.82882882882883
300,699,6.83333333333333,6.82689556509299,999,6.82882882882883
295,704,6.82033898305085,6.83380681818182,999,6.82982982982983
306,693,6.8202614379085,6.84126984126984,999,6.83483483483483
294,705,6.80612244897959,6.83262411347518,999,6.82482482482482
305,694,6.81639344262295,6.84293948126801,999,6.83483483483483
299,700,6.82608695652174,6.84571428571429,999,6.83983983983984
313,686,6.83386581469649,6.85568513119533,999,6.84884884884885
321,678,6.84423676012461,6.85250737463127,999,6.84984984984985
324,675,6.83641975308642,6.86222222222222,999,6.85385385385385
332,667,6.82831325301205,6.86206896551724,999,6.85085085085085
320,679,6.825,6.86303387334315,999,6.85085085085085
314,685,6.80891719745223,6.86715328467153,999,6.84884884884885
316,683,6.83227848101266,6.87554904831625,999,6.86186186186186
316,683,6.83544303797468,6.8696925329429,999,6.85885885885886
314,685,6.82165605095541,6.85693430656934,999,6.84584584584585
307,692,6.82410423452769,6.85982658959538,999,6.84884884884885
301,698,6.82392026578073,6.8567335243553,999,6.84684684684685
312,687,6.82051282051282,6.8646288209607,999,6.85085085085085
310,689,6.80322580645161,6.86066763425254,999,6.84284284284284
302,697,6.82119205298013,6.86370157819225,999,6.85085085085085
304,695,6.82236842105263,6.85755395683453,999,6.84684684684685
309,690,6.83495145631068,6.8536231884058,999,6.84784784784785
304,695,6.83881578947368,6.84892086330935,999,6.84584584584585
305,694,6.82950819672131,6.85590778097983,999,6.84784784784785
305,694,6.83606557377049,6.85590778097983,999,6.84984984984985
305,694,6.84918032786885,6.84726224783862,999,6.84784784784785
302,697,6.84105960264901,6.85939741750359,999,6.85385385385385
309,690,6.83818770226537,6.85507246376812,999,6.84984984984985
308,691,6.82467532467532,6.84804630969609,999,6.84084084084084
311,688,6.84565916398714,6.8531976744186,999,6.85085085085085
311,688,6.83922829581994,6.8531976744186,999,6.84884884884885
315,684,6.84126984126984,6.85526315789474,999,6.85085085085085
309,690,6.84142394822006,6.85507246376812,999,6.85085085085085
306,693,6.83660130718954,6.86002886002886,999,6.85285285285285
308,691,6.83441558441558,6.86107091172214,999,6.85285285285285
315,684,6.83174603174603,6.85380116959064,999,6.84684684684685
306,693,6.83333333333333,6.85714285714286,999,6.84984984984985
307,692,6.82736156351792,6.85549132947977,999,6.84684684684685
295,704,6.83728813559322,6.86079545454545,999,6.85385385385385
306,693,6.84967320261438,6.86002886002886,999,6.85685685685686
301,698,6.83388704318937,6.85243553008596,999,6.84684684684685
297,702,6.83501683501683,6.85612535612536,999,6.84984984984985
295,704,6.83728813559322,6.85511363636364,999,6.84984984984985
295,704,6.83728813559322,6.84943181818182,999,6.84584584584585
300,699,6.85333333333333,6.83834048640916,999,6.84284284284284
304,695,6.85855263157895,6.83741007194245,999,6.84384384384384
311,688,6.85530546623794,6.84011627906977,999,6.84484484484484
306,693,6.86601307189542,6.83694083694084,999,6.84584584584585
307,692,6.86970684039088,6.83670520231214,999,6.84684684684685
308,691,6.86363636363636,6.83357452966715,999,6.84284284284284
309,690,6.86731391585761,6.82898550724638,999,6.84084084084084
295,704,6.86779661016949,6.82528409090909,999,6.83783783783784
279,720,6.87813620071685,6.81805555555556,999,6.83483483483483
287,712,6.8815331010453,6.82443820224719,999,6.84084084084084
277,722,6.88086642599278,6.8185595567867,999,6.83583583583584
276,723,6.8768115942029,6.81742738589212,999,6.83383383383383
272,727,6.86764705882353,6.82668500687758,999,6.83783783783784
264,735,6.86363636363636,6.82176870748299,999,6.83283283283283
259,740,6.85714285714286,6.82567567567568,999,6.83383383383383
265,734,6.86037735849057,6.82697547683924,999,6.83583583583584
272,727,6.86764705882353,6.83081155433287,999,6.84084084084084
267,732,6.86516853932584,6.82513661202186,999,6.83583583583584
267,732,6.88014981273408,6.82650273224044,999,6.84084084084084
272,727,6.88970588235294,6.82530949105915,999,6.84284284284284
257,742,6.88326848249027,6.81940700808625,999,6.83583583583584
251,748,6.8804780876494,6.82754010695187,999,6.84084084084084
239,760,6.89539748953975,6.82763157894737,999,6.84384384384384
241,758,6.89626556016598,6.8179419525066,999,6.83683683683684
242,757,6.90082644628099,6.82034346103038,999,6.83983983983984
244,755,6.89754098360656,6.81854304635762,999,6.83783783783784
245,754,6.89387755102041,6.8289124668435,999,6.84484484484484
241,758,6.89626556016598,6.81662269129288,999,6.83583583583584
239,760,6.89121338912134,6.83289473684211,999,6.84684684684685
236,763,6.88559322033898,6.83748361730013,999,6.84884884884885
241,758,6.87551867219917,6.83905013192612,999,6.84784784784785
243,756,6.87242798353909,6.83730158730159,999,6.84584584584585
252,747,6.88492063492064,6.83935742971888,999,6.85085085085085
256,743,6.8828125,6.83445491251682,999,6.84684684684685
247,752,6.87854251012146,6.82313829787234,999,6.83683683683684
243,756,6.87654320987654,6.82539682539683,999,6.83783783783784
238,761,6.8781512605042,6.82522996057819,999,6.83783783783784
240,759,6.875,6.82213438735178,999,6.83483483483483
252,747,6.87301587301587,6.81927710843374,999,6.83283283283283
254,745,6.87007874015748,6.81744966442953,999,6.83083083083083
251,748,6.86852589641434,6.81016042780749,999,6.82482482482482
254,745,6.8740157480315,6.80805369127517,999,6.82482482482482
258,741,6.87596899224806,6.80431848852901,999,6.82282282282282
249,750,6.87550200803213,6.81066666666667,999,6.82682682682683
252,747,6.86904761904762,6.80321285140562,999,6.81981981981982
247,752,6.87044534412955,6.80452127659574,999,6.82082082082082
249,750,6.86345381526104,6.80266666666667,999,6.81781781781782
256,743,6.8671875,6.79273216689098,999,6.81181181181181
257,742,6.86770428015564,6.79514824797844,999,6.81381381381381
262,737,6.86259541984733,6.7910447761194,999,6.80980980980981
253,746,6.86166007905138,6.78016085790885,999,6.8008008008008
264,735,6.85606060606061,6.78503401360544,999,6.8038038038038
272,727,6.86397058823529,6.78266850068776,999,6.8048048048048
266,733,6.86466165413534,6.78444747612551,999,6.80580580580581
270,729,6.86666666666667,6.7764060356653,999,6.8008008008008
262,737,6.87404580152672,6.7774762550882,999,6.8028028028028
254,745,6.8740157480315,6.78926174496644,999,6.81081081081081
247,752,6.87449392712551,6.79654255319149,999,6.81581581581582
253,746,6.86561264822134,6.79624664879357,999,6.81381381381381
267,732,6.87265917602996,6.79508196721311,999,6.81581581581582
262,737,6.88931297709924,6.79918588873813,999,6.82282282282282
254,745,6.88976377952756,6.80536912751678,999,6.82682682682683
258,741,6.87984496124031,6.79892037786775,999,6.81981981981982
261,738,6.88122605363985,6.79810298102981,999,6.81981981981982
253,746,6.87351778656126,6.79758713136729,999,6.81681681681682
249,750,6.87550200803213,6.79066666666667,999,6.81181181181181
240,759,6.87083333333333,6.79841897233202,999,6.81581581581582
233,766,6.85407725321888,6.80809399477807,999,6.81881881881882
242,757,6.8595041322314,6.80581241743725,999,6.81881881881882
248,751,6.875,6.80559254327563,999,6.82282282282282
258,741,6.86821705426357,6.80566801619433,999,6.82182182182182
252,747,6.88492063492064,6.81124497991968,999,6.82982982982983
245,754,6.8734693877551,6.81299734748011,999,6.82782782782783
245,754,6.87755102040816,6.80238726790451,999,6.82082082082082
239,760,6.88284518828452,6.81184210526316,999,6.82882882882883
249,750,6.8714859437751,6.804,999,6.82082082082082
245,754,6.8734693877551,6.80636604774536,999,6.82282282282282
247,752,6.87044534412955,6.80984042553191,999,6.82482482482482
252,747,6.87301587301587,6.81124497991968,999,6.82682682682683
261,738,6.88505747126437,6.81707317073171,999,6.83483483483483
258,741,6.88759689922481,6.80431848852901,999,6.82582582582583
254,745,6.88582677165354,6.80671140939597,999,6.82682682682683
266,733,6.89097744360902,6.80900409276944,999,6.83083083083083
273,726,6.89377289377289,6.81267217630854,999,6.83483483483483
275,724,6.89454545454545,6.8232044198895,999,6.84284284284284
274,725,6.88321167883212,6.82344827586207,999,6.83983983983984
266,733,6.89097744360902,6.82946793997271,999,6.84584584584585
250,749,6.888,6.82777036048064,999,6.84284284284284
255,744,6.89019607843137,6.84005376344086,999,6.85285285285285
249,750,6.8995983935743,6.84133333333333,999,6.85585585585586
254,745,6.89370078740157,6.84161073825503,999,6.85485485485485
257,742,6.88715953307393,6.84366576819407,999,6.85485485485485
256,743,6.89453125,6.8492597577389,999,6.86086086086086
256,743,6.8984375,6.84656796769852,999,6.85985985985986
259,740,6.88803088803089,6.85,999,6.85985985985986
264,735,6.90530303030303,6.8530612244898,999,6.86686686686687
269,730,6.89219330855019,6.84931506849315,999,6.86086086086086
272,727,6.88235294117647,6.84594222833563,999,6.85585585585586
278,721,6.87769784172662,6.83633841886269,999,6.84784784784785
280,719,6.875,6.83449235048679,999,6.84584584584585
277,722,6.87003610108303,6.83795013850416,999,6.84684684684685
285,714,6.87017543859649,6.84173669467787,999,6.84984984984985
288,711,6.87847222222222,6.83825597749648,999,6.84984984984985
288,711,6.87152777777778,6.83684950773558,999,6.84684684684685
297,702,6.87205387205387,6.84045584045584,999,6.84984984984985
295,704,6.88135593220339,6.84659090909091,999,6.85685685685686
297,702,6.87878787878788,6.84330484330484,999,6.85385385385385
299,700,6.8695652173913,6.83714285714286,999,6.84684684684685
301,698,6.88039867109635,6.83094555873925,999,6.84584584584585
299,700,6.8695652173913,6.83142857142857,999,6.84284284284284
306,693,6.87581699346405,6.83982683982684,999,6.85085085085085
300,699,6.87333333333333,6.83977110157368,999,6.84984984984985
307,692,6.87296416938111,6.83236994219653,999,6.84484484484484
298,701,6.86912751677852,6.83737517831669,999,6.84684684684685
300,699,6.87666666666667,6.83547925608011,999,6.84784784784785
296,703,6.87162162162162,6.82788051209104,999,6.84084084084084
293,706,6.88054607508532,6.8257790368272,999,6.84184184184184
299,700,6.88628762541806,6.84142857142857,999,6.85485485485485
289,710,6.87889273356401,6.84225352112676,999,6.85285285285285
290,709,6.87586206896552,6.8392101551481,999,6.84984984984985
297,702,6.86868686868687,6.85185185185185,999,6.85685685685686
303,696,6.88118811881188,6.86206896551724,999,6.86786786786787
298,701,6.87919463087248,6.86305278174037,999,6.86786786786787
306,693,6.87908496732026,6.86580086580087,999,6.86986986986987
294,705,6.89455782312925,6.86099290780142,999,6.87087087087087
290,709,6.89655172413793,6.85190409026798,999,6.86486486486486
290,709,6.90689655172414,6.84344146685472,999,6.86186186186186
289,710,6.8961937716263,6.84225352112676,999,6.85785785785786
282,717,6.89007092198582,6.84518828451883,999,6.85785785785786
288,711,6.89930555555556,6.84950773558368,999,6.86386386386386
301,698,6.8936877076412,6.85386819484241,999,6.86586586586587
301,698,6.88704318936877,6.84527220630372,999,6.85785785785786
308,691,6.89285714285714,6.84081041968162,999,6.85685685685686
307,692,6.89250814332248,6.84393063583815,999,6.85885885885886
309,690,6.88996763754045,6.83913043478261,999,6.85485485485485
295,704,6.88135593220339,6.83096590909091,999,6.84584584584585
299,700,6.87959866220736,6.82714285714286,999,6.84284284284284
289,710,6.88581314878893,6.84084507042254,999,6.85385385385385
286,713,6.88461538461539,6.83309957924264,999,6.84784784784785
293,706,6.8839590443686,6.8371104815864,999,6.85085085085085
292,707,6.88698630136986,6.84441301272984,999,6.85685685685686
283,716,6.87985865724382,6.84078212290503,999,6.85185185185185
287,712,6.8815331010453,6.83848314606742,999,6.85085085085085
283,716,6.88339222614841,6.84217877094972,999,6.85385385385385
279,720,6.88888888888889,6.85,999,6.86086086086086
286,713,6.88461538461539,6.835904628331,999,6.84984984984985
277,722,6.90613718411552,6.83240997229917,999,6.85285285285285
276,723,6.91666666666667,6.83402489626556,999,6.85685685685686
273,726,6.91208791208791,6.82920110192837,999,6.85185185185185
273,726,6.91575091575092,6.82506887052342,999,6.84984984984985
280,719,6.90714285714286,6.82614742698192,999,6.84884884884885
276,723,6.90942028985507,6.83125864453665,999,6.85285285285285
280,719,6.92142857142857,6.82753824756606,999,6.85385385385385
284,715,6.91549295774648,6.82237762237762,999,6.84884884884885
284,715,6.91549295774648,6.81118881118881,999,6.84084084084084
278,721,6.9136690647482,6.80166435506241,999,6.83283283283283
282,717,6.90780141843972,6.79637377963738,999,6.82782782782783
280,719,6.91428571428571,6.78998609179416,999,6.82482482482482
274,725,6.91970802919708,6.79310344827586,999,6.82782782782783
287,712,6.93728222996516,6.78511235955056,999,6.82882882882883
277,722,6.93862815884477,6.78393351800554,999,6.82682682682683
282,717,6.93971631205674,6.77824267782427,999,6.82382382382382
280,719,6.93928571428571,6.76356050069541,999,6.81281281281281
269,730,6.92936802973978,6.75753424657534,999,6.8038038038038
284,715,6.92253521126761,6.76223776223776,999,6.80780780780781
289,710,6.91349480968858,6.76478873239437,999,6.80780780780781
267,732,6.91760299625468,6.7568306010929,999,6.7997997997998
274,725,6.91970802919708,6.75310344827586,999,6.7987987987988
264,735,6.91287878787879,6.75510204081633,999,6.7967967967968
270,729,6.9037037037037,6.75445816186557,999,6.79479479479479
268,731,6.91044776119403,6.75512995896033,999,6.7967967967968
270,729,6.91111111111111,6.75720164609054,999,6.7987987987988
262,737,6.90839694656489,6.7516960651289,999,6.79279279279279
258,741,6.91860465116279,6.74763832658569,999,6.79179179179179
255,744,6.90588235294118,6.75537634408602,999,6.79379379379379
257,742,6.8988326848249,6.75741239892183,999,6.79379379379379
261,738,6.89272030651341,6.75745257452574,999,6.79279279279279
261,738,6.88888888888889,6.75609756097561,999,6.79079079079079
261,738,6.88888888888889,6.76287262872629,999,6.7957957957958
262,737,6.88931297709924,6.76390773405699,999,6.7967967967968
251,748,6.9003984063745,6.77540106951872,999,6.80680680680681
250,749,6.896,6.76902536715621,999,6.8008008008008
249,750,6.90361445783132,6.76,999,6.7957957957958
244,755,6.90573770491803,6.77748344370861,999,6.80880880880881
251,748,6.90438247011952,6.78609625668449,999,6.81581581581582
259,740,6.8957528957529,6.79459459459459,999,6.82082082082082
253,746,6.88932806324111,6.79088471849866,999,6.81581581581582
260,739,6.88846153846154,6.79702300405954,999,6.82082082082082
268,731,6.88432835820895,6.80300957592339,999,6.82482482482482
266,733,6.8984962406015,6.806275579809,999,6.83083083083083
261,738,6.90804597701149,6.79945799457995,999,6.82782782782783
257,742,6.91439688715953,6.79649595687331,999,6.82682682682683
255,744,6.90588235294118,6.8010752688172,999,6.82782782782783
251,748,6.91633466135458,6.80080213903743,999,6.82982982982983
257,742,6.91828793774319,6.79649595687331,999,6.82782782782783
251,748,6.91235059760956,6.78609625668449,999,6.81781781781782
252,747,6.90476190476191,6.78447121820616,999,6.81481481481481
261,738,6.90421455938697,6.79268292682927,999,6.82182182182182
261,738,6.90804597701149,6.79810298102981,999,6.82682682682683
255,744,6.90196078431373,6.79166666666667,999,6.81981981981982
261,738,6.89272030651341,6.7940379403794,999,6.81981981981982
267,732,6.89138576779026,6.79371584699454,999,6.81981981981982
259,740,6.88803088803089,6.78513513513514,999,6.81181181181181
251,748,6.88844621513944,6.7807486631016,999,6.80780780780781
255,744,6.89411764705882,6.78225806451613,999,6.81081081081081
265,734,6.89811320754717,6.77520435967302,999,6.80780780780781
258,741,6.89147286821705,6.77597840755736,999,6.80580580580581
267,732,6.89513108614232,6.77732240437158,999,6.80880880880881
256,743,6.89453125,6.77523553162853,999,6.80580580580581
256,743,6.87890625,6.77388963660834,999,6.8008008008008
248,751,6.89516129032258,6.77097203728362,999,6.8018018018018
248,751,6.91532258064516,6.77363515312916,999,6.80880880880881
251,748,6.91633466135458,6.77673796791444,999,6.81181181181181
242,757,6.91322314049587,6.77939233817701,999,6.81181181181181
244,755,6.91803278688525,6.78543046357616,999,6.81781781781782
232,767,6.90948275862069,6.78226857887875,999,6.81181181181181
229,770,6.90829694323144,6.78571428571429,999,6.81381381381381
232,767,6.91379310344828,6.79400260756193,999,6.82182182182182
234,765,6.91025641025641,6.79869281045752,999,6.82482482482482
229,770,6.91266375545852,6.8025974025974,999,6.82782782782783
227,772,6.90748898678414,6.81088082901554,999,6.83283283283283
239,760,6.92050209205021,6.80789473684211,999,6.83483483483483
237,762,6.90717299578059,6.80314960629921,999,6.82782782782783
227,772,6.90308370044053,6.80181347150259,999,6.82482482482482
225,774,6.89777777777778,6.80361757105943,999,6.82482482482482
215,784,6.90232558139535,6.79974489795918,999,6.82182182182182
219,780,6.90867579908676,6.79615384615385,999,6.82082082082082
221,778,6.90950226244344,6.79305912596401,999,6.81881881881882
220,779,6.91818181818182,6.78818998716303,999,6.81681681681682
215,784,6.90697674418605,6.79081632653061,999,6.81581581581582
226,773,6.9070796460177,6.79172056921087,999,6.81781781781782
230,769,6.90434782608696,6.8075422626788,999,6.82982982982983
230,769,6.90869565217391,6.79973992197659,999,6.82482482482482
227,772,6.91189427312775,6.80181347150259,999,6.82682682682683
227,772,6.92070484581498,6.79663212435233,999,6.82482482482482
233,766,6.92274678111588,6.79242819843342,999,6.82282282282282
227,772,6.92070484581498,6.7979274611399,999,6.82582582582583
222,777,6.91891891891892,6.80566280566281,999,6.83083083083083
221,778,6.9185520361991,6.80462724935733,999,6.82982982982983
216,783,6.91666666666667,6.79821200510856,999,6.82382382382382
224,775,6.91071428571429,6.8,999,6.82482482482482
229,770,6.91703056768559,6.80649350649351,999,6.83183183183183
234,765,6.92307692307692,6.80915032679739,999,6.83583583583584
233,766,6.92274678111588,6.82375979112272,999,6.84684684684685
231,768,6.91341991341991,6.82161458333333,999,6.84284284284284
219,780,6.92694063926941,6.81538461538462,999,6.83983983983984
226,773,6.92035398230088,6.81630012936611,999,6.83983983983984
227,772,6.91189427312775,6.82772020725389,999,6.84684684684685
220,779,6.89545454545455,6.82156611039795,999,6.83783783783784
224,775,6.90625,6.82451612903226,999,6.84284284284284
228,771,6.89473684210526,6.82749675745785,999,6.84284284284284
228,771,6.90350877192982,6.83268482490272,999,6.84884884884885
228,771,6.91228070175439,6.83268482490272,999,6.85085085085085
223,776,6.90134529147982,6.82989690721649,999,6.84584584584585
228,771,6.89912280701754,6.83009079118029,999,6.84584584584585
229,770,6.90393013100437,6.83246753246753,999,6.84884884884885
228,771,6.89912280701754,6.83009079118029,999,6.84584584584585
233,766,6.90987124463519,6.8289817232376,999,6.84784784784785
232,767,6.90948275862069,6.82529335071708,999,6.84484484484484
240,759,6.925,6.81422924901186,999,6.84084084084084
247,752,6.90688259109312,6.80984042553191,999,6.83383383383383
251,748,6.90836653386454,6.81016042780749,999,6.83483483483483
250,749,6.92,6.81308411214953,999,6.83983983983984
249,750,6.90763052208835,6.82266666666667,999,6.84384384384384
251,748,6.90836653386454,6.81951871657754,999,6.84184184184184
254,745,6.90551181102362,6.82147651006711,999,6.84284284284284
265,734,6.90943396226415,6.82697547683924,999,6.84884884884885
273,726,6.89377289377289,6.81818181818182,999,6.83883883883884
270,729,6.9,6.81893004115226,999,6.84084084084084
270,729,6.9,6.81207133058985,999,6.83583583583584
275,724,6.90909090909091,6.80524861878453,999,6.83383383383383
275,724,6.91272727272727,6.80662983425414,999,6.83583583583584
280,719,6.91071428571429,6.80945757997218,999,6.83783783783784
280,719,6.90357142857143,6.80250347705146,999,6.83083083083083
277,722,6.90613718411552,6.81163434903047,999,6.83783783783784
269,730,6.90334572490706,6.81780821917808,999,6.84084084084084
277,722,6.89891696750903,6.81717451523546,999,6.83983983983984
268,731,6.89925373134328,6.81532147742818,999,6.83783783783784
265,734,6.90188679245283,6.81880108991826,999,6.84084084084084
279,720,6.90322580645161,6.81527777777778,999,6.83983983983984
280,719,6.89642857142857,6.80667593880389,999,6.83183183183183
269,730,6.8996282527881,6.7972602739726,999,6.82482482482482
273,726,6.89377289377289,6.80578512396694,999,6.82982982982983
275,724,6.88363636363636,6.80386740331492,999,6.82582582582583
261,738,6.90421455938697,6.79945799457995,999,6.82682682682683
264,735,6.90530303030303,6.8,999,6.82782782782783
251,748,6.90836653386454,6.79812834224599,999,6.82582582582583
258,741,6.9031007751938,6.79757085020243,999,6.82482482482482
264,735,6.89772727272727,6.79863945578231,999,6.82482482482482
270,729,6.8962962962963,6.78875171467764,999,6.81781781781782
263,736,6.89733840304183,6.7866847826087,999,6.81581581581582
264,735,6.89772727272727,6.79727891156463,999,6.82382382382382
264,735,6.90530303030303,6.80680272108844,999,6.83283283283283
267,732,6.9063670411985,6.8155737704918,999,6.83983983983984
270,729,6.9037037037037,6.80658436213992,999,6.83283283283283
268,731,6.8955223880597,6.79890560875513,999,6.82482482482482
272,727,6.89705882352941,6.79642365887208,999,6.82382382382382
280,719,6.88928571428571,6.80806675938804,999,6.83083083083083
270,729,6.87037037037037,6.82441700960219,999,6.83683683683684
266,733,6.8796992481203,6.82401091405184,999,6.83883883883884
263,736,6.88212927756654,6.82201086956522,999,6.83783783783784
261,738,6.86973180076628,6.83062330623306,999,6.84084084084084
263,736,6.8745247148289,6.82065217391304,999,6.83483483483483
271,728,6.87084870848708,6.82005494505495,999,6.83383383383383
269,730,6.86617100371747,6.81643835616438,999,6.82982982982983
276,723,6.86594202898551,6.81604426002766,999,6.82982982982983
278,721,6.86690647482014,6.81414701803051,999,6.82882882882883
277,722,6.86281588447653,6.81717451523546,999,6.82982982982983
280,719,6.86785714285714,6.82197496522949,999,6.83483483483483
271,728,6.86346863468635,6.82554945054945,999,6.83583583583584
281,718,6.87544483985765,6.82033426183844,999,6.83583583583584
278,721,6.8705035971223,6.81830790568655,999,6.83283283283283
274,725,6.87226277372263,6.82068965517241,999,6.83483483483483
277,722,6.87364620938628,6.81301939058172,999,6.82982982982983
276,723,6.85869565217391,6.82019363762102,999,6.83083083083083
280,719,6.86428571428571,6.8191933240612,999,6.83183183183183
273,726,6.86080586080586,6.8168044077135,999,6.82882882882883
281,718,6.86832740213523,6.81476323119777,999,6.82982982982983
275,724,6.86181818181818,6.82044198895028,999,6.83183183183183
284,715,6.88380281690141,6.81118881118881,999,6.83183183183183
269,730,6.89219330855019,6.82191780821918,999,6.84084084084084
274,725,6.88686131386861,6.82206896551724,999,6.83983983983984
272,727,6.89705882352941,6.82393397524072,999,6.84384384384384
268,731,6.89925373134328,6.82489740082079,999,6.84484484484484
256,743,6.90234375,6.82234185733513,999,6.84284284284284
249,750,6.8995983935743,6.82266666666667,999,6.84184184184184
249,750,6.91164658634538,6.81866666666667,999,6.84184184184184
248,751,6.90725806451613,6.81624500665779,999,6.83883883883884
251,748,6.89641434262948,6.81550802139037,999,6.83583583583584
249,750,6.89558232931727,6.804,999,6.82682682682683
245,754,6.90204081632653,6.81167108753316,999,6.83383383383383
240,759,6.89583333333333,6.82213438735178,999,6.83983983983984
241,758,6.89626556016598,6.8179419525066,999,6.83683683683684
234,765,6.9017094017094,6.8156862745098,999,6.83583583583584
224,775,6.90178571428571,6.80903225806452,999,6.82982982982983
221,778,6.90950226244344,6.81619537275064,999,6.83683683683684
208,791,6.92307692307692,6.81921618204804,999,6.84084084084084
213,786,6.92957746478873,6.80788804071247,999,6.83383383383383
209,790,6.91866028708134,6.80126582278481,999,6.82582582582583
212,787,6.91981132075472,6.8005082592122,999,6.82582582582583
214,785,6.92990654205607,6.8,999,6.82782782782783
203,796,6.92610837438424,6.81030150753769,999,6.83383383383383
213,786,6.92488262910798,6.80534351145038,999,6.83083083083083
206,793,6.92233009708738,6.78940731399748,999,6.81681681681682
192,807,6.92708333333333,6.78934324659232,999,6.81581581581582
185,814,6.91891891891892,6.78624078624079,999,6.81081081081081
179,820,6.91061452513966,6.77926829268293,999,6.8028028028028
183,816,6.90710382513661,6.78063725490196,999,6.8038038038038
175,824,6.90857142857143,6.78033980582524,999,6.8028028028028
177,822,6.90960451977401,6.78223844282238,999,6.8048048048048
170,829,6.90588235294118,6.78528347406514,999,6.80580580580581
167,832,6.90419161676647,6.78485576923077,999,6.8048048048048
165,834,6.9030303030303,6.77338129496403,999,6.79479479479479
169,830,6.90532544378698,6.77951807228916,999,6.8008008008008
162,837,6.91358024691358,6.77538829151732,999,6.7977977977978
162,837,6.90740740740741,6.78016726403823,999,6.8008008008008
175,824,6.91428571428571,6.78033980582524,999,6.8038038038038
168,831,6.90476190476191,6.78580024067389,999,6.80580580580581
172,827,6.90116279069767,6.79081015719468,999,6.80980980980981
170,829,6.89411764705882,6.78287092882992,999,6.8018018018018
170,829,6.90588235294118,6.7913148371532,999,6.81081081081081
167,832,6.91017964071856,6.79086538461539,999,6.81081081081081
176,823,6.90909090909091,6.78979343863913,999,6.81081081081081
176,823,6.91477272727273,6.77642770352369,999,6.8008008008008
167,832,6.91616766467066,6.78245192307692,999,6.8048048048048
161,838,6.90062111801242,6.78162291169451,999,6.8008008008008
165,834,6.88484848484848,6.77458033573141,999,6.79279279279279
169,830,6.88757396449704,6.77831325301205,999,6.7967967967968
173,826,6.90173410404624,6.77845036319613,999,6.7997997997998
171,828,6.90643274853801,6.76570048309179,999,6.78978978978979
175,824,6.92,6.76820388349515,999,6.79479479479479
170,829,6.92352941176471,6.76839565741858,999,6.79479479479479
169,830,6.91715976331361,6.76506024096386,999,6.79079079079079
164,835,6.92682926829268,6.76766467065868,999,6.79379379379379
171,828,6.92982456140351,6.75966183574879,999,6.78878878878879
172,827,6.92441860465116,6.75937122128174,999,6.78778778778779
178,821,6.91573033707865,6.74908647990256,999,6.77877877877878
175,824,6.93142857142857,6.75364077669903,999,6.78478478478478
174,825,6.9367816091954,6.75030303030303,999,6.78278278278278
166,833,6.93975903614458,6.74909963985594,999,6.78078078078078
180,819,6.93333333333333,6.74481074481074,999,6.77877877877878
178,821,6.9438202247191,6.73568818514007,999,6.77277277277277
176,823,6.92613636363636,6.74483596597813,999,6.77677677677678
180,819,6.92222222222222,6.74481074481074,999,6.77677677677678
188,811,6.93085106382979,6.74475955610358,999,6.77977977977978
185,814,6.93513513513513,6.74570024570025,999,6.78078078078078
192,807,6.93229166666667,6.74597273853779,999,6.78178178178178
195,804,6.92307692307692,6.73756218905473,999,6.77377377377377
199,800,6.93969849246231,6.7325,999,6.77377377377377
199,800,6.92462311557789,6.7375,999,6.77477477477477
202,797,6.91584158415842,6.73400250941029,999,6.77077077077077
206,793,6.93203883495146,6.718789407314,999,6.76276276276276
203,796,6.93103448275862,6.71105527638191,999,6.75575575575576
199,800,6.92964824120603,6.71625,999,6.75875875875876
204,795,6.95098039215686,6.70691823899371,999,6.75675675675676
199,800,6.94472361809045,6.715,999,6.76076076076076
197,802,6.93401015228426,6.72194513715711,999,6.76376376376376
203,796,6.94088669950739,6.72236180904523,999,6.76676676676677
201,798,6.9452736318408,6.71303258145363,999,6.75975975975976
203,796,6.94088669950739,6.71482412060301,999,6.76076076076076
207,792,6.95169082125604,6.72853535353535,999,6.77477477477477
213,786,6.95305164319249,6.72137404580153,999,6.77077077077077
207,792,6.94202898550725,6.71843434343434,999,6.76476476476476
202,797,6.93069306930693,6.71643663739021,999,6.75975975975976
201,798,6.94029850746269,6.72055137844612,999,6.76476476476476
203,796,6.94581280788177,6.71733668341709,999,6.76376376376376
202,797,6.94059405940594,6.71643663739021,999,6.76176176176176
208,791,6.94230769230769,6.7180783817952,999,6.76476476476476
209,790,6.9377990430622,6.72151898734177,999,6.76676676676677
213,786,6.92488262910798,6.72519083969466,999,6.76776776776777
220,779,6.93181818181818,6.73940949935815,999,6.78178178178178
226,773,6.93805309734513,6.73221216041397,999,6.77877877877878
222,777,6.93693693693694,6.73359073359073,999,6.77877877877878
223,776,6.9372197309417,6.73582474226804,999,6.78078078078078
234,765,6.93162393162393,6.73464052287582,999,6.78078078078078
241,758,6.92946058091286,6.7401055408971,999,6.78578578578579
239,760,6.92468619246862,6.73684210526316,999,6.78178178178178
241,758,6.92116182572614,6.73878627968338,999,6.78278278278278
244,755,6.91803278688525,6.73509933774834,999,6.77977977977978
241,758,6.9045643153527,6.74274406332454,999,6.78178178178178
231,768,6.8961038961039,6.7421875,999,6.77777777777778
240,759,6.89166666666667,6.7364953886693,999,6.77377377377377
239,760,6.88284518828452,6.74605263157895,999,6.77877877877878
243,756,6.88065843621399,6.74867724867725,999,6.78078078078078
239,760,6.89121338912134,6.74736842105263,999,6.78178178178178
232,767,6.89655172413793,6.7509778357236,999,6.78478478478478
234,765,6.89316239316239,6.75294117647059,999,6.78578578578579
227,772,6.8942731277533,6.75129533678756,999,6.78378378378378
230,769,6.90869565217391,6.75162548764629,999,6.78778778778779
231,768,6.88744588744589,6.75390625,999,6.78478478478478
221,778,6.87782805429864,6.75449871465296,999,6.78178178178178
224,775,6.88392857142857,6.75612903225806,999,6.78478478478478
230,769,6.89565217391304,6.76072821846554,999,6.79179179179179
229,770,6.90829694323144,6.76233766233766,999,6.7957957957958
232,767,6.90948275862069,6.7496740547588,999,6.78678678678679
232,767,6.91379310344828,6.74576271186441,999,6.78478478478478
228,771,6.90789473684211,6.75616083009079,999,6.79079079079079
227,772,6.91629955947137,6.75647668393782,999,6.79279279279279
232,767,6.90948275862069,6.76010430247718,999,6.79479479479479
226,773,6.89823008849558,6.76196636481242,999,6.79279279279279
229,770,6.89082969432314,6.76623376623377,999,6.79479479479479
222,777,6.9009009009009,6.75675675675676,999,6.78878878878879
231,768,6.88744588744589,6.74869791666667,999,6.78078078078078
225,774,6.87555555555556,6.75322997416021,999,6.78078078078078
225,774,6.88444444444444,6.74806201550388,999,6.77877877877878
226,773,6.88053097345133,6.7503234152652,999,6.77977977977978
219,780,6.88127853881279,6.75897435897436,999,6.78578578578579
225,774,6.87555555555556,6.75193798449612,999,6.77977977977978
225,774,6.87555555555556,6.75064599483204,999,6.77877877877878
229,770,6.87336244541485,6.75064935064935,999,6.77877877877878
225,774,6.88444444444444,6.74806201550388,999,6.77877877877878
222,777,6.88738738738739,6.74517374517375,999,6.77677677677678
219,780,6.88127853881279,6.74615384615385,999,6.77577577577578
221,778,6.87330316742081,6.74807197943445,999,6.77577577577578
219,780,6.88127853881279,6.74487179487179,999,6.77477477477477
225,774,6.88444444444444,6.73255813953488,999,6.76676676676677
230,769,6.88260869565217,6.74252275682705,999,6.77477477477477
231,768,6.88311688311688,6.73828125,999,6.77177177177177
232,767,6.88793103448276,6.74054758800522,999,6.77477477477477
232,767,6.88793103448276,6.74185136897001,999,6.77577577577578
228,771,6.90350877192982,6.7431906614786,999,6.77977977977978
227,772,6.8942731277533,6.75259067357513,999,6.78478478478478
228,771,6.87719298245614,6.74189364461738,999,6.77277277277277
220,779,6.88181818181818,6.73299101412067,999,6.76576576576577
219,780,6.89954337899543,6.73589743589744,999,6.77177177177177
226,773,6.89380530973451,6.73479948253558,999,6.77077077077077
220,779,6.88636363636364,6.73427471116816,999,6.76776776776777
220,779,6.88181818181818,6.74069319640565,999,6.77177177177177
225,774,6.88,6.73385012919897,999,6.76676676676677
229,770,6.882096069869,6.73376623376623,999,6.76776776776777
229,770,6.882096069869,6.73376623376623,999,6.76776776776777
228,771,6.87719298245614,6.74578469520104,999,6.77577577577578
222,777,6.87837837837838,6.74903474903475,999,6.77777777777778
209,790,6.8755980861244,6.73670886075949,999,6.76576576576577
208,791,6.88461538461539,6.74336283185841,999,6.77277277277277
210,789,6.87619047619048,6.75031685678074,999,6.77677677677678
216,783,6.86111111111111,6.76500638569604,999,6.78578578578579
208,791,6.86538461538461,6.75726927939317,999,6.77977977977978
210,789,6.85714285714286,6.7617237008872,999,6.78178178178178
202,797,6.85148514851485,6.76160602258469,999,6.77977977977978
194,805,6.85567010309278,6.75527950310559,999,6.77477477477477
199,800,6.8643216080402,6.7675,999,6.78678678678679
205,794,6.84390243902439,6.74937027707809,999,6.76876876876877
210,789,6.82857142857143,6.75918884664132,999,6.77377377377377
203,796,6.84729064039409,6.77386934673367,999,6.78878878878879
211,788,6.80568720379147,6.76522842639594,999,6.77377377377377
198,801,6.81818181818182,6.7665418227216,999,6.77677677677678
197,802,6.83248730964467,6.75810473815461,999,6.77277277277277
207,792,6.81642512077295,6.75378787878788,999,6.76676676676677
205,794,6.81951219512195,6.75566750629723,999,6.76876876876877
207,792,6.80193236714976,6.76136363636364,999,6.76976976976977
197,802,6.80203045685279,6.76309226932668,999,6.77077077077077
202,797,6.78712871287129,6.75784190715182,999,6.76376376376376
197,802,6.80203045685279,6.75935162094763,999,6.76776776776777
190,809,6.82631578947368,6.75154511742892,999,6.76576576576577
196,803,6.8265306122449,6.75965130759651,999,6.77277277277277
190,809,6.8,6.77008652657602,999,6.77577577577578
191,808,6.79581151832461,6.76856435643564,999,6.77377377377377
184,815,6.79891304347826,6.77423312883436,999,6.77877877877878
188,811,6.79787234042553,6.77558569667078,999,6.77977977977978
182,817,6.82967032967033,6.78212974296206,999,6.79079079079079
185,814,6.82702702702703,6.78378378378378,999,6.79179179179179
189,810,6.82539682539683,6.78518518518518,999,6.79279279279279
190,809,6.83157894736842,6.7849196538937,999,6.79379379379379
190,809,6.84736842105263,6.78615574783684,999,6.7977977977978
196,803,6.83163265306122,6.78704856787049,999,6.7957957957958
194,805,6.81958762886598,6.78633540372671,999,6.79279279279279
189,810,6.81481481481481,6.79135802469136,999,6.7957957957958
197,802,6.81725888324873,6.78927680798005,999,6.79479479479479
198,801,6.80808080808081,6.78152309612984,999,6.78678678678679
200,799,6.815,6.77972465581977,999,6.78678678678679
205,794,6.82926829268293,6.78211586901763,999,6.79179179179179
209,790,6.81818181818182,6.7746835443038,999,6.78378378378378
213,786,6.8169014084507,6.7735368956743,999,6.78278278278278
208,791,6.82211538461539,6.78128950695322,999,6.78978978978979
221,778,6.81447963800905,6.77120822622108,999,6.78078078078078
214,785,6.81775700934579,6.76815286624204,999,6.77877877877878
224,775,6.82589285714286,6.77161290322581,999,6.78378378378378
225,774,6.81333333333333,6.77519379844961,999,6.78378378378378
226,773,6.83185840707965,6.76714100905563,999,6.78178178178178
229,770,6.83842794759825,6.77662337662338,999,6.79079079079079
229,770,6.83406113537118,6.78441558441558,999,6.7957957957958
227,772,6.81938325991189,6.78108808290155,999,6.78978978978979
229,770,6.81659388646288,6.76363636363636,999,6.77577577577578
235,764,6.83829787234043,6.76832460732984,999,6.78478478478478
232,767,6.83620689655172,6.77444589308996,999,6.78878878878879
227,772,6.83259911894273,6.7759067357513,999,6.78878878878879
229,770,6.83406113537118,6.78311688311688,999,6.79479479479479
226,773,6.82300884955752,6.78395860284605,999,6.79279279279279
229,770,6.82969432314411,6.78701298701299,999,6.7967967967968
222,777,6.82882882882883,6.78893178893179,999,6.7977977977978
229,770,6.83406113537118,6.78961038961039,999,6.7997997997998
232,767,6.82327586206897,6.78748370273794,999,6.7957957957958
228,771,6.82894736842105,6.79377431906615,999,6.8018018018018
226,773,6.84070796460177,6.78913324708926,999,6.8008008008008
231,768,6.83116883116883,6.79166666666667,999,6.8008008008008
239,760,6.82845188284519,6.79210526315789,999,6.8008008008008
233,766,6.83690987124464,6.7911227154047,999,6.8018018018018
234,765,6.84188034188034,6.78954248366013,999,6.8018018018018
232,767,6.8448275862069,6.78878748370274,999,6.8018018018018
235,764,6.8468085106383,6.77486910994764,999,6.79179179179179
239,760,6.86192468619247,6.78157894736842,999,6.8008008008008
237,762,6.86075949367089,6.77952755905512,999,6.7987987987988
242,757,6.8595041322314,6.78203434610304,999,6.8008008008008
235,764,6.85957446808511,6.7696335078534,999,6.79079079079079
227,772,6.85022026431718,6.76943005181347,999,6.78778778778779
218,781,6.85321100917431,6.77464788732394,999,6.79179179179179
215,784,6.86511627906977,6.78061224489796,999,6.7987987987988
223,776,6.86995515695067,6.77963917525773,999,6.7997997997998
230,769,6.86086956521739,6.79063719115735,999,6.80680680680681
231,768,6.87878787878788,6.79166666666667,999,6.81181181181181
246,753,6.88211382113821,6.77822045152722,999,6.8038038038038
234,765,6.88034188034188,6.78039215686274,999,6.8038038038038
227,772,6.87665198237885,6.78626943005181,999,6.80680680680681
231,768,6.87878787878788,6.78515625,999,6.80680680680681
245,754,6.86530612244898,6.78249336870027,999,6.8028028028028
255,744,6.86666666666667,6.77956989247312,999,6.8018018018018
243,756,6.88065843621399,6.79100529100529,999,6.81281281281281
243,756,6.87654320987654,6.79497354497355,999,6.81481481481481
244,755,6.87704918032787,6.79337748344371,999,6.81381381381381
248,751,6.88709677419355,6.78428761651132,999,6.80980980980981
238,761,6.88655462184874,6.78055190538765,999,6.80580580580581
239,760,6.88702928870293,6.78421052631579,999,6.80880880880881
247,752,6.87854251012146,6.78989361702128,999,6.81181181181181
243,756,6.86008230452675,6.79761904761905,999,6.81281281281281
252,747,6.8531746031746,6.79651941097724,999,6.81081081081081
249,750,6.85542168674699,6.788,999,6.8048048048048
254,745,6.85433070866142,6.79463087248322,999,6.80980980980981
251,748,6.85657370517928,6.78475935828877,999,6.8028028028028
255,744,6.85098039215686,6.78091397849462,999,6.7987987987988
248,751,6.84677419354839,6.78162450066578,999,6.7977977977978
246,753,6.85772357723577,6.7675962815405,999,6.78978978978979
239,760,6.84518828451883,6.76842105263158,999,6.78678678678679
239,760,6.84100418410042,6.76973684210526,999,6.78678678678679
238,761,6.85294117647059,6.77266754270696,999,6.79179179179179
245,754,6.85714285714286,6.77188328912467,999,6.79279279279279
242,757,6.86776859504132,6.7661822985469,999,6.79079079079079
242,757,6.86363636363636,6.77939233817701,999,6.7997997997998
240,759,6.85833333333333,6.76811594202899,999,6.78978978978979
237,762,6.85654008438819,6.77821522309711,999,6.7967967967968
228,771,6.85087719298246,6.78858625162127,999,6.8028028028028
225,774,6.84888888888889,6.78165374677003,999,6.7967967967968
229,770,6.84279475982533,6.78831168831169,999,6.8008008008008
233,766,6.8412017167382,6.78198433420366,999,6.7957957957958
235,764,6.83829787234043,6.77748691099476,999,6.79179179179179
244,755,6.83196721311475,6.76688741721854,999,6.78278278278278
241,758,6.82572614107884,6.77308707124011,999,6.78578578578579
236,763,6.81779661016949,6.77588466579292,999,6.78578578578579
239,760,6.83682008368201,6.77631578947368,999,6.79079079079079
243,756,6.81893004115226,6.78571428571429,999,6.79379379379379
240,759,6.81666666666667,6.77602108036891,999,6.78578578578579
245,754,6.81224489795918,6.77718832891247,999,6.78578578578579
238,761,6.80672268907563,6.76741130091984,999,6.77677677677678
241,758,6.79668049792531,6.76385224274406,999,6.77177177177177
246,753,6.79674796747967,6.76361221779548,999,6.77177177177177
245,754,6.81224489795918,6.77188328912467,999,6.78178178178178
248,751,6.81048387096774,6.76564580559254,999,6.77677677677678
248,751,6.82258064516129,6.7589880159787,999,6.77477477477477
245,754,6.82857142857143,6.77055702917772,999,6.78478478478478
245,754,6.81224489795918,6.77055702917772,999,6.78078078078078
246,753,6.82520325203252,6.77556440903054,999,6.78778778778779
255,744,6.81960784313725,6.78091397849462,999,6.79079079079079
256,743,6.82421875,6.79542395693136,999,6.8028028028028
254,745,6.83464566929134,6.79328859060403,999,6.8038038038038
253,746,6.83399209486166,6.78686327077748,999,6.7987987987988
259,740,6.81081081081081,6.79324324324324,999,6.7977977977978
271,728,6.82287822878229,6.8021978021978,999,6.80780780780781
260,739,6.81923076923077,6.79431664411367,999,6.8008008008008
251,748,6.81274900398406,6.79545454545455,999,6.7997997997998
254,745,6.80314960629921,6.7986577181208,999,6.7997997997998
247,752,6.80971659919028,6.80585106382979,999,6.80680680680681
254,745,6.7992125984252,6.80805369127517,999,6.80580580580581
252,747,6.77777777777778,6.81124497991968,999,6.8028028028028
255,744,6.7921568627451,6.81720430107527,999,6.81081081081081
247,752,6.79352226720648,6.80851063829787,999,6.8048048048048
262,737,6.79007633587786,6.80325644504749,999,6.7997997997998
255,744,6.8078431372549,6.80913978494624,999,6.80880880880881
253,746,6.79051383399209,6.8083109919571,999,6.8038038038038
259,740,6.78378378378378,6.82432432432432,999,6.81381381381381
257,742,6.77431906614786,6.82749326145553,999,6.81381381381381
259,740,6.77220077220077,6.82837837837838,999,6.81381381381381
255,744,6.77254901960784,6.82123655913978,999,6.80880880880881
257,742,6.75486381322957,6.81940700808625,999,6.8028028028028
261,738,6.75478927203065,6.81571815718157,999,6.7997997997998
257,742,6.7704280155642,6.81266846361186,999,6.8018018018018
262,737,6.76335877862595,6.81004070556309,999,6.7977977977978
257,742,6.75875486381323,6.81401617250674,999,6.7997997997998
246,753,6.77235772357724,6.81142098273572,999,6.8018018018018
250,749,6.768,6.80774365821095,999,6.7977977977978
251,748,6.74900398406375,6.80614973262032,999,6.79179179179179
244,755,6.77049180327869,6.79470198675497,999,6.78878878878879
239,760,6.78242677824268,6.79605263157895,999,6.79279279279279
243,756,6.79423868312757,6.79497354497355,999,6.79479479479479
235,764,6.8,6.80235602094241,999,6.8018018018018
235,764,6.81276595744681,6.80497382198953,999,6.80680680680681
235,764,6.81276595744681,6.81020942408377,999,6.81081081081081
231,768,6.79220779220779,6.80989583333333,999,6.80580580580581
231,768,6.80952380952381,6.796875,999,6.7997997997998
228,771,6.82017543859649,6.80285343709468,999,6.80680680680681
218,781,6.8256880733945,6.80281690140845,999,6.80780780780781
212,787,6.82547169811321,6.80304955527319,999,6.80780780780781
208,791,6.84134615384615,6.80278128950695,999,6.81081081081081
211,788,6.81516587677725,6.80710659898477,999,6.80880880880881
207,792,6.79710144927536,6.81060606060606,999,6.80780780780781
203,796,6.80295566502463,6.81155778894472,999,6.80980980980981
203,796,6.79310344827586,6.82412060301507,999,6.81781781781782
204,795,6.79411764705882,6.81132075471698,999,6.80780780780781
194,805,6.79381443298969,6.82360248447205,999,6.81781781781782
195,804,6.8,6.81592039800995,999,6.81281281281281
200,799,6.8,6.81226533166458,999,6.80980980980981
204,795,6.80882352941176,6.81132075471698,999,6.81081081081081
201,798,6.81592039800995,6.80952380952381,999,6.81081081081081
195,804,6.81538461538462,6.79850746268657,999,6.8018018018018
193,806,6.80829015544041,6.79900744416873,999,6.8008008008008
194,805,6.81443298969072,6.79254658385093,999,6.7967967967968
191,808,6.81151832460733,6.78836633663366,999,6.79279279279279
206,793,6.81553398058252,6.78814627994956,999,6.79379379379379
203,796,6.80788177339902,6.78768844221106,999,6.79179179179179
205,794,6.81951219512195,6.7896725440806,999,6.7957957957958
205,794,6.81951219512195,6.78589420654912,999,6.79279279279279
200,799,6.81,6.78473091364205,999,6.78978978978979
200,799,6.82,6.78973717146433,999,6.7957957957958
209,790,6.80861244019139,6.78354430379747,999,6.78878878878879
211,788,6.7914691943128,6.78172588832487,999,6.78378378378378
206,793,6.80097087378641,6.77931904161412,999,6.78378378378378
207,792,6.79710144927536,6.7790404040404,999,6.78278278278278
208,791,6.79807692307692,6.77749683944374,999,6.78178178178178
218,781,6.79357798165138,6.76824583866837,999,6.77377377377377
219,780,6.81278538812785,6.77435897435897,999,6.78278278278278
220,779,6.79545454545455,6.77535301668806,999,6.77977977977978
217,782,6.79723502304148,6.76982097186701,999,6.77577577577578
224,775,6.80357142857143,6.77161290322581,999,6.77877877877878
221,778,6.80995475113122,6.77506426735219,999,6.78278278278278
215,784,6.8046511627907,6.78954081632653,999,6.79279279279279
224,775,6.8125,6.78322580645161,999,6.78978978978979
227,772,6.81057268722467,6.78497409326425,999,6.79079079079079
233,766,6.81545064377682,6.78590078328982,999,6.79279279279279
246,753,6.84146341463415,6.79282868525896,999,6.8048048048048
246,753,6.85772357723577,6.79150066401062,999,6.80780780780781
244,755,6.86475409836066,6.78807947019868,999,6.80680680680681
239,760,6.86610878661088,6.79736842105263,999,6.81381381381381
253,746,6.88142292490119,6.79222520107239,999,6.81481481481481
252,747,6.87698412698413,6.80053547523427,999,6.81981981981982
260,739,6.87307692307692,6.80243572395129,999,6.82082082082082
259,740,6.88416988416988,6.79054054054054,999,6.81481481481481
259,740,6.87644787644788,6.78648648648649,999,6.80980980980981
268,731,6.87686567164179,6.78112175102599,999,6.80680680680681
261,738,6.88505747126437,6.77371273712737,999,6.8028028028028
262,737,6.87786259541985,6.77611940298507,999,6.8028028028028
257,742,6.8715953307393,6.79245283018868,999,6.81281281281281
258,741,6.88372093023256,6.78947368421053,999,6.81381381381381
260,739,6.88846153846154,6.7807848443843,999,6.80880880880881
259,740,6.88803088803089,6.77972972972973,999,6.80780780780781
260,739,6.88846153846154,6.7807848443843,999,6.80880880880881
257,742,6.8988326848249,6.78301886792453,999,6.81281281281281
253,746,6.90513833992095,6.79222520107239,999,6.82082082082082
245,754,6.90204081632653,6.79177718832891,999,6.81881881881882
253,746,6.90513833992095,6.79088471849866,999,6.81981981981982
251,748,6.91235059760956,6.77540106951872,999,6.80980980980981
245,754,6.90612244897959,6.78116710875332,999,6.81181181181181
257,742,6.90661478599222,6.78840970350404,999,6.81881881881882
249,750,6.90361445783132,6.79333333333333,999,6.82082082082082
250,749,6.904,6.77703604806409,999,6.80880880880881
256,743,6.90625,6.78600269179004,999,6.81681681681682
259,740,6.91119691119691,6.8,999,6.82882882882883
256,743,6.91015625,6.79811574697174,999,6.82682682682683
262,737,6.91603053435114,6.79511533242877,999,6.82682682682683
263,736,6.9277566539924,6.79891304347826,999,6.83283283283283
266,733,6.92481203007519,6.79672578444748,999,6.83083083083083
263,736,6.91634980988593,6.79347826086957,999,6.82582582582583
273,726,6.90842490842491,6.80165289256198,999,6.83083083083083
264,735,6.90530303030303,6.79727891156463,999,6.82582582582583
256,743,6.9140625,6.80753701211306,999,6.83483483483483
261,738,6.91954022988506,6.80894308943089,999,6.83783783783784
253,746,6.92885375494071,6.79892761394102,999,6.83183183183183
247,752,6.91902834008097,6.80851063829787,999,6.83583583583584
238,761,6.91176470588235,6.80157687253614,999,6.82782782782783
240,759,6.92916666666667,6.80237154150198,999,6.83283283283283
236,763,6.9364406779661,6.80340760157274,999,6.83483483483483
226,773,6.94247787610619,6.8111254851229,999,6.84084084084084
230,769,6.94347826086956,6.80494148244473,999,6.83683683683684
224,775,6.9375,6.80645161290323,999,6.83583583583584
227,772,6.92511013215859,6.80699481865285,999,6.83383383383383
229,770,6.92139737991266,6.81168831168831,999,6.83683683683684
232,767,6.93534482758621,6.80573663624511,999,6.83583583583584
226,773,6.91592920353982,6.78913324708926,999,6.81781781781782
227,772,6.92070484581498,6.79533678756477,999,6.82382382382382
224,775,6.92857142857143,6.79096774193548,999,6.82182182182182
223,776,6.9372197309417,6.79510309278351,999,6.82682682682683
228,771,6.93859649122807,6.79507133592737,999,6.82782782782783
233,766,6.931330472103,6.79634464751958,999,6.82782782782783
234,765,6.93589743589744,6.79477124183007,999,6.82782782782783
242,757,6.9297520661157,6.78996036988111,999,6.82382382382382
239,760,6.93723849372385,6.79342105263158,999,6.82782782782783
237,762,6.93670886075949,6.78871391076115,999,6.82382382382382
236,763,6.94067796610169,6.7916120576671,999,6.82682682682683
234,765,6.94444444444444,6.78169934640523,999,6.81981981981982
241,758,6.93775933609959,6.78232189973615,999,6.81981981981982
245,754,6.94285714285714,6.79575596816976,999,6.83183183183183
235,764,6.93617021276596,6.79842931937173,999,6.83083083083083
228,771,6.93421052631579,6.80285343709468,999,6.83283283283283
235,764,6.94042553191489,6.78926701570681,999,6.82482482482482
236,763,6.93220338983051,6.78636959370904,999,6.82082082082082
236,763,6.93220338983051,6.79423328964613,999,6.82682682682683
241,758,6.92946058091286,6.79683377308707,999,6.82882882882883
241,758,6.92946058091286,6.80343007915567,999,6.83383383383383
248,751,6.92741935483871,6.79360852197071,999,6.82682682682683
245,754,6.9265306122449,6.78514588859416,999,6.81981981981982
247,752,6.92307692307692,6.78324468085106,999,6.81781781781782
244,755,6.92622950819672,6.79337748344371,999,6.82582582582583
241,758,6.92116182572614,6.79419525065963,999,6.82482482482482
244,755,6.92213114754098,6.80132450331126,999,6.83083083083083
248,751,6.91532258064516,6.79360852197071,999,6.82382382382382
252,747,6.91666666666667,6.79785809906292,999,6.82782782782783
252,747,6.90476190476191,6.79785809906292,999,6.82482482482482
247,752,6.90283400809717,6.79920212765957,999,6.82482482482482
249,750,6.91164658634538,6.8,999,6.82782782782783
241,758,6.92946058091286,6.80870712401055,999,6.83783783783784
234,765,6.92735042735043,6.8078431372549,999,6.83583583583584
243,756,6.92592592592593,6.81216931216931,999,6.83983983983984
243,756,6.92592592592593,6.8042328042328,999,6.83383383383383
247,752,6.93117408906883,6.79920212765957,999,6.83183183183183
255,744,6.92941176470588,6.80376344086022,999,6.83583583583584
255,744,6.92156862745098,6.81451612903226,999,6.84184184184184
252,747,6.92063492063492,6.82195448460509,999,6.84684684684685
253,746,6.92490118577075,6.82037533512064,999,6.84684684684685
250,749,6.928,6.83845126835781,999,6.86086086086086
251,748,6.93625498007968,6.83021390374332,999,6.85685685685686
241,758,6.93775933609959,6.8377308707124,999,6.86186186186186
238,761,6.94957983193277,6.83968462549277,999,6.86586586586587
242,757,6.95454545454545,6.85204755614267,999,6.87687687687688
242,757,6.95454545454545,6.85468956406869,999,6.87887887887888
238,761,6.9453781512605,6.8580814717477,999,6.87887887887888
250,749,6.944,6.85447263017356,999,6.87687687687688
252,747,6.95238095238095,6.86345381526104,999,6.88588588588589
243,756,6.95473251028807,6.87037037037037,999,6.89089089089089
243,756,6.95473251028807,6.86640211640212,999,6.88788788788789
240,759,6.95416666666667,6.87220026350461,999,6.89189189189189
240,759,6.95416666666667,6.87088274044796,999,6.89089089089089
235,764,6.9531914893617,6.87434554973822,999,6.89289289289289
243,756,6.95884773662551,6.86904761904762,999,6.89089089089089
244,755,6.96311475409836,6.87019867549669,999,6.89289289289289
247,752,6.95951417004049,6.86436170212766,999,6.88788788788789
248,751,6.95967741935484,6.86151797603196,999,6.88588588588589
252,747,6.96031746031746,6.86211512717537,999,6.88688688688689
246,753,6.96341463414634,6.85657370517928,999,6.88288288288288
248,751,6.95564516129032,6.85352862849534,999,6.87887887887888
256,743,6.9609375,6.85329744279946,999,6.88088088088088
252,747,6.96031746031746,6.85943775100402,999,6.88488488488488
254,745,6.96062992125984,6.86040268456376,999,6.88588588588589
256,743,6.95703125,6.86271870794078,999,6.88688688688689
256,743,6.9609375,6.86944818304172,999,6.89289289289289
251,748,6.95219123505976,6.87299465240642,999,6.89289289289289
259,740,6.95366795366795,6.87432432432432,999,6.89489489489489
260,739,6.96538461538462,6.86738836265223,999,6.89289289289289
267,732,6.95880149812734,6.86065573770492,999,6.88688688688689
266,733,6.95864661654135,6.85675306957708,999,6.88388388388388
280,719,6.96071428571429,6.86369958275383,999,6.89089089089089
275,724,6.96,6.86049723756906,999,6.88788788788789
270,729,6.94444444444444,6.86282578875171,999,6.88488488488488
280,719,6.94642857142857,6.86787204450626,999,6.88988988988989
281,718,6.9644128113879,6.86908077994429,999,6.8958958958959
286,713,6.96503496503496,6.87096774193548,999,6.8978978978979
300,699,6.96333333333333,6.8755364806867,999,6.9019019019019
302,697,6.9635761589404,6.86657101865136,999,6.8958958958959
304,695,6.96381578947368,6.86187050359712,999,6.89289289289289
310,689,6.96129032258064,6.86357039187228,999,6.89389389389389
321,678,6.96261682242991,6.87020648967552,999,6.8998998998999
323,676,6.95975232198142,6.87130177514793,999,6.8998998998999
325,674,6.96923076923077,6.86943620178042,999,6.9019019019019
337,662,6.97329376854599,6.87160120845921,999,6.90590590590591
341,658,6.97360703812317,6.87689969604863,999,6.90990990990991
343,656,6.97084548104956,6.875,999,6.90790790790791
342,657,6.9766081871345,6.88888888888889,999,6.91891891891892
343,656,6.97667638483965,6.88871951219512,999,6.91891891891892
350,649,6.97714285714286,6.89984591679507,999,6.92692692692693
346,653,6.97687861271676,6.89280245022971,999,6.92192192192192
340,659,6.96764705882353,6.8937784522003,999,6.91891891891892
343,656,6.97667638483965,6.89329268292683,999,6.92192192192192
347,652,6.97982708933718,6.89723926380368,999,6.92592592592593
352,647,6.98579545454545,6.89799072642968,999,6.92892892892893
341,658,6.98533724340176,6.88753799392097,999,6.92092092092092
335,664,6.98507462686567,6.88102409638554,999,6.91591591591592
336,663,6.98511904761905,6.88386123680241,999,6.91791791791792
340,659,6.97941176470588,6.88012139605463,999,6.91391391391391
344,655,6.9796511627907,6.87480916030534,999,6.91091091091091
342,657,6.98538011695906,6.88127853881279,999,6.91691691691692
358,641,6.98603351955307,6.89079563182527,999,6.92492492492492
361,638,6.98337950138504,6.88087774294671,999,6.91791791791792
354,645,6.98587570621469,6.88217054263566,999,6.91891891891892
346,653,6.98843930635838,6.88055130168453,999,6.91791791791792
355,644,6.98591549295775,6.88354037267081,999,6.91991991991992
355,644,6.9830985915493,6.88975155279503,999,6.92292292292292
360,639,6.98055555555556,6.88888888888889,999,6.92192192192192
359,640,6.98328690807799,6.8828125,999,6.91891891891892
358,641,6.98603351955307,6.8798751950078,999,6.91791791791792
369,630,6.98644986449864,6.86666666666667,999,6.91091091091091
370,629,6.98648648648649,6.87599364069952,999,6.91691691691692
372,627,6.98655913978495,6.87400318979266,999,6.91591591591592
369,630,6.98644986449864,6.87777777777778,999,6.91791791791792
372,627,6.98924731182796,6.87878787878788,999,6.91991991991992
370,629,6.98918918918919,6.88235294117647,999,6.92192192192192
370,629,6.99189189189189,6.89348171701113,999,6.92992992992993
383,616,6.98694516971279,6.89285714285714,999,6.92892892892893
380,619,6.98947368421053,6.89176090468498,999,6.92892892892893
380,619,6.98947368421053,6.89176090468498,999,6.92892892892893
384,615,6.98958333333333,6.89756097560976,999,6.93293293293293
397,602,6.98992443324937,6.89867109634551,999,6.93493493493493
390,609,6.98974358974359,6.89490968801314,999,6.93193193193193
389,610,6.98971722365039,6.89672131147541,999,6.93293293293293
402,597,6.98258706467662,6.90452261306533,999,6.93593593593594
402,597,6.98258706467662,6.89614740368509,999,6.93093093093093
408,591,6.9828431372549,6.89678510998308,999,6.93193193193193
400,599,6.9825,6.90150250417362,999,6.93393393393393
398,601,6.98492462311558,6.90682196339434,999,6.93793793793794
392,607,6.98469387755102,6.90280065897858,999,6.93493493493493
400,599,6.9825,6.90818030050083,999,6.93793793793794
409,590,6.98044009779951,6.92033898305085,999,6.94494494494494
406,593,6.98029556650246,6.91399662731872,999,6.94094094094094
413,586,6.98062953995157,6.91638225255973,999,6.94294294294294
403,596,6.98014888337469,6.91442953020134,999,6.94094094094094
401,598,6.97755610972569,6.91471571906354,999,6.93993993993994
401,598,6.97755610972569,6.90468227424749,999,6.93393393393393
420,579,6.97857142857143,6.9119170984456,999,6.93993993993994
408,591,6.97549019607843,6.9238578680203,999,6.94494494494494
400,599,6.975,6.91986644407346,999,6.94194194194194
403,596,6.98014888337469,6.9244966442953,999,6.94694694694695
410,589,6.98048780487805,6.92359932088285,999,6.94694694694695
405,594,6.97777777777778,6.91245791245791,999,6.93893893893894
408,591,6.9828431372549,6.91539763113367,999,6.94294294294294
418,581,6.98086124401914,6.91910499139415,999,6.94494494494494
410,589,6.98048780487805,6.91001697792869,999,6.93893893893894
420,579,6.98095238095238,6.91882556131261,999,6.94494494494494
431,568,6.97911832946636,6.92605633802817,999,6.94894894894895
420,579,6.98095238095238,6.92400690846287,999,6.94794794794795
416,583,6.98076923076923,6.92109777015437,999,6.94594594594595
426,573,6.98356807511737,6.91972076788831,999,6.94694694694695
427,572,6.97892271662763,6.92132867132867,999,6.94594594594595
418,581,6.97846889952153,6.91394148020654,999,6.94094094094094
430,569,6.98139534883721,6.91212653778559,999,6.94194194194194
435,564,6.9816091954023,6.90780141843972,999,6.93993993993994
427,572,6.98126463700234,6.90734265734266,999,6.93893893893894
431,568,6.97911832946636,6.90492957746479,999,6.93693693693694
435,564,6.9816091954023,6.90602836879433,999,6.93893893893894
437,562,6.98398169336384,6.91103202846975,999,6.94294294294294
437,562,6.9862700228833,6.91103202846975,999,6.94394394394394
437,562,6.98398169336384,6.92348754448399,999,6.94994994994995
424,575,6.98584905660377,6.91826086956522,999,6.94694694694695
421,578,6.98574821852732,6.91695501730104,999,6.94594594594595
427,572,6.98829039812646,6.91258741258741,999,6.94494494494494
423,576,6.99054373522459,6.91319444444444,999,6.94594594594595
411,588,6.99026763990268,6.90646258503401,999,6.94094094094094
419,580,6.98806682577566,6.91034482758621,999,6.94294294294294
421,578,6.99049881235154,6.91176470588235,999,6.94494494494494
401,598,6.99002493765586,6.89966555183946,999,6.93593593593594
401,598,6.9925187032419,6.90468227424749,999,6.93993993993994
399,600,6.98997493734336,6.90166666666667,999,6.93693693693694
391,608,6.9923273657289,6.90296052631579,999,6.93793793793794
381,618,6.98950131233596,6.89967637540453,999,6.93393393393393
379,620,6.99208443271768,6.89838709677419,999,6.93393393393393
385,614,6.98961038961039,6.90065146579805,999,6.93493493493493
375,624,6.98666666666667,6.89102564102564,999,6.92692692692693
378,621,6.98677248677249,6.88083735909823,999,6.92092092092092
377,622,6.9893899204244,6.88263665594855,999,6.92292292292292
383,616,6.99216710182768,6.89123376623377,999,6.92992992992993
385,614,6.98701298701299,6.90065146579805,999,6.93393393393393
379,620,6.9868073878628,6.89838709677419,999,6.93193193193193
383,616,6.98433420365535,6.89285714285714,999,6.92792792792793
377,622,6.9840848806366,6.88585209003215,999,6.92292292292292
371,628,6.98921832884097,6.88853503184713,999,6.92592592592593
353,646,6.98866855524079,6.88235294117647,999,6.91991991991992
346,653,6.99132947976879,6.88514548238897,999,6.92192192192192
340,659,6.99411764705882,6.88012139605463,999,6.91891891891892
347,652,6.99423631123919,6.88036809815951,999,6.91991991991992
353,646,6.9943342776204,6.87770897832817,999,6.91891891891892
344,655,6.99127906976744,6.8793893129771,999,6.91791791791792
343,656,6.99125364431487,6.89176829268293,999,6.92592592592593
339,660,6.99115044247788,6.88030303030303,999,6.91791791791792
338,661,6.99112426035503,6.88350983358548,999,6.91991991991992
343,656,6.99125364431487,6.88871951219512,999,6.92392392392392
338,661,6.98816568047337,6.89258698940998,999,6.92492492492492
337,662,6.99109792284866,6.88066465256798,999,6.91791791791792
337,662,6.99109792284866,6.87311178247734,999,6.91291291291291
339,660,6.99115044247788,6.86666666666667,999,6.90890890890891
338,661,6.99112426035503,6.86384266263237,999,6.90690690690691
328,671,6.99085365853659,6.86140089418778,999,6.9039039039039
326,673,6.99079754601227,6.85735512630015,999,6.9009009009009
328,671,6.98780487804878,6.8628912071535,999,6.9039039039039
331,668,6.99093655589124,6.86676646706587,999,6.90790790790791
341,658,6.99120234604106,6.87841945288754,999,6.91691691691692
339,660,6.99115044247788,6.87727272727273,999,6.91591591591592
333,666,6.98798798798799,6.88588588588589,999,6.91991991991992
334,665,6.98802395209581,6.88571428571429,999,6.91991991991992
340,659,6.98823529411765,6.88315629742033,999,6.91891891891892
330,669,6.99090909090909,6.87742899850523,999,6.91491491491491
331,668,6.99395770392749,6.87724550898204,999,6.91591591591592
325,674,6.99692307692308,6.88724035608309,999,6.92292292292292
320,679,6.996875,6.87776141384389,999,6.91591591591592
322,677,6.99689440993789,6.87740029542097,999,6.91591591591592
321,678,6.99688473520249,6.87463126843658,999,6.91391391391391
321,678,7.0,6.86578171091445,999,6.90890890890891
317,682,7.0,6.86950146627566,999,6.91091091091091
321,678,7.0,6.86725663716814,999,6.90990990990991
308,691,7.0,6.8712011577424,999,6.91091091091091
301,698,7.0,6.86246418338109,999,6.9039039039039
291,708,7.0,6.86581920903955,999,6.9049049049049
295,704,7.0,6.86363636363636,999,6.9039039039039
298,701,7.0,6.86590584878745,999,6.90590590590591
293,706,7.0,6.86402266288952,999,6.9039039039039
294,705,7.0,6.86241134751773,999,6.9029029029029
299,700,7.0,6.86142857142857,999,6.9029029029029
301,698,7.0,6.85100286532951,999,6.8958958958959
305,694,7.0,6.84726224783862,999,6.89389389389389
312,687,7.0,6.84279475982533,999,6.89189189189189
307,692,7.0,6.83959537572254,999,6.88888888888889
313,686,7.0,6.83090379008746,999,6.88388388388388
317,682,7.0,6.82404692082111,999,6.87987987987988
318,681,7.0,6.8208516886931,999,6.87787787787788
315,684,7.0,6.82163742690059,999,6.87787787787788
310,689,7.0,6.82148040638607,999,6.87687687687688
318,681,7.0,6.8208516886931,999,6.87787787787788
330,669,7.0,6.81913303437967,999,6.87887887887888
331,668,7.0,6.83083832335329,999,6.88688688688689
321,678,7.0,6.83923303834808,999,6.89089089089089
321,678,7.0,6.83628318584071,999,6.88888888888889
321,678,7.0,6.84660766961652,999,6.8958958958959
317,682,7.0,6.85630498533724,999,6.9019019019019
332,667,7.0,6.85307346326837,999,6.9019019019019
315,684,7.0,6.85233918128655,999,6.8988988988989
320,679,7.0,6.86156111929308,999,6.90590590590591
324,675,7.0,6.85777777777778,999,6.9039039039039
314,685,7.0,6.85255474452555,999,6.8988988988989
325,674,7.0,6.84272997032641,999,6.89389389389389
327,672,7.0,6.84077380952381,999,6.89289289289289
334,665,7.0,6.8390977443609,999,6.89289289289289
321,678,7.0,6.83480825958702,999,6.88788788788789
336,663,7.0,6.83559577677225,999,6.89089089089089
322,677,7.0,6.83161004431315,999,6.88588588588589
331,668,7.0,6.83083832335329,999,6.88688688688689
333,666,7.0,6.83483483483483,999,6.88988988988989
331,668,7.0,6.84431137724551,999,6.8958958958959
338,661,7.0,6.84266263237519,999,6.8958958958959
339,660,7.0,6.8530303030303,999,6.9029029029029
343,656,7.0,6.85365853658537,999,6.9039039039039
339,660,7.0,6.8469696969697,999,6.8988988988989
342,657,7.0,6.84779299847793,999,6.8998998998999
343,656,7.0,6.85670731707317,999,6.90590590590591
331,668,7.0,6.8562874251497,999,6.9039039039039
342,657,7.0,6.85540334855403,999,6.9049049049049
336,663,7.0,6.85067873303167,999,6.9009009009009
337,662,7.0,6.85800604229607,999,6.90590590590591
349,650,7.0,6.84461538461538,999,6.8988988988989
343,656,7.0,6.85518292682927,999,6.9049049049049
349,650,7.0,6.84769230769231,999,6.9009009009009
351,648,7.0,6.85802469135802,999,6.90790790790791
350,649,7.0,6.85208012326656,999,6.9039039039039
346,653,7.0,6.85758039816233,999,6.90690690690691
362,637,7.0,6.86499215070644,999,6.91391391391391
362,637,7.0,6.86028257456829,999,6.91091091091091
362,637,7.0,6.86499215070644,999,6.91391391391391
368,631,7.0,6.8621236133122,999,6.91291291291291
356,643,7.0,6.86936236391913,999,6.91591591591592
350,649,7.0,6.8613251155624,999,6.90990990990991
339,660,7.0,6.86666666666667,999,6.91191191191191
347,652,7.0,6.8558282208589,999,6.90590590590591
336,663,7.0,6.86274509803922,999,6.90890890890891
343,656,7.0,6.86737804878049,999,6.91291291291291
352,647,7.0,6.86862442040185,999,6.91491491491491
352,647,7.0,6.86553323029366,999,6.91291291291291
353,646,7.0,6.86996904024768,999,6.91591591591592
346,653,7.0,6.87595712098009,999,6.91891891891892
349,650,7.0,6.87076923076923,999,6.91591591591592
349,650,7.0,6.87538461538462,999,6.91891891891892
356,643,7.0,6.88024883359254,999,6.92292292292292
355,644,7.0,6.87888198757764,999,6.92192192192192
348,651,7.0,6.87403993855607,999,6.91791791791792
347,652,7.0,6.87269938650307,999,6.91691691691692
333,666,7.0,6.87987987987988,999,6.91991991991992
329,670,7.0,6.86716417910448,999,6.91091091091091
334,665,7.0,6.8781954887218,999,6.91891891891892
333,666,7.0,6.87687687687688,999,6.91791791791792
342,657,7.0,6.88432267884323,999,6.92392392392392
345,654,7.0,6.8822629969419,999,6.92292292292292
341,658,7.0,6.87386018237082,999,6.91691691691692
346,653,7.0,6.88055130168453,999,6.92192192192192
369,630,7.0,6.87301587301587,999,6.91991991991992
375,624,7.0,6.87980769230769,999,6.92492492492492
362,637,7.0,6.87912087912088,999,6.92292292292292
365,634,7.0,6.87539432176656,999,6.92092092092092
364,635,7.0,6.87874015748031,999,6.92292292292292
361,638,7.0,6.8871473354232,999,6.92792792792793
369,630,7.0,6.87936507936508,999,6.92392392392392
358,641,7.0,6.87675507020281,999,6.92092092092092
355,644,7.0,6.87577639751553,999,6.91991991991992
350,649,7.0,6.87827426810478,999,6.92092092092092
346,653,7.0,6.8728943338438,999,6.91691691691692
349,650,7.0,6.86461538461538,999,6.91191191191191
350,649,7.0,6.87057010785824,999,6.91591591591592
345,654,7.0,6.86850152905199,999,6.91391391391391
342,657,7.0,6.86910197869102,999,6.91391391391391
345,654,7.0,6.86850152905199,999,6.91391391391391
336,663,7.0,6.85822021116139,999,6.90590590590591
334,665,7.0,6.86766917293233,999,6.91191191191191
334,665,7.0,6.86917293233083,999,6.91291291291291
347,652,7.0,6.86503067484663,999,6.91191191191191
354,645,7.0,6.86356589147287,999,6.91191191191191
359,640,7.0,6.853125,999,6.90590590590591
364,635,7.0,6.8503937007874,999,6.9049049049049
352,647,7.0,6.8531684698609,999,6.9049049049049
360,639,7.0,6.85446009389671,999,6.90690690690691
362,637,7.0,6.85086342229199,999,6.9049049049049
357,642,7.0,6.85358255451713,999,6.90590590590591
354,645,7.0,6.86201550387597,999,6.91091091091091
348,651,7.0,6.85407066052227,999,6.9049049049049
341,658,7.0,6.85106382978723,999,6.9019019019019
333,666,7.0,6.85135135135135,999,6.9009009009009
342,657,7.0,6.84322678843227,999,6.8968968968969
336,663,7.0,6.8446455505279,999,6.8968968968969
344,655,7.0,6.84885496183206,999,6.9009009009009
346,653,7.0,6.85604900459418,999,6.90590590590591
347,652,7.0,6.85122699386503,999,6.9029029029029
336,663,7.0,6.8446455505279,999,6.8968968968969
330,669,7.0,6.84454409566517,999,6.8958958958959
327,672,7.0,6.84226190476191,999,6.89389389389389
317,682,7.0,6.83577712609971,999,6.88788788788789
310,689,7.0,6.82728592162554,999,6.88088088088088
308,691,7.0,6.82344428364689,999,6.87787787787788
309,690,7.0,6.83188405797101,999,6.88388388388388
302,697,7.0,6.83500717360115,999,6.88488488488488
293,706,7.0,6.8314447592068,999,6.88088088088088
293,706,7.0,6.82011331444759,999,6.87287287287287
298,701,7.0,6.82453637660485,999,6.87687687687688
306,693,7.0,6.81818181818182,999,6.87387387387387
303,696,7.0,6.8132183908046,999,6.86986986986987
303,696,7.0,6.82040229885058,999,6.87487487487487
308,691,7.0,6.81910274963821,999,6.87487487487487
315,684,7.0,6.82017543859649,999,6.87687687687688
326,673,7.0,6.82169390787519,999,6.87987987987988
321,678,7.0,6.82300884955752,999,6.87987987987988
325,674,7.0,6.81899109792285,999,6.87787787787788
321,678,7.0,6.81858407079646,999,6.87687687687688
317,682,7.0,6.81524926686217,999,6.87387387387387
318,681,7.0,6.81204111600587,999,6.87187187187187
322,677,7.0,6.81388478581979,999,6.87387387387387
323,676,7.0,6.81213017751479,999,6.87287287287287
325,674,7.0,6.81454005934718,999,6.87487487487487
326,673,7.0,6.81723625557207,999,6.87687687687688
329,670,7.0,6.81492537313433,999,6.87587587587588
324,675,7.0,6.83259259259259,999,6.88688688688689
328,671,7.0,6.82712369597616,999,6.88388388388388
328,671,7.0,6.82861400894188,999,6.88488488488488
335,664,7.0,6.82680722891566,999,6.88488488488488
336,663,7.0,6.82956259426848,999,6.88688688688689
330,669,7.0,6.82959641255605,999,6.88588588588589
328,671,7.0,6.83159463487332,999,6.88688688688689
329,670,7.0,6.83134328358209,999,6.88688688688689
327,672,7.0,6.82886904761905,999,6.88488488488488
325,674,7.0,6.82047477744807,999,6.87887887887888
322,677,7.0,6.82127031019202,999,6.87887887887888
325,674,7.0,6.83382789317507,999,6.88788788788789
325,674,7.0,6.82640949554896,999,6.88288288288288
329,670,7.0,6.82537313432836,999,6.88288288288288
338,661,7.0,6.82753403933434,999,6.88588588588589
336,663,7.0,6.82654600301659,999,6.88488488488488
337,662,7.0,6.82930513595166,999,6.88688688688689
331,668,7.0,6.82784431137725,999,6.88488488488488
334,665,7.0,6.8390977443609,999,6.89289289289289
329,670,7.0,6.84328358208955,999,6.89489489489489
330,669,7.0,6.85351270553064,999,6.9019019019019
336,663,7.0,6.84917043740573,999,6.8998998998999
340,659,7.0,6.85280728376328,999,6.9029029029029
351,648,7.0,6.84876543209877,999,6.9019019019019
362,637,7.0,6.83673469387755,999,6.8958958958959
368,631,7.0,6.83993660855784,999,6.8988988988989
372,627,7.0,6.83732057416268,999,6.8978978978979
375,624,7.0,6.83974358974359,999,6.8998998998999
367,632,7.0,6.84810126582278,999,6.9039039039039
368,631,7.0,6.85103011093502,999,6.90590590590591
361,638,7.0,6.84326018808777,999,6.8998998998999
355,644,7.0,6.84472049689441,999,6.8998998998999
362,637,7.0,6.85243328100471,999,6.90590590590591
369,630,7.0,6.85238095238095,999,6.90690690690691
371,628,7.0,6.85031847133758,999,6.90590590590591
369,630,7.0,6.84444444444444,999,6.9019019019019
368,631,7.0,6.84469096671949,999,6.9019019019019
379,620,7.0,6.84838709677419,999,6.90590590590591
377,622,7.0,6.85852090032154,999,6.91191191191191
383,616,7.0,6.8538961038961,999,6.90990990990991
388,611,7.0,6.85761047463175,999,6.91291291291291
379,620,7.0,6.85483870967742,999,6.90990990990991
379,620,7.0,6.85645161290323,999,6.91091091091091
377,622,7.0,6.85369774919614,999,6.90890890890891
382,617,7.0,6.84440842787682,999,6.9039039039039
376,623,7.0,6.85393258426966,999,6.90890890890891
383,616,7.0,6.8474025974026,999,6.90590590590591
387,612,7.0,6.8562091503268,999,6.91191191191191
389,610,7.0,6.86065573770492,999,6.91491491491491
383,616,7.0,6.85714285714286,999,6.91191191191191
376,623,7.0,6.85393258426966,999,6.90890890890891
383,616,7.0,6.85227272727273,999,6.90890890890891
382,617,7.0,6.85575364667747,999,6.91091091091091
385,614,7.0,6.85342019543974,999,6.90990990990991
397,602,7.0,6.85382059800664,999,6.91191191191191
387,612,7.0,6.8562091503268,999,6.91191191191191
390,609,7.0,6.85221674876847,999,6.90990990990991
390,609,7.0,6.85221674876847,999,6.90990990990991
395,604,7.0,6.85099337748344,999,6.90990990990991
398,601,7.0,6.85524126455907,999,6.91291291291291
398,601,7.0,6.86522462562396,999,6.91891891891892
396,603,7.0,6.88059701492537,999,6.92792792792793
401,598,7.0,6.87959866220736,999,6.92792792792793
404,595,7.0,6.87394957983193,999,6.92492492492492
392,607,7.0,6.87808896210873,999,6.92592592592593
384,615,7.0,6.87642276422764,999,6.92392392392392
394,605,7.0,6.88429752066116,999,6.92992992992993
403,596,7.0,6.88422818791946,999,6.93093093093093
389,610,7.0,6.88688524590164,999,6.93093093093093
398,601,7.0,6.89184692179701,999,6.93493493493493
405,594,7.0,6.88888888888889,999,6.93393393393393
411,588,7.0,6.8843537414966,999,6.93193193193193
413,586,7.0,6.88225255972696,999,6.93093093093093
430,569,7.0,6.88576449912127,999,6.93493493493493
430,569,7.0,6.89103690685413,999,6.93793793793794
425,574,7.0,6.88850174216028,999,6.93593593593594
438,561,7.0,6.89483065953654,999,6.94094094094094
437,562,7.0,6.90035587188612,999,6.94394394394394
426,573,7.0,6.90401396160558,999,6.94494494494494
421,578,7.0,6.90138408304498,999,6.94294294294294
422,577,7.0,6.90121317157712,999,6.94294294294294
419,580,7.0,6.89310344827586,999,6.93793793793794
416,583,7.0,6.90222984562607,999,6.94294294294294
420,579,7.0,6.89982728842832,999,6.94194194194194
419,580,7.0,6.9,999,6.94194194194194
428,571,7.0,6.90017513134851,999,6.94294294294294
445,554,7.0,6.90072202166065,999,6.94494494494494
458,541,7.0,6.90018484288355,999,6.94594594594595
440,559,7.0,6.89982110912343,999,6.94394394394394
434,565,7.0,6.89557522123894,999,6.94094094094094
444,555,7.0,6.9009009009009,999,6.94494494494494
440,559,7.0,6.9087656529517,999,6.94894894894895
439,560,7.0,6.90892857142857,999,6.94894894894895
433,566,7.0,6.91519434628975,999,6.95195195195195
424,575,7.0,6.91652173913043,999,6.95195195195195
432,567,7.0,6.92239858906526,999,6.95595595595596
431,568,7.0,6.92253521126761,999,6.95595595595596
432,567,7.0,6.91887125220459,999,6.95395395395395
437,562,7.0,6.91814946619217,999,6.95395395395395
441,558,7.0,6.91756272401434,999,6.95395395395395
440,559,7.0,6.91413237924866,999,6.95195195195195
421,578,7.0,6.91176470588235,999,6.94894894894895
420,579,7.0,6.91364421416235,999,6.94994994994995
413,586,7.0,6.91467576791809,999,6.94994994994995
408,591,7.0,6.91539763113367,999,6.94994994994995
399,600,7.0,6.91166666666667,999,6.94694694694695
398,601,7.0,6.91014975041597,999,6.94594594594595
395,604,7.0,6.91225165562914,999,6.94694694694695
390,609,7.0,6.91133004926108,999,6.94594594594595
387,612,7.0,6.91339869281046,999,6.94694694694695
391,608,7.0,6.91940789473684,999,6.95095095095095
398,601,7.0,6.91846921797005,999,6.95095095095095
393,606,7.0,6.92244224422442,999,6.95295295295295
395,604,7.0,6.9205298013245,999,6.95195195195195
394,605,7.0,6.91404958677686,999,6.94794794794795
393,606,7.0,6.91584158415842,999,6.94894894894895
394,605,7.0,6.91570247933884,999,6.94894894894895
392,607,7.0,6.9159802306425,999,6.94894894894895
400,599,7.0,6.91652754590985,999,6.94994994994995
413,586,7.0,6.92491467576792,999,6.95595595595596
411,588,7.0,6.91836734693878,999,6.95195195195195
417,582,7.0,6.91408934707904,999,6.94994994994995
416,583,7.0,6.91766723842196,999,6.95195195195195
419,580,7.0,6.92068965517241,999,6.95395395395395
416,583,7.0,6.92281303602058,999,6.95495495495495
416,583,7.0,6.92109777015437,999,6.95395395395395
422,577,7.0,6.92201039861352,999,6.95495495495495
419,580,7.0,6.92413793103448,999,6.95595595595596
422,577,7.0,6.92201039861352,999,6.95495495495495
421,578,7.0,6.91695501730104,999,6.95195195195195
430,569,7.0,6.91739894551845,999,6.95295295295295
424,575,7.0,6.92521739130435,999,6.95695695695696
432,567,7.0,6.92592592592593,999,6.95795795795796
430,569,7.0,6.91739894551845,999,6.95295295295295
423,576,7.0,6.91493055555556,999,6.95095095095095
426,573,7.0,6.91797556719023,999,6.95295295295295
417,582,7.0,6.91752577319588,999,6.95195195195195
424,575,7.0,6.91130434782609,999,6.94894894894895
423,576,7.0,6.91319444444444,999,6.94994994994995
423,576,7.0,6.91145833333333,999,6.94894894894895
417,582,7.0,6.9106529209622,999,6.94794794794795
418,581,7.0,6.90877796901893,999,6.94694694694695
423,576,7.0,6.90277777777778,999,6.94394394394394
425,574,7.0,6.90243902439024,999,6.94394394394394
426,573,7.0,6.90401396160558,999,6.94494494494494
415,584,7.0,6.9041095890411,999,6.94394394394394
426,573,7.0,6.90575916230366,999,6.94594594594595
428,571,7.0,6.90718038528897,999,6.94694694694695
440,559,7.0,6.91234347048301,999,6.95095095095095
443,556,7.0,6.91726618705036,999,6.95395395395395
435,564,7.0,6.92021276595745,999,6.95495495495495
432,567,7.0,6.91710758377425,999,6.95295295295295
426,573,7.0,6.91972076788831,999,6.95395395395395
441,558,7.0,6.9247311827957,999,6.95795795795796
433,566,7.0,6.92049469964664,999,6.95495495495495
443,556,7.0,6.92985611510791,999,6.96096096096096
442,557,7.0,6.92998204667864,999,6.96096096096096
434,565,7.0,6.93451327433628,999,6.96296296296296
434,565,7.0,6.93982300884956,999,6.96596596596597
433,566,7.0,6.9416961130742,999,6.96696696696697
435,564,7.0,6.94148936170213,999,6.96696696696697
422,577,7.0,6.93934142114385,999,6.96496496496496
406,593,7.0,6.94435075885329,999,6.96696696696697
408,591,7.0,6.93570219966159,999,6.96196196196196
417,582,7.0,6.93986254295533,999,6.96496496496496
410,589,7.0,6.93718166383701,999,6.96296296296296
413,586,7.0,6.93344709897611,999,6.96096096096096
414,585,7.0,6.93504273504274,999,6.96196196196196
412,587,7.0,6.93696763202726,999,6.96296296296296
399,600,7.0,6.93833333333333,999,6.96296296296296
397,602,7.0,6.93687707641196,999,6.96196196196196
402,597,7.0,6.93467336683417,999,6.96096096096096
385,614,7.0,6.93485342019544,999,6.95995995995996
389,610,7.0,6.93770491803279,999,6.96196196196196
387,612,7.0,6.93464052287582,999,6.95995995995996
392,607,7.0,6.93080724876442,999,6.95795795795796
388,611,7.0,6.92798690671031,999,6.95595595595596
386,613,7.0,6.92169657422512,999,6.95195195195195
384,615,7.0,6.91869918699187,999,6.94994994994995
380,619,7.0,6.91922455573506,999,6.94994994994995
384,615,7.0,6.92520325203252,999,6.95395395395395
393,606,7.0,6.92244224422442,999,6.95295295295295
387,612,7.0,6.9281045751634,999,6.95595595595596
386,613,7.0,6.93148450244698,999,6.95795795795796
379,620,7.0,6.9258064516129,999,6.95395395395395
375,624,7.0,6.91666666666667,999,6.94794794794795
369,630,7.0,6.91269841269841,999,6.94494494494494
359,640,7.0,6.9140625,999,6.94494494494494
371,628,7.0,6.9187898089172,999,6.94894894894895
365,634,7.0,6.91482649842271,999,6.94594594594595
366,633,7.0,6.91943127962085,999,6.94894894894895
381,618,7.0,6.91909385113269,999,6.94994994994995
394,605,7.0,6.91900826446281,999,6.95095095095095
389,610,7.0,6.91803278688525,999,6.94994994994995
372,627,7.0,6.91547049441786,999,6.94694694694695
381,618,7.0,6.9126213592233,999,6.94594594594595
370,629,7.0,6.91414944356121,999,6.94594594594595
387,612,7.0,6.91666666666667,999,6.94894894894895
389,610,7.0,6.91147540983607,999,6.94594594594595
386,613,7.0,6.90701468189233,999,6.94294294294294
392,607,7.0,6.8995057660626,999,6.93893893893894
380,619,7.0,6.89822294022617,999,6.93693693693694
400,599,7.0,6.89649415692821,999,6.93793793793794
396,603,7.0,6.90547263681592,999,6.94294294294294
397,602,7.0,6.90697674418605,999,6.94394394394394
400,599,7.0,6.89816360601002,999,6.93893893893894
402,597,7.0,6.90284757118928,999,6.94194194194194
409,590,7.0,6.9,999,6.94094094094094
418,581,7.0,6.90189328743546,999,6.94294294294294
413,586,7.0,6.90273037542662,999,6.94294294294294
415,584,7.0,6.89383561643836,999,6.93793793793794
416,583,7.0,6.88679245283019,999,6.93393393393393
416,583,7.0,6.88679245283019,999,6.93393393393393
418,581,7.0,6.8881239242685,999,6.93493493493493
416,583,7.0,6.88679245283019,999,6.93393393393393
416,583,7.0,6.88336192109777,999,6.93193193193193
423,576,7.0,6.88020833333333,999,6.93093093093093
424,575,7.0,6.88347826086957,999,6.93293293293293
412,587,7.0,6.89267461669506,999,6.93693693693694
412,587,7.0,6.88586030664395,999,6.93293293293293
408,591,7.0,6.89001692047377,999,6.93493493493493
419,580,7.0,6.87758620689655,999,6.92892892892893
411,588,7.0,6.87244897959184,999,6.92492492492492
396,603,7.0,6.87064676616915,999,6.92192192192192
392,607,7.0,6.87808896210873,999,6.92592592592593
381,618,7.0,6.8705501618123,999,6.91991991991992
386,613,7.0,6.87112561174551,999,6.92092092092092
386,613,7.0,6.87275693311582,999,6.92192192192192
393,606,7.0,6.86798679867987,999,6.91991991991992
401,598,7.0,6.87458193979933,999,6.92492492492492
410,589,7.0,6.85908319185059,999,6.91691691691692
413,586,7.0,6.8617747440273,999,6.91891891891892
413,586,7.0,6.85494880546075,999,6.91491491491491
408,591,7.0,6.85109983079526,999,6.91191191191191
422,577,7.0,6.84402079722704,999,6.90990990990991
411,588,7.0,6.83673469387755,999,6.9039039039039
410,589,7.0,6.83870967741935,999,6.9049049049049
414,585,7.0,6.84273504273504,999,6.90790790790791
413,586,7.0,6.83959044368601,999,6.90590590590591
410,589,7.0,6.8251273344652,999,6.8968968968969
422,577,7.0,6.83015597920277,999,6.9019019019019
423,576,7.0,6.82291666666667,999,6.8978978978979
425,574,7.0,6.83449477351916,999,6.9049049049049
430,569,7.0,6.83128295254833,999,6.9039039039039
434,565,7.0,6.8353982300885,999,6.90690690690691
441,558,7.0,6.84408602150538,999,6.91291291291291
438,561,7.0,6.83244206773619,999,6.90590590590591
442,557,7.0,6.83303411131059,999,6.90690690690691
441,558,7.0,6.84229390681004,999,6.91191191191191
439,560,7.0,6.83571428571429,999,6.90790790790791
445,554,7.0,6.83754512635379,999,6.90990990990991
440,559,7.0,6.83005366726297,999,6.9049049049049
440,559,7.0,6.82289803220036,999,6.9009009009009
455,544,7.0,6.81801470588235,999,6.9009009009009
453,546,7.0,6.81868131868132,999,6.9009009009009
459,540,7.0,6.82037037037037,999,6.9029029029029
462,537,7.0,6.82122905027933,999,6.9039039039039
456,543,7.0,6.8158379373849,999,6.8998998998999
448,551,7.0,6.82940108892922,999,6.90590590590591
454,545,7.0,6.8256880733945,999,6.9049049049049
462,537,7.0,6.83240223463687,999,6.90990990990991
450,549,7.0,6.83060109289617,999,6.90690690690691
445,554,7.0,6.83212996389892,999,6.90690690690691
454,545,7.0,6.84770642201835,999,6.91691691691692
446,553,7.0,6.85171790235081,999,6.91791791791792
450,549,7.0,6.83424408014572,999,6.90890890890891
452,547,7.0,6.85557586837294,999,6.92092092092092
452,547,7.0,6.85191956124314,999,6.91891891891892
463,536,7.0,6.85074626865672,999,6.91991991991992
459,540,7.0,6.8537037037037,999,6.92092092092092
458,541,7.0,6.85951940850277,999,6.92392392392392
453,546,7.0,6.85714285714286,999,6.92192192192192
464,535,7.0,6.86168224299065,999,6.92592592592593
468,531,7.0,6.87005649717514,999,6.93093093093093
466,533,7.0,6.8780487804878,999,6.93493493493493
475,524,7.0,6.87404580152672,999,6.93393393393393
488,511,7.0,6.87084148727984,999,6.93393393393393
465,534,7.0,6.87453183520599,999,6.93293293293293
472,527,7.0,6.8595825426945,999,6.92592592592593
484,515,7.0,6.85825242718447,999,6.92692692692693
477,522,7.0,6.85823754789272,999,6.92592592592593
466,533,7.0,6.85928705440901,999,6.92492492492492
470,529,7.0,6.85444234404537,999,6.92292292292292
467,532,7.0,6.86466165413534,999,6.92792792792793
462,537,7.0,6.86219739292365,999,6.92592592592593
464,535,7.0,6.86915887850467,999,6.92992992992993
468,531,7.0,6.86817325800377,999,6.92992992992993
467,532,7.0,6.86654135338346,999,6.92892892892893
459,540,7.0,6.85925925925926,999,6.92392392392392
470,529,7.0,6.85444234404537,999,6.92292292292292
480,519,7.0,6.86127167630058,999,6.92792792792793
476,523,7.0,6.8585086042065,999,6.92592592592593
488,511,7.0,6.86692759295499,999,6.93193193193193
490,509,7.0,6.8762278978389,999,6.93693693693694
477,522,7.0,6.87931034482759,999,6.93693693693694
474,525,7.0,6.88380952380952,999,6.93893893893894
475,524,7.0,6.88740458015267,999,6.94094094094094
478,521,7.0,6.88291746641075,999,6.93893893893894
478,521,7.0,6.89059500959693,999,6.94294294294294
469,530,7.0,6.88867924528302,999,6.94094094094094
474,525,7.0,6.89142857142857,999,6.94294294294294
457,542,7.0,6.88007380073801,999,6.93493493493493
456,543,7.0,6.87845303867403,999,6.93393393393393
456,543,7.0,6.87661141804788,999,6.93293293293293
457,542,7.0,6.88560885608856,999,6.93793793793794
451,548,7.0,6.89051094890511,999,6.93993993993994
459,540,7.0,6.88518518518519,999,6.93793793793794
459,540,7.0,6.88518518518519,999,6.93793793793794
443,556,7.0,6.87589928057554,999,6.93093093093093
448,551,7.0,6.88021778584392,999,6.93393393393393
456,543,7.0,6.88029465930018,999,6.93493493493493
469,530,7.0,6.88301886792453,999,6.93793793793794
473,526,7.0,6.87832699619772,999,6.93593593593594
468,531,7.0,6.88323917137476,999,6.93793793793794
480,519,7.0,6.88053949903661,999,6.93793793793794
481,518,7.0,6.87065637065637,999,6.93293293293293
483,516,7.0,6.87209302325581,999,6.93393393393393
487,512,7.0,6.87109375,999,6.93393393393393
489,510,7.0,6.87058823529412,999,6.93393393393393
493,506,7.0,6.87747035573123,999,6.93793793793794
498,501,7.0,6.87624750499002,999,6.93793793793794
501,498,7.0,6.87550200803213,999,6.93793793793794
495,504,7.0,6.875,999,6.93693693693694
499,500,7.0,6.882,999,6.94094094094094
487,512,7.0,6.876953125,999,6.93693693693694
497,502,7.0,6.87649402390438,999,6.93793793793794
505,494,7.0,6.87854251012146,999,6.93993993993994
501,498,7.0,6.8855421686747,999,6.94294294294294
500,499,7.0,6.88176352705411,999,6.94094094094094
501,498,7.0,6.87951807228916,999,6.93993993993994
500,499,7.0,6.88376753507014,999,6.94194194194194
485,514,7.0,6.88910505836576,999,6.94294294294294
496,503,7.0,6.87673956262425,999,6.93793793793794
502,497,7.0,6.87525150905433,999,6.93793793793794
497,502,7.0,6.8804780876494,999,6.93993993993994
493,506,7.0,6.87549407114625,999,6.93693693693694
497,502,7.0,6.87250996015936,999,6.93593593593594
498,501,7.0,6.89221556886228,999,6.94594594594595
494,505,7.0,6.88910891089109,999,6.94394394394394
501,498,7.0,6.88755020080321,999,6.94394394394394
500,499,7.0,6.89178356713427,999,6.94594594594595
498,501,7.0,6.89421157684631,999,6.94694694694695
493,506,7.0,6.89130434782609,999,6.94494494494494
496,503,7.0,6.89463220675944,999,6.94694694694695
497,502,7.0,6.89641434262948,999,6.94794794794795
500,499,7.0,6.8937875751503,999,6.94694694694695
512,487,7.0,6.8952772073922,999,6.94894894894895
504,495,7.0,6.9030303030303,999,6.95195195195195
489,510,7.0,6.89411764705882,999,6.94594594594595
478,521,7.0,6.90403071017274,999,6.94994994994995
480,519,7.0,6.90558766859345,999,6.95095095095095
469,530,7.0,6.90754716981132,999,6.95095095095095
460,539,7.0,6.90352504638219,999,6.94794794794795
475,524,7.0,6.90458015267176,999,6.94994994994995
459,540,7.0,6.91481481481481,999,6.95395395395395
447,552,7.0,6.91123188405797,999,6.95095095095095
445,554,7.0,6.90613718411552,999,6.94794794794795
444,555,7.0,6.91891891891892,999,6.95495495495495
438,561,7.0,6.9144385026738,999,6.95195195195195
448,551,7.0,6.91288566243194,999,6.95195195195195
444,555,7.0,6.92072072072072,999,6.95595595595596
442,557,7.0,6.92998204667864,999,6.96096096096096
428,571,7.0,6.9246935201401,999,6.95695695695696
429,570,7.0,6.92631578947368,999,6.95795795795796
423,576,7.0,6.93055555555556,999,6.95995995995996
417,582,7.0,6.93298969072165,999,6.96096096096096
430,569,7.0,6.93848857644991,999,6.96496496496496
426,573,7.0,6.94066317626527,999,6.96596596596597
417,582,7.0,6.93986254295533,999,6.96496496496496
416,583,7.0,6.93653516295026,999,6.96296296296296
408,591,7.0,6.94077834179357,999,6.96496496496496
418,581,7.0,6.94664371772805,999,6.96896896896897
420,579,7.0,6.93782383419689,999,6.96396396396396
426,573,7.0,6.93368237347295,999,6.96196196196196
422,577,7.0,6.93240901213172,999,6.96096096096096
410,589,7.0,6.9320882852292,999,6.95995995995996
414,585,7.0,6.92991452991453,999,6.95895895895896
398,601,7.0,6.9234608985025,999,6.95395395395395
396,603,7.0,6.93200663349917,999,6.95895895895896
386,613,7.0,6.92332789559543,999,6.95295295295295
384,615,7.0,6.93008130081301,999,6.95695695695696
402,597,7.0,6.93299832495812,999,6.95995995995996
399,600,7.0,6.945,999,6.96696696696697
413,586,7.0,6.94368600682594,999,6.96696696696697
406,593,7.0,6.94772344013491,999,6.96896896896897
414,585,7.0,6.95726495726496,999,6.97497497497497
415,584,7.0,6.95719178082192,999,6.97497497497497
419,580,7.0,6.95862068965517,999,6.97597597597598
forward_num,reverse_num,forward_rate,reverse_rate,organism_num,organism_rate
5,5,5.0,5.0,10,5.0
409,590,7.0,6.95762711864407,999,6.97497497497497
400,599,7.0,6.95492487479132,999,6.97297297297297
390,609,7.0,6.95402298850575,999,6.97197197197197
397,602,7.0,6.95016611295681,999,6.96996996996997
397,602,7.0,6.9468438538206,999,6.96796796796797
394,605,7.0,6.9404958677686,999,6.96396396396396
406,593,7.0,6.94097807757167,999,6.96496496496496
387,612,7.0,6.93627450980392,999,6.96096096096096
402,597,7.0,6.93802345058626,999,6.96296296296296
391,608,7.0,6.93585526315789,999,6.96096096096096
400,599,7.0,6.93989983305509,999,6.96396396396396
410,589,7.0,6.93548387096774,999,6.96196196196196
394,605,7.0,6.93223140495868,999,6.95895895895896
391,608,7.0,6.93914473684211,999,6.96296296296296
386,613,7.0,6.93964110929853,999,6.96296296296296
391,608,7.0,6.9375,999,6.96196196196196
382,617,7.0,6.94489465153971,999,6.96596596596597
376,623,7.0,6.9470304975923,999,6.96696696696697
373,626,7.0,6.94888178913738,999,6.96796796796797
365,634,7.0,6.95110410094637,999,6.96896896896897
360,639,7.0,6.94835680751174,999,6.96696696696697
354,645,7.0,6.95813953488372,999,6.97297297297297
350,649,7.0,6.95223420647149,999,6.96896896896897
345,654,7.0,6.94648318042813,999,6.96496496496496
350,649,7.0,6.94298921417565,999,6.96296296296296
351,648,7.0,6.94598765432099,999,6.96496496496496
351,648,7.0,6.9537037037037,999,6.96996996996997
344,655,7.0,6.95419847328244,999,6.96996996996997
334,665,7.0,6.95338345864662,999,6.96896896896897
332,667,7.0,6.95052473763118,999,6.96696696696697
328,671,7.0,6.94932935916543,999,6.96596596596597
325,674,7.0,6.9540059347181,999,6.96896896896897
331,668,7.0,6.95359281437126,999,6.96896896896897
326,673,7.0,6.95690936106984,999,6.97097097097097
329,670,7.0,6.95671641791045,999,6.97097097097097
331,668,7.0,6.95808383233533,999,6.97197197197197
329,670,7.0,6.95970149253731,999,6.97297297297297
332,667,7.0,6.9640179910045,999,6.97597597597598
334,665,7.0,6.96992481203007,999,6.97997997997998
328,671,7.0,6.97019374068554,999,6.97997997997998
328,671,7.0,6.97168405365127,999,6.98098098098098
306,693,7.0,6.97402597402597,999,6.98198198198198
313,686,7.0,6.97376093294461,999,6.98198198198198
312,687,7.0,6.97088791848617,999,6.97997997997998
317,682,7.0,6.96920821114369,999,6.97897897897898
328,671,7.0,6.97019374068554,999,6.97997997997998
331,668,7.0,6.97155688622755,999,6.98098098098098
336,663,7.0,6.97586726998492,999,6.98398398398398
334,665,7.0,6.97593984962406,999,6.98398398398398
338,661,7.0,6.97276853252647,999,6.98198198198198
343,656,7.0,6.97256097560976,999,6.98198198198198
342,657,7.0,6.97108066971081,999,6.98098098098098
345,654,7.0,6.97094801223242,999,6.98098098098098
357,642,7.0,6.97507788161994,999,6.98398398398398
362,637,7.0,6.97488226059655,999,6.98398398398398
359,640,7.0,6.975,999,6.98398398398398
372,627,7.0,6.9792663476874,999,6.98698698698699
378,621,7.0,6.97584541062802,999,6.98498498498498
373,626,7.0,6.9776357827476,999,6.98598598598599
376,623,7.0,6.97592295345104,999,6.98498498498498
376,623,7.0,6.97913322632424,999,6.98698698698699
376,623,7.0,6.97913322632424,999,6.98698698698699
359,640,7.0,6.975,999,6.98398398398398
357,642,7.0,6.97196261682243,999,6.98198198198198
367,632,7.0,6.97151898734177,999,6.98198198198198
368,631,7.0,6.97147385103011,999,6.98198198198198
374,625,7.0,6.9712,999,6.98198198198198
367,632,7.0,6.97151898734177,999,6.98198198198198
354,645,7.0,6.96589147286822,999,6.97797797797798
349,650,7.0,6.96461538461538,999,6.97697697697698
356,643,7.0,6.96111975116641,999,6.97497497497497
357,642,7.0,6.9595015576324,999,6.97397397397397
352,647,7.0,6.95517774343122,999,6.97097097097097
350,649,7.0,6.95685670261941,999,6.97197197197197
348,651,7.0,6.95391705069124,999,6.96996996996997
345,654,7.0,6.95412844036697,999,6.96996996996997
358,641,7.0,6.95787831513261,999,6.97297297297297
361,638,7.0,6.95611285266458,999,6.97197197197197
362,637,7.0,6.95447409733124,999,6.97097097097097
355,644,7.0,6.95962732919255,999,6.97397397397397
352,647,7.0,6.95981452859351,999,6.97397397397397
356,643,7.0,6.96111975116641,999,6.97497497497497
352,647,7.0,6.9613601236476,999,6.97497497497497
362,637,7.0,6.96232339089482,999,6.97597597597598
361,638,7.0,6.96551724137931,999,6.97797797797798
357,642,7.0,6.95638629283489,999,6.97197197197197
347,652,7.0,6.9601226993865,999,6.97397397397397
348,651,7.0,6.95545314900154,999,6.97097097097097
349,650,7.0,6.95076923076923,999,6.96796796796797
351,648,7.0,6.95216049382716,999,6.96896896896897
351,648,7.0,6.9537037037037,999,6.96996996996997
352,647,7.0,6.94744976816074,999,6.96596596596597
351,648,7.0,6.94753086419753,999,6.96596596596597
345,654,7.0,6.9480122324159,999,6.96596596596597
345,654,7.0,6.94954128440367,999,6.96696696696697
340,659,7.0,6.94688922610015,999,6.96496496496496
336,663,7.0,6.94268476621418,999,6.96196196196196
341,658,7.0,6.94528875379939,999,6.96396396396396
346,653,7.0,6.94333843797856,999,6.96296296296296
347,652,7.0,6.94171779141104,999,6.96196196196196
349,650,7.0,6.94769230769231,999,6.96596596596597
362,637,7.0,6.94505494505495,999,6.96496496496496
356,643,7.0,6.94556765163297,999,6.96496496496496
347,652,7.0,6.9478527607362,999,6.96596596596597
367,632,7.0,6.95411392405063,999,6.97097097097097
367,632,7.0,6.94778481012658,999,6.96696696696697
364,635,7.0,6.9511811023622,999,6.96896896896897
346,653,7.0,6.95712098009188,999,6.97197197197197
346,653,7.0,6.95865237366003,999,6.97297297297297
354,645,7.0,6.95968992248062,999,6.97397397397397
353,646,7.0,6.95820433436533,999,6.97297297297297
354,645,7.0,6.95968992248062,999,6.97397397397397
358,641,7.0,6.9609984399376,999,6.97497497497497
349,650,7.0,6.95384615384615,999,6.96996996996997
345,654,7.0,6.9525993883792,999,6.96896896896897
352,647,7.0,6.95363214837713,999,6.96996996996997
350,649,7.0,6.96147919876733,999,6.97497497497497
344,655,7.0,6.96793893129771,999,6.97897897897898
332,667,7.0,6.97151424287856,999,6.98098098098098
328,671,7.0,6.9672131147541,999,6.97797797797798
325,674,7.0,6.9673590504451,999,6.97797797797798
332,667,7.0,6.96851574212894,999,6.97897897897898
339,660,7.0,6.96515151515151,999,6.97697697697698
346,653,7.0,6.96784073506891,999,6.97897897897898
339,660,7.0,6.96969696969697,999,6.97997997997998
347,652,7.0,6.96472392638037,999,6.97697697697698
348,651,7.0,6.9615975422427,999,6.97497497497497
338,661,7.0,6.96217851739788,999,6.97497497497497
336,663,7.0,6.96380090497738,999,6.97597597597598
332,667,7.0,6.96101949025487,999,6.97397397397397
334,665,7.0,6.95789473684211,999,6.97197197197197
335,664,7.0,6.96084337349398,999,6.97397397397397
330,669,7.0,6.95665171898356,999,6.97097097097097
330,669,7.0,6.95665171898356,999,6.97097097097097
331,668,7.0,6.95508982035928,999,6.96996996996997
328,671,7.0,6.95827123695976,999,6.97197197197197
331,668,7.0,6.95209580838323,999,6.96796796796797
329,670,7.0,6.95820895522388,999,6.97197197197197
327,672,7.0,6.95684523809524,999,6.97097097097097
331,668,7.0,6.95359281437126,999,6.96896896896897
332,667,7.0,6.95802098950525,999,6.97197197197197
329,670,7.0,6.95522388059702,999,6.96996996996997
324,675,7.0,6.96,999,6.97297297297297
318,681,7.0,6.94713656387665,999,6.96396396396396
327,672,7.0,6.94940476190476,999,6.96596596596597
323,676,7.0,6.94822485207101,999,6.96496496496496
330,669,7.0,6.94618834080717,999,6.96396396396396
326,673,7.0,6.9479940564636,999,6.96496496496496
324,675,7.0,6.93925925925926,999,6.95895895895896
331,668,7.0,6.94461077844311,999,6.96296296296296
330,669,7.0,6.93572496263079,999,6.95695695695696
341,658,7.0,6.94072948328267,999,6.96096096096096
330,669,7.0,6.94020926756353,999,6.95995995995996
336,663,7.0,6.93665158371041,999,6.95795795795796
330,669,7.0,6.9372197309417,999,6.95795795795796
327,672,7.0,6.93898809523809,999,6.95895895895896
326,673,7.0,6.9405646359584,999,6.95995995995996
336,663,7.0,6.93665158371041,999,6.95795795795796
334,665,7.0,6.93383458646617,999,6.95595595595596
329,670,7.0,6.94179104477612,999,6.96096096096096
331,668,7.0,6.93562874251497,999,6.95695695695696
322,677,7.0,6.93796159527326,999,6.95795795795796
318,681,7.0,6.93979441997063,999,6.95895895895896
321,678,7.0,6.94100294985251,999,6.95995995995996
325,674,7.0,6.92878338278932,999,6.95195195195195
323,676,7.0,6.93047337278106,999,6.95295295295295
328,671,7.0,6.93293591654247,999,6.95495495495495
324,675,7.0,6.93777777777778,999,6.95795795795796
328,671,7.0,6.94038748137109,999,6.95995995995996
339,660,7.0,6.94090909090909,999,6.96096096096096
332,667,7.0,6.94602698650675,999,6.96396396396396
342,657,7.0,6.93911719939117,999,6.95995995995996
340,659,7.0,6.93930197268589,999,6.95995995995996
333,666,7.0,6.94144144144144,999,6.96096096096096
331,668,7.0,6.94161676646707,999,6.96096096096096
328,671,7.0,6.94187779433681,999,6.96096096096096
332,667,7.0,6.94302848575712,999,6.96196196196196
326,673,7.0,6.94353640416048,999,6.96196196196196
329,670,7.0,6.94626865671642,999,6.96396396396396
334,665,7.0,6.94135338345865,999,6.96096096096096
316,683,7.0,6.93850658857979,999,6.95795795795796
318,681,7.0,6.93392070484582,999,6.95495495495495
323,676,7.0,6.93343195266272,999,6.95495495495495
324,675,7.0,6.92888888888889,999,6.95195195195195
319,680,7.0,6.925,999,6.94894894894895
321,678,7.0,6.92330383480826,999,6.94794794794795
314,685,7.0,6.92554744525547,999,6.94894894894895
316,683,7.0,6.92532942898975,999,6.94894894894895
321,678,7.0,6.92330383480826,999,6.94794794794795
323,676,7.0,6.92307692307692,999,6.94794794794795
321,678,7.0,6.92477876106195,999,6.94894894894895
322,677,7.0,6.92762186115214,999,6.95095095095095
320,679,7.0,6.92930780559647,999,6.95195195195195
322,677,7.0,6.92466765140325,999,6.94894894894895
316,683,7.0,6.92532942898975,999,6.94894894894895
319,680,7.0,6.925,999,6.94894894894895
311,688,7.0,6.92877906976744,999,6.95095095095095
313,686,7.0,6.93148688046647,999,6.95295295295295
314,685,7.0,6.92992700729927,999,6.95195195195195
314,685,7.0,6.92554744525547,999,6.94894894894895
304,695,7.0,6.92517985611511,999,6.94794794794795
308,691,7.0,6.9232995658466,999,6.94694694694695
294,705,7.0,6.92765957446808,999,6.94894894894895
299,700,7.0,6.93142857142857,999,6.95195195195195
295,704,7.0,6.93465909090909,999,6.95395395395395
285,714,7.0,6.9327731092437,999,6.95195195195195
286,713,7.0,6.9312762973352,999,6.95095095095095
287,712,7.0,6.93539325842697,999,6.95395395395395
287,712,7.0,6.94522471910112,999,6.96096096096096
283,716,7.0,6.93715083798883,999,6.95495495495495
292,707,7.0,6.93776520509194,999,6.95595595595596
286,713,7.0,6.93688639551192,999,6.95495495495495
281,718,7.0,6.93454038997214,999,6.95295295295295
285,714,7.0,6.93417366946779,999,6.95295295295295
285,714,7.0,6.93417366946779,999,6.95295295295295
285,714,7.0,6.93697478991597,999,6.95495495495495
286,713,7.0,6.93688639551192,999,6.95495495495495
287,712,7.0,6.93539325842697,999,6.95395395395395
284,715,7.0,6.93286713286713,999,6.95195195195195
281,718,7.0,6.93036211699164,999,6.94994994994995
268,731,7.0,6.9343365253078,999,6.95195195195195
263,736,7.0,6.93342391304348,999,6.95095095095095
264,735,7.0,6.93197278911565,999,6.94994994994995
263,736,7.0,6.93614130434783,999,6.95295295295295
261,738,7.0,6.9349593495935,999,6.95195195195195
254,745,7.0,6.93288590604027,999,6.94994994994995
253,746,7.0,6.94235924932976,999,6.95695695695696
247,752,7.0,6.94414893617021,999,6.95795795795796
245,754,7.0,6.94031830238727,999,6.95495495495495
241,758,7.0,6.93799472295515,999,6.95295295295295
240,759,7.0,6.93675889328063,999,6.95195195195195
242,757,7.0,6.93262879788639,999,6.94894894894895
252,747,7.0,6.93172690763052,999,6.94894894894895
247,752,7.0,6.93351063829787,999,6.94994994994995
248,751,7.0,6.93608521970706,999,6.95195195195195
255,744,7.0,6.93413978494624,999,6.95095095095095
253,746,7.0,6.93029490616622,999,6.94794794794795
249,750,7.0,6.92666666666667,999,6.94494494494494
247,752,7.0,6.92686170212766,999,6.94494494494494
250,749,7.0,6.92656875834446,999,6.94494494494494
247,752,7.0,6.92952127659574,999,6.94694694694695
245,754,7.0,6.91909814323607,999,6.93893893893894
254,745,7.0,6.92348993288591,999,6.94294294294294
249,750,7.0,6.92,999,6.93993993993994
252,747,7.0,6.92369477911647,999,6.94294294294294
264,735,7.0,6.92108843537415,999,6.94194194194194
259,740,7.0,6.92432432432432,999,6.94394394394394
258,741,7.0,6.92172739541161,999,6.94194194194194
253,746,7.0,6.93163538873995,999,6.94894894894895
255,744,7.0,6.92876344086022,999,6.94694694694695
246,753,7.0,6.92961487383798,999,6.94694694694695
251,748,7.0,6.92780748663102,999,6.94594594594595
254,745,7.0,6.93020134228188,999,6.94794794794795
261,738,7.0,6.92953929539295,999,6.94794794794795
261,738,7.0,6.92953929539295,999,6.94794794794795
267,732,7.0,6.93032786885246,999,6.94894894894895
263,736,7.0,6.92934782608696,999,6.94794794794795
259,740,7.0,6.93513513513513,999,6.95195195195195
250,749,7.0,6.93324432576769,999,6.94994994994995
257,742,7.0,6.92722371967655,999,6.94594594594595
259,740,7.0,6.92972972972973,999,6.94794794794795
266,733,7.0,6.92633015006821,999,6.94594594594595
260,739,7.0,6.92963464140731,999,6.94794794794795
265,734,7.0,6.9291553133515,999,6.94794794794795
258,741,7.0,6.93387314439946,999,6.95095095095095
265,734,7.0,6.93460490463215,999,6.95195195195195
271,728,7.0,6.92994505494505,999,6.94894894894895
272,727,7.0,6.93672627235213,999,6.95395395395395
268,731,7.0,6.93570451436389,999,6.95295295295295
270,729,7.0,6.93689986282579,999,6.95395395395395
273,726,7.0,6.93112947658402,999,6.94994994994995
283,716,7.0,6.92597765363128,999,6.94694694694695
279,720,7.0,6.92083333333333,999,6.94294294294294
282,717,7.0,6.91910739191074,999,6.94194194194194
281,718,7.0,6.92339832869081,999,6.94494494494494
274,725,7.0,6.92689655172414,999,6.94694694694695
270,729,7.0,6.92592592592593,999,6.94594594594595
271,728,7.0,6.92994505494505,999,6.94894894894895
268,731,7.0,6.9233926128591,999,6.94394394394394
266,733,7.0,6.92905866302865,999,6.94794794794795
276,723,7.0,6.9253112033195,999,6.94594594594595
277,722,7.0,6.92520775623269,999,6.94594594594595
274,725,7.0,6.92689655172414,999,6.94694694694695
274,725,7.0,6.92551724137931,999,6.94594594594595
286,713,7.0,6.92566619915848,999,6.94694694694695
278,721,7.0,6.93065187239945,999,6.94994994994995
275,724,7.0,6.92817679558011,999,6.94794794794795
270,729,7.0,6.93415637860082,999,6.95195195195195
267,732,7.0,6.93715846994535,999,6.95395395395395
257,742,7.0,6.93530997304582,999,6.95195195195195
257,742,7.0,6.9366576819407,999,6.95295295295295
251,748,7.0,6.9331550802139,999,6.94994994994995
250,749,7.0,6.92523364485981,999,6.94394394394394
255,744,7.0,6.92741935483871,999,6.94594594594595
268,731,7.0,6.9233926128591,999,6.94394394394394
257,742,7.0,6.91913746630728,999,6.93993993993994
240,759,7.0,6.91304347826087,999,6.93393393393393
244,755,7.0,6.9205298013245,999,6.93993993993994
238,761,7.0,6.91327201051248,999,6.93393393393393
232,767,7.0,6.91655801825293,999,6.93593593593594
