forward_num,reverse_num,forward_rate,reverse_rate,organism_num,organism_rate
5,5,5.0,5.0,10,5.0
5,5,5.0,5.0,10,5.0
5,5,5.0,5.0,10,5.0
6,6,5.16666666666667,5.5,12,5.33333333333333
7,7,5.42857142857143,5.42857142857143,14,5.42857142857143
8,8,5.5,5.375,16,5.4375
10,11,5.5,5.54545454545455,21,5.52380952380952
14,13,5.5,5.46153846153846,27,5.48148148148148
15,15,5.6,5.66666666666667,30,5.63333333333333
18,19,5.72222222222222,5.73684210526316,37,5.72972972972973
22,22,6.0,5.86363636363636,44,5.93181818181818
28,27,5.96428571428571,6.14814814814815,55,6.05454545454545
35,31,6.22857142857143,6.19354838709677,66,6.21212121212121
41,44,6.34146341463415,6.40909090909091,85,6.37647058823529
53,52,6.47169811320755,6.32692307692308,105,6.4
70,66,6.61428571428571,6.71212121212121,136,6.66176470588235
79,81,6.62025316455696,6.75308641975309,160,6.6875
102,109,6.81372549019608,7.0,211,6.90995260663507
132,127,6.91666666666667,7.07874015748031,259,6.996138996139
161,173,6.92546583850932,7.29479768786127,334,7.11676646706587
210,212,7.07142857142857,7.22169811320755,422,7.14691943127962
274,285,7.04379562043796,7.34385964912281,559,7.19677996422182
344,360,7.2093023255814,7.45277777777778,704,7.33380681818182
444,450,7.28153153153153,7.57333333333333,894,7.42841163310962
486,511,7.33539094650206,7.64579256360078,997,7.49448345035105
479,518,7.33194154488518,7.66216216216216,997,7.50351053159478
481,518,7.32016632016632,7.67374517374517,999,7.5035035035035
481,517,7.3014553014553,7.62088974854932,998,7.46693386773547
479,519,7.2901878914405,7.63583815028902,998,7.46993987975952
478,520,7.32845188284519,7.63846153846154,998,7.48997995991984
477,521,7.38364779874214,7.65451055662188,998,7.5250501002004
480,518,7.35416666666667,7.65250965250965,998,7.50901803607214
480,519,7.36041666666667,7.69171483622351,999,7.53253253253253
474,524,7.37130801687764,7.68129770992366,998,7.53406813627254
465,533,7.34193548387097,7.68855534709193,998,7.52705410821643
469,529,7.35820895522388,7.73913043478261,998,7.56012024048096
467,532,7.35331905781585,7.75751879699248,999,7.56856856856857
469,530,7.36886993603412,7.72075471698113,999,7.55555555555556
468,530,7.34188034188034,7.7622641509434,998,7.56513026052104
462,536,7.38744588744589,7.75559701492537,998,7.58517034068136
468,531,7.41025641025641,7.7834274952919,999,7.60860860860861
464,535,7.36853448275862,7.7607476635514,999,7.57857857857858
468,530,7.36752136752137,7.8,998,7.59719438877756
452,546,7.36504424778761,7.84432234432234,998,7.62725450901804
463,535,7.37580993520518,7.8803738317757,998,7.64629258517034
465,534,7.4,7.8689138576779,999,7.65065065065065
459,539,7.38562091503268,7.83858998144712,998,7.63026052104208
449,550,7.37416481069042,7.89090909090909,999,7.65865865865866
443,556,7.33634311512415,7.87230215827338,999,7.63463463463463
446,552,7.36547085201794,7.89492753623188,998,7.65831663326653
437,562,7.37757437070938,7.87544483985765,999,7.65765765765766
427,570,7.36533957845433,7.89473684210526,997,7.66800401203611
438,560,7.37671232876712,7.93571428571429,998,7.69038076152305
439,560,7.44874715261959,7.96964285714286,999,7.74074074074074
442,555,7.47737556561086,7.98018018018018,997,7.75727181544634
438,561,7.46575342465753,7.96256684491979,999,7.74474474474474
436,562,7.43807339449541,8.01067615658363,998,7.76052104208417
433,563,7.46651270207852,8.00710479573712,996,7.77208835341365
421,575,7.49406175771971,8.04173913043478,996,7.81024096385542
427,572,7.53864168618267,8.02972027972028,999,7.81981981981982
417,581,7.52757793764988,8.04130808950086,998,7.82665330661323
418,581,7.52631578947368,8.01721170395869,999,7.81181181181181
411,586,7.4963503649635,8.04778156996587,997,7.82046138415246
423,576,7.50827423167849,8.03993055555556,999,7.81481481481481
422,577,7.49763033175355,8.05719237435009,999,7.82082082082082
435,564,7.47816091954023,8.06914893617021,999,7.81181181181181
435,563,7.45287356321839,8.12433392539964,998,7.83166332665331
434,565,7.48617511520737,8.11327433628319,999,7.84084084084084
443,553,7.51693002257336,8.12115732368897,996,7.85240963855422
449,549,7.53452115812918,8.12750455373406,998,7.86072144288577
443,556,7.5823927765237,8.08812949640288,999,7.86386386386386
450,548,7.57555555555556,8.13686131386861,998,7.88376753507014
449,550,7.63919821826281,8.18363636363636,999,7.93893893893894
455,543,7.70989010989011,8.16574585635359,998,7.95791583166333
458,540,7.70960698689956,8.15,998,7.94789579158317
450,549,7.71777777777778,8.16757741347905,999,7.96496496496496
442,556,7.71945701357466,8.15287769784173,998,7.96092184368737
433,566,7.68591224018476,8.19081272084806,999,7.97197197197197
427,571,7.66744730679157,8.20840630472855,998,7.97695390781563
430,569,7.68139534883721,8.16168717047452,999,7.95495495495495
425,574,7.71058823529412,8.15853658536585,999,7.96796796796797
422,577,7.739336492891,8.19757365684575,999,8.004004004004
415,582,7.74216867469879,8.2319587628866,997,8.02808425275827
408,591,7.75490196078431,8.22842639593909,999,8.03503503503504
404,595,7.77227722772277,8.19663865546218,999,8.02502502502503
404,593,7.8019801980198,8.23608768971332,997,8.06018054162487
396,603,7.83080808080808,8.23880597014925,999,8.07707707707708
395,604,7.84556962025316,8.25993377483444,999,8.0960960960961
404,595,7.81930693069307,8.25546218487395,999,8.07907907907908
402,596,7.79353233830846,8.28187919463087,998,8.08517034068136
398,601,7.82412060301507,8.27953410981697,999,8.0980980980981
387,610,7.81395348837209,8.27377049180328,997,8.09528585757272
388,610,7.80412371134021,8.27049180327869,998,8.08917835671343
391,608,7.81585677749361,8.23848684210526,999,8.07307307307307
400,598,7.8075,8.21404682274247,998,8.05110220440882
390,608,7.78974358974359,8.22697368421053,998,8.0561122244489
386,612,7.80051813471503,8.24509803921569,998,8.07314629258517
389,609,7.84575835475578,8.20361247947455,998,8.06412825651303
391,606,7.81329923273657,8.22772277227723,997,8.06519558676028
391,607,7.80051150895141,8.20428336079077,998,8.04609218436874
380,619,7.81052631578947,8.23586429725363,999,8.07407407407407
383,616,7.83812010443864,8.24837662337662,999,8.09109109109109
381,617,7.80577427821522,8.21555915721232,998,8.05911823647295
368,631,7.79619565217391,8.24722662440571,999,8.08108108108108
365,634,7.78356164383562,8.23028391167192,999,8.06706706706707
362,637,7.76243093922652,8.24018838304553,999,8.06706706706707
369,630,7.78861788617886,8.22380952380952,999,8.06306306306306
369,628,7.76964769647696,8.23248407643312,997,8.06118355065196
372,627,7.77150537634409,8.25039872408293,999,8.07207207207207
371,628,7.79245283018868,8.26114649681529,999,8.08708708708709
366,633,7.81147540983607,8.26382306477093,999,8.0980980980981
362,637,7.85911602209945,8.2574568288854,999,8.11311311311311
366,632,7.81420765027322,8.26898734177215,998,8.10220440881764
375,622,7.81866666666667,8.21864951768489,997,8.06820461384152
371,627,7.8167115902965,8.22169059011164,998,8.07114228456914
383,616,7.87206266318538,8.23701298701299,999,8.0970970970971
383,616,7.86945169712794,8.2288961038961,999,8.09109109109109
386,613,7.86269430051814,8.25448613376835,999,8.1031031031031
385,614,7.88571428571429,8.20195439739414,999,8.08008008008008
372,626,7.89516129032258,8.17891373801917,998,8.07314629258517
382,616,7.90052356020942,8.14285714285714,998,8.0501002004008
383,614,7.86422976501305,8.16938110749186,997,8.05215646940822
392,606,7.83418367346939,8.21452145214522,998,8.06513026052104
390,608,7.83076923076923,8.17927631578947,998,8.04308617234469
393,606,7.87022900763359,8.2046204620462,999,8.07307307307307
390,609,7.87435897435897,8.22988505747126,999,8.09109109109109
402,597,7.85323383084577,8.28978224455611,999,8.11411411411411
398,600,7.85175879396985,8.26,998,8.09719438877756
382,616,7.87434554973822,8.2711038961039,998,8.11923847695391
384,615,7.87239583333333,8.27479674796748,999,8.12012012012012
384,613,7.88541666666667,8.27732463295269,997,8.12637913741224
376,622,7.94414893617021,8.2491961414791,998,8.13426853707415
372,625,7.96505376344086,8.256,997,8.14744232698094
366,633,7.97814207650273,8.23538704581359,999,8.14114114114114
362,635,8.02209944751381,8.25669291338583,997,8.17151454363089
351,648,8.01424501424501,8.25154320987654,999,8.16816816816817
348,651,7.97701149425287,8.29953917050691,999,8.18718718718719
346,653,7.98554913294798,8.32006125574273,999,8.2042042042042
347,650,7.98559077809798,8.31692307692308,997,8.20160481444333
359,639,8.01114206128134,8.31298904538341,998,8.20440881763527
362,637,8.00552486187845,8.32339089481947,999,8.20820820820821
354,645,8.00847457627119,8.31007751937985,999,8.2032032032032
348,651,8.02298850574713,8.31643625192012,999,8.21421421421421
358,639,7.98603351955307,8.31298904538341,997,8.19558676028084
353,645,7.94900849858357,8.30387596899225,998,8.17835671342685
354,645,7.9774011299435,8.28062015503876,999,8.17317317317317
352,646,7.99147727272727,8.26780185758514,998,8.17034068136273
359,639,7.93871866295265,8.30516431924883,998,8.17334669338677
354,645,7.96045197740113,8.32558139534884,999,8.1961961961962
357,642,7.98879551820728,8.31152647975078,999,8.1961961961962
361,636,7.99445983379501,8.30817610062893,997,8.19458375125376
363,636,7.9862258953168,8.33018867924528,999,8.20520520520521
353,646,7.95467422096317,8.3266253869969,999,8.1951951951952
353,645,8.03682719546742,8.31472868217054,998,8.21643286573146
352,646,8.08522727272727,8.32198142414861,998,8.23847695390782
345,654,8.08695652173913,8.3256880733945,999,8.24324324324324
347,651,8.03746397694525,8.34254992319508,998,8.23647294589178
355,641,8.01690140845071,8.35257410296412,996,8.23293172690763
351,648,8.02279202279202,8.35493827160494,999,8.23823823823824
346,652,8.09537572254335,8.33128834355828,998,8.24949899799599
351,646,8.14245014245014,8.30185758513932,997,8.24573721163491
352,647,8.16193181818182,8.28438948995363,999,8.24124124124124
350,648,8.19714285714286,8.29475308641975,998,8.26052104208417
345,653,8.18260869565217,8.3353751914242,998,8.28256513026052
343,656,8.11370262390671,8.26371951219512,999,8.21221221221221
338,661,8.16568047337278,8.25869894099849,999,8.22722722722723
342,657,8.20760233918129,8.27245053272451,999,8.25025025025025
340,659,8.20588235294118,8.32928679817906,999,8.28728728728729
338,660,8.18934911242603,8.26969696969697,998,8.24248496993988
339,660,8.16519174041298,8.29545454545454,999,8.25125125125125
342,656,8.14619883040936,8.26219512195122,998,8.22244488977956
341,658,8.16422287390029,8.24924012158055,999,8.22022022022022
340,659,8.13823529411765,8.26707132018209,999,8.22322322322322
332,666,8.12048192771084,8.24024024024024,998,8.20040080160321
336,663,8.10119047619048,8.25942684766214,999,8.20620620620621
339,660,8.10324483775811,8.24242424242424,999,8.1951951951952
337,662,8.08308605341246,8.18731117824773,999,8.15215215215215
334,664,8.0688622754491,8.16716867469879,998,8.13426853707415
332,667,8.06626506024096,8.17541229385307,999,8.13913913913914
345,654,8.15942028985507,8.15443425076453,999,8.15615615615616
343,655,8.19533527696793,8.10839694656489,998,8.13827655310621
344,655,8.20348837209302,8.10992366412214,999,8.14214214214214
344,654,8.18023255813953,8.11620795107034,998,8.13827655310621
346,651,8.19942196531792,8.09062980030722,997,8.1283851554664
336,661,8.22321428571429,8.09984871406959,997,8.14142427281845
328,669,8.23170731707317,8.10612855007474,997,8.14744232698094
321,677,8.24922118380062,8.12112259970458,998,8.1623246492986
322,675,8.22981366459627,8.11407407407407,997,8.15145436308927
335,663,8.24477611940299,8.07843137254902,998,8.13426853707415
324,673,8.2716049382716,8.12184249628529,997,8.17051153460381
328,671,8.32317073170732,8.12965722801788,999,8.19319319319319
318,681,8.25786163522013,8.12922173274596,999,8.17017017017017
317,682,8.28391167192429,8.11730205278592,999,8.17017017017017
319,680,8.24451410658307,8.11323529411765,999,8.15515515515516
309,690,8.22006472491909,8.12753623188406,999,8.15615615615616
314,684,8.23566878980892,8.14912280701754,998,8.17635270541082
313,686,8.24281150159744,8.12827988338192,999,8.16416416416416
311,686,8.2604501607717,8.18367346938776,997,8.20762286860582
311,688,8.20257234726688,8.19767441860465,999,8.1991991991992
316,682,8.19620253164557,8.22140762463343,998,8.21342685370741
306,691,8.20915032679738,8.19247467438495,997,8.19759277833501
320,679,8.225,8.17231222385861,999,8.18918918918919
324,674,8.25617283950617,8.16913946587537,998,8.19739478957916
318,680,8.26100628930818,8.16176470588235,998,8.19338677354709
316,680,8.2626582278481,8.19411764705882,996,8.21586345381526
326,672,8.27914110429448,8.21875,998,8.23847695390782
327,672,8.28746177370031,8.20684523809524,999,8.23323323323323
322,676,8.28571428571429,8.21153846153846,998,8.23547094188377
323,676,8.25077399380805,8.18786982248521,999,8.20820820820821
319,679,8.28213166144201,8.20176730486009,998,8.22745490981964
322,677,8.27950310559006,8.1890694239291,999,8.21821821821822
336,663,8.27380952380952,8.17345399698341,999,8.20720720720721
328,671,8.30792682926829,8.16542473919523,999,8.21221221221221
323,676,8.30650154798762,8.15236686390532,999,8.2022022022022
318,679,8.30188679245283,8.16789396170839,997,8.21063189568706
318,681,8.30503144654088,8.143906020558,999,8.1951951951952
321,677,8.31464174454829,8.16691285081241,998,8.21442885771543
323,676,8.29721362229102,8.16272189349112,999,8.20620620620621
323,675,8.25386996904025,8.15703703703704,998,8.18837675350701
311,688,8.31189710610932,8.1671511627907,999,8.21221221221221
314,684,8.35031847133758,8.16520467836257,998,8.22344689378757
318,681,8.30817610062893,8.15712187958884,999,8.20520520520521
314,682,8.3343949044586,8.1466275659824,996,8.20582329317269
319,679,8.29780564263323,8.13254786450663,998,8.18537074148297
310,688,8.32258064516129,8.14825581395349,998,8.20240480961924
314,684,8.37261146496815,8.1374269005848,998,8.21142284569138
316,683,8.35126582278481,8.10541727672035,999,8.18318318318318
322,674,8.38819875776398,8.06083086053413,996,8.16666666666667
317,680,8.35646687697161,8.09411764705882,997,8.17753259779338
311,687,8.37299035369775,8.08005822416303,998,8.17134268537074
301,698,8.37873754152824,8.09169054441261,999,8.17817817817818
305,694,8.37377049180328,8.11239193083573,999,8.19219219219219
302,697,8.35430463576159,8.11908177905308,999,8.19019019019019
295,702,8.40338983050848,8.13390313390313,997,8.2136409227683
294,705,8.40476190476191,8.13333333333333,999,8.21321321321321
298,701,8.39597315436242,8.14550641940086,999,8.22022022022022
297,702,8.3973063973064,8.17236467236467,999,8.23923923923924
297,702,8.4006734006734,8.17378917378917,999,8.24124124124124
295,703,8.43389830508475,8.12802275960171,998,8.21843687374749
283,714,8.38515901060071,8.10644257703081,997,8.18555667001003
283,716,8.42402826855124,8.07122905027933,999,8.17117117117117
281,717,8.48042704626335,8.06276150627615,998,8.18036072144289
281,718,8.49110320284698,8.08635097493036,999,8.2002002002002
282,713,8.46808510638298,8.07994389901823,995,8.18994974874372
284,715,8.49295774647887,8.10629370629371,999,8.21621621621622
287,710,8.44947735191638,8.09014084507042,997,8.19358074222668
290,709,8.37931034482759,8.12270803949224,999,8.1971971971972
286,713,8.31818181818182,8.09116409537167,999,8.15615615615616
285,713,8.34736842105263,8.10799438990182,998,8.17635270541082
280,719,8.35714285714286,8.08066759388039,999,8.15815815815816
271,727,8.37638376383764,8.09628610729023,998,8.17234468937876
270,728,8.35555555555556,8.10989010989011,998,8.17635270541082
276,723,8.34057971014493,8.12586445366528,999,8.18518518518519
277,722,8.35018050541516,8.13573407202216,999,8.1951951951952
285,713,8.36491228070175,8.12762973352034,998,8.19539078156313
280,718,8.41785714285714,8.12116991643454,998,8.20440881763527
280,718,8.40357142857143,8.16852367688022,998,8.23446893787575
283,716,8.3886925795053,8.1536312849162,999,8.22022022022022
286,712,8.36713286713287,8.14185393258427,998,8.2064128256513
287,712,8.37282229965157,8.13061797752809,999,8.2002002002002
286,713,8.39160839160839,8.09957924263675,999,8.18318318318318
284,715,8.34859154929577,8.12727272727273,999,8.19019019019019
284,713,8.3943661971831,8.109396914446,997,8.19057171514544
287,712,8.36933797909408,8.11797752808989,999,8.19019019019019
292,706,8.41780821917808,8.13314447592068,998,8.21643286573146
289,708,8.40484429065744,8.12005649717514,997,8.20260782347041
292,707,8.42465753424658,8.13012729844413,999,8.21621621621622
286,713,8.42657342657343,8.11781206171108,999,8.20620620620621
292,706,8.37671232876712,8.12747875354108,998,8.20040080160321
293,704,8.34470989761092,8.09659090909091,997,8.16950852557673
301,698,8.40531561461794,8.05730659025788,999,8.16216216216216
294,705,8.35714285714286,8.1177304964539,999,8.18818818818819
292,707,8.38013698630137,8.12729844413013,999,8.2012012012012
289,709,8.40138408304498,8.12976022566996,998,8.20841683366733
297,700,8.39393939393939,8.15714285714286,997,8.22768304914744
305,694,8.45245901639344,8.19452449567723,999,8.27327327327327
311,688,8.41479099678457,8.22093023255814,999,8.28128128128128
305,693,8.39672131147541,8.19191919191919,998,8.25450901803607
300,699,8.44666666666667,8.20600858369099,999,8.27827827827828
302,696,8.4635761589404,8.20114942528736,998,8.28056112224449
292,706,8.47260273972603,8.19263456090652,998,8.27454909819639
300,699,8.4,8.18168812589413,999,8.24724724724725
296,703,8.40540540540541,8.17638691322902,999,8.24424424424424
302,696,8.43708609271523,8.17385057471264,998,8.25350701402806
283,716,8.45936395759717,8.16759776536313,999,8.25025025025025
286,712,8.47552447552447,8.1685393258427,998,8.2565130260521
284,712,8.47887323943662,8.17415730337079,996,8.26104417670683
279,720,8.45161290322581,8.18333333333333,999,8.25825825825826
273,725,8.43956043956044,8.18344827586207,998,8.25350701402806
277,722,8.4187725631769,8.21883656509695,999,8.27427427427427
290,709,8.39655172413793,8.20028208744711,999,8.25725725725726
286,713,8.38811188811189,8.1781206171108,999,8.23823823823824
285,714,8.36491228070175,8.19607843137255,999,8.24424424424424
284,715,8.37676056338028,8.2041958041958,999,8.25325325325325
280,719,8.375,8.16968011126565,999,8.22722722722723
283,716,8.37102473498233,8.16480446927374,999,8.22322322322322
279,720,8.36559139784946,8.18194444444444,999,8.23323323323323
283,715,8.37455830388693,8.17902097902098,998,8.23446893787575
284,715,8.39788732394366,8.19020979020979,999,8.24924924924925
286,713,8.38811188811189,8.18934081346424,999,8.24624624624625
279,718,8.38351254480287,8.20612813370474,997,8.25576730190572
275,724,8.37818181818182,8.18093922651934,999,8.23523523523524
273,725,8.41025641025641,8.18620689655172,998,8.24749498997996
262,737,8.44656488549618,8.2157394843962,999,8.27627627627628
270,727,8.47407407407407,8.21458046767538,997,8.28485456369107
266,733,8.42857142857143,8.23601637107776,999,8.28728728728729
267,732,8.43445692883895,8.23087431693989,999,8.28528528528529
273,726,8.43223443223443,8.23002754820937,999,8.28528528528529
262,737,8.43511450381679,8.23744911804613,999,8.28928928928929
256,742,8.390625,8.23045822102426,998,8.27154308617235
259,740,8.41698841698842,8.24054054054054,999,8.28628628628629
256,743,8.40625,8.25033647375505,999,8.29029029029029
257,742,8.40077821011673,8.2533692722372,999,8.29129129129129
260,737,8.35769230769231,8.25644504748982,997,8.28284854563691
258,740,8.33333333333333,8.2472972972973,998,8.26953907815631
265,734,8.3622641509434,8.26975476839237,999,8.29429429429429
257,741,8.33852140077821,8.29554655870445,998,8.30661322645291
256,742,8.25390625,8.29784366576819,998,8.28657314629259
257,741,8.2568093385214,8.2995951417004,998,8.28857715430862
257,742,8.30350194552529,8.29784366576819,999,8.2992992992993
264,733,8.26136363636364,8.28649386084584,997,8.27983951855567
269,728,8.31970260223048,8.28021978021978,997,8.29087261785356
272,727,8.30147058823529,8.30398899587345,999,8.3033033033033
276,722,8.29710144927536,8.32825484764543,998,8.31963927855711
272,726,8.32352941176471,8.30716253443526,998,8.31162324649299
280,717,8.31071428571429,8.32357043235704,997,8.31995987963892
281,718,8.34163701067616,8.33008356545961,999,8.33333333333333
278,720,8.31294964028777,8.30416666666667,998,8.30661322645291
279,719,8.30824372759857,8.32267037552156,998,8.3186372745491
280,719,8.37142857142857,8.32962447844228,999,8.34134134134134
282,715,8.35106382978723,8.2951048951049,997,8.31093279839519
286,713,8.34265734265734,8.28611500701262,999,8.3023023023023
281,718,8.29181494661922,8.27158774373259,999,8.27727727727728
280,719,8.23928571428571,8.25452016689847,999,8.25025025025025
278,721,8.22661870503597,8.27323162274619,999,8.26026026026026
269,730,8.23048327137546,8.26712328767123,999,8.25725725725726
276,723,8.16666666666667,8.26141078838174,999,8.23523523523524
271,728,8.22140221402214,8.23901098901099,999,8.23423423423423
276,723,8.2536231884058,8.25864453665284,999,8.25725725725726
274,725,8.26642335766423,8.25241379310345,999,8.25625625625626
278,719,8.26618705035971,8.27677329624478,997,8.27382146439318
279,719,8.27240143369176,8.29068150208623,998,8.28557114228457
287,712,8.25435540069686,8.30056179775281,999,8.28728728728729
285,713,8.25263157894737,8.30014025245442,998,8.28657314629259
288,711,8.28125,8.27285513361463,999,8.27527527527528
289,710,8.29757785467128,8.26760563380282,999,8.27627627627628
292,707,8.29452054794521,8.26166902404526,999,8.27127127127127
297,701,8.33333333333333,8.30099857346648,998,8.31062124248497
298,700,8.31208053691275,8.31571428571429,998,8.31462925851703
287,710,8.36236933797909,8.31830985915493,997,8.33099297893681
292,706,8.34246575342466,8.30453257790368,998,8.31563126252505
305,693,8.32131147540984,8.31024531024531,998,8.31362725450902
307,691,8.31596091205212,8.3068017366136,998,8.30961923847695
315,684,8.38412698412698,8.28362573099415,999,8.31531531531532
316,683,8.37341772151899,8.28111273792094,999,8.31031031031031
318,681,8.36477987421384,8.27753303964758,999,8.30530530530531
316,683,8.37341772151899,8.27525622254758,999,8.30630630630631
325,674,8.34769230769231,8.29376854599407,999,8.31131131131131
325,674,8.38153846153846,8.31454005934718,999,8.33633633633634
318,681,8.37735849056604,8.30837004405286,999,8.33033033033033
332,667,8.35542168674699,8.3328335832084,999,8.34034034034034
329,670,8.37386018237082,8.34776119402985,999,8.35635635635636
323,674,8.34984520123839,8.31008902077151,997,8.32296890672016
326,673,8.38957055214724,8.32243684992571,999,8.34434434434434
320,679,8.390625,8.30044182621502,999,8.32932932932933
319,680,8.3730407523511,8.30441176470588,999,8.32632632632633
308,691,8.39285714285714,8.2821997105644,999,8.31631631631632
309,689,8.37864077669903,8.29027576197388,998,8.31763527054108
307,691,8.37133550488599,8.28509406657019,998,8.31162324649299
314,684,8.37261146496815,8.25292397660819,998,8.29058116232465
311,688,8.39228295819936,8.26744186046512,999,8.30630630630631
308,690,8.38311688311688,8.26376811594203,998,8.30060120240481
308,688,8.37012987012987,8.24563953488372,996,8.28413654618474
315,684,8.36825396825397,8.20760233918129,999,8.25825825825826
319,679,8.35736677115987,8.22238586156112,998,8.26553106212425
314,684,8.35987261146497,8.23391812865497,998,8.27354709418838
314,685,8.39808917197452,8.22773722627737,999,8.28128128128128
315,682,8.35238095238095,8.24486803519062,997,8.27883650952859
316,683,8.35759493670886,8.25768667642753,999,8.28928928928929
321,676,8.3582554517134,8.28550295857988,997,8.30892678034102
326,671,8.38036809815951,8.27868852459016,997,8.31193580742227
322,675,8.36024844720497,8.28296296296296,997,8.30792377131394
321,678,8.33333333333333,8.29203539823009,999,8.30530530530531
317,682,8.32492113564669,8.28445747800587,999,8.2972972972973
314,685,8.32802547770701,8.27299270072993,999,8.29029029029029
308,690,8.30194805194805,8.26086956521739,998,8.27354709418838
303,695,8.31683168316832,8.28776978417266,998,8.29659318637275
300,697,8.35,8.32855093256815,997,8.33500501504514
301,698,8.33887043189369,8.34527220630373,999,8.34334334334334
309,689,8.33980582524272,8.35413642960813,998,8.3496993987976
311,686,8.31832797427653,8.34402332361516,997,8.33600802407222
313,685,8.3258785942492,8.33138686131387,998,8.32965931863727
317,682,8.33753943217666,8.34457478005865,999,8.34234234234234
314,684,8.3375796178344,8.32894736842105,998,8.33166332665331
324,674,8.36728395061728,8.34569732937685,998,8.35270541082164
320,679,8.321875,8.35346097201767,999,8.34334334334334
326,672,8.39877300613497,8.33184523809524,998,8.35370741482966
311,686,8.40192926045016,8.31924198250729,997,8.34503510531595
318,681,8.35849056603774,8.34948604992658,999,8.35235235235235
313,685,8.35463258785943,8.34014598540146,998,8.34468937875751
308,689,8.32792207792208,8.35994194484761,997,8.35005015045135
304,693,8.28618421052632,8.33333333333333,997,8.31895687061184
294,704,8.27551020408163,8.34090909090909,998,8.32164328657315
290,707,8.3,8.37906647807638,997,8.35606820461384
287,712,8.34146341463415,8.3623595505618,999,8.35635635635636
284,714,8.36267605633803,8.36274509803922,998,8.3627254509018
300,699,8.35333333333333,8.33190271816881,999,8.33833833833834
304,693,8.31907894736842,8.33910533910534,997,8.33299899699097
308,691,8.34415584415584,8.33574529667149,999,8.33833833833834
301,697,8.35548172757475,8.29842180774749,998,8.31563126252505
306,693,8.32352941176471,8.35209235209235,999,8.34334334334334
296,702,8.35135135135135,8.32763532763533,998,8.33466933867735
294,704,8.35374149659864,8.34232954545454,998,8.34569138276553
295,702,8.31525423728814,8.34188034188034,997,8.33400200601805
295,704,8.32203389830508,8.33096590909091,999,8.32832832832833
297,702,8.35016835016835,8.31766381766382,999,8.32732732732733
301,697,8.30232558139535,8.31707317073171,998,8.312625250501
301,697,8.32225913621262,8.34146341463415,998,8.33567134268537
294,705,8.33333333333333,8.33900709219858,999,8.33733733733734
295,704,8.33220338983051,8.34232954545454,999,8.33933933933934
300,698,8.32333333333333,8.3352435530086,998,8.33166332665331
308,688,8.33441558441558,8.30377906976744,996,8.31325301204819
317,682,8.34069400630915,8.29325513196481,999,8.30830830830831
318,680,8.27672955974843,8.29558823529412,998,8.28957915831663
320,679,8.271875,8.30633284241532,999,8.2952952952953
309,688,8.35275080906149,8.27761627906977,997,8.30090270812437
310,687,8.3741935483871,8.2707423580786,997,8.30290872617854
315,682,8.38095238095238,8.25219941348974,997,8.29287863590772
317,682,8.39116719242902,8.2316715542522,999,8.28228228228228
321,675,8.38006230529595,8.20296296296296,996,8.26004016064257
317,682,8.37854889589905,8.21700879765396,999,8.26826826826827
319,678,8.33855799373041,8.23156342182891,997,8.26579739217653
324,675,8.37037037037037,8.24592592592593,999,8.28628628628629
323,676,8.39318885448916,8.24852071005917,999,8.2952952952953
319,680,8.39184952978056,8.28529411764706,999,8.31931931931932
323,676,8.35294117647059,8.30621301775148,999,8.32132132132132
310,689,8.33870967741935,8.33236574746009,999,8.33433433433433
315,683,8.2952380952381,8.33235724743778,998,8.32064128256513
303,696,8.2970297029703,8.31896551724138,999,8.31231231231231
301,696,8.27574750830565,8.25718390804598,997,8.26278836509529
309,689,8.22330097087379,8.2699564586357,998,8.25551102204409
304,695,8.1578947368421,8.30071942446043,999,8.25725725725726
307,690,8.17589576547231,8.29855072463768,997,8.26078234704112
297,702,8.14478114478115,8.2948717948718,999,8.25025025025025
306,693,8.16666666666667,8.27849927849928,999,8.24424424424424
315,683,8.17460317460317,8.30307467057101,998,8.2625250501002
307,691,8.21824104234528,8.30969609261939,998,8.28156312625251
313,686,8.24920127795527,8.24781341107872,999,8.24824824824825
314,685,8.21974522292994,8.27445255474453,999,8.25725725725726
315,684,8.21269841269841,8.25,999,8.23823823823824
317,682,8.20504731861199,8.25513196480938,999,8.23923923923924
326,671,8.1840490797546,8.24441132637854,997,8.2246740220662
330,667,8.16363636363636,8.24137931034483,997,8.21564694082247
328,671,8.16463414634146,8.22354694485842,999,8.2042042042042
335,664,8.14925373134328,8.2605421686747,999,8.22322322322322
328,669,8.17987804878049,8.26008968609865,997,8.23370110330993
324,674,8.16666666666667,8.23145400593472,998,8.21042084168337
325,671,8.19076923076923,8.22950819672131,996,8.21686746987952
320,679,8.18125,8.24300441826215,999,8.22322322322322
324,675,8.1358024691358,8.2237037037037,999,8.1951951951952
313,686,8.07987220447284,8.19096209912536,999,8.15615615615616
317,682,8.0788643533123,8.1950146627566,999,8.15815815815816
311,687,8.06109324758842,8.18922852983988,998,8.14929859719439
316,683,8.12341772151899,8.15226939970717,999,8.14314314314314
317,682,8.16719242902208,8.12316715542522,999,8.13713713713714
313,685,8.13418530351438,8.11970802919708,998,8.12424849699399
310,689,8.10645161290323,8.11756168359942,999,8.11411411411411
307,692,8.1042345276873,8.11994219653179,999,8.11511511511512
311,687,8.11254019292605,8.13100436681223,998,8.125250501002
305,694,8.14098360655738,8.16138328530259,999,8.15515515515516
300,699,8.13666666666667,8.15307582260372,999,8.14814814814815
313,685,8.09904153354633,8.19416058394161,998,8.16432865731463
311,687,8.10289389067524,8.21251819505095,998,8.17835671342685
309,690,8.09708737864078,8.23043478260869,999,8.18918918918919
308,691,8.09090909090909,8.24167872648336,999,8.1951951951952
308,690,8.12012987012987,8.2536231884058,998,8.2124248496994
307,692,8.09771986970684,8.23699421965318,999,8.19419419419419
305,693,8.0655737704918,8.22510822510823,998,8.17635270541082
299,700,8.07692307692308,8.22285714285714,999,8.17917917917918
299,698,8.14715719063545,8.18767908309456,997,8.17552657973922
302,693,8.1158940397351,8.1962481962482,995,8.17185929648241
303,694,8.1023102310231,8.19452449567723,997,8.16649949849549
300,699,8.13,8.19885550786838,999,8.17817817817818
303,694,8.13531353135314,8.19452449567723,997,8.1765295887663
305,694,8.11475409836066,8.20172910662824,999,8.17517517517518
311,687,8.10289389067524,8.19359534206696,998,8.16533066132265
304,693,8.12828947368421,8.22366522366522,997,8.19458375125376
301,698,8.15282392026578,8.24212034383954,999,8.21521521521522
299,698,8.03344481605351,8.2621776504298,997,8.19358074222668
297,702,8.02020202020202,8.25213675213675,999,8.18318318318318
295,703,7.97627118644068,8.27311522048364,998,8.18537074148297
299,700,7.9866220735786,8.28571428571429,999,8.1961961961962
300,699,7.98,8.2761087267525,999,8.18718718718719
307,692,8.00651465798046,8.24421965317919,999,8.17117117117117
302,695,8.0,8.24892086330935,997,8.17352056168506
298,700,7.95637583892617,8.24428571428571,998,8.15831663326653
296,702,7.9222972972973,8.22507122507123,998,8.13527054108216
295,704,7.98983050847458,8.20170454545454,999,8.13913913913914
289,710,8.03806228373703,8.20281690140845,999,8.15515515515516
293,705,8.06143344709898,8.19007092198582,998,8.15230460921844
297,701,8.04377104377104,8.19543509272468,998,8.1503006012024
302,696,8.0364238410596,8.17385057471264,998,8.13226452905812
302,696,8.04635761589404,8.20689655172414,998,8.15831663326653
305,694,8.09836065573771,8.20028818443804,999,8.16916916916917
308,691,8.08441558441558,8.19536903039074,999,8.16116116116116
311,687,8.09646302250804,8.22561863173217,998,8.18537074148297
317,681,8.1198738170347,8.23641703377386,998,8.19939879759519
322,677,8.09316770186335,8.23190546528804,999,8.18718718718719
325,674,8.15076923076923,8.27299703264095,999,8.23323323323323
332,667,8.10542168674699,8.2743628185907,999,8.21821821821822
330,669,8.11212121212121,8.22272047832586,999,8.18618618618619
326,673,8.16871165644172,8.24368499257058,999,8.21921921921922
327,672,8.13761467889908,8.26339285714286,999,8.22222222222222
327,671,8.08868501529052,8.24143070044709,998,8.19138276553106
318,679,8.08176100628931,8.23269513991163,997,8.18455366098295
327,672,8.07951070336391,8.21726190476191,999,8.17217217217217
325,674,8.08307692307692,8.1973293768546,999,8.16016016016016
321,676,8.06230529595016,8.18047337278107,997,8.14242728184554
317,682,8.10094637223975,8.14956011730205,999,8.13413413413413
316,683,8.08544303797468,8.18594436310395,999,8.15415415415415
319,680,8.0846394984326,8.16029411764706,999,8.13613613613614
316,681,8.10759493670886,8.15859030837004,997,8.14242728184554
316,683,8.13924050632911,8.16544655929722,999,8.15715715715716
320,677,8.109375,8.15214180206795,997,8.13841524573721
320,679,8.178125,8.14138438880707,999,8.15315315315315
325,674,8.18769230769231,8.1186943620178,999,8.14114114114114
327,672,8.24159021406728,8.07886904761905,999,8.13213213213213
333,665,8.16516516516517,8.13984962406015,998,8.14829659318637
335,663,8.14029850746269,8.13122171945701,998,8.13426853707415
337,658,8.12462908011869,8.1322188449848,995,8.12964824120603
345,653,8.14202898550725,8.14241960183767,998,8.14228456913828
347,651,8.07780979827089,8.15514592933948,998,8.12825651302605
351,648,8.08547008547009,8.15432098765432,999,8.13013013013013
358,641,8.08100558659218,8.16536661466459,999,8.13513513513514
351,647,8.08262108262108,8.14992272024729,998,8.12625250501002
352,647,8.09659090909091,8.09119010819165,999,8.09309309309309
344,654,8.0406976744186,8.08409785932722,998,8.06913827655311
339,658,8.00884955752212,8.08358662613982,997,8.05817452357071
338,659,8.02958579881657,8.10470409711684,997,8.07923771313942
330,668,8.03030303030303,8.08982035928144,998,8.07014028056112
325,674,8.01538461538462,8.09050445103858,999,8.06606606606607
320,678,7.959375,8.08259587020649,998,8.04308617234469
323,675,8.02167182662539,8.05481481481482,998,8.04408817635271
323,676,8.00928792569659,8.06804733727811,999,8.04904904904905
325,673,8.00923076923077,8.11144130757801,998,8.07815631262525
334,665,8.01197604790419,8.06917293233083,999,8.05005005005005
325,674,7.92,8.06083086053413,999,8.01501501501502
329,670,7.9726443768997,8.03880597014925,999,8.01701701701702
325,674,8.01538461538462,8.06083086053413,999,8.04604604604605
328,669,8.01829268292683,7.98056801195815,997,7.99297893681043
324,675,7.99691358024691,7.96444444444444,999,7.97497497497497
323,675,8.02476780185759,7.95703703703704,998,7.97895791583166
329,670,8.03343465045593,7.92238805970149,999,7.95895895895896
330,668,8.02424242424242,7.96556886227545,998,7.98496993987976
329,670,8.04863221884498,8.01641791044776,999,8.02702702702703
334,663,8.03892215568862,7.98793363499246,997,8.00501504513541
339,660,8.05899705014749,7.97727272727273,999,8.00500500500501
332,666,7.98493975903614,7.95195195195195,998,7.96292585170341
340,658,7.99117647058824,7.98936170212766,998,7.98997995991984
336,663,7.94345238095238,7.99698340874811,999,7.97897897897898
338,660,8.0414201183432,8.00606060606061,998,8.01803607214429
340,658,8.09117647058824,8.01823708206687,998,8.04308617234469
335,661,8.10149253731343,8.03782148260212,996,8.05923694779116
337,662,8.10979228486647,8.04380664652568,999,8.06606606606607
339,660,8.08849557522124,8.03181818181818,999,8.05105105105105
342,657,8.09649122807017,8.07153729071537,999,8.08008008008008
343,655,8.10495626822157,8.06564885496183,998,8.07915831663327
340,659,8.12352941176471,8.08801213960546,999,8.1001001001001
345,652,8.11304347826087,8.08435582822086,997,8.09428284854564
345,654,8.16811594202898,8.03363914373089,999,8.08008008008008
347,651,8.14697406340058,8.04147465437788,998,8.07815631262525
345,653,8.11884057971015,8.03369065849923,998,8.06312625250501
350,649,8.10857142857143,8.05084745762712,999,8.07107107107107
342,657,8.1140350877193,8.04261796042618,999,8.06706706706707
348,651,8.12068965517241,8.01382488479263,999,8.05105105105105
354,643,8.07909604519774,8.01088646967341,997,8.03510531594784
363,635,8.05785123966942,8.00314960629921,998,8.02304609218437
353,646,8.05665722379603,8.05572755417957,999,8.05605605605606
351,648,8.06267806267806,8.03240740740741,999,8.04304304304304
352,647,8.08522727272727,8.03091190108192,999,8.05005005005005
353,646,8.10481586402266,8.06037151702786,999,8.07607607607608
354,644,8.10734463276836,8.07608695652174,998,8.0871743486974
349,649,8.15186246418338,8.08166409861325,998,8.1062124248497
335,663,8.12537313432836,8.04524886877828,998,8.07214428857715
325,673,8.09846153846154,8.05052005943536,998,8.06613226452906
336,662,8.07142857142857,8.06042296072508,998,8.06412825651303
330,668,8.1030303030303,8.05389221556886,998,8.07014028056112
327,671,8.11620795107034,8.07004470938897,998,8.08517034068136
333,666,8.08408408408408,8.11111111111111,999,8.1021021021021
341,657,8.12316715542522,8.12328767123288,998,8.12324649298597
342,652,8.14619883040936,8.18098159509202,994,8.16901408450704
349,648,8.11747851002865,8.17592592592593,997,8.15546639919759
348,649,8.0632183908046,8.17411402157165,997,8.13540621865597
343,655,8.16034985422741,8.16946564885496,998,8.16633266533066
346,653,8.19364161849711,8.15467075038285,999,8.16816816816817
335,664,8.12835820895522,8.16867469879518,999,8.15515515515516
341,658,8.13782991202346,8.209726443769,999,8.18518518518519
341,657,8.18475073313783,8.21917808219178,998,8.20741482965932
347,651,8.12391930835735,8.20583717357911,998,8.17735470941884
355,644,8.10140845070423,8.23291925465839,999,8.18618618618619
355,643,8.10985915492958,8.25194401244168,998,8.20140280561122
364,635,8.06868131868132,8.23622047244094,999,8.17517517517518
360,639,8.10277777777778,8.23317683881064,999,8.18618618618619
356,643,8.1376404494382,8.27371695178849,999,8.22522522522523
366,633,8.13114754098361,8.30647709320695,999,8.24224224224224
371,626,8.13207547169811,8.30351437699681,997,8.23971915747242
374,624,8.09090909090909,8.30929487179487,998,8.22745490981964
368,630,8.11684782608696,8.28888888888889,998,8.22545090180361
369,630,8.17615176151762,8.28571428571429,999,8.24524524524525
363,633,8.13774104683196,8.32543443917852,996,8.2570281124498
372,626,8.18279569892473,8.3258785942492,998,8.27254509018036
375,623,8.20266666666667,8.33868378812199,998,8.2875751503006
384,614,8.22395833333333,8.33876221498371,998,8.29458917835671
369,629,8.23848238482385,8.34817170111288,998,8.30761523046092
375,624,8.26133333333333,8.35416666666667,999,8.31931931931932
373,625,8.25469168900804,8.2992,998,8.28256513026052
367,632,8.25340599455041,8.27373417721519,999,8.26626626626627
380,618,8.30526315789474,8.27184466019417,998,8.28456913827655
371,627,8.32075471698113,8.25996810207337,998,8.28256513026052
373,625,8.3029490616622,8.2352,998,8.26052104208417
378,621,8.27513227513228,8.23993558776167,999,8.25325325325325
381,616,8.30183727034121,8.24025974025974,997,8.26379137412237
379,619,8.26385224274406,8.23909531502423,998,8.24849699398798
383,614,8.26892950391645,8.24918566775244,997,8.2567703109328
383,616,8.26370757180157,8.25974025974026,999,8.26126126126126
385,614,8.25194805194805,8.26872964169381,999,8.26226226226226
386,613,8.24093264248705,8.31484502446982,999,8.28628628628629
384,615,8.20833333333333,8.32520325203252,999,8.28028028028028
388,611,8.22938144329897,8.29950900163666,999,8.27227227227227
388,611,8.24484536082474,8.30605564648118,999,8.28228228228228
393,605,8.24173027989822,8.26611570247934,998,8.2565130260521
388,611,8.2680412371134,8.26513911620295,999,8.26626626626627
381,617,8.27034120734908,8.24959481361426,998,8.25751503006012
387,611,8.25322997416021,8.25368248772504,998,8.25350701402806
383,616,8.21932114882507,8.23214285714286,999,8.22722722722723
385,614,8.25454545454545,8.25081433224756,999,8.25225225225225
382,615,8.2696335078534,8.25040650406504,997,8.25777331995988
395,604,8.24556962025316,8.22847682119205,999,8.23523523523524
403,595,8.28287841191067,8.23865546218487,998,8.2565130260521
405,594,8.2716049382716,8.24747474747475,999,8.25725725725726
396,601,8.27777777777778,8.21630615640599,997,8.2407221664995
403,592,8.28535980148883,8.24493243243243,995,8.26130653266332
410,587,8.30975609756098,8.23168654173765,997,8.26379137412237
419,579,8.31026252983293,8.21761658031088,998,8.2565130260521
421,578,8.27790973871734,8.23356401384083,999,8.25225225225225
427,572,8.23419203747073,8.23601398601399,999,8.23523523523524
421,577,8.27553444180523,8.20103986135182,998,8.23246492985972
421,577,8.32066508313539,8.17331022530329,998,8.23547094188377
428,571,8.29205607476636,8.17513134851138,999,8.22522522522523
428,571,8.29205607476636,8.21190893169877,999,8.24624624624625
430,569,8.29767441860465,8.21616871704745,999,8.25125125125125
433,566,8.31177829099307,8.19787985865724,999,8.24724724724725
431,567,8.33642691415313,8.1957671957672,998,8.2565130260521
432,566,8.31481481481481,8.23498233215548,998,8.26953907815631
442,557,8.30316742081448,8.23339317773788,999,8.26426426426426
449,550,8.3184855233853,8.25272727272727,999,8.28228228228228
441,558,8.36734693877551,8.27777777777778,999,8.31731731731732
448,550,8.33928571428571,8.30909090909091,998,8.32264529058116
450,548,8.33777777777778,8.29379562043796,998,8.31362725450902
448,551,8.35267857142857,8.30852994555354,999,8.32832832832833
447,552,8.3489932885906,8.31159420289855,999,8.32832832832833
446,552,8.34977578475336,8.29347826086956,998,8.3186372745491
446,553,8.36995515695067,8.3001808318264,999,8.33133133133133
445,551,8.4,8.27949183303085,996,8.33333333333333
446,552,8.37668161434978,8.30072463768116,998,8.33466933867735
450,548,8.37777777777778,8.29014598540146,998,8.32965931863727
453,545,8.34878587196468,8.27522935779817,998,8.30861723446894
458,539,8.40174672489083,8.27272727272727,997,8.33199598796389
455,542,8.36923076923077,8.2619926199262,997,8.31093279839519
451,547,8.40354767184036,8.24680073126143,998,8.31763527054108
455,544,8.41098901098901,8.28308823529412,999,8.34134134134134
459,540,8.38562091503268,8.28518518518518,999,8.33133133133133
461,537,8.35791757049892,8.30353817504655,998,8.32865731462926
467,531,8.36830835117773,8.30320150659134,998,8.33366733466934
469,529,8.42217484008529,8.31379962192817,998,8.36472945891784
469,528,8.46268656716418,8.30871212121212,997,8.38114343029087
465,534,8.38279569892473,8.32958801498127,999,8.35435435435435
467,532,8.34689507494647,8.29135338345865,999,8.31731731731732
462,537,8.35281385281385,8.30353817504655,999,8.32632632632633
457,541,8.34792122538293,8.3456561922366,998,8.34669338677355
447,552,8.37136465324385,8.34601449275362,999,8.35735735735736
456,542,8.30482456140351,8.309963099631,998,8.30761523046092
449,550,8.3184855233853,8.28727272727273,999,8.3013013013013
442,555,8.34389140271493,8.29009009009009,997,8.31394182547643
436,563,8.37614678899082,8.28596802841918,999,8.32532532532533
439,558,8.35990888382688,8.29569892473118,997,8.32397191574724
436,560,8.32798165137615,8.29285714285714,996,8.30823293172691
448,551,8.36607142857143,8.29038112522686,999,8.32432432432432
444,553,8.33108108108108,8.3381555153707,997,8.33500501504514
434,564,8.38479262672811,8.31914893617021,998,8.34769539078156
437,562,8.37986270022883,8.33096085409253,999,8.35235235235235
440,558,8.36136363636364,8.28494623655914,998,8.3186372745491
439,559,8.29840546697039,8.31305903398927,998,8.30661322645291
442,557,8.26018099547511,8.33034111310593,999,8.2992992992993
447,551,8.28187919463087,8.32486388384755,998,8.30561122244489
437,562,8.35240274599542,8.35409252669039,999,8.35335335335335
442,557,8.38235294117647,8.36983842010772,999,8.37537537537538
443,555,8.37923250564334,8.3981981981982,998,8.38977955911824
443,555,8.35440180586907,8.38198198198198,998,8.36973947895792
441,556,8.3718820861678,8.40467625899281,997,8.3901705115346
446,552,8.38340807174888,8.43659420289855,998,8.4128256513026
445,554,8.33483146067416,8.44765342960289,999,8.3973973973974
449,550,8.33407572383073,8.43636363636364,999,8.39039039039039
442,555,8.36651583710407,8.44504504504505,997,8.41023069207623
453,545,8.34878587196468,8.42935779816514,998,8.39278557114229
443,556,8.38374717832957,8.44424460431655,999,8.41741741741742
450,547,8.34666666666667,8.44972577696526,997,8.40320962888666
452,546,8.3783185840708,8.47619047619048,998,8.43186372745491
452,547,8.3716814159292,8.49908592321755,999,8.44144144144144
452,547,8.32743362831858,8.49725776965265,999,8.42042042042042
447,552,8.3579418344519,8.47644927536232,999,8.42342342342342
454,545,8.38546255506608,8.45871559633028,999,8.42542542542543
451,548,8.39689578713969,8.45985401459854,999,8.43143143143143
456,543,8.375,8.43093922651934,999,8.40540540540541
454,544,8.40308370044053,8.41911764705882,998,8.41182364729459
457,542,8.44201312910285,8.37453874538745,999,8.40540540540541
463,536,8.42980561555076,8.34141791044776,999,8.38238238238238
464,534,8.43318965517241,8.35393258426966,998,8.39078156312625
457,542,8.40700218818381,8.35424354243542,999,8.37837837837838
457,542,8.36542669584245,8.32287822878229,999,8.34234234234234
459,540,8.39869281045752,8.33888888888889,999,8.36636636636637
450,548,8.40888888888889,8.34124087591241,998,8.37174348697395
454,543,8.43832599118943,8.28729281767956,997,8.35606820461384
448,551,8.38616071428571,8.33030852994555,999,8.35535535535536
449,549,8.37861915367483,8.32604735883424,998,8.3496993987976
443,555,8.34085778781038,8.34594594594595,998,8.3436873747495
438,561,8.34246575342466,8.37254901960784,999,8.35935935935936
437,560,8.33180778032037,8.39821428571429,997,8.3691073219659
445,552,8.34157303370787,8.3695652173913,997,8.35707121364092
440,559,8.33181818181818,8.34883720930233,999,8.34134134134134
446,553,8.30493273542601,8.31826401446655,999,8.31231231231231
455,543,8.27692307692308,8.30570902394107,998,8.29258517034068
468,531,8.28632478632479,8.31826741996234,999,8.3033033033033
472,526,8.28601694915254,8.34980988593156,998,8.31963927855711
475,523,8.27789473684211,8.32122370936903,998,8.30060120240481
468,531,8.32692307692308,8.34839924670433,999,8.33833833833834
473,526,8.3446088794926,8.31558935361217,999,8.32932932932933
464,534,8.32543103448276,8.36516853932584,998,8.34669338677355
472,527,8.35593220338983,8.37571157495256,999,8.36636636636637
461,535,8.34056399132321,8.39065420560748,996,8.36746987951807
454,541,8.33039647577093,8.37523105360444,995,8.35477386934673
465,533,8.34408602150538,8.37898686679175,998,8.3627254509018
466,533,8.36480686695279,8.37523452157598,999,8.37037037037037
462,537,8.30952380952381,8.37057728119181,999,8.34234234234234
464,534,8.33189655172414,8.38389513108614,998,8.35971943887776
450,549,8.36,8.35701275045537,999,8.35835835835836
442,557,8.29638009049774,8.34829443447038,999,8.32532532532533
450,548,8.28444444444444,8.35583941605839,998,8.32364729458918
445,554,8.26966292134832,8.35740072202166,999,8.31831831831832
444,554,8.25675675675676,8.40613718411552,998,8.33967935871743
444,554,8.24324324324324,8.38808664259928,998,8.32364729458918
435,564,8.26896551724138,8.42730496453901,999,8.35835835835836
440,557,8.27727272727273,8.42728904847397,997,8.36108324974925
451,547,8.23281596452328,8.41499085923217,998,8.33266533066132
458,541,8.25982532751092,8.41035120147874,999,8.34134134134134
461,538,8.23210412147505,8.41635687732342,999,8.33133133133133
469,529,8.21535181236674,8.42533081285444,998,8.32665330661323
469,530,8.23454157782516,8.39433962264151,999,8.31931931931932
469,530,8.2046908315565,8.39056603773585,999,8.3033033033033
478,520,8.19037656903766,8.40576923076923,998,8.30260521042084
473,525,8.22832980972516,8.4,998,8.3186372745491
466,532,8.21888412017167,8.41729323308271,998,8.32464929859719
456,540,8.20394736842105,8.4037037037037,996,8.31224899598394
453,545,8.2317880794702,8.42201834862385,998,8.33567134268537
452,546,8.20575221238938,8.41941391941392,998,8.32264529058116
458,541,8.29694323144105,8.41404805914972,999,8.36036036036036
464,534,8.2801724137931,8.41760299625468,998,8.35370741482966
457,542,8.25601750547046,8.40774907749078,999,8.33833833833834
465,534,8.26451612903226,8.44569288389513,999,8.36136136136136
469,529,8.21748400852879,8.4234404536862,998,8.32665330661323
474,524,8.15611814345992,8.43320610687023,998,8.30160320641283
476,522,8.15336134453782,8.40996168582375,998,8.2875751503006
482,517,8.17427385892116,8.4294003868472,999,8.30630630630631
469,530,8.19189765458422,8.46981132075472,999,8.33933933933934
471,525,8.22717622080679,8.46476190476191,996,8.35240963855422
470,528,8.22340425531915,8.43939393939394,998,8.3376753507014
460,537,8.20217391304348,8.45810055865922,997,8.34002006018054
456,543,8.19298245614035,8.44567219152855,999,8.33033033033033
456,542,8.18640350877193,8.45571955719557,998,8.33266533066132
453,546,8.15452538631347,8.45421245421245,999,8.31831831831832
456,540,8.15570175438597,8.46296296296296,996,8.32228915662651
448,551,8.21205357142857,8.42286751361162,999,8.32832832832833
443,555,8.19638826185102,8.46126126126126,998,8.3436873747495
441,557,8.21315192743764,8.42549371633752,998,8.33166332665331
442,556,8.19004524886878,8.43345323741007,998,8.32565130260521
437,562,8.18535469107552,8.40391459074733,999,8.30830830830831
431,566,8.19721577726218,8.37455830388693,997,8.29789368104313
433,566,8.16628175519631,8.34452296819788,999,8.26726726726727
428,571,8.19859813084112,8.32574430823117,999,8.27127127127127
426,572,8.17370892018779,8.3444055944056,998,8.27154308617235
432,565,8.18055555555556,8.3716814159292,997,8.2888665997994
421,577,8.19477434679335,8.33622183708839,998,8.27655310621243
419,579,8.16706443914081,8.3126079447323,998,8.25150300601202
428,570,8.16588785046729,8.32982456140351,998,8.25951903807615
430,569,8.17441860465116,8.32337434094903,999,8.25925925925926
416,580,8.12740384615385,8.32931034482759,996,8.24497991967871
415,583,8.13012048192771,8.31903945111492,998,8.24048096192385
426,572,8.14084507042254,8.34965034965035,998,8.26052104208417
424,574,8.19103773584906,8.35017421602787,998,8.28256513026052
413,586,8.23002421307506,8.35665529010239,999,8.3043043043043
427,571,8.16393442622951,8.34325744308231,998,8.26653306613226
420,579,8.15714285714286,8.31433506044905,999,8.24824824824825
424,574,8.17452830188679,8.34494773519164,998,8.27254509018036
432,567,8.16898148148148,8.35802469135803,999,8.27627627627628
427,572,8.17330210772834,8.35664335664336,999,8.27827827827828
419,579,8.18377088305489,8.3419689119171,998,8.27555110220441
425,573,8.15764705882353,8.36125654450262,998,8.27454909819639
424,575,8.18160377358491,8.34434782608696,999,8.27527527527528
419,579,8.1527446300716,8.35233160621762,998,8.2685370741483
421,576,8.16627078384798,8.33159722222222,997,8.2617853560682
420,579,8.1452380952381,8.36096718480138,999,8.27027027027027
420,579,8.16666666666667,8.3419689119171,999,8.26826826826827
429,570,8.17249417249417,8.36491228070175,999,8.28228228228228
416,583,8.11538461538461,8.33790737564322,999,8.24524524524525
413,586,8.08958837772397,8.35494880546075,999,8.24524524524525
425,574,8.10588235294118,8.34494773519164,999,8.24324324324324
406,592,8.08620689655172,8.34290540540541,998,8.23847695390782
408,590,8.12254901960784,8.32881355932203,998,8.24448897795591
406,593,8.13793103448276,8.34907251264755,999,8.26326326326326
416,583,8.11057692307692,8.34305317324185,999,8.24624624624625
421,578,8.11401425178147,8.35121107266436,999,8.25125125125125
406,593,8.11083743842365,8.35244519392917,999,8.25425425425425
414,583,8.14492753623188,8.35334476843911,997,8.26680040120361
412,585,8.11650485436893,8.37606837606838,997,8.26880641925777
418,581,8.07177033492823,8.33046471600688,999,8.22222222222222
415,583,8.07710843373494,8.32246998284734,998,8.22044088176353
417,582,8.10791366906475,8.31443298969072,999,8.22822822822823
406,591,8.10098522167488,8.33502538071066,997,8.23971915747242
403,596,8.1439205955335,8.30704697986577,999,8.24124124124124
399,599,8.13533834586466,8.30550918196995,998,8.2374749498998
389,609,8.13624678663239,8.311986863711,998,8.2434869739479
386,610,8.14248704663212,8.29508196721311,996,8.2359437751004
389,610,8.15167095115681,8.28360655737705,999,8.23223223223223
395,604,8.10379746835443,8.29304635761589,999,8.21821821821822
382,615,8.12565445026178,8.30081300813008,997,8.23370110330993
383,616,8.14099216710183,8.32792207792208,999,8.25625625625626
378,621,8.11904761904762,8.37359098228663,999,8.27727727727728
377,622,8.15915119363395,8.40514469453376,999,8.31231231231231
376,623,8.1436170212766,8.37881219903692,999,8.29029029029029
380,619,8.14210526315789,8.40549273021002,999,8.30530530530531
385,614,8.15584415584416,8.41205211726384,999,8.31331331331331
384,614,8.17708333333333,8.37459283387622,998,8.29859719438878
388,611,8.17268041237113,8.39443535188216,999,8.30830830830831
385,613,8.15844155844156,8.40783034257749,998,8.31162324649299
380,618,8.16578947368421,8.42718446601942,998,8.32765531062124
382,617,8.13089005235602,8.42139384116694,999,8.31031031031031
377,620,8.10079575596817,8.40967741935484,997,8.29287863590772
377,620,8.10079575596817,8.39032258064516,997,8.28084252758275
376,622,8.07446808510638,8.38745980707395,998,8.26953907815631
372,626,8.0994623655914,8.37859424920128,998,8.27454909819639
371,627,8.10512129380054,8.40191387559809,998,8.29158316633267
380,617,8.08421052631579,8.41004862236629,997,8.28585757271815
379,620,8.0976253298153,8.39838709677419,999,8.28428428428428
369,628,8.07317073170732,8.39808917197452,997,8.2778335005015
369,626,8.07317073170732,8.37220447284345,995,8.26130653266332
367,632,8.08446866485014,8.37341772151899,999,8.26726726726727
381,618,8.11023622047244,8.37702265372168,999,8.27527527527528
374,622,8.17379679144385,8.36012861736334,996,8.29016064257028
382,617,8.16230366492147,8.3419773095624,999,8.27327327327327
383,616,8.19060052219321,8.32467532467532,999,8.27327327327327
381,618,8.20997375328084,8.30582524271845,999,8.26926926926927
389,609,8.20051413881748,8.26272577996716,998,8.23847695390782
394,605,8.16751269035533,8.29917355371901,999,8.24724724724725
400,599,8.145,8.30217028380634,999,8.23923923923924
410,589,8.15121951219512,8.32088285229202,999,8.25125125125125
411,588,8.18248175182482,8.31802721088435,999,8.26226226226226
412,586,8.17718446601942,8.3481228668942,998,8.27755511022044
412,587,8.13349514563107,8.36286201022146,999,8.26826826826827
404,595,8.20049504950495,8.34453781512605,999,8.28628628628629
393,606,8.19847328244275,8.33003300330033,999,8.27827827827828
399,599,8.1453634085213,8.34557595993322,998,8.26553106212425
396,601,8.16919191919192,8.32445923460899,997,8.26278836509529
394,605,8.19035532994924,8.29586776859504,999,8.25425425425425
390,609,8.17948717948718,8.29392446633826,999,8.24924924924925
391,607,8.1457800511509,8.26029654036244,998,8.21543086172345
414,585,8.14975845410628,8.27863247863248,999,8.22522522522523
414,584,8.15217391304348,8.23630136986301,998,8.20140280561122
418,580,8.1555023923445,8.26896551724138,998,8.22144288577154
424,575,8.12735849056604,8.27130434782609,999,8.21021021021021
417,582,8.11990407673861,8.27319587628866,999,8.20920920920921
415,584,8.12771084337349,8.30308219178082,999,8.23023023023023
405,594,8.12098765432099,8.33333333333333,999,8.24724724724725
405,594,8.10864197530864,8.33838383838384,999,8.24524524524525
401,598,8.09226932668329,8.35785953177258,999,8.25125125125125
402,595,8.08706467661692,8.34957983193277,997,8.24373119358074
392,607,8.0765306122449,8.36902800658979,999,8.25425425425425
382,617,8.10732984293194,8.35980551053485,999,8.26326326326326
376,623,8.13297872340426,8.37720706260032,999,8.28528528528529
372,627,8.11290322580645,8.34768740031898,999,8.26026026026026
370,629,8.06486486486486,8.36565977742448,999,8.25425425425425
373,626,8.03485254691689,8.36900958466454,999,8.24424424424424
376,623,7.99734042553191,8.35313001605136,999,8.21921921921922
379,618,8.06068601583113,8.38673139158576,997,8.26278836509529
383,616,8.04960835509138,8.34577922077922,999,8.23223223223223
389,610,8.02313624678663,8.36065573770492,999,8.22922922922923
384,613,8.0234375,8.34747145187602,997,8.22266800401204
390,607,8.05128205128205,8.34761120263591,997,8.23169508525577
384,615,8.02083333333333,8.36747967479675,999,8.23423423423423
395,602,8.0126582278481,8.37375415282392,997,8.23069207622869
399,599,8.00501253132832,8.37228714524207,998,8.22545090180361
401,597,8.04488778054863,8.41373534338358,998,8.26553106212425
407,592,8.0,8.41216216216216,999,8.24424424424424
414,584,8.02657004830918,8.4263698630137,998,8.26052104208417
414,585,8.04106280193237,8.43589743589744,999,8.27227227227227
426,573,8.07511737089202,8.44677137870855,999,8.28828828828829
423,575,8.1016548463357,8.42956521739131,998,8.29058116232465
435,563,8.11954022988506,8.4031971580817,998,8.27955911823647
432,566,8.09259259259259,8.40989399293286,998,8.27254509018036
441,557,8.05668934240363,8.43087971274686,998,8.26553106212425
429,569,8.0979020979021,8.39718804920914,998,8.2685370741483
432,567,8.08796296296296,8.40388007054674,999,8.26726726726727
426,572,8.07981220657277,8.40384615384615,998,8.26553106212425
415,583,8.0578313253012,8.38593481989708,998,8.24949899799599
423,576,8.00945626477541,8.40104166666667,999,8.23523523523524
424,575,7.99056603773585,8.40695652173913,999,8.23023023023023
420,578,8.02380952380952,8.40311418685121,998,8.2434869739479
426,573,8.05164319248826,8.35951134380454,999,8.22822822822823
420,579,8.06190476190476,8.33851468048359,999,8.22222222222222
428,570,8.08411214953271,8.31754385964912,998,8.21743486973948
427,570,8.10304449648712,8.31929824561404,997,8.22668004012036
437,562,8.14187643020595,8.29715302491103,999,8.22922922922923
432,565,8.1712962962963,8.26902654867257,997,8.22668004012036
437,562,8.17848970251716,8.26868327402135,999,8.22922922922923
441,556,8.17233560090703,8.21762589928058,997,8.19759277833501
433,563,8.18706697459584,8.23445825932505,996,8.21385542168675
438,560,8.20091324200913,8.225,998,8.21442885771543
440,558,8.22045454545455,8.24014336917563,998,8.2314629258517
445,554,8.23370786516854,8.23465703971119,999,8.23423423423423
449,550,8.23830734966592,8.28,999,8.26126126126126
451,548,8.22616407982262,8.29744525547445,999,8.26526526526527
444,553,8.21621621621622,8.29113924050633,997,8.25777331995988
442,554,8.18778280542986,8.28880866425993,996,8.24397590361446
439,560,8.18451025056948,8.275,999,8.23523523523524
443,554,8.22573363431151,8.29061371841155,997,8.2617853560682
446,552,8.2219730941704,8.2518115942029,998,8.23847695390782
443,556,8.18961625282167,8.26618705035971,999,8.23223223223223
446,553,8.21076233183856,8.26039783001808,999,8.23823823823824
453,545,8.22075055187638,8.3045871559633,998,8.26653306613226
450,548,8.22444444444444,8.30656934306569,998,8.26953907815631
452,542,8.21460176991151,8.28966789667897,994,8.25553319919517
458,541,8.20524017467249,8.2735674676525,999,8.24224224224224
462,537,8.24675324675325,8.26815642458101,999,8.25825825825826
455,543,8.26153846153846,8.2670349907919,998,8.26452905811623
462,537,8.28138528138528,8.25325884543762,999,8.26626626626627
459,540,8.23747276688453,8.2537037037037,999,8.24624624624625
466,533,8.23175965665236,8.27392120075047,999,8.25425425425425
465,533,8.26021505376344,8.28330206378987,998,8.27254509018036
465,533,8.21720430107527,8.28517823639775,998,8.25350701402806
458,541,8.24672489082969,8.27171903881701,999,8.26026026026026
444,555,8.28153153153153,8.30450450450451,999,8.29429429429429
451,546,8.2860310421286,8.26739926739927,997,8.27582748244734
456,541,8.2719298245614,8.23105360443623,997,8.24974924774323
450,547,8.27555555555556,8.24131627056673,997,8.2567703109328
460,537,8.26956521739131,8.23463687150838,997,8.25075225677031
460,538,8.28260869565217,8.21747211895911,998,8.24749498997996
464,534,8.25215517241379,8.2059925093633,998,8.22745490981964
458,540,8.24890829694323,8.20555555555556,998,8.22545090180361
449,549,8.23162583518931,8.19307832422587,998,8.21042084168337
453,546,8.21412803532009,8.19413919413919,999,8.2032032032032
451,548,8.22838137472284,8.17153284671533,999,8.1971971971972
449,550,8.24721603563474,8.13636363636364,999,8.18618618618619
454,545,8.21806167400881,8.10642201834862,999,8.15715715715716
459,539,8.24836601307189,8.14842300556586,998,8.19438877755511
469,530,8.21535181236674,8.20377358490566,999,8.20920920920921
471,528,8.18259023354565,8.20265151515152,999,8.19319319319319
479,520,8.1544885177453,8.19230769230769,999,8.17417417417417
475,524,8.13473684210526,8.20610687022901,999,8.17217217217217
475,524,8.14947368421053,8.23282442748092,999,8.19319319319319
474,525,8.14345991561181,8.21904761904762,999,8.18318318318318
478,520,8.17154811715481,8.28846153846154,998,8.23246492985972
479,520,8.17536534446764,8.28846153846154,999,8.23423423423423
478,520,8.17573221757322,8.22115384615385,998,8.19939879759519
491,507,8.21792260692464,8.26824457593688,998,8.2434869739479
497,502,8.24144869215292,8.27091633466135,999,8.25625625625626
492,506,8.2520325203252,8.25691699604743,998,8.25450901803607
496,501,8.22379032258065,8.28343313373253,997,8.25376128385155
503,494,8.22266401590457,8.2834008097166,997,8.25275827482447
499,499,8.2124248496994,8.23446893787575,998,8.22344689378757
493,506,8.20081135902637,8.19762845849802,999,8.1991991991992
501,498,8.2375249500998,8.17269076305221,999,8.20520520520521
500,499,8.232,8.15831663326653,999,8.1951951951952
508,491,8.25,8.14052953156823,999,8.1961961961962
511,487,8.26810176125245,8.18480492813142,998,8.22745490981964
516,483,8.27325581395349,8.19047619047619,999,8.23323323323323
517,481,8.27079303675048,8.22661122661123,998,8.24949899799599
527,472,8.25237191650854,8.22457627118644,999,8.23923923923924
530,469,8.26037735849057,8.25159914712154,999,8.25625625625626
528,470,8.28409090909091,8.25744680851064,998,8.27154308617235
513,484,8.31189083820663,8.24793388429752,997,8.28084252758275
513,485,8.30214424951267,8.25979381443299,998,8.28156312625251
517,482,8.27659574468085,8.29668049792531,999,8.28628628628629
514,485,8.25875486381323,8.3319587628866,999,8.29429429429429
506,493,8.25494071146245,8.30831643002028,999,8.28128128128128
511,487,8.31115459882583,8.31622176591376,998,8.31362725450902
504,493,8.29563492063492,8.35294117647059,997,8.32397191574724
509,490,8.33202357563851,8.38367346938776,999,8.35735735735736
502,496,8.33466135458167,8.3508064516129,998,8.34268537074148
511,488,8.35616438356164,8.29918032786885,999,8.32832832832833
518,481,8.35714285714286,8.27234927234927,999,8.31631631631632
511,487,8.32289628180039,8.28336755646817,998,8.30360721442886
513,486,8.32748538011696,8.2880658436214,999,8.30830830830831
