forward_num,reverse_num,forward_rate,reverse_rate,organism_num,organism_rate
5,5,5.0,5.0,10,5.0
5,5,5.0,5.0,10,5.0
5,5,5.0,5.0,10,5.0
6,6,5.33333333333333,5.33333333333333,12,5.33333333333333
7,7,5.42857142857143,5.42857142857143,14,5.42857142857143
8,8,5.375,5.375,16,5.375
11,11,5.54545454545455,5.54545454545455,22,5.54545454545455
14,14,5.42857142857143,5.42857142857143,28,5.42857142857143
14,14,5.42857142857143,5.42857142857143,28,5.42857142857143
20,20,5.7,5.7,40,5.7
20,20,5.7,5.7,40,5.7
26,25,5.61538461538461,5.56,51,5.58823529411765
34,32,5.94117647058824,5.875,66,5.90909090909091
38,36,5.84210526315789,5.77777777777778,74,5.81081081081081
48,46,5.75,5.69565217391304,94,5.72340425531915
64,60,6.0625,6.0,124,6.03225806451613
68,64,5.94117647058824,5.875,132,5.90909090909091
92,87,5.8695652173913,5.81609195402299,179,5.84357541899441
124,116,6.16129032258065,6.10344827586207,240,6.13333333333333
123,116,6.15447154471545,6.10344827586207,239,6.12970711297071
123,116,6.15447154471545,6.10344827586207,239,6.12970711297071
246,232,6.15447154471545,6.10344827586207,478,6.12970711297071
246,232,6.15447154471545,6.10344827586207,478,6.12970711297071
246,232,6.15447154471545,6.10344827586207,478,6.12970711297071
436,408,6.37614678899083,6.33333333333333,844,6.35545023696682
467,440,6.28051391862955,6.23636363636364,907,6.25909592061742
515,455,6.25436893203883,6.16043956043956,970,6.21030927835052
556,443,6.30575539568345,6.19187358916479,999,6.25525525525526
546,452,6.28205128205128,6.1858407079646,998,6.23847695390782
573,423,6.25479930191972,6.14657210401891,996,6.20883534136546
582,417,6.33161512027491,6.20143884892086,999,6.27727727727728
580,418,6.31896551724138,6.16507177033493,998,6.25450901803607
576,423,6.34375,6.16784869976359,999,6.26926926926927
586,413,6.3481228668942,6.1864406779661,999,6.28128128128128
580,418,6.36206896551724,6.17703349282297,998,6.28456913827655
586,413,6.38225255972696,6.21307506053269,999,6.31231231231231
595,402,6.39159663865546,6.23383084577114,997,6.32798395185557
597,402,6.39028475711893,6.22636815920398,999,6.32432432432432
591,407,6.39763113367174,6.26535626535627,998,6.3436873747495
596,403,6.41442953020134,6.33498759305211,999,6.38238238238238
589,410,6.44991511035654,6.37073170731707,999,6.41741741741742
582,417,6.42268041237113,6.37170263788969,999,6.4014014014014
574,424,6.43379790940767,6.38443396226415,998,6.41282565130261
571,428,6.42907180385289,6.37383177570093,999,6.40540540540541
571,426,6.43607705779335,6.36384976525822,997,6.40521564694082
570,429,6.44912280701754,6.35431235431235,999,6.40840840840841
569,429,6.40949033391916,6.33333333333333,998,6.37675350701403
570,428,6.41929824561404,6.37383177570093,998,6.3997995991984
577,422,6.44540727902946,6.37440758293839,999,6.41541541541542
577,421,6.42807625649913,6.3729216152019,998,6.40480961923848
576,423,6.41493055555556,6.35933806146572,999,6.39139139139139
584,414,6.41780821917808,6.39130434782609,998,6.40681362725451
586,413,6.42320819112628,6.3680387409201,999,6.4004004004004
589,409,6.42275042444822,6.36185819070905,998,6.39779559118236
591,408,6.45346869712352,6.375,999,6.42142142142142
593,405,6.45868465430017,6.40987654320988,998,6.43887775551102
586,411,6.44880546075085,6.41849148418491,997,6.43630892678034
579,420,6.45250431778929,6.39761904761905,999,6.42942942942943
576,422,6.46180555555556,6.40995260663507,998,6.43987975951904
566,433,6.47349823321555,6.42725173210162,999,6.45345345345345
562,434,6.48042704626334,6.42165898617511,996,6.45481927710843
573,426,6.49738219895288,6.4037558685446,999,6.45745745745746
563,434,6.50621669626998,6.39400921658986,997,6.45737211634905
565,433,6.52212389380531,6.43187066974596,998,6.48296593186373
564,434,6.53191489361702,6.43548387096774,998,6.48997995991984
561,437,6.54010695187166,6.45308924485126,998,6.50200400801603
559,440,6.56171735241503,6.44772727272727,999,6.51151151151151
563,435,6.58614564831261,6.44137931034483,998,6.52304609218437
553,446,6.56419529837251,6.46860986547085,999,6.52152152152152
555,443,6.55855855855856,6.49887133182844,998,6.53206412825651
566,431,6.56713780918728,6.48027842227378,997,6.5295887662989
556,440,6.58812949640288,6.50909090909091,996,6.55321285140562
567,430,6.55908289241623,6.49767441860465,997,6.53259779338014
574,425,6.56445993031359,6.50117647058824,999,6.53753753753754
570,429,6.56140350877193,6.48018648018648,999,6.52652652652653
567,431,6.57495590828924,6.48027842227378,998,6.53406813627254
572,424,6.56993006993007,6.48349056603774,996,6.53313253012048
571,428,6.57618213660245,6.4696261682243,999,6.53053053053053
569,429,6.57117750439367,6.46153846153846,998,6.52404809619238
579,420,6.57858376511226,6.46666666666667,999,6.53153153153153
579,419,6.57167530224525,6.4653937947494,998,6.52705410821643
574,421,6.57317073170732,6.48218527315914,995,6.53467336683417
581,417,6.58347676419966,6.49400479616307,998,6.54609218436874
580,419,6.58275862068966,6.52505966587112,999,6.55855855855856
583,416,6.58662092624357,6.54567307692308,999,6.56956956956957
580,418,6.58620689655172,6.54306220095694,998,6.56813627254509
578,418,6.59861591695502,6.52870813397129,996,6.56927710843374
581,418,6.61101549053356,6.54545454545455,999,6.58358358358358
591,406,6.62267343485618,6.54187192118227,997,6.58976930792377
591,405,6.62774957698816,6.53827160493827,996,6.59136546184739
591,408,6.62774957698816,6.55147058823529,999,6.5965965965966
592,406,6.63175675675676,6.54433497536946,998,6.59619238476954
599,400,6.63939899833055,6.555,999,6.60560560560561
596,403,6.6258389261745,6.55086848635236,999,6.5955955955956
596,402,6.63422818791946,6.55223880597015,998,6.60120240480962
596,403,6.62919463087248,6.57071960297767,999,6.60560560560561
590,408,6.63220338983051,6.56372549019608,998,6.60420841683367
597,401,6.63986599664992,6.5785536159601,998,6.61523046092184
597,402,6.63651591289782,6.56716417910448,999,6.60860860860861
602,397,6.64950166112957,6.57178841309824,999,6.61861861861862
598,401,6.6438127090301,6.57605985037407,999,6.61661661661662
595,404,6.65210084033613,6.58663366336634,999,6.62562562562563
607,392,6.6507413509061,6.58928571428571,999,6.62662662662663
602,396,6.66112956810631,6.59090909090909,998,6.63326653306613
607,390,6.67051070840198,6.6,997,6.64292878635908
621,376,6.67471819645733,6.60106382978723,997,6.6469408224674
629,368,6.65341812400636,6.59239130434783,997,6.6308926780341
627,371,6.64752791068581,6.59568733153639,998,6.62825651302605
627,371,6.65231259968102,6.6010781671159,998,6.63326653306613
640,359,6.6546875,6.60724233983287,999,6.63763763763764
630,369,6.66507936507937,6.62872628726287,999,6.65165165165165
633,366,6.67140600315956,6.62021857923497,999,6.65265265265265
638,361,6.65673981191223,6.61218836565097,999,6.64064064064064
630,368,6.66666666666667,6.62228260869565,998,6.6503006012024
635,362,6.66614173228346,6.62154696132597,997,6.64994984954865
641,358,6.67394695787832,6.63128491620112,999,6.65865865865866
633,365,6.66350710900474,6.62739726027397,998,6.6503006012024
623,376,6.65650080256822,6.63563829787234,999,6.64864864864865
628,371,6.66082802547771,6.65498652291105,999,6.65865865865866
622,376,6.65434083601286,6.64627659574468,998,6.65130260521042
616,383,6.65584415584416,6.6579634464752,999,6.65665665665666
624,375,6.64583333333333,6.65066666666667,999,6.64764764764765
618,379,6.6747572815534,6.65435356200528,997,6.66700100300903
623,375,6.6661316211878,6.67733333333333,998,6.67034068136273
614,384,6.68403908794788,6.6953125,998,6.68837675350701
620,378,6.6758064516129,6.69312169312169,998,6.68236472945892
629,370,6.6724960254372,6.70810810810811,999,6.68568568568569
625,374,6.672,6.70588235294118,999,6.68468468468468
630,368,6.68253968253968,6.6820652173913,998,6.68236472945892
628,371,6.68471337579618,6.68194070080863,999,6.68368368368368
629,367,6.68839427662957,6.70572207084469,996,6.69477911646586
641,357,6.69422776911076,6.71428571428571,998,6.70140280561122
644,355,6.69875776397516,6.70422535211268,999,6.7007007007007
640,359,6.696875,6.71030640668524,999,6.7017017017017
640,359,6.7078125,6.71030640668524,999,6.70870870870871
632,367,6.70253164556962,6.73297002724796,999,6.71371371371371
633,366,6.69510268562401,6.71857923497268,999,6.7037037037037
642,357,6.69158878504673,6.73389355742297,999,6.70670670670671
638,361,6.68495297805643,6.73684210526316,999,6.7037037037037
623,376,6.69341894060995,6.73670212765957,999,6.70970970970971
625,374,6.7152,6.72994652406417,999,6.72072072072072
623,376,6.70786516853933,6.73404255319149,999,6.71771771771772
622,377,6.71061093247588,6.75066312997347,999,6.72572572572573
621,377,6.71980676328502,6.76392572944297,998,6.73647294589178
618,378,6.71844660194175,6.77777777777778,996,6.74096385542169
619,380,6.72374798061389,6.78157894736842,999,6.74574574574575
607,392,6.72322899505766,6.76530612244898,999,6.73973973973974
615,384,6.71869918699187,6.765625,999,6.73673673673674
614,385,6.71986970684039,6.75064935064935,999,6.73173173173173
624,375,6.73557692307692,6.74933333333333,999,6.74074074074074
622,377,6.7395498392283,6.73474801061008,999,6.73773773773774
620,379,6.74032258064516,6.74406332453826,999,6.74174174174174
615,384,6.74471544715447,6.75260416666667,999,6.74774774774775
612,386,6.74346405228758,6.76683937823834,998,6.75250501002004
606,393,6.74752475247525,6.77862595419847,999,6.75975975975976
603,396,6.74626865671642,6.77777777777778,999,6.75875875875876
599,399,6.75626043405676,6.77944862155388,998,6.76553106212425
606,393,6.76732673267327,6.76844783715013,999,6.76776776776777
605,394,6.76859504132231,6.75888324873096,999,6.76476476476476
597,402,6.76884422110553,6.75621890547264,999,6.76376376376376
600,399,6.78,6.7593984962406,999,6.77177177177177
595,404,6.79159663865546,6.74752475247525,999,6.77377377377377
604,395,6.78807947019868,6.73670886075949,999,6.76776776776777
601,397,6.79866888519135,6.76070528967254,998,6.78356713426854
589,408,6.78607809847199,6.77696078431373,997,6.78234704112337
604,394,6.79304635761589,6.78680203045685,998,6.79058116232465
597,401,6.79396984924623,6.7930174563591,998,6.7935871743487
584,413,6.78938356164384,6.80871670702179,997,6.79739217652959
589,410,6.78268251273345,6.80975609756098,999,6.79379379379379
603,395,6.78275290215589,6.82025316455696,998,6.79759519038076
599,400,6.78631051752922,6.83,999,6.8038038038038
595,404,6.77983193277311,6.82673267326733,999,6.7987987987988
602,395,6.77574750830565,6.82025316455696,997,6.79338014042126
599,400,6.80467445742905,6.8225,999,6.81181181181181
596,403,6.80704697986577,6.80893300248139,999,6.80780780780781
599,399,6.80801335559265,6.80200501253133,998,6.80561122244489
588,411,6.81632653061224,6.81995133819951,999,6.81781781781782
590,409,6.80847457627119,6.80929095354523,999,6.80880880880881
590,408,6.81186440677966,6.78676470588235,998,6.80160320641283
594,405,6.81649831649832,6.79259259259259,999,6.80680680680681
594,404,6.81313131313131,6.80445544554455,998,6.80961923847695
612,387,6.81699346405229,6.7984496124031,999,6.80980980980981
611,387,6.81669394435352,6.7984496124031,998,6.80961923847695
616,382,6.82467532467532,6.81675392670157,998,6.82164328657315
614,384,6.82410423452769,6.82552083333333,998,6.82464929859719
601,397,6.80698835274542,6.83375314861461,998,6.81763527054108
608,390,6.80592105263158,6.84615384615385,998,6.82164328657315
601,398,6.81031613976706,6.85427135678392,999,6.82782782782783
596,403,6.80872483221477,6.84367245657568,999,6.82282282282282
601,398,6.80033277870216,6.86180904522613,999,6.82482482482482
599,399,6.80968280467446,6.87218045112782,998,6.83466933867735
594,403,6.82154882154882,6.87593052109181,997,6.84353059177533
598,401,6.81939799331104,6.87032418952618,999,6.83983983983984
604,395,6.82615894039735,6.87341772151899,999,6.84484484484484
614,384,6.8257328990228,6.88541666666667,998,6.84869739478958
611,388,6.81342062193126,6.87371134020619,999,6.83683683683684
598,401,6.80602006688963,6.87531172069825,999,6.83383383383383
604,394,6.80298013245033,6.88832487309645,998,6.83667334669339
605,394,6.78677685950413,6.88071065989848,999,6.82382382382382
602,397,6.7890365448505,6.87657430730479,999,6.82382382382382
606,392,6.79207920792079,6.88010204081633,998,6.82665330661323
599,400,6.78964941569282,6.89,999,6.82982982982983
603,395,6.787728026534,6.86835443037975,998,6.81963927855711
614,385,6.80130293159609,6.87272727272727,999,6.82882882882883
603,394,6.79933665008292,6.8756345177665,997,6.82948846539619
605,392,6.79669421487603,6.86734693877551,997,6.82447342026078
596,402,6.80704697986577,6.8681592039801,998,6.83166332665331
577,422,6.80589254766031,6.88625592417062,999,6.83983983983984
583,415,6.80445969125214,6.89397590361446,998,6.84168336673347
573,425,6.80802792321117,6.89411764705882,998,6.84468937875751
557,441,6.81328545780969,6.89569160997732,998,6.8496993987976
558,441,6.81003584229391,6.90249433106576,999,6.85085085085085
552,446,6.82065217391304,6.90134529147982,998,6.85671342685371
553,446,6.8245931283906,6.89461883408072,999,6.85585585585586
557,442,6.83123877917415,6.89366515837104,999,6.85885885885886
558,439,6.82078853046595,6.88838268792711,997,6.8505516549649
559,440,6.82289803220036,6.88636363636364,999,6.85085085085085
571,427,6.82486865148862,6.88758782201405,998,6.85170340681363
579,419,6.81519861830743,6.87828162291169,998,6.84168336673347
570,427,6.80350877192982,6.88524590163934,997,6.83851554663992
576,423,6.8125,6.87943262411348,999,6.84084084084084
572,427,6.81468531468532,6.88524590163934,999,6.84484484484484
577,422,6.80935875216638,6.88388625592417,999,6.84084084084084
585,414,6.81367521367521,6.88164251207729,999,6.84184184184184
580,418,6.82241379310345,6.87799043062201,998,6.84569138276553
581,417,6.8382099827883,6.88009592326139,998,6.85571142284569
583,416,6.85077186963979,6.87740384615385,999,6.86186186186186
585,414,6.84786324786325,6.88164251207729,999,6.86186186186186
593,405,6.84148397976391,6.88395061728395,998,6.85871743486974
587,410,6.84156729131175,6.88048780487805,997,6.85757271815446
586,413,6.83447098976109,6.88135593220339,999,6.85385385385385
593,406,6.83136593591906,6.89162561576355,999,6.85585585585586
584,414,6.83390410958904,6.88405797101449,998,6.85470941883768
585,413,6.83589743589744,6.88377723970944,998,6.85571142284569
591,407,6.83925549915398,6.88697788697789,998,6.85871743486974
597,402,6.84087102177554,6.89054726368159,999,6.86086086086086
592,406,6.84459459459459,6.88916256157635,998,6.8627254509018
592,406,6.84459459459459,6.88669950738916,998,6.86172344689379
600,399,6.83,6.89724310776942,999,6.85685685685686
607,392,6.84184514003295,6.89540816326531,999,6.86286286286286
604,395,6.84437086092715,6.89620253164557,999,6.86486486486486
612,387,6.83496732026144,6.90956072351421,999,6.86386386386386
608,391,6.82894736842105,6.91304347826087,999,6.86186186186186
606,393,6.83993399339934,6.91094147582697,999,6.86786786786787
602,395,6.83554817275748,6.90886075949367,997,6.86459378134403
611,388,6.82978723404255,6.90979381443299,999,6.86086086086086
609,389,6.84072249589491,6.90488431876607,998,6.86573146292585
606,393,6.84653465346535,6.90839694656489,999,6.87087087087087
607,392,6.84349258649094,6.89795918367347,999,6.86486486486486
613,385,6.85481239804241,6.89350649350649,998,6.86973947895792
618,380,6.85113268608414,6.89473684210526,998,6.86773547094188
616,383,6.85227272727273,6.89295039164491,999,6.86786786786787
620,379,6.85322580645161,6.88390501319261,999,6.86486486486486
621,378,6.85024154589372,6.88624338624339,999,6.86386386386386
616,383,6.8538961038961,6.88511749347258,999,6.86586586586587
613,385,6.84991843393148,6.89090909090909,998,6.86573146292585
605,393,6.85123966942149,6.88549618320611,998,6.86472945891784
603,395,6.84742951907131,6.89620253164557,998,6.86673346693387
604,395,6.84933774834437,6.89113924050633,999,6.86586586586587
599,397,6.84641068447412,6.88413098236776,996,6.86144578313253
599,399,6.85141903171953,6.8796992481203,998,6.8627254509018
603,396,6.84742951907131,6.87626262626263,999,6.85885885885886
599,398,6.84808013355593,6.87185929648241,997,6.85757271815446
601,396,6.84359400998336,6.87626262626263,997,6.85656970912738
597,402,6.85427135678392,6.8681592039801,999,6.85985985985986
595,404,6.85042016806723,6.87623762376238,999,6.86086086086086
593,406,6.84485666104553,6.87684729064039,999,6.85785785785786
604,393,6.84437086092715,6.87531806615776,997,6.85656970912738
605,392,6.84132231404959,6.87244897959184,997,6.85356068204614
602,397,6.84551495016611,6.86649874055416,999,6.85385385385385
609,389,6.84564860426929,6.85089974293059,998,6.84769539078156
599,398,6.83806343906511,6.85678391959799,997,6.84553660982949
592,407,6.82939189189189,6.86486486486486,999,6.84384384384384
598,401,6.83612040133779,6.88029925187032,999,6.85385385385385
598,401,6.83612040133779,6.87531172069825,999,6.85185185185185
597,402,6.82914572864322,6.88557213930348,999,6.85185185185185
604,395,6.83443708609272,6.88607594936709,999,6.85485485485485
592,406,6.82939189189189,6.89408866995074,998,6.85571142284569
597,402,6.81909547738693,6.90298507462687,999,6.85285285285285
597,402,6.82747068676717,6.90298507462687,999,6.85785785785786
594,405,6.82828282828283,6.89876543209877,999,6.85685685685686
592,405,6.83277027027027,6.89876543209877,997,6.85957873620863
598,401,6.82608695652174,6.89526184538653,999,6.85385385385385
592,407,6.8277027027027,6.89189189189189,999,6.85385385385385
582,415,6.8213058419244,6.88192771084337,997,6.84653961885657
593,405,6.81618887015177,6.87901234567901,998,6.84168336673347
586,411,6.81740614334471,6.88321167883212,997,6.84453360080241
579,419,6.82556131260794,6.8854415274463,998,6.85070140280561
583,416,6.82504288164666,6.88942307692308,999,6.85185185185185
575,423,6.82608695652174,6.89125295508274,998,6.85370741482966
583,415,6.82847341337907,6.87710843373494,998,6.84869739478958
592,406,6.83108108108108,6.8743842364532,998,6.84869739478958
580,418,6.81896551724138,6.8755980861244,998,6.84268537074148
587,412,6.82112436115843,6.87864077669903,999,6.84484484484484
581,418,6.8209982788296,6.86363636363636,999,6.83883883883884
588,411,6.81122448979592,6.86131386861314,999,6.83183183183183
595,404,6.81176470588235,6.87623762376238,999,6.83783783783784
595,404,6.81176470588235,6.87871287128713,999,6.83883883883884
582,415,6.80927835051546,6.86506024096386,997,6.83249749247743
601,398,6.80865224625624,6.87185929648241,999,6.83383383383383
602,397,6.81063122923588,6.87657430730479,999,6.83683683683684
587,412,6.81771720613288,6.87864077669903,999,6.84284284284284
595,404,6.82016806722689,6.88118811881188,999,6.84484484484484
601,398,6.81697171381032,6.88190954773869,999,6.84284284284284
597,401,6.81239530988275,6.88528678304239,998,6.84168336673347
602,397,6.81395348837209,6.90176322418136,999,6.84884884884885
600,398,6.81833333333333,6.90201005025126,998,6.85170340681363
611,388,6.80851063829787,6.9020618556701,999,6.84484484484484
605,394,6.81322314049587,6.90355329949239,999,6.84884884884885
603,394,6.80762852404643,6.90355329949239,997,6.84553660982949
593,405,6.80607082630691,6.90617283950617,998,6.84669338677355
589,409,6.80305602716469,6.90220048899756,998,6.8436873747495
581,417,6.80722891566265,6.90407673860911,998,6.84769539078156
581,416,6.80722891566265,6.90384615384615,997,6.84754262788365
575,424,6.80173913043478,6.90566037735849,999,6.84584584584585
578,421,6.79584775086505,6.90261282660333,999,6.84084084084084
573,426,6.79930191972077,6.90610328638498,999,6.84484484484484
577,421,6.79376083188908,6.91211401425178,998,6.8436873747495
572,427,6.79370629370629,6.91100702576112,999,6.84384384384384
575,424,6.78608695652174,6.9127358490566,999,6.83983983983984
575,423,6.78782608695652,6.90543735224586,998,6.8376753507014
568,431,6.80457746478873,6.91415313225058,999,6.85185185185185
574,422,6.801393728223,6.91943127962085,996,6.85140562248996
579,418,6.79101899827288,6.91626794258373,997,6.84353059177533
573,426,6.79930191972077,6.90610328638498,999,6.84484484484484
576,422,6.81076388888889,6.90521327014218,998,6.85070140280561
583,414,6.81132075471698,6.91545893719807,997,6.85456369107322
585,413,6.81025641025641,6.91041162227603,998,6.85170340681363
589,409,6.81833616298812,6.90953545232274,998,6.85571142284569
589,410,6.82173174872666,6.90731707317073,999,6.85685685685686
588,411,6.81802721088435,6.91484184914842,999,6.85785785785786
591,408,6.82741116751269,6.91911764705882,999,6.86486486486486
585,412,6.82051282051282,6.91019417475728,997,6.85757271815446
581,416,6.81411359724613,6.90384615384615,997,6.85155466399198
586,412,6.82423208191126,6.90533980582524,998,6.85771543086172
585,414,6.82051282051282,6.90821256038647,999,6.85685685685686
575,424,6.81391304347826,6.91037735849057,999,6.85485485485485
573,425,6.81326352530541,6.91764705882353,998,6.85771543086172
570,429,6.81929824561403,6.92074592074592,999,6.86286286286286
567,431,6.81305114638448,6.91879350348028,998,6.85871743486974
576,423,6.8125,6.9290780141844,999,6.86186186186186
575,424,6.81217391304348,6.93632075471698,999,6.86486486486486
570,427,6.80877192982456,6.9344262295082,997,6.86258776328987
565,432,6.80530973451327,6.93287037037037,997,6.86058174523571
569,430,6.80492091388401,6.93488372093023,999,6.86086086086086
569,427,6.81546572934974,6.9344262295082,996,6.86646586345381
569,430,6.81195079086116,6.93488372093023,999,6.86486486486486
569,428,6.81370826010545,6.93691588785047,997,6.86659979939819
571,427,6.82486865148862,6.9344262295082,998,6.87174348697395
575,422,6.82260869565217,6.94075829383886,997,6.87261785356068
568,429,6.81866197183099,6.93939393939394,997,6.87061183550652
569,430,6.82425307557118,6.94186046511628,999,6.87487487487487
568,429,6.82570422535211,6.94638694638695,997,6.87763289869609
564,434,6.82446808510638,6.94930875576037,998,6.87875751503006
568,431,6.82218309859155,6.95823665893271,999,6.88088088088088
566,433,6.82332155477032,6.95381062355658,999,6.87987987987988
556,443,6.81654676258993,6.96162528216704,999,6.88088088088088
560,437,6.81428571428571,6.95881006864989,997,6.87763289869609
558,440,6.82437275985663,6.96136363636364,998,6.88476953907816
559,439,6.82468694096601,6.95444191343964,998,6.88176352705411
560,436,6.83214285714286,6.95642201834862,996,6.88654618473896
565,434,6.83185840707965,6.95852534562212,999,6.88688688688689
565,434,6.84070796460177,6.96082949308756,999,6.89289289289289
567,432,6.83245149911817,6.95601851851852,999,6.88588588588589
554,445,6.84115523465704,6.96404494382022,999,6.8958958958959
560,438,6.84285714285714,6.9703196347032,998,6.89879759519038
570,429,6.84385964912281,6.96270396270396,999,6.89489489489489
559,439,6.83720930232558,6.96127562642369,998,6.89178356713427
561,437,6.84135472370767,6.96567505720824,998,6.89579158316633
572,426,6.84440559440559,6.96478873239437,998,6.89579158316633
565,434,6.84247787610619,6.96543778801843,999,6.8958958958959
564,435,6.85992907801418,6.97011494252874,999,6.90790790790791
567,432,6.85890652557319,6.96759259259259,999,6.90590590590591
561,438,6.85026737967914,6.97260273972603,999,6.9039039039039
559,439,6.84973166368515,6.97038724373576,998,6.90280561122244
559,438,6.84436493738819,6.9703196347032,997,6.89969909729188
555,444,6.85045045045045,6.96396396396396,999,6.9009009009009
557,442,6.8491921005386,6.96153846153846,999,6.8988988988989
565,432,6.85309734513274,6.96296296296296,997,6.90070210631896
562,437,6.85409252669039,6.96338672768879,999,6.9019019019019
569,430,6.86291739894552,6.95581395348837,999,6.9029029029029
579,418,6.87046632124352,6.95454545454545,997,6.90571715145436
569,429,6.87170474516696,6.95571095571096,998,6.90781563126253
574,424,6.86236933797909,6.95754716981132,998,6.90280561122244
579,420,6.87564766839378,6.9547619047619,999,6.90890890890891
566,433,6.87279151943463,6.95842956120092,999,6.90990990990991
577,422,6.86655112651646,6.96208530805687,999,6.90690690690691
586,413,6.86348122866894,6.95883777239709,999,6.9029029029029
580,418,6.86551724137931,6.96172248803828,998,6.90581162324649
576,423,6.87847222222222,6.9645390070922,999,6.91491491491491
580,418,6.87413793103448,6.96172248803828,998,6.91082164328657
587,411,6.8824531516184,6.9683698296837,998,6.91783567134269
591,407,6.88494077834179,6.96805896805897,998,6.9188376753507
598,400,6.88461538461539,6.9725,998,6.91983967935872
598,399,6.88294314381271,6.96741854636591,997,6.91675025075226
593,405,6.88701517706577,6.96543209876543,998,6.9188376753507
595,404,6.89243697478992,6.96782178217822,999,6.92292292292292
591,408,6.89001692047377,6.96323529411765,999,6.91991991991992
595,404,6.8890756302521,6.96534653465347,999,6.91991991991992
597,402,6.89447236180905,6.96268656716418,999,6.92192192192192
593,405,6.89544688026981,6.96049382716049,998,6.92184368737475
592,407,6.89189189189189,6.96314496314496,999,6.92092092092092
589,409,6.88455008488964,6.96577017114914,998,6.91783567134269
594,405,6.89225589225589,6.96543209876543,999,6.92192192192192
598,401,6.89297658862876,6.96758104738155,999,6.92292292292292
594,403,6.89225589225589,6.96774193548387,997,6.92276830491474
597,402,6.89447236180905,6.97014925373134,999,6.92492492492492
597,399,6.89614740368509,6.96491228070175,996,6.92369477911647
586,413,6.89249146757679,6.96610169491525,999,6.92292292292292
592,407,6.89527027027027,6.96314496314496,999,6.92292292292292
597,402,6.89782244556114,6.96268656716418,999,6.92392392392392
590,408,6.89491525423729,6.96323529411765,998,6.92284569138277
603,395,6.88723051409619,6.95949367088608,998,6.91583166332665
603,396,6.88557213930348,6.95959595959596,999,6.91491491491491
600,397,6.88666666666667,6.96221662468514,997,6.91675025075226
608,390,6.89144736842105,6.95128205128205,998,6.91482965931864
610,389,6.89836065573771,6.95886889460154,999,6.92192192192192
614,385,6.90065146579805,6.96363636363636,999,6.92492492492492
617,382,6.89789303079417,6.96596858638743,999,6.92392392392392
616,383,6.89123376623377,6.96344647519582,999,6.91891891891892
615,384,6.88943089430894,6.96614583333333,999,6.91891891891892
627,371,6.88995215311005,6.97574123989218,998,6.92184368737475
626,372,6.89137380191693,6.97043010752688,998,6.92084168336673
624,372,6.88942307692308,6.97043010752688,996,6.91967871485944
624,375,6.89262820512821,6.968,999,6.92092092092092
626,373,6.88658146964856,6.96782841823056,999,6.91691691691692
634,365,6.88643533123028,6.96438356164384,999,6.91491491491491
629,367,6.88553259141494,6.96457765667575,996,6.91465863453815
634,364,6.88485804416404,6.96153846153846,998,6.91282565130261
633,366,6.88941548183254,6.95901639344262,999,6.91491491491491
619,377,6.89176090468498,6.95490716180371,996,6.91566265060241
625,373,6.8816,6.9544235924933,998,6.90881763527054
622,376,6.88424437299035,6.95478723404255,998,6.91082164328657
617,381,6.89303079416532,6.95275590551181,998,6.91583166332665
620,379,6.89354838709677,6.94195250659631,999,6.91191191191191
622,377,6.89549839228296,6.94429708222812,999,6.91391391391391
615,383,6.89268292682927,6.94516971279373,998,6.91282565130261
612,386,6.89705882352941,6.94559585492228,998,6.91583166332665
619,380,6.89499192245557,6.94210526315789,999,6.91291291291291
627,372,6.90111642743222,6.94623655913978,999,6.91791791791792
615,383,6.89756097560976,6.95039164490862,998,6.91783567134269
617,381,6.89627228525122,6.9501312335958,998,6.91683366733467
619,379,6.89176090468498,6.94722955145119,998,6.91282565130261
620,379,6.88709677419355,6.94195250659631,999,6.90790790790791
615,383,6.87967479674797,6.94516971279373,998,6.90480961923848
617,382,6.88006482982172,6.94502617801047,999,6.9049049049049
624,374,6.88301282051282,6.93850267379679,998,6.90380761523046
614,385,6.88436482084691,6.94025974025974,999,6.90590590590591
613,384,6.88417618270799,6.9375,997,6.90471414242728
611,386,6.88543371522095,6.94041450777202,997,6.90672016048144
613,385,6.8858075040783,6.94285714285714,998,6.90781563126253
615,384,6.88617886178862,6.9375,999,6.90590590590591
608,391,6.88486842105263,6.94884910485933,999,6.90990990990991
605,394,6.88595041322314,6.9492385786802,999,6.91091091091091
612,387,6.88398692810458,6.95348837209302,999,6.91091091091091
604,394,6.88576158940397,6.95431472081218,998,6.91282565130261
605,393,6.88429752066116,6.95674300254453,998,6.91282565130261
591,408,6.88494077834179,6.95833333333333,999,6.91491491491491
592,404,6.87837837837838,6.96039603960396,996,6.91164658634538
605,394,6.88429752066116,6.95431472081218,999,6.91191191191191
604,391,6.88245033112583,6.94884910485933,995,6.90854271356784
602,397,6.87375415282392,6.94962216624685,999,6.9039039039039
604,394,6.87251655629139,6.95177664974619,998,6.90380761523046
601,398,6.87188019966722,6.96733668341709,999,6.90990990990991
607,392,6.87314662273476,6.96683673469388,999,6.90990990990991
602,396,6.87043189368771,6.97727272727273,998,6.91282565130261
593,406,6.8752107925801,6.97783251231527,999,6.91691691691692
588,410,6.87925170068027,6.97804878048781,998,6.91983967935872
593,405,6.8752107925801,6.97530864197531,998,6.91583166332665
589,409,6.87606112054329,6.97310513447433,998,6.91583166332665
585,414,6.86666666666667,6.97342995169082,999,6.91091091091091
584,415,6.86472602739726,6.97349397590361,999,6.90990990990991
584,414,6.86986301369863,6.97101449275362,998,6.91182364729459
576,423,6.87847222222222,6.97163120567376,999,6.91791791791792
590,408,6.87796610169492,6.96813725490196,998,6.91482965931864
590,409,6.87118644067797,6.96821515892421,999,6.91091091091091
586,412,6.87372013651877,6.96601941747573,998,6.91182364729459
581,417,6.87607573149742,6.97122302158273,998,6.91583166332665
587,411,6.87904599659285,6.96350364963504,998,6.91382765531062
578,417,6.87370242214533,6.96402877697842,995,6.91155778894472
584,415,6.87328767123288,6.96626506024096,999,6.91191191191191
591,408,6.87648054145516,6.96813725490196,999,6.91391391391391
585,412,6.88034188034188,6.96601941747573,997,6.91574724172518
591,407,6.88663282571912,6.96560196560197,998,6.9188376753507
599,400,6.8914858096828,6.9675,999,6.92192192192192
592,407,6.88851351351351,6.96314496314496,999,6.91891891891892
601,398,6.89351081530782,6.96231155778894,999,6.92092092092092
606,391,6.8976897689769,6.96675191815857,997,6.92477432296891
597,400,6.89782244556114,6.9575,997,6.92176529588766
599,399,6.89983305509182,6.95989974937343,998,6.92384769539078
602,396,6.89700996677741,6.95707070707071,998,6.92084168336673
595,403,6.89915966386555,6.95285359801489,998,6.92084168336673
596,403,6.8993288590604,6.94789081885856,999,6.91891891891892
595,404,6.90756302521008,6.9529702970297,999,6.92592592592593
593,404,6.90050590219224,6.96287128712871,997,6.92577733199599
597,402,6.90284757118928,6.96019900497512,999,6.92592592592593
601,398,6.90848585690516,6.96984924623116,999,6.93293293293293
598,401,6.90802675585284,6.96508728179551,999,6.93093093093093
590,409,6.91694915254237,6.96332518337408,999,6.93593593593594
581,415,6.92426850258176,6.96385542168675,996,6.94076305220884
574,423,6.92334494773519,6.96926713947991,997,6.94282848545637
579,418,6.93436960276339,6.97129186602871,997,6.94984954864594
580,418,6.93103448275862,6.96650717703349,998,6.94589178356713
584,415,6.94691780821918,6.96867469879518,999,6.95595595595596
585,414,6.94188034188034,6.97342995169082,999,6.95495495495495
587,411,6.93696763202726,6.97566909975669,998,6.95290581162325
583,415,6.94339622641509,6.97590361445783,998,6.95691382765531
583,416,6.9451114922813,6.97836538461539,999,6.95895895895896
588,411,6.94047619047619,6.97566909975669,999,6.95495495495495
590,408,6.94067796610169,6.97303921568627,998,6.95390781563126
596,403,6.94463087248322,6.9727047146402,999,6.95595595595596
596,402,6.94295302013423,6.97014925373134,998,6.95390781563126
587,412,6.94207836456559,6.96601941747573,999,6.95195195195195
591,408,6.9424703891709,6.96813725490196,999,6.95295295295295
593,404,6.94435075885329,6.96782178217822,997,6.95386158475426
578,418,6.94117647058824,6.96650717703349,996,6.95180722891566
580,418,6.93793103448276,6.96650717703349,998,6.9498997995992
589,409,6.94567062818336,6.96577017114914,998,6.95390781563126
579,419,6.94300518134715,6.96658711217184,998,6.95290581162325
582,416,6.94158075601375,6.96634615384615,998,6.95190380761523
578,420,6.94982698961938,6.96904761904762,998,6.95791583166333
579,420,6.94991364421416,6.96904761904762,999,6.95795795795796
580,418,6.94137931034483,6.97368421052632,998,6.95490981963928
584,415,6.94520547945205,6.97349397590361,999,6.95695695695696
582,417,6.946735395189,6.97362110311751,999,6.95795795795796
589,409,6.94397283531409,6.97310513447433,998,6.95591182364729
586,412,6.9419795221843,6.97330097087379,998,6.95490981963928
593,406,6.94772344013491,6.97290640394089,999,6.95795795795796
592,407,6.94763513513514,6.97051597051597,999,6.95695695695696
594,405,6.94276094276094,6.97283950617284,999,6.95495495495495
596,400,6.94463087248322,6.975,996,6.95682730923695
600,399,6.94166666666667,6.97744360902256,999,6.95595595595596
602,396,6.93687707641196,6.97727272727273,998,6.95290581162325
601,397,6.93344425956739,6.97984886649874,998,6.95190380761523
606,393,6.93729372937294,6.98473282442748,999,6.95595595595596
612,387,6.93627450980392,6.98708010335917,999,6.95595595595596
606,393,6.93729372937294,6.98473282442748,999,6.95595595595596
603,394,6.93532338308458,6.98477157360406,997,6.95486459378134
610,388,6.9344262295082,6.98453608247423,998,6.95390781563126
591,408,6.92554991539763,6.98039215686275,999,6.94794794794795
596,402,6.9244966442953,6.98009950248756,998,6.94689378757515
596,403,6.92114093959732,6.98014888337469,999,6.94494494494494
586,412,6.91296928327645,6.97815533980583,998,6.93987975951904
594,404,6.91077441077441,6.97772277227723,998,6.93787575150301
593,405,6.91231028667791,6.98024691358025,998,6.93987975951904
592,406,6.91216216216216,6.98029556650246,998,6.93987975951904
597,400,6.90954773869347,6.98,997,6.93781344032096
601,398,6.91846921797005,6.97989949748744,999,6.94294294294294
592,407,6.9222972972973,6.98034398034398,999,6.94594594594595
598,399,6.92642140468227,6.97994987468672,997,6.94784353059178
599,399,6.92988313856427,6.98496240601504,998,6.95190380761523
595,404,6.9327731092437,6.98514851485149,999,6.95395395395395
611,388,6.92962356792144,6.98969072164948,999,6.95295295295295
608,391,6.92434210526316,6.98976982097187,999,6.94994994994995
602,395,6.93023255813953,6.98987341772152,997,6.95386158475426
617,382,6.93517017828201,6.98952879581152,999,6.95595595595596
621,378,6.93558776167472,6.98677248677249,999,6.95495495495495
620,378,6.93064516129032,6.98677248677249,998,6.95190380761523
630,369,6.93015873015873,6.98915989159892,999,6.95195195195195
631,368,6.92709984152139,6.98913043478261,999,6.94994994994995
626,372,6.92492012779553,6.98655913978495,998,6.94789579158317
627,369,6.92663476874003,6.98644986449864,996,6.94879518072289
630,366,6.92063492063492,6.98633879781421,996,6.94477911646586
622,377,6.92604501607717,6.9867374005305,999,6.94894894894895
621,378,6.92431561996779,6.98412698412698,999,6.94694694694695
622,375,6.92765273311897,6.984,997,6.94884653961886
615,384,6.92845528455285,6.984375,999,6.94994994994995
626,371,6.93290734824281,6.97843665768194,997,6.94984954864594
630,369,6.93650793650794,6.97831978319783,999,6.95195195195195
632,367,6.93512658227848,6.97820163487738,999,6.95095095095095
632,367,6.94145569620253,6.97547683923706,999,6.95395395395395
622,377,6.94694533762058,6.97612732095491,999,6.95795795795796
620,376,6.94838709677419,6.97872340425532,996,6.95983935742972
616,381,6.94642857142857,6.97900262467192,997,6.95887662988967
621,377,6.94363929146538,6.97612732095491,998,6.95591182364729
615,383,6.94634146341463,6.98172323759791,998,6.95991983967936
617,382,6.94651539708266,6.97905759162304,999,6.95895895895896
615,383,6.94471544715447,6.98172323759791,998,6.95891783567134
624,374,6.94871794871795,6.98395721925134,998,6.96192384769539
624,375,6.94871794871795,6.984,999,6.96196196196196
625,373,6.9504,6.98391420911528,998,6.96292585170341
618,380,6.95145631067961,6.98421052631579,998,6.96392785571142
619,378,6.95476575121163,6.98677248677249,997,6.96690070210632
625,373,6.9488,6.98659517426273,998,6.96292585170341
619,379,6.94991922455574,6.98416886543536,998,6.96292585170341
612,387,6.95588235294118,6.98449612403101,999,6.96696696696697
617,382,6.95137763371151,6.98429319371728,999,6.96396396396396
612,387,6.94771241830065,6.98191214470284,999,6.96096096096096
607,391,6.9505766062603,6.98209718670077,998,6.96292585170341
613,386,6.9510603588907,6.98186528497409,999,6.96296296296296
596,402,6.9513422818792,6.98258706467662,998,6.96392785571142
595,404,6.95294117647059,6.97772277227723,999,6.96296296296296
602,397,6.95681063122924,6.97984886649874,999,6.96596596596597
597,402,6.95142378559464,6.98507462686567,999,6.96496496496496
601,397,6.95341098169717,6.98488664987406,998,6.96593186372746
598,401,6.95484949832776,6.98503740648379,999,6.96696696696697
600,399,6.94833333333333,6.98496240601504,999,6.96296296296296
611,386,6.94599018003273,6.98445595854922,997,6.96088264794383
621,377,6.94685990338164,6.98143236074271,998,6.95991983967936
617,382,6.95137763371151,6.97905759162304,999,6.96196196196196
616,380,6.94642857142857,6.97894736842105,996,6.95883534136546
624,374,6.94551282051282,6.97593582887701,998,6.95691382765531
618,381,6.94822006472492,6.97637795275591,999,6.95895895895896
616,382,6.95292207792208,6.97643979057592,998,6.96192384769539
617,382,6.95299837925446,6.97643979057592,999,6.96196196196196
614,385,6.96091205211726,6.97142857142857,999,6.96496496496496
617,382,6.95948136142626,6.9738219895288,999,6.96496496496496
631,368,6.95721077654517,6.97282608695652,999,6.96296296296296
628,370,6.96019108280255,6.97027027027027,998,6.96392785571142
632,363,6.9620253164557,6.97245179063361,995,6.96582914572864
642,357,6.95638629283489,6.97478991596639,999,6.96296296296296
635,363,6.95748031496063,6.97245179063361,998,6.96292585170341
643,356,6.95800933125972,6.97752808988764,999,6.96496496496496
655,343,6.96030534351145,6.97667638483965,998,6.96593186372746
644,354,6.95652173913043,6.98305084745763,998,6.96593186372746
648,351,6.96296296296296,6.98290598290598,999,6.96996996996997
645,353,6.96124031007752,6.98583569405099,998,6.96993987975952
642,356,6.96105919003115,6.98595505617978,998,6.96993987975952
643,356,6.95956454121306,6.98314606741573,999,6.96796796796797
643,356,6.95800933125972,6.98595505617978,999,6.96796796796797
641,358,6.95787831513261,6.98603351955307,999,6.96796796796797
634,364,6.96056782334385,6.98351648351648,998,6.9689378757515
629,368,6.9570747217806,6.98369565217391,997,6.96690070210632
626,373,6.95686900958466,6.98123324396783,999,6.96596596596597
632,367,6.95886075949367,6.98092643051771,999,6.96696696696697
631,368,6.95879556259905,6.97554347826087,999,6.96496496496496
632,367,6.96360759493671,6.97275204359673,999,6.96696696696697
635,363,6.96535433070866,6.97796143250689,998,6.96993987975952
638,361,6.96551724137931,6.97506925207756,999,6.96896896896897
644,354,6.96428571428571,6.97175141242938,998,6.96693386773547
645,354,6.96434108527132,6.97175141242938,999,6.96696696696697
640,357,6.96875,6.97198879551821,997,6.96990972918756
647,352,6.96599690880989,6.97443181818182,999,6.96896896896897
645,354,6.96589147286822,6.98022598870056,999,6.97097097097097
638,359,6.96394984326019,6.97771587743733,997,6.96890672016048
639,360,6.96557120500782,6.97777777777778,999,6.96996996996997
634,364,6.96687697160883,6.98076923076923,998,6.97194388777555
627,371,6.96650717703349,6.97843665768194,998,6.97094188376754
630,369,6.96507936507937,6.97831978319783,999,6.96996996996997
626,373,6.96485623003195,6.97855227882038,999,6.96996996996997
624,374,6.9599358974359,6.98128342245989,998,6.96793587174349
637,360,6.96232339089482,6.98333333333333,997,6.96990972918756
636,363,6.9559748427673,6.98898071625344,999,6.96796796796797
629,370,6.95866454689984,6.98918918918919,999,6.96996996996997
626,372,6.95527156549521,6.98655913978495,998,6.96693386773547
631,368,6.9540412044374,6.98369565217391,999,6.96496496496496
621,378,6.9549114331723,6.98412698412698,999,6.96596596596597
620,379,6.95806451612903,6.98416886543536,999,6.96796796796797
622,377,6.95498392282958,6.98143236074271,999,6.96496496496496
614,384,6.95439739413681,6.98177083333333,998,6.96492985971944
614,384,6.95114006514658,6.98697916666667,998,6.96492985971944
615,384,6.95609756097561,6.984375,999,6.96696696696697
608,391,6.95394736842105,6.9846547314578,999,6.96596596596597
605,394,6.95371900826446,6.98477157360406,999,6.96596596596597
612,387,6.95261437908497,6.98191214470284,999,6.96396396396396
601,398,6.95341098169717,6.98241206030151,999,6.96496496496496
607,391,6.95551894563427,6.98721227621483,998,6.96793587174349
616,382,6.95779220779221,6.98952879581152,998,6.96993987975952
603,396,6.95854063018242,6.98989898989899,999,6.97097097097097
600,399,6.96,6.98997493734336,999,6.97197197197197
604,395,6.96192052980132,6.98987341772152,999,6.97297297297297
586,411,6.96245733788396,6.98783454987835,997,6.97291875626881
595,404,6.96302521008403,6.98762376237624,999,6.97297297297297
605,394,6.96859504132231,6.98730964467005,999,6.97597597597598
593,406,6.96964586846543,6.98522167487685,999,6.97597597597598
588,411,6.96768707482993,6.98540145985401,999,6.97497497497497
593,406,6.96795952782462,6.98275862068965,999,6.97397397397397
576,422,6.96354166666667,6.98578199052133,998,6.97294589178357
574,425,6.96689895470383,6.98588235294118,999,6.97497497497497
589,409,6.96774193548387,6.98533007334963,998,6.9749498997996
577,421,6.96360485268631,6.98574821852732,998,6.97294589178357
576,422,6.96006944444444,6.98578199052133,998,6.97094188376754
568,431,6.9612676056338,6.98375870069606,999,6.97097097097097
562,437,6.96085409252669,6.98169336384439,999,6.96996996996997
567,432,6.95767195767196,6.98148148148148,999,6.96796796796797
572,427,6.95979020979021,6.98360655737705,999,6.96996996996997
570,429,6.96140350877193,6.97902097902098,999,6.96896896896897
570,429,6.95964912280702,6.97902097902098,999,6.96796796796797
572,427,6.96678321678322,6.98126463700234,999,6.97297297297297
563,436,6.97158081705151,6.98165137614679,999,6.97597597597598
559,440,6.97316636851521,6.98181818181818,999,6.97697697697698
559,440,6.97137745974955,6.98409090909091,999,6.97697697697698
561,438,6.97147950089127,6.98401826484018,999,6.97697697697698
558,440,6.97132616487455,6.97954545454545,998,6.9749498997996
564,433,6.97340425531915,6.98152424942263,997,6.97693079237713
566,431,6.97173144876325,6.98143851508121,997,6.97592778335005
566,432,6.97526501766784,6.98148148148148,998,6.97795591182365
578,421,6.97058823529412,6.97862232779097,999,6.97397397397397
567,432,6.97354497354497,6.97916666666667,999,6.97597597597598
563,433,6.97335701598579,6.97690531177829,996,6.97489959839357
568,431,6.97535211267606,6.97679814385151,999,6.97597597597598
553,443,6.97287522603978,6.97742663656885,996,6.97489959839357
550,448,6.97454545454545,6.97991071428571,998,6.97695390781563
549,449,6.97449908925319,6.97327394209354,998,6.97394789579158
545,453,6.96880733944954,6.9757174392936,998,6.97194388777555
544,455,6.96691176470588,6.98021978021978,999,6.97297297297297
550,447,6.97090909090909,6.97986577181208,997,6.97492477432297
547,451,6.97257769652651,6.97560975609756,998,6.97394789579158
557,441,6.96768402154399,6.9750566893424,998,6.97094188376754
560,439,6.96964285714286,6.97949886104784,999,6.97397397397397
551,447,6.97640653357532,6.97762863534676,998,6.97695390781563
562,437,6.97508896797153,6.97711670480549,999,6.97597597597598
556,440,6.97841726618705,6.97727272727273,996,6.97791164658635
543,454,6.97974217311234,6.98017621145374,997,6.97993981945837
552,446,6.97826086956522,6.97309417040359,998,6.97595190380762
536,462,6.98134328358209,6.97402597402597,998,6.97795591182365
539,459,6.97959183673469,6.9760348583878,998,6.97795591182365
555,444,6.98018018018018,6.97072072072072,999,6.97597597597598
547,452,6.97440585009141,6.97345132743363,999,6.97397397397397
552,447,6.97463768115942,6.97762863534676,999,6.97597597597598
556,443,6.97661870503597,6.97516930022573,999,6.97597597597598
547,451,6.97806215722121,6.97117516629712,998,6.9749498997996
549,450,6.97267759562842,6.97555555555556,999,6.97397397397397
551,448,6.97096188747731,6.97321428571429,999,6.97197197197197
544,455,6.97242647058824,6.96703296703297,999,6.96996996996997
549,449,6.9672131147541,6.97327394209354,998,6.96993987975952
563,436,6.96802841918295,6.97477064220184,999,6.97097097097097
560,439,6.96785714285714,6.9749430523918,999,6.97097097097097
554,443,6.96750902527076,6.97291196388262,997,6.96990972918756
562,435,6.9644128113879,6.97471264367816,997,6.96890672016048
555,443,6.96756756756757,6.97516930022573,998,6.97094188376754
548,451,6.96715328467153,6.97117516629712,999,6.96896896896897
546,449,6.96336996336996,6.97327394209354,995,6.9678391959799
541,458,6.9630314232902,6.97379912663755,999,6.96796796796797
549,450,6.96903460837887,6.98222222222222,999,6.97497497497497
553,445,6.96925858951175,6.97977528089888,998,6.97394789579158
543,455,6.97237569060773,6.97802197802198,998,6.9749498997996
540,459,6.97222222222222,6.97821350762527,999,6.97497497497497
544,451,6.97058823529412,6.97560975609756,995,6.97286432160804
549,450,6.96539162112933,6.98222222222222,999,6.97297297297297
547,452,6.96526508226691,6.98008849557522,999,6.97197197197197
543,456,6.96500920810313,6.9780701754386,999,6.97097097097097
540,458,6.96666666666667,6.9825327510917,998,6.97394789579158
540,458,6.96481481481482,6.9825327510917,998,6.97294589178357
543,456,6.96132596685083,6.98245614035088,999,6.97097097097097
538,460,6.95724907063197,6.98478260869565,998,6.96993987975952
545,453,6.95596330275229,6.98233995584989,998,6.96793587174349
552,446,6.95289855072464,6.98206278026906,998,6.96593186372746
536,462,6.95335820895522,6.98051948051948,998,6.96593186372746
549,450,6.95264116575592,6.98666666666667,999,6.96796796796797
546,452,6.94871794871795,6.98451327433628,998,6.96492985971944
539,460,6.94619666048238,6.98478260869565,999,6.96396396396396
545,454,6.94678899082569,6.98898678414097,999,6.96596596596597
546,452,6.94688644688645,6.98893805309735,998,6.96593186372746
539,460,6.94619666048238,6.98913043478261,999,6.96596596596597
542,457,6.94649446494465,6.99124726477024,999,6.96696696696697
536,463,6.94776119402985,6.99136069114471,999,6.96796796796797
535,463,6.94392523364486,6.98920086393089,998,6.96492985971944
541,458,6.94824399260628,6.98908296943231,999,6.96696696696697
537,461,6.95158286778399,6.98915401301518,998,6.9689378757515
534,464,6.94756554307116,6.98706896551724,998,6.96593186372746
538,460,6.94609665427509,6.98695652173913,998,6.96492985971944
528,471,6.94507575757576,6.98726114649681,999,6.96496496496496
537,460,6.95158286778399,6.98478260869565,997,6.96690070210632
541,457,6.95194085027726,6.98687089715536,998,6.96793587174349
533,466,6.95121951219512,6.98712446351931,999,6.96796796796797
535,463,6.95140186915888,6.98704103671706,998,6.96793587174349
536,462,6.95335820895522,6.98701298701299,998,6.9689378757515
530,469,6.95471698113208,6.98933901918977,999,6.97097097097097
529,470,6.95463137996219,6.98936170212766,999,6.97097097097097
532,467,6.95300751879699,6.98929336188437,999,6.96996996996997
519,477,6.95761078998073,6.9895178197065,996,6.97289156626506
520,479,6.95769230769231,6.9874739039666,999,6.97197197197197
522,477,6.95402298850575,6.9853249475891,999,6.96896896896897
509,489,6.95677799607073,6.98364008179959,998,6.96993987975952
502,496,6.95219123505976,6.98387096774194,998,6.96793587174349
512,487,6.953125,6.97946611909651,999,6.96596596596597
503,495,6.95626242544732,6.97777777777778,998,6.96693386773547
507,492,6.95266272189349,6.97967479674797,999,6.96596596596597
517,480,6.95164410058027,6.98125,997,6.96589769307924
509,487,6.94695481335953,6.98151950718686,996,6.96385542168675
513,486,6.94736842105263,6.98559670781893,999,6.96596596596597
521,478,6.94625719769674,6.98744769874477,999,6.96596596596597
511,487,6.94911937377691,6.98562628336756,998,6.96693386773547
503,492,6.95029821073559,6.98577235772358,995,6.9678391959799
514,484,6.95525291828794,6.98553719008264,998,6.96993987975952
501,497,6.9560878243513,6.98591549295775,998,6.97094188376754
500,499,6.956,6.98396793587174,999,6.96996996996997
507,491,6.95463510848126,6.9816700610998,998,6.96793587174349
503,496,6.95626242544732,6.98185483870968,999,6.96896896896897
505,492,6.95247524752475,6.98577235772358,997,6.96890672016048
511,486,6.95499021526419,6.98765432098765,997,6.97091273821464
505,493,6.95445544554455,6.98782961460446,998,6.97094188376754
507,491,6.95266272189349,6.989816700611,998,6.97094188376754
507,492,6.95463510848126,6.98780487804878,999,6.97097097097097
505,493,6.94851485148515,6.98580121703854,998,6.96693386773547
516,483,6.94186046511628,6.98757763975155,999,6.96396396396396
508,491,6.93700787401575,6.989816700611,999,6.96296296296296
506,493,6.94466403162055,6.98985801217039,999,6.96696696696697
506,490,6.94466403162055,6.98775510204082,996,6.96586345381526
505,493,6.94257425742574,6.98985801217039,998,6.96593186372746
503,496,6.94433399602386,6.99395161290323,999,6.96896896896897
503,496,6.94632206759443,6.99193548387097,999,6.96896896896897
503,495,6.94632206759443,6.99191919191919,998,6.9689378757515
497,502,6.94567404426559,6.99203187250996,999,6.96896896896897
500,498,6.948,6.99196787148594,998,6.96993987975952
504,494,6.9484126984127,6.98987854251012,998,6.9689378757515
504,495,6.95238095238095,6.98989898989899,999,6.97097097097097
509,489,6.95284872298625,6.98977505112474,998,6.97094188376754
512,484,6.951171875,6.98347107438016,996,6.96686746987952
516,483,6.94767441860465,6.98550724637681,999,6.96596596596597
507,490,6.94674556213018,6.98571428571429,997,6.96589769307924
495,502,6.93939393939394,6.98207171314741,997,6.96088264794383
497,500,6.93963782696177,6.98,997,6.95987963891675
496,502,6.93951612903226,6.9800796812749,998,6.95991983967936
501,498,6.93413173652695,6.98192771084337,999,6.95795795795796
493,505,6.93914807302231,6.97821782178218,998,6.95891783567134
500,498,6.936,6.97791164658635,998,6.95691382765531
495,502,6.93333333333333,6.98207171314741,997,6.95787362086259
482,516,6.93153526970954,6.97868217054264,998,6.95591182364729
483,515,6.92753623188406,6.97669902912621,998,6.95290581162325
484,515,6.92768595041322,6.98252427184466,999,6.95595595595596
493,506,6.92292089249493,6.9802371541502,999,6.95195195195195
495,504,6.92525252525253,6.9781746031746,999,6.95195195195195
488,511,6.92008196721311,6.97651663405088,999,6.94894894894895
490,508,6.92244897959184,6.97637795275591,998,6.9498997995992
487,511,6.91786447638604,6.97455968688845,998,6.94689378757515
489,510,6.9161554192229,6.97647058823529,999,6.94694694694695
500,499,6.918,6.97995991983968,999,6.94894894894895
495,503,6.92121212121212,6.98210735586481,998,6.95190380761523
502,495,6.9203187250996,6.98585858585859,997,6.95285857572718
508,491,6.92716535433071,6.9857433808554,999,6.95595595595596
508,490,6.92913385826772,6.98775510204082,998,6.95791583166333
502,497,6.92828685258964,6.98792756539235,999,6.95795795795796
494,505,6.9251012145749,6.99009900990099,999,6.95795795795796
495,503,6.92727272727273,6.99005964214712,998,6.95891783567134
482,517,6.92946058091286,6.99032882011605,999,6.96096096096096
484,515,6.9297520661157,6.98640776699029,999,6.95895895895896
474,524,6.93248945147679,6.98664122137405,998,6.96092184368737
472,526,6.93432203389831,6.98859315589354,998,6.96292585170341
482,517,6.93360995850622,6.99032882011605,999,6.96296296296296
481,518,6.94178794178794,6.99420849420849,999,6.96896896896897
477,520,6.93920335429769,6.99615384615385,997,6.96890672016048
476,523,6.9327731092437,6.9961759082218,999,6.96596596596597
472,525,6.9364406779661,6.99809523809524,997,6.96890672016048
490,508,6.93877551020408,7.0,998,6.96993987975952
483,515,6.94202898550725,7.0,998,6.97194388777555
480,519,6.94166666666667,7.0,999,6.97197197197197
491,508,6.94908350305499,7.0,999,6.97497497497497
484,515,6.94628099173554,7.0,999,6.97397397397397
476,521,6.94327731092437,7.0,997,6.97291875626881
491,507,6.94501018329939,7.0,998,6.97294589178357
479,519,6.94154488517745,7.0,998,6.97194388777555
486,513,6.94444444444444,7.0,999,6.97297297297297
483,516,6.94616977225673,7.0,999,6.97397397397397
474,523,6.94725738396625,7.0,997,6.97492477432297
484,514,6.94214876033058,7.0,998,6.97194388777555
488,510,6.93852459016393,7.0,998,6.96993987975952
480,518,6.93958333333333,7.0,998,6.97094188376754
482,516,6.94190871369295,7.0,998,6.97194388777555
484,514,6.94421487603306,7.0,998,6.97294589178357
473,525,6.93657505285412,7.0,998,6.96993987975952
479,520,6.93528183716075,7.0,999,6.96896896896897
476,521,6.9390756302521,7.0,997,6.97091273821464
477,520,6.93501048218029,7.0,997,6.96890672016048
473,526,6.93657505285412,7.0,999,6.96996996996997
469,529,6.93390191897655,7.0,998,6.9689378757515
468,531,6.92948717948718,7.0,999,6.96696696696697
469,527,6.9317697228145,7.0,996,6.96787148594377
473,526,6.93023255813953,7.0,999,6.96696696696697
480,519,6.93125,7.0,999,6.96696696696697
482,517,6.93153526970954,7.0,999,6.96696696696697
481,517,6.92931392931393,7.0,998,6.96593186372746
488,509,6.92827868852459,7.0,997,6.96489468405216
488,511,6.93032786885246,7.0,999,6.96596596596597
483,515,6.9296066252588,7.0,998,6.96593186372746
482,516,6.92946058091286,7.0,998,6.96593186372746
487,511,6.92813141683778,7.0,998,6.96492985971944
495,504,6.93131313131313,7.0,999,6.96596596596597
505,494,6.92673267326733,7.0,999,6.96296296296296
504,493,6.91468253968254,7.0,997,6.95687061183551
509,490,6.91552062868369,7.0,999,6.95695695695696
506,492,6.91501976284585,7.0,998,6.95691382765531
499,500,6.90581162324649,7.0,999,6.95295295295295
515,483,6.90873786407767,7.0,998,6.95290581162325
510,489,6.91764705882353,7.0,999,6.95795795795796
504,495,6.91071428571429,7.0,999,6.95495495495495
513,486,6.90448343079922,7.0,999,6.95095095095095
509,489,6.9056974459725,7.0,998,6.95190380761523
498,499,6.90361445783132,7.0,997,6.9518555667001
510,489,6.90196078431373,7.0,999,6.94994994994995
504,495,6.90277777777778,7.0,999,6.95095095095095
497,501,6.90543259557344,7.0,998,6.95290581162325
498,501,6.90763052208835,7.0,999,6.95395395395395
503,494,6.9065606361829,7.0,997,6.95285857572718
497,501,6.91348088531187,7.0,998,6.95691382765531
509,490,6.90962671905697,7.0,999,6.95395395395395
508,491,6.91535433070866,7.0,999,6.95695695695696
503,496,6.92246520874752,7.0,999,6.96096096096096
509,490,6.92534381139489,7.0,999,6.96196196196196
505,494,6.92475247524752,7.0,999,6.96196196196196
514,485,6.92801556420233,7.0,999,6.96296296296296
517,482,6.93036750483559,7.0,999,6.96396396396396
509,489,6.92730844793713,7.0,998,6.96292585170341
514,485,6.92607003891051,7.0,999,6.96196196196196
519,480,6.93256262042389,7.0,999,6.96496496496496
512,487,6.931640625,7.0,999,6.96496496496496
521,476,6.92898272552783,7.0,997,6.96288866599799
524,473,6.92557251908397,7.0,997,6.96088264794383
511,487,6.92172211350293,7.0,998,6.95991983967936
522,477,6.9272030651341,7.0,999,6.96196196196196
527,470,6.92409867172675,7.0,997,6.95987963891675
527,471,6.93168880455408,7.0,998,6.96392785571142
536,463,6.92537313432836,7.0,999,6.95995995995996
536,462,6.9160447761194,7.0,998,6.95490981963928
529,470,6.92816635160681,7.0,999,6.96196196196196
528,471,6.9280303030303,7.0,999,6.96196196196196
534,465,6.93071161048689,7.0,999,6.96296296296296
531,467,6.93032015065913,7.0,998,6.96292585170341
536,463,6.93283582089552,7.0,999,6.96396396396396
529,470,6.93761814744802,7.0,999,6.96696696696697
533,466,6.93808630393996,7.0,999,6.96696696696697
525,474,6.94476190476191,7.0,999,6.97097097097097
541,458,6.94824399260628,7.0,999,6.97197197197197
546,453,6.94871794871795,7.0,999,6.97197197197197
545,453,6.94678899082569,7.0,998,6.97094188376754
547,451,6.95429616087751,7.0,998,6.9749498997996
550,449,6.95454545454545,7.0,999,6.97497497497497
545,453,6.95963302752294,7.0,998,6.97795591182365
542,456,6.95940959409594,7.0,998,6.97795591182365
553,446,6.95840867992767,7.0,999,6.97697697697698
552,447,6.95833333333333,7.0,999,6.97697697697698
550,448,6.95818181818182,7.0,998,6.97695390781563
536,463,6.9589552238806,7.0,999,6.97797797797798
531,468,6.96045197740113,7.0,999,6.97897897897898
529,470,6.95841209829868,7.0,999,6.97797797797798
516,482,6.9593023255814,7.0,998,6.97895791583166
515,482,6.95728155339806,7.0,997,6.97793380140421
506,492,6.96442687747036,7.0,998,6.98196392785571
512,486,6.962890625,7.0,998,6.98096192384769
505,494,6.96237623762376,7.0,999,6.98098098098098
506,492,6.96245059288538,7.0,998,6.98096192384769
506,493,6.95849802371542,7.0,999,6.97897897897898
505,492,6.96237623762376,7.0,997,6.98094282848546
511,486,6.95890410958904,7.0,997,6.97893681043129
500,498,6.956,7.0,998,6.97795591182365
498,501,6.96385542168675,7.0,999,6.98198198198198
497,501,6.96579476861167,7.0,998,6.98296593186373
499,500,6.97394789579158,7.0,999,6.98698698698699
502,497,6.97211155378486,7.0,999,6.98598598598599
500,498,6.972,7.0,998,6.98597194388778
500,498,6.97,7.0,998,6.98496993987976
501,497,6.97205588822355,7.0,998,6.98597194388778
493,505,6.973630831643,7.0,998,6.98697394789579
501,498,6.97405189620758,7.0,999,6.98698698698699
488,510,6.97540983606557,7.0,998,6.98797595190381
486,513,6.97736625514403,7.0,999,6.98898898898899
493,506,6.97971602434077,7.0,999,6.98998998998999
497,502,6.97786720321932,7.0,999,6.98898898898899
497,501,6.98189134808853,7.0,998,6.99098196392786
496,503,6.98185483870968,7.0,999,6.99099099099099
491,508,6.9816700610998,7.0,999,6.99099099099099
491,508,6.9816700610998,7.0,999,6.99099099099099
490,509,6.98163265306122,7.0,999,6.99099099099099
484,515,6.98553719008264,7.0,999,6.99299299299299
482,516,6.98547717842324,7.0,998,6.99298597194389
485,514,6.98350515463918,7.0,999,6.99199199199199
487,511,6.98357289527721,7.0,998,6.99198396793587
478,521,6.98744769874477,7.0,999,6.99399399399399
483,514,6.98550724637681,7.0,997,6.99297893681043
489,509,6.98568507157464,7.0,998,6.99298597194389
495,504,6.98585858585859,7.0,999,6.99299299299299
486,513,6.98148148148148,7.0,999,6.99099099099099
494,505,6.98380566801619,7.0,999,6.99199199199199
486,513,6.98353909465021,7.0,999,6.99199199199199
479,520,6.98329853862213,7.0,999,6.99199199199199
476,520,6.97899159663866,7.0,996,6.98995983935743
481,518,6.97920997920998,7.0,999,6.98998998998999
477,520,6.9832285115304,7.0,997,6.99197592778335
474,525,6.98523206751055,7.0,999,6.99299299299299
477,521,6.9853249475891,7.0,998,6.99298597194389
470,529,6.98510638297872,7.0,999,6.99299299299299
472,527,6.98305084745763,7.0,999,6.99199199199199
471,527,6.98301486199575,7.0,998,6.99198396793587
464,533,6.98275862068965,7.0,997,6.99197592778335
467,531,6.98286937901499,7.0,998,6.99198396793587
461,538,6.98481561822126,7.0,999,6.99299299299299
459,537,6.98910675381264,7.0,996,6.99497991967872
471,525,6.99150743099788,7.0,996,6.99598393574297
474,525,6.9873417721519,7.0,999,6.99399399399399
472,527,6.98940677966102,7.0,999,6.99499499499499
467,532,6.98929336188437,7.0,999,6.99499499499499
461,537,6.98698481561822,7.0,998,6.9939879759519
468,530,6.98931623931624,7.0,998,6.99498997995992
468,531,6.99145299145299,7.0,999,6.995995995996
466,532,6.99570815450644,7.0,998,6.99799599198397
458,538,6.99563318777293,7.0,996,6.99799196787149
463,536,6.99568034557235,7.0,999,6.997997997998
462,536,6.995670995671,7.0,998,6.99799599198397
462,535,6.995670995671,7.0,997,6.99799398194584
464,533,6.99568965517241,7.0,997,6.99799398194584
458,541,6.99563318777293,7.0,999,6.997997997998
459,540,6.99564270152505,7.0,999,6.997997997998
472,526,6.99576271186441,7.0,998,6.99799599198397
475,523,6.99578947368421,7.0,998,6.99799599198397
482,517,6.99792531120332,7.0,999,6.998998998999
484,515,6.99586776859504,7.0,999,6.997997997998
478,521,6.99581589958159,7.0,999,6.997997997998
486,509,6.99794238683128,7.0,995,6.99899497487437
500,499,6.998,7.0,999,6.998998998999
500,499,6.998,7.0,999,6.998998998999
