forward_num,reverse_num,forward_rate,reverse_rate,organism_num,organism_rate
500,500,5.5,5.5,1000,5.5
495,494,5.49090909090909,5.46963562753036,989,5.48028311425683
493,490,5.48073022312373,5.4530612244898,983,5.46693794506612
542,457,6.03690036900369,5.41356673960613,999,5.75175175175175
577,421,6.11438474870017,5.43942992874109,998,5.82965931863727
613,386,6.36378466557912,5.37046632124352,999,5.97997997997998
639,360,6.46635367762128,5.425,999,6.09109109109109
650,349,6.52615384615385,5.44412607449857,999,6.14814814814815
675,323,6.58074074074074,5.38699690402477,998,6.19438877755511
673,326,6.69093610698366,5.32208588957055,999,6.24424424424424
659,340,6.7587253414264,5.38529411764706,999,6.29129129129129
695,304,6.60287769784173,5.32236842105263,999,6.21321321321321
672,326,6.63690476190476,5.79447852760736,998,6.36172344689379
690,309,6.73623188405797,5.83171521035599,999,6.45645645645646
696,302,6.83908045977012,5.94701986754967,998,6.56913827655311
721,277,6.81969486823856,5.95667870036101,998,6.58016032064128
700,299,6.84428571428571,6.19397993311037,999,6.64964964964965
695,304,6.90791366906475,6.26315789473684,999,6.71171171171171
710,289,7.0112676056338,6.07612456747405,999,6.74074074074074
710,288,7.0887323943662,6.20486111111111,998,6.83366733466934
707,292,7.2036775106082,6.26712328767123,999,6.92992992992993
713,285,7.10378681626928,6.24912280701754,998,6.85971943887776
715,282,7.04055944055944,6.3758865248227,997,6.85255767301906
733,266,7.13642564802183,6.41353383458647,999,6.94394394394394
738,259,7.18563685636856,6.35135135135135,997,6.96890672016048
745,254,7.17181208053691,6.45275590551181,999,6.98898898898899
737,260,7.24694708276798,6.40384615384615,997,7.02708124373119
760,238,7.325,6.46218487394958,998,7.11923847695391
762,237,7.36614173228346,6.49367088607595,999,7.15915915915916
758,238,7.34564643799472,6.58403361344538,996,7.1636546184739
761,237,7.39553219448095,6.65400843881857,998,7.21943887775551
763,236,7.37614678899083,6.69915254237288,999,7.21621621621622
771,228,7.39040207522698,6.71052631578947,999,7.23523523523524
780,218,7.48076923076923,6.78899082568807,998,7.32965931863727
792,207,7.56818181818182,6.72946859903382,999,7.39439439439439
793,205,7.66330390920555,6.76585365853659,998,7.47895791583166
795,204,7.59622641509434,6.8578431372549,999,7.44544544544545
799,200,7.63078848560701,6.825,999,7.46946946946947
817,181,7.61689106487148,6.69613259668508,998,7.4498997995992
818,181,7.64547677261614,6.76243093922652,999,7.48548548548549
814,184,7.67690417690418,6.78804347826087,998,7.51302605210421
818,181,7.71515892420538,6.87292817679558,999,7.56256256256256
823,175,7.72174969623329,6.94285714285714,998,7.58517034068136
828,171,7.72222222222222,6.95906432748538,999,7.59159159159159
824,175,7.75728155339806,6.98857142857143,999,7.62262262262262
820,179,7.79268292682927,7.10055865921788,999,7.66866866866867
823,176,7.82138517618469,7.125,999,7.6986986986987
823,174,7.82867557715674,7.13218390804598,997,7.70712136409228
817,179,7.88616891064872,7.12290502793296,996,7.74899598393574
820,177,7.93048780487805,7.17514124293785,997,7.79638916750251
829,168,7.96743063932449,7.17857142857143,997,7.83450351053159
832,167,7.94831730769231,7.34730538922156,999,7.84784784784785
823,176,7.99149453219927,7.21022727272727,999,7.85385385385385
828,171,8.01811594202899,7.25730994152047,999,7.88788788788789
824,175,8.03519417475728,7.18857142857143,999,7.88688688688689
831,168,8.03730445246691,7.22023809523809,999,7.8998998998999
842,157,8.06057007125891,7.29299363057325,999,7.93993993993994
844,154,8.07109004739337,7.3961038961039,998,7.96693386773547
843,155,8.11625148279952,7.49677419354839,998,8.02004008016032
852,147,8.15023474178404,7.44897959183673,999,8.04704704704705
862,136,8.1508120649652,7.41176470588235,998,8.0501002004008
868,128,8.14285714285714,7.46875,996,8.05622489959839
873,125,8.16609392898053,7.424,998,8.07314629258517
873,124,8.16494845360825,7.42741935483871,997,8.07321965897693
876,121,8.19406392694064,7.2396694214876,997,8.07823470411234
877,120,8.20410490307868,7.25,997,8.08926780341023
885,113,8.22598870056497,7.25663716814159,998,8.11623246492986
882,113,8.22448979591837,7.4070796460177,995,8.13165829145729
889,109,8.24971878515186,7.54128440366972,998,8.17234468937876
888,111,8.27927927927928,7.54954954954955,999,8.1981981981982
892,106,8.2847533632287,7.50943396226415,998,8.20240480961924
891,108,8.32098765432099,7.61111111111111,999,8.24424424424424
886,113,8.33182844243792,7.61946902654867,999,8.25125125125125
886,112,8.36907449209932,7.73214285714286,998,8.29759519038076
880,119,8.41477272727273,7.79831932773109,999,8.34134134134134
878,120,8.44305239179954,7.94166666666667,998,8.38276553106212
882,117,8.48299319727891,7.93162393162393,999,8.41841841841842
886,112,8.50677200902935,8.02678571428571,998,8.45290581162325
891,108,8.51515151515152,8.05555555555556,999,8.46546546546547
895,104,8.52067039106145,8.10576923076923,999,8.47747747747748
899,100,8.53058954393771,8.17,999,8.49449449449449
892,107,8.53587443946188,8.08411214953271,999,8.48748748748749
895,104,8.5608938547486,8.07692307692308,999,8.51051051051051
894,105,8.54586129753915,8.08571428571429,999,8.4974974974975
898,101,8.55011135857461,8.20792079207921,999,8.51551551551552
898,100,8.57795100222717,8.21,998,8.54108216432866
904,95,8.58296460176991,8.4,999,8.56556556556557
905,94,8.58232044198895,8.40425531914894,999,8.56556556556557
900,97,8.57111111111111,8.44329896907217,997,8.55867602808425
899,98,8.55728587319244,8.45918367346939,997,8.54764292878636
899,99,8.51501668520578,8.44444444444444,998,8.50801603206413
893,103,8.55095184770437,8.42718446601942,996,8.53815261044177
892,106,8.56726457399103,8.5,998,8.56012024048096
900,98,8.59444444444444,8.45918367346939,998,8.5811623246493
902,97,8.60532150776053,8.4020618556701,999,8.58558558558559
903,95,8.61461794019934,8.43157894736842,998,8.59719438877756
906,93,8.61258278145695,8.55913978494624,999,8.60760760760761
908,90,8.60242290748899,8.62222222222222,998,8.60420841683367
914,85,8.59080962800875,8.54117647058824,999,8.58658658658659
919,80,8.62350380848749,8.6,999,8.62162162162162
922,77,8.6236442516269,8.54545454545454,999,8.61761761761762
918,80,8.62418300653595,8.575,998,8.62024048096192
924,74,8.67532467532468,8.60810810810811,998,8.67034068136273
926,72,8.69330453563715,8.59722222222222,998,8.68637274549098
927,69,8.68824163969795,8.66666666666667,996,8.68674698795181
931,68,8.69817400644468,8.60294117647059,999,8.69169169169169
927,72,8.73462783171521,8.70833333333333,999,8.73273273273273
930,68,8.73655913978495,8.80882352941176,998,8.74148296593186
932,66,8.6824034334764,8.75757575757576,998,8.687374749499
933,65,8.73419078242229,8.8,998,8.73847695390782
937,62,8.73639274279616,8.80645161290323,999,8.74074074074074
935,64,8.73582887700535,8.921875,999,8.74774774774775
936,62,8.76282051282051,8.96774193548387,998,8.77555110220441
930,68,8.77741935483871,8.95588235294118,998,8.78957915831663
931,67,8.79484425349087,8.95522388059701,998,8.80561122244489
938,61,8.83155650319829,8.95081967213115,999,8.83883883883884
937,60,8.83564567769477,8.96666666666667,997,8.84353059177533
936,60,8.85149572649573,8.95,996,8.8574297188755
943,56,8.84941675503712,8.875,999,8.85085085085085
942,57,8.87473460721868,8.96491228070176,999,8.87987987987988
943,56,8.88441145281018,9.0,999,8.89089089089089
941,56,8.88310308182784,8.91071428571429,997,8.88465396188566
947,51,8.91341077085533,8.92156862745098,998,8.91382765531062
949,50,8.93993677555321,8.92,999,8.93893893893894
948,51,8.94725738396624,9.11764705882353,999,8.95595595595596
956,43,8.92154811715481,9.13953488372093,999,8.93093093093093
956,41,8.91945606694561,9.09756097560976,997,8.92678034102307
956,41,8.94037656903766,9.19512195121951,997,8.95085255767302
964,35,8.93983402489627,9.22857142857143,999,8.94994994994995
966,33,8.9472049689441,9.24242424242424,999,8.95695695695696
963,33,8.97092419522326,9.3030303030303,996,8.98192771084337
963,34,8.97403946002077,9.32352941176471,997,8.98595787362086
964,34,8.98029045643153,9.32352941176471,998,8.99198396793587
965,34,8.98652849740933,9.17647058823529,999,8.99299299299299
964,35,8.97717842323651,9.17142857142857,999,8.98398398398398
965,34,8.98756476683938,9.17647058823529,999,8.99399399399399
967,32,8.99896587383661,9.125,999,9.003003003003
967,32,9.00827300930714,9.125,999,9.01201201201201
972,27,8.99382716049383,9.0,999,8.99399399399399
970,28,8.99278350515464,8.92857142857143,998,8.99098196392786
969,29,8.97523219814241,9.0,998,8.97595190380762
968,30,8.98863636363636,9.0,998,8.98897795591182
968,30,8.99276859504132,9.06666666666667,998,8.99498997995992
974,24,9.00513347022587,9.08333333333333,998,9.00701402805611
975,24,9.00820512820513,9.08333333333333,999,9.01001001001001
975,23,9.0,9.04347826086956,998,9.00100200400802
978,20,8.98568507157464,8.95,998,8.98496993987976
979,19,8.99080694586313,9.47368421052632,998,9.0
980,18,8.98469387755102,9.44444444444444,998,8.99298597194389
979,20,8.97548518896834,9.45,999,8.98498498498498
978,21,8.97955010224949,9.47619047619048,999,8.98998998998999
980,19,8.95918367346939,9.47368421052632,999,8.96896896896897
979,18,8.9632277834525,9.22222222222222,997,8.9679037111334
980,19,8.98673469387755,9.26315789473684,999,8.99199199199199
982,17,9.0081466395112,9.23529411764706,999,9.01201201201201
983,16,9.02238046795524,9.1875,999,9.02502502502503
983,15,9.0233977619532,9.13333333333333,998,9.0250501002004
982,16,9.03054989816701,9.125,998,9.03206412825651
983,16,9.03560528992879,9.125,999,9.03703703703704
984,15,9.05792682926829,9.06666666666667,999,9.05805805805806
982,17,9.08757637474542,9.11764705882353,999,9.08808808808809
985,14,9.09644670050761,9.0,999,9.0950950950951
984,14,9.11890243902439,9.0,998,9.11723446893788
988,11,9.14068825910931,9.36363636363636,999,9.14314314314314
985,12,9.14416243654822,9.41666666666667,997,9.14744232698094
985,14,9.16243654822335,9.42857142857143,999,9.16616616616617
985,13,9.15939086294416,9.53846153846154,998,9.16432865731463
986,13,9.16227180527383,9.23076923076923,999,9.16316316316316
987,12,9.16210739614995,9.16666666666667,999,9.16216216216216
986,13,9.17647058823529,9.23076923076923,999,9.17717717717718
986,12,9.18458417849899,9.58333333333333,998,9.18937875751503
987,11,9.17021276595745,9.54545454545454,998,9.17434869739479
984,13,9.16361788617886,9.61538461538461,997,9.16950852557673
988,11,9.19736842105263,9.54545454545454,999,9.2012012012012
987,12,9.20668693009119,9.58333333333333,999,9.21121121121121
986,13,9.21399594320487,9.61538461538461,999,9.21921921921922
985,13,9.22741116751269,9.61538461538461,998,9.23246492985972
980,15,9.22857142857143,9.66666666666667,995,9.23517587939699
985,14,9.24467005076142,9.64285714285714,999,9.25025025025025
982,16,9.24745417515275,9.6875,998,9.25450901803607
984,15,9.25304878048781,9.66666666666667,999,9.25925925925926
985,13,9.28020304568528,9.61538461538461,998,9.28456913827655
984,15,9.29369918699187,9.66666666666667,999,9.2992992992993
985,13,9.29543147208122,9.61538461538461,998,9.29959919839679
983,14,9.27466937945066,9.64285714285714,997,9.27983951855567
986,13,9.26977687626775,9.61538461538461,999,9.27427427427427
990,9,9.27070707070707,9.44444444444444,999,9.27227227227227
991,8,9.26135216952573,10.0,999,9.26726726726727
990,8,9.26464646464646,10.0,998,9.27054108216433
990,9,9.27070707070707,10.0,999,9.27727727727728
990,7,9.27070707070707,10.0,997,9.27582748244734
992,7,9.26814516129032,10.0,999,9.27327327327327
992,7,9.26612903225806,10.0,999,9.27127127127127
991,7,9.29061553985873,10.0,998,9.29559118236473
991,7,9.26841574167508,10.0,998,9.27354709418838
992,6,9.29032258064516,10.0,998,9.29458917835671
992,6,9.30645161290323,10.0,998,9.31062124248497
992,7,9.30040322580645,10.0,999,9.30530530530531
991,7,9.31281533804238,10.0,998,9.31763527054108
991,7,9.30978809283552,10.0,998,9.31462925851703
989,7,9.32760364004045,10.0,996,9.33232931726908
990,9,9.33131313131313,10.0,999,9.33733733733734
988,10,9.35526315789474,10.0,998,9.36172344689379
990,7,9.36161616161616,10.0,997,9.36609829488465
988,10,9.36032388663968,10.0,998,9.36673346693387
989,10,9.35085945399393,10.0,999,9.35735735735736
986,11,9.35902636916836,10.0,997,9.36609829488465
986,12,9.34077079107505,10.0,998,9.34869739478958
987,12,9.34650455927052,10.0,999,9.35435435435435
985,14,9.35532994923858,10.0,999,9.36436436436436
984,14,9.34654471544715,10.0,998,9.35571142284569
982,14,9.32790224032587,10.0,996,9.33734939759036
982,14,9.33197556008147,10.0,996,9.34136546184739
985,13,9.33604060913706,10.0,998,9.34468937875751
984,14,9.35264227642277,10.0,998,9.36172344689379
985,13,9.36040609137056,10.0,998,9.3687374749499
985,14,9.3492385786802,10.0,999,9.35835835835836
985,13,9.35431472081218,10.0,998,9.3627254509018
985,13,9.35228426395939,10.0,998,9.36072144288577
984,14,9.36585365853658,10.0,998,9.374749498998
986,11,9.35496957403651,10.0,997,9.36208625877633
987,11,9.37284701114488,10.0,998,9.37975951903808
988,11,9.38259109311741,10.0,999,9.38938938938939
988,10,9.37246963562753,10.0,998,9.37875751503006
988,11,9.37955465587044,10.0,999,9.38638638638639
987,11,9.37993920972644,10.0,998,9.38677354709419
988,11,9.37651821862348,10.0,999,9.38338338338338
988,11,9.37854251012146,10.0,999,9.38538538538539
986,13,9.38640973630832,10.0,999,9.39439439439439
985,13,9.40203045685279,10.0,998,9.40981963927856
987,12,9.40020263424519,10.0,999,9.40740740740741
985,14,9.39593908629442,10.0,999,9.4044044044044
985,13,9.39796954314721,10.0,998,9.40581162324649
983,14,9.38351983723296,10.0,997,9.39217652958877
986,13,9.39655172413793,10.0,999,9.4044044044044
986,12,9.39249492900609,10.0,998,9.3997995991984
986,13,9.37221095334686,10.0,999,9.38038038038038
981,14,9.39857288481142,10.0,995,9.4070351758794
985,14,9.39695431472081,10.0,999,9.40540540540541
982,16,9.40427698574338,10.0,998,9.41382765531062
984,15,9.41260162601626,10.0,999,9.42142142142142
982,15,9.40224032586558,10.0,997,9.41123370110331
983,16,9.4059003051882,10.0,999,9.41541541541542
983,16,9.40895218718209,10.0,999,9.41841841841842
985,13,9.40507614213198,10.0,998,9.4128256513026
986,12,9.4158215010142,10.0,998,9.42284569138276
987,11,9.40425531914894,10.0,998,9.41082164328657
986,13,9.39959432048682,10.0,999,9.40740740740741
984,14,9.41158536585366,10.0,998,9.41983967935872
984,14,9.42378048780488,10.0,998,9.43186372745491
986,13,9.43002028397566,10.0,999,9.43743743743744
986,12,9.42596348884381,10.0,998,9.43286573146293
988,10,9.4412955465587,10.0,998,9.44689378757515
988,10,9.4504048582996,10.0,998,9.45591182364729
988,9,9.42914979757085,10.0,997,9.43430290872618
989,8,9.43073811931244,10.0,997,9.43530591775326
991,8,9.42280524722502,10.0,999,9.42742742742743
989,9,9.43882709807887,10.0,998,9.4438877755511
990,9,9.43737373737374,10.0,999,9.44244244244244
985,10,9.42741116751269,10.0,995,9.43316582914573
988,11,9.44028340080972,10.0,999,9.44644644644645
988,11,9.4504048582996,10.0,999,9.45645645645646
985,14,9.44365482233503,10.0,999,9.45145145145145
987,12,9.43465045592705,10.0,999,9.44144144144144
986,12,9.43711967545639,10.0,998,9.4438877755511
986,13,9.4340770791075,10.0,999,9.44144144144144
986,13,9.4421906693712,10.0,999,9.44944944944945
983,15,9.44252288911495,10.0,998,9.45090180360721
985,14,9.43654822335025,10.0,999,9.44444444444444
983,16,9.45269582909461,10.0,999,9.46146146146146
983,16,9.4557477110885,10.0,999,9.46446446446446
982,16,9.46232179226069,10.0,998,9.47094188376754
980,18,9.46224489795918,10.0,998,9.47194388777555
984,15,9.47154471544715,10.0,999,9.47947947947948
982,17,9.4806517311609,10.0,999,9.48948948948949
982,17,9.5010183299389,10.0,999,9.50950950950951
981,18,9.49847094801223,10.0,999,9.50750750750751
979,19,9.48723186925434,10.0,998,9.49699398797595
982,17,9.4979633401222,10.0,999,9.50650650650651
981,17,9.51274209989806,10.0,998,9.52104208416834
984,14,9.51524390243902,10.0,998,9.52204408817635
987,12,9.5258358662614,10.0,999,9.53153153153153
986,12,9.51521298174442,10.0,998,9.52104208416834
987,12,9.51469098277609,10.0,999,9.52052052052052
989,10,9.525783619818,10.0,999,9.53053053053053
988,11,9.51012145748988,10.0,999,9.51551551551552
988,11,9.51619433198381,10.0,999,9.52152152152152
988,11,9.54352226720648,10.0,999,9.54854854854855
985,13,9.53401015228426,10.0,998,9.54008016032064
984,13,9.54369918699187,10.0,997,9.54964894684052
985,14,9.54619289340101,10.0,999,9.55255255255255
984,14,9.54471544715447,10.0,998,9.55110220440882
984,13,9.54878048780488,10.0,997,9.55466399197593
985,14,9.55329949238579,10.0,999,9.55955955955956
985,14,9.55634517766497,10.0,999,9.56256256256256
983,14,9.5707019328586,10.0,997,9.57673019057171
981,15,9.56472986748216,10.0,996,9.57128514056225
981,16,9.56269113149847,10.0,997,9.56970912738215
983,16,9.55442522889115,10.0,999,9.56156156156156
984,15,9.54268292682927,10.0,999,9.54954954954955
983,13,9.55340793489318,10.0,996,9.55923694779116
986,13,9.5395537525355,10.0,999,9.54554554554555
984,15,9.54674796747967,10.0,999,9.55355355355355
986,13,9.53549695740365,10.0,999,9.54154154154154
984,12,9.53658536585366,10.0,996,9.54216867469879
987,12,9.52786220871327,10.0,999,9.53353353353353
987,11,9.52178318135765,10.0,998,9.52705410821643
987,12,9.53090172239108,10.0,999,9.53653653653654
987,12,9.52988855116515,10.0,999,9.53553553553554
988,11,9.53643724696356,10.0,999,9.54154154154154
986,13,9.5314401622718,10.0,999,9.53753753753754
988,11,9.52429149797571,10.0,999,9.52952952952953
988,11,9.53744939271255,10.0,999,9.54254254254254
988,11,9.54251012145749,10.0,999,9.54754754754755
987,12,9.54609929078014,10.0,999,9.55155155155155
987,11,9.55217831813576,10.0,998,9.55711422845691
989,10,9.54701718907988,10.0,999,9.55155155155155
989,10,9.55915065722952,10.0,999,9.56356356356356
988,10,9.58704453441296,10.0,998,9.59118236472946
988,11,9.57591093117409,10.0,999,9.58058058058058
988,10,9.58198380566802,10.0,998,9.58617234468938
990,9,9.57474747474748,10.0,999,9.57857857857858
990,9,9.58686868686869,10.0,999,9.59059059059059
991,8,9.58425832492432,10.0,999,9.58758758758759
991,8,9.57416750756811,10.0,999,9.57757757757758
991,8,9.57214934409687,10.0,999,9.57557557557558
992,6,9.57862903225806,10.0,998,9.5811623246493
995,4,9.57386934673367,10.0,999,9.57557557557558
993,6,9.57905337361531,10.0,999,9.58158158158158
993,6,9.56394763343404,10.0,999,9.56656656656657
991,7,9.56811301715439,10.0,998,9.57114228456914
992,7,9.57762096774194,10.0,999,9.58058058058058
990,8,9.57474747474748,10.0,998,9.57815631262525
988,9,9.57692307692308,10.0,997,9.58074222668004
992,7,9.57459677419355,10.0,999,9.57757757757758
989,9,9.58240647118301,10.0,998,9.58617234468938
989,9,9.58746208291203,10.0,998,9.59118236472946
991,8,9.5882946518668,10.0,999,9.59159159159159
992,7,9.59576612903226,10.0,999,9.5985985985986
991,7,9.5933400605449,10.0,998,9.59619238476954
992,7,9.59576612903226,10.0,999,9.5985985985986
993,6,9.59617321248741,10.0,999,9.5985985985986
992,5,9.58568548387097,10.0,997,9.58776328986961
992,5,9.5866935483871,10.0,997,9.58876629889669
994,5,9.57746478873239,10.0,999,9.57957957957958
993,5,9.56596173212487,10.0,998,9.56813627254509
994,3,9.57545271629779,10.0,997,9.57673019057171
997,2,9.56870611835507,10.0,999,9.56956956956957
993,2,9.58207452165156,10.0,995,9.58291457286432
997,2,9.59979939819458,10.0,999,9.6006006006006
997,2,9.60381143430291,10.0,999,9.6046046046046
995,3,9.62110552763819,10.0,998,9.62224448897796
995,2,9.62110552763819,10.0,997,9.62186559679037
996,3,9.62751004016064,10.0,999,9.62862862862863
995,4,9.62914572864322,10.0,999,9.63063063063063
996,3,9.62951807228916,10.0,999,9.63063063063063
993,5,9.62739174219537,10.0,998,9.62925851703407
992,5,9.62399193548387,10.0,997,9.6258776328987
994,5,9.6317907444668,10.0,999,9.63363363363363
989,7,9.64307381193124,10.0,996,9.64558232931727
990,6,9.64848484848485,10.0,996,9.65060240963855
991,6,9.64177598385469,10.0,997,9.64393179538616
992,6,9.63810483870968,10.0,998,9.64028056112224
993,6,9.64853977844914,10.0,999,9.65065065065065
992,6,9.63911290322581,10.0,998,9.64128256513026
994,5,9.64587525150905,10.0,999,9.64764764764765
993,6,9.65458207452165,10.0,999,9.65665665665666
992,6,9.65120967741935,10.0,998,9.65330661322645
991,6,9.6518668012109,10.0,997,9.65396188565697
993,5,9.65458207452165,10.0,998,9.6563126252505
993,5,9.65558912386707,10.0,998,9.65731462925852
991,6,9.65287588294652,10.0,997,9.65496489468405
993,5,9.6576032225579,10.0,998,9.65931863727455
993,5,9.65055387713998,10.0,998,9.65230460921844
994,5,9.66197183098592,10.0,999,9.66366366366366
994,5,9.65995975855131,10.0,999,9.66166166166166
993,5,9.65961732124874,10.0,998,9.66132264529058
992,5,9.65423387096774,10.0,997,9.65596790371113
993,6,9.64954682779456,10.0,999,9.65165165165165
993,6,9.65961732124874,10.0,999,9.66166166166166
992,6,9.65524193548387,10.0,998,9.65731462925852
991,7,9.65993945509586,10.0,998,9.6623246492986
990,8,9.66060606060606,10.0,998,9.66332665330661
990,8,9.67373737373737,10.0,998,9.67635270541082
990,7,9.67171717171717,10.0,997,9.6740220661986
992,7,9.67338709677419,10.0,999,9.67567567567568
993,6,9.67573011077543,10.0,999,9.67767767767768
993,6,9.67270896273917,10.0,999,9.67467467467467
990,7,9.68484848484849,10.0,997,9.68706118355065
992,7,9.68548387096774,10.0,999,9.68768768768769
992,7,9.69052419354839,10.0,999,9.69269269269269
992,7,9.6875,10.0,999,9.68968968968969
990,6,9.67575757575758,10.0,996,9.67771084337349
993,6,9.68177240684794,10.0,999,9.68368368368368
992,6,9.67842741935484,10.0,998,9.68036072144289
990,6,9.67878787878788,10.0,996,9.68072289156627
992,6,9.67842741935484,10.0,998,9.68036072144289
994,5,9.67203219315895,10.0,999,9.67367367367367
991,5,9.67204843592331,10.0,996,9.67369477911647
994,5,9.6569416498994,10.0,999,9.65865865865866
993,5,9.66263846928499,10.0,998,9.66432865731463
993,5,9.67170191339376,10.0,998,9.67334669338677
995,4,9.68442211055276,10.0,999,9.68568568568569
995,2,9.68844221105528,10.0,997,9.68906720160481
997,1,9.68605817452357,10.0,998,9.68637274549098
997,1,9.69207622868606,10.0,998,9.69238476953908
998,1,9.69238476953908,10.0,999,9.69269269269269
997,1,9.70712136409228,10.0,998,9.70741482965932
998,1,9.70541082164329,10.0,999,9.70570570570571
998,0,9.7064128256513,NaN,998,9.7064128256513
999,0,9.7017017017017,NaN,999,9.7017017017017
997,0,9.70310932798395,NaN,997,9.70310932798395
998,0,9.69138276553106,NaN,998,9.69138276553106
999,0,9.69469469469469,NaN,999,9.69469469469469
999,0,9.68868868868869,NaN,999,9.68868868868869
999,0,9.68368368368368,NaN,999,9.68368368368368
999,0,9.67567567567568,NaN,999,9.67567567567568
998,0,9.67935871743487,NaN,998,9.67935871743487
999,0,9.68468468468468,NaN,999,9.68468468468468
999,0,9.67967967967968,NaN,999,9.67967967967968
999,0,9.67467467467467,NaN,999,9.67467467467467
998,0,9.67635270541082,NaN,998,9.67635270541082
999,0,9.66666666666667,NaN,999,9.66666666666667
997,0,9.67301905717151,NaN,997,9.67301905717151
997,0,9.67803410230692,NaN,997,9.67803410230692
999,0,9.68468468468468,NaN,999,9.68468468468468
999,0,9.68568568568569,NaN,999,9.68568568568569
998,0,9.68637274549098,NaN,998,9.68637274549098
998,0,9.68937875751503,NaN,998,9.68937875751503
999,0,9.68768768768769,NaN,999,9.68768768768769
998,0,9.70140280561122,NaN,998,9.70140280561122
998,0,9.69639278557114,NaN,998,9.69639278557114
998,0,9.70440881763527,NaN,998,9.70440881763527
998,0,9.69839679358717,NaN,998,9.69839679358717
999,0,9.6986986986987,NaN,999,9.6986986986987
998,0,9.70240480961924,NaN,998,9.70240480961924
998,0,9.70741482965932,NaN,998,9.70741482965932
998,0,9.72144288577154,NaN,998,9.72144288577154
999,0,9.71571571571572,NaN,999,9.71571571571572
999,0,9.70970970970971,NaN,999,9.70970970970971
997,0,9.70210631895687,NaN,997,9.70210631895687
999,0,9.7007007007007,NaN,999,9.7007007007007
999,0,9.7017017017017,NaN,999,9.7017017017017
999,0,9.7037037037037,NaN,999,9.7037037037037
998,0,9.70140280561122,NaN,998,9.70140280561122
999,0,9.7047047047047,NaN,999,9.7047047047047
997,0,9.69709127382146,NaN,997,9.69709127382146
999,0,9.68868868868869,NaN,999,9.68868868868869
999,0,9.68468468468468,NaN,999,9.68468468468468
999,0,9.68468468468468,NaN,999,9.68468468468468
998,0,9.69138276553106,NaN,998,9.69138276553106
999,0,9.6976976976977,NaN,999,9.6976976976977
998,0,9.70140280561122,NaN,998,9.70140280561122
998,0,9.70040080160321,NaN,998,9.70040080160321
998,0,9.71442885771543,NaN,998,9.71442885771543
999,0,9.70870870870871,NaN,999,9.70870870870871
999,0,9.70870870870871,NaN,999,9.70870870870871
999,0,9.72072072072072,NaN,999,9.72072072072072
999,0,9.72272272272272,NaN,999,9.72272272272272
998,0,9.73547094188377,NaN,998,9.73547094188377
998,0,9.72845691382765,NaN,998,9.72845691382765
998,0,9.7374749498998,NaN,998,9.7374749498998
999,0,9.72972972972973,NaN,999,9.72972972972973
998,0,9.73246492985972,NaN,998,9.73246492985972
999,0,9.73773773773774,NaN,999,9.73773773773774
999,0,9.74474474474474,NaN,999,9.74474474474474
999,0,9.74274274274274,NaN,999,9.74274274274274
996,0,9.73795180722892,NaN,996,9.73795180722892
999,0,9.73173173173173,NaN,999,9.73173173173173
998,0,9.72444889779559,NaN,998,9.72444889779559
999,0,9.72972972972973,NaN,999,9.72972972972973
998,0,9.72444889779559,NaN,998,9.72444889779559
998,0,9.72645290581162,NaN,998,9.72645290581162
999,0,9.73373373373373,NaN,999,9.73373373373373
999,0,9.72072072072072,NaN,999,9.72072072072072
996,0,9.73895582329317,NaN,996,9.73895582329317
998,0,9.73346693386774,NaN,998,9.73346693386774
999,0,9.74474474474474,NaN,999,9.74474474474474
997,0,9.74924774322969,NaN,997,9.74924774322969
998,0,9.74649298597194,NaN,998,9.74649298597194
999,0,9.74674674674675,NaN,999,9.74674674674675
999,0,9.74974974974975,NaN,999,9.74974974974975
999,0,9.75175175175175,NaN,999,9.75175175175175
998,0,9.75150300601202,NaN,998,9.75150300601202
998,0,9.7625250501002,NaN,998,9.7625250501002
999,0,9.76176176176176,NaN,999,9.76176176176176
995,0,9.76984924623116,NaN,995,9.76984924623116
998,0,9.77154308617235,NaN,998,9.77154308617235
998,0,9.77454909819639,NaN,998,9.77454909819639
999,0,9.77877877877878,NaN,999,9.77877877877878
998,0,9.77454909819639,NaN,998,9.77454909819639
999,0,9.77677677677678,NaN,999,9.77677677677678
999,0,9.76676676676677,NaN,999,9.76676676676677
999,0,9.77977977977978,NaN,999,9.77977977977978
999,0,9.77877877877878,NaN,999,9.77877877877878
999,0,9.77677677677678,NaN,999,9.77677677677678
998,0,9.78256513026052,NaN,998,9.78256513026052
999,0,9.77577577577578,NaN,999,9.77577577577578
999,0,9.78478478478478,NaN,999,9.78478478478478
998,0,9.78256513026052,NaN,998,9.78256513026052
998,0,9.78657314629259,NaN,998,9.78657314629259
998,0,9.78657314629259,NaN,998,9.78657314629259
997,0,9.78234704112337,NaN,997,9.78234704112337
999,0,9.77777777777778,NaN,999,9.77777777777778
998,0,9.77855711422846,NaN,998,9.77855711422846
997,0,9.77733199598796,NaN,997,9.77733199598796
999,0,9.78678678678679,NaN,999,9.78678678678679
997,0,9.78234704112337,NaN,997,9.78234704112337
998,0,9.7935871743487,NaN,998,9.7935871743487
999,0,9.79379379379379,NaN,999,9.79379379379379
999,0,9.79279279279279,NaN,999,9.79279279279279
997,0,9.79438314944835,NaN,997,9.79438314944835
999,0,9.78678678678679,NaN,999,9.78678678678679
996,0,9.785140562249,NaN,996,9.785140562249
999,0,9.78278278278278,NaN,999,9.78278278278278
999,0,9.78678678678679,NaN,999,9.78678678678679
998,0,9.79559118236473,NaN,998,9.79559118236473
998,0,9.7935871743487,NaN,998,9.7935871743487
999,0,9.8018018018018,NaN,999,9.8018018018018
998,0,9.80761523046092,NaN,998,9.80761523046092
998,0,9.81663326653307,NaN,998,9.81663326653307
998,0,9.81062124248497,NaN,998,9.81062124248497
996,0,9.80522088353414,NaN,996,9.80522088353414
998,0,9.81462925851703,NaN,998,9.81462925851703
999,0,9.80980980980981,NaN,999,9.80980980980981
999,0,9.81681681681682,NaN,999,9.81681681681682
997,0,9.80842527582748,NaN,997,9.80842527582748
999,0,9.8048048048048,NaN,999,9.8048048048048
999,0,9.80680680680681,NaN,999,9.80680680680681
999,0,9.81081081081081,NaN,999,9.81081081081081
999,0,9.81581581581582,NaN,999,9.81581581581582
999,0,9.81581581581582,NaN,999,9.81581581581582
999,0,9.81781781781782,NaN,999,9.81781781781782
999,0,9.82182182182182,NaN,999,9.82182182182182
999,0,9.82882882882883,NaN,999,9.82882882882883
999,0,9.82482482482482,NaN,999,9.82482482482482
999,0,9.82182182182182,NaN,999,9.82182182182182
999,0,9.82082082082082,NaN,999,9.82082082082082
998,0,9.8186372745491,NaN,998,9.8186372745491
999,0,9.80880880880881,NaN,999,9.80880880880881
998,0,9.80761523046092,NaN,998,9.80761523046092
996,0,9.80421686746988,NaN,996,9.80421686746988
998,0,9.79759519038076,NaN,998,9.79759519038076
999,0,9.81281281281281,NaN,999,9.81281281281281
999,0,9.81481481481481,NaN,999,9.81481481481481
999,0,9.81481481481481,NaN,999,9.81481481481481
997,0,9.81544633901705,NaN,997,9.81544633901705
999,0,9.81181181181181,NaN,999,9.81181181181181
999,0,9.81181181181181,NaN,999,9.81181181181181
997,0,9.81243731193581,NaN,997,9.81243731193581
999,0,9.81581581581582,NaN,999,9.81581581581582
998,0,9.81663326653307,NaN,998,9.81663326653307
999,0,9.81281281281281,NaN,999,9.81281281281281
996,0,9.81325301204819,NaN,996,9.81325301204819
999,0,9.81581581581582,NaN,999,9.81581581581582
998,0,9.81563126252505,NaN,998,9.81563126252505
999,0,9.81681681681682,NaN,999,9.81681681681682
997,0,9.81344032096289,NaN,997,9.81344032096289
999,0,9.81281281281281,NaN,999,9.81281281281281
999,0,9.81381381381381,NaN,999,9.81381381381381
998,0,9.81062124248497,NaN,998,9.81062124248497
998,0,9.81062124248497,NaN,998,9.81062124248497
998,0,9.81162324649299,NaN,998,9.81162324649299
998,0,9.80961923847695,NaN,998,9.80961923847695
998,0,9.80961923847695,NaN,998,9.80961923847695
997,0,9.81043129388165,NaN,997,9.81043129388165
999,0,9.80780780780781,NaN,999,9.80780780780781
999,0,9.80780780780781,NaN,999,9.80780780780781
999,0,9.80780780780781,NaN,999,9.80780780780781
999,0,9.80580580580581,NaN,999,9.80580580580581
998,0,9.80661322645291,NaN,998,9.80661322645291
999,0,9.81281281281281,NaN,999,9.81281281281281
997,0,9.81444332998997,NaN,997,9.81444332998997
997,0,9.8234704112337,NaN,997,9.8234704112337
999,0,9.83683683683684,NaN,999,9.83683683683684
999,0,9.84484484484484,NaN,999,9.84484484484484
998,0,9.85170340681363,NaN,998,9.85170340681363
998,0,9.85671342685371,NaN,998,9.85671342685371
998,0,9.85871743486974,NaN,998,9.85871743486974
998,0,9.8627254509018,NaN,998,9.8627254509018
999,0,9.86386386386386,NaN,999,9.86386386386386
999,0,9.86386386386386,NaN,999,9.86386386386386
998,0,9.86673346693387,NaN,998,9.86673346693387
997,0,9.86860581745236,NaN,997,9.86860581745236
999,0,9.87187187187187,NaN,999,9.87187187187187
998,0,9.86673346693387,NaN,998,9.86673346693387
999,0,9.87387387387387,NaN,999,9.87387387387387
997,0,9.86559679037111,NaN,997,9.86559679037111
998,0,9.86372745490982,NaN,998,9.86372745490982
999,0,9.86286286286286,NaN,999,9.86286286286286
998,0,9.87074148296593,NaN,998,9.87074148296593
999,0,9.86786786786787,NaN,999,9.86786786786787
999,0,9.87187187187187,NaN,999,9.87187187187187
998,0,9.87274549098196,NaN,998,9.87274549098196
998,0,9.87174348697395,NaN,998,9.87174348697395
996,0,9.87349397590361,NaN,996,9.87349397590361
999,0,9.88188188188188,NaN,999,9.88188188188188
998,0,9.874749498998,NaN,998,9.874749498998
998,0,9.87775551102204,NaN,998,9.87775551102204
999,0,9.87087087087087,NaN,999,9.87087087087087
999,0,9.86786786786787,NaN,999,9.86786786786787
999,0,9.87187187187187,NaN,999,9.87187187187187
998,0,9.86472945891784,NaN,998,9.86472945891784
998,0,9.86472945891784,NaN,998,9.86472945891784
999,0,9.87187187187187,NaN,999,9.87187187187187
998,0,9.86773547094188,NaN,998,9.86773547094188
997,0,9.86659979939819,NaN,997,9.86659979939819
998,0,9.86372745490982,NaN,998,9.86372745490982
999,0,9.86086086086086,NaN,999,9.86086086086086
998,0,9.86072144288577,NaN,998,9.86072144288577
998,0,9.85971943887776,NaN,998,9.85971943887776
999,0,9.86086086086086,NaN,999,9.86086086086086
998,0,9.86072144288577,NaN,998,9.86072144288577
998,0,9.85470941883768,NaN,998,9.85470941883768
996,0,9.8574297188755,NaN,996,9.8574297188755
996,0,9.8574297188755,NaN,996,9.8574297188755
999,0,9.85585585585586,NaN,999,9.85585585585586
999,0,9.85385385385385,NaN,999,9.85385385385385
997,0,9.85857572718155,NaN,997,9.85857572718155
999,0,9.86086086086086,NaN,999,9.86086086086086
999,0,9.85685685685686,NaN,999,9.85685685685686
997,0,9.85255767301906,NaN,997,9.85255767301906
998,0,9.85070140280561,NaN,998,9.85070140280561
999,0,9.84584584584585,NaN,999,9.84584584584585
998,0,9.83567134268537,NaN,998,9.83567134268537
998,0,9.83867735470942,NaN,998,9.83867735470942
998,0,9.83066132264529,NaN,998,9.83066132264529
999,0,9.82582582582583,NaN,999,9.82582582582583
999,0,9.82582582582583,NaN,999,9.82582582582583
997,0,9.83149448345035,NaN,997,9.83149448345035
998,0,9.83366733466934,NaN,998,9.83366733466934
999,0,9.83383383383383,NaN,999,9.83383383383383
999,0,9.83683683683684,NaN,999,9.83683683683684
999,0,9.83383383383383,NaN,999,9.83383383383383
999,0,9.83183183183183,NaN,999,9.83183183183183
998,0,9.83266533066132,NaN,998,9.83266533066132
999,0,9.83383383383383,NaN,999,9.83383383383383
996,0,9.83534136546185,NaN,996,9.83534136546185
998,0,9.83166332665331,NaN,998,9.83166332665331
998,0,9.83567134268537,NaN,998,9.83567134268537
998,0,9.83567134268537,NaN,998,9.83567134268537
999,0,9.83883883883884,NaN,999,9.83883883883884
998,0,9.83967935871743,NaN,998,9.83967935871743
998,0,9.84569138276553,NaN,998,9.84569138276553
998,0,9.84168336673347,NaN,998,9.84168336673347
996,0,9.83835341365462,NaN,996,9.83835341365462
998,0,9.84769539078156,NaN,998,9.84769539078156
998,0,9.84669338677355,NaN,998,9.84669338677355
999,0,9.84484484484484,NaN,999,9.84484484484484
998,0,9.85971943887776,NaN,998,9.85971943887776
999,0,9.85185185185185,NaN,999,9.85185185185185
996,0,9.84839357429719,NaN,996,9.84839357429719
998,0,9.85170340681363,NaN,998,9.85170340681363
998,0,9.83967935871743,NaN,998,9.83967935871743
995,0,9.84824120603015,NaN,995,9.84824120603015
997,0,9.84653961885657,NaN,997,9.84653961885657
998,0,9.8436873747495,NaN,998,9.8436873747495
999,0,9.84884884884885,NaN,999,9.84884884884885
998,0,9.85470941883768,NaN,998,9.85470941883768
998,0,9.8496993987976,NaN,998,9.8496993987976
998,0,9.85370741482966,NaN,998,9.85370741482966
996,0,9.8504016064257,NaN,996,9.8504016064257
999,0,9.85185185185185,NaN,999,9.85185185185185
999,0,9.84784784784785,NaN,999,9.84784784784785
999,0,9.85085085085085,NaN,999,9.85085085085085
998,0,9.85270541082164,NaN,998,9.85270541082164
999,0,9.85385385385385,NaN,999,9.85385385385385
998,0,9.85771543086172,NaN,998,9.85771543086172
999,0,9.86286286286286,NaN,999,9.86286286286286
999,0,9.85685685685686,NaN,999,9.85685685685686
998,0,9.86072144288577,NaN,998,9.86072144288577
999,0,9.85985985985986,NaN,999,9.85985985985986
999,0,9.85585585585586,NaN,999,9.85585585585586
999,0,9.85085085085085,NaN,999,9.85085085085085
998,0,9.85470941883768,NaN,998,9.85470941883768
998,0,9.85470941883768,NaN,998,9.85470941883768
999,0,9.85885885885886,NaN,999,9.85885885885886
998,0,9.85470941883768,NaN,998,9.85470941883768
999,0,9.85185185185185,NaN,999,9.85185185185185
997,0,9.86058174523571,NaN,997,9.86058174523571
997,0,9.85757271815446,NaN,997,9.85757271815446
998,0,9.8627254509018,NaN,998,9.8627254509018
996,0,9.86546184738956,NaN,996,9.86546184738956
997,0,9.86659979939819,NaN,997,9.86659979939819
997,0,9.87061183550652,NaN,997,9.87061183550652
997,0,9.86960882647944,NaN,997,9.86960882647944
997,0,9.87863590772317,NaN,997,9.87863590772317
999,0,9.87687687687688,NaN,999,9.87687687687688
999,0,9.87987987987988,NaN,999,9.87987987987988
998,0,9.87875751503006,NaN,998,9.87875751503006
997,0,9.87662988966901,NaN,997,9.87662988966901
998,0,9.87875751503006,NaN,998,9.87875751503006
999,0,9.87987987987988,NaN,999,9.87987987987988
998,0,9.88577154308617,NaN,998,9.88577154308617
999,0,9.88588588588589,NaN,999,9.88588588588589
999,0,9.88388388388388,NaN,999,9.88388388388388
998,0,9.88076152304609,NaN,998,9.88076152304609
998,0,9.88577154308617,NaN,998,9.88577154308617
999,0,9.88088088088088,NaN,999,9.88088088088088
998,0,9.88476953907816,NaN,998,9.88476953907816
997,0,9.87863590772317,NaN,997,9.87863590772317
999,0,9.87687687687688,NaN,999,9.87687687687688
999,0,9.87287287287287,NaN,999,9.87287287287287
999,0,9.86886886886887,NaN,999,9.86886886886887
998,0,9.86973947895792,NaN,998,9.86973947895792
999,0,9.87387387387387,NaN,999,9.87387387387387
998,0,9.87174348697395,NaN,998,9.87174348697395
999,0,9.86686686686687,NaN,999,9.86686686686687
999,0,9.86286286286286,NaN,999,9.86286286286286
999,0,9.86486486486486,NaN,999,9.86486486486486
998,0,9.86773547094188,NaN,998,9.86773547094188
998,0,9.86673346693387,NaN,998,9.86673346693387
999,0,9.86286286286286,NaN,999,9.86286286286286
998,0,9.86172344689379,NaN,998,9.86172344689379
998,0,9.8627254509018,NaN,998,9.8627254509018
999,0,9.85885885885886,NaN,999,9.85885885885886
999,0,9.86286286286286,NaN,999,9.86286286286286
999,0,9.86486486486486,NaN,999,9.86486486486486
998,0,9.86773547094188,NaN,998,9.86773547094188
999,0,9.87587587587588,NaN,999,9.87587587587588
999,0,9.86686686686687,NaN,999,9.86686686686687
998,0,9.87074148296593,NaN,998,9.87074148296593
997,0,9.87462387161484,NaN,997,9.87462387161484
998,0,9.87374749498998,NaN,998,9.87374749498998
999,0,9.87287287287287,NaN,999,9.87287287287287
999,0,9.87487487487487,NaN,999,9.87487487487487
999,0,9.87687687687688,NaN,999,9.87687687687688
996,0,9.87449799196787,NaN,996,9.87449799196787
998,0,9.87274549098196,NaN,998,9.87274549098196
996,0,9.87951807228916,NaN,996,9.87951807228916
999,0,9.87787787787788,NaN,999,9.87787787787788
998,0,9.88076152304609,NaN,998,9.88076152304609
999,0,9.88088088088088,NaN,999,9.88088088088088
998,0,9.87675350701403,NaN,998,9.87675350701403
999,0,9.87387387387387,NaN,999,9.87387387387387
998,0,9.86773547094188,NaN,998,9.86773547094188
999,0,9.86186186186186,NaN,999,9.86186186186186
998,0,9.86072144288577,NaN,998,9.86072144288577
999,0,9.85085085085085,NaN,999,9.85085085085085
999,0,9.86186186186186,NaN,999,9.86186186186186
997,0,9.86258776328987,NaN,997,9.86258776328987
998,0,9.85971943887776,NaN,998,9.85971943887776
999,0,9.86686686686687,NaN,999,9.86686686686687
999,0,9.85885885885886,NaN,999,9.85885885885886
999,0,9.86086086086086,NaN,999,9.86086086086086
999,0,9.86386386386386,NaN,999,9.86386386386386
997,0,9.86760280842528,NaN,997,9.86760280842528
998,0,9.87074148296593,NaN,998,9.87074148296593
999,0,9.87687687687688,NaN,999,9.87687687687688
998,0,9.88176352705411,NaN,998,9.88176352705411
997,0,9.87763289869609,NaN,997,9.87763289869609
997,0,9.87863590772317,NaN,997,9.87863590772317
997,0,9.87462387161484,NaN,997,9.87462387161484
998,0,9.88076152304609,NaN,998,9.88076152304609
998,0,9.88176352705411,NaN,998,9.88176352705411
998,0,9.87975951903808,NaN,998,9.87975951903808
998,0,9.88276553106212,NaN,998,9.88276553106212
999,0,9.88488488488488,NaN,999,9.88488488488488
998,0,9.88777555110221,NaN,998,9.88777555110221
997,0,9.88064192577733,NaN,997,9.88064192577733
999,0,9.88388388388388,NaN,999,9.88388388388388
998,0,9.88577154308617,NaN,998,9.88577154308617
999,0,9.88188188188188,NaN,999,9.88188188188188
999,0,9.87987987987988,NaN,999,9.87987987987988
999,0,9.8958958958959,NaN,999,9.8958958958959
998,0,9.90080160320641,NaN,998,9.90080160320641
997,0,9.89669007021063,NaN,997,9.89669007021063
999,0,9.8978978978979,NaN,999,9.8978978978979
999,0,9.89289289289289,NaN,999,9.89289289289289
997,0,9.89468405215647,NaN,997,9.89468405215647
999,0,9.89289289289289,NaN,999,9.89289289289289
997,0,9.89167502507523,NaN,997,9.89167502507523
999,0,9.8978978978979,NaN,999,9.8978978978979
999,0,9.8998998998999,NaN,999,9.8998998998999
999,0,9.9009009009009,NaN,999,9.9009009009009
998,0,9.89779559118236,NaN,998,9.89779559118236
999,0,9.9009009009009,NaN,999,9.9009009009009
999,0,9.8998998998999,NaN,999,9.8998998998999
999,0,9.9029029029029,NaN,999,9.9029029029029
998,0,9.90781563126252,NaN,998,9.90781563126252
997,0,9.90672016048144,NaN,997,9.90672016048144
999,0,9.90990990990991,NaN,999,9.90990990990991
998,0,9.90981963927856,NaN,998,9.90981963927856
998,0,9.91482965931864,NaN,998,9.91482965931864
997,0,9.90972918756269,NaN,997,9.90972918756269
997,0,9.90972918756269,NaN,997,9.90972918756269
999,0,9.91091091091091,NaN,999,9.91091091091091
997,0,9.91474423269809,NaN,997,9.91474423269809
999,0,9.91291291291291,NaN,999,9.91291291291291
999,0,9.91291291291291,NaN,999,9.91291291291291
999,0,9.91891891891892,NaN,999,9.91891891891892
998,0,9.91382765531062,NaN,998,9.91382765531062
998,0,9.92284569138276,NaN,998,9.92284569138276
999,0,9.92292292292292,NaN,999,9.92292292292292
999,0,9.92292292292292,NaN,999,9.92292292292292
998,0,9.92084168336673,NaN,998,9.92084168336673
998,0,9.92084168336673,NaN,998,9.92084168336673
998,0,9.92284569138276,NaN,998,9.92284569138276
999,0,9.91891891891892,NaN,999,9.91891891891892
999,0,9.91991991991992,NaN,999,9.91991991991992
997,0,9.92076228686058,NaN,997,9.92076228686058
997,0,9.9197592778335,NaN,997,9.9197592778335
999,0,9.91991991991992,NaN,999,9.91991991991992
999,0,9.91591591591592,NaN,999,9.91591591591592
997,0,9.91675025075226,NaN,997,9.91675025075226
999,0,9.91591591591592,NaN,999,9.91591591591592
996,0,9.9136546184739,NaN,996,9.9136546184739
999,0,9.91491491491491,NaN,999,9.91491491491491
999,0,9.91191191191191,NaN,999,9.91191191191191
998,0,9.91082164328657,NaN,998,9.91082164328657
999,0,9.90590590590591,NaN,999,9.90590590590591
997,0,9.90972918756269,NaN,997,9.90972918756269
997,0,9.91574724172518,NaN,997,9.91574724172518
998,0,9.91983967935872,NaN,998,9.91983967935872
998,0,9.92184368737475,NaN,998,9.92184368737475
999,0,9.92092092092092,NaN,999,9.92092092092092
998,0,9.9248496993988,NaN,998,9.9248496993988
999,0,9.92492492492492,NaN,999,9.92492492492492
999,0,9.92492492492492,NaN,999,9.92492492492492
999,0,9.92292292292292,NaN,999,9.92292292292292
999,0,9.92392392392392,NaN,999,9.92392392392392
999,0,9.92992992992993,NaN,999,9.92992992992993
999,0,9.92292292292292,NaN,999,9.92292292292292
999,0,9.92692692692693,NaN,999,9.92692692692693
998,0,9.92184368737475,NaN,998,9.92184368737475
998,0,9.9188376753507,NaN,998,9.9188376753507
998,0,9.91783567134268,NaN,998,9.91783567134268
999,0,9.91891891891892,NaN,999,9.91891891891892
997,0,9.91875626880642,NaN,997,9.91875626880642
997,0,9.91073219658977,NaN,997,9.91073219658977
998,0,9.91583166332665,NaN,998,9.91583166332665
999,0,9.91391391391391,NaN,999,9.91391391391391
998,0,9.91482965931864,NaN,998,9.91482965931864
998,0,9.91482965931864,NaN,998,9.91482965931864
999,0,9.91091091091091,NaN,999,9.91091091091091
999,0,9.91491491491491,NaN,999,9.91491491491491
999,0,9.91091091091091,NaN,999,9.91091091091091
997,0,9.91273821464393,NaN,997,9.91273821464393
997,0,9.91374122367101,NaN,997,9.91374122367101
997,0,9.92076228686058,NaN,997,9.92076228686058
999,0,9.92792792792793,NaN,999,9.92792792792793
998,0,9.92885771543086,NaN,998,9.92885771543086
998,0,9.93687374749499,NaN,998,9.93687374749499
999,0,9.93493493493493,NaN,999,9.93493493493493
996,0,9.93373493975904,NaN,996,9.93373493975904
998,0,9.93186372745491,NaN,998,9.93186372745491
998,0,9.92785571142285,NaN,998,9.92785571142285
997,0,9.93279839518556,NaN,997,9.93279839518556
999,0,9.93293293293293,NaN,999,9.93293293293293
998,0,9.93086172344689,NaN,998,9.93086172344689
998,0,9.92384769539078,NaN,998,9.92384769539078
998,0,9.92885771543086,NaN,998,9.92885771543086
999,0,9.92892892892893,NaN,999,9.92892892892893
998,0,9.93086172344689,NaN,998,9.93086172344689
997,0,9.93279839518556,NaN,997,9.93279839518556
999,0,9.93393393393393,NaN,999,9.93393393393393
997,0,9.9358074222668,NaN,997,9.9358074222668
999,0,9.94094094094094,NaN,999,9.94094094094094
999,0,9.94194194194194,NaN,999,9.94194194194194
999,0,9.94294294294294,NaN,999,9.94294294294294
998,0,9.94188376753507,NaN,998,9.94188376753507
999,0,9.94394394394394,NaN,999,9.94394394394394
998,0,9.9438877755511,NaN,998,9.9438877755511
998,0,9.94188376753507,NaN,998,9.94188376753507
998,0,9.94689378757515,NaN,998,9.94689378757515
998,0,9.94589178356713,NaN,998,9.94589178356713
999,0,9.94594594594595,NaN,999,9.94594594594595
999,0,9.94294294294294,NaN,999,9.94294294294294
998,0,9.93787575150301,NaN,998,9.93787575150301
999,0,9.94094094094094,NaN,999,9.94094094094094
999,0,9.94094094094094,NaN,999,9.94094094094094
999,0,9.93993993993994,NaN,999,9.93993993993994
999,0,9.93693693693694,NaN,999,9.93693693693694
999,0,9.93193193193193,NaN,999,9.93193193193193
998,0,9.92985971943888,NaN,998,9.92985971943888
998,0,9.92585170340681,NaN,998,9.92585170340681
998,0,9.92685370741483,NaN,998,9.92685370741483
999,0,9.92692692692693,NaN,999,9.92692692692693
998,0,9.92284569138276,NaN,998,9.92284569138276
999,0,9.92392392392392,NaN,999,9.92392392392392
999,0,9.92292292292292,NaN,999,9.92292292292292
999,0,9.92592592592593,NaN,999,9.92592592592593
998,0,9.92184368737475,NaN,998,9.92184368737475
998,0,9.92284569138276,NaN,998,9.92284569138276
999,0,9.91991991991992,NaN,999,9.91991991991992
998,0,9.92084168336673,NaN,998,9.92084168336673
998,0,9.91783567134268,NaN,998,9.91783567134268
996,0,9.9136546184739,NaN,996,9.9136546184739
999,0,9.91791791791792,NaN,999,9.91791791791792
998,0,9.91683366733467,NaN,998,9.91683366733467
999,0,9.92192192192192,NaN,999,9.92192192192192
999,0,9.92492492492492,NaN,999,9.92492492492492
999,0,9.92492492492492,NaN,999,9.92492492492492
999,0,9.92392392392392,NaN,999,9.92392392392392
999,0,9.92592592592593,NaN,999,9.92592592592593
998,0,9.92985971943888,NaN,998,9.92985971943888
999,0,9.92792792792793,NaN,999,9.92792792792793
998,0,9.92785571142285,NaN,998,9.92785571142285
999,0,9.93093093093093,NaN,999,9.93093093093093
999,0,9.92892892892893,NaN,999,9.92892892892893
998,0,9.93186372745491,NaN,998,9.93186372745491
998,0,9.92985971943888,NaN,998,9.92985971943888
996,0,9.92871485943775,NaN,996,9.92871485943775
996,0,9.92771084337349,NaN,996,9.92771084337349
998,0,9.92585170340681,NaN,998,9.92585170340681
998,0,9.92585170340681,NaN,998,9.92585170340681
999,0,9.92792792792793,NaN,999,9.92792792792793
997,0,9.93079237713139,NaN,997,9.93079237713139
999,0,9.93393393393393,NaN,999,9.93393393393393
999,0,9.93293293293293,NaN,999,9.93293293293293
999,0,9.93793793793794,NaN,999,9.93793793793794
999,0,9.93493493493493,NaN,999,9.93493493493493
999,0,9.93493493493493,NaN,999,9.93493493493493
998,0,9.93787575150301,NaN,998,9.93787575150301
996,0,9.93574297188755,NaN,996,9.93574297188755
998,0,9.93386773547094,NaN,998,9.93386773547094
998,0,9.93386773547094,NaN,998,9.93386773547094
997,0,9.93781344032096,NaN,997,9.93781344032096
998,0,9.93286573146293,NaN,998,9.93286573146293
999,0,9.93393393393393,NaN,999,9.93393393393393
999,0,9.93493493493493,NaN,999,9.93493493493493
998,0,9.93687374749499,NaN,998,9.93687374749499
999,0,9.93393393393393,NaN,999,9.93393393393393
998,0,9.93787575150301,NaN,998,9.93787575150301
999,0,9.93693693693694,NaN,999,9.93693693693694
999,0,9.93493493493493,NaN,999,9.93493493493493
999,0,9.93193193193193,NaN,999,9.93193193193193
999,0,9.92992992992993,NaN,999,9.92992992992993
998,0,9.92384769539078,NaN,998,9.92384769539078
998,0,9.92284569138276,NaN,998,9.92284569138276
998,0,9.92384769539078,NaN,998,9.92384769539078
999,0,9.92492492492492,NaN,999,9.92492492492492
999,0,9.92592592592593,NaN,999,9.92592592592593
999,0,9.92692692692693,NaN,999,9.92692692692693
995,0,9.93165829145729,NaN,995,9.93165829145729
999,0,9.92892892892893,NaN,999,9.92892892892893
999,0,9.93193193193193,NaN,999,9.93193193193193
998,0,9.93987975951904,NaN,998,9.93987975951904
999,0,9.94194194194194,NaN,999,9.94194194194194
999,0,9.94294294294294,NaN,999,9.94294294294294
999,0,9.94194194194194,NaN,999,9.94194194194194
998,0,9.94088176352705,NaN,998,9.94088176352705
997,0,9.94583751253761,NaN,997,9.94583751253761
999,0,9.94394394394394,NaN,999,9.94394394394394
999,0,9.94594594594595,NaN,999,9.94594594594595
999,0,9.94394394394394,NaN,999,9.94394394394394
999,0,9.94694694694695,NaN,999,9.94694694694695
999,0,9.94694694694695,NaN,999,9.94694694694695
997,0,9.94483450351053,NaN,997,9.94483450351053
998,0,9.94689378757515,NaN,998,9.94689378757515
997,0,9.94483450351053,NaN,997,9.94483450351053
998,0,9.94889779559118,NaN,998,9.94889779559118
998,0,9.94589178356713,NaN,998,9.94589178356713
998,0,9.9498997995992,NaN,998,9.9498997995992
996,0,9.94678714859438,NaN,996,9.94678714859438
999,0,9.94994994994995,NaN,999,9.94994994994995
999,0,9.95395395395395,NaN,999,9.95395395395395
998,0,9.9498997995992,NaN,998,9.9498997995992
996,0,9.95080321285141,NaN,996,9.95080321285141
999,0,9.94094094094094,NaN,999,9.94094094094094
998,0,9.94088176352705,NaN,998,9.94088176352705
997,0,9.93981945837513,NaN,997,9.93981945837513
999,0,9.93393393393393,NaN,999,9.93393393393393
999,0,9.94094094094094,NaN,999,9.94094094094094
999,0,9.93693693693694,NaN,999,9.93693693693694
998,0,9.93887775551102,NaN,998,9.93887775551102
999,0,9.94194194194194,NaN,999,9.94194194194194
999,0,9.94294294294294,NaN,999,9.94294294294294
999,0,9.94394394394394,NaN,999,9.94394394394394
996,0,9.94477911646586,NaN,996,9.94477911646586
998,0,9.94689378757515,NaN,998,9.94689378757515
997,0,9.94784353059178,NaN,997,9.94784353059178
996,0,9.94779116465863,NaN,996,9.94779116465863
998,0,9.94789579158317,NaN,998,9.94789579158317
998,0,9.94789579158317,NaN,998,9.94789579158317
999,0,9.94694694694695,NaN,999,9.94694694694695
999,0,9.94694694694695,NaN,999,9.94694694694695
999,0,9.94694694694695,NaN,999,9.94694694694695
999,0,9.94794794794795,NaN,999,9.94794794794795
998,0,9.95090180360721,NaN,998,9.95090180360721
999,0,9.95295295295295,NaN,999,9.95295295295295
999,0,9.95495495495495,NaN,999,9.95495495495495
998,0,9.95390781563126,NaN,998,9.95390781563126
996,0,9.95180722891566,NaN,996,9.95180722891566
995,0,9.95175879396985,NaN,995,9.95175879396985
998,0,9.9498997995992,NaN,998,9.9498997995992
998,0,9.95791583166333,NaN,998,9.95791583166333
999,0,9.95695695695696,NaN,999,9.95695695695696
998,0,9.95591182364729,NaN,998,9.95591182364729
999,0,9.95495495495495,NaN,999,9.95495495495495
999,0,9.95895895895896,NaN,999,9.95895895895896
995,0,9.95879396984925,NaN,995,9.95879396984925
998,0,9.95991983967936,NaN,998,9.95991983967936
997,0,9.95687061183551,NaN,997,9.95687061183551
997,0,9.95386158475426,NaN,997,9.95386158475426
999,0,9.95295295295295,NaN,999,9.95295295295295
998,0,9.95490981963928,NaN,998,9.95490981963928
998,0,9.95891783567134,NaN,998,9.95891783567134
999,0,9.95795795795796,NaN,999,9.95795795795796
998,0,9.95991983967936,NaN,998,9.95991983967936
997,0,9.95787362086259,NaN,997,9.95787362086259
