forward_num,reverse_num,forward_rate,reverse_rate,organism_num,organism_rate
500,500,5.5,5.5,1000,5.5
497,494,5.49698189134809,5.47773279352227,991,5.48738647830474
494,490,5.49595141700405,5.48775510204082,984,5.49186991869919
542,456,6.00738007380074,5.44956140350877,998,5.75250501002004
583,416,6.02058319039451,5.46634615384615,999,5.78978978978979
615,382,6.17886178861789,5.46335078534031,997,5.90471414242728
641,358,6.20592823712949,5.44972067039106,999,5.93493493493493
656,340,6.22865853658537,5.30882352941176,996,5.91465863453815
683,315,6.25915080527086,5.35238095238095,998,5.97294589178357
694,305,6.3371757925072,5.27540983606557,999,6.01301301301301
671,327,6.42026825633383,5.28134556574924,998,6.04709418837675
691,308,6.27062228654124,5.32792207792208,999,5.97997997997998
674,324,6.3946587537092,5.27777777777778,998,6.03206412825651
672,327,6.41964285714286,5.59327217125382,999,6.14914914914915
653,346,6.45176110260337,5.95086705202312,999,6.27827827827828
677,322,6.50369276218612,5.90683229813665,999,6.31131131131131
670,327,6.46417910447761,5.88073394495413,997,6.2728184553661
640,359,6.40625,6.18941504178273,999,6.32832832832833
656,342,6.55640243902439,6.18421052631579,998,6.42885771543086
675,324,6.59259259259259,6.24691358024691,999,6.48048048048048
676,322,6.63757396449704,6.42546583850932,998,6.56913827655311
672,327,6.45982142857143,6.48929663608563,999,6.46946946946947
676,323,6.48224852071006,6.63157894736842,999,6.53053053053053
686,312,6.64285714285714,6.69871794871795,998,6.66032064128257
686,313,6.6268221574344,6.56230031948882,999,6.60660660660661
699,296,6.73247496423462,6.50337837837838,995,6.6643216080402
713,286,6.80224403927069,6.53146853146853,999,6.72472472472472
714,285,6.82072829131653,6.58947368421053,999,6.75475475475475
721,277,6.91955617198336,6.64620938628159,998,6.8436873747495
741,258,6.95411605937922,6.84883720930233,999,6.92692692692693
735,263,6.99047619047619,6.77186311787072,998,6.93286573146293
737,262,7.0067842605156,6.74427480916031,999,6.93793793793794
745,254,7.01744966442953,6.66535433070866,999,6.92792792792793
745,254,7.11140939597315,6.70866141732283,999,7.00900900900901
754,244,7.09283819628647,6.61065573770492,998,6.9749498997996
763,236,7.0694626474443,6.66525423728814,999,6.97397397397397
761,238,7.11957950065703,6.83613445378151,999,7.05205205205205
767,232,7.08865710560626,6.85344827586207,999,7.03403403403403
769,229,7.11703511053316,6.96506550218341,998,7.08216432865731
759,239,7.1897233201581,7.04602510460251,998,7.15531062124249
756,243,7.17592592592593,6.9917695473251,999,7.13113113113113
762,236,7.14698162729659,7.07203389830508,998,7.12925851703407
761,234,7.09986859395532,7.13247863247863,995,7.10753768844221
763,235,7.10484927916121,7.1531914893617,998,7.11623246492986
765,232,7.16078431372549,7.25,997,7.18154463390171
762,236,7.13779527559055,7.21610169491525,998,7.1563126252505
767,232,7.17992177314211,7.08620689655172,999,7.15815815815816
768,228,7.16666666666667,7.20175438596491,996,7.17469879518072
779,220,7.19512195121951,7.3,999,7.21821821821822
787,212,7.24396442185515,7.18396226415094,999,7.23123123123123
780,216,7.25641025641026,7.21759259259259,996,7.24799196787149
786,213,7.26844783715013,7.25821596244131,999,7.26626626626627
788,210,7.28299492385787,7.37142857142857,998,7.30160320641283
797,202,7.31493099121706,7.45049504950495,999,7.34234234234234
799,200,7.33291614518148,7.425,999,7.35135135135135
796,202,7.34170854271357,7.51485148514851,998,7.37675350701403
800,199,7.41,7.57286432160804,999,7.44244244244244
792,205,7.41919191919192,7.62439024390244,997,7.46138415245737
799,200,7.42302878598248,7.575,999,7.45345345345345
800,199,7.41375,7.60804020100502,999,7.45245245245245
808,190,7.45049504950495,7.79473684210526,998,7.51603206412826
807,191,7.47955390334572,7.93193717277487,998,7.56613226452906
821,177,7.45919610231425,7.92090395480226,998,7.54108216432866
822,176,7.4963503649635,8.05113636363636,998,7.59418837675351
818,179,7.51344743276284,8.01675977653631,997,7.60381143430291
816,182,7.53799019607843,8.07692307692308,998,7.63627254509018
817,179,7.55324357405141,8.19553072625698,996,7.66867469879518
824,175,7.57160194174757,8.17714285714286,999,7.67767767767768
822,177,7.62895377128954,8.1864406779661,999,7.72772772772773
824,175,7.63956310679612,8.24,999,7.74474474474474
826,173,7.65617433414044,8.28323699421965,999,7.76476476476476
824,173,7.64927184466019,8.32369942196532,997,7.76629889669007
827,171,7.6590084643289,8.38011695906433,998,7.78256513026052
837,162,7.67980884109916,8.38271604938272,999,7.79379379379379
835,162,7.74131736526946,8.40123456790123,997,7.84854563691073
835,164,7.7748502994012,8.25,999,7.85285285285285
837,162,7.79928315412186,8.2283950617284,999,7.86886886886887
831,167,7.83273164861613,8.31137724550898,998,7.91282565130261
825,172,7.8,8.27906976744186,997,7.88264794383149
829,170,7.81905910735826,8.31764705882353,999,7.9039039039039
823,175,7.82867557715674,8.38857142857143,998,7.92685370741483
826,172,7.8547215496368,8.36046511627907,998,7.94188376753507
829,169,7.83232810615199,8.38461538461539,998,7.92585170340681
839,160,7.87246722288439,8.4375,999,7.96296296296296
835,163,7.84910179640719,8.39877300613497,998,7.93887775551102
831,168,7.8604091456077,8.43452380952381,999,7.95695695695696
835,164,7.89221556886228,8.45121951219512,999,7.98398398398398
833,166,7.89795918367347,8.49397590361446,999,7.996996996997
836,163,7.91985645933014,8.50306748466258,999,8.01501501501502
838,160,7.96420047732697,8.54375,998,8.05711422845691
841,157,7.99286563614744,8.57324840764331,998,8.08416833667335
843,156,8.01423487544484,8.6025641025641,999,8.10610610610611
839,159,8.01549463647199,8.49685534591195,998,8.09218436873748
836,163,8.02033492822967,8.45398773006135,999,8.09109109109109
837,162,8.03584229390681,8.52469135802469,999,8.11511511511512
848,149,8.01650943396226,8.53020134228188,997,8.09327983951856
851,148,8.01527614571093,8.53378378378378,999,8.09209209209209
853,145,8.05978898007034,8.59310344827586,998,8.1372745490982
861,138,8.11149825783972,8.65942028985507,999,8.18718718718719
856,143,8.11799065420561,8.64335664335664,999,8.19319319319319
851,147,8.14688601645123,8.61224489795918,998,8.21543086172345
863,136,8.11471610660487,8.64705882352941,999,8.18718718718719
866,133,8.10623556581986,8.67669172932331,999,8.18218218218218
865,134,8.11445086705202,8.70149253731343,999,8.19319319319319
861,136,8.12311265969802,8.67647058823529,997,8.19859578736209
856,142,8.13200934579439,8.7112676056338,998,8.21442885771543
857,141,8.16336056009335,8.64539007092199,998,8.2314629258517
855,143,8.1672514619883,8.65034965034965,998,8.23647294589178
855,142,8.19883040935673,8.71830985915493,997,8.2728184553661
858,141,8.21212121212121,8.75886524822695,999,8.28928928928929
859,140,8.23166472642608,8.8,999,8.31131131131131
859,140,8.23632130384168,8.75714285714286,999,8.30930930930931
853,145,8.25908558030481,8.72413793103448,998,8.32665330661323
851,147,8.27614571092832,8.77551020408163,998,8.3496993987976
849,150,8.30506478209658,8.68666666666667,999,8.36236236236236
847,152,8.32939787485242,8.71052631578947,999,8.38738738738739
844,153,8.33175355450237,8.64705882352941,997,8.38014042126379
836,163,8.33253588516746,8.67484662576687,999,8.38838838838839
848,151,8.34316037735849,8.6887417218543,999,8.3953953953954
850,148,8.33294117647059,8.75675675675676,998,8.39579158316633
855,143,8.34269005847953,8.78321678321678,998,8.40581162324649
859,140,8.33760186263097,8.76428571428571,999,8.3973973973974
851,144,8.32667450058754,8.79861111111111,995,8.39497487437186
861,138,8.31010452961672,8.84057971014493,999,8.38338338338338
863,136,8.31402085747393,8.82352941176471,999,8.38338338338338
858,139,8.37296037296037,8.76978417266187,997,8.42828485456369
860,139,8.38953488372093,8.82014388489209,999,8.44944944944945
862,135,8.38747099767981,8.83703703703704,997,8.44834503510532
863,135,8.38702201622248,8.91111111111111,998,8.45791583166333
867,131,8.39561707035755,8.94656488549618,998,8.46793587174349
866,133,8.4203233256351,8.95488721804511,999,8.49149149149149
862,136,8.42111368909513,8.94852941176471,998,8.49298597194389
862,137,8.42575406032483,8.93430656934307,999,8.4954954954955
867,132,8.43713956170704,9.02272727272727,999,8.51451451451451
866,133,8.4526558891455,9.03759398496241,999,8.53053053053053
865,134,8.45202312138728,9.01492537313433,999,8.52752752752753
861,136,8.42392566782811,9.01470588235294,997,8.50451354062186
859,140,8.42724097788126,9.05,999,8.51451451451451
863,135,8.40324449594438,9.06666666666667,998,8.49298597194389
862,134,8.41763341067285,9.12686567164179,996,8.51305220883534
866,133,8.40993071593534,9.19548872180451,999,8.51451451451451
877,120,8.39110604332953,9.24166666666667,997,8.49348044132397
880,118,8.35568181818182,9.19491525423729,998,8.45490981963928
878,121,8.36902050113895,9.14049586776859,999,8.46246246246246
879,119,8.37087599544937,9.19327731092437,998,8.4689378757515
881,116,8.36322360953462,9.21551724137931,997,8.46238716148445
876,121,8.3675799086758,9.19834710743802,997,8.46840521564694
880,118,8.36590909090909,9.1864406779661,998,8.46292585170341
879,119,8.38566552901024,9.18487394957983,998,8.4809619238477
879,120,8.38452787258248,9.15,999,8.47647647647648
878,121,8.37927107061503,9.0495867768595,999,8.46046046046046
879,120,8.40500568828214,9.04166666666667,999,8.48148148148148
877,122,8.41049030786773,9.04918032786885,999,8.48848848848849
870,127,8.40574712643678,8.98425196850394,997,8.47943831494483
869,130,8.42807825086306,9.0,999,8.5025025025025
873,126,8.44558991981672,9.03174603174603,999,8.51951951951952
870,127,8.47701149425287,9.07086614173228,997,8.55265797392176
870,128,8.45747126436782,9.03125,998,8.5310621242485
872,127,8.48738532110092,9.03937007874016,999,8.55755755755756
874,124,8.46796338672769,9.04032258064516,998,8.53907815631263
876,119,8.45776255707763,9.0672268907563,995,8.53065326633166
878,121,8.47266514806378,9.09917355371901,999,8.54854854854855
883,115,8.49037372593432,9.12173913043478,998,8.56312625250501
882,116,8.4546485260771,9.23275862068965,998,8.54509018036072
883,115,8.45753114382786,9.26956521739131,998,8.55110220440882
880,119,8.46477272727273,9.32773109243698,999,8.56756756756757
876,123,8.47602739726027,9.32520325203252,999,8.58058058058058
881,118,8.45970488081725,9.3135593220339,999,8.56056056056056
878,121,8.47835990888383,9.38842975206612,999,8.58858858858859
880,118,8.5125,9.41525423728813,998,8.61923847695391
875,124,8.53714285714286,9.43548387096774,999,8.64864864864865
880,119,8.54431818181818,9.42016806722689,999,8.64864864864865
877,121,8.557582668187,9.42148760330578,998,8.6623246492986
875,123,8.58514285714286,9.43089430894309,998,8.68937875751503
879,119,8.57792946530148,9.42016806722689,998,8.67835671342685
872,127,8.60665137614679,9.37007874015748,999,8.7037037037037
873,126,8.61053837342497,9.34126984126984,999,8.7027027027027
873,125,8.59679266895762,9.384,998,8.69539078156313
875,122,8.60114285714286,9.44262295081967,997,8.70411233701103
871,127,8.61882893226177,9.44094488188976,998,8.72344689378757
874,125,8.63272311212815,9.408,999,8.72972972972973
872,126,8.61582568807339,9.43650793650794,998,8.71943887775551
872,127,8.61582568807339,9.44881889763779,999,8.72172172172172
880,117,8.60454545454546,9.41025641025641,997,8.69909729187563
885,114,8.64067796610169,9.45614035087719,999,8.73373373373373
886,111,8.6568848758465,9.40540540540541,997,8.74022066198596
888,110,8.66328828828829,9.47272727272727,998,8.75250501002004
886,111,8.69864559819413,9.45945945945946,997,8.78335005015045
886,112,8.72009029345372,9.48214285714286,998,8.80561122244489
883,115,8.71800679501699,9.53913043478261,998,8.812625250501
886,113,8.73024830699774,9.51327433628319,999,8.81881881881882
883,115,8.75651189127973,9.51304347826087,998,8.8436873747495
884,114,8.76357466063348,9.52631578947368,998,8.85070140280561
882,117,8.75170068027211,9.51282051282051,999,8.84084084084084
880,119,8.76590909090909,9.52941176470588,999,8.85685685685686
879,120,8.76222980659841,9.51666666666667,999,8.85285285285285
881,118,8.76503972758229,9.50847457627119,999,8.85285285285285
884,115,8.76131221719457,9.47826086956522,999,8.84384384384384
881,118,8.76958002270148,9.5,999,8.85585585585586
876,123,8.74315068493151,9.48780487804878,999,8.83483483483483
870,128,8.74022988505747,9.53125,998,8.84168336673347
872,127,8.72018348623853,9.56692913385827,999,8.82782782782783
872,126,8.72018348623853,9.57142857142857,998,8.82765531062124
867,132,8.719723183391,9.54545454545454,999,8.82882882882883
868,131,8.75345622119816,9.48854961832061,999,8.84984984984985
864,135,8.76736111111111,9.51851851851852,999,8.86886886886887
863,136,8.77404403244496,9.50735294117647,999,8.87387387387387
855,144,8.77076023391813,9.56944444444444,999,8.88588588588589
858,141,8.83100233100233,9.6241134751773,999,8.94294294294294
854,143,8.86065573770492,9.67132867132867,997,8.97693079237713
848,151,8.8502358490566,9.68211920529801,999,8.97597597597598
854,145,8.87002341920375,9.68965517241379,999,8.98898898898899
848,151,8.87028301886792,9.65562913907285,999,8.98898898898899
851,148,8.87896592244418,9.64189189189189,999,8.99199199199199
853,146,8.89566236811254,9.6027397260274,999,8.998998998999
854,144,8.92505854800937,9.57638888888889,998,9.0190380761523
853,146,8.91441969519344,9.57534246575342,999,9.01101101101101
850,147,8.90352941176471,9.60544217687075,997,9.00702106318957
859,139,8.91152502910361,9.58992805755396,998,9.0060120240481
859,140,8.93597206053551,9.66428571428571,999,9.03803803803804
856,142,8.94509345794392,9.67605633802817,998,9.04909819639279
853,146,8.95076201641266,9.62328767123288,999,9.04904904904905
857,141,8.94749124854142,9.65248226950355,998,9.04709418837675
852,146,8.96478873239437,9.68493150684932,998,9.07014028056112
861,138,8.98606271777003,9.65217391304348,999,9.07807807807808
846,150,8.98699763593381,9.69333333333333,996,9.0933734939759
851,145,9.00587544065805,9.71724137931034,996,9.10943775100402
860,139,9.02906976744186,9.73381294964029,999,9.12712712712713
856,143,9.03738317757009,9.74125874125874,999,9.13813813813814
862,136,9.0614849187935,9.72058823529412,998,9.15130260521042
858,141,9.06060606060606,9.68794326241135,999,9.14914914914915
859,140,9.08498253783469,9.69285714285714,999,9.17017017017017
852,147,9.05868544600939,9.70068027210884,999,9.15315315315315
854,143,9.05971896955504,9.68531468531468,997,9.14944834503511
861,136,9.06968641114983,9.72794117647059,997,9.15947843530592
869,129,9.07019562715765,9.73643410852713,998,9.1563126252505
871,128,9.0654420206659,9.75,999,9.15315315315315
868,131,9.08410138248848,9.75572519083969,999,9.17217217217217
868,131,9.06451612903226,9.70992366412214,999,9.14914914914915
873,126,9.07789232531501,9.80952380952381,999,9.17017017017017
870,126,9.0816091954023,9.8015873015873,996,9.17269076305221
879,120,9.10011376564278,9.78333333333333,999,9.18218218218218
880,118,9.09772727272727,9.83898305084746,998,9.18537074148297
880,117,9.09090909090909,9.81196581196581,997,9.17552657973922
877,122,9.09122006841505,9.81967213114754,999,9.18018018018018
878,121,9.07175398633257,9.79338842975207,999,9.15915915915916
872,125,9.06651376146789,9.832,997,9.16248746238716
879,119,9.06598407281001,9.84033613445378,998,9.15831663326653
882,116,9.05895691609977,9.8448275862069,998,9.1503006012024
878,120,9.08314350797266,9.81666666666667,998,9.17134268537074
882,117,9.09863945578231,9.82905982905983,999,9.18418418418418
874,123,9.10411899313501,9.84552845528455,997,9.19558676028084
877,122,9.10490307867731,9.82786885245902,999,9.19319319319319
875,124,9.09828571428571,9.89516129032258,999,9.1971971971972
874,125,9.11327231121281,9.912,999,9.21321321321321
874,125,9.09725400457666,9.896,999,9.1971971971972
869,130,9.10817031070196,9.9,999,9.21121121121121
870,128,9.12298850574713,9.9140625,998,9.22444889779559
872,127,9.12385321100918,9.91338582677165,999,9.22422422422422
869,125,9.13003452243959,9.928,994,9.23038229376258
880,119,9.13181818181818,9.92436974789916,999,9.22622622622623
881,118,9.12258796821793,9.91525423728813,999,9.21621621621622
878,118,9.1503416856492,9.91525423728813,996,9.24096385542169
875,124,9.15085714285714,9.91935483870968,999,9.24624624624625
878,121,9.1503416856492,9.92561983471074,999,9.24424424424424
873,123,9.14662084765177,9.92682926829268,996,9.2429718875502
874,123,9.17391304347826,9.94308943089431,997,9.26880641925777
883,116,9.17214043035108,9.93965517241379,999,9.26126126126126
881,118,9.18047673098751,9.94915254237288,999,9.27127127127127
885,114,9.18531073446328,9.95614035087719,999,9.27327327327327
879,120,9.19226393629124,9.95,999,9.28328328328328
872,127,9.19610091743119,9.96062992125984,999,9.29329329329329
864,135,9.18865740740741,9.95555555555556,999,9.29229229229229
867,131,9.17416378316032,9.94656488549618,998,9.27555110220441
868,131,9.1889400921659,9.95419847328244,999,9.28928928928929
867,132,9.19723183391003,9.95454545454546,999,9.2972972972973
873,126,9.18556701030928,9.95238095238095,999,9.28228228228228
868,131,9.18548387096774,9.9618320610687,999,9.28728728728729
862,135,9.19373549883991,9.94814814814815,997,9.29588766298897
859,140,9.21187427240978,9.95,999,9.31531531531532
856,143,9.20911214953271,9.95804195804196,999,9.31631631631632
855,144,9.22690058479532,9.94444444444444,999,9.33033033033033
857,142,9.23337222870478,9.95774647887324,999,9.33633633633634
852,145,9.22769953051643,9.95862068965517,997,9.33400200601805
850,148,9.24235294117647,9.94594594594595,998,9.34669338677355
849,150,9.2567726737338,9.96,999,9.36236236236236
847,151,9.25029515938607,9.96688741721854,998,9.35871743486974
839,159,9.2419547079857,9.9559748427673,998,9.35571142284569
837,161,9.26403823178017,9.95652173913044,998,9.37575150300601
839,160,9.26221692491061,9.975,999,9.37637637637638
840,159,9.25833333333333,9.9685534591195,999,9.37137137137137
843,156,9.26927639383155,9.97435897435897,999,9.37937937937938
842,156,9.26840855106888,9.97435897435897,998,9.37875751503006
846,153,9.25886524822695,9.97385620915033,999,9.36836836836837
849,149,9.2603062426384,9.97315436241611,998,9.36673346693387
850,149,9.24235294117647,9.97986577181208,999,9.35235235235235
857,142,9.24737456242707,9.97887323943662,999,9.35135135135135
857,142,9.2392065344224,9.97183098591549,999,9.34334334334334
856,143,9.22780373831776,9.97202797202797,999,9.33433433433433
853,145,9.22977725674092,9.97241379310345,998,9.3376753507014
854,145,9.24473067915691,9.96551724137931,999,9.34934934934935
852,146,9.23943661971831,9.96575342465753,998,9.34569138276553
849,150,9.2603062426384,9.96666666666667,999,9.36636636636637
858,140,9.25874125874126,9.97142857142857,998,9.35871743486974
855,144,9.27368421052632,9.96527777777778,999,9.37337337337337
849,150,9.27797408716137,9.96666666666667,999,9.38138138138138
841,156,9.28061831153389,9.97435897435897,997,9.38916750250752
835,164,9.27904191616766,9.98170731707317,999,9.39439439439439
836,163,9.29665071770335,9.98159509202454,999,9.40840840840841
829,169,9.29794933655006,9.98224852071006,998,9.41382765531062
828,169,9.30797101449275,9.98816568047337,997,9.42326980942829
834,163,9.31534772182254,9.98773006134969,997,9.42527582748245
831,168,9.31046931407942,9.98809523809524,999,9.42442442442442
836,162,9.31459330143541,9.98765432098766,998,9.42384769539078
839,160,9.3015494636472,9.9875,999,9.41141141141141
848,151,9.31132075471698,9.98675496688742,999,9.41341341341341
852,147,9.32394366197183,9.99319727891156,999,9.42242242242242
853,146,9.33997655334115,9.99315068493151,999,9.43543543543544
853,145,9.33763188745604,10.0,998,9.43386773547094
851,146,9.31962397179788,10.0,997,9.41925777331996
854,143,9.33372365339578,10.0,997,9.42928786359077
852,147,9.34859154929577,10.0,999,9.44444444444444
849,149,9.35335689045936,10.0,998,9.4498997995992
848,151,9.35849056603774,10.0,999,9.45545545545546
843,151,9.34756820877817,10.0,994,9.4466800804829
843,155,9.36298932384342,10.0,998,9.46192384769539
842,157,9.36342042755344,10.0,999,9.46346346346346
845,153,9.36331360946746,10.0,998,9.46092184368737
843,156,9.34875444839858,10.0,999,9.45045045045045
838,161,9.36157517899761,10.0,999,9.46446446446446
843,155,9.38552787663108,10.0,998,9.4809619238477
834,165,9.41127098321343,10.0,999,9.50850850850851
836,163,9.42464114832536,10.0,999,9.51851851851852
832,167,9.43870192307692,10.0,999,9.53253253253253
829,169,9.46562123039807,10.0,998,9.5561122244489
821,175,9.48233861144945,10.0,996,9.57329317269076
815,183,9.48220858895706,10.0,998,9.57715430861724
821,177,9.49573690621194,10.0,998,9.58517034068136
814,185,9.51228501228501,10.0,999,9.6026026026026
814,184,9.51842751842752,10.0,998,9.60721442885771
807,189,9.51672862453532,10.0,996,9.60843373493976
814,185,9.52702702702703,10.0,999,9.61461461461461
815,184,9.52638036809816,10.0,999,9.61361361361361
807,192,9.51548946716233,10.0,999,9.60860860860861
810,189,9.52716049382716,10.0,999,9.61661661661662
805,192,9.53540372670807,10.0,997,9.62487462387161
812,187,9.52586206896552,10.0,999,9.61461461461461
808,191,9.53960396039604,10.0,999,9.62762762762763
811,188,9.53884093711467,10.0,999,9.62562562562563
808,191,9.54084158415842,10.0,999,9.62862862862863
803,196,9.55043586550436,10.0,999,9.63863863863864
809,189,9.56860321384425,10.0,998,9.6503006012024
803,195,9.56413449564134,10.0,998,9.64929859719439
803,195,9.57534246575342,10.0,998,9.65831663326653
797,202,9.59347553324969,10.0,999,9.67567567567568
789,209,9.62230671736375,10.0,998,9.70140280561122
790,209,9.6253164556962,10.0,999,9.7037037037037
787,212,9.63405336721728,10.0,999,9.71171171171171
793,206,9.63556116015132,10.0,999,9.71071071071071
794,202,9.62846347607053,10.0,996,9.70381526104418
797,202,9.63739021329987,10.0,999,9.71071071071071
792,207,9.63888888888889,10.0,999,9.71371371371371
793,206,9.64438839848676,10.0,999,9.71771771771772
794,205,9.6360201511335,10.0,999,9.71071071071071
802,197,9.64339152119701,10.0,999,9.71371371371371
795,203,9.63899371069182,10.0,998,9.7124248496994
790,209,9.64430379746836,10.0,999,9.71871871871872
789,210,9.64385297845374,10.0,999,9.71871871871872
792,207,9.62752525252525,10.0,999,9.7047047047047
791,207,9.63716814159292,10.0,998,9.7124248496994
789,210,9.64005069708492,10.0,999,9.71571571571572
789,209,9.63751584283904,10.0,998,9.71342685370741
792,206,9.63888888888889,10.0,998,9.71342685370741
787,212,9.6277001270648,10.0,999,9.70670670670671
788,211,9.62944162436548,10.0,999,9.70770770770771
788,211,9.62817258883249,10.0,999,9.70670670670671
786,210,9.63104325699746,10.0,996,9.70883534136546
795,204,9.63396226415094,10.0,999,9.70870870870871
799,198,9.63329161451815,10.0,997,9.7061183550652
803,196,9.63138231631382,10.0,999,9.7037037037037
806,192,9.63151364764268,10.0,998,9.70240480961924
809,190,9.62793572311496,10.0,999,9.6986986986987
809,189,9.62422744128554,10.0,998,9.69539078156313
817,182,9.63892288861689,10.0,999,9.7047047047047
809,188,9.63164400494438,10.0,997,9.70110330992979
808,191,9.6299504950495,10.0,999,9.7007007007007
812,186,9.6256157635468,10.0,998,9.69539078156313
814,183,9.63022113022113,10.0,997,9.69809428284855
812,186,9.62807881773399,10.0,998,9.69739478957916
814,184,9.62899262899263,10.0,998,9.69739478957916
818,180,9.62102689486553,10.0,998,9.68937875751503
812,186,9.61453201970443,10.0,998,9.68637274549098
817,182,9.62056303549572,10.0,999,9.68968968968969
823,176,9.61603888213852,10.0,999,9.68368368368368
830,169,9.62771084337349,10.0,999,9.69069069069069
822,176,9.6301703163017,10.0,998,9.69539078156313
824,175,9.63228155339806,10.0,999,9.6966966966967
820,176,9.63658536585366,10.0,996,9.70080321285141
816,182,9.63725490196078,10.0,998,9.70340681362725
816,182,9.63725490196078,10.0,998,9.70340681362725
813,183,9.64206642066421,10.0,996,9.70783132530121
817,182,9.64504283965728,10.0,999,9.70970970970971
813,185,9.65313653136531,10.0,998,9.71743486973948
809,190,9.66872682323857,10.0,999,9.73173173173173
806,193,9.66004962779156,10.0,999,9.72572572572573
807,192,9.66294919454771,10.0,999,9.72772772772773
809,190,9.66131025957973,10.0,999,9.72572572572573
810,189,9.65679012345679,10.0,999,9.72172172172172
807,192,9.64807930607187,10.0,999,9.71571571571572
804,194,9.65422885572139,10.0,998,9.72144288577154
802,195,9.66832917705736,10.0,997,9.73319959879639
802,197,9.66957605985037,10.0,999,9.73473473473473
794,203,9.65491183879093,10.0,997,9.72517552657974
790,207,9.65949367088608,10.0,997,9.73019057171514
788,210,9.65355329949239,10.0,998,9.72645290581162
787,211,9.64421855146125,10.0,998,9.71943887775551
787,212,9.63913595933926,10.0,999,9.71571571571572
785,214,9.6484076433121,10.0,999,9.72372372372372
782,216,9.65217391304348,10.0,998,9.72745490981964
782,217,9.64194373401535,10.0,999,9.71971971971972
785,214,9.64458598726115,10.0,999,9.72072072072072
790,209,9.6379746835443,10.0,999,9.71371371371371
792,205,9.62878787878788,10.0,997,9.70511534603811
800,199,9.6425,10.0,999,9.71371371371371
798,200,9.64411027568922,10.0,998,9.71543086172345
792,207,9.6489898989899,10.0,999,9.72172172172172
792,206,9.6540404040404,10.0,998,9.72545090180361
789,209,9.6425855513308,10.0,998,9.71743486973948
789,210,9.66032953105196,10.0,999,9.73173173173173
779,220,9.66495507060334,10.0,999,9.73873873873874
776,220,9.66752577319588,10.0,996,9.74096385542169
778,221,9.66195372750643,10.0,999,9.73673673673674
775,224,9.66709677419355,10.0,999,9.74174174174174
770,227,9.67532467532468,10.0,997,9.74924774322969
767,232,9.69230769230769,10.0,999,9.76376376376376
773,226,9.6882276843467,10.0,999,9.75875875875876
773,225,9.69598965071151,10.0,998,9.76452905811623
778,218,9.69280205655527,10.0,996,9.76004016064257
784,215,9.69642857142857,10.0,999,9.76176176176176
776,223,9.70876288659794,10.0,999,9.77377377377377
772,227,9.71891191709845,10.0,999,9.78278278278278
770,228,9.71168831168831,10.0,998,9.77755511022044
778,221,9.72107969151671,10.0,999,9.78278278278278
777,221,9.71299871299871,10.0,998,9.77655310621243
781,218,9.70806658130602,10.0,999,9.77177177177177
781,216,9.70806658130602,10.0,997,9.77131394182548
783,214,9.7088122605364,10.0,997,9.77131394182548
782,214,9.70971867007673,10.0,996,9.77208835341365
782,214,9.70716112531969,10.0,996,9.77008032128514
791,208,9.71175726927939,10.0,999,9.77177177177177
790,209,9.70886075949367,10.0,999,9.76976976976977
794,204,9.69773299748111,10.0,998,9.75951903807615
792,207,9.70454545454546,10.0,999,9.76576576576577
787,211,9.70775095298602,10.0,998,9.76953907815631
790,208,9.69873417721519,10.0,998,9.76152304609218
784,215,9.70663265306122,10.0,999,9.76976976976977
789,210,9.70722433460076,10.0,999,9.76876876876877
794,205,9.71662468513854,10.0,999,9.77477477477477
791,208,9.71934260429836,10.0,999,9.77777777777778
798,200,9.71177944862155,10.0,998,9.76953907815631
797,200,9.71016311166876,10.0,997,9.76830491474423
797,202,9.70138017565872,10.0,999,9.76176176176176
799,198,9.70463078848561,10.0,997,9.76328986960883
795,204,9.70566037735849,10.0,999,9.76576576576577
808,190,9.70420792079208,10.0,998,9.76052104208417
808,191,9.71163366336634,10.0,999,9.76676676676677
812,186,9.70689655172414,10.0,998,9.76152304609218
817,182,9.71113831089351,10.0,999,9.76376376376376
818,181,9.70048899755501,10.0,999,9.75475475475475
815,183,9.70184049079755,10.0,998,9.7565130260521
811,187,9.7016029593095,10.0,998,9.75751503006012
806,193,9.70595533498759,10.0,999,9.76276276276276
807,192,9.71499380421313,10.0,999,9.76976976976977
805,193,9.71801242236025,10.0,998,9.77254509018036
803,196,9.72353673723537,10.0,999,9.77777777777778
803,196,9.73225404732254,10.0,999,9.78478478478478
794,202,9.72921914357683,10.0,996,9.78413654618474
796,203,9.73366834170854,10.0,999,9.78778778778779
787,212,9.72299872935197,10.0,999,9.78178178178178
776,220,9.7319587628866,10.0,996,9.79116465863454
781,217,9.73623559539053,10.0,998,9.7935871743487
781,217,9.73111395646607,10.0,998,9.78957915831663
787,210,9.71791613722999,10.0,997,9.77733199598796
784,215,9.71938775510204,10.0,999,9.77977977977978
787,212,9.71791613722999,10.0,999,9.77777777777778
784,215,9.7155612244898,10.0,999,9.77677677677678
782,215,9.71867007672634,10.0,997,9.77933801404213
781,216,9.70550576184379,10.0,997,9.76930792377131
781,218,9.71446862996159,10.0,999,9.77677677677678
782,217,9.71611253196931,10.0,999,9.77777777777778
779,219,9.72657252888318,10.0,998,9.78657314629259
786,213,9.73409669211196,10.0,999,9.79079079079079
787,211,9.73570520965693,10.0,998,9.79158316633267
788,210,9.75126903553299,10.0,998,9.80360721442886
793,206,9.7515762925599,10.0,999,9.8028028028028
795,204,9.75471698113208,10.0,999,9.8048048048048
798,201,9.75062656641604,10.0,999,9.8008008008008
796,203,9.75753768844221,10.0,999,9.80680680680681
797,202,9.75909661229611,10.0,999,9.80780780780781
792,206,9.76515151515152,10.0,998,9.81362725450902
793,205,9.76418663303909,10.0,998,9.812625250501
795,201,9.75849056603774,10.0,996,9.80722891566265
790,207,9.76835443037975,10.0,997,9.81644934804413
787,212,9.76620076238882,10.0,999,9.81581581581582
782,217,9.76342710997442,10.0,999,9.81481481481481
789,209,9.76425855513308,10.0,998,9.81362725450902
789,209,9.7553865652725,10.0,998,9.80661322645291
786,212,9.74554707379135,10.0,998,9.79959919839679
786,211,9.74554707379135,10.0,997,9.79939819458375
787,211,9.7420584498094,10.0,998,9.79659318637275
790,208,9.7379746835443,10.0,998,9.79258517034068
790,209,9.73164556962025,10.0,999,9.78778778778779
782,215,9.73913043478261,10.0,997,9.79538615847543
787,212,9.7433290978399,10.0,999,9.7977977977978
784,215,9.74362244897959,10.0,999,9.7987987987988
788,211,9.74492385786802,10.0,999,9.7987987987988
788,210,9.75253807106599,10.0,998,9.80460921843687
791,206,9.74841972187105,10.0,997,9.80040120361083
796,202,9.75251256281407,10.0,998,9.80260521042084
797,201,9.75407779171895,10.0,998,9.80360721442886
803,196,9.76214196762142,10.0,999,9.80880880880881
805,193,9.76645962732919,10.0,998,9.81162324649299
801,198,9.76279650436954,10.0,999,9.80980980980981
794,204,9.76574307304786,10.0,998,9.81362725450902
800,199,9.76375,10.0,999,9.81081081081081
799,200,9.76846057571965,10.0,999,9.81481481481481
798,201,9.76065162907268,10.0,999,9.80880880880881
786,212,9.75572519083969,10.0,998,9.80761523046092
791,208,9.74968394437421,10.0,999,9.8018018018018
793,206,9.74274905422446,10.0,999,9.7957957957958
794,205,9.7455919395466,10.0,999,9.7977977977978
792,207,9.74116161616162,10.0,999,9.79479479479479
787,212,9.74459974587039,10.0,999,9.7987987987988
786,212,9.74045801526718,10.0,998,9.79559118236473
786,212,9.73409669211196,10.0,998,9.79058116232465
782,217,9.73401534526854,10.0,999,9.79179179179179
786,211,9.73409669211196,10.0,997,9.79037111334002
788,211,9.73984771573604,10.0,999,9.79479479479479
789,210,9.74017743979721,10.0,999,9.79479479479479
786,213,9.74300254452926,10.0,999,9.7977977977978
785,213,9.74012738853503,10.0,998,9.79559118236473
785,214,9.74012738853503,10.0,999,9.7957957957958
789,210,9.73257287705957,10.0,999,9.78878878878879
789,210,9.73130544993663,10.0,999,9.78778778778779
785,213,9.72993630573248,10.0,998,9.7875751503006
786,213,9.73155216284987,10.0,999,9.78878878878879
778,219,9.74935732647815,10.0,997,9.80441323971916
784,215,9.74107142857143,10.0,999,9.7967967967968
777,222,9.74517374517374,10.0,999,9.8018018018018
774,225,9.75581395348837,10.0,999,9.81081081081081
776,222,9.75257731958763,10.0,998,9.80761523046092
770,229,9.75454545454545,10.0,999,9.81081081081081
775,224,9.75870967741935,10.0,999,9.81281281281281
777,222,9.76576576576577,10.0,999,9.81781781781782
786,213,9.76081424936387,10.0,999,9.81181181181181
785,212,9.75923566878981,10.0,997,9.81043129388165
780,219,9.76153846153846,10.0,999,9.81381381381381
785,214,9.7656050955414,10.0,999,9.81581581581582
782,217,9.77621483375959,10.0,999,9.82482482482482
781,214,9.77336747759283,10.0,995,9.82211055276382
781,218,9.77336747759283,10.0,999,9.82282282282282
780,218,9.76923076923077,10.0,998,9.81963927855711
782,215,9.76982097186701,10.0,997,9.81945837512538
781,217,9.77464788732394,10.0,998,9.82364729458918
785,212,9.77452229299363,10.0,997,9.82246740220662
778,221,9.79048843187661,10.0,999,9.83683683683684
779,219,9.79204107830552,10.0,998,9.8376753507014
776,223,9.79123711340206,10.0,999,9.83783783783784
774,224,9.78552971576227,10.0,998,9.83366733466934
770,229,9.77922077922078,10.0,999,9.82982982982983
768,231,9.77864583333333,10.0,999,9.82982982982983
765,233,9.77516339869281,10.0,998,9.82765531062124
759,240,9.78129117259552,10.0,999,9.83383383383383
754,245,9.78381962864722,10.0,999,9.83683683683684
750,248,9.78666666666667,10.0,998,9.83967935871743
748,250,9.79411764705882,10.0,998,9.84569138276553
751,248,9.78695073235686,10.0,999,9.83983983983984
752,247,9.7938829787234,10.0,999,9.84484484484484
752,245,9.78856382978723,10.0,997,9.84052156469408
753,246,9.79548472775564,10.0,999,9.84584584584585
762,237,9.79790026246719,10.0,999,9.84584584584585
756,241,9.79761904761905,10.0,997,9.84653961885657
763,235,9.80078636959371,10.0,998,9.84769539078156
768,231,9.79947916666667,10.0,999,9.84584584584585
766,233,9.80939947780679,10.0,999,9.85385385385385
767,228,9.79921773142112,10.0,995,9.84522613065327
778,221,9.82133676092545,10.0,999,9.86086086086086
772,224,9.82124352331606,10.0,996,9.86144578313253
787,210,9.82337992376112,10.0,997,9.86058174523571
790,209,9.82405063291139,10.0,999,9.86086086086086
790,208,9.82025316455696,10.0,998,9.85771543086172
792,207,9.82323232323232,10.0,999,9.85985985985986
785,213,9.82292993630573,10.0,998,9.86072144288577
790,207,9.8253164556962,10.0,997,9.86158475426279
793,206,9.82471626733922,10.0,999,9.86086086086086
798,201,9.82581453634085,10.0,999,9.86086086086086
799,199,9.83103879849812,10.0,998,9.86472945891784
808,190,9.83415841584158,10.0,998,9.86573146292585
812,186,9.82142857142857,10.0,998,9.85470941883768
815,184,9.82453987730061,10.0,999,9.85685685685686
821,177,9.8258221680877,10.0,998,9.85671342685371
822,175,9.830900243309,10.0,997,9.86058174523571
820,179,9.8219512195122,10.0,999,9.85385385385385
826,171,9.81961259079903,10.0,997,9.85055165496489
834,164,9.82613908872902,10.0,998,9.85470941883768
828,170,9.82246376811594,10.0,998,9.85270541082164
830,169,9.82650602409639,10.0,999,9.85585585585586
834,165,9.81774580335731,10.0,999,9.84784784784785
840,159,9.82023809523809,10.0,999,9.84884884884885
843,155,9.83155397390273,10.0,998,9.85771543086172
845,152,9.83076923076923,10.0,997,9.85656970912738
845,153,9.83668639053255,10.0,998,9.86172344689379
846,153,9.83333333333333,10.0,999,9.85885885885886
854,145,9.83723653395785,10.0,999,9.86086086086086
853,146,9.84642438452521,10.0,999,9.86886886886887
851,147,9.84136310223267,10.0,998,9.86472945891784
852,147,9.85328638497653,10.0,999,9.87487487487487
850,148,9.85058823529412,10.0,998,9.87274549098196
853,145,9.85580304806565,10.0,998,9.87675350701403
854,145,9.86182669789227,10.0,999,9.88188188188188
854,145,9.85714285714286,10.0,999,9.87787787787788
850,149,9.85058823529412,10.0,999,9.87287287287287
854,145,9.86182669789227,10.0,999,9.88188188188188
846,153,9.85342789598109,10.0,999,9.87587587587588
850,149,9.84823529411765,10.0,999,9.87087087087087
848,149,9.8502358490566,10.0,997,9.87261785356068
845,153,9.85325443786982,10.0,998,9.87575150300601
852,147,9.85328638497653,10.0,999,9.87487487487487
852,146,9.85328638497653,10.0,998,9.874749498998
847,150,9.84415584415584,10.0,997,9.86760280842528
844,154,9.84597156398104,10.0,998,9.86973947895792
844,155,9.84123222748815,10.0,999,9.86586586586587
846,151,9.8451536643026,10.0,997,9.86860581745236
859,139,9.84284051222352,10.0,998,9.86472945891784
854,142,9.84426229508197,10.0,996,9.86646586345381
855,143,9.84093567251462,10.0,998,9.86372745490982
852,146,9.85093896713615,10.0,998,9.87274549098196
859,140,9.84749708963911,10.0,999,9.86886886886887
860,139,9.85232558139535,10.0,999,9.87287287287287
863,136,9.85168018539977,10.0,999,9.87187187187187
864,133,9.84490740740741,10.0,997,9.86559679037111
868,130,9.83870967741935,10.0,998,9.85971943887776
871,128,9.85074626865672,10.0,999,9.86986986986987
866,132,9.84757505773672,10.0,998,9.86773547094188
877,122,9.84834663625998,10.0,999,9.86686686686687
878,120,9.85079726651481,10.0,998,9.8687374749499
872,124,9.84862385321101,10.0,996,9.86746987951807
872,126,9.84862385321101,10.0,998,9.86773547094188
869,130,9.83659378596087,10.0,999,9.85785785785786
869,130,9.83544303797468,10.0,999,9.85685685685686
876,123,9.8310502283105,10.0,999,9.85185185185185
873,125,9.82588774341352,10.0,998,9.84769539078156
871,127,9.83467278989667,10.0,998,9.85571142284569
869,129,9.83889528193326,10.0,998,9.85971943887776
868,131,9.84101382488479,10.0,999,9.86186186186186
865,134,9.8393063583815,10.0,999,9.86086086086086
861,137,9.84088269454123,10.0,998,9.8627254509018
863,136,9.83661645422943,10.0,999,9.85885885885886
860,137,9.83139534883721,10.0,997,9.85456369107322
858,140,9.84382284382284,10.0,998,9.86573146292585
862,136,9.85266821345708,10.0,998,9.87274549098196
874,125,9.85240274599542,10.0,999,9.87087087087087
880,118,9.85340909090909,10.0,998,9.87074148296593
882,115,9.85260770975057,10.0,997,9.86960882647944
876,122,9.86187214611872,10.0,998,9.87875751503006
879,120,9.86120591581343,10.0,999,9.87787787787788
882,116,9.85600907029479,10.0,998,9.87274549098196
876,121,9.85730593607306,10.0,997,9.87462387161484
880,119,9.85568181818182,10.0,999,9.87287287287287
885,114,9.84293785310734,10.0,999,9.86086086086086
887,112,9.84554678692221,10.0,999,9.86286286286286
885,113,9.84971751412429,10.0,998,9.86673346693387
883,115,9.84824462061155,10.0,998,9.86573146292585
874,123,9.85240274599542,10.0,997,9.87061183550652
876,122,9.8458904109589,10.0,998,9.86472945891784
879,119,9.84869169510808,10.0,998,9.86673346693387
879,119,9.85096700796359,10.0,998,9.8687374749499
881,116,9.85017026106697,10.0,997,9.86760280842528
878,120,9.85763097949886,10.0,998,9.874749498998
879,118,9.84755403868032,10.0,997,9.86559679037111
873,124,9.85567010309278,10.0,997,9.87362086258776
878,121,9.85876993166287,10.0,999,9.87587587587588
882,116,9.85827664399093,10.0,998,9.874749498998
876,123,9.85958904109589,10.0,999,9.87687687687688
880,119,9.85681818181818,10.0,999,9.87387387387387
884,114,9.85859728506787,10.0,998,9.874749498998
892,105,9.85538116591928,10.0,997,9.87061183550652
899,99,9.85761957730812,10.0,998,9.87174348697395
901,98,9.8457269700333,10.0,999,9.86086086086086
896,103,9.84709821428571,10.0,999,9.86286286286286
906,93,9.84105960264901,10.0,999,9.85585585585586
903,95,9.83720930232558,10.0,998,9.85270541082164
907,92,9.8335170893054,10.0,999,9.84884884884885
902,97,9.82594235033259,10.0,999,9.84284284284284
900,97,9.83222222222222,10.0,997,9.84854563691073
902,97,9.82594235033259,10.0,999,9.84284284284284
899,100,9.84315906562848,10.0,999,9.85885885885886
896,102,9.83482142857143,10.0,998,9.85170340681363
894,105,9.83557046979866,10.0,999,9.85285285285285
897,102,9.84057971014493,10.0,999,9.85685685685686
899,100,9.84315906562848,10.0,999,9.85885885885886
899,99,9.84649610678532,10.0,998,9.86172344689379
908,91,9.84251101321586,10.0,999,9.85685685685686
908,90,9.84361233480176,10.0,998,9.85771543086172
912,87,9.83881578947368,10.0,999,9.85285285285285
911,86,9.83424807903403,10.0,997,9.84854563691073
915,84,9.82841530054645,10.0,999,9.84284284284284
914,84,9.83150984682713,10.0,998,9.84569138276553
917,82,9.82551799345693,10.0,999,9.83983983983984
916,83,9.82532751091703,10.0,999,9.83983983983984
922,77,9.81887201735358,10.0,999,9.83283283283283
918,80,9.82461873638344,10.0,998,9.83867735470942
917,82,9.82333696837514,10.0,999,9.83783783783784
923,75,9.82773564463705,10.0,998,9.84068136272545
915,84,9.82622950819672,10.0,999,9.84084084084084
917,82,9.82224645583424,10.0,999,9.83683683683684
916,83,9.82751091703057,10.0,999,9.84184184184184
917,82,9.8298800436205,10.0,999,9.84384384384384
913,84,9.81599123767798,10.0,997,9.83149448345035
910,88,9.81648351648352,10.0,998,9.83266533066132
920,79,9.82608695652174,10.0,999,9.83983983983984
916,83,9.82314410480349,10.0,999,9.83783783783784
916,83,9.83296943231441,10.0,999,9.84684684684685
916,83,9.83296943231441,10.0,999,9.84684684684685
914,83,9.83041575492341,10.0,997,9.84453360080241
915,84,9.82622950819672,10.0,999,9.84084084084084
911,88,9.82656421514819,10.0,999,9.84184184184184
916,82,9.82532751091703,10.0,998,9.83967935871743
913,85,9.82694414019715,10.0,998,9.84168336673347
916,83,9.84061135371179,10.0,999,9.85385385385385
918,79,9.84313725490196,10.0,997,9.8555667001003
910,88,9.85164835164835,10.0,998,9.86472945891784
916,82,9.85152838427948,10.0,998,9.86372745490982
915,82,9.85792349726776,10.0,997,9.86960882647944
914,84,9.86980306345733,10.0,998,9.88076152304609
913,86,9.86199342825849,10.0,999,9.87387387387387
912,87,9.86074561403509,10.0,999,9.87287287287287
909,89,9.85478547854786,10.0,998,9.86773547094188
906,92,9.85871964679912,10.0,998,9.87174348697395
912,85,9.85416666666667,10.0,997,9.86659979939819
912,86,9.86622807017544,10.0,998,9.87775551102204
914,84,9.85667396061269,10.0,998,9.8687374749499
920,79,9.86195652173913,10.0,999,9.87287287287287
916,79,9.85807860262009,10.0,995,9.86934673366834
921,77,9.85884907709012,10.0,998,9.86973947895792
923,74,9.8602383531961,10.0,997,9.87061183550652
922,77,9.85032537960955,10.0,999,9.86186186186186
924,74,9.85606060606061,10.0,998,9.86673346693387
923,74,9.85265438786566,10.0,997,9.86359077231695
931,66,9.85177228786251,10.0,997,9.86158475426279
934,64,9.85867237687366,10.0,998,9.86773547094188
935,64,9.85989304812834,10.0,999,9.86886886886887
931,68,9.86036519871106,10.0,999,9.86986986986987
934,65,9.86081370449679,10.0,999,9.86986986986987
925,73,9.86054054054054,10.0,998,9.87074148296593
929,70,9.86437029063509,10.0,999,9.87387387387387
931,67,9.85606874328679,10.0,998,9.86573146292585
927,71,9.85976267529666,10.0,998,9.86973947895792
929,70,9.85791173304629,10.0,999,9.86786786786787
928,71,9.85883620689655,10.0,999,9.86886886886887
930,68,9.86129032258065,10.0,998,9.87074148296593
928,69,9.85991379310345,10.0,997,9.86960882647944
931,68,9.85929108485499,10.0,999,9.86886886886887
932,66,9.85622317596567,10.0,998,9.86573146292585
927,71,9.85760517799353,10.0,998,9.86773547094188
929,69,9.85898815931109,10.0,998,9.8687374749499
927,71,9.85436893203883,10.0,998,9.86472945891784
929,70,9.85145317545748,10.0,999,9.86186186186186
931,67,9.84425349087003,10.0,998,9.85470941883768
928,70,9.84375,10.0,998,9.85470941883768
927,71,9.83279395900755,10.0,998,9.84468937875751
926,73,9.84125269978402,10.0,999,9.85285285285285
925,74,9.84,10.0,999,9.85185185185185
923,76,9.83640303358613,10.0,999,9.84884884884885
925,73,9.83567567567568,10.0,998,9.84769539078156
921,78,9.83604777415852,10.0,999,9.84884884884885
924,75,9.83549783549783,10.0,999,9.84784784784785
925,74,9.84216216216216,10.0,999,9.85385385385385
923,76,9.84398699891658,10.0,999,9.85585585585586
928,69,9.83943965517241,10.0,997,9.85055165496489
928,71,9.83728448275862,10.0,999,9.84884884884885
929,70,9.83853606027987,10.0,999,9.84984984984985
927,70,9.83926645091694,10.0,997,9.85055165496489
930,69,9.83870967741935,10.0,999,9.84984984984985
938,61,9.84008528784648,10.0,999,9.84984984984985
933,64,9.84780278670954,10.0,997,9.85757271815446
938,61,9.84008528784648,10.0,999,9.84984984984985
937,61,9.83884738527214,10.0,998,9.84869739478958
937,61,9.84418356456777,10.0,998,9.85370741482966
938,59,9.8454157782516,10.0,997,9.85456369107322
940,59,9.84574468085106,10.0,999,9.85485485485485
945,54,9.84126984126984,10.0,999,9.84984984984985
942,57,9.83970276008493,10.0,999,9.84884884884885
943,56,9.83987274655355,10.0,999,9.84884884884885
941,57,9.84484590860786,10.0,998,9.85370741482966
943,56,9.83669141039237,10.0,999,9.84584584584585
943,56,9.83138918345705,10.0,999,9.84084084084084
940,59,9.83297872340425,10.0,999,9.84284284284284
944,54,9.83686440677966,10.0,998,9.84569138276553
944,55,9.83580508474576,10.0,999,9.84484484484484
945,54,9.83809523809524,10.0,999,9.84684684684685
940,57,9.84148936170213,10.0,997,9.85055165496489
940,59,9.84148936170213,10.0,999,9.85085085085085
938,59,9.85074626865672,10.0,997,9.85957873620863
939,59,9.84984025559105,10.0,998,9.85871743486974
939,60,9.85197018104366,10.0,999,9.86086086086086
941,58,9.85015940488842,10.0,999,9.85885885885886
937,61,9.86019210245464,10.0,998,9.8687374749499
936,63,9.86431623931624,10.0,999,9.87287287287287
937,62,9.86125933831377,10.0,999,9.86986986986987
932,66,9.85729613733906,10.0,998,9.86673346693387
930,69,9.86451612903226,10.0,999,9.87387387387387
929,69,9.85683530678149,10.0,998,9.86673346693387
929,70,9.84930032292788,10.0,999,9.85985985985986
929,68,9.84284176533907,10.0,997,9.85356068204614
927,70,9.8403451995685,10.0,997,9.85155466399198
932,67,9.83583690987125,10.0,999,9.84684684684685
929,68,9.82884822389666,10.0,997,9.84052156469408
927,71,9.82955771305286,10.0,998,9.84168336673347
931,68,9.83458646616541,10.0,999,9.84584584584585
929,70,9.83745963401507,10.0,999,9.84884884884885
929,67,9.83745963401507,10.0,996,9.84839357429719
929,68,9.83853606027987,10.0,997,9.84954864593781
930,69,9.83870967741935,10.0,999,9.84984984984985
935,64,9.83208556149733,10.0,999,9.84284284284284
930,69,9.83870967741935,10.0,999,9.84984984984985
937,62,9.84098185699039,10.0,999,9.85085085085085
937,61,9.84845250800427,10.0,998,9.85771543086172
938,60,9.85074626865672,10.0,998,9.85971943887776
939,60,9.84345047923323,10.0,999,9.85285285285285
935,63,9.84705882352941,10.0,998,9.85671342685371
936,62,9.83547008547009,10.0,998,9.84569138276553
936,63,9.84188034188034,10.0,999,9.85185185185185
938,60,9.84221748400853,10.0,998,9.85170340681363
938,61,9.84861407249467,10.0,999,9.85785785785786
935,63,9.84919786096257,10.0,998,9.85871743486974
930,69,9.84408602150538,10.0,999,9.85485485485485
926,71,9.85529157667387,10.0,997,9.86559679037111
929,70,9.85468245425188,10.0,999,9.86486486486486
923,75,9.8602383531961,10.0,998,9.87074148296593
925,73,9.85837837837838,10.0,998,9.8687374749499
922,75,9.85791757049892,10.0,997,9.86860581745236
924,75,9.85281385281385,10.0,999,9.86386386386386
929,69,9.85145317545748,10.0,998,9.86172344689379
932,67,9.85515021459227,10.0,999,9.86486486486486
931,67,9.85606874328679,10.0,998,9.86573146292585
928,69,9.85560344827586,10.0,997,9.86559679037111
933,66,9.85209003215434,10.0,999,9.86186186186186
930,67,9.85161290322581,10.0,997,9.86158475426279
936,62,9.84188034188034,10.0,998,9.85170340681363
942,57,9.84925690021231,10.0,999,9.85785785785786
940,58,9.8468085106383,10.0,998,9.85571142284569
945,54,9.84444444444444,10.0,999,9.85285285285285
945,54,9.84761904761905,10.0,999,9.85585585585586
941,56,9.8480340063762,10.0,997,9.85656970912738
942,57,9.85138004246284,10.0,999,9.85985985985986
941,56,9.85441020191286,10.0,997,9.86258776328987
939,58,9.85197018104366,10.0,997,9.86058174523571
940,58,9.84893617021277,10.0,998,9.85771543086172
943,56,9.84941675503712,10.0,999,9.85785785785786
944,54,9.85381355932203,10.0,998,9.86172344689379
943,54,9.85471898197243,10.0,997,9.86258776328987
940,56,9.85425531914894,10.0,996,9.86244979919679
943,55,9.85047720042418,10.0,998,9.85871743486974
943,55,9.8610816542948,10.0,998,9.8687374749499
940,57,9.86276595744681,10.0,997,9.87061183550652
941,57,9.86184909670563,10.0,998,9.86973947895792
938,60,9.86993603411514,10.0,998,9.87775551102204
942,57,9.86730360934183,10.0,999,9.87487487487487
941,58,9.86503719447396,10.0,999,9.87287287287287
940,57,9.86382978723404,10.0,997,9.8716148445336
937,61,9.86019210245464,10.0,998,9.8687374749499
938,60,9.85820895522388,10.0,998,9.86673346693387
940,59,9.85744680851064,10.0,999,9.86586586586587
939,58,9.85623003194888,10.0,997,9.86459378134403
940,59,9.8531914893617,10.0,999,9.86186186186186
939,59,9.84345047923323,10.0,998,9.85270541082164
941,58,9.85015940488842,10.0,999,9.85885885885886
938,60,9.85607675906183,10.0,998,9.86472945891784
941,58,9.86078639744952,10.0,999,9.86886886886887
938,59,9.85820895522388,10.0,997,9.86659979939819
940,59,9.86808510638298,10.0,999,9.87587587587588
940,58,9.86595744680851,10.0,998,9.87374749498998
938,61,9.86780383795309,10.0,999,9.87587587587588
935,61,9.86417112299465,10.0,996,9.87248995983936
937,61,9.86872998932764,10.0,998,9.87675350701403
939,59,9.86581469648562,10.0,998,9.87374749498998
939,58,9.86261980830671,10.0,997,9.87061183550652
941,57,9.86078639744952,10.0,998,9.8687374749499
944,55,9.86440677966102,10.0,999,9.87187187187187
947,52,9.86800422386484,10.0,999,9.87487487487487
951,47,9.86225026288118,10.0,998,9.8687374749499
952,46,9.86029411764706,10.0,998,9.86673346693387
954,45,9.85849056603774,10.0,999,9.86486486486486
952,46,9.85399159663866,10.0,998,9.86072144288577
948,50,9.85654008438819,10.0,998,9.86372745490982
949,50,9.85563751317176,10.0,999,9.86286286286286
946,53,9.84778012684989,10.0,999,9.85585585585586
945,53,9.84973544973545,10.0,998,9.85771543086172
947,51,9.84899683210137,10.0,998,9.85671342685371
944,55,9.85593220338983,10.0,999,9.86386386386386
940,59,9.8531914893617,10.0,999,9.86186186186186
934,63,9.85331905781585,10.0,997,9.86258776328987
937,60,9.85805763073639,10.0,997,9.86659979939819
938,61,9.86034115138593,10.0,999,9.86886886886887
935,63,9.85347593582888,10.0,998,9.8627254509018
936,62,9.85149572649573,10.0,998,9.86072144288577
929,66,9.85683530678149,10.0,995,9.86633165829146
937,61,9.85592315901814,10.0,998,9.86472945891784
935,64,9.85561497326203,10.0,999,9.86486486486486
931,67,9.8453276047261,10.0,998,9.85571142284569
931,66,9.85069817400644,10.0,997,9.86058174523571
930,69,9.85161290322581,10.0,999,9.86186186186186
932,66,9.85836909871245,10.0,998,9.86773547094188
928,70,9.85883620689655,10.0,998,9.8687374749499
929,70,9.86221743810549,10.0,999,9.87187187187187
929,70,9.86114101184069,10.0,999,9.87087087087087
929,70,9.86006458557589,10.0,999,9.86986986986987
933,66,9.86495176848875,10.0,999,9.87387387387387
935,63,9.85668449197861,10.0,998,9.86573146292585
938,61,9.86247334754797,10.0,999,9.87087087087087
937,62,9.86019210245464,10.0,999,9.86886886886887
936,61,9.86217948717949,10.0,997,9.87061183550652
942,57,9.87048832271762,10.0,999,9.87787787787788
941,58,9.87247608926674,10.0,999,9.87987987987988
942,57,9.87579617834395,10.0,999,9.88288288288288
940,58,9.87234042553191,10.0,998,9.87975951903808
944,54,9.8739406779661,10.0,998,9.88076152304609
947,52,9.88173178458289,10.0,999,9.88788788788789
944,55,9.88559322033898,10.0,999,9.89189189189189
945,54,9.88465608465608,10.0,999,9.89089089089089
945,54,9.88465608465608,10.0,999,9.89089089089089
947,52,9.88595564941922,10.0,999,9.89189189189189
946,52,9.88372093023256,10.0,998,9.88977955911824
944,55,9.88559322033898,10.0,999,9.89189189189189
945,54,9.89100529100529,10.0,999,9.8968968968969
948,51,9.89662447257384,10.0,999,9.9019019019019
943,54,9.89925768822906,10.0,997,9.90471414242728
945,53,9.9026455026455,10.0,998,9.90781563126252
947,52,9.9039070749736,10.0,999,9.90890890890891
949,50,9.90621707060063,10.0,999,9.91091091091091
948,50,9.90400843881856,10.0,998,9.90881763527054
949,50,9.90621707060063,10.0,999,9.91091091091091
953,46,9.90346274921301,10.0,999,9.90790790790791
950,48,9.90105263157895,10.0,998,9.90581162324649
953,45,9.90241343126968,10.0,998,9.90681362725451
952,47,9.90336134453782,10.0,999,9.90790790790791
952,47,9.89810924369748,10.0,999,9.9029029029029
952,47,9.89810924369748,10.0,999,9.9029029029029
949,49,9.89884088514225,10.0,998,9.90380761523046
949,49,9.90094836670179,10.0,998,9.90581162324649
948,51,9.89556962025316,10.0,999,9.9009009009009
945,54,9.9037037037037,10.0,999,9.90890890890891
939,59,9.91054313099042,10.0,998,9.91583166332665
936,63,9.91666666666667,10.0,999,9.92192192192192
931,68,9.91836734693878,10.0,999,9.92392392392392
930,69,9.92258064516129,10.0,999,9.92792792792793
933,66,9.92068595927117,10.0,999,9.92592592592593
932,67,9.9206008583691,10.0,999,9.92592592592593
930,69,9.92258064516129,10.0,999,9.92792792792793
929,69,9.92572658772874,10.0,998,9.93086172344689
929,68,9.92895586652314,10.0,997,9.93380140421264
931,68,9.92910848549946,10.0,999,9.93393393393393
926,72,9.93304535637149,10.0,998,9.93787575150301
930,68,9.93010752688172,10.0,998,9.93486973947896
933,66,9.93033226152197,10.0,999,9.93493493493493
933,66,9.92926045016077,10.0,999,9.93393393393393
935,63,9.92299465240642,10.0,998,9.92785571142285
935,63,9.92299465240642,10.0,998,9.92785571142285
938,60,9.91577825159915,10.0,998,9.92084168336673
942,57,9.9171974522293,10.0,999,9.92192192192192
943,56,9.91410392364793,10.0,999,9.91891891891892
947,52,9.91763463569166,10.0,999,9.92192192192192
944,55,9.91843220338983,10.0,999,9.92292292292292
948,51,9.91033755274262,10.0,999,9.91491491491491
950,48,9.91473684210526,10.0,998,9.9188376753507
953,46,9.91290661070304,10.0,999,9.91691691691692
953,44,9.91080797481637,10.0,997,9.91474423269809
951,46,9.91272344900105,10.0,997,9.91675025075226
952,46,9.91071428571429,10.0,998,9.91482965931864
946,52,9.91649048625793,10.0,998,9.92084168336673
943,55,9.91728525980912,10.0,998,9.92184368737475
943,56,9.91834570519618,10.0,999,9.92292292292292
943,56,9.91940615058325,10.0,999,9.92392392392392
941,57,9.92242295430393,10.0,998,9.92685370741483
941,58,9.92348565356004,10.0,999,9.92792792792793
944,55,9.91843220338983,10.0,999,9.92292292292292
940,58,9.91702127659575,10.0,998,9.92184368737475
939,59,9.91480298189563,10.0,998,9.91983967935872
940,59,9.90957446808511,10.0,999,9.91491491491491
942,57,9.90445859872611,10.0,999,9.90990990990991
940,59,9.90744680851064,10.0,999,9.91291291291291
943,55,9.90668080593849,10.0,998,9.91182364729459
949,50,9.9072708113804,10.0,999,9.91191191191191
946,53,9.90909090909091,10.0,999,9.91391391391391
950,47,9.91157894736842,10.0,997,9.91574724172518
951,47,9.91272344900105,10.0,998,9.91683366733467
951,47,9.91272344900105,10.0,998,9.91683366733467
954,43,9.91614255765199,10.0,997,9.9197592778335
952,47,9.91281512605042,10.0,999,9.91691691691692
951,45,9.91377497371188,10.0,996,9.91767068273092
