forward_num,reverse_num,forward_rate,reverse_rate,organism_num,organism_rate
50,50,5.5,5.5,100,5.5
49,47,5.42857142857143,5.48936170212766,96,5.45833333333333
49,47,5.42857142857143,5.48936170212766,96,5.45833333333333
46,46,5.47826086956522,5.56521739130435,92,5.52173913043478
46,45,5.47826086956522,5.62222222222222,91,5.54945054945055
46,44,5.47826086956522,5.54545454545455,90,5.51111111111111
45,43,5.57777777777778,5.55813953488372,88,5.56818181818182
45,42,5.57777777777778,5.54761904761905,87,5.5632183908046
45,42,5.57777777777778,5.54761904761905,87,5.5632183908046
45,42,5.57777777777778,5.54761904761905,87,5.5632183908046
45,42,5.57777777777778,5.54761904761905,87,5.5632183908046
48,47,6.04166666666667,6.02127659574468,95,6.03157894736842
48,49,6.22916666666667,6.24489795918367,97,6.23711340206186
51,48,6.47058823529412,6.1875,99,6.33333333333333
48,50,6.4375,6.26,98,6.3469387755102
49,50,6.40816326530612,6.26,99,6.33333333333333
48,49,6.4375,6.18367346938776,97,6.30927835051546
51,48,6.41176470588235,6.1875,99,6.3030303030303
49,46,6.40816326530612,6.23913043478261,95,6.32631578947368
48,46,6.39583333333333,6.23913043478261,94,6.31914893617021
45,45,6.53333333333333,6.22222222222222,90,6.37777777777778
48,51,6.85416666666667,6.54901960784314,99,6.6969696969697
45,53,6.84444444444444,6.79245283018868,98,6.81632653061224
47,52,6.91489361702128,7.13461538461539,99,7.03030303030303
45,51,6.82222222222222,7.11764705882353,96,6.97916666666667
43,50,6.88372093023256,7.12,93,7.01075268817204
47,52,6.82978723404255,6.98076923076923,99,6.90909090909091
45,51,6.71111111111111,6.90196078431373,96,6.8125
45,50,6.71111111111111,6.86,95,6.78947368421053
47,50,6.72340425531915,6.86,97,6.79381443298969
47,48,6.80851063829787,6.75,95,6.77894736842105
52,47,7.15384615384615,6.8936170212766,99,7.03030303030303
50,47,7.18,6.91489361702128,97,7.05154639175258
48,46,7.16666666666667,6.93478260869565,94,7.0531914893617
54,45,7.03703703703704,6.66666666666667,99,6.86868686868687
54,44,7.33333333333333,6.84090909090909,98,7.11224489795918
53,43,7.39622641509434,6.7906976744186,96,7.125
52,43,7.42307692307692,6.7906976744186,95,7.13684210526316
49,43,7.38775510204082,6.7906976744186,92,7.10869565217391
51,48,7.41176470588235,7.16666666666667,99,7.29292929292929
48,49,7.5,7.18367346938776,97,7.34020618556701
51,48,7.62745098039216,7.16666666666667,99,7.4040404040404
49,50,7.6734693877551,7.56,99,7.61616161616162
48,50,7.64583333333333,7.72,98,7.68367346938776
49,49,7.75510204081633,7.6530612244898,98,7.70408163265306
47,48,7.70212765957447,7.64583333333333,95,7.67368421052632
51,47,7.80392156862745,7.85106382978723,98,7.8265306122449
48,48,7.77083333333333,7.875,96,7.82291666666667
48,48,7.77083333333333,7.875,96,7.82291666666667
46,48,7.84782608695652,7.875,94,7.86170212765957
45,48,7.82222222222222,7.875,93,7.8494623655914
51,48,7.64705882352941,7.54166666666667,99,7.5959595959596
52,47,7.88461538461539,7.72340425531915,99,7.80808080808081
48,51,7.97916666666667,8.05882352941176,99,8.02020202020202
46,53,8.0,7.9811320754717,99,7.98989898989899
46,53,8.21739130434783,8.07547169811321,99,8.14141414141414
42,53,8.16666666666667,8.15094339622642,95,8.1578947368421
40,53,8.15,8.15094339622642,93,8.1505376344086
44,54,8.15909090909091,8.2037037037037,98,8.18367346938776
40,55,8.05,8.18181818181818,95,8.12631578947368
39,54,8.12820512820513,8.16666666666667,93,8.1505376344086
39,55,8.12820512820513,7.94545454545455,94,8.02127659574468
41,56,8.21951219512195,7.98214285714286,97,8.08247422680412
39,60,8.25641025641026,8.38333333333333,99,8.33333333333333
42,57,8.42857142857143,8.47368421052632,99,8.45454545454546
42,57,8.61904761904762,8.50877192982456,99,8.55555555555556
42,57,8.71428571428571,8.59649122807017,99,8.64646464646465
42,57,8.61904761904762,8.54385964912281,99,8.57575757575758
45,54,8.44444444444444,8.59259259259259,99,8.52525252525253
47,52,8.61702127659574,8.51923076923077,99,8.56565656565657
45,50,8.64444444444444,8.52,95,8.57894736842105
44,50,8.70454545454546,8.48,94,8.58510638297872
45,50,8.73333333333333,8.48,95,8.6
47,52,8.70212765957447,8.61538461538461,99,8.65656565656566
44,55,8.86363636363636,8.67272727272727,99,8.75757575757576
47,52,8.95744680851064,8.65384615384615,99,8.7979797979798
45,53,9.0,8.64150943396226,98,8.80612244897959
47,52,9.04255319148936,8.63461538461539,99,8.82828282828283
46,52,9.06521739130435,8.59615384615385,98,8.81632653061224
46,52,9.0,8.63461538461539,98,8.80612244897959
44,55,8.97727272727273,8.6,99,8.76767676767677
40,53,8.95,8.54716981132075,93,8.72043010752688
40,53,9.0,8.49056603773585,93,8.70967741935484
44,54,9.09090909090909,8.68518518518519,98,8.86734693877551
42,57,9.09523809523809,8.82456140350877,99,8.93939393939394
42,57,9.0,8.85964912280702,99,8.91919191919192
45,54,9.06666666666667,8.88888888888889,99,8.96969696969697
41,55,8.97560975609756,8.83636363636364,96,8.89583333333333
40,54,8.95,8.90740740740741,94,8.92553191489362
40,52,8.95,8.90384615384615,92,8.92391304347826
43,52,8.93023255813953,8.90384615384615,95,8.91578947368421
42,51,8.95238095238095,8.92156862745098,93,8.93548387096774
46,53,8.8695652173913,8.92452830188679,99,8.8989898989899
41,58,8.95121951219512,8.91379310344828,99,8.92929292929293
38,61,8.97368421052632,9.14754098360656,99,9.08080808080808
39,60,9.02564102564103,9.2,99,9.13131313131313
41,58,9.17073170731707,9.20689655172414,99,9.19191919191919
40,56,9.15,9.21428571428571,96,9.1875
40,54,9.15,9.18518518518519,94,9.17021276595745
40,54,9.15,9.18518518518519,94,9.17021276595745
40,53,9.15,9.20754716981132,93,9.18279569892473
41,53,9.07317073170732,9.20754716981132,94,9.14893617021277
42,55,8.80952380952381,9.09090909090909,97,8.96907216494845
45,54,8.84444444444444,9.03703703703704,99,8.94949494949495
41,58,8.82926829268293,8.96551724137931,99,8.90909090909091
39,60,8.8974358974359,8.93333333333333,99,8.91919191919192
42,57,9.02380952380952,9.07017543859649,99,9.05050505050505
41,58,8.97560975609756,9.12068965517241,99,9.06060606060606
39,60,9.17948717948718,9.25,99,9.22222222222222
39,59,9.25641025641026,9.23728813559322,98,9.24489795918367
38,59,9.23684210526316,9.23728813559322,97,9.23711340206185
38,58,9.23684210526316,9.22413793103448,96,9.22916666666667
38,56,9.23684210526316,9.19642857142857,94,9.21276595744681
37,56,9.21621621621622,9.19642857142857,93,9.20430107526882
39,58,9.28205128205128,9.22413793103448,97,9.24742268041237
39,60,9.33333333333333,9.3,99,9.31313131313131
40,59,9.3,9.45762711864407,99,9.39393939393939
42,57,9.38095238095238,9.43859649122807,99,9.41414141414141
42,57,9.35714285714286,9.47368421052632,99,9.42424242424242
43,56,9.30232558139535,9.46428571428571,99,9.39393939393939
48,51,9.27083333333333,9.49019607843137,99,9.38383838383838
46,48,9.30434782608696,9.45833333333333,94,9.38297872340426
46,47,9.30434782608696,9.34042553191489,93,9.32258064516129
46,47,9.30434782608696,9.34042553191489,93,9.32258064516129
44,50,9.27272727272727,9.38,94,9.32978723404255
43,55,9.27906976744186,9.43636363636364,98,9.36734693877551
43,56,9.34883720930233,9.48214285714286,99,9.42424242424242
46,52,9.41304347826087,9.5,98,9.45918367346939
47,52,9.4468085106383,9.5,99,9.47474747474747
49,50,9.46938775510204,9.68,99,9.57575757575758
48,51,9.47916666666667,9.56862745098039,99,9.52525252525253
53,46,9.52830188679245,9.56521739130435,99,9.54545454545454
54,45,9.46296296296296,9.55555555555556,99,9.50505050505051
54,42,9.38888888888889,9.52380952380952,96,9.44791666666667
54,45,9.38888888888889,9.55555555555556,99,9.46464646464647
52,45,9.36538461538461,9.55555555555556,97,9.45360824742268
52,46,9.36538461538461,9.56521739130435,98,9.45918367346939
56,43,9.375,9.53488372093023,99,9.44444444444444
52,47,9.42307692307692,9.59574468085106,99,9.50505050505051
47,52,9.42553191489362,9.63461538461539,99,9.53535353535353
50,49,9.48,9.6530612244898,99,9.56565656565657
53,46,9.45283018867925,9.6304347826087,99,9.53535353535353
54,43,9.5,9.6046511627907,97,9.54639175257732
53,44,9.45283018867925,9.40909090909091,97,9.43298969072165
50,44,9.44,9.40909090909091,94,9.42553191489362
52,46,9.34615384615385,9.39130434782609,98,9.36734693877551
49,47,9.38775510204082,9.40425531914894,96,9.39583333333333
50,48,9.42,9.52083333333333,98,9.46938775510204
48,48,9.4375,9.52083333333333,96,9.47916666666667
45,54,9.42222222222222,9.55555555555556,99,9.49494949494949
48,51,9.45833333333333,9.50980392156863,99,9.48484848484848
51,48,9.49019607843137,9.52083333333333,99,9.50505050505051
52,45,9.5,9.48888888888889,97,9.49484536082474
52,44,9.5,9.47727272727273,96,9.48958333333333
55,44,9.38181818181818,9.47727272727273,99,9.42424242424242
53,46,9.35849056603774,9.45652173913044,99,9.4040404040404
51,47,9.29411764705882,9.46808510638298,98,9.37755102040816
49,50,9.3469387755102,9.5,99,9.42424242424242
52,46,9.30769230769231,9.5,98,9.39795918367347
52,46,9.32692307692308,9.54347826086956,98,9.42857142857143
52,47,9.38461538461539,9.5531914893617,99,9.46464646464647
55,44,9.49090909090909,9.54545454545454,99,9.51515151515152
57,42,9.50877192982456,9.54761904761905,99,9.52525252525253
58,41,9.55172413793103,9.48780487804878,99,9.52525252525253
58,39,9.55172413793103,9.46153846153846,97,9.51546391752577
56,41,9.53571428571429,9.48780487804878,97,9.51546391752577
55,41,9.52727272727273,9.51219512195122,96,9.52083333333333
57,42,9.40350877192983,9.52380952380952,99,9.45454545454546
59,40,9.4406779661017,9.5,99,9.46464646464647
59,40,9.40677966101695,9.575,99,9.47474747474747
57,42,9.42105263157895,9.54761904761905,99,9.47474747474747
63,36,9.38095238095238,9.47222222222222,99,9.41414141414141
63,36,9.44444444444444,9.44444444444444,99,9.44444444444444
66,33,9.56060606060606,9.42424242424242,99,9.51515151515152
65,32,9.58461538461538,9.40625,97,9.52577319587629
63,30,9.57142857142857,9.36666666666667,93,9.50537634408602
62,31,9.56451612903226,9.38709677419355,93,9.50537634408602
61,32,9.59016393442623,9.40625,93,9.52688172043011
62,35,9.59677419354839,9.45714285714286,97,9.54639175257732
63,35,9.57142857142857,9.45714285714286,98,9.53061224489796
62,35,9.54838709677419,9.51428571428571,97,9.5360824742268
66,33,9.60606060606061,9.57575757575758,99,9.5959595959596
67,32,9.58208955223881,9.4375,99,9.53535353535353
65,34,9.63076923076923,9.41176470588235,99,9.55555555555556
68,31,9.60294117647059,9.35483870967742,99,9.52525252525253
68,31,9.61764705882353,9.41935483870968,99,9.55555555555556
66,30,9.60606060606061,9.43333333333333,96,9.55208333333333
65,30,9.6,9.43333333333333,95,9.54736842105263
66,33,9.60606060606061,9.48484848484848,99,9.56565656565657
62,33,9.66129032258065,9.51515151515152,95,9.61052631578947
62,36,9.66129032258065,9.55555555555556,98,9.62244897959184
61,38,9.68852459016393,9.57894736842105,99,9.64646464646465
66,33,9.65151515151515,9.60606060606061,99,9.63636363636364
67,31,9.6865671641791,9.61290322580645,98,9.66326530612245
66,33,9.68181818181818,9.51515151515152,99,9.62626262626263
64,34,9.671875,9.47058823529412,98,9.60204081632653
62,37,9.61290322580645,9.37837837837838,99,9.52525252525253
60,37,9.58333333333333,9.40540540540541,97,9.51546391752577
61,38,9.59016393442623,9.42105263157895,99,9.52525252525253
61,38,9.65573770491803,9.47368421052632,99,9.58585858585859
59,40,9.69491525423729,9.525,99,9.62626262626263
57,40,9.68421052631579,9.575,97,9.63917525773196
58,38,9.70689655172414,9.60526315789474,96,9.66666666666667
61,37,9.72131147540984,9.59459459459459,98,9.6734693877551
61,37,9.72131147540984,9.59459459459459,98,9.6734693877551
60,37,9.68333333333333,9.64864864864865,97,9.6701030927835
59,38,9.67796610169492,9.68421052631579,97,9.68041237113402
58,41,9.6551724137931,9.48780487804878,99,9.58585858585859
57,41,9.57894736842105,9.46341463414634,98,9.53061224489796
59,40,9.57627118644068,9.45,99,9.52525252525253
58,41,9.56896551724138,9.51219512195122,99,9.54545454545454
56,43,9.625,9.6046511627907,99,9.61616161616162
59,39,9.64406779661017,9.61538461538461,98,9.63265306122449
62,35,9.69354838709677,9.62857142857143,97,9.6701030927835
62,37,9.69354838709677,9.64864864864865,99,9.67676767676768
60,37,9.68333333333333,9.64864864864865,97,9.6701030927835
62,36,9.70967741935484,9.63888888888889,98,9.68367346938776
61,36,9.65573770491803,9.63888888888889,97,9.64948453608247
58,36,9.67241379310345,9.63888888888889,94,9.65957446808511
55,44,9.63636363636364,9.54545454545454,99,9.5959595959596
54,45,9.62962962962963,9.53333333333333,99,9.58585858585859
57,42,9.59649122807017,9.54761904761905,99,9.57575757575758
58,41,9.58620689655172,9.60975609756098,99,9.5959595959596
58,41,9.58620689655172,9.60975609756098,99,9.5959595959596
58,41,9.62068965517241,9.60975609756098,99,9.61616161616162
59,40,9.66101694915254,9.625,99,9.64646464646465
60,39,9.66666666666667,9.66666666666667,99,9.66666666666667
59,38,9.66101694915254,9.6578947368421,97,9.65979381443299
61,38,9.62295081967213,9.6578947368421,99,9.63636363636364
60,39,9.61666666666667,9.69230769230769,99,9.64646464646465
59,40,9.61016949152542,9.6,99,9.60606060606061
57,42,9.56140350877193,9.61904761904762,99,9.58585858585859
52,46,9.53846153846154,9.69565217391304,98,9.61224489795918
52,47,9.61538461538461,9.65957446808511,99,9.63636363636364
53,46,9.60377358490566,9.56521739130435,99,9.58585858585859
55,44,9.54545454545454,9.63636363636364,99,9.58585858585859
55,44,9.65454545454545,9.63636363636364,99,9.64646464646465
55,42,9.70909090909091,9.61904761904762,97,9.6701030927835
54,42,9.7037037037037,9.61904761904762,96,9.66666666666667
53,44,9.69811320754717,9.63636363636364,97,9.6701030927835
55,44,9.65454545454545,9.65909090909091,99,9.65656565656566
54,45,9.66666666666667,9.66666666666667,99,9.66666666666667
52,47,9.67307692307692,9.65957446808511,99,9.66666666666667
51,48,9.66666666666667,9.6875,99,9.67676767676768
53,45,9.69811320754717,9.66666666666667,98,9.68367346938776
54,45,9.7037037037037,9.71111111111111,99,9.70707070707071
54,44,9.72222222222222,9.61363636363636,98,9.6734693877551
57,42,9.73684210526316,9.57142857142857,99,9.66666666666667
55,41,9.72727272727273,9.60975609756098,96,9.67708333333333
55,38,9.72727272727273,9.63157894736842,93,9.68817204301075
53,41,9.73584905660377,9.65853658536585,94,9.70212765957447
56,42,9.69642857142857,9.66666666666667,98,9.68367346938776
52,46,9.71153846153846,9.69565217391304,98,9.70408163265306
49,50,9.71428571428571,9.68,99,9.6969696969697
48,51,9.75,9.68627450980392,99,9.71717171717172
52,47,9.73076923076923,9.70212765957447,99,9.71717171717172
55,44,9.70909090909091,9.68181818181818,99,9.6969696969697
56,42,9.73214285714286,9.64285714285714,98,9.69387755102041
56,43,9.73214285714286,9.6046511627907,99,9.67676767676768
55,41,9.69090909090909,9.65853658536585,96,9.67708333333333
53,45,9.69811320754717,9.68888888888889,98,9.69387755102041
53,44,9.69811320754717,9.70454545454546,97,9.70103092783505
52,46,9.67307692307692,9.71739130434783,98,9.69387755102041
53,46,9.64150943396226,9.73913043478261,99,9.68686868686869
52,47,9.69230769230769,9.76595744680851,99,9.72727272727273
57,42,9.73684210526316,9.73809523809524,99,9.73737373737374
60,39,9.76666666666667,9.76923076923077,99,9.76767676767677
59,38,9.76271186440678,9.78947368421053,97,9.77319587628866
59,38,9.76271186440678,9.76315789473684,97,9.76288659793815
59,38,9.69491525423729,9.76315789473684,97,9.72164948453608
58,41,9.68965517241379,9.78048780487805,99,9.72727272727273
57,41,9.71929824561403,9.75609756097561,98,9.73469387755102
57,41,9.70175438596491,9.75609756097561,98,9.72448979591837
58,41,9.68965517241379,9.75609756097561,99,9.71717171717172
58,41,9.67241379310345,9.78048780487805,99,9.71717171717172
59,40,9.74576271186441,9.825,99,9.77777777777778
60,39,9.8,9.84615384615385,99,9.81818181818182
63,36,9.80952380952381,9.83333333333333,99,9.81818181818182
66,33,9.83333333333333,9.87878787878788,99,9.84848484848485
64,32,9.84375,9.875,96,9.85416666666667
61,33,9.83606557377049,9.87878787878788,94,9.85106382978723
63,36,9.85714285714286,9.88888888888889,99,9.86868686868687
60,37,9.81666666666667,9.89189189189189,97,9.84536082474227
57,39,9.80701754385965,9.8974358974359,96,9.84375
60,39,9.8,9.84615384615385,99,9.81818181818182
55,44,9.81818181818182,9.86363636363636,99,9.83838383838384
56,43,9.82142857142857,9.88372093023256,99,9.84848484848485
56,43,9.85714285714286,9.88372093023256,99,9.86868686868687
57,42,9.85964912280702,9.85714285714286,99,9.85858585858586
58,39,9.86206896551724,9.84615384615385,97,9.85567010309278
58,37,9.86206896551724,9.89189189189189,95,9.87368421052632
53,46,9.84905660377358,9.91304347826087,99,9.87878787878788
54,45,9.85185185185185,9.91111111111111,99,9.87878787878788
53,45,9.84905660377358,9.91111111111111,98,9.87755102040816
58,41,9.79310344827586,9.90243902439024,99,9.83838383838384
57,42,9.78947368421053,9.90476190476191,99,9.83838383838384
55,44,9.78181818181818,9.90909090909091,99,9.83838383838384
54,45,9.74074074074074,9.86666666666667,99,9.7979797979798
56,42,9.76785714285714,9.85714285714286,98,9.80612244897959
57,40,9.78947368421053,9.875,97,9.82474226804124
56,40,9.78571428571429,9.85,96,9.8125
55,43,9.78181818181818,9.86046511627907,98,9.81632653061224
52,45,9.78846153846154,9.91111111111111,97,9.84536082474227
51,45,9.7843137254902,9.91111111111111,96,9.84375
53,45,9.79245283018868,9.91111111111111,98,9.8469387755102
52,47,9.78846153846154,9.95744680851064,99,9.86868686868687
48,51,9.77083333333333,9.96078431372549,99,9.86868686868687
51,48,9.62745098039216,9.95833333333333,99,9.78787878787879
54,45,9.62962962962963,9.95555555555556,99,9.77777777777778
60,39,9.65,9.97435897435897,99,9.77777777777778
59,36,9.66101694915254,9.97222222222222,95,9.77894736842105
58,39,9.68965517241379,9.94871794871795,97,9.79381443298969
55,43,9.67272727272727,9.95348837209302,98,9.79591836734694
53,42,9.66037735849057,9.95238095238095,95,9.78947368421053
56,39,9.67857142857143,9.94871794871795,95,9.78947368421053
54,44,9.68518518518519,9.95454545454546,98,9.80612244897959
52,47,9.71153846153846,9.95744680851064,99,9.82828282828283
51,48,9.72549019607843,9.97916666666667,99,9.84848484848485
54,45,9.68518518518519,9.97777777777778,99,9.81818181818182
57,42,9.70175438596491,9.97619047619048,99,9.81818181818182
61,38,9.63934426229508,9.97368421052632,99,9.76767676767677
61,36,9.63934426229508,9.97222222222222,97,9.76288659793815
57,40,9.68421052631579,9.975,97,9.80412371134021
57,40,9.71929824561403,9.95,97,9.81443298969072
54,40,9.74074074074074,9.95,94,9.82978723404255
53,45,9.75471698113208,9.95555555555556,98,9.8469387755102
54,45,9.75925925925926,9.95555555555556,99,9.84848484848485
52,47,9.75,9.97872340425532,99,9.85858585858586
57,42,9.78947368421053,9.97619047619048,99,9.86868686868687
62,37,9.82258064516129,9.97297297297297,99,9.87878787878788
64,34,9.8125,9.97058823529412,98,9.86734693877551
65,33,9.76923076923077,9.96969696969697,98,9.83673469387755
59,40,9.76271186440678,9.975,99,9.84848484848485
56,41,9.64285714285714,9.97560975609756,97,9.78350515463918
55,41,9.63636363636364,9.95121951219512,96,9.77083333333333
58,41,9.67241379310345,9.95121951219512,99,9.78787878787879
52,47,9.69230769230769,9.95744680851064,99,9.81818181818182
49,50,9.69387755102041,9.96,99,9.82828282828283
49,50,9.73469387755102,9.96,99,9.84848484848485
53,46,9.77358490566038,9.95652173913044,99,9.85858585858586
57,40,9.82456140350877,9.975,97,9.88659793814433
60,39,9.81666666666667,9.97435897435897,99,9.87878787878788
57,41,9.80701754385965,9.97560975609756,98,9.87755102040816
54,42,9.77777777777778,9.97619047619048,96,9.86458333333333
54,40,9.77777777777778,9.975,94,9.86170212765957
58,40,9.82758620689655,9.95,98,9.87755102040816
54,45,9.7037037037037,9.95555555555556,99,9.81818181818182
50,49,9.72,9.97959183673469,99,9.84848484848485
46,53,9.71739130434783,10.0,99,9.86868686868687
50,49,9.74,10.0,99,9.86868686868687
52,47,9.75,10.0,99,9.86868686868687
51,46,9.80392156862745,10.0,97,9.89690721649485
51,46,9.7843137254902,10.0,97,9.88659793814433
47,51,9.82978723404255,10.0,98,9.91836734693878
47,50,9.80851063829787,10.0,97,9.90721649484536
49,49,9.81632653061224,10.0,98,9.90816326530612
46,53,9.80434782608696,10.0,99,9.90909090909091
44,55,9.84090909090909,10.0,99,9.92929292929293
39,60,9.82051282051282,10.0,99,9.92929292929293
39,60,9.84615384615385,10.0,99,9.93939393939394
43,56,9.86046511627907,10.0,99,9.93939393939394
50,49,9.88,10.0,99,9.93939393939394
48,48,9.91666666666667,10.0,96,9.95833333333333
46,53,9.91304347826087,10.0,99,9.95959595959596
43,53,9.90697674418605,10.0,96,9.95833333333333
44,52,9.88636363636364,10.0,96,9.94791666666667
47,50,9.8936170212766,10.0,97,9.94845360824742
44,54,9.88636363636364,10.0,98,9.94897959183673
40,58,9.925,10.0,98,9.96938775510204
42,57,9.95238095238095,10.0,99,9.97979797979798
44,54,9.95454545454546,10.0,98,9.97959183673469
47,52,9.97872340425532,10.0,99,9.98989898989899
51,48,9.96078431372549,10.0,99,9.97979797979798
47,52,9.95744680851064,10.0,99,9.97979797979798
46,51,9.95652173913044,10.0,97,9.97938144329897
45,51,9.95555555555556,10.0,96,9.97916666666667
49,49,9.95918367346939,10.0,98,9.97959183673469
47,51,9.93617021276596,10.0,98,9.96938775510204
45,54,9.93333333333333,10.0,99,9.96969696969697
42,57,9.92857142857143,10.0,99,9.96969696969697
41,57,9.95121951219512,10.0,98,9.97959183673469
46,53,9.95652173913044,10.0,99,9.97979797979798
48,50,9.95833333333333,10.0,98,9.97959183673469
45,54,9.93333333333333,10.0,99,9.96969696969697
41,58,9.95121951219512,10.0,99,9.97979797979798
39,57,9.94871794871795,10.0,96,9.97916666666667
41,56,9.97560975609756,10.0,97,9.98969072164948
40,59,9.975,10.0,99,9.98989898989899
39,60,9.97435897435897,10.0,99,9.98989898989899
34,65,10.0,10.0,99,10.0
38,61,10.0,10.0,99,10.0
44,55,10.0,10.0,99,10.0
48,50,10.0,10.0,98,10.0
48,48,10.0,10.0,96,10.0
45,54,10.0,10.0,99,10.0
43,54,10.0,10.0,97,10.0
47,52,10.0,10.0,99,10.0
46,53,10.0,10.0,99,10.0
42,57,10.0,10.0,99,10.0
37,62,10.0,10.0,99,10.0
36,63,10.0,10.0,99,10.0
39,60,10.0,10.0,99,10.0
42,57,10.0,10.0,99,10.0
42,56,10.0,10.0,98,10.0
41,58,10.0,10.0,99,10.0
40,58,10.0,10.0,98,10.0
40,56,10.0,10.0,96,10.0
48,50,10.0,10.0,98,10.0
46,53,10.0,10.0,99,10.0
43,56,10.0,10.0,99,10.0
40,59,10.0,10.0,99,10.0
40,58,10.0,10.0,98,10.0
46,53,10.0,10.0,99,10.0
46,52,10.0,10.0,98,10.0
42,56,10.0,10.0,98,10.0
42,56,10.0,10.0,98,10.0
40,54,10.0,10.0,94,10.0
48,51,10.0,10.0,99,10.0
43,56,10.0,10.0,99,10.0
41,58,10.0,10.0,99,10.0
39,60,10.0,10.0,99,10.0
40,59,10.0,10.0,99,10.0
42,57,10.0,10.0,99,10.0
45,53,10.0,10.0,98,10.0
44,54,10.0,10.0,98,10.0
44,52,10.0,10.0,96,10.0
42,50,10.0,10.0,92,10.0
51,48,10.0,10.0,99,10.0
49,48,10.0,10.0,97,10.0
48,51,10.0,10.0,99,10.0
42,57,10.0,10.0,99,10.0
39,60,10.0,10.0,99,10.0
42,57,10.0,10.0,99,10.0
45,54,10.0,10.0,99,10.0
46,52,10.0,10.0,98,10.0
45,52,10.0,10.0,97,10.0
42,53,10.0,10.0,95,10.0
47,52,10.0,10.0,99,10.0
50,48,10.0,10.0,98,10.0
48,51,10.0,10.0,99,10.0
45,54,10.0,10.0,99,10.0
39,60,10.0,10.0,99,10.0
37,62,10.0,10.0,99,10.0
41,58,10.0,10.0,99,10.0
45,53,10.0,10.0,98,10.0
43,53,10.0,10.0,96,10.0
41,54,10.0,10.0,95,10.0
42,53,10.0,10.0,95,10.0
49,49,10.0,10.0,98,10.0
48,51,10.0,10.0,99,10.0
46,53,10.0,10.0,99,10.0
44,55,10.0,10.0,99,10.0
40,59,10.0,10.0,99,10.0
42,57,10.0,10.0,99,10.0
47,52,10.0,10.0,99,10.0
45,53,10.0,10.0,98,10.0
43,55,10.0,10.0,98,10.0
42,53,10.0,10.0,95,10.0
49,50,10.0,10.0,99,10.0
48,50,10.0,10.0,98,10.0
42,57,10.0,10.0,99,10.0
37,62,10.0,10.0,99,10.0
35,64,10.0,10.0,99,10.0
38,61,10.0,10.0,99,10.0
44,55,10.0,10.0,99,10.0
43,54,10.0,10.0,97,10.0
41,55,10.0,10.0,96,10.0
41,55,10.0,10.0,96,10.0
46,53,10.0,10.0,99,10.0
47,50,10.0,10.0,97,10.0
45,54,10.0,10.0,99,10.0
40,59,10.0,10.0,99,10.0
38,61,10.0,10.0,99,10.0
38,61,10.0,10.0,99,10.0
41,58,10.0,10.0,99,10.0
46,53,9.97826086956522,10.0,99,9.98989898989899
43,56,9.97674418604651,10.0,99,9.98989898989899
40,56,9.975,10.0,96,9.98958333333333
44,53,9.97727272727273,10.0,97,9.98969072164948
48,50,9.97916666666667,10.0,98,9.98979591836735
46,53,10.0,10.0,99,10.0
40,56,10.0,10.0,96,10.0
36,63,10.0,10.0,99,10.0
34,64,10.0,9.984375,98,9.98979591836735
36,63,10.0,9.98412698412698,99,9.98989898989899
40,59,10.0,9.98305084745763,99,9.98989898989899
39,58,10.0,9.98275862068965,97,9.98969072164948
36,60,10.0,9.98333333333333,96,9.98958333333333
36,58,10.0,9.98275862068965,94,9.98936170212766
43,55,10.0,9.98181818181818,98,9.98979591836735
41,58,10.0,10.0,99,10.0
36,62,10.0,10.0,98,10.0
31,68,10.0,10.0,99,10.0
29,70,10.0,10.0,99,10.0
31,68,10.0,10.0,99,10.0
33,66,10.0,10.0,99,10.0
35,64,10.0,10.0,99,10.0
34,63,10.0,10.0,97,10.0
34,61,10.0,10.0,95,10.0
39,60,10.0,10.0,99,10.0
40,58,10.0,10.0,98,10.0
40,59,10.0,10.0,99,10.0
38,61,10.0,10.0,99,10.0
35,64,10.0,9.984375,99,9.98989898989899
34,64,10.0,9.984375,98,9.98979591836735
36,63,10.0,9.98412698412698,99,9.98989898989899
41,58,10.0,9.98275862068965,99,9.98989898989899
40,58,10.0,9.98275862068965,98,9.98979591836735
39,59,10.0,9.98305084745763,98,9.98979591836735
43,56,10.0,9.98214285714286,99,9.98989898989899
47,52,10.0,9.98076923076923,99,9.98989898989899
41,58,10.0,9.98275862068965,99,9.98989898989899
36,63,10.0,9.96825396825397,99,9.97979797979798
34,65,10.0,9.98461538461538,99,9.98989898989899
33,66,10.0,9.98484848484848,99,9.98989898989899
31,68,10.0,9.97058823529412,99,9.97979797979798
38,61,10.0,9.9672131147541,99,9.97979797979798
39,59,10.0,9.96610169491525,98,9.97959183673469
39,57,10.0,9.96491228070176,96,9.97916666666667
40,56,10.0,9.96428571428571,96,9.97916666666667
46,53,10.0,9.9622641509434,99,9.97979797979798
44,55,10.0,9.96363636363636,99,9.97979797979798
40,59,10.0,9.98305084745763,99,9.98989898989899
38,61,10.0,9.98360655737705,99,9.98989898989899
36,63,10.0,9.98412698412698,99,9.98989898989899
37,62,10.0,9.98387096774194,99,9.98989898989899
37,61,9.97297297297297,9.9672131147541,98,9.96938775510204
44,55,9.97727272727273,9.96363636363636,99,9.96969696969697
42,55,9.97619047619048,9.96363636363636,97,9.96907216494845
42,54,9.97619047619048,9.96296296296296,96,9.96875
49,50,9.97959183673469,9.98,99,9.97979797979798
52,46,9.98076923076923,9.97826086956522,98,9.97959183673469
50,49,9.98,9.97959183673469,99,9.97979797979798
45,54,9.97777777777778,9.98148148148148,99,9.97979797979798
41,57,9.97560975609756,9.98245614035088,98,9.97959183673469
42,57,9.97619047619048,9.98245614035088,99,9.97979797979798
41,57,9.97560975609756,9.98245614035088,98,9.97959183673469
46,53,9.97826086956522,9.9811320754717,99,9.97979797979798
50,49,9.96,9.97959183673469,99,9.96969696969697
47,49,9.95744680851064,9.97959183673469,96,9.96875
50,49,9.96,9.97959183673469,99,9.96969696969697
52,46,9.96153846153846,9.97826086956522,98,9.96938775510204
50,48,9.96,9.97916666666667,98,9.96938775510204
47,52,9.95744680851064,9.98076923076923,99,9.96969696969697
44,55,9.95454545454546,9.98181818181818,99,9.96969696969697
40,55,9.95,9.98181818181818,95,9.96842105263158
39,57,9.94871794871795,9.98245614035088,96,9.96875
45,54,9.95555555555556,9.98148148148148,99,9.96969696969697
48,51,9.95833333333333,9.98039215686275,99,9.96969696969697
48,51,9.95833333333333,9.96078431372549,99,9.95959595959596
50,49,9.96,9.95918367346939,99,9.95959595959596
58,41,9.96551724137931,9.97560975609756,99,9.96969696969697
58,41,9.96551724137931,9.97560975609756,99,9.96969696969697
53,42,9.9622641509434,9.97619047619048,95,9.96842105263158
51,47,9.96078431372549,9.97872340425532,98,9.96938775510204
47,51,9.95744680851064,9.98039215686275,98,9.96938775510204
46,51,9.95652173913044,9.98039215686275,97,9.96907216494845
47,50,9.95744680851064,10.0,97,9.97938144329897
48,51,9.97916666666667,10.0,99,9.98989898989899
48,51,9.97916666666667,10.0,99,9.98989898989899
48,51,9.97916666666667,10.0,99,9.98989898989899
53,46,9.9622641509434,10.0,99,9.97979797979798
52,47,9.98076923076923,10.0,99,9.98989898989899
48,50,9.97916666666667,10.0,98,9.98979591836735
46,53,9.97826086956522,10.0,99,9.98989898989899
45,54,9.97777777777778,10.0,99,9.98989898989899
42,56,9.97619047619048,10.0,98,9.98979591836735
43,55,9.97674418604651,10.0,98,9.98979591836735
43,54,9.97674418604651,10.0,97,9.98969072164948
49,50,9.97959183673469,10.0,99,9.98989898989899
52,47,9.98076923076923,10.0,99,9.98989898989899
57,42,9.98245614035088,10.0,99,9.98989898989899
60,39,9.96666666666667,10.0,99,9.97979797979798
54,44,9.96296296296296,10.0,98,9.97959183673469
49,50,9.97959183673469,10.0,99,9.98989898989899
47,50,9.97872340425532,10.0,97,9.98969072164948
46,51,9.97826086956522,10.0,97,9.98969072164948
45,51,9.97777777777778,10.0,96,9.98958333333333
46,48,9.97826086956522,10.0,94,9.98936170212766
51,48,9.98039215686275,10.0,99,9.98989898989899
55,44,9.98181818181818,10.0,99,9.98989898989899
57,42,9.98245614035088,10.0,99,9.98989898989899
63,36,9.98412698412698,10.0,99,9.98989898989899
60,39,9.98333333333333,10.0,99,9.98989898989899
58,41,9.96551724137931,10.0,99,9.97979797979798
53,43,9.9622641509434,10.0,96,9.97916666666667
51,46,9.96078431372549,10.0,97,9.97938144329897
50,48,9.96,10.0,98,9.97959183673469
53,46,9.9811320754717,10.0,99,9.98989898989899
53,45,9.9811320754717,10.0,98,9.98979591836735
56,43,9.98214285714286,10.0,99,9.98989898989899
55,44,9.98181818181818,10.0,99,9.98989898989899
60,39,9.98333333333333,10.0,99,9.98989898989899
61,38,9.98360655737705,10.0,99,9.98989898989899
57,40,9.98245614035088,10.0,97,9.98969072164948
56,42,9.96428571428571,10.0,98,9.97959183673469
54,44,9.98148148148148,10.0,98,9.98979591836735
51,45,9.98039215686275,10.0,96,9.98958333333333
56,43,9.96428571428571,10.0,99,9.97979797979798
56,42,9.96428571428571,10.0,98,9.97959183673469
57,42,9.96491228070176,10.0,99,9.97979797979798
58,40,9.98275862068965,10.0,98,9.98979591836735
57,42,9.98245614035088,10.0,99,9.98989898989899
60,39,9.98333333333333,10.0,99,9.98989898989899
57,42,9.98245614035088,10.0,99,9.98989898989899
55,44,9.98181818181818,10.0,99,9.98989898989899
49,49,9.97959183673469,10.0,98,9.98979591836735
47,52,9.97872340425532,10.0,99,9.98989898989899
49,50,9.97959183673469,10.0,99,9.98989898989899
49,47,9.97959183673469,10.0,96,9.98958333333333
53,46,9.9622641509434,10.0,99,9.97979797979798
57,41,9.96491228070176,10.0,98,9.97959183673469
59,40,9.96610169491525,10.0,99,9.97979797979798
61,38,9.98360655737705,10.0,99,9.98989898989899
61,38,9.98360655737705,10.0,99,9.98989898989899
57,40,9.98245614035088,10.0,97,9.98969072164948
57,42,9.98245614035088,10.0,99,9.98989898989899
54,44,9.98148148148148,10.0,98,9.98979591836735
52,43,9.98076923076923,10.0,95,9.98947368421053
59,39,9.98305084745763,10.0,98,9.98979591836735
62,37,9.98387096774194,10.0,99,9.98989898989899
64,35,9.96875,10.0,99,9.97979797979798
68,31,9.97058823529412,10.0,99,9.97979797979798
68,31,9.97058823529412,10.0,99,9.97979797979798
70,29,9.98571428571429,10.0,99,9.98989898989899
68,31,9.98529411764706,10.0,99,9.98989898989899
65,33,9.98461538461538,10.0,98,9.98979591836735
61,37,9.98360655737705,10.0,98,9.98979591836735
59,39,9.98305084745763,10.0,98,9.98979591836735
61,38,9.98360655737705,10.0,99,9.98989898989899
64,34,9.984375,10.0,98,9.98979591836735
61,35,9.98360655737705,10.0,96,9.98958333333333
67,32,9.97014925373134,10.0,99,9.97979797979798
69,30,9.97101449275362,10.0,99,9.97979797979798
71,28,9.97183098591549,10.0,99,9.97979797979798
69,30,9.97101449275362,10.0,99,9.97979797979798
66,33,9.96969696969697,10.0,99,9.97979797979798
60,39,9.96666666666667,10.0,99,9.97979797979798
55,42,9.96363636363636,10.0,97,9.97938144329897
58,41,9.96551724137931,10.0,99,9.97979797979798
59,38,9.96610169491525,10.0,97,9.97938144329897
60,38,9.96666666666667,10.0,98,9.97959183673469
64,35,9.96875,10.0,99,9.97979797979798
65,34,9.95384615384615,10.0,99,9.96969696969697
69,30,9.92753623188406,10.0,99,9.94949494949495
69,30,9.92753623188406,10.0,99,9.94949494949495
65,33,9.92307692307692,10.0,98,9.94897959183673
64,35,9.921875,10.0,99,9.94949494949495
58,41,9.91379310344828,10.0,99,9.94949494949495
56,39,9.91071428571429,10.0,95,9.94736842105263
62,36,9.91935483870968,10.0,98,9.94897959183673
66,33,9.92424242424242,10.0,99,9.94949494949495
66,31,9.92424242424242,10.0,97,9.94845360824742
69,30,9.92753623188406,10.0,99,9.94949494949495
72,27,9.91666666666667,10.0,99,9.93939393939394
73,26,9.86301369863014,10.0,99,9.8989898989899
69,28,9.8695652173913,10.0,97,9.90721649484536
66,28,9.87878787878788,10.0,94,9.91489361702128
59,40,9.88135593220339,10.0,99,9.92929292929293
55,39,9.87272727272727,10.0,94,9.92553191489362
60,38,9.9,10.0,98,9.93877551020408
60,37,9.9,10.0,97,9.93814432989691
63,34,9.90476190476191,10.0,97,9.93814432989691
66,33,9.92424242424242,10.0,99,9.94949494949495
70,29,9.95714285714286,10.0,99,9.96969696969697
70,26,9.95714285714286,10.0,96,9.96875
69,30,9.95652173913044,10.0,99,9.96969696969697
65,31,9.93846153846154,10.0,96,9.95833333333333
61,38,9.9344262295082,10.0,99,9.95959595959596
57,42,9.92982456140351,10.0,99,9.95959595959596
59,40,9.93220338983051,10.0,99,9.95959595959596
60,39,9.93333333333333,10.0,99,9.95959595959596
60,38,9.93333333333333,10.0,98,9.95918367346939
61,37,9.95081967213115,10.0,98,9.96938775510204
66,33,9.95454545454546,10.0,99,9.96969696969697
71,28,9.95774647887324,10.0,99,9.96969696969697
72,26,9.95833333333333,10.0,98,9.96938775510204
69,28,9.95652173913044,10.0,97,9.96907216494845
69,30,9.91304347826087,10.0,99,9.93939393939394
62,37,9.91935483870968,10.0,99,9.94949494949495
59,38,9.91525423728813,10.0,97,9.94845360824742
63,36,9.92063492063492,10.0,99,9.94949494949495
64,35,9.9375,10.0,99,9.95959595959596
62,33,9.93548387096774,10.0,95,9.95789473684211
69,30,9.94202898550725,10.0,99,9.95959595959596
75,24,9.94666666666667,10.0,99,9.95959595959596
76,22,9.96052631578947,10.0,98,9.96938775510204
73,26,9.95890410958904,10.0,99,9.96969696969697
69,28,9.95652173913044,10.0,97,9.96907216494845
67,32,9.94029850746269,10.0,99,9.95959595959596
63,36,9.93650793650794,10.0,99,9.95959595959596
70,28,9.94285714285714,10.0,98,9.95918367346939
73,26,9.94520547945205,10.0,99,9.95959595959596
71,24,9.94366197183099,10.0,95,9.95789473684211
73,24,9.94520547945205,10.0,97,9.95876288659794
78,21,9.94871794871795,10.0,99,9.95959595959596
79,19,9.94936708860759,10.0,98,9.95918367346939
77,22,9.94805194805195,10.0,99,9.95959595959596
75,23,9.94666666666667,10.0,98,9.95918367346939
70,29,9.94285714285714,10.0,99,9.95959595959596
66,29,9.93939393939394,10.0,95,9.95789473684211
73,26,9.9041095890411,10.0,99,9.92929292929293
77,22,9.90909090909091,10.0,99,9.92929292929293
75,22,9.90666666666667,10.0,97,9.92783505154639
76,22,9.9078947368421,10.0,98,9.92857142857143
78,21,9.92307692307692,10.0,99,9.93939393939394
79,19,9.92405063291139,10.0,98,9.93877551020408
81,18,9.92592592592593,10.0,99,9.93939393939394
74,24,9.91891891891892,10.0,98,9.93877551020408
71,28,9.94366197183099,10.0,99,9.95959595959596
66,32,9.93939393939394,10.0,98,9.95918367346939
68,31,9.94117647058824,10.0,99,9.95959595959596
71,28,9.88732394366197,10.0,99,9.91919191919192
73,26,9.89041095890411,10.0,99,9.91919191919192
72,25,9.88888888888889,10.0,97,9.91752577319588
74,25,9.89189189189189,10.0,99,9.91919191919192
74,23,9.89189189189189,10.0,97,9.91752577319588
77,21,9.8961038961039,10.0,98,9.91836734693878
72,27,9.88888888888889,10.0,99,9.91919191919192
70,29,9.88571428571429,10.0,99,9.91919191919192
66,32,9.87878787878788,10.0,98,9.91836734693878
66,33,9.87878787878788,10.0,99,9.91919191919192
68,30,9.88235294117647,10.0,98,9.91836734693878
69,30,9.85507246376812,10.0,99,9.8989898989899
71,28,9.80281690140845,10.0,99,9.85858585858586
73,26,9.82191780821918,10.0,99,9.86868686868687
75,24,9.82666666666667,10.0,99,9.86868686868687
76,23,9.82894736842105,10.0,99,9.86868686868687
73,26,9.84931506849315,10.0,99,9.88888888888889
69,29,9.84057971014493,10.0,98,9.88775510204082
63,36,9.84126984126984,10.0,99,9.8989898989899
62,36,9.83870967741935,10.0,98,9.89795918367347
64,33,9.875,10.0,97,9.91752577319588
64,33,9.890625,10.0,97,9.92783505154639
66,33,9.89393939393939,10.0,99,9.92929292929293
69,30,9.85507246376812,10.0,99,9.8989898989899
72,27,9.80555555555556,10.0,99,9.85858585858586
74,25,9.81081081081081,10.0,99,9.85858585858586
74,24,9.83783783783784,10.0,98,9.87755102040816
68,29,9.82352941176471,10.0,97,9.87628865979381
63,36,9.80952380952381,10.0,99,9.87878787878788
58,41,9.8448275862069,10.0,99,9.90909090909091
62,36,9.87096774193548,10.0,98,9.91836734693878
64,34,9.875,10.0,98,9.91836734693878
64,32,9.875,10.0,96,9.91666666666667
69,30,9.88405797101449,10.0,99,9.91919191919192
71,28,9.87323943661972,10.0,99,9.90909090909091
73,26,9.82191780821918,10.0,99,9.86868686868687
74,25,9.85135135135135,10.0,99,9.88888888888889
70,29,9.84285714285714,10.0,99,9.88888888888889
64,35,9.84375,10.0,99,9.8989898989899
55,44,9.83636363636364,10.0,99,9.90909090909091
59,40,9.84745762711864,10.0,99,9.90909090909091
60,37,9.85,10.0,97,9.90721649484536
61,36,9.85245901639344,10.0,97,9.90721649484536
63,35,9.85714285714286,10.0,98,9.90816326530612
66,32,9.86363636363636,10.0,98,9.90816326530612
64,32,9.890625,10.0,96,9.92708333333333
69,30,9.85507246376812,10.0,99,9.8989898989899
70,29,9.81428571428571,10.0,99,9.86868686868687
65,34,9.84615384615385,10.0,99,9.8989898989899
59,40,9.86440677966102,10.0,99,9.91919191919192
57,41,9.87719298245614,10.0,98,9.92857142857143
60,39,9.88333333333333,10.0,99,9.92929292929293
58,39,9.87931034482759,10.0,97,9.92783505154639
59,38,9.88135593220339,10.0,97,9.92783505154639
61,37,9.88524590163934,10.0,98,9.92857142857143
64,34,9.890625,10.0,98,9.92857142857143
66,33,9.89393939393939,10.0,99,9.92929292929293
69,30,9.85507246376812,10.0,99,9.8989898989899
68,31,9.83823529411765,10.0,99,9.88888888888889
65,34,9.81538461538462,10.0,99,9.87878787878788
58,41,9.81034482758621,10.0,99,9.88888888888889
61,38,9.80327868852459,10.0,99,9.87878787878788
62,36,9.80645161290323,10.0,98,9.87755102040816
61,34,9.80327868852459,10.0,95,9.87368421052632
66,32,9.81818181818182,10.0,98,9.87755102040816
67,30,9.82089552238806,10.0,97,9.87628865979381
68,30,9.82352941176471,10.0,98,9.87755102040816
69,29,9.84057971014493,10.0,98,9.88775510204082
67,32,9.85074626865672,10.0,99,9.8989898989899
65,34,9.83076923076923,10.0,99,9.88888888888889
60,39,9.85,10.0,99,9.90909090909091
61,38,9.83606557377049,10.0,99,9.8989898989899
64,35,9.828125,10.0,99,9.88888888888889
63,34,9.84126984126984,10.0,97,9.89690721649485
66,33,9.84848484848485,10.0,99,9.8989898989899
66,33,9.86363636363636,10.0,99,9.90909090909091
65,31,9.86153846153846,10.0,96,9.90625
68,30,9.86764705882353,10.0,98,9.90816326530612
69,30,9.89855072463768,10.0,99,9.92929292929293
65,34,9.90769230769231,10.0,99,9.93939393939394
60,38,9.88333333333333,10.0,98,9.92857142857143
58,41,9.87931034482759,10.0,99,9.92929292929293
62,37,9.83870967741935,10.0,99,9.8989898989899
63,35,9.85714285714286,10.0,98,9.90816326530612
64,35,9.84375,10.0,99,9.8989898989899
66,33,9.86363636363636,10.0,99,9.90909090909091
65,33,9.89230769230769,10.0,98,9.92857142857143
68,31,9.89705882352941,10.0,99,9.92929292929293
67,32,9.8955223880597,10.0,99,9.92929292929293
67,32,9.8955223880597,10.0,99,9.92929292929293
62,37,9.90322580645161,10.0,99,9.93939393939394
56,43,9.875,10.0,99,9.92929292929293
57,42,9.85964912280702,10.0,99,9.91919191919192
59,40,9.89830508474576,10.0,99,9.93939393939394
57,39,9.89473684210526,10.0,96,9.9375
61,37,9.88524590163934,10.0,98,9.92857142857143
63,36,9.88888888888889,10.0,99,9.92929292929293
62,34,9.88709677419355,10.0,96,9.92708333333333
66,33,9.89393939393939,10.0,99,9.92929292929293
66,33,9.89393939393939,10.0,99,9.92929292929293
63,36,9.88888888888889,10.0,99,9.92929292929293
56,43,9.875,10.0,99,9.92929292929293
52,46,9.88461538461539,10.0,98,9.93877551020408
54,45,9.90740740740741,10.0,99,9.94949494949495
55,42,9.90909090909091,10.0,97,9.94845360824742
57,40,9.92982456140351,10.0,97,9.95876288659794
63,36,9.90476190476191,10.0,99,9.93939393939394
63,35,9.90476190476191,10.0,98,9.93877551020408
63,35,9.90476190476191,10.0,98,9.93877551020408
65,34,9.90769230769231,10.0,99,9.93939393939394
61,37,9.90163934426229,10.0,98,9.93877551020408
53,46,9.88679245283019,10.0,99,9.93939393939394
47,52,9.8936170212766,10.0,99,9.94949494949495
50,49,9.9,10.0,99,9.94949494949495
54,44,9.88888888888889,10.0,98,9.93877551020408
57,42,9.89473684210526,10.0,99,9.93939393939394
54,41,9.88888888888889,10.0,95,9.93684210526316
56,41,9.91071428571429,10.0,97,9.94845360824742
59,37,9.89830508474576,10.0,96,9.9375
61,36,9.90163934426229,10.0,97,9.93814432989691
57,42,9.92982456140351,10.0,99,9.95959595959596
51,48,9.92156862745098,10.0,99,9.95959595959596
47,52,9.93617021276596,10.0,99,9.96969696969697
46,53,9.95652173913044,10.0,99,9.97979797979798
52,47,9.94230769230769,10.0,99,9.96969696969697
55,44,9.92727272727273,10.0,99,9.95959595959596
56,42,9.92857142857143,10.0,98,9.95918367346939
57,40,9.94736842105263,10.0,97,9.96907216494845
59,38,9.94915254237288,10.0,97,9.96907216494845
59,38,9.94915254237288,10.0,97,9.96907216494845
57,42,9.94736842105263,10.0,99,9.96969696969697
53,46,9.9622641509434,10.0,99,9.97979797979798
49,50,9.95918367346939,10.0,99,9.97979797979798
47,52,9.95744680851064,10.0,99,9.97979797979798
51,48,9.98039215686275,10.0,99,9.98989898989899
55,44,10.0,10.0,99,10.0
59,40,10.0,10.0,99,10.0
60,38,10.0,10.0,98,10.0
64,35,10.0,10.0,99,10.0
61,34,10.0,10.0,95,10.0
64,34,10.0,10.0,98,10.0
59,40,10.0,10.0,99,10.0
54,44,10.0,10.0,98,10.0
50,48,10.0,10.0,98,10.0
53,44,10.0,10.0,97,10.0
58,41,10.0,10.0,99,10.0
61,38,10.0,10.0,99,10.0
62,36,10.0,10.0,98,10.0
65,33,10.0,10.0,98,10.0
67,28,10.0,10.0,95,10.0
70,27,10.0,10.0,97,10.0
68,31,10.0,10.0,99,10.0
64,35,10.0,10.0,99,10.0
59,40,10.0,10.0,99,10.0
60,38,10.0,10.0,98,10.0
64,35,10.0,10.0,99,10.0
67,32,10.0,10.0,99,10.0
70,29,10.0,10.0,99,10.0
69,28,10.0,10.0,97,10.0
70,27,10.0,10.0,97,10.0
68,27,10.0,10.0,95,10.0
65,34,10.0,10.0,99,10.0
63,36,10.0,9.97222222222222,99,9.98989898989899
59,40,10.0,9.975,99,9.98989898989899
58,40,10.0,9.975,98,9.98979591836735
61,38,10.0,9.97368421052632,99,9.98989898989899
63,36,10.0,9.97222222222222,99,9.98989898989899
68,31,10.0,9.96774193548387,99,9.98989898989899
73,25,10.0,10.0,98,10.0
76,23,10.0,10.0,99,10.0
73,23,10.0,10.0,96,10.0
73,26,10.0,10.0,99,10.0
67,32,10.0,10.0,99,10.0
66,33,10.0,10.0,99,10.0
63,34,10.0,10.0,97,10.0
65,33,10.0,10.0,98,10.0
66,32,10.0,10.0,98,10.0
69,30,10.0,10.0,99,10.0
70,29,10.0,10.0,99,10.0
71,28,10.0,10.0,99,10.0
71,25,10.0,10.0,96,10.0
70,29,10.0,10.0,99,10.0
67,31,10.0,10.0,98,10.0
65,33,10.0,10.0,98,10.0
62,35,10.0,10.0,97,10.0
63,32,10.0,10.0,95,10.0
69,30,10.0,10.0,99,10.0
71,28,10.0,10.0,99,10.0
75,24,10.0,10.0,99,10.0
75,24,9.98666666666667,10.0,99,9.98989898989899
78,20,10.0,10.0,98,10.0
77,20,10.0,10.0,97,10.0
73,26,10.0,10.0,99,10.0
73,25,10.0,10.0,98,10.0
69,30,10.0,10.0,99,10.0
65,29,10.0,10.0,94,10.0
70,26,10.0,10.0,96,10.0
75,24,10.0,10.0,99,10.0
74,24,10.0,10.0,98,10.0
77,22,10.0,10.0,99,10.0
78,21,10.0,10.0,99,10.0
77,20,10.0,10.0,97,10.0
74,24,10.0,10.0,98,10.0
73,25,10.0,10.0,98,10.0
72,27,10.0,10.0,99,10.0
67,30,10.0,10.0,97,10.0
72,27,10.0,10.0,99,10.0
74,24,10.0,10.0,98,10.0
79,19,10.0,10.0,98,10.0
81,18,10.0,10.0,99,10.0
83,16,10.0,10.0,99,10.0
84,15,10.0,10.0,99,10.0
81,15,10.0,10.0,96,10.0
79,18,10.0,10.0,97,10.0
77,22,10.0,10.0,99,10.0
71,26,10.0,10.0,97,10.0
73,26,10.0,10.0,99,10.0
75,23,10.0,10.0,98,10.0
78,21,10.0,10.0,99,10.0
79,20,10.0,10.0,99,10.0
79,18,10.0,10.0,97,10.0
82,17,9.98780487804878,10.0,99,9.98989898989899
82,16,9.98780487804878,10.0,98,9.98979591836735
78,19,9.97435897435897,10.0,97,9.97938144329897
80,18,9.975,10.0,98,9.97959183673469
75,24,9.97333333333333,10.0,99,9.97979797979798
76,23,9.97368421052632,10.0,99,9.97979797979798
77,22,9.96103896103896,10.0,99,9.96969696969697
80,19,9.9625,10.0,99,9.96969696969697
81,18,9.96296296296296,10.0,99,9.96969696969697
83,16,9.96385542168675,10.0,99,9.96969696969697
85,14,9.97647058823529,10.0,99,9.97979797979798
86,12,9.97674418604651,10.0,98,9.97959183673469
85,13,9.97647058823529,10.0,98,9.97959183673469
87,12,9.96551724137931,10.0,99,9.96969696969697
84,15,9.96428571428571,10.0,99,9.96969696969697
79,19,9.9620253164557,10.0,98,9.96938775510204
82,17,9.96341463414634,10.0,99,9.96969696969697
83,16,9.96385542168675,10.0,99,9.96969696969697
84,15,9.96428571428571,10.0,99,9.96969696969697
85,14,9.97647058823529,10.0,99,9.97979797979798
88,11,9.97727272727273,10.0,99,9.97979797979798
88,11,9.97727272727273,10.0,99,9.97979797979798
86,10,9.97674418604651,10.0,96,9.97916666666667
85,11,9.97647058823529,10.0,96,9.97916666666667
84,12,9.98809523809524,10.0,96,9.98958333333333
83,15,9.97590361445783,10.0,98,9.97959183673469
84,15,9.97619047619048,10.0,99,9.97979797979798
86,12,9.97674418604651,10.0,98,9.97959183673469
89,10,9.97752808988764,10.0,99,9.97979797979798
91,8,9.97802197802198,10.0,99,9.97979797979798
92,7,9.97826086956522,10.0,99,9.97979797979798
94,5,9.98936170212766,10.0,99,9.98989898989899
94,5,9.98936170212766,10.0,99,9.98989898989899
92,5,9.98913043478261,10.0,97,9.98969072164948
93,5,9.98924731182796,10.0,98,9.98979591836735
91,8,9.98901098901099,10.0,99,9.98989898989899
90,6,9.97777777777778,10.0,96,9.97916666666667
92,6,9.96739130434783,10.0,98,9.96938775510204
94,5,9.96808510638298,10.0,99,9.96969696969697
95,4,9.96842105263158,10.0,99,9.96969696969697
95,4,9.96842105263158,10.0,99,9.96969696969697
96,3,9.96875,10.0,99,9.96969696969697
96,3,9.96875,10.0,99,9.96969696969697
94,4,9.96808510638298,10.0,98,9.96938775510204
94,4,9.97872340425532,10.0,98,9.97959183673469
92,5,9.97826086956522,10.0,97,9.97938144329897
89,6,9.97752808988764,10.0,95,9.97894736842105
93,6,9.95698924731183,10.0,99,9.95959595959596
95,4,9.95789473684211,10.0,99,9.95959595959596
96,3,9.95833333333333,10.0,99,9.95959595959596
95,3,9.96842105263158,10.0,98,9.96938775510204
96,3,9.96875,10.0,99,9.96969696969697
97,2,9.96907216494845,10.0,99,9.96969696969697
95,2,9.96842105263158,10.0,97,9.96907216494845
96,2,9.96875,10.0,98,9.96938775510204
94,2,9.96808510638298,10.0,96,9.96875
92,2,9.96739130434783,10.0,94,9.96808510638298
93,2,9.96774193548387,10.0,95,9.96842105263158
97,2,9.96907216494845,10.0,99,9.96969696969697
97,2,9.93814432989691,10.0,99,9.93939393939394
97,2,9.93814432989691,10.0,99,9.93939393939394
97,2,9.95876288659794,10.0,99,9.95959595959596
97,2,9.95876288659794,10.0,99,9.95959595959596
97,2,9.95876288659794,10.0,99,9.95959595959596
93,4,9.95698924731183,10.0,97,9.95876288659794
92,4,9.95652173913044,10.0,96,9.95833333333333
92,4,9.95652173913044,10.0,96,9.95833333333333
92,4,9.96739130434783,10.0,96,9.96875
