forward_num,reverse_num,forward_rate,reverse_rate,organism_num,organism_rate,forward_num,reverse_num,forward_rate,reverse_rate,organism_num,organism_rate,forward_num,reverse_num,forward_rate,reverse_rate,organism_num,organism_rate
50,50,5.5,5.5,100,5.5,50,50,5.5,5.5,100,5.5,50,50,5.5,5.5,100,5.5
49,48,5.40816326530612,5.66666666666667,97,5.5360824742268,49,47,5.46938775510204,5.59574468085106,96,5.53125,49,47,5.42857142857143,5.48936170212766,96,5.45833333333333
47,47,5.38297872340426,5.70212765957447,94,5.54255319148936,48,47,5.4375,5.59574468085106,95,5.51578947368421,49,47,5.42857142857143,5.48936170212766,96,5.45833333333333
47,46,5.38297872340426,5.78260869565217,93,5.58064516129032,48,45,5.4375,5.6,93,5.51612903225806,46,46,5.47826086956522,5.56521739130435,92,5.52173913043478
47,46,5.38297872340426,5.78260869565217,93,5.58064516129032,48,45,5.4375,5.6,93,5.51612903225806,46,45,5.47826086956522,5.62222222222222,91,5.54945054945055
47,46,5.38297872340426,5.78260869565217,93,5.58064516129032,48,44,5.4375,5.54545454545455,92,5.48913043478261,46,44,5.47826086956522,5.54545454545455,90,5.51111111111111
47,45,5.38297872340426,5.82222222222222,92,5.59782608695652,47,44,5.48936170212766,5.54545454545455,91,5.51648351648352,45,43,5.57777777777778,5.55813953488372,88,5.56818181818182
46,44,5.32608695652174,5.88636363636364,90,5.6,46,43,5.41304347826087,5.58139534883721,89,5.49438202247191,45,42,5.57777777777778,5.54761904761905,87,5.5632183908046
46,44,5.32608695652174,5.88636363636364,90,5.6,46,43,5.41304347826087,5.58139534883721,89,5.49438202247191,45,42,5.57777777777778,5.54761904761905,87,5.5632183908046
46,44,5.32608695652174,5.88636363636364,90,5.6,46,42,5.41304347826087,5.52380952380952,88,5.46590909090909,45,42,5.57777777777778,5.54761904761905,87,5.5632183908046
46,44,5.32608695652174,5.88636363636364,90,5.6,46,42,5.41304347826087,5.52380952380952,88,5.46590909090909,45,42,5.57777777777778,5.54761904761905,87,5.5632183908046
47,49,5.70212765957447,6.30612244897959,96,6.01041666666667,50,47,5.9,6.0,97,5.94845360824742,48,47,6.04166666666667,6.02127659574468,95,6.03157894736842
49,49,5.83673469387755,6.55102040816327,98,6.19387755102041,54,44,6.12962962962963,6.29545454545455,98,6.20408163265306,48,49,6.22916666666667,6.24489795918367,97,6.23711340206186
49,49,5.83673469387755,6.61224489795918,98,6.22448979591837,57,42,6.28070175438596,6.42857142857143,99,6.34343434343434,51,48,6.47058823529412,6.1875,99,6.33333333333333
48,47,5.83333333333333,6.68085106382979,95,6.25263157894737,54,43,6.16666666666667,6.41860465116279,97,6.27835051546392,48,50,6.4375,6.26,98,6.3469387755102
48,50,5.72916666666667,6.82,98,6.28571428571429,53,46,6.37735849056604,6.39130434782609,99,6.38383838383838,49,50,6.40816326530612,6.26,99,6.33333333333333
47,49,5.80851063829787,6.77551020408163,96,6.30208333333333,52,45,6.34615384615385,6.33333333333333,97,6.34020618556701,48,49,6.4375,6.18367346938776,97,6.30927835051546
48,49,5.91666666666667,6.95918367346939,97,6.44329896907217,54,45,6.42592592592593,6.15555555555556,99,6.3030303030303,51,48,6.41176470588235,6.1875,99,6.3030303030303
47,48,5.87234042553191,6.91666666666667,95,6.4,50,42,6.46,6.09523809523809,92,6.29347826086957,49,46,6.40816326530612,6.23913043478261,95,6.32631578947368
45,47,5.82222222222222,6.97872340425532,92,6.41304347826087,49,40,6.55102040816327,6.175,89,6.38202247191011,48,46,6.39583333333333,6.23913043478261,94,6.31914893617021
44,47,5.75,6.97872340425532,91,6.38461538461539,49,40,6.55102040816327,6.175,89,6.38202247191011,45,45,6.53333333333333,6.22222222222222,90,6.37777777777778
48,51,5.91666666666667,6.98039215686275,99,6.46464646464646,55,44,6.8,6.18181818181818,99,6.52525252525253,48,51,6.85416666666667,6.54901960784314,99,6.6969696969697
46,51,5.84782608695652,7.23529411764706,97,6.57731958762887,53,44,6.67924528301887,6.22727272727273,97,6.47422680412371,45,53,6.84444444444444,6.79245283018868,98,6.81632653061224
50,49,6.2,7.3265306122449,99,6.75757575757576,57,42,6.94736842105263,6.14285714285714,99,6.60606060606061,47,52,6.91489361702128,7.13461538461539,99,7.03030303030303
49,50,6.26530612244898,7.36,99,6.81818181818182,54,42,7.05555555555556,6.28571428571429,96,6.71875,45,51,6.82222222222222,7.11764705882353,96,6.97916666666667
47,48,6.42553191489362,7.52083333333333,95,6.97894736842105,53,41,7.0377358490566,6.26829268292683,94,6.70212765957447,43,50,6.88372093023256,7.12,93,7.01075268817204
47,52,6.4468085106383,7.61538461538461,99,7.06060606060606,55,44,6.94545454545455,6.20454545454545,99,6.61616161616162,47,52,6.82978723404255,6.98076923076923,99,6.90909090909091
44,51,6.34090909090909,7.66666666666667,95,7.05263157894737,53,43,6.86792452830189,6.13953488372093,96,6.54166666666667,45,51,6.71111111111111,6.90196078431373,96,6.8125
43,50,6.3953488372093,7.62,93,7.05376344086022,52,41,6.82692307692308,6.21951219512195,93,6.55913978494624,45,50,6.71111111111111,6.86,95,6.78947368421053
42,50,6.30952380952381,7.62,92,7.02173913043478,54,43,6.7962962962963,6.25581395348837,97,6.55670103092783,47,50,6.72340425531915,6.86,97,6.79381443298969
43,52,6.32558139534884,7.55769230769231,95,7.0,52,44,6.75,6.25,96,6.52083333333333,47,48,6.80851063829787,6.75,95,6.77894736842105
46,53,6.73913043478261,7.71698113207547,99,7.26262626262626,56,43,7.125,6.2093023255814,99,6.72727272727273,52,47,7.15384615384615,6.8936170212766,99,7.03030303030303
42,57,6.59523809523809,8.0,99,7.4040404040404,54,44,7.27777777777778,6.79545454545455,98,7.06122448979592,50,47,7.18,6.91489361702128,97,7.05154639175258
39,55,6.66666666666667,8.12727272727273,94,7.52127659574468,52,41,7.21153846153846,6.85365853658537,93,7.05376344086022,48,46,7.16666666666667,6.93478260869565,94,7.0531914893617
41,58,6.36585365853659,7.8448275862069,99,7.23232323232323,56,43,6.94642857142857,6.65116279069767,99,6.81818181818182,54,45,7.03703703703704,6.66666666666667,99,6.86868686868687
41,58,6.46341463414634,7.8448275862069,99,7.27272727272727,55,42,7.34545454545455,6.95238095238095,97,7.17525773195876,54,44,7.33333333333333,6.84090909090909,98,7.11224489795918
38,59,6.47368421052632,7.93220338983051,97,7.36082474226804,54,40,7.31481481481481,6.925,94,7.14893617021277,53,43,7.39622641509434,6.7906976744186,96,7.125
36,59,6.41666666666667,7.93220338983051,95,7.35789473684211,53,39,7.33962264150943,6.94871794871795,92,7.17391304347826,52,43,7.42307692307692,6.7906976744186,95,7.13684210526316
36,59,6.41666666666667,7.93220338983051,95,7.35789473684211,53,39,7.33962264150943,6.94871794871795,92,7.17391304347826,49,43,7.38775510204082,6.7906976744186,92,7.10869565217391
35,62,6.4,7.98387096774194,97,7.41237113402062,55,42,7.36363636363636,7.11904761904762,97,7.25773195876289,51,48,7.41176470588235,7.16666666666667,99,7.29292929292929
34,61,6.38235294117647,7.9672131147541,95,7.4,53,41,7.28301886792453,7.21951219512195,94,7.25531914893617,48,49,7.5,7.18367346938776,97,7.34020618556701
37,62,6.40540540540541,7.85483870967742,99,7.31313131313131,56,43,7.46428571428571,7.06976744186047,99,7.29292929292929,51,48,7.62745098039216,7.16666666666667,99,7.4040404040404
37,62,6.72972972972973,8.12903225806452,99,7.60606060606061,58,41,7.62068965517241,7.63414634146341,99,7.62626262626263,49,50,7.6734693877551,7.56,99,7.61616161616162
35,62,6.77142857142857,8.2741935483871,97,7.7319587628866,55,44,7.94545454545455,7.90909090909091,99,7.92929292929293,48,50,7.64583333333333,7.72,98,7.68367346938776
35,63,7.0,8.06349206349206,98,7.68367346938776,55,43,7.90909090909091,7.74418604651163,98,7.83673469387755,49,49,7.75510204081633,7.6530612244898,98,7.70408163265306
35,62,7.0,8.03225806451613,97,7.65979381443299,52,42,8.05769230769231,7.69047619047619,94,7.8936170212766,47,48,7.70212765957447,7.64583333333333,95,7.67368421052632
38,61,7.15789473684211,8.0655737704918,99,7.71717171717172,57,42,8.2280701754386,7.69047619047619,99,8.0,51,47,7.80392156862745,7.85106382978723,98,7.8265306122449
35,62,7.0,8.09677419354839,97,7.70103092783505,53,44,8.18867924528302,7.84090909090909,97,8.03092783505155,48,48,7.77083333333333,7.875,96,7.82291666666667
33,62,7.12121212121212,8.09677419354839,95,7.7578947368421,52,42,8.15384615384615,7.85714285714286,94,8.02127659574468,48,48,7.77083333333333,7.875,96,7.82291666666667
33,61,7.12121212121212,8.08196721311475,94,7.74468085106383,50,42,8.16,7.85714285714286,92,8.02173913043478,46,48,7.84782608695652,7.875,94,7.86170212765957
33,61,7.12121212121212,8.08196721311475,94,7.74468085106383,48,42,8.10416666666667,7.85714285714286,90,7.98888888888889,45,48,7.82222222222222,7.875,93,7.8494623655914
37,62,6.7027027027027,8.0,99,7.51515151515152,55,44,7.6,7.59090909090909,99,7.5959595959596,51,48,7.64705882352941,7.54166666666667,99,7.5959595959596
39,60,6.84615384615385,8.08333333333333,99,7.5959595959596,56,43,7.82142857142857,7.76744186046512,99,7.7979797979798,52,47,7.88461538461539,7.72340425531915,99,7.80808080808081
37,62,7.35135135135135,8.16129032258065,99,7.85858585858586,53,46,8.0377358490566,7.89130434782609,99,7.96969696969697,48,51,7.97916666666667,8.05882352941176,99,8.02020202020202
39,60,7.48717948717949,8.18333333333333,99,7.90909090909091,49,50,8.22448979591837,8.1,99,8.16161616161616,46,53,8.0,7.9811320754717,99,7.98989898989899
37,59,7.40540540540541,8.20338983050847,96,7.89583333333333,48,50,8.22916666666667,8.1,98,8.16326530612245,46,53,8.21739130434783,8.07547169811321,99,8.14141414141414
35,58,7.4,8.17241379310345,93,7.88172043010753,48,49,8.22916666666667,8.10204081632653,97,8.16494845360825,42,53,8.16666666666667,8.15094339622642,95,8.1578947368421
37,58,7.48648648648649,8.18965517241379,95,7.91578947368421,51,48,8.29411764705882,8.16666666666667,99,8.23232323232323,40,53,8.15,8.15094339622642,93,8.1505376344086
38,61,7.55263157894737,8.22950819672131,99,7.96969696969697,51,48,8.3921568627451,8.0,99,8.2020202020202,44,54,8.15909090909091,8.2037037037037,98,8.18367346938776
38,60,7.63157894736842,8.06666666666667,98,7.89795918367347,46,51,8.39130434782609,8.0,97,8.18556701030928,40,55,8.05,8.18181818181818,95,8.12631578947368
36,59,7.61111111111111,8.08474576271187,95,7.90526315789474,45,50,8.37777777777778,7.96,95,8.1578947368421,39,54,8.12820512820513,8.16666666666667,93,8.1505376344086
37,62,7.43243243243243,7.87096774193548,99,7.70707070707071,45,51,8.26666666666667,7.84313725490196,96,8.04166666666667,39,55,8.12820512820513,7.94545454545455,94,8.02127659574468
37,61,7.45945945945946,7.85245901639344,98,7.70408163265306,49,49,8.40816326530612,7.77551020408163,98,8.09183673469388,41,56,8.21951219512195,7.98214285714286,97,8.08247422680412
40,59,7.725,7.88135593220339,99,7.81818181818182,52,45,8.5,7.86666666666667,97,8.20618556701031,39,60,8.25641025641026,8.38333333333333,99,8.33333333333333
37,62,7.86486486486486,8.11290322580645,99,8.02020202020202,56,43,8.53571428571429,7.88372093023256,99,8.25252525252525,42,57,8.42857142857143,8.47368421052632,99,8.45454545454546
34,64,7.82352941176471,8.109375,98,8.01020408163265,54,44,8.61111111111111,8.02272727272727,98,8.3469387755102,42,57,8.61904761904762,8.50877192982456,99,8.55555555555556
32,64,7.96875,8.125,96,8.07291666666667,53,45,8.58490566037736,8.04444444444444,98,8.33673469387755,42,57,8.71428571428571,8.59649122807017,99,8.64646464646465
32,61,7.96875,8.14754098360656,93,8.08602150537634,52,45,8.55769230769231,8.04444444444444,97,8.31958762886598,42,57,8.61904761904762,8.54385964912281,99,8.57575757575758
34,64,7.85294117647059,7.953125,98,7.91836734693878,54,42,8.40740740740741,8.19047619047619,96,8.3125,45,54,8.44444444444444,8.59259259259259,99,8.52525252525253
37,62,8.10810810810811,7.91935483870968,99,7.98989898989899,62,37,8.5,8.2972972972973,99,8.42424242424242,47,52,8.61702127659574,8.51923076923077,99,8.56565656565657
36,63,8.27777777777778,8.0,99,8.1010101010101,62,37,8.46774193548387,8.40540540540541,99,8.44444444444444,45,50,8.64444444444444,8.52,95,8.57894736842105
36,61,8.27777777777778,7.9672131147541,97,8.08247422680412,60,34,8.43333333333333,8.44117647058824,94,8.43617021276596,44,50,8.70454545454546,8.48,94,8.58510638297872
37,60,8.40540540540541,7.93333333333333,97,8.11340206185567,63,34,8.65079365079365,8.44117647058824,97,8.57731958762887,45,50,8.73333333333333,8.48,95,8.6
39,60,8.56410256410256,7.96666666666667,99,8.2020202020202,62,37,8.7258064516129,8.32432432432432,99,8.57575757575758,47,52,8.70212765957447,8.61538461538461,99,8.65656565656566
40,59,8.8,7.98305084745763,99,8.31313131313131,60,39,8.83333333333333,8.41025641025641,99,8.66666666666667,44,55,8.86363636363636,8.67272727272727,99,8.75757575757576
39,59,8.8974358974359,8.20338983050847,98,8.47959183673469,55,44,8.83636363636364,8.79545454545454,99,8.81818181818182,47,52,8.95744680851064,8.65384615384615,99,8.7979797979798
39,58,8.8974358974359,8.25862068965517,97,8.51546391752577,52,44,8.78846153846154,8.79545454545454,96,8.79166666666667,45,53,9.0,8.64150943396226,98,8.80612244897959
39,55,8.87179487179487,8.21818181818182,94,8.48936170212766,55,43,8.8,8.81395348837209,98,8.80612244897959,47,52,9.04255319148936,8.63461538461539,99,8.82828282828283
37,60,8.81081081081081,8.26666666666667,97,8.47422680412371,54,41,8.7962962962963,8.80487804878049,95,8.8,46,52,9.06521739130435,8.59615384615385,98,8.81632653061224
37,58,8.81081081081081,8.20689655172414,95,8.4421052631579,54,44,8.90740740740741,8.75,98,8.83673469387755,46,52,9.0,8.63461538461539,98,8.80612244897959
39,57,8.7948717948718,8.31578947368421,96,8.51041666666667,55,44,8.98181818181818,8.75,99,8.87878787878788,44,55,8.97727272727273,8.6,99,8.76767676767677
40,59,8.725,8.40677966101695,99,8.53535353535353,58,40,8.98275862068965,8.675,98,8.85714285714286,40,53,8.95,8.54716981132075,93,8.72043010752688
40,58,8.6,8.31034482758621,98,8.42857142857143,59,40,9.03389830508475,8.65,99,8.87878787878788,40,53,9.0,8.49056603773585,93,8.70967741935484
42,55,8.76190476190476,8.34545454545455,97,8.52577319587629,58,41,9.1551724137931,8.70731707317073,99,8.96969696969697,44,54,9.09090909090909,8.68518518518519,98,8.86734693877551
45,54,8.88888888888889,8.38888888888889,99,8.61616161616162,59,40,9.25423728813559,8.85,99,9.09090909090909,42,57,9.09523809523809,8.82456140350877,99,8.93939393939394
43,56,8.95348837209302,8.44642857142857,99,8.66666666666667,61,38,9.09836065573771,9.10526315789474,99,9.1010101010101,42,57,9.0,8.85964912280702,99,8.91919191919192
39,58,8.84615384615385,8.53448275862069,97,8.65979381443299,58,38,9.08620689655172,9.13157894736842,96,9.10416666666667,45,54,9.06666666666667,8.88888888888889,99,8.96969696969697
38,57,8.76315789473684,8.50877192982456,95,8.61052631578947,57,40,9.08771929824561,9.025,97,9.06185567010309,41,55,8.97560975609756,8.83636363636364,96,8.89583333333333
38,58,8.76315789473684,8.37931034482759,96,8.53125,57,40,9.08771929824561,9.025,97,9.06185567010309,40,54,8.95,8.90740740740741,94,8.92553191489362
38,57,8.76315789473684,8.40350877192983,95,8.54736842105263,56,39,9.08928571428571,9.0,95,9.05263157894737,40,52,8.95,8.90384615384615,92,8.92391304347826
39,60,8.76923076923077,8.41666666666667,99,8.55555555555556,58,38,9.01724137931035,8.97368421052632,96,9.0,43,52,8.93023255813953,8.90384615384615,95,8.91578947368421
36,61,8.69444444444444,8.34426229508197,97,8.47422680412371,61,38,8.9672131147541,8.97368421052632,99,8.96969696969697,42,51,8.95238095238095,8.92156862745098,93,8.93548387096774
36,63,8.69444444444444,8.42857142857143,99,8.52525252525253,61,38,8.90163934426229,8.81578947368421,99,8.86868686868687,46,53,8.8695652173913,8.92452830188679,99,8.8989898989899
38,61,8.94736842105263,8.57377049180328,99,8.71717171717172,61,38,8.90163934426229,8.89473684210526,99,8.8989898989899,41,58,8.95121951219512,8.91379310344828,99,8.92929292929293
40,59,9.075,8.66101694915254,99,8.82828282828283,61,38,8.9344262295082,8.81578947368421,99,8.88888888888889,38,61,8.97368421052632,9.14754098360656,99,9.08080808080808
42,57,9.11904761904762,8.71929824561403,99,8.88888888888889,61,38,9.13114754098361,8.89473684210526,99,9.04040404040404,39,60,9.02564102564103,9.2,99,9.13131313131313
39,59,9.2051282051282,8.88135593220339,98,9.01020408163265,55,42,9.14545454545454,9.04761904761905,97,9.10309278350515,41,58,9.17073170731707,9.20689655172414,99,9.19191919191919
36,58,9.16666666666667,8.86206896551724,94,8.97872340425532,54,41,9.16666666666667,9.02439024390244,95,9.10526315789474,40,56,9.15,9.21428571428571,96,9.1875
36,58,9.16666666666667,8.86206896551724,94,8.97872340425532,53,40,9.16981132075472,9.025,93,9.10752688172043,40,54,9.15,9.18518518518519,94,9.17021276595745
36,57,9.16666666666667,8.89473684210526,93,9.0,51,40,9.17647058823529,9.025,91,9.10989010989011,40,54,9.15,9.18518518518519,94,9.17021276595745
34,55,9.11764705882353,8.96363636363636,89,9.02247191011236,51,40,9.17647058823529,9.025,91,9.10989010989011,40,53,9.15,9.20754716981132,93,9.18279569892473
33,55,9.09090909090909,8.85454545454546,88,8.94318181818182,51,40,9.17647058823529,8.825,91,9.02197802197802,41,53,9.07317073170732,9.20754716981132,94,9.14893617021277
36,58,8.75,8.70689655172414,94,8.72340425531915,55,43,8.96363636363636,8.62790697674419,98,8.81632653061224,42,55,8.80952380952381,9.09090909090909,97,8.96907216494845
40,59,8.75,8.57627118644068,99,8.64646464646465,61,38,9.0,8.6578947368421,99,8.86868686868687,45,54,8.84444444444444,9.03703703703704,99,8.94949494949495
42,57,8.92857142857143,8.57894736842105,99,8.72727272727273,64,35,9.078125,8.68571428571429,99,8.93939393939394,41,58,8.82926829268293,8.96551724137931,99,8.90909090909091
45,54,8.93333333333333,8.48148148148148,99,8.68686868686869,60,39,9.13333333333333,8.64102564102564,99,8.93939393939394,39,60,8.8974358974359,8.93333333333333,99,8.91919191919192
40,59,8.875,8.64406779661017,99,8.73737373737374,55,44,9.14545454545454,8.95454545454546,99,9.06060606060606,42,57,9.02380952380952,9.07017543859649,99,9.05050505050505
43,56,8.95348837209302,8.85714285714286,99,8.8989898989899,54,45,9.16666666666667,8.95555555555556,99,9.07070707070707,41,58,8.97560975609756,9.12068965517241,99,9.06060606060606
44,55,8.97727272727273,9.07272727272727,99,9.03030303030303,51,47,9.15686274509804,9.04255319148936,98,9.10204081632653,39,60,9.17948717948718,9.25,99,9.22222222222222
42,55,8.92857142857143,9.07272727272727,97,9.01030927835052,50,47,9.14,9.04255319148936,97,9.09278350515464,39,59,9.25641025641026,9.23728813559322,98,9.24489795918367
42,54,8.92857142857143,9.05555555555556,96,9.0,50,46,9.14,9.02173913043478,96,9.08333333333333,38,59,9.23684210526316,9.23728813559322,97,9.23711340206185
41,52,8.90243902439024,9.03846153846154,93,8.97849462365591,48,46,9.125,9.02173913043478,94,9.07446808510638,38,58,9.23684210526316,9.22413793103448,96,9.22916666666667
40,51,8.875,9.03921568627451,91,8.96703296703297,47,46,9.1063829787234,9.02173913043478,93,9.06451612903226,38,56,9.23684210526316,9.19642857142857,94,9.21276595744681
39,51,8.87179487179487,9.03921568627451,90,8.96666666666667,47,45,9.1063829787234,9.0,92,9.05434782608696,37,56,9.21621621621622,9.19642857142857,93,9.20430107526882
41,51,8.90243902439024,9.03921568627451,92,8.97826086956522,57,42,9.19298245614035,9.07142857142857,99,9.14141414141414,39,58,9.28205128205128,9.22413793103448,97,9.24742268041237
44,55,9.02272727272727,9.09090909090909,99,9.06060606060606,61,38,9.21311475409836,9.02631578947368,99,9.14141414141414,39,60,9.33333333333333,9.3,99,9.31313131313131
42,57,8.92857142857143,9.07017543859649,99,9.01010101010101,58,41,9.22413793103448,9.36585365853658,99,9.28282828282828,40,59,9.3,9.45762711864407,99,9.39393939393939
42,57,8.97619047619048,9.08771929824561,99,9.04040404040404,56,43,9.25,9.2093023255814,99,9.23232323232323,42,57,9.38095238095238,9.43859649122807,99,9.41414141414141
41,58,9.0,9.05172413793103,99,9.03030303030303,56,43,9.30357142857143,9.2093023255814,99,9.26262626262626,42,57,9.35714285714286,9.47368421052632,99,9.42424242424242
39,60,9.12820512820513,9.21666666666667,99,9.18181818181818,53,46,9.32075471698113,9.15217391304348,99,9.24242424242424,43,56,9.30232558139535,9.46428571428571,99,9.39393939393939
40,59,9.325,9.25423728813559,99,9.28282828282828,49,49,9.3265306122449,9.18367346938776,98,9.25510204081633,48,51,9.27083333333333,9.49019607843137,99,9.38383838383838
40,55,9.325,9.30909090909091,95,9.31578947368421,49,46,9.3265306122449,9.19565217391304,95,9.26315789473684,46,48,9.30434782608696,9.45833333333333,94,9.38297872340426
40,55,9.2,9.30909090909091,95,9.26315789473684,48,46,9.35416666666667,9.19565217391304,94,9.27659574468085,46,47,9.30434782608696,9.34042553191489,93,9.32258064516129
39,55,9.30769230769231,9.30909090909091,94,9.30851063829787,47,44,9.34042553191489,9.18181818181818,91,9.26373626373626,46,47,9.30434782608696,9.34042553191489,93,9.32258064516129
40,55,9.325,9.30909090909091,95,9.31578947368421,49,43,9.38775510204082,9.16279069767442,92,9.28260869565217,44,50,9.27272727272727,9.38,94,9.32978723404255
45,53,9.42222222222222,9.30188679245283,98,9.35714285714286,55,44,9.38181818181818,9.18181818181818,99,9.29292929292929,43,55,9.27906976744186,9.43636363636364,98,9.36734693877551
44,55,9.40909090909091,9.38181818181818,99,9.39393939393939,57,42,9.29824561403509,9.14285714285714,99,9.23232323232323,43,56,9.34883720930233,9.48214285714286,99,9.42424242424242
40,59,9.4,9.4406779661017,99,9.42424242424242,55,44,9.30909090909091,9.25,99,9.28282828282828,46,52,9.41304347826087,9.5,98,9.45918367346939
43,56,9.3953488372093,9.51785714285714,99,9.46464646464647,60,39,9.26666666666667,9.15384615384615,99,9.22222222222222,47,52,9.4468085106383,9.5,99,9.47474747474747
44,55,9.31818181818182,9.49090909090909,99,9.41414141414141,57,40,9.24561403508772,9.175,97,9.21649484536082,49,50,9.46938775510204,9.68,99,9.57575757575758
43,56,9.32558139534884,9.5,99,9.42424242424242,56,43,9.21428571428571,9.23255813953488,99,9.22222222222222,48,51,9.47916666666667,9.56862745098039,99,9.52525252525253
41,58,9.36585365853658,9.5,99,9.44444444444444,48,51,9.16666666666667,9.09803921568627,99,9.13131313131313,53,46,9.52830188679245,9.56521739130435,99,9.54545454545454
41,57,9.36585365853658,9.43859649122807,98,9.40816326530612,47,50,9.17021276595745,8.98,97,9.07216494845361,54,45,9.46296296296296,9.55555555555556,99,9.50505050505051
38,57,9.39473684210526,9.43859649122807,95,9.42105263157895,45,50,9.17777777777778,8.98,95,9.07368421052632,54,42,9.38888888888889,9.52380952380952,96,9.44791666666667
39,56,9.41025641025641,9.46428571428571,95,9.4421052631579,46,49,9.23913043478261,9.0,95,9.11578947368421,54,45,9.38888888888889,9.55555555555556,99,9.46464646464647
45,54,9.48888888888889,9.44444444444444,99,9.46464646464647,46,49,9.26086956521739,9.0,95,9.12631578947368,52,45,9.36538461538461,9.55555555555556,97,9.45360824742268
45,53,9.48888888888889,9.45283018867925,98,9.46938775510204,45,49,9.28888888888889,9.0,94,9.13829787234043,52,46,9.36538461538461,9.56521739130435,98,9.45918367346939
43,56,9.58139534883721,9.48214285714286,99,9.52525252525253,49,50,9.26530612244898,9.06,99,9.16161616161616,56,43,9.375,9.53488372093023,99,9.44444444444444
38,61,9.52631578947368,9.49180327868852,99,9.50505050505051,51,48,9.25490196078431,9.0625,99,9.16161616161616,52,47,9.42307692307692,9.59574468085106,99,9.50505050505051
40,59,9.55,9.49152542372881,99,9.51515151515152,50,48,9.3,9.0625,98,9.18367346938776,47,52,9.42553191489362,9.63461538461539,99,9.53535353535353
44,55,9.59090909090909,9.54545454545454,99,9.56565656565657,48,49,9.3125,9.10204081632653,97,9.20618556701031,50,49,9.48,9.6530612244898,99,9.56565656565657
49,50,9.53061224489796,9.5,99,9.51515151515152,51,48,9.2156862745098,9.0625,99,9.14141414141414,53,46,9.45283018867925,9.6304347826087,99,9.53535353535353
49,50,9.3469387755102,9.46,99,9.4040404040404,54,45,9.16666666666667,9.04444444444444,99,9.11111111111111,54,43,9.5,9.6046511627907,97,9.54639175257732
49,49,9.38775510204082,9.42857142857143,98,9.40816326530612,52,45,9.15384615384615,9.13333333333333,97,9.14432989690722,53,44,9.45283018867925,9.40909090909091,97,9.43298969072165
47,49,9.36170212765957,9.42857142857143,96,9.39583333333333,54,45,9.18518518518519,9.06666666666667,99,9.13131313131313,50,44,9.44,9.40909090909091,94,9.42553191489362
51,46,9.41176470588235,9.41304347826087,97,9.41237113402062,53,43,9.18867924528302,9.02325581395349,96,9.11458333333333,52,46,9.34615384615385,9.39130434782609,98,9.36734693877551
50,46,9.4,9.34782608695652,96,9.375,52,47,9.19230769230769,8.76595744680851,99,8.98989898989899,49,47,9.38775510204082,9.40425531914894,96,9.39583333333333
50,48,9.4,9.35416666666667,98,9.37755102040816,49,49,9.18367346938776,8.81632653061224,98,9.0,50,48,9.42,9.52083333333333,98,9.46938775510204
45,53,9.53333333333333,9.49056603773585,98,9.51020408163265,52,47,9.19230769230769,8.93617021276596,99,9.07070707070707,48,48,9.4375,9.52083333333333,96,9.47916666666667
45,54,9.53333333333333,9.5,99,9.51515151515152,54,45,9.2037037037037,8.97777777777778,99,9.1010101010101,45,54,9.42222222222222,9.55555555555556,99,9.49494949494949
45,54,9.62222222222222,9.46296296296296,99,9.53535353535353,53,46,9.16981132075472,9.17391304347826,99,9.17171717171717,48,51,9.45833333333333,9.50980392156863,99,9.48484848484848
48,51,9.64583333333333,9.47058823529412,99,9.55555555555556,52,45,9.19230769230769,9.22222222222222,97,9.20618556701031,51,48,9.49019607843137,9.52083333333333,99,9.50505050505051
47,51,9.63829787234043,9.49019607843137,98,9.56122448979592,50,48,9.18,9.25,98,9.21428571428571,52,45,9.5,9.48888888888889,97,9.49484536082474
44,55,9.61363636363636,9.50909090909091,99,9.55555555555556,54,45,9.14814814814815,9.24444444444444,99,9.19191919191919,52,44,9.5,9.47727272727273,96,9.48958333333333
48,50,9.52083333333333,9.46,98,9.48979591836735,57,42,9.10526315789474,9.23809523809524,99,9.16161616161616,55,44,9.38181818181818,9.47727272727273,99,9.42424242424242
49,49,9.48979591836735,9.42857142857143,98,9.45918367346939,56,41,9.10714285714286,9.21951219512195,97,9.15463917525773,53,46,9.35849056603774,9.45652173913044,99,9.4040404040404
51,46,9.52941176470588,9.43478260869565,97,9.48453608247423,56,42,9.10714285714286,9.09523809523809,98,9.10204081632653,51,47,9.29411764705882,9.46808510638298,98,9.37755102040816
48,44,9.54166666666667,9.40909090909091,92,9.47826086956522,55,42,9.09090909090909,9.11904761904762,97,9.10309278350515,49,50,9.3469387755102,9.5,99,9.42424242424242
47,52,9.53191489361702,9.53846153846154,99,9.53535353535353,54,44,9.07407407407407,9.22727272727273,98,9.14285714285714,52,46,9.30769230769231,9.5,98,9.39795918367347
48,50,9.54166666666667,9.54,98,9.54081632653061,55,44,9.10909090909091,9.40909090909091,99,9.24242424242424,52,46,9.32692307692308,9.54347826086956,98,9.42857142857143
46,53,9.52173913043478,9.56603773584906,99,9.54545454545454,56,43,9.16071428571429,9.48837209302326,99,9.3030303030303,52,47,9.38461538461539,9.5531914893617,99,9.46464646464647
49,50,9.6530612244898,9.52,99,9.58585858585859,57,42,9.1578947368421,9.45238095238095,99,9.28282828282828,55,44,9.49090909090909,9.54545454545454,99,9.51515151515152
47,51,9.53191489361702,9.41176470588235,98,9.46938775510204,51,48,9.2156862745098,9.52083333333333,99,9.36363636363636,57,42,9.50877192982456,9.54761904761905,99,9.52525252525253
48,50,9.5625,9.44,98,9.5,48,50,9.20833333333333,9.56,98,9.38775510204082,58,41,9.55172413793103,9.48780487804878,99,9.52525252525253
48,48,9.5625,9.41666666666667,96,9.48958333333333,46,51,9.21739130434783,9.54901960784314,97,9.39175257731959,58,39,9.55172413793103,9.46153846153846,97,9.51546391752577
51,48,9.56862745098039,9.375,99,9.47474747474747,50,48,9.3,9.60416666666667,98,9.44897959183673,56,41,9.53571428571429,9.48780487804878,97,9.51546391752577
52,45,9.67307692307692,9.33333333333333,97,9.51546391752577,50,48,9.26,9.60416666666667,98,9.42857142857143,55,41,9.52727272727273,9.51219512195122,96,9.52083333333333
53,45,9.49056603773585,9.33333333333333,98,9.41836734693878,52,46,9.21153846153846,9.65217391304348,98,9.41836734693878,57,42,9.40350877192983,9.52380952380952,99,9.45454545454546
52,47,9.48076923076923,9.38297872340426,99,9.43434343434343,51,46,9.19607843137255,9.71739130434783,97,9.44329896907217,59,40,9.4406779661017,9.5,99,9.46464646464647
52,47,9.46153846153846,9.42553191489362,99,9.44444444444444,52,47,9.23076923076923,9.59574468085106,99,9.4040404040404,59,40,9.40677966101695,9.575,99,9.47474747474747
49,49,9.46938775510204,9.51020408163265,98,9.48979591836735,48,50,9.27083333333333,9.62,98,9.44897959183673,57,42,9.42105263157895,9.54761904761905,99,9.47474747474747
53,46,9.50943396226415,9.5,99,9.50505050505051,51,48,9.23529411764706,9.60416666666667,99,9.41414141414141,63,36,9.38095238095238,9.47222222222222,99,9.41414141414141
52,47,9.5,9.51063829787234,99,9.50505050505051,53,46,9.24528301886792,9.6304347826087,99,9.42424242424242,63,36,9.44444444444444,9.44444444444444,99,9.44444444444444
51,47,9.52941176470588,9.46808510638298,98,9.5,52,47,9.23076923076923,9.74468085106383,99,9.47474747474747,66,33,9.56060606060606,9.42424242424242,99,9.51515151515152
50,45,9.56,9.48888888888889,95,9.52631578947368,49,47,9.24489795918367,9.78723404255319,96,9.51041666666667,65,32,9.58461538461538,9.40625,97,9.52577319587629
51,45,9.56862745098039,9.48888888888889,96,9.53125,54,45,9.31481481481481,9.8,99,9.53535353535353,63,30,9.57142857142857,9.36666666666667,93,9.50537634408602
52,47,9.57692307692308,9.34042553191489,99,9.46464646464647,57,42,9.28070175438597,9.78571428571429,99,9.49494949494949,62,31,9.56451612903226,9.38709677419355,93,9.50537634408602
52,45,9.55769230769231,9.33333333333333,97,9.45360824742268,55,40,9.29090909090909,9.775,95,9.49473684210526,61,32,9.59016393442623,9.40625,93,9.52688172043011
51,48,9.54901960784314,9.375,99,9.46464646464647,53,45,9.26415094339623,9.8,98,9.51020408163265,62,35,9.59677419354839,9.45714285714286,97,9.54639175257732
49,50,9.53061224489796,9.52,99,9.52525252525253,54,42,9.25925925925926,9.78571428571429,96,9.48958333333333,63,35,9.57142857142857,9.45714285714286,98,9.53061224489796
51,48,9.45098039215686,9.45833333333333,99,9.45454545454546,57,42,9.2280701754386,9.85714285714286,99,9.49494949494949,62,35,9.54838709677419,9.51428571428571,97,9.5360824742268
54,45,9.44444444444444,9.42222222222222,99,9.43434343434343,54,43,9.24074074074074,9.88372093023256,97,9.52577319587629,66,33,9.60606060606061,9.57575757575758,99,9.5959595959596
53,46,9.54716981132075,9.5,99,9.52525252525253,56,43,9.23214285714286,9.88372093023256,99,9.51515151515152,67,32,9.58208955223881,9.4375,99,9.53535353535353
54,45,9.53703703703704,9.53333333333333,99,9.53535353535353,54,45,9.22222222222222,9.84444444444444,99,9.50505050505051,65,34,9.63076923076923,9.41176470588235,99,9.55555555555556
51,45,9.50980392156863,9.57777777777778,96,9.54166666666667,53,46,9.22641509433962,9.84782608695652,99,9.51515151515152,68,31,9.60294117647059,9.35483870967742,99,9.52525252525253
50,47,9.5,9.5531914893617,97,9.52577319587629,58,41,9.27586206896552,9.85365853658537,99,9.51515151515152,68,31,9.61764705882353,9.41935483870968,99,9.55555555555556
55,44,9.52727272727273,9.52272727272727,99,9.52525252525253,64,35,9.375,9.82857142857143,99,9.53535353535353,66,30,9.60606060606061,9.43333333333333,96,9.55208333333333
56,40,9.57142857142857,9.55,96,9.5625,64,34,9.390625,9.82352941176471,98,9.54081632653061,65,30,9.6,9.43333333333333,95,9.54736842105263
56,40,9.55357142857143,9.55,96,9.55208333333333,64,34,9.375,9.82352941176471,98,9.53061224489796,66,33,9.60606060606061,9.48484848484848,99,9.56565656565657
51,48,9.50980392156863,9.64583333333333,99,9.57575757575758,62,33,9.38709677419355,9.81818181818182,95,9.53684210526316,62,33,9.66129032258065,9.51515151515152,95,9.61052631578947
51,48,9.50980392156863,9.54166666666667,99,9.52525252525253,63,35,9.42857142857143,9.82857142857143,98,9.57142857142857,62,36,9.66129032258065,9.55555555555556,98,9.62244897959184
50,49,9.5,9.55102040816327,99,9.52525252525253,59,40,9.45762711864407,9.85,99,9.61616161616162,61,38,9.68852459016393,9.57894736842105,99,9.64646464646465
51,48,9.49019607843137,9.60416666666667,99,9.54545454545454,56,39,9.42857142857143,9.84615384615385,95,9.6,66,33,9.65151515151515,9.60606060606061,99,9.63636363636364
54,45,9.57407407407407,9.6,99,9.58585858585859,56,40,9.39285714285714,9.85,96,9.58333333333333,67,31,9.6865671641791,9.61290322580645,98,9.66326530612245
57,42,9.59649122807017,9.47619047619048,99,9.54545454545454,60,39,9.33333333333333,9.84615384615385,99,9.53535353535353,66,33,9.68181818181818,9.51515151515152,99,9.62626262626263
56,39,9.58928571428571,9.48717948717949,95,9.54736842105263,57,42,9.31578947368421,9.71428571428571,99,9.48484848484848,64,34,9.671875,9.47058823529412,98,9.60204081632653
60,38,9.61666666666667,9.44736842105263,98,9.55102040816327,58,41,9.41379310344828,9.75609756097561,99,9.55555555555556,62,37,9.61290322580645,9.37837837837838,99,9.52525252525253
61,36,9.62295081967213,9.41666666666667,97,9.54639175257732,60,38,9.53333333333333,9.78947368421053,98,9.63265306122449,60,37,9.58333333333333,9.40540540540541,97,9.51546391752577
62,36,9.61290322580645,9.41666666666667,98,9.54081632653061,58,38,9.53448275862069,9.78947368421053,96,9.63541666666667,61,38,9.59016393442623,9.42105263157895,99,9.52525252525253
60,39,9.6,9.51282051282051,99,9.56565656565657,60,37,9.51666666666667,9.83783783783784,97,9.63917525773196,61,38,9.65573770491803,9.47368421052632,99,9.58585858585859
57,41,9.6140350877193,9.5609756097561,98,9.59183673469388,60,34,9.53333333333333,9.82352941176471,94,9.63829787234043,59,40,9.69491525423729,9.525,99,9.62626262626263
60,39,9.61666666666667,9.61538461538461,99,9.61616161616162,60,39,9.58333333333333,9.84615384615385,99,9.68686868686869,57,40,9.68421052631579,9.575,97,9.63917525773196
61,37,9.62295081967213,9.64864864864865,98,9.63265306122449,58,39,9.58620689655172,9.8974358974359,97,9.71134020618557,58,38,9.70689655172414,9.60526315789474,96,9.66666666666667
62,37,9.54838709677419,9.72972972972973,99,9.61616161616162,58,40,9.58620689655172,9.9,98,9.71428571428571,61,37,9.72131147540984,9.59459459459459,98,9.6734693877551
62,36,9.61290322580645,9.72222222222222,98,9.6530612244898,57,42,9.59649122807017,9.90476190476191,99,9.72727272727273,61,37,9.72131147540984,9.59459459459459,98,9.6734693877551
64,35,9.59375,9.71428571428571,99,9.63636363636364,57,42,9.49122807017544,9.90476190476191,99,9.66666666666667,60,37,9.68333333333333,9.64864864864865,97,9.6701030927835
63,36,9.58730158730159,9.61111111111111,99,9.5959595959596,58,41,9.5,9.95121951219512,99,9.68686868686869,59,38,9.67796610169492,9.68421052631579,97,9.68041237113402
65,34,9.56923076923077,9.47058823529412,99,9.53535353535353,63,36,9.50793650793651,10.0,99,9.68686868686869,58,41,9.6551724137931,9.48780487804878,99,9.58585858585859
64,33,9.59375,9.51515151515152,97,9.56701030927835,65,34,9.53846153846154,10.0,99,9.6969696969697,57,41,9.57894736842105,9.46341463414634,98,9.53061224489796
62,37,9.59677419354839,9.56756756756757,99,9.58585858585859,63,35,9.58730158730159,10.0,98,9.73469387755102,59,40,9.57627118644068,9.45,99,9.52525252525253
57,42,9.56140350877193,9.66666666666667,99,9.60606060606061,64,35,9.578125,10.0,99,9.72727272727273,58,41,9.56896551724138,9.51219512195122,99,9.54545454545454
58,40,9.53448275862069,9.7,98,9.60204081632653,62,37,9.56451612903226,10.0,99,9.72727272727273,56,43,9.625,9.6046511627907,99,9.61616161616162
58,40,9.53448275862069,9.7,98,9.60204081632653,59,38,9.5593220338983,10.0,97,9.7319587628866,59,39,9.64406779661017,9.61538461538461,98,9.63265306122449
57,42,9.52631578947368,9.71428571428571,99,9.60606060606061,58,39,9.56896551724138,10.0,97,9.74226804123711,62,35,9.69354838709677,9.62857142857143,97,9.6701030927835
58,40,9.62068965517241,9.7,98,9.6530612244898,56,41,9.58928571428571,10.0,97,9.76288659793815,62,37,9.69354838709677,9.64864864864865,99,9.67676767676768
62,36,9.69354838709677,9.66666666666667,98,9.68367346938776,54,42,9.59259259259259,10.0,96,9.77083333333333,60,37,9.68333333333333,9.64864864864865,97,9.6701030927835
63,34,9.6984126984127,9.64705882352941,97,9.68041237113402,58,41,9.56896551724138,10.0,99,9.74747474747475,62,36,9.70967741935484,9.63888888888889,98,9.68367346938776
67,32,9.71641791044776,9.6875,99,9.70707070707071,63,36,9.58730158730159,10.0,99,9.73737373737374,61,36,9.65573770491803,9.63888888888889,97,9.64948453608247
67,31,9.71641791044776,9.54838709677419,98,9.66326530612245,65,34,9.63076923076923,10.0,99,9.75757575757576,58,36,9.67241379310345,9.63888888888889,94,9.65957446808511
64,35,9.65625,9.6,99,9.63636363636364,66,33,9.71212121212121,10.0,99,9.80808080808081,55,44,9.63636363636364,9.54545454545454,99,9.5959595959596
56,43,9.73214285714286,9.62790697674419,99,9.68686868686869,66,32,9.72727272727273,10.0,98,9.81632653061224,54,45,9.62962962962963,9.53333333333333,99,9.58585858585859
52,46,9.71153846153846,9.69565217391304,98,9.70408163265306,69,30,9.76811594202899,10.0,99,9.83838383838384,57,42,9.59649122807017,9.54761904761905,99,9.57575757575758
50,46,9.72,9.69565217391304,96,9.70833333333333,65,33,9.73846153846154,10.0,98,9.8265306122449,58,41,9.58620689655172,9.60975609756098,99,9.5959595959596
50,47,9.72,9.70212765957447,97,9.71134020618557,63,32,9.74603174603175,10.0,95,9.83157894736842,58,41,9.58620689655172,9.60975609756098,99,9.5959595959596
55,44,9.72727272727273,9.68181818181818,99,9.70707070707071,62,34,9.75806451612903,10.0,96,9.84375,58,41,9.62068965517241,9.60975609756098,99,9.61616161616162
59,40,9.74576271186441,9.675,99,9.71717171717172,61,37,9.77049180327869,10.0,98,9.85714285714286,59,40,9.66101694915254,9.625,99,9.64646464646465
59,38,9.76271186440678,9.71052631578947,97,9.74226804123711,59,39,9.76271186440678,10.0,98,9.85714285714286,60,39,9.66666666666667,9.66666666666667,99,9.66666666666667
62,37,9.75806451612903,9.7027027027027,99,9.73737373737374,59,39,9.83050847457627,10.0,98,9.89795918367347,59,38,9.66101694915254,9.6578947368421,97,9.65979381443299
63,35,9.79365079365079,9.68571428571429,98,9.75510204081633,66,33,9.81818181818182,10.0,99,9.87878787878788,61,38,9.62295081967213,9.6578947368421,99,9.63636363636364
62,34,9.79032258064516,9.73529411764706,96,9.77083333333333,68,31,9.79411764705882,10.0,99,9.85858585858586,60,39,9.61666666666667,9.69230769230769,99,9.64646464646465
55,44,9.76363636363636,9.75,99,9.75757575757576,73,26,9.78082191780822,10.0,99,9.83838383838384,59,40,9.61016949152542,9.6,99,9.60606060606061
51,48,9.70588235294118,9.75,99,9.72727272727273,73,26,9.78082191780822,10.0,99,9.83838383838384,57,42,9.56140350877193,9.61904761904762,99,9.58585858585859
50,49,9.64,9.71428571428571,99,9.67676767676768,69,30,9.78260869565217,10.0,99,9.84848484848485,52,46,9.53846153846154,9.69565217391304,98,9.61224489795918
50,49,9.64,9.71428571428571,99,9.67676767676768,68,30,9.77941176470588,10.0,98,9.8469387755102,52,47,9.61538461538461,9.65957446808511,99,9.63636363636364
53,46,9.66037735849057,9.69565217391304,99,9.67676767676768,65,32,9.76923076923077,10.0,97,9.84536082474227,53,46,9.60377358490566,9.56521739130435,99,9.58585858585859
55,43,9.67272727272727,9.72093023255814,98,9.69387755102041,62,36,9.75806451612903,10.0,98,9.8469387755102,55,44,9.54545454545454,9.63636363636364,99,9.58585858585859
59,38,9.67796610169492,9.68421052631579,97,9.68041237113402,59,40,9.76271186440678,10.0,99,9.85858585858586,55,44,9.65454545454545,9.63636363636364,99,9.64646464646465
60,37,9.68333333333333,9.67567567567568,97,9.68041237113402,60,39,9.78333333333333,10.0,99,9.86868686868687,55,42,9.70909090909091,9.61904761904762,97,9.6701030927835
63,36,9.6984126984127,9.66666666666667,99,9.68686868686869,62,37,9.82258064516129,10.0,99,9.88888888888889,54,42,9.7037037037037,9.61904761904762,96,9.66666666666667
62,33,9.69354838709677,9.63636363636364,95,9.67368421052632,65,34,9.8,10.0,99,9.86868686868687,53,44,9.69811320754717,9.63636363636364,97,9.6701030927835
57,41,9.71929824561403,9.68292682926829,98,9.70408163265306,65,34,9.81538461538462,10.0,99,9.87878787878788,55,44,9.65454545454545,9.65909090909091,99,9.65656565656566
52,47,9.71153846153846,9.68085106382979,99,9.6969696969697,65,34,9.83076923076923,10.0,99,9.88888888888889,54,45,9.66666666666667,9.66666666666667,99,9.66666666666667
46,53,9.69565217391304,9.69811320754717,99,9.6969696969697,62,37,9.85483870967742,10.0,99,9.90909090909091,52,47,9.67307692307692,9.65957446808511,99,9.66666666666667
45,53,9.66666666666667,9.67924528301887,98,9.6734693877551,57,40,9.87719298245614,10.0,97,9.92783505154639,51,48,9.66666666666667,9.6875,99,9.67676767676768
50,49,9.66,9.6530612244898,99,9.65656565656566,51,43,9.86274509803922,10.0,94,9.92553191489362,53,45,9.69811320754717,9.66666666666667,98,9.68367346938776
52,47,9.59615384615385,9.57446808510638,99,9.58585858585859,50,48,9.86,10.0,98,9.92857142857143,54,45,9.7037037037037,9.71111111111111,99,9.70707070707071
57,42,9.66666666666667,9.64285714285714,99,9.65656565656566,49,49,9.85714285714286,10.0,98,9.92857142857143,54,44,9.72222222222222,9.61363636363636,98,9.6734693877551
59,39,9.66101694915254,9.71794871794872,98,9.68367346938776,51,48,9.86274509803922,10.0,99,9.92929292929293,57,42,9.73684210526316,9.57142857142857,99,9.66666666666667
62,37,9.70967741935484,9.72972972972973,99,9.71717171717172,55,44,9.87272727272727,10.0,99,9.92929292929293,55,41,9.72727272727273,9.60975609756098,96,9.67708333333333
60,36,9.7,9.72222222222222,96,9.70833333333333,57,42,9.87719298245614,10.0,99,9.92929292929293,55,38,9.72727272727273,9.63157894736842,93,9.68817204301075
58,40,9.70689655172414,9.75,98,9.72448979591837,54,45,9.87037037037037,10.0,99,9.92929292929293,53,41,9.73584905660377,9.65853658536585,94,9.70212765957447
52,47,9.67307692307692,9.76595744680851,99,9.71717171717172,55,43,9.83636363636364,10.0,98,9.90816326530612,56,42,9.69642857142857,9.66666666666667,98,9.68367346938776
49,50,9.6734693877551,9.78,99,9.72727272727273,54,45,9.85185185185185,10.0,99,9.91919191919192,52,46,9.71153846153846,9.69565217391304,98,9.70408163265306
45,52,9.68888888888889,9.73076923076923,97,9.71134020618557,48,51,9.875,10.0,99,9.93939393939394,49,50,9.71428571428571,9.68,99,9.6969696969697
45,53,9.75555555555556,9.69811320754717,98,9.72448979591837,46,49,9.84782608695652,10.0,95,9.92631578947368,48,51,9.75,9.68627450980392,99,9.71717171717172
48,51,9.72916666666667,9.68627450980392,99,9.70707070707071,45,53,9.84444444444444,10.0,98,9.92857142857143,52,47,9.73076923076923,9.70212765957447,99,9.71717171717172
53,46,9.75471698113208,9.65217391304348,99,9.70707070707071,42,53,9.85714285714286,10.0,95,9.93684210526316,55,44,9.70909090909091,9.68181818181818,99,9.6969696969697
56,42,9.75,9.61904761904762,98,9.69387755102041,43,54,9.86046511627907,10.0,97,9.93814432989691,56,42,9.73214285714286,9.64285714285714,98,9.69387755102041
59,40,9.74576271186441,9.525,99,9.65656565656566,44,54,9.88636363636364,10.0,98,9.94897959183673,56,43,9.73214285714286,9.6046511627907,99,9.67676767676768
59,39,9.77966101694915,9.51282051282051,98,9.6734693877551,49,49,9.89795918367347,10.0,98,9.94897959183673,55,41,9.69090909090909,9.65853658536585,96,9.67708333333333
57,41,9.7719298245614,9.53658536585366,98,9.6734693877551,49,50,9.91836734693878,10.0,99,9.95959595959596,53,45,9.69811320754717,9.68888888888889,98,9.69387755102041
53,46,9.75471698113208,9.56521739130435,99,9.66666666666667,53,46,9.92452830188679,10.0,99,9.95959595959596,53,44,9.69811320754717,9.70454545454546,97,9.70103092783505
51,47,9.80392156862745,9.63829787234043,98,9.72448979591837,56,43,9.91071428571429,10.0,99,9.94949494949495,52,46,9.67307692307692,9.71739130434783,98,9.69387755102041
53,46,9.83018867924528,9.65217391304348,99,9.74747474747475,55,44,9.89090909090909,10.0,99,9.93939393939394,53,46,9.64150943396226,9.73913043478261,99,9.68686868686869
51,48,9.82352941176471,9.60416666666667,99,9.71717171717172,51,45,9.88235294117647,10.0,96,9.9375,52,47,9.69230769230769,9.76595744680851,99,9.72727272727273
52,46,9.84615384615385,9.58695652173913,98,9.72448979591837,51,48,9.88235294117647,10.0,99,9.93939393939394,57,42,9.73684210526316,9.73809523809524,99,9.73737373737374
58,41,9.8448275862069,9.68292682926829,99,9.77777777777778,47,51,9.87234042553191,10.0,98,9.93877551020408,60,39,9.76666666666667,9.76923076923077,99,9.76767676767677
58,41,9.86206896551724,9.68292682926829,99,9.78787878787879,44,55,9.88636363636364,10.0,99,9.94949494949495,59,38,9.76271186440678,9.78947368421053,97,9.77319587628866
55,41,9.81818181818182,9.68292682926829,96,9.76041666666667,49,50,9.89795918367347,10.0,99,9.94949494949495,59,38,9.76271186440678,9.76315789473684,97,9.76288659793815
60,39,9.83333333333333,9.66666666666667,99,9.76767676767677,51,48,9.90196078431373,10.0,99,9.94949494949495,59,38,9.69491525423729,9.76315789473684,97,9.72164948453608
59,39,9.79661016949153,9.66666666666667,98,9.74489795918367,51,46,9.92156862745098,10.0,97,9.95876288659794,58,41,9.68965517241379,9.78048780487805,99,9.72727272727273
53,46,9.81132075471698,9.69565217391304,99,9.75757575757576,54,45,9.92592592592593,10.0,99,9.95959595959596,57,41,9.71929824561403,9.75609756097561,98,9.73469387755102
47,50,9.80851063829787,9.74,97,9.77319587628866,55,44,9.92727272727273,10.0,99,9.95959595959596,57,41,9.70175438596491,9.75609756097561,98,9.72448979591837
48,51,9.8125,9.7843137254902,99,9.7979797979798,53,46,9.92452830188679,10.0,99,9.95959595959596,58,41,9.68965517241379,9.75609756097561,99,9.71717171717172
46,51,9.80434782608696,9.76470588235294,97,9.78350515463918,53,45,9.86792452830189,10.0,98,9.92857142857143,58,41,9.67241379310345,9.78048780487805,99,9.71717171717172
46,51,9.80434782608696,9.74509803921569,97,9.77319587628866,52,47,9.84615384615385,10.0,99,9.91919191919192,59,40,9.74576271186441,9.825,99,9.77777777777778
51,48,9.86274509803922,9.70833333333333,99,9.78787878787879,46,53,9.8695652173913,10.0,99,9.93939393939394,60,39,9.8,9.84615384615385,99,9.81818181818182
56,43,9.875,9.69767441860465,99,9.7979797979798,45,53,9.86666666666667,10.0,98,9.93877551020408,63,36,9.80952380952381,9.83333333333333,99,9.81818181818182
59,39,9.86440677966102,9.66666666666667,98,9.78571428571429,47,52,9.87234042553191,10.0,99,9.93939393939394,66,33,9.83333333333333,9.87878787878788,99,9.84848484848485
62,37,9.82258064516129,9.67567567567568,99,9.76767676767677,50,48,9.88,10.0,98,9.93877551020408,64,32,9.84375,9.875,96,9.85416666666667
63,35,9.80952380952381,9.65714285714286,98,9.75510204081633,53,45,9.88679245283019,10.0,98,9.93877551020408,61,33,9.83606557377049,9.87878787878788,94,9.85106382978723
56,43,9.82142857142857,9.72093023255814,99,9.77777777777778,54,44,9.88888888888889,10.0,98,9.93877551020408,63,36,9.85714285714286,9.88888888888889,99,9.86868686868687
52,47,9.80769230769231,9.80851063829787,99,9.80808080808081,57,42,9.91228070175439,10.0,99,9.94949494949495,60,37,9.81666666666667,9.89189189189189,97,9.84536082474227
50,48,9.8,9.8125,98,9.80612244897959,55,44,9.90909090909091,10.0,99,9.94949494949495,57,39,9.80701754385965,9.8974358974359,96,9.84375
49,48,9.81632653061224,9.8125,97,9.81443298969072,52,47,9.90384615384615,10.0,99,9.94949494949495,60,39,9.8,9.84615384615385,99,9.81818181818182
48,47,9.83333333333333,9.78723404255319,95,9.81052631578947,54,45,9.85185185185185,10.0,99,9.91919191919192,55,44,9.81818181818182,9.86363636363636,99,9.83838383838384
52,47,9.84615384615385,9.78723404255319,99,9.81818181818182,51,48,9.82352941176471,10.0,99,9.90909090909091,56,43,9.82142857142857,9.88372093023256,99,9.84848484848485
51,48,9.84313725490196,9.70833333333333,99,9.77777777777778,47,51,9.80851063829787,10.0,98,9.90816326530612,56,43,9.85714285714286,9.88372093023256,99,9.86868686868687
58,41,9.86206896551724,9.70731707317073,99,9.7979797979798,44,53,9.81818181818182,10.0,97,9.91752577319588,57,42,9.85964912280702,9.85714285714286,99,9.85858585858586
59,37,9.84745762711864,9.67567567567568,96,9.78125,47,51,9.82978723404255,10.0,98,9.91836734693878,58,39,9.86206896551724,9.84615384615385,97,9.85567010309278
65,34,9.83076923076923,9.70588235294118,99,9.78787878787879,52,47,9.88461538461539,10.0,99,9.93939393939394,58,37,9.86206896551724,9.89189189189189,95,9.87368421052632
62,37,9.79032258064516,9.78378378378378,99,9.78787878787879,51,48,9.88235294117647,10.0,99,9.93939393939394,53,46,9.84905660377358,9.91304347826087,99,9.87878787878788
56,43,9.80357142857143,9.81395348837209,99,9.80808080808081,54,45,9.90740740740741,10.0,99,9.94949494949495,54,45,9.85185185185185,9.91111111111111,99,9.87878787878788
53,46,9.79245283018868,9.84782608695652,99,9.81818181818182,52,47,9.90384615384615,10.0,99,9.94949494949495,53,45,9.84905660377358,9.91111111111111,98,9.87755102040816
54,44,9.7962962962963,9.84090909090909,98,9.81632653061224,48,50,9.91666666666667,10.0,98,9.95918367346939,58,41,9.79310344827586,9.90243902439024,99,9.83838383838384
55,43,9.76363636363636,9.83720930232558,98,9.79591836734694,45,49,9.91111111111111,10.0,94,9.95744680851064,57,42,9.78947368421053,9.90476190476191,99,9.83838383838384
55,44,9.76363636363636,9.79545454545454,99,9.77777777777778,46,53,9.8695652173913,10.0,99,9.93939393939394,55,44,9.78181818181818,9.90909090909091,99,9.83838383838384
56,41,9.76785714285714,9.82926829268293,97,9.79381443298969,42,57,9.88095238095238,10.0,99,9.94949494949495,54,45,9.74074074074074,9.86666666666667,99,9.7979797979798
60,39,9.78333333333333,9.7948717948718,99,9.78787878787879,40,59,9.875,10.0,99,9.94949494949495,56,42,9.76785714285714,9.85714285714286,98,9.80612244897959
58,40,9.77586206896552,9.75,98,9.76530612244898,40,58,9.925,10.0,98,9.96938775510204,57,40,9.78947368421053,9.875,97,9.82474226804124
60,39,9.76666666666667,9.74358974358974,99,9.75757575757576,48,51,9.9375,10.0,99,9.96969696969697,56,40,9.78571428571429,9.85,96,9.8125
60,39,9.78333333333333,9.7948717948718,99,9.78787878787879,48,50,9.9375,10.0,98,9.96938775510204,55,43,9.78181818181818,9.86046511627907,98,9.81632653061224
59,40,9.74576271186441,9.8,99,9.76767676767677,51,47,9.96078431372549,10.0,98,9.97959183673469,52,45,9.78846153846154,9.91111111111111,97,9.84536082474227
54,45,9.72222222222222,9.86666666666667,99,9.78787878787879,52,45,9.96153846153846,10.0,97,9.97938144329897,51,45,9.7843137254902,9.91111111111111,96,9.84375
51,48,9.72549019607843,9.89583333333333,99,9.80808080808081,52,45,9.96153846153846,10.0,97,9.97938144329897,53,45,9.79245283018868,9.91111111111111,98,9.8469387755102
50,47,9.74,9.8936170212766,97,9.81443298969072,50,46,9.96,10.0,96,9.97916666666667,52,47,9.78846153846154,9.95744680851064,99,9.86868686868687
51,45,9.74509803921569,9.88888888888889,96,9.8125,50,49,9.96,10.0,99,9.97979797979798,48,51,9.77083333333333,9.96078431372549,99,9.86868686868687
53,44,9.75471698113208,9.88636363636364,97,9.81443298969072,47,50,9.95744680851064,10.0,97,9.97938144329897,51,48,9.62745098039216,9.95833333333333,99,9.78787878787879
58,41,9.74137931034483,9.85365853658537,99,9.78787878787879,43,56,9.90697674418605,10.0,99,9.95959595959596,54,45,9.62962962962963,9.95555555555556,99,9.77777777777778
64,35,9.734375,9.88571428571429,99,9.78787878787879,43,56,9.90697674418605,10.0,99,9.95959595959596,60,39,9.65,9.97435897435897,99,9.77777777777778
63,35,9.74603174603175,9.82857142857143,98,9.77551020408163,49,50,9.91836734693878,10.0,99,9.95959595959596,59,36,9.66101694915254,9.97222222222222,95,9.77894736842105
63,34,9.76190476190476,9.82352941176471,97,9.78350515463918,52,46,9.92307692307692,10.0,98,9.95918367346939,58,39,9.68965517241379,9.94871794871795,97,9.79381443298969
60,37,9.73333333333333,9.83783783783784,97,9.77319587628866,56,43,9.92857142857143,10.0,99,9.95959595959596,55,43,9.67272727272727,9.95348837209302,98,9.79591836734694
59,40,9.69491525423729,9.9,99,9.77777777777778,59,40,9.93220338983051,10.0,99,9.95959595959596,53,42,9.66037735849057,9.95238095238095,95,9.78947368421053
55,44,9.69090909090909,9.93181818181818,99,9.7979797979798,56,42,9.92857142857143,10.0,98,9.95918367346939,56,39,9.67857142857143,9.94871794871795,95,9.78947368421053
51,48,9.72549019607843,9.9375,99,9.82828282828283,55,43,9.92727272727273,10.0,98,9.95918367346939,54,44,9.68518518518519,9.95454545454546,98,9.80612244897959
51,44,9.72549019607843,9.93181818181818,95,9.82105263157895,53,45,9.92452830188679,10.0,98,9.95918367346939,52,47,9.71153846153846,9.95744680851064,99,9.82828282828283
52,44,9.76923076923077,9.93181818181818,96,9.84375,51,47,9.92156862745098,10.0,98,9.95918367346939,51,48,9.72549019607843,9.97916666666667,99,9.84848484848485
56,43,9.78571428571429,9.93023255813953,99,9.84848484848485,48,51,9.91666666666667,10.0,99,9.95959595959596,54,45,9.68518518518519,9.97777777777778,99,9.81818181818182
58,40,9.81034482758621,9.925,98,9.85714285714286,43,56,9.88372093023256,10.0,99,9.94949494949495,57,42,9.70175438596491,9.97619047619048,99,9.81818181818182
59,38,9.84745762711864,9.92105263157895,97,9.87628865979381,47,52,9.87234042553191,10.0,99,9.93939393939394,61,38,9.63934426229508,9.97368421052632,99,9.76767676767677
62,37,9.79032258064516,9.89189189189189,99,9.82828282828283,53,46,9.90566037735849,10.0,99,9.94949494949495,61,36,9.63934426229508,9.97222222222222,97,9.76288659793815
58,40,9.77586206896552,9.85,98,9.80612244897959,53,45,9.92452830188679,10.0,98,9.95918367346939,57,40,9.68421052631579,9.975,97,9.80412371134021
56,43,9.76785714285714,9.90697674418605,99,9.82828282828283,59,40,9.93220338983051,10.0,99,9.95959595959596,57,40,9.71929824561403,9.95,97,9.81443298969072
52,47,9.73076923076923,9.91489361702128,99,9.81818181818182,59,38,9.94915254237288,10.0,97,9.96907216494845,54,40,9.74074074074074,9.95,94,9.82978723404255
48,51,9.66666666666667,9.92156862745098,99,9.7979797979798,57,41,9.94736842105263,10.0,98,9.96938775510204,53,45,9.75471698113208,9.95555555555556,98,9.8469387755102
49,49,9.6734693877551,9.91836734693878,98,9.79591836734694,55,41,9.94545454545455,10.0,96,9.96875,54,45,9.75925925925926,9.95555555555556,99,9.84848484848485
50,47,9.72,9.91489361702128,97,9.81443298969072,51,44,9.94117647058824,10.0,95,9.96842105263158,52,47,9.75,9.97872340425532,99,9.85858585858586
52,44,9.73076923076923,9.90909090909091,96,9.8125,50,48,9.94,10.0,98,9.96938775510204,57,42,9.78947368421053,9.97619047619048,99,9.86868686868687
55,42,9.74545454545455,9.92857142857143,97,9.82474226804124,45,53,9.95555555555556,10.0,98,9.97959183673469,62,37,9.82258064516129,9.97297297297297,99,9.87878787878788
58,41,9.81034482758621,9.92682926829268,99,9.85858585858586,45,54,9.95555555555556,9.98148148148148,99,9.96969696969697,64,34,9.8125,9.97058823529412,98,9.86734693877551
61,37,9.81967213114754,9.91891891891892,98,9.85714285714286,50,49,9.92,9.97959183673469,99,9.94949494949495,65,33,9.76923076923077,9.96969696969697,98,9.83673469387755
59,39,9.8135593220339,9.8974358974359,98,9.8469387755102,54,45,9.92592592592593,9.97777777777778,99,9.94949494949495,59,40,9.76271186440678,9.975,99,9.84848484848485
55,44,9.83636363636364,9.90909090909091,99,9.86868686868687,58,41,9.93103448275862,9.97560975609756,99,9.94949494949495,56,41,9.64285714285714,9.97560975609756,97,9.78350515463918
53,46,9.77358490566038,9.89130434782609,99,9.82828282828283,59,40,9.93220338983051,9.975,99,9.94949494949495,55,41,9.63636363636364,9.95121951219512,96,9.77083333333333
50,49,9.8,9.89795918367347,99,9.84848484848485,56,42,9.92857142857143,9.97619047619048,98,9.94897959183673,58,41,9.67241379310345,9.95121951219512,99,9.78787878787879
47,52,9.80851063829787,9.90384615384615,99,9.85858585858586,55,41,9.92727272727273,9.97560975609756,96,9.94791666666667,52,47,9.69230769230769,9.95744680851064,99,9.81818181818182
49,49,9.83673469387755,9.89795918367347,98,9.86734693877551,53,46,9.92452830188679,9.97826086956522,99,9.94949494949495,49,50,9.69387755102041,9.96,99,9.82828282828283
49,48,9.83673469387755,9.89583333333333,97,9.8659793814433,52,44,9.92307692307692,9.97727272727273,96,9.94791666666667,49,50,9.73469387755102,9.96,99,9.84848484848485
52,45,9.84615384615385,9.88888888888889,97,9.8659793814433,51,47,9.92156862745098,9.97872340425532,98,9.94897959183673,53,46,9.77358490566038,9.95652173913044,99,9.85858585858586
56,43,9.92857142857143,9.88372093023256,99,9.90909090909091,50,49,9.92,9.97959183673469,99,9.94949494949495,57,40,9.82456140350877,9.975,97,9.88659793814433
56,41,9.92857142857143,9.87804878048781,97,9.90721649484536,51,48,9.92156862745098,9.95833333333333,99,9.93939393939394,60,39,9.81666666666667,9.97435897435897,99,9.87878787878788
57,42,9.92982456140351,9.88095238095238,99,9.90909090909091,56,43,9.875,9.95348837209302,99,9.90909090909091,57,41,9.80701754385965,9.97560975609756,98,9.87755102040816
56,43,9.92857142857143,9.88372093023256,99,9.90909090909091,58,41,9.87931034482759,9.97560975609756,99,9.91919191919192,54,42,9.77777777777778,9.97619047619048,96,9.86458333333333
51,48,9.92156862745098,9.875,99,9.8989898989899,62,37,9.90322580645161,9.97297297297297,99,9.92929292929293,54,40,9.77777777777778,9.975,94,9.86170212765957
47,52,9.91489361702128,9.88461538461539,99,9.8989898989899,64,34,9.90625,9.97058823529412,98,9.92857142857143,58,40,9.82758620689655,9.95,98,9.87755102040816
47,51,9.87234042553191,9.88235294117647,98,9.87755102040816,61,34,9.90163934426229,9.97058823529412,95,9.92631578947368,54,45,9.7037037037037,9.95555555555556,99,9.81818181818182
46,53,9.82608695652174,9.81132075471698,99,9.81818181818182,61,35,9.90163934426229,9.97142857142857,96,9.92708333333333,50,49,9.72,9.97959183673469,99,9.84848484848485
50,49,9.86,9.83673469387755,99,9.84848484848485,60,37,9.9,10.0,97,9.93814432989691,46,53,9.71739130434783,10.0,99,9.86868686868687
50,49,9.86,9.83673469387755,99,9.84848484848485,59,38,9.89830508474576,10.0,97,9.93814432989691,50,49,9.74,10.0,99,9.86868686868687
51,48,9.86274509803922,9.83333333333333,99,9.84848484848485,56,42,9.89285714285714,10.0,98,9.93877551020408,52,47,9.75,10.0,99,9.86868686868687
57,42,9.87719298245614,9.80952380952381,99,9.84848484848485,58,41,9.91379310344828,10.0,99,9.94949494949495,51,46,9.80392156862745,10.0,97,9.89690721649485
55,44,9.89090909090909,9.81818181818182,99,9.85858585858586,62,37,9.93548387096774,10.0,99,9.95959595959596,51,46,9.7843137254902,10.0,97,9.88659793814433
50,47,9.88,9.82978723404255,97,9.85567010309278,62,37,9.91935483870968,10.0,99,9.94949494949495,47,51,9.82978723404255,10.0,98,9.91836734693878
48,51,9.89583333333333,9.88235294117647,99,9.88888888888889,65,34,9.90769230769231,10.0,99,9.93939393939394,47,50,9.80851063829787,10.0,97,9.90721649484536
44,55,9.88636363636364,9.85454545454546,99,9.86868686868687,68,31,9.91176470588235,10.0,99,9.93939393939394,49,49,9.81632653061224,10.0,98,9.90816326530612
40,58,9.9,9.86206896551724,98,9.87755102040816,70,27,9.91428571428571,10.0,97,9.93814432989691,46,53,9.80434782608696,10.0,99,9.90909090909091
41,57,9.85365853658537,9.85964912280702,98,9.85714285714286,67,27,9.92537313432836,10.0,94,9.9468085106383,44,55,9.84090909090909,10.0,99,9.92929292929293
43,54,9.86046511627907,9.87037037037037,97,9.8659793814433,64,32,9.921875,10.0,96,9.94791666666667,39,60,9.82051282051282,10.0,99,9.92929292929293
45,53,9.86666666666667,9.86792452830189,98,9.86734693877551,61,38,9.91803278688525,10.0,99,9.94949494949495,39,60,9.84615384615385,10.0,99,9.93939393939394
48,51,9.875,9.7843137254902,99,9.82828282828283,57,42,9.92982456140351,10.0,99,9.95959595959596,43,56,9.86046511627907,10.0,99,9.93939393939394
52,47,9.90384615384615,9.76595744680851,99,9.83838383838384,57,41,9.92982456140351,10.0,98,9.95918367346939,50,49,9.88,10.0,99,9.93939393939394
57,41,9.91228070175439,9.75609756097561,98,9.8469387755102,61,38,9.9344262295082,10.0,99,9.95959595959596,48,48,9.91666666666667,10.0,96,9.95833333333333
53,45,9.90566037735849,9.82222222222222,98,9.86734693877551,60,38,9.93333333333333,10.0,98,9.95918367346939,46,53,9.91304347826087,10.0,99,9.95959595959596
51,48,9.90196078431373,9.83333333333333,99,9.86868686868687,61,36,9.9344262295082,10.0,97,9.95876288659794,43,53,9.90697674418605,10.0,96,9.95833333333333
47,52,9.8936170212766,9.84615384615385,99,9.86868686868687,67,32,9.91044776119403,10.0,99,9.93939393939394,44,52,9.88636363636364,10.0,96,9.94791666666667
43,56,9.88372093023256,9.83928571428571,99,9.85858585858586,70,29,9.91428571428571,10.0,99,9.93939393939394,47,50,9.8936170212766,10.0,97,9.94845360824742
41,56,9.90243902439024,9.85714285714286,97,9.87628865979381,70,27,9.92857142857143,10.0,97,9.94845360824742,44,54,9.88636363636364,10.0,98,9.94897959183673
43,56,9.90697674418605,9.85714285714286,99,9.87878787878788,65,34,9.92307692307692,10.0,99,9.94949494949495,40,58,9.925,10.0,98,9.96938775510204
45,51,9.86666666666667,9.88235294117647,96,9.875,62,37,9.95161290322581,10.0,99,9.96969696969697,42,57,9.95238095238095,10.0,99,9.97979797979798
48,51,9.875,9.88235294117647,99,9.87878787878788,57,42,9.94736842105263,10.0,99,9.96969696969697,44,54,9.95454545454546,10.0,98,9.97959183673469
51,48,9.90196078431373,9.875,99,9.88888888888889,54,44,9.94444444444444,10.0,98,9.96938775510204,47,52,9.97872340425532,10.0,99,9.98989898989899
54,45,9.90740740740741,9.82222222222222,99,9.86868686868687,53,44,9.9622641509434,10.0,97,9.97938144329897,51,48,9.96078431372549,10.0,99,9.97979797979798
53,46,9.90566037735849,9.82608695652174,99,9.86868686868687,55,44,9.96363636363636,10.0,99,9.97979797979798,47,52,9.95744680851064,10.0,99,9.97979797979798
48,51,9.91666666666667,9.88235294117647,99,9.8989898989899,56,42,9.96428571428571,10.0,98,9.97959183673469,46,51,9.95652173913044,10.0,97,9.97938144329897
46,52,9.91304347826087,9.88461538461539,98,9.89795918367347,60,39,9.96666666666667,10.0,99,9.97979797979798,45,51,9.95555555555556,10.0,96,9.97916666666667
44,55,9.90909090909091,9.92727272727273,99,9.91919191919192,63,36,9.95238095238095,10.0,99,9.96969696969697,49,49,9.95918367346939,10.0,98,9.97959183673469
39,59,9.8974358974359,9.93220338983051,98,9.91836734693878,66,33,9.96969696969697,10.0,99,9.97979797979798,47,51,9.93617021276596,10.0,98,9.96938775510204
40,58,9.9,9.93103448275862,98,9.91836734693878,62,37,9.98387096774194,10.0,99,9.98989898989899,45,54,9.93333333333333,10.0,99,9.96969696969697
41,56,9.90243902439024,9.92857142857143,97,9.91752577319588,57,40,9.98245614035088,10.0,97,9.98969072164948,42,57,9.92857142857143,10.0,99,9.96969696969697
44,53,9.86363636363636,9.92452830188679,97,9.89690721649485,53,45,9.9811320754717,10.0,98,9.98979591836735,41,57,9.95121951219512,10.0,98,9.97959183673469
49,50,9.83673469387755,9.94,99,9.88888888888889,48,50,9.97916666666667,10.0,98,9.98979591836735,46,53,9.95652173913044,10.0,99,9.97979797979798
53,46,9.88679245283019,9.97826086956522,99,9.92929292929293,48,48,9.97916666666667,10.0,96,9.98958333333333,48,50,9.95833333333333,10.0,98,9.97959183673469
53,46,9.88679245283019,9.97826086956522,99,9.92929292929293,54,45,9.96296296296296,10.0,99,9.97979797979798,45,54,9.93333333333333,10.0,99,9.96969696969697
50,48,9.88,9.97916666666667,98,9.92857142857143,52,45,9.96153846153846,10.0,97,9.97938144329897,41,58,9.95121951219512,10.0,99,9.97979797979798
44,55,9.88636363636364,9.98181818181818,99,9.93939393939394,58,41,9.96551724137931,10.0,99,9.97979797979798,39,57,9.94871794871795,10.0,96,9.97916666666667
41,58,9.90243902439024,9.98275862068965,99,9.94949494949495,59,40,9.96610169491525,10.0,99,9.97979797979798,41,56,9.97560975609756,10.0,97,9.98969072164948
39,60,9.8974358974359,10.0,99,9.95959595959596,64,35,9.96875,10.0,99,9.97979797979798,40,59,9.975,10.0,99,9.98989898989899
37,61,9.89189189189189,10.0,98,9.95918367346939,67,32,9.95522388059701,10.0,99,9.96969696969697,39,60,9.97435897435897,10.0,99,9.98989898989899
38,57,9.89473684210526,10.0,95,9.95789473684211,60,39,9.95,10.0,99,9.96969696969697,34,65,10.0,10.0,99,10.0
37,56,9.89189189189189,10.0,93,9.95698924731183,58,39,9.94827586206897,10.0,97,9.96907216494845,38,61,10.0,10.0,99,10.0
43,53,9.88372093023256,10.0,96,9.94791666666667,56,43,9.94642857142857,10.0,99,9.96969696969697,44,55,10.0,10.0,99,10.0
50,48,9.92,10.0,98,9.95918367346939,55,42,9.94545454545455,10.0,97,9.96907216494845,48,50,10.0,10.0,98,10.0
57,42,9.89473684210526,10.0,99,9.93939393939394,58,40,9.94827586206897,10.0,98,9.96938775510204,48,48,10.0,10.0,96,10.0
55,44,9.89090909090909,10.0,99,9.93939393939394,56,42,9.94642857142857,10.0,98,9.96938775510204,45,54,10.0,10.0,99,10.0
50,48,9.88,9.97916666666667,98,9.92857142857143,59,40,9.93220338983051,10.0,99,9.95959595959596,43,54,10.0,10.0,97,10.0
48,51,9.89583333333333,9.98039215686275,99,9.93939393939394,57,42,9.92982456140351,10.0,99,9.95959595959596,47,52,10.0,10.0,99,10.0
42,57,9.90476190476191,9.98245614035088,99,9.94949494949495,59,40,9.93220338983051,10.0,99,9.95959595959596,46,53,10.0,10.0,99,10.0
37,62,9.89189189189189,9.98387096774194,99,9.94949494949495,62,37,9.93548387096774,10.0,99,9.95959595959596,42,57,10.0,10.0,99,10.0
38,59,9.89473684210526,9.98305084745763,97,9.94845360824742,63,36,9.93650793650794,10.0,99,9.95959595959596,37,62,10.0,10.0,99,10.0
37,58,9.89189189189189,9.98275862068965,95,9.94736842105263,59,40,9.91525423728813,10.0,99,9.94949494949495,36,63,10.0,10.0,99,10.0
41,58,9.90243902439024,9.98275862068965,99,9.94949494949495,58,40,9.91379310344828,10.0,98,9.94897959183673,39,60,10.0,10.0,99,10.0
44,55,9.90909090909091,9.98181818181818,99,9.94949494949495,57,39,9.92982456140351,10.0,96,9.95833333333333,42,57,10.0,10.0,99,10.0
49,50,9.91836734693878,10.0,99,9.95959595959596,57,39,9.92982456140351,10.0,96,9.95833333333333,42,56,10.0,10.0,98,10.0
52,47,9.88461538461539,10.0,99,9.93939393939394,61,38,9.9344262295082,10.0,99,9.95959595959596,41,58,10.0,10.0,99,10.0
47,52,9.91489361702128,10.0,99,9.95959595959596,61,38,9.95081967213115,10.0,99,9.96969696969697,40,58,10.0,10.0,98,10.0
42,55,9.90476190476191,10.0,97,9.95876288659794,61,37,9.91803278688525,10.0,98,9.94897959183673,40,56,10.0,10.0,96,10.0
40,58,9.9,10.0,98,9.95918367346939,61,37,9.91803278688525,10.0,98,9.94897959183673,48,50,10.0,10.0,98,10.0
34,65,9.91176470588235,10.0,99,9.96969696969697,65,34,9.92307692307692,10.0,99,9.94949494949495,46,53,10.0,10.0,99,10.0
34,65,9.91176470588235,10.0,99,9.96969696969697,66,33,9.93939393939394,10.0,99,9.95959595959596,43,56,10.0,10.0,99,10.0
34,62,9.91176470588235,10.0,96,9.96875,62,36,9.93548387096774,10.0,98,9.95918367346939,40,59,10.0,10.0,99,10.0
33,61,9.90909090909091,10.0,94,9.96808510638298,61,38,9.91803278688525,10.0,99,9.94949494949495,40,58,10.0,10.0,98,10.0
40,57,9.925,10.0,97,9.96907216494845,59,40,9.91525423728813,10.0,99,9.94949494949495,46,53,10.0,10.0,99,10.0
46,52,9.93478260869565,10.0,98,9.96938775510204,56,37,9.91071428571429,10.0,93,9.94623655913978,46,52,10.0,10.0,98,10.0
49,50,9.91836734693878,10.0,99,9.95959595959596,63,36,9.92063492063492,10.0,99,9.94949494949495,42,56,10.0,10.0,98,10.0
48,51,9.9375,10.0,99,9.96969696969697,64,34,9.921875,10.0,98,9.94897959183673,42,56,10.0,10.0,98,10.0
45,52,9.91111111111111,10.0,97,9.95876288659794,63,35,9.92063492063492,10.0,98,9.94897959183673,40,54,10.0,10.0,94,10.0
44,55,9.90909090909091,10.0,99,9.95959595959596,64,35,9.890625,10.0,99,9.92929292929293,48,51,10.0,10.0,99,10.0
37,62,9.91891891891892,10.0,99,9.96969696969697,65,34,9.87692307692308,10.0,99,9.91919191919192,43,56,10.0,10.0,99,10.0
30,69,9.96666666666667,10.0,99,9.98989898989899,70,29,9.88571428571429,10.0,99,9.91919191919192,41,58,10.0,10.0,99,10.0
26,67,9.96153846153846,10.0,93,9.98924731182796,68,31,9.89705882352941,10.0,99,9.92929292929293,39,60,10.0,10.0,99,10.0
26,64,9.96153846153846,10.0,90,9.98888888888889,61,35,9.90163934426229,10.0,96,9.9375,40,59,10.0,10.0,99,10.0
35,64,9.97142857142857,10.0,99,9.98989898989899,58,39,9.89655172413793,10.0,97,9.93814432989691,42,57,10.0,10.0,99,10.0
40,59,9.975,10.0,99,9.98989898989899,58,37,9.86206896551724,10.0,95,9.91578947368421,45,53,10.0,10.0,98,10.0
45,54,9.97777777777778,10.0,99,9.98989898989899,61,35,9.86885245901639,10.0,96,9.91666666666667,44,54,10.0,10.0,98,10.0
44,53,9.97727272727273,10.0,97,9.98969072164948,60,39,9.88333333333333,10.0,99,9.92929292929293,44,52,10.0,10.0,96,10.0
39,60,9.97435897435897,10.0,99,9.98989898989899,61,38,9.88524590163934,10.0,99,9.92929292929293,42,50,10.0,10.0,92,10.0
38,61,9.94736842105263,10.0,99,9.97979797979798,59,40,9.88135593220339,10.0,99,9.92929292929293,51,48,10.0,10.0,99,10.0
34,65,9.97058823529412,10.0,99,9.98989898989899,64,35,9.890625,10.0,99,9.92929292929293,49,48,10.0,10.0,97,10.0
33,66,9.96969696969697,10.0,99,9.98989898989899,68,31,9.88235294117647,10.0,99,9.91919191919192,48,51,10.0,10.0,99,10.0
31,68,9.96774193548387,10.0,99,9.98989898989899,69,30,9.91304347826087,10.0,99,9.93939393939394,42,57,10.0,10.0,99,10.0
30,66,9.96666666666667,10.0,96,9.98958333333333,63,36,9.92063492063492,10.0,99,9.94949494949495,39,60,10.0,10.0,99,10.0
38,61,9.97368421052632,10.0,99,9.98989898989899,60,39,9.91666666666667,10.0,99,9.94949494949495,42,57,10.0,10.0,99,10.0
40,58,9.975,10.0,98,9.98979591836735,59,39,9.91525423728813,10.0,98,9.94897959183673,45,54,10.0,10.0,99,10.0
46,53,9.97826086956522,10.0,99,9.98989898989899,62,37,9.90322580645161,10.0,99,9.93939393939394,46,52,10.0,10.0,98,10.0
46,52,10.0,10.0,98,10.0,60,39,9.9,10.0,99,9.93939393939394,45,52,10.0,10.0,97,10.0
44,55,10.0,10.0,99,10.0,60,37,9.9,10.0,97,9.93814432989691,42,53,10.0,10.0,95,10.0
41,58,10.0,10.0,99,10.0,62,37,9.90322580645161,10.0,99,9.93939393939394,47,52,10.0,10.0,99,10.0
39,60,10.0,10.0,99,10.0,62,34,9.91935483870968,10.0,96,9.94791666666667,50,48,10.0,10.0,98,10.0
34,65,10.0,10.0,99,10.0,66,32,9.92424242424242,10.0,98,9.94897959183673,48,51,10.0,10.0,99,10.0
28,71,10.0,10.0,99,10.0,69,30,9.89855072463768,10.0,99,9.92929292929293,45,54,10.0,10.0,99,10.0
25,69,10.0,10.0,94,10.0,66,33,9.89393939393939,9.96969696969697,99,9.91919191919192,39,60,10.0,10.0,99,10.0
29,69,10.0,10.0,98,10.0,62,36,9.88709677419355,9.97222222222222,98,9.91836734693878,37,62,10.0,10.0,99,10.0
29,68,10.0,10.0,97,10.0,61,35,9.88524590163934,9.97142857142857,96,9.91666666666667,41,58,10.0,10.0,99,10.0
33,66,10.0,10.0,99,10.0,62,35,9.88709677419355,9.97142857142857,97,9.91752577319588,45,53,10.0,10.0,98,10.0
37,61,10.0,10.0,98,10.0,62,37,9.87096774193548,9.97297297297297,99,9.90909090909091,43,53,10.0,10.0,96,10.0
36,63,10.0,10.0,99,10.0,59,36,9.88135593220339,9.97222222222222,95,9.91578947368421,41,54,10.0,10.0,95,10.0
34,65,10.0,10.0,99,10.0,63,36,9.90476190476191,9.97222222222222,99,9.92929292929293,42,53,10.0,10.0,95,10.0
32,67,10.0,10.0,99,10.0,65,34,9.92307692307692,9.97058823529412,99,9.93939393939394,49,49,10.0,10.0,98,10.0
29,70,10.0,10.0,99,10.0,69,30,9.92753623188406,9.96666666666667,99,9.93939393939394,48,51,10.0,10.0,99,10.0
26,73,10.0,10.0,99,10.0,69,29,9.95652173913044,9.93103448275862,98,9.94897959183673,46,53,10.0,10.0,99,10.0
24,72,10.0,10.0,96,10.0,68,31,9.95588235294118,9.93548387096774,99,9.94949494949495,44,55,10.0,10.0,99,10.0
25,72,10.0,10.0,97,10.0,66,33,9.93939393939394,9.93939393939394,99,9.93939393939394,40,59,10.0,10.0,99,10.0
32,65,10.0,10.0,97,10.0,64,34,9.9375,9.91176470588235,98,9.92857142857143,42,57,10.0,10.0,99,10.0
35,63,10.0,10.0,98,10.0,62,34,9.95161290322581,9.91176470588235,96,9.9375,47,52,10.0,10.0,99,10.0
42,57,10.0,10.0,99,10.0,66,32,9.95454545454546,9.9375,98,9.94897959183673,45,53,10.0,10.0,98,10.0
41,56,10.0,10.0,97,10.0,63,35,9.95238095238095,9.94285714285714,98,9.94897959183673,43,55,10.0,10.0,98,10.0
40,58,10.0,10.0,98,10.0,63,34,9.93650793650794,9.94117647058824,97,9.93814432989691,42,53,10.0,10.0,95,10.0
37,62,10.0,10.0,99,10.0,66,33,9.95454545454546,9.93939393939394,99,9.94949494949495,49,50,10.0,10.0,99,10.0
36,63,10.0,10.0,99,10.0,69,30,9.95652173913044,9.96666666666667,99,9.95959595959596,48,50,10.0,10.0,98,10.0
32,67,10.0,10.0,99,10.0,72,27,9.95833333333333,9.96296296296296,99,9.95959595959596,42,57,10.0,10.0,99,10.0
30,69,10.0,10.0,99,10.0,71,28,9.95774647887324,9.96428571428571,99,9.95959595959596,37,62,10.0,10.0,99,10.0
29,67,10.0,10.0,96,10.0,67,32,9.95522388059701,9.96875,99,9.95959595959596,35,64,10.0,10.0,99,10.0
34,64,10.0,10.0,98,10.0,64,32,9.921875,9.96875,96,9.9375,38,61,10.0,10.0,99,10.0
35,61,10.0,10.0,96,10.0,63,32,9.92063492063492,9.9375,95,9.92631578947368,44,55,10.0,10.0,99,10.0
39,57,10.0,10.0,96,10.0,66,32,9.92424242424242,9.9375,98,9.92857142857143,43,54,10.0,10.0,97,10.0
42,55,10.0,10.0,97,10.0,62,36,9.95161290322581,9.94444444444444,98,9.94897959183673,41,55,10.0,10.0,96,10.0
39,60,10.0,10.0,99,10.0,63,35,9.95238095238095,9.94285714285714,98,9.94897959183673,41,55,10.0,10.0,96,10.0
37,61,10.0,9.98360655737705,98,9.98979591836735,65,34,9.93846153846154,9.97058823529412,99,9.94949494949495,46,53,10.0,10.0,99,10.0
34,62,10.0,9.98387096774194,96,9.98958333333333,67,32,9.94029850746269,9.96875,99,9.94949494949495,47,50,10.0,10.0,97,10.0
33,63,10.0,9.98412698412698,96,9.98958333333333,71,28,9.94366197183099,9.96428571428571,99,9.94949494949495,45,54,10.0,10.0,99,10.0
31,68,10.0,9.98529411764706,99,9.98989898989899,73,25,9.94520547945205,9.96,98,9.94897959183673,40,59,10.0,10.0,99,10.0
30,68,10.0,9.98529411764706,98,9.98979591836735,67,32,9.94029850746269,9.96875,99,9.94949494949495,38,61,10.0,10.0,99,10.0
36,63,10.0,9.98412698412698,99,9.98989898989899,64,33,9.9375,9.96969696969697,97,9.94845360824742,38,61,10.0,10.0,99,10.0
42,57,10.0,9.98245614035088,99,9.98989898989899,64,32,9.90625,9.96875,96,9.92708333333333,41,58,10.0,10.0,99,10.0
43,54,10.0,9.98148148148148,97,9.98969072164948,64,32,9.90625,9.96875,96,9.92708333333333,46,53,9.97826086956522,10.0,99,9.98989898989899
49,50,10.0,9.98,99,9.98989898989899,61,37,9.90163934426229,9.94594594594595,98,9.91836734693878,43,56,9.97674418604651,10.0,99,9.98989898989899
48,51,10.0,9.98039215686275,99,9.98989898989899,59,38,9.89830508474576,9.94736842105263,97,9.91752577319588,40,56,9.975,10.0,96,9.98958333333333
47,52,10.0,9.98076923076923,99,9.98989898989899,62,36,9.90322580645161,9.94444444444444,98,9.91836734693878,44,53,9.97727272727273,10.0,97,9.98969072164948
42,57,10.0,9.94736842105263,99,9.96969696969697,67,32,9.8955223880597,9.9375,99,9.90909090909091,48,50,9.97916666666667,10.0,98,9.98979591836735
41,54,10.0,9.94444444444444,95,9.96842105263158,71,28,9.88732394366197,9.92857142857143,99,9.8989898989899,46,53,10.0,10.0,99,10.0
39,60,10.0,9.96666666666667,99,9.97979797979798,74,25,9.89189189189189,9.96,99,9.90909090909091,40,56,10.0,10.0,96,10.0
38,59,10.0,9.96610169491525,97,9.97938144329897,71,28,9.88732394366197,9.96428571428571,99,9.90909090909091,36,63,10.0,10.0,99,10.0
38,57,10.0,9.96491228070176,95,9.97894736842105,68,31,9.89705882352941,9.96774193548387,99,9.91919191919192,34,64,10.0,9.984375,98,9.98979591836735
47,52,10.0,9.96153846153846,99,9.97979797979798,64,33,9.890625,9.96969696969697,97,9.91752577319588,36,63,10.0,9.98412698412698,99,9.98989898989899
50,48,10.0,9.95833333333333,98,9.97959183673469,64,32,9.890625,9.96875,96,9.91666666666667,40,59,10.0,9.98305084745763,99,9.98989898989899
54,45,10.0,9.95555555555556,99,9.97979797979798,65,34,9.84615384615385,9.97058823529412,99,9.88888888888889,39,58,10.0,9.98275862068965,97,9.98969072164948
56,43,10.0,9.95348837209302,99,9.97979797979798,59,39,9.83050847457627,9.94871794871795,98,9.87755102040816,36,60,10.0,9.98333333333333,96,9.98958333333333
51,47,10.0,9.95744680851064,98,9.97959183673469,59,38,9.83050847457627,9.94736842105263,97,9.87628865979381,36,58,10.0,9.98275862068965,94,9.98936170212766
47,52,10.0,9.96153846153846,99,9.97979797979798,62,37,9.85483870967742,9.94594594594595,99,9.88888888888889,43,55,10.0,9.98181818181818,98,9.98979591836735
43,54,10.0,9.92592592592593,97,9.95876288659794,64,34,9.859375,9.94117647058824,98,9.88775510204082,41,58,10.0,10.0,99,10.0
39,60,10.0,9.93333333333333,99,9.95959595959596,67,32,9.85074626865672,9.9375,99,9.87878787878788,36,62,10.0,10.0,98,10.0
37,62,10.0,9.93548387096774,99,9.95959595959596,66,33,9.87878787878788,9.93939393939394,99,9.8989898989899,31,68,10.0,10.0,99,10.0
37,59,10.0,9.93220338983051,96,9.95833333333333,63,36,9.88888888888889,9.94444444444444,99,9.90909090909091,29,70,10.0,10.0,99,10.0
44,54,10.0,9.92592592592593,98,9.95918367346939,60,37,9.88333333333333,9.94594594594595,97,9.90721649484536,31,68,10.0,10.0,99,10.0
51,48,10.0,9.91666666666667,99,9.95959595959596,58,36,9.89655172413793,9.94444444444444,94,9.91489361702128,33,66,10.0,10.0,99,10.0
53,46,10.0,9.91304347826087,99,9.95959595959596,59,38,9.89830508474576,9.94736842105263,97,9.91752577319588,35,64,10.0,10.0,99,10.0
54,45,10.0,9.93333333333333,99,9.96969696969697,60,39,9.85,9.94871794871795,99,9.88888888888889,34,63,10.0,10.0,97,10.0
49,50,10.0,9.94,99,9.96969696969697,58,41,9.86206896551724,9.90243902439024,99,9.87878787878788,34,61,10.0,10.0,95,10.0
46,52,10.0,9.94230769230769,98,9.96938775510204,61,38,9.88524590163934,9.92105263157895,99,9.8989898989899,39,60,10.0,10.0,99,10.0
42,54,10.0,9.94444444444444,96,9.96875,64,34,9.890625,9.94117647058824,98,9.90816326530612,40,58,10.0,10.0,98,10.0
40,59,10.0,9.93220338983051,99,9.95959595959596,68,31,9.89705882352941,9.93548387096774,99,9.90909090909091,40,59,10.0,10.0,99,10.0
36,63,10.0,9.92063492063492,99,9.94949494949495,69,30,9.91304347826087,9.93333333333333,99,9.91919191919192,38,61,10.0,10.0,99,10.0
35,64,10.0,9.90625,99,9.93939393939394,68,31,9.88235294117647,9.93548387096774,99,9.8989898989899,35,64,10.0,9.984375,99,9.98989898989899
41,58,9.97560975609756,9.89655172413793,99,9.92929292929293,66,33,9.89393939393939,9.96969696969697,99,9.91919191919192,34,64,10.0,9.984375,98,9.98979591836735
46,53,9.97826086956522,9.92452830188679,99,9.94949494949495,62,37,9.88709677419355,9.97297297297297,99,9.91919191919192,36,63,10.0,9.98412698412698,99,9.98989898989899
51,48,9.98039215686275,9.91666666666667,99,9.94949494949495,60,35,9.88333333333333,9.97142857142857,95,9.91578947368421,41,58,10.0,9.98275862068965,99,9.98989898989899
52,47,9.98076923076923,9.91489361702128,99,9.94949494949495,57,40,9.89473684210526,9.975,97,9.92783505154639,40,58,10.0,9.98275862068965,98,9.98979591836735
51,47,9.98039215686275,9.93617021276596,98,9.95918367346939,56,41,9.89285714285714,9.97560975609756,97,9.92783505154639,39,59,10.0,9.98305084745763,98,9.98979591836735
46,53,10.0,9.94339622641509,99,9.96969696969697,56,41,9.85714285714286,9.97560975609756,97,9.90721649484536,43,56,10.0,9.98214285714286,99,9.98989898989899
43,55,10.0,9.94545454545455,98,9.96938775510204,59,40,9.88135593220339,9.95,99,9.90909090909091,47,52,10.0,9.98076923076923,99,9.98989898989899
42,54,10.0,9.94444444444444,96,9.96875,61,37,9.88524590163934,9.94594594594595,98,9.90816326530612,41,58,10.0,9.98275862068965,99,9.98989898989899
39,60,10.0,9.95,99,9.96969696969697,66,32,9.89393939393939,9.9375,98,9.90816326530612,36,63,10.0,9.96825396825397,99,9.97979797979798
36,62,10.0,9.90322580645161,98,9.93877551020408,66,33,9.89393939393939,9.93939393939394,99,9.90909090909091,34,65,10.0,9.98461538461538,99,9.98989898989899
43,56,10.0,9.875,99,9.92929292929293,66,33,9.87878787878788,9.93939393939394,99,9.8989898989899,33,66,10.0,9.98484848484848,99,9.98989898989899
49,49,10.0,9.85714285714286,98,9.92857142857143,65,34,9.87692307692308,9.97058823529412,99,9.90909090909091,31,68,10.0,9.97058823529412,99,9.97979797979798
53,46,10.0,9.89130434782609,99,9.94949494949495,59,38,9.86440677966102,9.97368421052632,97,9.90721649484536,38,61,10.0,9.9672131147541,99,9.97979797979798
60,39,10.0,9.87179487179487,99,9.94949494949495,57,42,9.87719298245614,9.97619047619048,99,9.91919191919192,39,59,10.0,9.96610169491525,98,9.97959183673469
58,39,10.0,9.87179487179487,97,9.94845360824742,54,42,9.87037037037037,9.97619047619048,96,9.91666666666667,39,57,10.0,9.96491228070176,96,9.97916666666667
55,44,10.0,9.88636363636364,99,9.94949494949495,54,40,9.87037037037037,9.975,94,9.91489361702128,40,56,10.0,9.96428571428571,96,9.97916666666667
53,45,10.0,9.88888888888889,98,9.94897959183673,62,37,9.88709677419355,9.97297297297297,99,9.91919191919192,46,53,10.0,9.9622641509434,99,9.97979797979798
52,42,10.0,9.88095238095238,94,9.9468085106383,63,35,9.88888888888889,9.94285714285714,98,9.90816326530612,44,55,10.0,9.96363636363636,99,9.97979797979798
50,48,10.0,9.89583333333333,98,9.94897959183673,66,33,9.89393939393939,9.93939393939394,99,9.90909090909091,40,59,10.0,9.98305084745763,99,9.98989898989899
49,49,10.0,9.91836734693878,98,9.95918367346939,67,32,9.8955223880597,9.9375,99,9.90909090909091,38,61,10.0,9.98360655737705,99,9.98989898989899
51,48,10.0,9.91666666666667,99,9.95959595959596,64,35,9.90625,9.94285714285714,99,9.91919191919192,36,63,10.0,9.98412698412698,99,9.98989898989899
55,44,10.0,9.90909090909091,99,9.95959595959596,61,38,9.91803278688525,9.94736842105263,99,9.92929292929293,37,62,10.0,9.98387096774194,99,9.98989898989899
60,38,10.0,9.89473684210526,98,9.95918367346939,57,42,9.89473684210526,9.95238095238095,99,9.91919191919192,37,61,9.97297297297297,9.9672131147541,98,9.96938775510204
63,36,10.0,9.88888888888889,99,9.95959595959596,52,45,9.90384615384615,9.95555555555556,97,9.92783505154639,44,55,9.97727272727273,9.96363636363636,99,9.96969696969697
60,38,10.0,9.89473684210526,98,9.95918367346939,51,45,9.90196078431373,9.95555555555556,96,9.92708333333333,42,55,9.97619047619048,9.96363636363636,97,9.96907216494845
57,41,10.0,9.90243902439024,98,9.95918367346939,48,44,9.89583333333333,9.95454545454546,92,9.92391304347826,42,54,9.97619047619048,9.96296296296296,96,9.96875
51,48,10.0,9.91666666666667,99,9.95959595959596,55,43,9.92727272727273,9.95348837209302,98,9.93877551020408,49,50,9.97959183673469,9.98,99,9.97979797979798
49,47,10.0,9.91489361702128,96,9.95833333333333,56,41,9.91071428571429,9.95121951219512,97,9.92783505154639,52,46,9.98076923076923,9.97826086956522,98,9.97959183673469
47,52,10.0,9.92307692307692,99,9.95959595959596,60,39,9.91666666666667,10.0,99,9.94949494949495,50,49,9.98,9.97959183673469,99,9.97979797979798
45,54,10.0,9.94444444444444,99,9.96969696969697,61,38,9.91803278688525,10.0,99,9.94949494949495,45,54,9.97777777777778,9.98148148148148,99,9.97979797979798
45,54,10.0,9.94444444444444,99,9.96969696969697,59,40,9.91525423728813,10.0,99,9.94949494949495,41,57,9.97560975609756,9.98245614035088,98,9.97959183673469
48,51,10.0,9.90196078431373,99,9.94949494949495,58,41,9.91379310344828,10.0,99,9.94949494949495,42,57,9.97619047619048,9.98245614035088,99,9.97979797979798
54,45,10.0,9.88888888888889,99,9.94949494949495,55,44,9.90909090909091,10.0,99,9.94949494949495,41,57,9.97560975609756,9.98245614035088,98,9.97959183673469
61,38,10.0,9.89473684210526,99,9.95959595959596,52,47,9.90384615384615,10.0,99,9.94949494949495,46,53,9.97826086956522,9.9811320754717,99,9.97979797979798
63,36,10.0,9.88888888888889,99,9.95959595959596,50,48,9.92,10.0,98,9.95918367346939,50,49,9.96,9.97959183673469,99,9.96969696969697
63,34,10.0,9.91176470588235,97,9.96907216494845,50,46,9.92,10.0,96,9.95833333333333,47,49,9.95744680851064,9.97959183673469,96,9.96875
60,38,10.0,9.92105263157895,98,9.96938775510204,54,45,9.92592592592593,10.0,99,9.95959595959596,50,49,9.96,9.97959183673469,99,9.96969696969697
59,38,10.0,9.92105263157895,97,9.96907216494845,57,42,9.92982456140351,10.0,99,9.95959595959596,52,46,9.96153846153846,9.97826086956522,98,9.96938775510204
57,40,10.0,9.925,97,9.96907216494845,59,37,9.93220338983051,10.0,96,9.95833333333333,50,48,9.96,9.97916666666667,98,9.96938775510204
55,43,10.0,9.93023255813953,98,9.96938775510204,62,36,9.91935483870968,10.0,98,9.94897959183673,47,52,9.95744680851064,9.98076923076923,99,9.96969696969697
52,47,10.0,9.93617021276596,99,9.96969696969697,59,40,9.91525423728813,10.0,99,9.94949494949495,44,55,9.95454545454546,9.98181818181818,99,9.96969696969697
55,44,10.0,9.93181818181818,99,9.96969696969697,57,42,9.91228070175439,10.0,99,9.94949494949495,40,55,9.95,9.98181818181818,95,9.96842105263158
54,43,10.0,9.93023255813953,97,9.96907216494845,54,45,9.92592592592593,10.0,99,9.95959595959596,39,57,9.94871794871795,9.98245614035088,96,9.96875
57,42,10.0,9.88095238095238,99,9.94949494949495,50,49,9.92,10.0,99,9.95959595959596,45,54,9.95555555555556,9.98148148148148,99,9.96969696969697
66,33,10.0,9.87878787878788,99,9.95959595959596,48,51,9.91666666666667,10.0,99,9.95959595959596,48,51,9.95833333333333,9.98039215686275,99,9.96969696969697
67,32,10.0,9.90625,99,9.96969696969697,46,52,9.89130434782609,10.0,98,9.94897959183673,48,51,9.95833333333333,9.96078431372549,99,9.95959595959596
63,36,10.0,9.91666666666667,99,9.96969696969697,47,50,9.8936170212766,10.0,97,9.94845360824742,50,49,9.96,9.95918367346939,99,9.95959595959596
61,36,10.0,9.94444444444444,97,9.97938144329897,56,43,9.91071428571429,10.0,99,9.94949494949495,58,41,9.96551724137931,9.97560975609756,99,9.96969696969697
59,35,10.0,9.94285714285714,94,9.97872340425532,62,36,9.91935483870968,10.0,98,9.94897959183673,58,41,9.96551724137931,9.97560975609756,99,9.96969696969697
57,42,10.0,9.95238095238095,99,9.97979797979798,64,35,9.9375,10.0,99,9.95959595959596,53,42,9.9622641509434,9.97619047619048,95,9.96842105263158
54,45,10.0,9.95555555555556,99,9.97979797979798,63,36,9.93650793650794,10.0,99,9.95959595959596,51,47,9.96078431372549,9.97872340425532,98,9.96938775510204
57,41,10.0,9.95121951219512,98,9.97959183673469,57,42,9.92982456140351,10.0,99,9.95959595959596,47,51,9.95744680851064,9.98039215686275,98,9.96938775510204
57,40,10.0,9.95,97,9.97938144329897,55,44,9.92727272727273,10.0,99,9.95959595959596,46,51,9.95652173913044,9.98039215686275,97,9.96907216494845
63,36,10.0,9.94444444444444,99,9.97979797979798,50,49,9.94,10.0,99,9.96969696969697,47,50,9.95744680851064,10.0,97,9.97938144329897
66,33,10.0,9.93939393939394,99,9.97979797979798,46,53,9.93478260869565,10.0,99,9.96969696969697,48,51,9.97916666666667,10.0,99,9.98989898989899
67,32,10.0,9.9375,99,9.97979797979798,43,54,9.95348837209302,10.0,97,9.97938144329897,48,51,9.97916666666667,10.0,99,9.98989898989899
66,33,10.0,9.93939393939394,99,9.97979797979798,42,54,9.95238095238095,10.0,96,9.97916666666667,48,51,9.97916666666667,10.0,99,9.98989898989899
61,36,10.0,9.94444444444444,97,9.97938144329897,47,52,9.95744680851064,10.0,99,9.97979797979798,53,46,9.9622641509434,10.0,99,9.97979797979798
58,35,10.0,9.94285714285714,93,9.97849462365591,50,49,9.98,10.0,99,9.98989898989899,52,47,9.98076923076923,10.0,99,9.98989898989899
55,43,10.0,9.95348837209302,98,9.97959183673469,53,45,9.9811320754717,10.0,98,9.98979591836735,48,50,9.97916666666667,10.0,98,9.98979591836735
50,48,10.0,9.95833333333333,98,9.97959183673469,54,44,9.98148148148148,10.0,98,9.98979591836735,46,53,9.97826086956522,10.0,99,9.98989898989899
54,45,10.0,9.95555555555556,99,9.97979797979798,51,48,9.98039215686275,10.0,99,9.98989898989899,45,54,9.97777777777778,10.0,99,9.98989898989899
58,40,10.0,9.975,98,9.98979591836735,48,51,9.97916666666667,10.0,99,9.98989898989899,42,56,9.97619047619048,10.0,98,9.98979591836735
61,38,10.0,9.97368421052632,99,9.98989898989899,47,52,9.97872340425532,10.0,99,9.98989898989899,43,55,9.97674418604651,10.0,98,9.98979591836735
60,38,10.0,9.97368421052632,98,9.98979591836735,42,57,10.0,10.0,99,10.0,43,54,9.97674418604651,10.0,97,9.98969072164948
63,36,10.0,9.97222222222222,99,9.98989898989899,42,57,10.0,10.0,99,10.0,49,50,9.97959183673469,10.0,99,9.98989898989899
63,36,10.0,9.94444444444444,99,9.97979797979798,40,56,10.0,10.0,96,10.0,52,47,9.98076923076923,10.0,99,9.98989898989899
59,40,10.0,9.95,99,9.97979797979798,45,54,10.0,10.0,99,10.0,57,42,9.98245614035088,10.0,99,9.98989898989899
58,40,10.0,9.95,98,9.97959183673469,51,47,10.0,10.0,98,10.0,60,39,9.96666666666667,10.0,99,9.97979797979798
56,43,10.0,9.95348837209302,99,9.97979797979798,56,43,10.0,10.0,99,10.0,54,44,9.96296296296296,10.0,98,9.97959183673469
49,50,10.0,9.96,99,9.97979797979798,57,41,10.0,10.0,98,10.0,49,50,9.97959183673469,10.0,99,9.98989898989899
52,47,10.0,9.95744680851064,99,9.97979797979798,54,44,10.0,10.0,98,10.0,47,50,9.97872340425532,10.0,97,9.98969072164948
53,45,10.0,9.95555555555556,98,9.97959183673469,53,46,10.0,10.0,99,10.0,46,51,9.97826086956522,10.0,97,9.98969072164948
57,42,10.0,9.95238095238095,99,9.97979797979798,53,46,10.0,10.0,99,10.0,45,51,9.97777777777778,10.0,96,9.98958333333333
57,41,10.0,9.95121951219512,98,9.97959183673469,50,48,10.0,10.0,98,10.0,46,48,9.97826086956522,10.0,94,9.98936170212766
58,41,10.0,9.95121951219512,99,9.97979797979798,49,50,10.0,10.0,99,10.0,51,48,9.98039215686275,10.0,99,9.98989898989899
60,39,10.0,9.94871794871795,99,9.97979797979798,47,47,10.0,10.0,94,10.0,55,44,9.98181818181818,10.0,99,9.98989898989899
59,40,10.0,9.9,99,9.95959595959596,54,45,10.0,10.0,99,10.0,57,42,9.98245614035088,10.0,99,9.98989898989899
55,43,10.0,9.90697674418605,98,9.95918367346939,59,40,10.0,10.0,99,10.0,63,36,9.98412698412698,10.0,99,9.98989898989899
54,45,10.0,9.91111111111111,99,9.95959595959596,64,35,10.0,10.0,99,10.0,60,39,9.98333333333333,10.0,99,9.98989898989899
50,49,10.0,9.91836734693878,99,9.95959595959596,67,32,10.0,10.0,99,10.0,58,41,9.96551724137931,10.0,99,9.97979797979798
48,50,10.0,9.92,98,9.95918367346939,63,33,10.0,10.0,96,10.0,53,43,9.9622641509434,10.0,96,9.97916666666667
51,46,10.0,9.91304347826087,97,9.95876288659794,61,38,10.0,10.0,99,10.0,51,46,9.96078431372549,10.0,97,9.97938144329897
52,45,10.0,9.91111111111111,97,9.95876288659794,58,40,10.0,10.0,98,10.0,50,48,9.96,10.0,98,9.97959183673469
53,42,10.0,9.90476190476191,95,9.95789473684211,51,48,10.0,10.0,99,10.0,53,46,9.9811320754717,10.0,99,9.98989898989899
58,40,10.0,9.925,98,9.96938775510204,48,46,10.0,10.0,94,10.0,53,45,9.9811320754717,10.0,98,9.98979591836735
58,40,10.0,9.925,98,9.96938775510204,47,46,10.0,10.0,93,10.0,56,43,9.98214285714286,10.0,99,9.98989898989899
59,40,10.0,9.925,99,9.96969696969697,49,45,9.97959183673469,10.0,94,9.98936170212766,55,44,9.98181818181818,10.0,99,9.98989898989899
53,45,10.0,9.93333333333333,98,9.96938775510204,56,43,9.98214285714286,10.0,99,9.98989898989899,60,39,9.98333333333333,10.0,99,9.98989898989899
52,44,10.0,9.86363636363636,96,9.9375,62,37,9.98387096774194,10.0,99,9.98989898989899,61,38,9.98360655737705,10.0,99,9.98989898989899
48,50,10.0,9.9,98,9.94897959183673,64,35,9.984375,10.0,99,9.98989898989899,57,40,9.98245614035088,10.0,97,9.98969072164948
44,54,10.0,9.90740740740741,98,9.94897959183673,62,34,9.98387096774194,10.0,96,9.98958333333333,56,42,9.96428571428571,10.0,98,9.97959183673469
50,49,10.0,9.89795918367347,99,9.94949494949495,60,39,9.98333333333333,10.0,99,9.98989898989899,54,44,9.98148148148148,10.0,98,9.98979591836735
50,46,10.0,9.89130434782609,96,9.94791666666667,58,40,9.98275862068965,10.0,98,9.98979591836735,51,45,9.98039215686275,10.0,96,9.98958333333333
50,44,10.0,9.88636363636364,94,9.9468085106383,55,44,9.98181818181818,10.0,99,9.98989898989899,56,43,9.96428571428571,10.0,99,9.97979797979798
55,44,10.0,9.88636363636364,99,9.94949494949495,51,47,9.98039215686275,10.0,98,9.98979591836735,56,42,9.96428571428571,10.0,98,9.97959183673469
56,43,10.0,9.90697674418605,99,9.95959595959596,51,44,9.98039215686275,10.0,95,9.98947368421053,57,42,9.96491228070176,10.0,99,9.97979797979798
55,44,10.0,9.90909090909091,99,9.95959595959596,50,44,9.98,10.0,94,9.98936170212766,58,40,9.98275862068965,10.0,98,9.98979591836735
53,45,10.0,9.91111111111111,98,9.95918367346939,56,43,9.98214285714286,10.0,99,9.98989898989899,57,42,9.98245614035088,10.0,99,9.98989898989899
52,45,10.0,9.91111111111111,97,9.95876288659794,58,41,9.96551724137931,10.0,99,9.97979797979798,60,39,9.98333333333333,10.0,99,9.98989898989899
50,49,10.0,9.87755102040816,99,9.93939393939394,62,37,9.96774193548387,10.0,99,9.97979797979798,57,42,9.98245614035088,10.0,99,9.98989898989899
45,54,10.0,9.87037037037037,99,9.92929292929293,65,33,9.96923076923077,10.0,98,9.97959183673469,55,44,9.98181818181818,10.0,99,9.98989898989899
46,53,10.0,9.86792452830189,99,9.92929292929293,63,36,9.96825396825397,10.0,99,9.97979797979798,49,49,9.97959183673469,10.0,98,9.98979591836735
50,48,10.0,9.875,98,9.93877551020408,61,38,9.95081967213115,10.0,99,9.96969696969697,47,52,9.97872340425532,10.0,99,9.98989898989899
49,48,10.0,9.875,97,9.93814432989691,59,40,9.94915254237288,10.0,99,9.96969696969697,49,50,9.97959183673469,10.0,99,9.98989898989899
50,48,10.0,9.875,98,9.93877551020408,54,44,9.96296296296296,10.0,98,9.97959183673469,49,47,9.97959183673469,10.0,96,9.98958333333333
56,43,10.0,9.86046511627907,99,9.93939393939394,53,43,9.9622641509434,10.0,96,9.97916666666667,53,46,9.9622641509434,10.0,99,9.97979797979798
57,41,10.0,9.85365853658537,98,9.93877551020408,53,43,9.9622641509434,10.0,96,9.97916666666667,57,41,9.96491228070176,10.0,98,9.97959183673469
56,43,10.0,9.86046511627907,99,9.93939393939394,58,41,9.96551724137931,10.0,99,9.97979797979798,59,40,9.96610169491525,10.0,99,9.97979797979798
54,42,10.0,9.85714285714286,96,9.9375,62,37,9.96774193548387,10.0,99,9.97979797979798,61,38,9.98360655737705,10.0,99,9.98989898989899
53,44,10.0,9.86363636363636,97,9.93814432989691,66,33,9.95454545454546,10.0,99,9.96969696969697,61,38,9.98360655737705,10.0,99,9.98989898989899
52,44,10.0,9.84090909090909,96,9.92708333333333,68,31,9.94117647058824,10.0,99,9.95959595959596,57,40,9.98245614035088,10.0,97,9.98969072164948
50,49,10.0,9.75510204081633,99,9.87878787878788,70,28,9.94285714285714,10.0,98,9.95918367346939,57,42,9.98245614035088,10.0,99,9.98989898989899
52,47,10.0,9.76595744680851,99,9.88888888888889,67,30,9.94029850746269,9.96666666666667,97,9.94845360824742,54,44,9.98148148148148,10.0,98,9.98979591836735
54,42,10.0,9.76190476190476,96,9.89583333333333,64,35,9.953125,9.94285714285714,99,9.94949494949495,52,43,9.98076923076923,10.0,95,9.98947368421053
56,41,10.0,9.75609756097561,97,9.89690721649485,59,39,9.94915254237288,9.94871794871795,98,9.94897959183673,59,39,9.98305084745763,10.0,98,9.98979591836735
62,37,10.0,9.75675675675676,99,9.90909090909091,58,39,9.94827586206897,9.94871794871795,97,9.94845360824742,62,37,9.98387096774194,10.0,99,9.98989898989899
62,36,9.98387096774194,9.75,98,9.89795918367347,57,38,9.94736842105263,9.94736842105263,95,9.94736842105263,64,35,9.96875,10.0,99,9.97979797979798
64,35,9.984375,9.74285714285714,99,9.8989898989899,63,36,9.95238095238095,9.94444444444444,99,9.94949494949495,68,31,9.97058823529412,10.0,99,9.97979797979798
64,34,10.0,9.76470588235294,98,9.91836734693878,66,33,9.96969696969697,9.93939393939394,99,9.95959595959596,68,31,9.97058823529412,10.0,99,9.97979797979798
61,36,10.0,9.77777777777778,97,9.91752577319588,70,29,9.97142857142857,9.93103448275862,99,9.95959595959596,70,29,9.98571428571429,10.0,99,9.98989898989899
59,35,10.0,9.8,94,9.92553191489362,70,29,9.97142857142857,9.93103448275862,99,9.95959595959596,68,31,9.98529411764706,10.0,99,9.98989898989899
58,40,10.0,9.825,98,9.92857142857143,73,26,9.94520547945205,9.92307692307692,99,9.93939393939394,65,33,9.98461538461538,10.0,98,9.98979591836735
58,41,10.0,9.75609756097561,99,9.8989898989899,69,30,9.94202898550725,9.93333333333333,99,9.93939393939394,61,37,9.98360655737705,10.0,98,9.98979591836735
60,39,10.0,9.71794871794872,99,9.88888888888889,68,30,9.94117647058824,9.9,98,9.92857142857143,59,39,9.98305084745763,10.0,98,9.98979591836735
60,37,10.0,9.7027027027027,97,9.88659793814433,62,37,9.93548387096774,9.91891891891892,99,9.92929292929293,61,38,9.98360655737705,10.0,99,9.98989898989899
64,35,10.0,9.68571428571429,99,9.88888888888889,59,37,9.93220338983051,9.89189189189189,96,9.91666666666667,64,34,9.984375,10.0,98,9.98979591836735
64,35,10.0,9.68571428571429,99,9.88888888888889,59,35,9.93220338983051,9.88571428571429,94,9.91489361702128,61,35,9.98360655737705,10.0,96,9.98958333333333
63,36,10.0,9.77777777777778,99,9.91919191919192,62,35,9.93548387096774,9.88571428571429,97,9.91752577319588,67,32,9.97014925373134,10.0,99,9.97979797979798
62,37,10.0,9.81081081081081,99,9.92929292929293,67,32,9.94029850746269,9.9375,99,9.93939393939394,69,30,9.97101449275362,10.0,99,9.97979797979798
60,36,10.0,9.83333333333333,96,9.9375,70,29,9.94285714285714,9.93103448275862,99,9.93939393939394,71,28,9.97183098591549,10.0,99,9.97979797979798
58,39,10.0,9.84615384615385,97,9.93814432989691,70,29,9.94285714285714,9.93103448275862,99,9.93939393939394,69,30,9.97101449275362,10.0,99,9.97979797979798
56,42,10.0,9.85714285714286,98,9.93877551020408,71,28,9.95774647887324,9.92857142857143,99,9.94949494949495,66,33,9.96969696969697,10.0,99,9.97979797979798
56,42,10.0,9.85714285714286,98,9.93877551020408,66,33,9.96969696969697,9.93939393939394,99,9.95959595959596,60,39,9.96666666666667,10.0,99,9.97979797979798
56,43,10.0,9.7906976744186,99,9.90909090909091,62,36,9.96774193548387,9.97222222222222,98,9.96938775510204,55,42,9.96363636363636,10.0,97,9.97938144329897
54,44,10.0,9.72727272727273,98,9.87755102040816,59,40,9.96610169491525,10.0,99,9.97979797979798,58,41,9.96551724137931,10.0,99,9.97979797979798
58,41,10.0,9.70731707317073,99,9.87878787878788,56,40,9.96428571428571,10.0,96,9.97916666666667,59,38,9.96610169491525,10.0,97,9.97938144329897
61,38,10.0,9.68421052631579,99,9.87878787878788,55,40,9.96363636363636,10.0,95,9.97894736842105,60,38,9.96666666666667,10.0,98,9.97959183673469
60,39,10.0,9.71794871794872,99,9.88888888888889,54,40,9.96296296296296,10.0,94,9.97872340425532,64,35,9.96875,10.0,99,9.97979797979798
62,37,10.0,9.72972972972973,99,9.8989898989899,60,39,9.96666666666667,10.0,99,9.97979797979798,65,34,9.95384615384615,10.0,99,9.96969696969697
62,36,10.0,9.72222222222222,98,9.89795918367347,64,35,9.96875,10.0,99,9.97979797979798,69,30,9.92753623188406,10.0,99,9.94949494949495
57,40,10.0,9.75,97,9.89690721649485,67,32,9.97014925373134,10.0,99,9.97979797979798,69,30,9.92753623188406,10.0,99,9.94949494949495
54,44,10.0,9.77272727272727,98,9.89795918367347,70,29,9.97142857142857,10.0,99,9.97979797979798,65,33,9.92307692307692,10.0,98,9.94897959183673
52,46,10.0,9.78260869565217,98,9.89795918367347,69,29,9.97101449275362,10.0,98,9.97959183673469,64,35,9.921875,10.0,99,9.94949494949495
52,45,10.0,9.8,97,9.90721649484536,67,32,9.94029850746269,10.0,99,9.95959595959596,58,41,9.91379310344828,10.0,99,9.94949494949495
55,44,10.0,9.77272727272727,99,9.8989898989899,60,39,9.93333333333333,10.0,99,9.95959595959596,56,39,9.91071428571429,10.0,95,9.94736842105263
54,45,10.0,9.68888888888889,99,9.85858585858586,56,43,9.92857142857143,10.0,99,9.95959595959596,62,36,9.91935483870968,10.0,98,9.94897959183673
59,40,10.0,9.675,99,9.86868686868687,54,43,9.92592592592593,10.0,97,9.95876288659794,66,33,9.92424242424242,10.0,99,9.94949494949495
62,37,10.0,9.64864864864865,99,9.86868686868687,54,41,9.92592592592593,10.0,95,9.95789473684211,66,31,9.92424242424242,10.0,97,9.94845360824742
61,37,10.0,9.67567567567568,98,9.87755102040816,59,40,9.93220338983051,10.0,99,9.95959595959596,69,30,9.92753623188406,10.0,99,9.94949494949495
60,36,10.0,9.69444444444444,96,9.88541666666667,63,36,9.95238095238095,10.0,99,9.96969696969697,72,27,9.91666666666667,10.0,99,9.93939393939394
57,40,10.0,9.725,97,9.88659793814433,66,33,9.96969696969697,10.0,99,9.97979797979798,73,26,9.86301369863014,10.0,99,9.8989898989899
56,42,10.0,9.73809523809524,98,9.88775510204082,68,31,9.98529411764706,10.0,99,9.98989898989899,69,28,9.8695652173913,10.0,97,9.90721649484536
51,48,10.0,9.79166666666667,99,9.8989898989899,73,26,9.98630136986301,10.0,99,9.98989898989899,66,28,9.87878787878788,10.0,94,9.91489361702128
52,47,10.0,9.82978723404255,99,9.91919191919192,68,31,9.98529411764706,10.0,99,9.98989898989899,59,40,9.88135593220339,10.0,99,9.92929292929293
56,43,10.0,9.88372093023256,99,9.94949494949495,62,36,9.98387096774194,10.0,98,9.98979591836735,55,39,9.87272727272727,10.0,94,9.92553191489362
56,42,10.0,9.88095238095238,98,9.94897959183673,57,42,9.96491228070176,10.0,99,9.97979797979798,60,38,9.9,10.0,98,9.93877551020408
58,41,10.0,9.85365853658537,99,9.93939393939394,56,42,9.96428571428571,10.0,98,9.97959183673469,60,37,9.9,10.0,97,9.93814432989691
60,39,10.0,9.7948717948718,99,9.91919191919192,52,42,9.96153846153846,10.0,94,9.97872340425532,63,34,9.90476190476191,10.0,97,9.93814432989691
60,39,10.0,9.7948717948718,99,9.91919191919192,58,40,9.96551724137931,10.0,98,9.97959183673469,66,33,9.92424242424242,10.0,99,9.94949494949495
60,35,10.0,9.77142857142857,95,9.91578947368421,60,39,9.96666666666667,10.0,99,9.97979797979798,70,29,9.95714285714286,10.0,99,9.96969696969697
60,37,10.0,9.81081081081081,97,9.92783505154639,61,38,9.9672131147541,10.0,99,9.97979797979798,70,26,9.95714285714286,10.0,96,9.96875
60,38,10.0,9.81578947368421,98,9.92857142857143,65,34,9.96923076923077,10.0,99,9.97979797979798,69,30,9.95652173913044,10.0,99,9.96969696969697
56,42,10.0,9.85714285714286,98,9.93877551020408,67,32,9.97014925373134,10.0,99,9.97979797979798,65,31,9.93846153846154,10.0,96,9.95833333333333
54,45,10.0,9.86666666666667,99,9.93939393939394,64,35,9.96875,10.0,99,9.97979797979798,61,38,9.9344262295082,10.0,99,9.95959595959596
55,44,10.0,9.86363636363636,99,9.93939393939394,59,40,9.96610169491525,10.0,99,9.97979797979798,57,42,9.92982456140351,10.0,99,9.95959595959596
62,37,10.0,9.91891891891892,99,9.96969696969697,56,43,9.96428571428571,10.0,99,9.97979797979798,59,40,9.93220338983051,10.0,99,9.95959595959596
66,33,10.0,9.90909090909091,99,9.96969696969697,55,43,9.94545454545455,10.0,98,9.96938775510204,60,39,9.93333333333333,10.0,99,9.95959595959596
66,32,10.0,9.875,98,9.95918367346939,52,43,9.94230769230769,10.0,95,9.96842105263158,60,38,9.93333333333333,10.0,98,9.95918367346939
65,33,10.0,9.87878787878788,98,9.95918367346939,53,43,9.9622641509434,10.0,96,9.97916666666667,61,37,9.95081967213115,10.0,98,9.96938775510204
68,31,10.0,9.80645161290323,99,9.93939393939394,56,42,9.98214285714286,10.0,98,9.98979591836735,66,33,9.95454545454546,10.0,99,9.96969696969697
67,29,10.0,9.86206896551724,96,9.95833333333333,54,42,9.98148148148148,10.0,96,9.98958333333333,71,28,9.95774647887324,10.0,99,9.96969696969697
66,29,10.0,9.86206896551724,95,9.95789473684211,59,40,9.98305084745763,10.0,99,9.98989898989899,72,26,9.95833333333333,10.0,98,9.96938775510204
65,31,10.0,9.87096774193548,96,9.95833333333333,62,36,9.98387096774194,10.0,98,9.98979591836735,69,28,9.95652173913044,10.0,97,9.96907216494845
64,35,10.0,9.88571428571429,99,9.95959595959596,65,34,9.98461538461538,10.0,99,9.98989898989899,69,30,9.91304347826087,10.0,99,9.93939393939394
64,35,10.0,9.91428571428571,99,9.96969696969697,61,38,9.98360655737705,10.0,99,9.98989898989899,62,37,9.91935483870968,10.0,99,9.94949494949495
66,33,10.0,9.90909090909091,99,9.96969696969697,55,44,9.98181818181818,10.0,99,9.98989898989899,59,38,9.91525423728813,10.0,97,9.94845360824742
69,30,10.0,9.9,99,9.96969696969697,50,48,10.0,10.0,98,10.0,63,36,9.92063492063492,10.0,99,9.94949494949495
72,27,10.0,9.88888888888889,99,9.96969696969697,50,47,10.0,10.0,97,10.0,64,35,9.9375,10.0,99,9.95959595959596
70,29,10.0,9.89655172413793,99,9.96969696969697,50,46,10.0,10.0,96,10.0,62,33,9.93548387096774,10.0,95,9.95789473684211
70,29,10.0,9.86206896551724,99,9.95959595959596,54,44,10.0,10.0,98,10.0,69,30,9.94202898550725,10.0,99,9.95959595959596
69,29,10.0,9.82758620689655,98,9.94897959183673,57,41,10.0,10.0,98,10.0,75,24,9.94666666666667,10.0,99,9.95959595959596
65,33,10.0,9.84848484848485,98,9.94897959183673,60,39,10.0,10.0,99,10.0,76,22,9.96052631578947,10.0,98,9.96938775510204
60,33,10.0,9.84848484848485,93,9.94623655913978,64,35,10.0,10.0,99,10.0,73,26,9.95890410958904,10.0,99,9.96969696969697
60,34,10.0,9.85294117647059,94,9.9468085106383,66,33,9.98484848484848,10.0,99,9.98989898989899,69,28,9.95652173913044,10.0,97,9.96907216494845
63,36,10.0,9.88888888888889,99,9.95959595959596,63,35,10.0,10.0,98,10.0,67,32,9.94029850746269,10.0,99,9.95959595959596
67,31,10.0,9.90322580645161,98,9.96938775510204,60,39,10.0,10.0,99,10.0,63,36,9.93650793650794,10.0,99,9.95959595959596
70,29,10.0,9.89655172413793,99,9.96969696969697,54,45,10.0,10.0,99,10.0,70,28,9.94285714285714,10.0,98,9.95918367346939
72,27,10.0,9.92592592592593,99,9.97979797979798,52,45,10.0,10.0,97,10.0,73,26,9.94520547945205,10.0,99,9.95959595959596
75,24,10.0,9.91666666666667,99,9.97979797979798,49,43,10.0,10.0,92,10.0,71,24,9.94366197183099,10.0,95,9.95789473684211
72,27,10.0,9.96296296296296,99,9.98989898989899,53,43,10.0,10.0,96,10.0,73,24,9.94520547945205,10.0,97,9.95876288659794
71,27,10.0,9.92592592592593,98,9.97959183673469,59,40,10.0,10.0,99,10.0,78,21,9.94871794871795,10.0,99,9.95959595959596
70,29,10.0,9.96551724137931,99,9.98989898989899,60,37,10.0,10.0,97,10.0,79,19,9.94936708860759,10.0,98,9.95918367346939
69,28,10.0,9.96428571428571,97,9.98969072164948,64,35,10.0,10.0,99,10.0,77,22,9.94805194805195,10.0,99,9.95959595959596
65,30,10.0,9.96666666666667,95,9.98947368421053,68,31,10.0,10.0,99,10.0,75,23,9.94666666666667,10.0,98,9.95918367346939
65,34,10.0,9.97058823529412,99,9.98989898989899,66,33,10.0,10.0,99,10.0,70,29,9.94285714285714,10.0,99,9.95959595959596
65,34,10.0,9.97058823529412,99,9.98989898989899,58,39,10.0,10.0,97,10.0,66,29,9.93939393939394,10.0,95,9.95789473684211
68,31,10.0,9.96774193548387,99,9.98989898989899,55,44,10.0,10.0,99,10.0,73,26,9.9041095890411,10.0,99,9.92929292929293
73,26,10.0,9.96153846153846,99,9.98989898989899,49,49,10.0,10.0,98,10.0,77,22,9.90909090909091,10.0,99,9.92929292929293
75,23,10.0,9.95652173913044,98,9.98979591836735,47,48,10.0,10.0,95,10.0,75,22,9.90666666666667,10.0,97,9.92783505154639
73,26,10.0,9.96153846153846,99,9.98989898989899,48,48,10.0,10.0,96,10.0,76,22,9.9078947368421,10.0,98,9.92857142857143
74,24,10.0,9.95833333333333,98,9.98979591836735,52,46,10.0,10.0,98,10.0,78,21,9.92307692307692,10.0,99,9.93939393939394
73,25,10.0,9.96,98,9.98979591836735,54,43,10.0,10.0,97,10.0,79,19,9.92405063291139,10.0,98,9.93877551020408
70,27,10.0,9.92592592592593,97,9.97938144329897,60,39,10.0,10.0,99,10.0,81,18,9.92592592592593,10.0,99,9.93939393939394
69,27,10.0,9.92592592592593,96,9.97916666666667,62,37,10.0,10.0,99,10.0,74,24,9.91891891891892,10.0,98,9.93877551020408
67,32,10.0,9.9375,99,9.97979797979798,60,39,10.0,10.0,99,10.0,71,28,9.94366197183099,10.0,99,9.95959595959596
68,31,10.0,9.93548387096774,99,9.97979797979798,57,42,10.0,10.0,99,10.0,66,32,9.93939393939394,10.0,98,9.95918367346939
72,27,10.0,9.92592592592593,99,9.97979797979798,50,49,10.0,10.0,99,10.0,68,31,9.94117647058824,10.0,99,9.95959595959596
75,24,9.98666666666667,9.91666666666667,99,9.96969696969697,44,55,10.0,10.0,99,10.0,71,28,9.88732394366197,10.0,99,9.91919191919192
77,22,9.98701298701299,9.90909090909091,99,9.96969696969697,43,53,10.0,10.0,96,10.0,73,26,9.89041095890411,10.0,99,9.91919191919192
78,21,9.98717948717949,9.90476190476191,99,9.96969696969697,42,53,10.0,10.0,95,10.0,72,25,9.88888888888889,10.0,97,9.91752577319588
81,18,9.98765432098766,9.94444444444444,99,9.97979797979798,47,50,10.0,10.0,97,10.0,74,25,9.89189189189189,10.0,99,9.91919191919192
78,18,9.98717948717949,9.94444444444444,96,9.97916666666667,51,47,10.0,10.0,98,10.0,74,23,9.89189189189189,10.0,97,9.91752577319588
77,20,9.98701298701299,9.95,97,9.97938144329897,50,47,10.0,10.0,97,10.0,77,21,9.8961038961039,10.0,98,9.91836734693878
76,20,9.98684210526316,9.9,96,9.96875,54,45,10.0,10.0,99,10.0,72,27,9.88888888888889,10.0,99,9.91919191919192
72,27,9.98611111111111,9.92592592592593,99,9.96969696969697,57,42,10.0,10.0,99,10.0,70,29,9.88571428571429,10.0,99,9.91919191919192
70,29,9.98571428571429,9.93103448275862,99,9.96969696969697,53,46,10.0,10.0,99,10.0,66,32,9.87878787878788,10.0,98,9.91836734693878
73,26,9.98630136986301,9.92307692307692,99,9.96969696969697,49,50,10.0,10.0,99,10.0,66,33,9.87878787878788,10.0,99,9.91919191919192
75,24,9.98666666666667,9.91666666666667,99,9.96969696969697,42,57,10.0,9.98245614035088,99,9.98989898989899,68,30,9.88235294117647,10.0,98,9.91836734693878
78,21,9.98717948717949,9.95238095238095,99,9.97979797979798,39,58,10.0,9.98275862068965,97,9.98969072164948,69,30,9.85507246376812,10.0,99,9.8989898989899
78,20,9.97435897435897,9.95,98,9.96938775510204,37,58,10.0,9.98275862068965,95,9.98947368421053,71,28,9.80281690140845,10.0,99,9.85858585858586
80,19,9.975,9.94736842105263,99,9.96969696969697,43,56,10.0,9.98214285714286,99,9.98989898989899,73,26,9.82191780821918,10.0,99,9.86868686868687
79,18,9.9873417721519,9.94444444444444,97,9.97938144329897,47,52,10.0,9.98076923076923,99,9.98989898989899,75,24,9.82666666666667,10.0,99,9.86868686868687
77,18,9.98701298701299,9.94444444444444,95,9.97894736842105,45,51,10.0,9.98039215686275,96,9.98958333333333,76,23,9.82894736842105,10.0,99,9.86868686868687
75,18,9.98666666666667,9.94444444444444,93,9.97849462365591,50,48,10.0,9.97916666666667,98,9.98979591836735,73,26,9.84931506849315,10.0,99,9.88888888888889
73,24,9.98630136986301,9.91666666666667,97,9.96907216494845,56,43,10.0,10.0,99,10.0,69,29,9.84057971014493,10.0,98,9.88775510204082
68,30,9.98529411764706,9.93333333333333,98,9.96938775510204,53,46,10.0,10.0,99,10.0,63,36,9.84126984126984,10.0,99,9.8989898989899
70,28,9.98571428571429,9.92857142857143,98,9.96938775510204,51,48,10.0,10.0,99,10.0,62,36,9.83870967741935,10.0,98,9.89795918367347
74,25,9.98648648648649,9.92,99,9.96969696969697,46,53,10.0,10.0,99,10.0,64,33,9.875,10.0,97,9.91752577319588
76,23,9.98684210526316,9.95652173913044,99,9.97979797979798,46,53,10.0,10.0,99,10.0,64,33,9.890625,10.0,97,9.92783505154639
78,21,9.98717948717949,10.0,99,9.98989898989899,44,51,10.0,10.0,95,10.0,66,33,9.89393939393939,10.0,99,9.92929292929293
77,20,10.0,10.0,97,10.0,46,49,10.0,10.0,95,10.0,69,30,9.85507246376812,10.0,99,9.8989898989899
78,21,10.0,10.0,99,10.0,49,49,10.0,10.0,98,10.0,72,27,9.80555555555556,10.0,99,9.85858585858586
75,21,10.0,10.0,96,10.0,49,48,10.0,10.0,97,10.0,74,25,9.81081081081081,10.0,99,9.85858585858586
72,22,10.0,10.0,94,10.0,53,46,10.0,10.0,99,10.0,74,24,9.83783783783784,10.0,98,9.87755102040816
72,24,10.0,10.0,96,10.0,58,41,10.0,10.0,99,10.0,68,29,9.82352941176471,10.0,97,9.87628865979381
70,29,10.0,10.0,99,10.0,58,41,10.0,10.0,99,10.0,63,36,9.80952380952381,10.0,99,9.87878787878788
66,32,10.0,10.0,98,10.0,56,43,10.0,10.0,99,10.0,58,41,9.8448275862069,10.0,99,9.90909090909091
68,31,10.0,10.0,99,10.0,50,49,10.0,10.0,99,10.0,62,36,9.87096774193548,10.0,98,9.91836734693878
69,30,10.0,10.0,99,10.0,46,53,10.0,10.0,99,10.0,64,34,9.875,10.0,98,9.91836734693878
74,25,10.0,10.0,99,10.0,44,54,10.0,10.0,98,10.0,64,32,9.875,10.0,96,9.91666666666667
75,24,10.0,10.0,99,10.0,43,53,10.0,10.0,96,10.0,69,30,9.88405797101449,10.0,99,9.91919191919192
73,26,10.0,10.0,99,10.0,47,50,10.0,10.0,97,10.0,71,28,9.87323943661972,10.0,99,9.90909090909091
71,25,10.0,10.0,96,10.0,49,48,10.0,10.0,97,10.0,73,26,9.82191780821918,10.0,99,9.86868686868687
70,26,10.0,10.0,96,10.0,53,46,10.0,10.0,99,10.0,74,25,9.85135135135135,10.0,99,9.88888888888889
69,26,10.0,10.0,95,10.0,55,44,10.0,10.0,99,10.0,70,29,9.84285714285714,10.0,99,9.88888888888889
66,33,10.0,10.0,99,10.0,60,39,10.0,10.0,99,10.0,64,35,9.84375,10.0,99,9.8989898989899
66,33,10.0,10.0,99,10.0,52,47,10.0,10.0,99,10.0,55,44,9.83636363636364,10.0,99,9.90909090909091
63,34,10.0,10.0,97,10.0,48,51,10.0,10.0,99,10.0,59,40,9.84745762711864,10.0,99,9.90909090909091
66,33,10.0,10.0,99,10.0,44,55,10.0,10.0,99,10.0,60,37,9.85,10.0,97,9.90721649484536
67,32,10.0,10.0,99,10.0,39,60,10.0,10.0,99,10.0,61,36,9.85245901639344,10.0,97,9.90721649484536
72,27,10.0,10.0,99,10.0,38,59,10.0,10.0,97,10.0,63,35,9.85714285714286,10.0,98,9.90816326530612
72,27,10.0,10.0,99,10.0,41,57,10.0,10.0,98,10.0,66,32,9.86363636363636,10.0,98,9.90816326530612
73,24,10.0,10.0,97,10.0,43,53,10.0,10.0,96,10.0,64,32,9.890625,10.0,96,9.92708333333333
71,26,10.0,10.0,97,10.0,46,51,10.0,10.0,97,10.0,69,30,9.85507246376812,10.0,99,9.8989898989899
71,24,10.0,10.0,95,10.0,52,47,10.0,10.0,99,10.0,70,29,9.81428571428571,10.0,99,9.86868686868687
70,27,10.0,10.0,97,10.0,54,45,10.0,10.0,99,10.0,65,34,9.84615384615385,10.0,99,9.8989898989899
67,32,10.0,10.0,99,10.0,54,45,10.0,10.0,99,10.0,59,40,9.86440677966102,10.0,99,9.91919191919192
68,29,10.0,10.0,97,10.0,50,49,10.0,10.0,99,10.0,57,41,9.87719298245614,10.0,98,9.92857142857143
70,29,10.0,10.0,99,10.0,46,53,10.0,10.0,99,10.0,60,39,9.88333333333333,10.0,99,9.92929292929293
73,26,10.0,10.0,99,10.0,41,58,10.0,10.0,99,10.0,58,39,9.87931034482759,10.0,97,9.92783505154639
74,25,10.0,10.0,99,10.0,38,61,10.0,9.98360655737705,99,9.98989898989899,59,38,9.88135593220339,10.0,97,9.92783505154639
73,26,10.0,10.0,99,10.0,41,57,10.0,9.98245614035088,98,9.98979591836735,61,37,9.88524590163934,10.0,98,9.92857142857143
73,26,10.0,10.0,99,10.0,42,57,10.0,9.98245614035088,99,9.98989898989899,64,34,9.890625,10.0,98,9.92857142857143
69,29,10.0,10.0,98,10.0,45,54,10.0,9.98148148148148,99,9.98989898989899,66,33,9.89393939393939,10.0,99,9.92929292929293
66,28,10.0,10.0,94,10.0,47,52,10.0,9.98076923076923,99,9.98989898989899,69,30,9.85507246376812,10.0,99,9.8989898989899
65,31,10.0,10.0,96,10.0,50,49,10.0,9.97959183673469,99,9.98989898989899,68,31,9.83823529411765,10.0,99,9.88888888888889
62,37,10.0,10.0,99,10.0,49,50,10.0,9.98,99,9.98989898989899,65,34,9.81538461538462,10.0,99,9.87878787878788
63,36,10.0,10.0,99,10.0,46,53,10.0,10.0,99,10.0,58,41,9.81034482758621,10.0,99,9.88888888888889
62,36,10.0,10.0,98,10.0,39,60,10.0,10.0,99,10.0,61,38,9.80327868852459,10.0,99,9.87878787878788
66,33,10.0,10.0,99,10.0,34,65,10.0,10.0,99,10.0,62,36,9.80645161290323,10.0,98,9.87755102040816
67,32,10.0,10.0,99,10.0,32,67,10.0,10.0,99,10.0,61,34,9.80327868852459,10.0,95,9.87368421052632
65,34,10.0,10.0,99,10.0,30,67,10.0,10.0,97,10.0,66,32,9.81818181818182,10.0,98,9.87755102040816
68,31,10.0,10.0,99,10.0,31,65,10.0,10.0,96,10.0,67,30,9.82089552238806,10.0,97,9.87628865979381
69,29,10.0,10.0,98,10.0,31,64,10.0,10.0,95,10.0,68,30,9.82352941176471,10.0,98,9.87755102040816
66,32,10.0,10.0,98,10.0,35,63,10.0,10.0,98,10.0,69,29,9.84057971014493,10.0,98,9.88775510204082
65,33,10.0,10.0,98,10.0,40,59,10.0,10.0,99,10.0,67,32,9.85074626865672,10.0,99,9.8989898989899
62,36,10.0,10.0,98,10.0,44,55,10.0,10.0,99,10.0,65,34,9.83076923076923,10.0,99,9.88888888888889
59,40,10.0,10.0,99,10.0,41,58,10.0,10.0,99,10.0,60,39,9.85,10.0,99,9.90909090909091
61,38,10.0,10.0,99,10.0,35,64,10.0,10.0,99,10.0,61,38,9.83606557377049,10.0,99,9.8989898989899
66,33,10.0,10.0,99,10.0,35,64,10.0,10.0,99,10.0,64,35,9.828125,10.0,99,9.88888888888889
68,31,10.0,10.0,99,10.0,31,68,10.0,10.0,99,10.0,63,34,9.84126984126984,10.0,97,9.89690721649485
70,29,10.0,10.0,99,10.0,29,69,10.0,10.0,98,10.0,66,33,9.84848484848485,10.0,99,9.8989898989899
71,28,10.0,10.0,99,10.0,30,67,10.0,10.0,97,10.0,66,33,9.86363636363636,10.0,99,9.90909090909091
73,25,10.0,10.0,98,10.0,32,65,10.0,10.0,97,10.0,65,31,9.86153846153846,10.0,96,9.90625
70,27,10.0,10.0,97,10.0,35,61,10.0,10.0,96,10.0,68,30,9.86764705882353,10.0,98,9.90816326530612
70,26,10.0,10.0,96,10.0,41,58,10.0,10.0,99,10.0,69,30,9.89855072463768,10.0,99,9.92929292929293
65,33,10.0,10.0,98,10.0,44,55,10.0,10.0,99,10.0,65,34,9.90769230769231,10.0,99,9.93939393939394
63,35,10.0,10.0,98,10.0,45,54,10.0,10.0,99,10.0,60,38,9.88333333333333,10.0,98,9.92857142857143
64,35,10.0,10.0,99,10.0,41,58,10.0,10.0,99,10.0,58,41,9.87931034482759,10.0,99,9.92929292929293
68,31,10.0,10.0,99,10.0,39,60,10.0,10.0,99,10.0,62,37,9.83870967741935,10.0,99,9.8989898989899
70,28,10.0,10.0,98,10.0,34,65,10.0,10.0,99,10.0,63,35,9.85714285714286,10.0,98,9.90816326530612
72,25,9.98611111111111,10.0,97,9.98969072164948,27,72,10.0,10.0,99,10.0,64,35,9.84375,10.0,99,9.8989898989899
76,23,9.98684210526316,10.0,99,9.98989898989899,26,71,10.0,10.0,97,10.0,66,33,9.86363636363636,10.0,99,9.90909090909091
77,22,10.0,10.0,99,10.0,29,69,10.0,10.0,98,10.0,65,33,9.89230769230769,10.0,98,9.92857142857143
77,21,10.0,10.0,98,10.0,29,68,10.0,10.0,97,10.0,68,31,9.89705882352941,10.0,99,9.92929292929293
75,21,10.0,10.0,96,10.0,36,63,10.0,10.0,99,10.0,67,32,9.8955223880597,10.0,99,9.92929292929293
70,29,10.0,10.0,99,10.0,42,57,9.97619047619048,10.0,99,9.98989898989899,67,32,9.8955223880597,10.0,99,9.92929292929293
65,34,10.0,10.0,99,10.0,44,54,9.97727272727273,10.0,98,9.98979591836735,62,37,9.90322580645161,10.0,99,9.93939393939394
64,35,10.0,10.0,99,10.0,43,56,9.97674418604651,10.0,99,9.98989898989899,56,43,9.875,10.0,99,9.92929292929293
70,29,10.0,10.0,99,10.0,41,57,9.97560975609756,10.0,98,9.98979591836735,57,42,9.85964912280702,10.0,99,9.91919191919192
71,28,10.0,10.0,99,10.0,39,60,9.97435897435897,10.0,99,9.98989898989899,59,40,9.89830508474576,10.0,99,9.93939393939394
74,25,10.0,10.0,99,10.0,35,64,9.97142857142857,10.0,99,9.98989898989899,57,39,9.89473684210526,10.0,96,9.9375
75,24,10.0,10.0,99,10.0,31,67,9.96774193548387,10.0,98,9.98979591836735,61,37,9.88524590163934,10.0,98,9.92857142857143
77,22,10.0,10.0,99,10.0,36,61,9.97222222222222,10.0,97,9.98969072164948,63,36,9.88888888888889,10.0,99,9.92929292929293
76,22,10.0,10.0,98,10.0,35,60,9.97142857142857,10.0,95,9.98947368421053,62,34,9.88709677419355,10.0,96,9.92708333333333
75,22,10.0,10.0,97,10.0,40,59,9.975,10.0,99,9.98989898989899,66,33,9.89393939393939,10.0,99,9.92929292929293
73,26,10.0,9.96153846153846,99,9.98989898989899,43,54,9.97674418604651,10.0,97,9.98969072164948,66,33,9.89393939393939,10.0,99,9.92929292929293
68,31,10.0,9.96774193548387,99,9.98989898989899,47,50,9.97872340425532,10.0,97,9.98969072164948,63,36,9.88888888888889,10.0,99,9.92929292929293
69,30,10.0,9.93333333333333,99,9.97979797979798,46,52,9.95652173913044,10.0,98,9.97959183673469,56,43,9.875,10.0,99,9.92929292929293
71,28,10.0,9.92857142857143,99,9.97979797979798,44,55,9.95454545454546,10.0,99,9.97979797979798,52,46,9.88461538461539,10.0,98,9.93877551020408
72,27,10.0,9.92592592592593,99,9.97979797979798,39,60,9.94871794871795,10.0,99,9.97979797979798,54,45,9.90740740740741,10.0,99,9.94949494949495
73,25,10.0,9.92,98,9.97959183673469,34,65,9.94117647058824,10.0,99,9.97979797979798,55,42,9.90909090909091,10.0,97,9.94845360824742
74,24,10.0,9.91666666666667,98,9.97959183673469,29,70,9.93103448275862,10.0,99,9.97979797979798,57,40,9.92982456140351,10.0,97,9.95876288659794
75,24,10.0,9.91666666666667,99,9.97979797979798,30,69,9.96666666666667,10.0,99,9.98989898989899,63,36,9.90476190476191,10.0,99,9.93939393939394
76,23,10.0,9.91304347826087,99,9.97979797979798,29,66,9.96551724137931,10.0,95,9.98947368421053,63,35,9.90476190476191,10.0,98,9.93877551020408
74,22,10.0,9.90909090909091,96,9.97916666666667,33,66,9.96969696969697,10.0,99,9.98989898989899,63,35,9.90476190476191,10.0,98,9.93877551020408
74,22,10.0,9.90909090909091,96,9.97916666666667,39,60,10.0,10.0,99,10.0,65,34,9.90769230769231,10.0,99,9.93939393939394
68,31,10.0,9.90322580645161,99,9.96969696969697,41,57,10.0,10.0,98,10.0,61,37,9.90163934426229,10.0,98,9.93877551020408
64,35,10.0,9.94285714285714,99,9.97979797979798,41,58,10.0,10.0,99,10.0,53,46,9.88679245283019,10.0,99,9.93939393939394
66,33,10.0,9.90909090909091,99,9.96969696969697,39,60,10.0,10.0,99,10.0,47,52,9.8936170212766,10.0,99,9.94949494949495
68,30,10.0,9.9,98,9.96938775510204,37,62,10.0,10.0,99,10.0,50,49,9.9,10.0,99,9.94949494949495
72,27,10.0,9.88888888888889,99,9.96969696969697,33,66,10.0,10.0,99,10.0,54,44,9.88888888888889,10.0,98,9.93877551020408
76,23,10.0,9.8695652173913,99,9.96969696969697,31,68,10.0,10.0,99,10.0,57,42,9.89473684210526,10.0,99,9.93939393939394
80,19,10.0,9.89473684210526,99,9.97979797979798,32,67,10.0,10.0,99,10.0,54,41,9.88888888888889,10.0,95,9.93684210526316
81,18,10.0,9.88888888888889,99,9.97979797979798,33,64,10.0,10.0,97,10.0,56,41,9.91071428571429,10.0,97,9.94845360824742
82,14,10.0,9.85714285714286,96,9.97916666666667,35,63,10.0,10.0,98,10.0,59,37,9.89830508474576,10.0,96,9.9375
82,14,10.0,9.85714285714286,96,9.97916666666667,42,57,10.0,10.0,99,10.0,61,36,9.90163934426229,10.0,97,9.93814432989691
81,17,10.0,9.88235294117647,98,9.97959183673469,47,51,10.0,10.0,98,10.0,57,42,9.92982456140351,10.0,99,9.95959595959596
77,22,10.0,9.90909090909091,99,9.97979797979798,46,50,10.0,10.0,96,10.0,51,48,9.92156862745098,10.0,99,9.95959595959596
75,24,10.0,9.875,99,9.96969696969697,43,55,10.0,10.0,98,10.0,47,52,9.93617021276596,10.0,99,9.96969696969697
77,21,10.0,9.80952380952381,98,9.95918367346939,40,59,10.0,10.0,99,10.0,46,53,9.95652173913044,10.0,99,9.97979797979798
80,19,10.0,9.78947368421053,99,9.95959595959596,38,61,10.0,10.0,99,10.0,52,47,9.94230769230769,10.0,99,9.96969696969697
81,18,10.0,9.77777777777778,99,9.95959595959596,35,64,10.0,10.0,99,10.0,55,44,9.92727272727273,10.0,99,9.95959595959596
84,15,10.0,9.73333333333333,99,9.95959595959596,31,68,10.0,10.0,99,10.0,56,42,9.92857142857143,10.0,98,9.95918367346939
84,15,10.0,9.73333333333333,99,9.95959595959596,31,66,10.0,10.0,97,10.0,57,40,9.94736842105263,10.0,97,9.96907216494845
80,15,10.0,9.73333333333333,95,9.95789473684211,31,65,10.0,10.0,96,10.0,59,38,9.94915254237288,10.0,97,9.96907216494845
79,15,10.0,9.73333333333333,94,9.95744680851064,38,61,10.0,10.0,99,10.0,59,38,9.94915254237288,10.0,97,9.96907216494845
78,18,10.0,9.77777777777778,96,9.95833333333333,41,58,10.0,10.0,99,10.0,57,42,9.94736842105263,10.0,99,9.96969696969697
76,23,10.0,9.82608695652174,99,9.95959595959596,42,54,10.0,10.0,96,10.0,53,46,9.9622641509434,10.0,99,9.97979797979798
73,24,9.98630136986301,9.83333333333333,97,9.94845360824742,40,59,10.0,10.0,99,10.0,49,50,9.95918367346939,10.0,99,9.97979797979798
75,24,9.97333333333333,9.79166666666667,99,9.92929292929293,39,56,10.0,10.0,95,10.0,47,52,9.95744680851064,10.0,99,9.97979797979798
77,22,9.97402597402597,9.77272727272727,99,9.92929292929293,37,62,10.0,10.0,99,10.0,51,48,9.98039215686275,10.0,99,9.98989898989899
79,20,9.9746835443038,9.7,99,9.91919191919192,33,66,10.0,10.0,99,10.0,55,44,10.0,10.0,99,10.0
82,17,9.97560975609756,9.64705882352941,99,9.91919191919192,30,69,10.0,10.0,99,10.0,59,40,10.0,10.0,99,10.0
83,16,9.97590361445783,9.6875,99,9.92929292929293,30,69,10.0,10.0,99,10.0,60,38,10.0,10.0,98,10.0
83,15,9.97590361445783,9.66666666666667,98,9.92857142857143,30,65,10.0,10.0,95,10.0,64,35,10.0,10.0,99,10.0
81,15,9.97530864197531,9.66666666666667,96,9.92708333333333,31,64,10.0,10.0,95,10.0,61,34,10.0,10.0,95,10.0
80,14,9.975,9.71428571428571,94,9.93617021276596,36,63,10.0,10.0,99,10.0,64,34,10.0,10.0,98,10.0
79,18,9.9746835443038,9.83333333333333,97,9.94845360824742,38,60,10.0,10.0,98,10.0,59,40,10.0,10.0,99,10.0
75,22,10.0,9.86363636363636,97,9.96907216494845,36,63,10.0,10.0,99,10.0,54,44,10.0,10.0,98,10.0
71,23,10.0,9.8695652173913,94,9.96808510638298,34,64,10.0,10.0,98,10.0,50,48,10.0,10.0,98,10.0
77,22,10.0,9.86363636363636,99,9.96969696969697,32,67,10.0,10.0,99,10.0,53,44,10.0,10.0,97,10.0
78,21,10.0,9.85714285714286,99,9.96969696969697,29,70,10.0,10.0,99,10.0,58,41,10.0,10.0,99,10.0
80,19,10.0,9.78947368421053,99,9.95959595959596,25,74,10.0,10.0,99,10.0,61,38,10.0,10.0,99,10.0
80,19,10.0,9.78947368421053,99,9.95959595959596,24,75,10.0,9.98666666666667,99,9.98989898989899,62,36,10.0,10.0,98,10.0
82,17,10.0,9.76470588235294,99,9.95959595959596,27,69,10.0,9.98550724637681,96,9.98958333333333,65,33,10.0,10.0,98,10.0
81,16,10.0,9.75,97,9.95876288659794,29,66,10.0,9.98484848484848,95,9.98947368421053,67,28,10.0,10.0,95,10.0
80,15,10.0,9.73333333333333,95,9.95789473684211,34,63,10.0,9.98412698412698,97,9.98969072164948,70,27,10.0,10.0,97,10.0
79,15,10.0,9.73333333333333,94,9.95744680851064,38,60,10.0,9.98333333333333,98,9.98979591836735,68,31,10.0,10.0,99,10.0
77,22,10.0,9.81818181818182,99,9.95959595959596,36,62,10.0,9.96774193548387,98,9.97959183673469,64,35,10.0,10.0,99,10.0
76,22,10.0,9.81818181818182,98,9.95918367346939,35,64,10.0,9.96875,99,9.97979797979798,59,40,10.0,10.0,99,10.0
77,21,10.0,9.85714285714286,98,9.96938775510204,31,67,10.0,9.97014925373134,98,9.97959183673469,60,38,10.0,10.0,98,10.0
79,20,10.0,9.85,99,9.96969696969697,28,71,10.0,9.97183098591549,99,9.97979797979798,64,35,10.0,10.0,99,10.0
79,20,10.0,9.8,99,9.95959595959596,25,74,10.0,9.97297297297297,99,9.97979797979798,67,32,10.0,10.0,99,10.0
80,19,10.0,9.78947368421053,99,9.95959595959596,24,75,10.0,9.98666666666667,99,9.98989898989899,70,29,10.0,10.0,99,10.0
81,18,10.0,9.77777777777778,99,9.95959595959596,29,70,10.0,9.98571428571429,99,9.98989898989899,69,28,10.0,10.0,97,10.0
85,14,10.0,9.78571428571429,99,9.96969696969697,28,71,10.0,9.97183098591549,99,9.97979797979798,70,27,10.0,10.0,97,10.0
82,14,10.0,9.78571428571429,96,9.96875,33,66,10.0,9.96969696969697,99,9.97979797979798,68,27,10.0,10.0,95,10.0
80,14,10.0,9.78571428571429,94,9.96808510638298,37,61,10.0,9.9672131147541,98,9.97959183673469,65,34,10.0,10.0,99,10.0
77,22,10.0,9.86363636363636,99,9.96969696969697,37,58,10.0,9.96551724137931,95,9.97894736842105,63,36,10.0,9.97222222222222,99,9.98989898989899
77,22,10.0,9.86363636363636,99,9.96969696969697,35,64,10.0,9.96875,99,9.97979797979798,59,40,10.0,9.975,99,9.98989898989899
77,22,10.0,9.86363636363636,99,9.96969696969697,33,66,10.0,9.96969696969697,99,9.97979797979798,58,40,10.0,9.975,98,9.98979591836735
79,20,10.0,9.85,99,9.96969696969697,32,67,10.0,9.97014925373134,99,9.97979797979798,61,38,10.0,9.97368421052632,99,9.98989898989899
83,16,10.0,9.8125,99,9.96969696969697,29,70,10.0,9.97142857142857,99,9.97979797979798,63,36,10.0,9.97222222222222,99,9.98989898989899
84,15,10.0,9.8,99,9.96969696969697,27,70,10.0,9.97142857142857,97,9.97938144329897,68,31,10.0,9.96774193548387,99,9.98989898989899
85,14,10.0,9.71428571428571,99,9.95959595959596,31,68,10.0,9.97058823529412,99,9.97979797979798,73,25,10.0,10.0,98,10.0
87,12,10.0,9.66666666666667,99,9.95959595959596,33,64,10.0,9.984375,97,9.98969072164948,76,23,10.0,10.0,99,10.0
85,12,10.0,9.66666666666667,97,9.95876288659794,39,60,10.0,9.96666666666667,99,9.97979797979798,73,23,10.0,10.0,96,10.0
84,11,10.0,9.72727272727273,95,9.96842105263158,43,56,10.0,9.96428571428571,99,9.97979797979798,73,26,10.0,10.0,99,10.0
81,15,10.0,9.8,96,9.96875,42,54,10.0,9.96296296296296,96,9.97916666666667,67,32,10.0,10.0,99,10.0
81,18,10.0,9.83333333333333,99,9.96969696969697,41,57,10.0,9.96491228070176,98,9.97959183673469,66,33,10.0,10.0,99,10.0
80,19,10.0,9.8421052631579,99,9.96969696969697,37,62,10.0,9.96774193548387,99,9.97979797979798,63,34,10.0,10.0,97,10.0
80,19,10.0,9.8421052631579,99,9.96969696969697,34,65,10.0,9.96923076923077,99,9.97979797979798,65,33,10.0,10.0,98,10.0
80,18,10.0,9.83333333333333,98,9.96938775510204,31,68,10.0,9.97058823529412,99,9.97979797979798,66,32,10.0,10.0,98,10.0
81,18,9.98765432098766,9.83333333333333,99,9.95959595959596,29,70,10.0,9.97142857142857,99,9.97979797979798,69,30,10.0,10.0,99,10.0
84,15,9.98809523809524,9.8,99,9.95959595959596,31,68,10.0,9.97058823529412,99,9.97979797979798,70,29,10.0,10.0,99,10.0
86,13,9.98837209302326,9.84615384615385,99,9.96969696969697,35,63,10.0,9.96825396825397,98,9.97959183673469,71,28,10.0,10.0,99,10.0
85,14,9.98823529411765,9.71428571428571,99,9.94949494949495,37,62,10.0,9.96774193548387,99,9.97979797979798,71,25,10.0,10.0,96,10.0
83,14,9.98795180722892,9.71428571428571,97,9.94845360824742,40,59,10.0,9.96610169491525,99,9.97979797979798,70,29,10.0,10.0,99,10.0
81,17,9.98765432098766,9.76470588235294,98,9.94897959183673,43,56,10.0,9.96428571428571,99,9.97979797979798,67,31,10.0,10.0,98,10.0
82,17,9.98780487804878,9.82352941176471,99,9.95959595959596,41,58,10.0,9.96551724137931,99,9.97979797979798,65,33,10.0,10.0,98,10.0
82,16,9.98780487804878,9.8125,98,9.95918367346939,38,61,10.0,9.9672131147541,99,9.97979797979798,62,35,10.0,10.0,97,10.0
84,15,9.98809523809524,9.8,99,9.95959595959596,35,64,10.0,9.96875,99,9.97979797979798,63,32,10.0,10.0,95,10.0
84,15,10.0,9.8,99,9.96969696969697,33,66,10.0,9.96969696969697,99,9.97979797979798,69,30,10.0,10.0,99,10.0
87,12,10.0,9.75,99,9.96969696969697,29,70,10.0,9.97142857142857,99,9.97979797979798,71,28,10.0,10.0,99,10.0
87,11,10.0,9.72727272727273,98,9.96938775510204,28,71,10.0,9.97183098591549,99,9.97979797979798,75,24,10.0,10.0,99,10.0
86,11,10.0,9.72727272727273,97,9.96907216494845,32,67,10.0,9.98507462686567,99,9.98989898989899,75,24,9.98666666666667,10.0,99,9.98989898989899
88,11,10.0,9.72727272727273,99,9.96969696969697,37,61,10.0,9.98360655737705,98,9.98979591836735,78,20,10.0,10.0,98,10.0
86,10,10.0,9.7,96,9.96875,41,57,10.0,9.98245614035088,98,9.98979591836735,77,20,10.0,10.0,97,10.0
84,12,10.0,9.58333333333333,96,9.94791666666667,46,52,10.0,10.0,98,10.0,73,26,10.0,10.0,99,10.0
80,19,10.0,9.73684210526316,99,9.94949494949495,45,54,10.0,10.0,99,10.0,73,25,10.0,10.0,98,10.0
82,17,10.0,9.70588235294118,99,9.94949494949495,42,57,10.0,10.0,99,10.0,69,30,10.0,10.0,99,10.0
83,15,10.0,9.73333333333333,98,9.95918367346939,37,62,10.0,10.0,99,10.0,65,29,10.0,10.0,94,10.0
88,11,10.0,9.81818181818182,99,9.97979797979798,35,64,10.0,10.0,99,10.0,70,26,10.0,10.0,96,10.0
90,9,10.0,9.88888888888889,99,9.98989898989899,31,68,10.0,10.0,99,10.0,75,24,10.0,10.0,99,10.0
91,8,10.0,9.875,99,9.98989898989899,28,70,10.0,10.0,98,10.0,74,24,10.0,10.0,98,10.0
90,8,10.0,9.875,98,9.98979591836735,32,67,10.0,10.0,99,10.0,77,22,10.0,10.0,99,10.0
91,6,10.0,9.83333333333333,97,9.98969072164948,35,64,10.0,10.0,99,10.0,78,21,10.0,10.0,99,10.0
92,6,10.0,9.83333333333333,98,9.98979591836735,40,59,10.0,10.0,99,10.0,77,20,10.0,10.0,97,10.0
90,6,10.0,9.83333333333333,96,9.98958333333333,43,55,10.0,10.0,98,10.0,74,24,10.0,10.0,98,10.0
87,11,10.0,9.81818181818182,98,9.97959183673469,41,55,10.0,10.0,96,10.0,73,25,10.0,10.0,98,10.0
89,10,10.0,9.8,99,9.97979797979798,41,58,10.0,10.0,99,10.0,72,27,10.0,10.0,99,10.0
88,10,10.0,9.8,98,9.97959183673469,36,63,10.0,9.98412698412698,99,9.98989898989899,67,30,10.0,10.0,97,10.0
92,7,10.0,10.0,99,10.0,35,64,10.0,9.984375,99,9.98989898989899,72,27,10.0,10.0,99,10.0
92,7,10.0,10.0,99,10.0,29,70,10.0,9.98571428571429,99,9.98989898989899,74,24,10.0,10.0,98,10.0
94,5,9.98936170212766,10.0,99,9.98989898989899,28,71,10.0,9.98591549295775,99,9.98989898989899,79,19,10.0,10.0,98,10.0
94,5,9.98936170212766,10.0,99,9.98989898989899,33,66,10.0,9.98484848484848,99,9.98989898989899,81,18,10.0,10.0,99,10.0
92,5,9.98913043478261,10.0,97,9.98969072164948,35,64,10.0,9.984375,99,9.98989898989899,83,16,10.0,10.0,99,10.0
94,4,9.98936170212766,10.0,98,9.98979591836735,41,58,10.0,9.98275862068965,99,9.98989898989899,84,15,10.0,10.0,99,10.0
94,3,9.98936170212766,10.0,97,9.98969072164948,46,53,10.0,9.9811320754717,99,9.98989898989899,81,15,10.0,10.0,96,10.0
90,4,9.98888888888889,10.0,94,9.98936170212766,45,51,10.0,9.98039215686275,96,9.98958333333333,79,18,10.0,10.0,97,10.0
91,6,9.98901098901099,10.0,97,9.98969072164948,45,54,10.0,9.98148148148148,99,9.98989898989899,77,22,10.0,10.0,99,10.0
93,6,9.98924731182796,10.0,99,9.98989898989899,41,58,10.0,9.98275862068965,99,9.98989898989899,71,26,10.0,10.0,97,10.0
94,5,9.98936170212766,10.0,99,9.98989898989899,37,62,10.0,9.96774193548387,99,9.97979797979798,73,26,10.0,10.0,99,10.0
94,5,9.98936170212766,10.0,99,9.98989898989899,33,66,10.0,9.96969696969697,99,9.97979797979798,75,23,10.0,10.0,98,10.0
94,5,9.98936170212766,10.0,99,9.98989898989899,29,70,10.0,9.97142857142857,99,9.97979797979798,78,21,10.0,10.0,99,10.0
94,5,9.97872340425532,10.0,99,9.97979797979798,28,71,10.0,9.97183098591549,99,9.97979797979798,79,20,10.0,10.0,99,10.0
94,5,9.97872340425532,10.0,99,9.97979797979798,27,72,10.0,9.97222222222222,99,9.97979797979798,79,18,10.0,10.0,97,10.0
93,5,9.97849462365591,10.0,98,9.97959183673469,33,66,10.0,9.96969696969697,99,9.97979797979798,82,17,9.98780487804878,10.0,99,9.98989898989899
92,5,9.98913043478261,10.0,97,9.98969072164948,36,63,10.0,9.96825396825397,99,9.97979797979798,82,16,9.98780487804878,10.0,98,9.98979591836735
90,6,9.98888888888889,10.0,96,9.98958333333333,38,60,10.0,9.96666666666667,98,9.97959183673469,78,19,9.97435897435897,10.0,97,9.97938144329897
87,10,9.98850574712644,10.0,97,9.98969072164948,36,58,10.0,9.96551724137931,94,9.97872340425532,80,18,9.975,10.0,98,9.97959183673469
91,8,9.98901098901099,10.0,99,9.98989898989899,36,63,10.0,9.96825396825397,99,9.97979797979798,75,24,9.97333333333333,10.0,99,9.97979797979798
91,8,9.98901098901099,10.0,99,9.98989898989899,32,67,10.0,9.98507462686567,99,9.98989898989899,76,23,9.97368421052632,10.0,99,9.97979797979798
93,6,10.0,10.0,99,10.0,30,69,10.0,9.98550724637681,99,9.98989898989899,77,22,9.96103896103896,10.0,99,9.96969696969697
96,3,10.0,10.0,99,10.0,28,71,10.0,9.97183098591549,99,9.97979797979798,80,19,9.9625,10.0,99,9.96969696969697
96,2,10.0,10.0,98,10.0,26,73,10.0,9.97260273972603,99,9.97979797979798,81,18,9.96296296296296,10.0,99,9.96969696969697
97,2,10.0,10.0,99,10.0,30,69,10.0,9.97101449275362,99,9.97979797979798,83,16,9.96385542168675,10.0,99,9.96969696969697
96,2,10.0,10.0,98,10.0,32,67,10.0,9.97014925373134,99,9.97979797979798,85,14,9.97647058823529,10.0,99,9.97979797979798
94,2,10.0,10.0,96,10.0,35,63,10.0,9.96825396825397,98,9.97959183673469,86,12,9.97674418604651,10.0,98,9.97959183673469
93,2,10.0,10.0,95,10.0,41,58,10.0,9.96551724137931,99,9.97979797979798,85,13,9.97647058823529,10.0,98,9.97959183673469
92,4,10.0,10.0,96,10.0,39,56,10.0,9.96428571428571,95,9.97894736842105,87,12,9.96551724137931,10.0,99,9.96969696969697
95,4,10.0,10.0,99,10.0,38,60,10.0,9.96666666666667,98,9.97959183673469,84,15,9.96428571428571,10.0,99,9.96969696969697
95,4,10.0,10.0,99,10.0,37,62,10.0,9.96774193548387,99,9.97979797979798,79,19,9.9620253164557,10.0,98,9.96938775510204
95,4,10.0,10.0,99,10.0,34,63,10.0,9.96825396825397,97,9.97938144329897,82,17,9.96341463414634,10.0,99,9.96969696969697
95,4,10.0,10.0,99,10.0,33,64,10.0,9.96875,97,9.97938144329897,83,16,9.96385542168675,10.0,99,9.96969696969697
95,4,10.0,10.0,99,10.0,29,70,10.0,9.97142857142857,99,9.97979797979798,84,15,9.96428571428571,10.0,99,9.96969696969697
95,4,10.0,10.0,99,10.0,28,71,10.0,9.95774647887324,99,9.96969696969697,85,14,9.97647058823529,10.0,99,9.97979797979798
94,4,10.0,10.0,98,10.0,28,71,10.0,9.94366197183099,99,9.95959595959596,88,11,9.97727272727273,10.0,99,9.97979797979798
94,4,10.0,10.0,98,10.0,27,72,10.0,9.94444444444444,99,9.95959595959596,88,11,9.97727272727273,10.0,99,9.97979797979798
92,4,10.0,10.0,96,10.0,30,69,10.0,9.94202898550725,99,9.95959595959596,86,10,9.97674418604651,10.0,96,9.97916666666667
88,8,10.0,10.0,96,10.0,29,68,10.0,9.94117647058824,97,9.95876288659794,85,11,9.97647058823529,10.0,96,9.97916666666667
91,8,10.0,10.0,99,10.0,28,68,10.0,9.94117647058824,96,9.95833333333333,84,12,9.98809523809524,10.0,96,9.98958333333333
92,7,10.0,10.0,99,10.0,25,74,10.0,9.94594594594595,99,9.95959595959596,83,15,9.97590361445783,10.0,98,9.97959183673469
92,7,10.0,10.0,99,10.0,23,74,10.0,9.94594594594595,97,9.95876288659794,84,15,9.97619047619048,10.0,99,9.97979797979798
92,7,10.0,10.0,99,10.0,23,76,10.0,9.94736842105263,99,9.95959595959596,86,12,9.97674418604651,10.0,98,9.97959183673469
93,6,10.0,10.0,99,10.0,20,79,10.0,9.94936708860759,99,9.95959595959596,89,10,9.97752808988764,10.0,99,9.97979797979798
93,6,10.0,10.0,99,10.0,21,78,10.0,9.96153846153846,99,9.96969696969697,91,8,9.97802197802198,10.0,99,9.97979797979798
93,6,10.0,10.0,99,10.0,24,75,10.0,9.93333333333333,99,9.94949494949495,92,7,9.97826086956522,10.0,99,9.97979797979798
94,5,10.0,10.0,99,10.0,27,72,10.0,9.93055555555556,99,9.94949494949495,94,5,9.98936170212766,10.0,99,9.98989898989899
91,5,10.0,10.0,96,10.0,32,67,10.0,9.94029850746269,99,9.95959595959596,94,5,9.98936170212766,10.0,99,9.98989898989899
90,7,10.0,10.0,97,10.0,31,66,10.0,9.93939393939394,97,9.95876288659794,92,5,9.98913043478261,10.0,97,9.98969072164948
88,10,10.0,10.0,98,10.0,31,67,10.0,9.94029850746269,98,9.95918367346939,93,5,9.98924731182796,10.0,98,9.98979591836735
89,10,10.0,10.0,99,10.0,30,69,10.0,9.94202898550725,99,9.95959595959596,91,8,9.98901098901099,10.0,99,9.98989898989899
91,8,10.0,10.0,99,10.0,28,71,10.0,9.97183098591549,99,9.97979797979798,90,6,9.97777777777778,10.0,96,9.97916666666667
91,8,10.0,10.0,99,10.0,25,72,10.0,9.97222222222222,97,9.97938144329897,92,6,9.96739130434783,10.0,98,9.96938775510204
91,8,10.0,10.0,99,10.0,25,74,10.0,9.97297297297297,99,9.97979797979798,94,5,9.96808510638298,10.0,99,9.96969696969697
90,8,10.0,10.0,98,10.0,24,75,10.0,9.97333333333333,99,9.97979797979798,95,4,9.96842105263158,10.0,99,9.96969696969697
92,7,10.0,10.0,99,10.0,29,70,10.0,9.97142857142857,99,9.97979797979798,95,4,9.96842105263158,10.0,99,9.96969696969697
91,6,10.0,10.0,97,10.0,31,67,10.0,9.94029850746269,98,9.95918367346939,96,3,9.96875,10.0,99,9.96969696969697
88,6,10.0,10.0,94,10.0,34,64,10.0,9.953125,98,9.96938775510204,96,3,9.96875,10.0,99,9.96969696969697
88,7,10.0,10.0,95,10.0,36,62,10.0,9.93548387096774,98,9.95918367346939,94,4,9.96808510638298,10.0,98,9.96938775510204
87,12,10.0,10.0,99,10.0,36,61,10.0,9.9344262295082,97,9.95876288659794,94,4,9.97872340425532,10.0,98,9.97959183673469
89,10,10.0,10.0,99,10.0,34,65,10.0,9.93846153846154,99,9.95959595959596,92,5,9.97826086956522,10.0,97,9.97938144329897
90,9,10.0,10.0,99,10.0,32,67,10.0,9.95522388059701,99,9.96969696969697,89,6,9.97752808988764,10.0,95,9.97894736842105
90,9,10.0,10.0,99,10.0,30,68,10.0,9.95588235294118,98,9.96938775510204,93,6,9.95698924731183,10.0,99,9.95959595959596
92,7,10.0,10.0,99,10.0,29,70,10.0,9.97142857142857,99,9.97979797979798,95,4,9.95789473684211,10.0,99,9.95959595959596
94,5,10.0,10.0,99,10.0,25,74,10.0,9.97297297297297,99,9.97979797979798,96,3,9.95833333333333,10.0,99,9.95959595959596
94,5,10.0,10.0,99,10.0,31,68,9.96774193548387,9.97058823529412,99,9.96969696969697,95,3,9.96842105263158,10.0,98,9.96938775510204
94,4,10.0,10.0,98,10.0,34,65,9.97058823529412,9.96923076923077,99,9.96969696969697,96,3,9.96875,10.0,99,9.96969696969697
92,4,10.0,10.0,96,10.0,36,63,9.97222222222222,9.95238095238095,99,9.95959595959596,97,2,9.96907216494845,10.0,99,9.96969696969697
91,4,10.0,10.0,95,10.0,36,61,9.97222222222222,9.95081967213115,97,9.95876288659794,95,2,9.96842105263158,10.0,97,9.96907216494845
91,8,10.0,10.0,99,10.0,36,60,9.97222222222222,9.93333333333333,96,9.94791666666667,96,2,9.96875,10.0,98,9.96938775510204
92,7,10.0,10.0,99,10.0,36,61,9.97222222222222,9.95081967213115,97,9.95876288659794,94,2,9.96808510638298,10.0,96,9.96875
92,7,10.0,10.0,99,10.0,35,64,9.97142857142857,9.953125,99,9.95959595959596,92,2,9.96739130434783,10.0,94,9.96808510638298
93,6,10.0,10.0,99,10.0,30,69,9.96666666666667,9.95652173913044,99,9.95959595959596,93,2,9.96774193548387,10.0,95,9.96842105263158
93,6,10.0,10.0,99,10.0,27,72,9.96296296296296,9.95833333333333,99,9.95959595959596,97,2,9.96907216494845,10.0,99,9.96969696969697
94,5,10.0,10.0,99,10.0,24,74,9.95833333333333,9.97297297297297,98,9.96938775510204,97,2,9.93814432989691,10.0,99,9.93939393939394
95,4,10.0,10.0,99,10.0,27,72,9.96296296296296,9.97222222222222,99,9.96969696969697,97,2,9.93814432989691,10.0,99,9.93939393939394
95,4,10.0,10.0,99,10.0,34,65,9.94117647058824,9.96923076923077,99,9.95959595959596,97,2,9.95876288659794,10.0,99,9.95959595959596
95,4,10.0,10.0,99,10.0,36,63,9.94444444444444,9.98412698412698,99,9.96969696969697,97,2,9.95876288659794,10.0,99,9.95959595959596
92,3,10.0,10.0,95,10.0,42,56,9.95238095238095,9.98214285714286,98,9.96938775510204,97,2,9.95876288659794,10.0,99,9.95959595959596
89,5,10.0,10.0,94,10.0,40,54,9.95,9.98148148148148,94,9.96808510638298,93,4,9.95698924731183,10.0,97,9.95876288659794
93,5,10.0,10.0,98,10.0,39,57,9.94871794871795,9.96491228070176,96,9.95833333333333,92,4,9.95652173913044,10.0,96,9.95833333333333
95,4,10.0,10.0,99,10.0,37,62,9.97297297297297,9.96774193548387,99,9.96969696969697,92,4,9.95652173913044,10.0,96,9.95833333333333
97,2,10.0,10.0,99,10.0,33,66,10.0,9.96969696969697,99,9.97979797979798,92,4,9.96739130434783,10.0,96,9.96875
