forward_num,reverse_num,forward_rate,reverse_rate,organism_num,organism_rate
500,500,5.5,5.5,1000,5.5
495,497,5.53535353535354,5.48692152917505,992,5.51108870967742
494,494,5.54453441295547,5.48785425101215,988,5.51619433198381
535,464,5.34579439252336,5.48060344827586,999,5.40840840840841
566,430,5.29505300353357,5.42558139534884,996,5.35140562248996
610,389,5.29508196721311,5.46015424164524,999,5.35935935935936
646,352,5.18575851393189,5.53125,998,5.30761523046092
667,331,5.10044977511244,5.4773413897281,998,5.22545090180361
689,310,5.0522496371553,5.48064516129032,999,5.18518518518519
715,283,5.00699300699301,5.53003533568905,998,5.15531062124249
684,315,4.98391812865497,5.41587301587302,999,5.12012012012012
712,286,4.96067415730337,5.34265734265734,998,5.07014028056112
714,284,4.93697478991597,5.26408450704225,998,5.03006012024048
696,300,4.94109195402299,5.09333333333333,996,4.98694779116466
694,303,4.84726224783862,5.14521452145215,997,4.93781344032096
691,306,4.90448625180897,5.18300653594771,997,4.98996990972919
694,305,4.82708933717579,5.0655737704918,999,4.8998998998999
675,323,4.86518518518518,5.03715170278638,998,4.92084168336673
664,335,4.89156626506024,4.98208955223881,999,4.92192192192192
689,310,4.87518142235123,4.97096774193548,999,4.9049049049049
677,322,4.80649926144756,4.90683229813665,999,4.83883883883884
693,305,4.70851370851371,4.91147540983607,998,4.77054108216433
706,292,4.73371104815864,4.9486301369863,998,4.79659318637275
700,298,4.70571428571429,4.83221476510067,998,4.7434869739479
697,302,4.62553802008608,4.71854304635762,999,4.65365365365365
698,301,4.62320916905444,4.71760797342193,999,4.65165165165165
685,314,4.66423357664234,4.64012738853503,999,4.65665665665666
681,317,4.68281938325991,4.57728706624606,998,4.64929859719439
695,302,4.65467625899281,4.52980132450331,997,4.61685055165496
689,310,4.72714078374456,4.50645161290323,999,4.65865865865866
685,313,4.71386861313869,4.38658146964856,998,4.61122244488978
695,304,4.69064748201439,4.38486842105263,999,4.5975975975976
696,303,4.62931034482759,4.44554455445545,999,4.57357357357357
701,298,4.66476462196862,4.43959731543624,999,4.5975975975976
699,300,4.65808297567954,4.38666666666667,999,4.57657657657658
703,296,4.71550497866287,4.35135135135135,999,4.60760760760761
716,280,4.69413407821229,4.4,996,4.61144578313253
727,272,4.65337001375516,4.33455882352941,999,4.56656656656657
718,280,4.72701949860724,4.34642857142857,998,4.62024048096192
722,277,4.70498614958449,4.20216606498195,999,4.56556556556557
725,274,4.62620689655172,4.2043795620438,999,4.51051051051051
721,277,4.62829403606103,4.18050541516245,998,4.50400801603206
724,274,4.64917127071823,4.24452554744526,998,4.53807615230461
722,277,4.60803324099723,4.1841155234657,999,4.49049049049049
730,269,4.55753424657534,4.23048327137546,999,4.46946946946947
728,271,4.49450549450549,4.23616236162362,999,4.42442442442442
717,280,4.46582984658298,4.3,997,4.41925777331996
734,263,4.46730245231608,4.39163498098859,997,4.44734202607823
736,263,4.47961956521739,4.38783269961977,999,4.45545545545546
738,261,4.5230352303523,4.29885057471264,999,4.46446446446446
739,260,4.44113667117727,4.31538461538462,999,4.40840840840841
741,256,4.43724696356275,4.359375,997,4.4172517552658
738,261,4.4810298102981,4.3448275862069,999,4.44544544544545
740,259,4.52162162162162,4.30888030888031,999,4.46646646646647
741,258,4.5587044534413,4.32558139534884,999,4.4984984984985
736,262,4.52989130434783,4.23664122137405,998,4.45290581162325
736,262,4.52989130434783,4.19465648854962,998,4.44188376753507
744,252,4.48521505376344,4.21031746031746,996,4.41566265060241
742,257,4.5188679245283,4.23735408560311,999,4.44644644644645
747,251,4.48460508701473,4.2191235059761,998,4.41783567134269
753,245,4.43559096945551,4.36734693877551,998,4.4188376753507
749,249,4.46595460614152,4.32128514056225,998,4.42985971943888
750,248,4.548,4.23387096774194,998,4.46993987975952
754,245,4.5132625994695,4.22448979591837,999,4.44244244244244
762,236,4.50656167979003,4.21610169491525,998,4.43787575150301
766,233,4.47911227154047,4.1587982832618,999,4.4044044044044
770,229,4.52337662337662,4.06986899563319,999,4.41941941941942
774,225,4.46899224806202,3.91111111111111,999,4.34334334334334
774,224,4.51421188630491,3.96875,998,4.39178356713427
788,209,4.51015228426396,3.94258373205742,997,4.39117352056168
797,201,4.53199498117942,3.95522388059702,998,4.41583166332665
793,202,4.5359394703657,3.96534653465347,995,4.42010050251256
790,209,4.53544303797468,3.95693779904306,999,4.41441441441441
791,205,4.59671302149178,3.9609756097561,996,4.46586345381526
793,205,4.56998738965952,4.06341463414634,998,4.46593186372746
784,214,4.56377551020408,4.04205607476636,998,4.45190380761523
797,202,4.50564617314931,3.95049504950495,999,4.39339339339339
799,196,4.45932415519399,3.93367346938776,995,4.35577889447236
799,200,4.41551939924906,4.055,999,4.34334334334334
794,204,4.42191435768262,4.05882352941176,998,4.34769539078156
792,207,4.46717171717172,4.07729468599034,999,4.38638638638639
794,204,4.4735516372796,4.06862745098039,998,4.39078156312625
792,206,4.50631313131313,4.02427184466019,998,4.40681362725451
787,212,4.52477763659466,4.0188679245283,999,4.41741741741742
793,206,4.45271122320303,3.99029126213592,999,4.35735735735736
795,204,4.46163522012579,4.02941176470588,999,4.37337337337337
796,203,4.41959798994975,4.01970443349754,999,4.33833833833834
795,202,4.4251572327044,4.16336633663366,997,4.37211634904714
794,203,4.36901763224181,4.19704433497537,997,4.33400200601805
801,198,4.3645443196005,4.11111111111111,999,4.31431431431431
796,203,4.37060301507538,4.00985221674877,999,4.2972972972973
791,207,4.38179519595449,3.97584541062802,998,4.29759519038076
795,203,4.39245283018868,4.04926108374384,998,4.32264529058116
796,202,4.40452261306533,4.14356435643564,998,4.35170340681363
798,201,4.42982456140351,4.16417910447761,999,4.37637637637638
801,196,4.44319600499376,4.21428571428571,997,4.39819458375125
797,202,4.45796737766625,4.17821782178218,999,4.4014014014014
797,200,4.4504391468005,4.205,997,4.4012036108325
794,205,4.40050377833753,4.24878048780488,999,4.36936936936937
790,208,4.39493670886076,4.21634615384615,998,4.35771543086172
793,206,4.41488020176545,4.23300970873786,999,4.37737737737738
798,201,4.39473684210526,4.25870646766169,999,4.36736736736737
800,199,4.3875,4.15075376884422,999,4.34034034034034
805,194,4.41490683229814,4.0360824742268,999,4.34134134134134
808,191,4.3799504950495,4.07329842931937,999,4.32132132132132
811,187,4.32059186189889,4.17112299465241,998,4.29258517034068
808,190,4.29826732673267,4.11578947368421,998,4.26352705410822
810,189,4.37530864197531,4.23280423280423,999,4.34834834834835
806,192,4.36228287841191,4.29166666666667,998,4.34869739478958
807,192,4.36183395291202,4.21875,999,4.33433433433433
810,188,4.37530864197531,4.27659574468085,998,4.35671342685371
807,192,4.33581164807931,4.359375,999,4.34034034034034
814,185,4.34520884520885,4.2972972972973,999,4.33633633633634
811,187,4.35511713933416,4.29411764705882,998,4.3436873747495
808,190,4.36881188118812,4.32631578947368,998,4.36072144288577
811,188,4.37237977805179,4.24468085106383,999,4.34834834834835
811,188,4.35265104808878,4.11170212765957,999,4.30730730730731
819,179,4.35286935286935,4.16759776536313,998,4.31963927855711
810,188,4.39506172839506,4.26063829787234,998,4.36973947895792
806,191,4.38957816377171,4.24083769633508,997,4.36108324974925
805,193,4.42732919254658,4.21243523316062,998,4.38577154308617
812,187,4.39532019704434,4.1283422459893,999,4.34534534534535
810,189,4.37037037037037,4.16931216931217,999,4.33233233233233
807,190,4.33457249070632,4.2578947368421,997,4.31995987963892
814,184,4.33538083538084,4.33152173913043,998,4.33466933867735
824,175,4.30703883495146,4.38285714285714,999,4.32032032032032
816,182,4.3125,4.45054945054945,998,4.3376753507014
814,185,4.33169533169533,4.51891891891892,999,4.36636636636637
815,183,4.32269938650307,4.50273224043716,998,4.35571142284569
821,177,4.27161997563946,4.55367231638418,998,4.32164328657315
815,183,4.27730061349693,4.6120218579235,998,4.33867735470942
817,182,4.21419828641371,4.49450549450549,999,4.26526526526527
816,181,4.18872549019608,4.50276243093923,997,4.2457372116349
831,168,4.27316486161252,4.48214285714286,999,4.30830830830831
832,166,4.21875,4.55421686746988,998,4.27454909819639
827,171,4.20072551390568,4.62573099415205,998,4.27354709418838
833,165,4.20888355342137,4.51515151515152,998,4.25951903807615
834,165,4.22781774580336,4.63636363636364,999,4.2952952952953
833,164,4.2436974789916,4.50609756097561,997,4.28686058174524
837,162,4.26284348864994,4.61111111111111,999,4.31931931931932
842,156,4.25771971496437,4.56410256410256,998,4.30561122244489
842,157,4.2125890736342,4.72611464968153,999,4.29329329329329
839,158,4.20977353992849,4.73417721518987,997,4.29287863590772
845,153,4.17751479289941,4.76470588235294,998,4.26753507014028
856,143,4.17172897196262,4.85314685314685,999,4.26926926926927
857,141,4.16802800466744,4.83687943262411,998,4.2625250501002
855,144,4.18479532163743,4.89583333333333,999,4.28728728728729
851,147,4.23501762632197,4.92517006802721,998,4.33667334669339
848,149,4.21580188679245,4.97315436241611,997,4.32898696088265
856,143,4.22429906542056,4.88111888111888,999,4.31831831831832
852,147,4.21596244131455,4.82993197278912,999,4.30630630630631
854,144,4.27985948477752,4.85416666666667,998,4.3627254509018
851,147,4.29494712103408,4.80272108843537,998,4.36973947895792
849,150,4.30742049469965,4.78,999,4.37837837837838
843,154,4.38434163701068,4.80519480519481,997,4.4493480441324
842,157,4.35273159144893,4.76433121019108,999,4.41741741741742
840,159,4.2952380952381,4.73584905660377,999,4.36536536536537
843,155,4.36298932384342,4.65161290322581,998,4.40781563126253
848,150,4.34551886792453,4.72,998,4.40180360721443
850,148,4.34705882352941,4.75,998,4.40681362725451
841,158,4.38644470868014,4.77848101265823,999,4.44844844844845
850,149,4.39058823529412,4.69798657718121,999,4.43643643643644
847,152,4.38606847697757,4.84210526315789,999,4.45545545545546
835,163,4.47185628742515,4.82208588957055,998,4.52905811623246
832,166,4.48677884615385,4.80120481927711,998,4.53907815631263
839,160,4.47675804529201,4.8125,999,4.53053053053053
841,157,4.48989298454221,4.82802547770701,998,4.54308617234469
845,153,4.53372781065089,4.74509803921569,998,4.56613226452906
852,146,4.52699530516432,4.73287671232877,998,4.55711422845691
854,144,4.50351288056206,4.70833333333333,998,4.53306613226453
857,142,4.54725787631272,4.92253521126761,999,4.6006006006006
857,142,4.52975495915986,4.88732394366197,999,4.58058058058058
862,136,4.54060324825986,4.91911764705882,998,4.59218436873747
863,135,4.5422943221321,5.02962962962963,998,4.60821643286573
869,129,4.57422324510932,5.06201550387597,998,4.6372745490982
870,128,4.57126436781609,4.9921875,998,4.625250501002
875,123,4.62285714285714,5.13008130081301,998,4.68537074148297
871,125,4.63719862227325,5.104,996,4.69578313253012
872,127,4.59862385321101,5.1259842519685,999,4.66566566566567
872,124,4.5802752293578,5.33870967741935,996,4.67469879518072
873,126,4.64146620847652,5.35714285714286,999,4.73173173173173
879,120,4.63708759954494,5.23333333333333,999,4.70870870870871
878,121,4.6378132118451,5.11570247933884,999,4.6956956956957
882,114,4.63378684807256,5.04385964912281,996,4.68072289156626
888,111,4.63851351351351,4.95495495495495,999,4.67367367367367
883,116,4.59682899207248,4.86206896551724,999,4.62762762762763
883,116,4.55039637599094,4.94827586206897,999,4.5965965965966
882,117,4.54648526077098,4.86324786324786,999,4.58358358358358
877,122,4.49372862029646,4.76229508196721,999,4.52652652652653
878,119,4.50113895216401,4.79831932773109,997,4.53660982948847
878,119,4.55466970387244,4.84033613445378,997,4.58876629889669
876,121,4.55365296803653,4.67768595041322,997,4.56870611835507
885,114,4.50621468926554,4.60526315789474,999,4.51751751751752
880,117,4.49431818181818,4.47863247863248,997,4.49247743229689
884,115,4.46606334841629,4.54782608695652,999,4.47547547547548
891,108,4.51066217732884,4.49074074074074,999,4.50850850850851
885,114,4.46214689265537,4.73684210526316,999,4.49349349349349
880,119,4.49090909090909,4.7563025210084,999,4.52252252252252
879,120,4.44141069397042,4.71666666666667,999,4.47447447447447
879,120,4.40386803185438,4.91666666666667,999,4.46546546546547
876,123,4.37557077625571,4.89430894308943,999,4.43943943943944
878,120,4.40660592255125,4.96666666666667,998,4.47394789579158
884,115,4.38914027149321,4.8695652173913,999,4.44444444444444
882,116,4.36281179138322,4.76724137931035,998,4.40981963927856
884,113,4.43778280542986,4.74336283185841,997,4.47241725175527
888,111,4.36261261261261,4.64864864864865,999,4.39439439439439
889,109,4.35095613048369,4.70642201834862,998,4.38977955911824
890,108,4.39887640449438,4.69444444444444,998,4.43086172344689
891,107,4.40516273849607,4.80373831775701,998,4.44789579158317
889,109,4.44094488188976,4.78899082568807,998,4.47895791583166
893,105,4.46696528555431,4.76190476190476,998,4.49799599198397
894,105,4.50671140939597,4.71428571428571,999,4.52852852852853
891,108,4.46464646464646,4.87962962962963,999,4.50950950950951
890,109,4.44943820224719,5.0,999,4.50950950950951
895,104,4.42458100558659,4.96153846153846,999,4.48048048048048
896,103,4.41183035714286,4.84466019417476,999,4.45645645645646
891,107,4.37373737373737,4.64485981308411,998,4.40280561122244
890,108,4.35842696629213,4.55555555555556,998,4.37975951903808
893,106,4.33706606942889,4.45283018867925,999,4.34934934934935
894,103,4.27740492170022,4.40776699029126,997,4.29087261785356
899,99,4.27808676307008,4.36363636363636,998,4.28657314629258
892,105,4.29708520179372,4.5047619047619,997,4.31895687061184
889,110,4.34983127109111,4.48181818181818,999,4.36436436436436
890,109,4.40898876404494,4.44954128440367,999,4.41341341341341
890,109,4.36516853932584,4.38532110091743,999,4.36736736736737
892,107,4.35874439461883,4.4018691588785,999,4.36336336336336
893,106,4.38185890257559,4.41509433962264,999,4.38538538538539
893,106,4.36954087346025,4.28301886792453,999,4.36036036036036
893,106,4.34490481522956,4.24528301886792,999,4.33433433433433
896,103,4.3828125,4.11650485436893,999,4.35535535535536
893,106,4.37178051511758,4.13207547169811,999,4.34634634634635
903,96,4.36655592469546,4.16666666666667,999,4.34734734734735
902,96,4.32483370288248,4.17708333333333,998,4.31062124248497
898,101,4.35189309576837,4.03960396039604,999,4.32032032032032
896,102,4.3359375,3.94117647058824,998,4.29559118236473
893,104,4.38409854423292,3.97115384615385,997,4.34102306920762
897,100,4.3835005574136,3.99,997,4.34403209628887
904,95,4.32743362831858,3.95789473684211,999,4.29229229229229
909,90,4.32123212321232,4.03333333333333,999,4.2952952952953
896,102,4.28236607142857,3.88235294117647,998,4.24148296593186
897,101,4.2809364548495,3.9009900990099,998,4.24248496993988
898,100,4.3184855233853,3.96,998,4.28256513026052
894,105,4.25838926174497,3.97142857142857,999,4.22822822822823
891,107,4.24242424242424,4.0,998,4.21643286573146
895,104,4.2391061452514,4.03846153846154,999,4.21821821821822
886,112,4.29458239277652,4.0625,998,4.2685370741483
885,113,4.36271186440678,4.02654867256637,998,4.32464929859719
885,114,4.35028248587571,4.05263157894737,999,4.31631631631632
888,111,4.35472972972973,4.18918918918919,999,4.33633633633634
899,100,4.38042269187987,4.06,999,4.34834834834835
896,101,4.33816964285714,3.97029702970297,997,4.30090270812437
891,104,4.36026936026936,4.03846153846154,995,4.32663316582915
900,99,4.37444444444444,4.04040404040404,999,4.34134134134134
899,98,4.36596218020022,3.91836734693878,997,4.32196589769308
900,98,4.40777777777778,3.86734693877551,998,4.35470941883768
905,94,4.41546961325967,3.80851063829787,999,4.35835835835836
905,92,4.38011049723757,3.93478260869565,997,4.33901705115346
904,94,4.39601769911504,4.06382978723404,998,4.36472945891784
905,94,4.37900552486188,4.07446808510638,999,4.35035035035035
911,88,4.38309549945115,3.97727272727273,999,4.34734734734735
913,86,4.38335158817087,3.94186046511628,999,4.34534534534535
917,82,4.39258451472192,4.08536585365854,999,4.36736736736737
915,84,4.39125683060109,4.25,999,4.37937937937938
918,81,4.37363834422658,4.24691358024691,999,4.36336336336336
921,77,4.40933767643865,4.15584415584416,998,4.38977955911824
918,80,4.37690631808279,3.95,998,4.34268537074148
926,73,4.36609071274298,4.05479452054795,999,4.34334334334334
928,71,4.35560344827586,4.2112676056338,999,4.34534534534535
920,79,4.36413043478261,4.22784810126582,999,4.35335335335335
925,74,4.4172972972973,4.2027027027027,999,4.4014014014014
923,75,4.42361863488624,4.37333333333333,998,4.41983967935872
925,74,4.46810810810811,4.32432432432432,999,4.45745745745746
930,69,4.43978494623656,4.1304347826087,999,4.41841841841842
926,73,4.42332613390929,4.3013698630137,999,4.41441441441441
923,73,4.45720476706392,4.43835616438356,996,4.45582329317269
926,73,4.44060475161987,4.21917808219178,999,4.42442442442442
935,63,4.39893048128342,4.14285714285714,998,4.38276553106212
936,62,4.43803418803419,3.98387096774194,998,4.40981963927856
934,65,4.47751605995717,3.81538461538462,999,4.43443443443443
932,67,4.50536480686695,3.82089552238806,999,4.45945945945946
930,68,4.57311827956989,3.86764705882353,998,4.5250501002004
933,65,4.53697749196141,3.92307692307692,998,4.49699398797595
937,61,4.51440768409819,3.59016393442623,998,4.45791583166333
934,63,4.48822269807281,3.61904761904762,997,4.4332998996991
936,62,4.48290598290598,3.69354838709677,998,4.43386773547094
938,60,4.44456289978678,3.65,998,4.39679358717435
938,60,4.40511727078891,3.75,998,4.36573146292585
937,62,4.47918890074707,3.69354838709677,999,4.43043043043043
939,59,4.49094781682641,3.64406779661017,998,4.44088176352705
945,54,4.52804232804233,3.57407407407407,999,4.47647647647648
948,51,4.51898734177215,3.43137254901961,999,4.46346346346346
950,49,4.57263157894737,3.6530612244898,999,4.52752752752753
953,45,4.56558237145855,3.62222222222222,998,4.52304609218437
949,49,4.58798735511064,3.81632653061224,998,4.5501002004008
955,44,4.55602094240838,4.06818181818182,999,4.53453453453453
952,46,4.5609243697479,3.97826086956522,998,4.53406813627254
956,43,4.50627615062761,3.76744186046512,999,4.47447447447447
957,41,4.53082549634274,3.82926829268293,998,4.50200400801603
959,39,4.50677789363921,3.71794871794872,998,4.47595190380762
963,36,4.45379023883697,3.91666666666667,999,4.43443443443443
963,36,4.4527518172378,3.91666666666667,999,4.43343343343343
964,35,4.45435684647303,3.82857142857143,999,4.43243243243243
963,34,4.51505711318795,4.23529411764706,997,4.50551654964895
960,39,4.53020833333333,4.25641025641026,999,4.51951951951952
964,35,4.54979253112033,4.22857142857143,999,4.53853853853854
965,34,4.52331606217617,4.29411764705882,999,4.51551551551552
959,39,4.5036496350365,4.23076923076923,998,4.49298597194389
962,37,4.51143451143451,4.40540540540541,999,4.50750750750751
960,38,4.52395833333333,4.52631578947368,998,4.52404809619238
962,36,4.504158004158,4.63888888888889,998,4.50901803607214
966,33,4.49171842650104,4.78787878787879,999,4.5015015015015
965,34,4.53264248704663,4.85294117647059,999,4.54354354354354
965,32,4.54093264248705,5.03125,997,4.55667001003009
969,30,4.54592363261094,5.43333333333333,999,4.57257257257257
969,30,4.54798761609907,5.23333333333333,999,4.56856856856857
966,32,4.54451345755694,4.9375,998,4.55711422845691
961,36,4.51716961498439,5.27777777777778,997,4.54463390170512
962,37,4.52806652806653,5.35135135135135,999,4.55855855855856
963,36,4.51505711318795,5.5,999,4.55055055055055
961,38,4.54838709677419,5.63157894736842,999,4.58958958958959
963,36,4.5877466251298,5.63888888888889,999,4.62562562562563
961,35,4.58064516129032,5.22857142857143,996,4.60341365461847
965,33,4.58549222797927,4.84848484848485,998,4.59418837675351
962,37,4.56237006237006,4.64864864864865,999,4.56556556556557
964,34,4.55497925311203,4.76470588235294,998,4.56212424849699
967,32,4.55946225439504,4.875,999,4.56956956956957
969,30,4.57172342621259,4.93333333333333,999,4.58258258258258
967,32,4.54808686659772,5.09375,999,4.56556556556557
971,28,4.56745623069001,5.21428571428571,999,4.58558558558559
970,29,4.59381443298969,5.31034482758621,999,4.61461461461461
972,25,4.58127572016461,5.6,997,4.60682046138415
974,25,4.59445585215606,5.56,999,4.61861861861862
974,23,4.61088295687885,5.56521739130435,997,4.63289869608827
973,25,4.60226104830421,5.88,998,4.63426853707415
976,21,4.52868852459016,5.52380952380952,997,4.54964894684052
977,21,4.53735926305015,5.57142857142857,998,4.55911823647295
977,20,4.57215967246673,5.55,997,4.59177532597793
979,19,4.59754851889683,5.36842105263158,998,4.6122244488978
979,19,4.54136874361593,5.36842105263158,998,4.55711422845691
981,18,4.51783893985729,4.66666666666667,999,4.52052052052052
981,18,4.51681957186544,4.61111111111111,999,4.51851851851852
981,17,4.60448521916412,4.64705882352941,998,4.60521042084168
980,19,4.59795918367347,4.68421052631579,999,4.5995995995996
978,20,4.59304703476483,4.95,998,4.6002004008016
977,20,4.64790174002047,4.75,997,4.64994984954865
978,21,4.63394683026585,4.47619047619048,999,4.63063063063063
979,20,4.55669050051072,4.55,999,4.55655655655656
979,20,4.58120531154239,5.25,999,4.59459459459459
978,21,4.51329243353783,5.23809523809524,999,4.52852852852853
974,24,4.53593429158111,5.5,998,4.55911823647295
973,24,4.52106885919836,5.29166666666667,997,4.53961885656971
975,23,4.52410256410256,5.82608695652174,998,4.55410821643287
976,22,4.52356557377049,5.68181818181818,998,4.54909819639279
974,23,4.51642710472279,5.8695652173913,997,4.54764292878636
975,24,4.54051282051282,5.66666666666667,999,4.56756756756757
976,23,4.48872950819672,5.65217391304348,999,4.51551551551552
974,23,4.50205338809035,5.69565217391304,997,4.5295887662989
974,25,4.5482546201232,5.8,999,4.57957957957958
975,23,4.58871794871795,5.8695652173913,998,4.61823647294589
976,22,4.51741803278689,5.68181818181818,998,4.54308617234469
973,26,4.5087358684481,5.34615384615385,999,4.53053053053053
972,25,4.52572016460905,4.96,997,4.53660982948847
974,25,4.56365503080082,4.84,999,4.57057057057057
973,26,4.59095580678315,4.76923076923077,999,4.5955955955956
969,30,4.53250773993808,5.1,999,4.54954954954955
967,32,4.49741468459152,5.09375,999,4.51651651651652
968,30,4.4948347107438,5.06666666666667,998,4.51202404809619
970,29,4.47835051546392,5.0,999,4.49349349349349
967,31,4.4746639089969,5.19354838709677,998,4.49699398797595
969,29,4.51289989680083,5.17241379310345,998,4.53206412825651
970,29,4.51958762886598,5.13793103448276,999,4.53753753753754
972,26,4.46810699588477,5.07692307692308,998,4.48396793587174
973,25,4.47687564234327,4.92,998,4.48797595190381
972,27,4.48662551440329,4.92592592592593,999,4.4984984984985
973,26,4.4737923946557,5.07692307692308,999,4.48948948948949
972,27,4.46604938271605,4.96296296296296,999,4.47947947947948
971,28,4.46446961894954,5.0,999,4.47947947947948
963,33,4.48182762201454,4.96969696969697,996,4.49799196787149
967,31,4.46432264736298,4.90322580645161,998,4.47795591182365
967,31,4.47880041365047,4.96774193548387,998,4.4939879759519
966,31,4.45341614906832,5.03225806451613,997,4.47141424272818
972,27,4.44547325102881,4.77777777777778,999,4.45445445445445
970,29,4.41752577319588,4.82758620689655,999,4.42942942942943
968,29,4.40909090909091,4.6551724137931,997,4.41624874623872
970,29,4.4020618556701,4.51724137931035,999,4.40540540540541
972,27,4.4537037037037,4.18518518518519,999,4.44644644644645
972,27,4.41152263374486,4.22222222222222,999,4.40640640640641
973,26,4.40082219938335,4.38461538461539,999,4.4004004004004
976,23,4.36475409836066,4.43478260869565,999,4.36636636636637
975,23,4.36923076923077,4.34782608695652,998,4.3687374749499
975,23,4.32410256410256,4.39130434782609,998,4.32565130260521
976,22,4.27868852459016,4.5,998,4.28356713426854
975,24,4.32410256410256,4.625,999,4.33133133133133
974,25,4.38090349075975,4.76,999,4.39039039039039
971,26,4.40679711637487,4.69230769230769,997,4.41424272818455
972,27,4.38168724279835,4.77777777777778,999,4.39239239239239
974,24,4.3993839835729,4.70833333333333,998,4.40681362725451
969,25,4.41279669762642,4.52,994,4.41549295774648
973,26,4.38951695786228,4.07692307692308,999,4.38138138138138
974,25,4.36858316221766,4.12,999,4.36236236236236
977,21,4.35414534288639,3.9047619047619,998,4.34468937875751
975,23,4.33435897435897,3.78260869565217,998,4.32164328657315
976,22,4.35963114754098,4.04545454545455,998,4.35270541082164
979,19,4.33094994892748,3.73684210526316,998,4.31963927855711
981,18,4.32925586136595,3.88888888888889,999,4.32132132132132
981,17,4.32212028542304,3.82352941176471,998,4.31362725450902
981,17,4.35270132517839,3.94117647058824,998,4.34569138276553
980,19,4.36428571428571,4.21052631578947,999,4.36136136136136
979,19,4.4341164453524,4.15789473684211,998,4.42885771543086
981,18,4.42813455657492,4.38888888888889,999,4.42742742742743
979,20,4.3973442288049,4.15,999,4.39239239239239
979,20,4.38815117466803,4.0,999,4.38038038038038
978,19,4.39468302658487,4.21052631578947,997,4.39117352056168
980,19,4.3969387755102,4.42105263157895,999,4.3973973973974
977,19,4.36438075742068,3.68421052631579,996,4.35140562248996
983,16,4.36520854526958,4.0625,999,4.36036036036036
984,15,4.34959349593496,3.93333333333333,999,4.34334334334334
983,14,4.33367243133265,3.35714285714286,997,4.31995987963892
985,14,4.33908629441624,3.28571428571429,999,4.32432432432432
987,12,4.32928064842958,3.08333333333333,999,4.31431431431431
986,13,4.29918864097363,3.38461538461538,999,4.28728728728729
985,13,4.33401015228426,3.07692307692308,998,4.31763527054108
986,13,4.35496957403651,2.92307692307692,999,4.33633633633634
984,14,4.3739837398374,2.78571428571429,998,4.35170340681363
984,13,4.32317073170732,2.84615384615385,997,4.30391173520562
983,14,4.323499491353,2.85714285714286,997,4.30290872617854
980,16,4.37448979591837,3.5625,996,4.36144578313253
983,15,4.38351983723296,3.6,998,4.37174348697395
982,15,4.43890020366599,3.73333333333333,997,4.42828485456369
983,16,4.41302136317396,3.5625,999,4.3993993993994
982,17,4.43788187372709,3.94117647058824,999,4.42942942942943
981,17,4.50050968399592,4.11764705882353,998,4.4939879759519
980,18,4.50510204081633,4.72222222222222,998,4.50901803607214
984,14,4.50508130081301,4.64285714285714,998,4.50701402805611
983,15,4.47609359104781,5.0,998,4.48396793587174
984,14,4.48373983739837,4.92857142857143,998,4.48997995991984
985,12,4.45177664974619,5.25,997,4.46138415245737
988,11,4.45951417004049,5.27272727272727,999,4.46846846846847
986,12,4.48782961460446,5.5,998,4.5
985,13,4.51370558375635,5.23076923076923,998,4.52304609218437
985,14,4.5248730964467,5.21428571428571,999,4.53453453453453
985,14,4.5238578680203,5.0,999,4.53053053053053
984,15,4.47560975609756,5.0,999,4.48348348348348
984,15,4.47052845528455,4.93333333333333,999,4.47747747747748
982,16,4.44501018329939,5.0,998,4.45390781563126
983,16,4.38453713123093,5.0625,999,4.3953953953954
983,15,4.36317395727365,4.8,998,4.36973947895792
986,13,4.4158215010142,4.84615384615385,999,4.42142142142142
986,12,4.39350912778905,4.25,998,4.39178356713427
986,13,4.44320486815416,4.15384615384615,999,4.43943943943944
987,11,4.49645390070922,4.54545454545455,998,4.49699398797595
988,11,4.53643724696356,4.54545454545455,999,4.53653653653654
988,11,4.52327935222672,4.45454545454545,999,4.52252252252252
985,11,4.53502538071066,4.45454545454545,996,4.53413654618474
987,12,4.49848024316109,4.83333333333333,999,4.5025025025025
985,13,4.49746192893401,5.07692307692308,998,4.50501002004008
985,14,4.47309644670051,4.85714285714286,999,4.47847847847848
984,14,4.48983739837398,4.85714285714286,998,4.49498997995992
985,14,4.50253807106599,4.78571428571429,999,4.50650650650651
985,14,4.51370558375635,4.71428571428571,999,4.51651651651652
985,13,4.49441624365482,4.76923076923077,998,4.49799599198397
987,11,4.48834853090172,5.45454545454545,998,4.49899799599198
986,12,4.44016227180527,5.75,998,4.45591182364729
985,13,4.4253807106599,6.07692307692308,998,4.44689378757515
987,12,4.43566362715299,5.91666666666667,999,4.45345345345345
987,10,4.47213779128673,6.2,997,4.48946840521565
987,11,4.51266464032421,5.63636363636364,998,4.5250501002004
986,11,4.58113590263692,5.0,997,4.58575727181545
990,9,4.58585858585859,4.44444444444444,999,4.58458458458458
990,9,4.54141414141414,4.44444444444444,999,4.54054054054054
988,11,4.55465587044534,4.63636363636364,999,4.55555555555556
986,12,4.57200811359026,4.41666666666667,998,4.57014028056112
987,12,4.596757852077,4.41666666666667,999,4.59459459459459
984,13,4.60467479674797,4.30769230769231,997,4.60080240722167
984,13,4.64126016260163,4.23076923076923,997,4.63590772316951
984,15,4.63211382113821,3.93333333333333,999,4.62162162162162
985,14,4.63756345177665,3.85714285714286,999,4.62662662662663
986,12,4.63286004056795,3.41666666666667,998,4.61823647294589
988,10,4.58805668016194,3.7,998,4.57915831663327
989,9,4.5783619817998,4.0,998,4.57314629258517
989,8,4.54903943377149,4.25,997,4.54663991975928
986,10,4.50912778904665,4.2,996,4.50602409638554
989,10,4.45702730030334,4.2,999,4.45445445445445
988,11,4.44534412955466,4.18181818181818,999,4.44244244244244
987,10,4.44174265450861,4.0,997,4.43731193580742
990,9,4.45656565656566,3.88888888888889,999,4.45145145145145
989,10,4.47927199191102,3.9,999,4.47347347347347
988,11,4.43421052631579,4.18181818181818,999,4.43143143143143
987,11,4.44984802431611,4.27272727272727,998,4.44789579158317
988,11,4.4412955465587,4.27272727272727,999,4.43943943943944
985,11,4.43654822335025,4.27272727272727,996,4.43473895582329
990,9,4.44343434343434,4.0,999,4.43943943943944
989,8,4.46107178968655,3.875,997,4.45636910732197
990,8,4.47272727272727,3.75,998,4.46693386773547
990,9,4.44343434343434,3.66666666666667,999,4.43643643643644
990,8,4.44545454545455,3.875,998,4.44088176352705
991,8,4.40968718466196,3.875,999,4.40540540540541
992,7,4.39616935483871,3.85714285714286,999,4.39239239239239
991,8,4.39757820383451,4.0,999,4.39439439439439
993,5,4.38670694864048,4.4,998,4.38677354709419
994,4,4.420523138833,4.5,998,4.42084168336673
995,4,4.40402010050251,5.5,999,4.40840840840841
994,4,4.43863179074447,5.5,998,4.44288577154309
993,4,4.4159113796576,5.5,997,4.42026078234704
994,4,4.36619718309859,5.5,998,4.37074148296593
995,4,4.37185929648241,5.5,999,4.37637637637638
995,4,4.38190954773869,5.5,999,4.38638638638639
994,5,4.39939637826962,4.6,999,4.4004004004004
994,5,4.36217303822938,4.6,999,4.36336336336336
993,5,4.34239677744209,4.6,998,4.3436873747495
991,7,4.34006054490414,4.71428571428571,998,4.34268537074148
993,6,4.32829808660624,5.0,999,4.33233233233233
994,4,4.33601609657948,6.25,998,4.3436873747495
993,5,4.3313192346425,5.6,998,4.3376753507014
991,5,4.27749747729566,5.6,996,4.28413654618474
993,5,4.31218529707956,5.6,998,4.3186372745491
994,5,4.3682092555332,5.6,999,4.37437437437437
996,3,4.3574297188755,4.66666666666667,999,4.35835835835836
995,3,4.35577889447236,4.66666666666667,998,4.35671342685371
994,3,4.30583501006036,6.0,997,4.31093279839519
992,3,4.26411290322581,6.0,995,4.26934673366834
994,3,4.25150905432596,6.0,997,4.2567703109328
995,3,4.23316582914573,6.0,998,4.23847695390782
994,4,4.25352112676056,5.25,998,4.25751503006012
995,4,4.24020100502513,5.25,999,4.24424424424424
993,4,4.23766364551863,5.25,997,4.24172517552658
995,4,4.23417085427136,5.25,999,4.23823823823824
994,4,4.22535211267606,5.25,998,4.22945891783567
994,4,4.22937625754527,5.25,998,4.23346693386774
995,4,4.21005025125628,5.25,999,4.21421421421421
995,4,4.23718592964824,5.25,999,4.24124124124124
993,6,4.19536757301108,5.16666666666667,999,4.2012012012012
992,6,4.2116935483871,5.16666666666667,998,4.21743486973948
991,6,4.15640766902119,5.16666666666667,997,4.16248746238716
993,6,4.1852970795569,5.16666666666667,999,4.19119119119119
990,8,4.17575757575758,5.0,998,4.18236472945892
990,8,4.23030303030303,5.0,998,4.23647294589178
992,7,4.23185483870968,4.85714285714286,999,4.23623623623624
988,10,4.25708502024291,4.7,998,4.26152304609218
990,9,4.18080808080808,4.88888888888889,999,4.18718718718719
992,7,4.1804435483871,4.85714285714286,999,4.18518518518519
992,7,4.22076612903226,4.85714285714286,999,4.22522522522523
991,8,4.24318869828456,4.625,999,4.24624624624625
989,9,4.22548028311426,4.22222222222222,998,4.22545090180361
989,9,4.25075834175935,4.0,998,4.24849699398798
988,10,4.25404858299595,4.1,998,4.25250501002004
989,10,4.24873609706775,4.4,999,4.25025025025025
989,9,4.28513650151668,4.11111111111111,998,4.28356713426854
989,10,4.30333670374115,4.0,999,4.3003003003003
988,10,4.37753036437247,3.7,998,4.37074148296593
987,9,4.30496453900709,3.77777777777778,996,4.30020080321285
990,7,4.22121212121212,3.85714285714286,997,4.21865596790371
991,8,4.18970736629667,3.875,999,4.18718718718719
990,8,4.21111111111111,3.875,998,4.20841683366733
992,5,4.17540322580645,3.6,997,4.17251755265797
995,4,4.16381909547739,3.75,999,4.16216216216216
993,4,4.16817724068479,3.5,997,4.16549648946841
993,5,4.14501510574018,3.0,998,4.13927855711423
993,5,4.1742195367573,3.0,998,4.16833667334669
993,6,4.1742195367573,3.0,999,4.16716716716717
992,6,4.14314516129032,3.0,998,4.13627254509018
992,6,4.1945564516129,3.0,998,4.187374749499
992,7,4.22379032258065,3.0,999,4.21521521521522
991,7,4.23007063572149,3.0,998,4.22144288577154
991,7,4.26841574167508,3.0,998,4.25951903807615
990,8,4.2959595959596,3.25,998,4.2875751503006
990,8,4.27878787878788,3.25,998,4.27054108216433
991,8,4.30474268415742,3.25,999,4.2962962962963
989,9,4.31749241658241,3.55555555555556,998,4.31062124248497
988,10,4.27631578947368,3.5,998,4.2685370741483
989,9,4.35793731041456,3.55555555555556,998,4.35070140280561
990,9,4.36767676767677,3.55555555555556,999,4.36036036036036
989,8,4.33063700707786,3.875,997,4.32698094282849
991,8,4.31987891019173,4.125,999,4.31831831831832
993,6,4.33434038267875,3.66666666666667,999,4.33033033033033
993,6,4.32930513595166,4.16666666666667,999,4.32832832832833
991,7,4.32189707366297,4.0,998,4.31963927855711
992,7,4.30443548387097,4.0,999,4.3023023023023
992,7,4.33568548387097,4.0,999,4.33333333333333
991,8,4.34106962663976,4.25,999,4.34034034034034
991,8,4.39455095862765,3.875,999,4.39039039039039
991,8,4.35418768920283,3.875,999,4.35035035035035
991,8,4.35519677093845,4.25,999,4.35435435435435
990,9,4.37474747474747,3.88888888888889,999,4.37037037037037
990,9,4.37777777777778,3.88888888888889,999,4.37337337337337
991,7,4.40867810292634,3.28571428571429,998,4.40080160320641
993,6,4.40483383685801,3.33333333333333,999,4.3983983983984
989,7,4.43983822042467,3.71428571428571,996,4.43473895582329
992,7,4.38709677419355,4.14285714285714,999,4.38538538538539
992,7,4.35383064516129,4.14285714285714,999,4.35235235235235
990,7,4.32727272727273,4.14285714285714,997,4.3259779338014
990,7,4.38686868686869,4.14285714285714,997,4.3851554663992
990,9,4.36868686868687,3.88888888888889,999,4.36436436436436
989,9,4.37512639029323,3.88888888888889,998,4.37074148296593
990,9,4.36363636363636,3.88888888888889,999,4.35935935935936
989,9,4.31850353892821,4.0,998,4.31563126252505
990,9,4.32727272727273,4.0,999,4.32432432432432
991,7,4.32189707366297,4.28571428571429,998,4.32164328657315
990,7,4.35858585858586,4.28571428571429,997,4.358074222668
992,7,4.38004032258065,4.0,999,4.37737737737738
988,9,4.34412955465587,4.22222222222222,997,4.34302908726178
990,9,4.36060606060606,4.22222222222222,999,4.35935935935936
989,9,4.31344792719919,4.22222222222222,998,4.312625250501
987,10,4.32016210739615,4.8,997,4.32497492477432
989,9,4.28109201213347,4.66666666666667,998,4.28456913827655
990,9,4.26363636363636,4.66666666666667,999,4.26726726726727
989,8,4.29524772497472,4.875,997,4.29989969909729
990,9,4.28181818181818,4.66666666666667,999,4.28528528528529
988,10,4.32186234817814,4.3,998,4.32164328657315
988,9,4.36234817813765,4.44444444444444,997,4.36308926780341
989,8,4.35389282103135,4.375,997,4.35406218655968
990,9,4.34646464646465,5.0,999,4.35235235235235
988,11,4.34412955465587,5.72727272727273,999,4.35935935935936
988,11,4.30971659919028,5.72727272727273,999,4.32532532532533
987,11,4.33130699088146,5.54545454545455,998,4.34468937875751
986,12,4.37728194726166,5.91666666666667,998,4.39579158316633
986,13,4.39350912778905,6.0,999,4.41441441441441
986,13,4.36815415821501,6.0,999,4.38938938938939
985,14,4.3502538071066,5.92857142857143,999,4.37237237237237
984,15,4.37906504065041,6.33333333333333,999,4.40840840840841
987,12,4.35866261398176,6.41666666666667,999,4.38338338338338
989,10,4.36703741152679,5.7,999,4.38038038038038
987,11,4.41540020263425,5.72727272727273,998,4.42985971943888
987,10,4.42249240121581,5.7,997,4.43530591775326
986,11,4.47058823529412,5.27272727272727,997,4.47943831494483
989,10,4.46107178968655,5.3,999,4.46946946946947
988,10,4.41599190283401,5.3,998,4.4248496993988
987,11,4.42857142857143,6.09090909090909,998,4.44689378757515
989,10,4.42972699696663,6.2,999,4.44744744744745
987,11,4.43667679837893,6.18181818181818,998,4.45591182364729
990,8,4.41010101010101,6.625,998,4.42785571142285
992,7,4.39818548387097,6.28571428571429,999,4.41141141141141
991,7,4.41775983854692,6.85714285714286,998,4.43486973947896
990,8,4.41818181818182,6.75,998,4.43687374749499
992,7,4.43649193548387,7.0,999,4.45445445445445
990,9,4.43434343434343,6.33333333333333,999,4.45145145145145
989,9,4.47826086956522,5.88888888888889,998,4.49098196392786
987,10,4.44478216818642,5.5,997,4.45536609829488
987,10,4.42958459979737,5.5,997,4.44032096288867
989,10,4.40849342770475,5.0,999,4.41441441441441
987,11,4.39108409321175,5.0,998,4.39779559118236
989,10,4.40647118301314,5.2,999,4.41441441441441
987,11,4.42350557244174,5.18181818181818,998,4.43186372745491
986,13,4.40162271805274,5.23076923076923,999,4.41241241241241
985,12,4.39289340101523,5.25,997,4.40320962888666
985,12,4.3756345177665,5.16666666666667,997,4.3851554663992
987,12,4.36068895643364,5.16666666666667,999,4.37037037037037
984,14,4.34857723577236,5.78571428571429,998,4.3687374749499
981,17,4.35168195718654,5.35294117647059,998,4.3687374749499
981,17,4.34964322120285,5.35294117647059,998,4.36673346693387
981,16,4.27624872579001,4.9375,997,4.28686058174524
981,17,4.27624872579001,5.23529411764706,998,4.29258517034068
982,16,4.27291242362525,5.4375,998,4.29158316633267
981,17,4.29255861365953,5.23529411764706,998,4.30861723446894
981,17,4.2670744138634,5.23529411764706,998,4.28356713426854
982,17,4.25763747454175,4.88235294117647,999,4.26826826826827
982,16,4.31262729124236,5.125,998,4.32565130260521
981,17,4.29561671763507,5.17647058823529,998,4.31062124248497
980,18,4.23367346938775,5.0,998,4.24749498997996
983,16,4.24618514750763,4.8125,999,4.25525525525526
983,16,4.30620549338759,4.4375,999,4.30830830830831
984,15,4.29268292682927,4.8,999,4.3003003003003
985,13,4.33705583756345,4.46153846153846,998,4.33867735470942
986,13,4.35192697768763,4.53846153846154,999,4.35435435435435
986,12,4.37525354969574,3.83333333333333,998,4.3687374749499
984,14,4.40650406504065,4.28571428571429,998,4.40480961923848
987,10,4.36271529888551,3.7,997,4.35606820461384
987,10,4.34751773049645,3.7,997,4.34102306920762
987,11,4.36575481256332,3.54545454545455,998,4.35671342685371
986,12,4.39452332657201,3.5,998,4.38376753507014
986,12,4.36409736308316,3.5,998,4.35370741482966
986,12,4.42799188640974,3.5,998,4.41683366733467
988,10,4.43218623481781,3.5,998,4.42284569138277
989,10,4.44388270980789,3.5,999,4.43443443443443
988,10,4.45344129554656,3.7,998,4.44589178356713
988,10,4.40080971659919,3.7,998,4.3937875751503
988,9,4.35931174089069,4.0,997,4.35606820461384
990,9,4.30808080808081,4.11111111111111,999,4.30630630630631
988,10,4.31174089068826,4.2,998,4.31062124248497
986,11,4.35294117647059,5.0,997,4.36008024072217
988,11,4.39473684210526,5.0,999,4.4014014014014
988,11,4.38461538461539,5.0,999,4.39139139139139
987,12,4.40425531914894,5.0,999,4.41141141141141
988,11,4.4251012145749,4.54545454545455,999,4.42642642642643
987,11,4.44376899696049,4.09090909090909,998,4.43987975951904
988,11,4.42004048582996,4.36363636363636,999,4.41941941941942
987,12,4.387031408308,4.16666666666667,999,4.38438438438438
985,12,4.39086294416244,3.91666666666667,997,4.3851554663992
988,11,4.36943319838057,3.90909090909091,999,4.36436436436436
987,12,4.38500506585613,3.75,999,4.37737737737738
984,14,4.38617886178862,4.0,998,4.38076152304609
983,14,4.39572736520855,4.0,997,4.3901705115346
985,13,4.35736040609137,3.69230769230769,998,4.34869739478958
984,13,4.33638211382114,3.92307692307692,997,4.33099297893681
982,14,4.36252545824847,4.21428571428571,996,4.36044176706827
985,14,4.35228426395939,3.78571428571429,999,4.34434434434434
983,16,4.37843336724313,4.0,999,4.37237237237237
982,17,4.38085539714868,4.0,999,4.37437437437437
983,16,4.36419125127162,4.125,999,4.36036036036036
983,16,4.36215666327569,3.8125,999,4.35335335335335
983,15,4.41403865717192,3.73333333333333,998,4.40380761523046
985,14,4.36954314720812,3.64285714285714,999,4.35935935935936
983,16,4.43336724313327,3.6875,999,4.42142142142142
982,16,4.40733197556008,3.6875,998,4.39579158316633
984,15,4.40955284552845,3.66666666666667,999,4.3983983983984
984,14,4.38109756097561,3.78571428571429,998,4.37274549098196
984,14,4.375,3.78571428571429,998,4.36673346693387
983,16,4.41200406917599,4.0,999,4.40540540540541
984,15,4.36890243902439,3.73333333333333,999,4.35935935935936
984,15,4.39430894308943,3.73333333333333,999,4.38438438438438
983,15,4.35808748728383,3.73333333333333,998,4.34869739478958
985,14,4.35837563451777,3.42857142857143,999,4.34534534534535
985,13,4.33299492385787,3.38461538461538,998,4.32064128256513
986,12,4.34685598377282,3.58333333333333,998,4.3376753507014
986,13,4.31237322515213,3.76923076923077,999,4.30530530530531
986,13,4.30730223123732,4.23076923076923,999,4.30630630630631
986,13,4.32251521298174,4.0,999,4.31831831831832
987,12,4.36474164133739,3.75,999,4.35735735735736
989,10,4.37917087967644,4.0,999,4.37537537537538
987,11,4.38601823708207,3.72727272727273,998,4.37875751503006
988,11,4.33097165991903,3.72727272727273,999,4.32432432432432
986,12,4.32454361054767,3.5,998,4.31462925851703
988,11,4.31174089068826,3.72727272727273,999,4.30530530530531
987,11,4.35460992907801,3.72727272727273,998,4.34769539078156
990,9,4.40808080808081,4.22222222222222,999,4.40640640640641
991,8,4.43289606458123,4.25,999,4.43143143143143
989,9,4.43983822042467,4.11111111111111,998,4.43687374749499
988,10,4.45344129554656,3.8,998,4.44689378757515
987,10,4.46403242147923,3.8,997,4.45737211634905
988,10,4.47064777327935,3.8,998,4.46392785571142
987,11,4.4741641337386,3.72727272727273,998,4.46593186372746
989,10,4.49848331648129,3.4,999,4.48748748748749
988,11,4.52732793522267,3.36363636363636,999,4.51451451451451
989,10,4.54903943377149,3.5,999,4.53853853853854
987,10,4.54103343465046,4.1,997,4.53660982948847
988,11,4.5,4.0,999,4.49449449449449
986,11,4.46957403651116,4.0,997,4.46439317953862
986,12,4.47667342799189,3.91666666666667,998,4.46993987975952
985,12,4.43756345177665,3.75,997,4.42928786359077
988,10,4.45040485829959,3.5,998,4.44088176352705
987,11,4.46200607902736,3.27272727272727,998,4.44889779559118
988,9,4.52935222672065,3.22222222222222,997,4.51755265797392
991,8,4.54187689202825,2.75,999,4.52752752752753
989,8,4.53488372093023,2.75,997,4.52056168505517
990,9,4.58080808080808,2.77777777777778,999,4.56456456456456
989,9,4.57027300303337,2.77777777777778,998,4.55410821643287
988,11,4.54554655870445,3.27272727272727,999,4.53153153153153
986,11,4.52941176470588,3.27272727272727,997,4.51554663991976
990,9,4.51111111111111,3.33333333333333,999,4.5005005005005
988,9,4.49898785425101,3.33333333333333,997,4.48846539618857
988,10,4.50101214574899,3.3,998,4.48897795591182
989,9,4.47118301314459,3.22222222222222,998,4.45991983967936
991,8,4.41372351160444,3.25,999,4.4044044044044
993,6,4.41490433031219,3.66666666666667,999,4.41041041041041
991,7,4.41574167507568,4.0,998,4.41282565130261
990,7,4.38080808080808,4.0,997,4.37813440320963
991,7,4.39051463168517,4.0,998,4.3877755511022
991,7,4.35519677093845,4.0,998,4.35270541082164
990,8,4.31515151515152,3.875,998,4.31162324649299
989,8,4.30940343781598,3.25,997,4.30090270812437
989,9,4.29828109201213,3.11111111111111,998,4.2875751503006
988,10,4.31781376518219,3.4,998,4.30861723446894
987,11,4.38905775075988,3.63636363636364,998,4.38076152304609
988,10,4.41902834008097,3.7,998,4.41182364729459
988,11,4.43016194331984,3.54545454545455,999,4.42042042042042
990,9,4.43838383838384,3.55555555555556,999,4.43043043043043
993,6,4.44209466263847,2.83333333333333,999,4.43243243243243
991,7,4.46720484359233,3.14285714285714,998,4.45791583166333
991,8,4.51160443995964,3.0,999,4.4994994994995
991,8,4.50756811301715,3.0,999,4.4954954954955
990,8,4.52323232323232,3.0,998,4.51102204408818
990,9,4.48888888888889,3.33333333333333,999,4.47847847847848
989,8,4.53286147623863,3.375,997,4.52357071213641
988,10,4.47570850202429,3.9,998,4.46993987975952
991,8,4.4561049445005,3.625,999,4.44944944944945
990,8,4.41515151515152,3.625,998,4.40881763527054
990,8,4.35555555555556,3.625,998,4.3496993987976
989,9,4.40849342770475,3.66666666666667,998,4.40180360721443
990,9,4.36767676767677,3.66666666666667,999,4.36136136136136
989,9,4.37613751263903,3.66666666666667,998,4.36973947895792
989,9,4.44084934277048,3.66666666666667,998,4.43386773547094
991,8,4.43995963673057,3.875,999,4.43543543543544
993,6,4.4551863041289,3.66666666666667,999,4.45045045045045
991,7,4.48940464177598,3.71428571428571,998,4.48396793587174
993,6,4.51359516616314,3.66666666666667,999,4.50850850850851
991,8,4.52976791120081,3.375,999,4.52052052052052
990,9,4.57878787878788,3.77777777777778,999,4.57157157157157
989,9,4.56926188068756,3.77777777777778,998,4.56212424849699
989,9,4.53791708796764,3.77777777777778,998,4.5310621242485
986,11,4.57505070993915,3.81818181818182,997,4.5667001003009
989,9,4.6046511627907,4.0,998,4.59919839679359
991,8,4.63874873864783,3.5,999,4.62962962962963
991,8,4.63067608476287,3.5,999,4.62162162162162
993,6,4.61832829808661,2.83333333333333,999,4.60760760760761
992,6,4.68850806451613,2.83333333333333,998,4.67735470941884
992,7,4.68951612903226,3.0,999,4.67767767767768
992,6,4.72479838709677,3.33333333333333,998,4.71643286573146
992,7,4.73185483870968,3.42857142857143,999,4.72272272272272
993,6,4.74924471299094,3.33333333333333,999,4.74074074074074
991,7,4.69424823410696,3.0,998,4.68236472945892
992,7,4.63608870967742,3.0,999,4.62462462462462
991,7,4.66599394550959,3.0,998,4.65430861723447
992,7,4.64314516129032,2.57142857142857,999,4.62862862862863
992,6,4.63709677419355,2.66666666666667,998,4.625250501002
990,6,4.62424242424242,2.66666666666667,996,4.61244979919679
993,6,4.55488418932528,2.66666666666667,999,4.54354354354354
990,7,4.56767676767677,3.28571428571429,997,4.55867602808425
993,6,4.62437059415911,3.5,999,4.61761761761762
992,5,4.62701612903226,3.4,997,4.62086258776329
994,4,4.57042253521127,4.0,998,4.56813627254509
994,4,4.54426559356137,4.0,998,4.54208416833667
994,3,4.56237424547284,4.0,997,4.56068204613842
995,2,4.58894472361809,5.5,997,4.59077231695085
996,2,4.57329317269076,5.5,998,4.5751503006012
997,2,4.53059177532598,5.5,999,4.53253253253253
997,2,4.49648946840522,5.5,999,4.4984984984985
996,2,4.42570281124498,5.5,998,4.42785571142285
997,2,4.44734202607823,5.5,999,4.44944944944945
997,1,4.46740220661986,7.0,998,4.46993987975952
997,1,4.4543630892678,7.0,998,4.45691382765531
998,1,4.40881763527054,7.0,999,4.41141141141141
998,1,4.38677354709419,7.0,999,4.38938938938939
997,1,4.34302908726178,7.0,998,4.34569138276553
996,1,4.42269076305221,7.0,997,4.42527582748245
997,1,4.38716148445336,7.0,998,4.38977955911824
997,1,4.4062186559679,7.0,998,4.40881763527054
997,2,4.3851554663992,5.0,999,4.38638638638639
994,2,4.39336016096579,5.0,996,4.39457831325301
997,2,4.4383149448345,5.0,999,4.43943943943944
996,2,4.41465863453815,5.0,998,4.41583166332665
996,2,4.41164658634538,5.0,998,4.41282565130261
997,2,4.42026078234704,5.0,999,4.42142142142142
997,2,4.38114343029087,5.0,999,4.38238238238238
997,2,4.41624874623872,5.0,999,4.41741741741742
997,2,4.44132397191575,5.0,999,4.44244244244244
996,2,4.42269076305221,5.0,998,4.42384769539078
995,2,4.44321608040201,3.0,997,4.44032096288867
997,2,4.43731193580742,3.0,999,4.43443443443443
995,2,4.43015075376884,3.0,997,4.42728184553661
996,2,4.42670682730924,3.0,998,4.42384769539078
997,2,4.42527582748245,3.0,999,4.42242242242242
997,1,4.41223671013039,3.0,998,4.41082164328657
996,1,4.42771084337349,3.0,997,4.42627883650953
998,1,4.42184368737475,3.0,999,4.42042042042042
996,1,4.41164658634538,3.0,997,4.41023069207623
998,0,4.37274549098196,NaN,998,4.37274549098196
998,0,4.30761523046092,NaN,998,4.30761523046092
996,0,4.3293172690763,NaN,996,4.3293172690763
999,0,4.37137137137137,NaN,999,4.37137137137137
997,0,4.37111334002006,NaN,997,4.37111334002006
999,0,4.34134134134134,NaN,999,4.34134134134134
998,0,4.35070140280561,NaN,998,4.35070140280561
998,0,4.32565130260521,NaN,998,4.32565130260521
998,0,4.38577154308617,NaN,998,4.38577154308617
999,0,4.41741741741742,NaN,999,4.41741741741742
999,0,4.36036036036036,NaN,999,4.36036036036036
998,0,4.42084168336673,NaN,998,4.42084168336673
998,0,4.41783567134269,NaN,998,4.41783567134269
999,0,4.40840840840841,NaN,999,4.40840840840841
995,0,4.39597989949749,NaN,995,4.39597989949749
998,0,4.42284569138277,NaN,998,4.42284569138277
997,0,4.44533600802407,NaN,997,4.44533600802407
998,0,4.45290581162325,NaN,998,4.45290581162325
998,0,4.47194388777555,NaN,998,4.47194388777555
998,0,4.46793587174349,NaN,998,4.46793587174349
998,0,4.49498997995992,NaN,998,4.49498997995992
997,0,4.48746238716148,NaN,997,4.48746238716148
999,0,4.45845845845846,NaN,999,4.45845845845846
999,0,4.48748748748749,NaN,999,4.48748748748749
999,0,4.47047047047047,NaN,999,4.47047047047047
998,0,4.44288577154309,NaN,998,4.44288577154309
997,0,4.44232698094283,NaN,997,4.44232698094283
999,0,4.43943943943944,NaN,999,4.43943943943944
998,0,4.48697394789579,NaN,998,4.48697394789579
999,0,4.44344344344344,NaN,999,4.44344344344344
997,0,4.41223671013039,NaN,997,4.41223671013039
997,0,4.37813440320963,NaN,997,4.37813440320963
997,0,4.3370110330993,NaN,997,4.3370110330993
999,0,4.37837837837838,NaN,999,4.37837837837838
999,0,4.38438438438438,NaN,999,4.38438438438438
998,0,4.37274549098196,NaN,998,4.37274549098196
998,0,4.37575150300601,NaN,998,4.37575150300601
997,0,4.4222668004012,NaN,997,4.4222668004012
998,0,4.43787575150301,NaN,998,4.43787575150301
998,0,4.36172344689379,NaN,998,4.36172344689379
998,0,4.41182364729459,NaN,998,4.41182364729459
999,0,4.44344344344344,NaN,999,4.44344344344344
999,0,4.43443443443443,NaN,999,4.43443443443443
998,0,4.43687374749499,NaN,998,4.43687374749499
998,0,4.47194388777555,NaN,998,4.47194388777555
997,0,4.45937813440321,NaN,997,4.45937813440321
999,0,4.44444444444444,NaN,999,4.44444444444444
998,0,4.42184368737475,NaN,998,4.42184368737475
998,0,4.41482965931864,NaN,998,4.41482965931864
998,0,4.43987975951904,NaN,998,4.43987975951904
997,0,4.44332998996991,NaN,997,4.44332998996991
999,0,4.43743743743744,NaN,999,4.43743743743744
997,0,4.38916750250752,NaN,997,4.38916750250752
996,0,4.3995983935743,NaN,996,4.3995983935743
999,0,4.36936936936937,NaN,999,4.36936936936937
998,0,4.35470941883768,NaN,998,4.35470941883768
997,0,4.35406218655968,NaN,997,4.35406218655968
997,0,4.32798395185557,NaN,997,4.32798395185557
999,0,4.34134134134134,NaN,999,4.34134134134134
998,0,4.29158316633267,NaN,998,4.29158316633267
997,0,4.21765295887663,NaN,997,4.21765295887663
996,0,4.25200803212851,NaN,996,4.25200803212851
998,0,4.27655310621242,NaN,998,4.27655310621242
999,0,4.27327327327327,NaN,999,4.27327327327327
999,0,4.24824824824825,NaN,999,4.24824824824825
998,0,4.23947895791583,NaN,998,4.23947895791583
997,0,4.27983951855567,NaN,997,4.27983951855567
999,0,4.25525525525526,NaN,999,4.25525525525526
998,0,4.31162324649299,NaN,998,4.31162324649299
999,0,4.29029029029029,NaN,999,4.29029029029029
999,0,4.24124124124124,NaN,999,4.24124124124124
999,0,4.28728728728729,NaN,999,4.28728728728729
998,0,4.27955911823647,NaN,998,4.27955911823647
999,0,4.32632632632633,NaN,999,4.32632632632633
996,0,4.32831325301205,NaN,996,4.32831325301205
999,0,4.35135135135135,NaN,999,4.35135135135135
999,0,4.38338338338338,NaN,999,4.38338338338338
999,0,4.33433433433433,NaN,999,4.33433433433433
997,0,4.37612838515547,NaN,997,4.37612838515547
998,0,4.39679358717435,NaN,998,4.39679358717435
998,0,4.40280561122244,NaN,998,4.40280561122244
999,0,4.37437437437437,NaN,999,4.37437437437437
998,0,4.40581162324649,NaN,998,4.40581162324649
998,0,4.40080160320641,NaN,998,4.40080160320641
998,0,4.39779559118236,NaN,998,4.39779559118236
999,0,4.40540540540541,NaN,999,4.40540540540541
998,0,4.4188376753507,NaN,998,4.4188376753507
999,0,4.46346346346346,NaN,999,4.46346346346346
999,0,4.5015015015015,NaN,999,4.5015015015015
999,0,4.49349349349349,NaN,999,4.49349349349349
999,0,4.48048048048048,NaN,999,4.48048048048048
999,0,4.42442442442442,NaN,999,4.42442442442442
999,0,4.3953953953954,NaN,999,4.3953953953954
997,0,4.42928786359077,NaN,997,4.42928786359077
996,0,4.41767068273092,NaN,996,4.41767068273092
996,0,4.43975903614458,NaN,996,4.43975903614458
999,0,4.44944944944945,NaN,999,4.44944944944945
998,0,4.45991983967936,NaN,998,4.45991983967936
998,0,4.44288577154309,NaN,998,4.44288577154309
999,0,4.45945945945946,NaN,999,4.45945945945946
999,0,4.43043043043043,NaN,999,4.43043043043043
998,0,4.38877755511022,NaN,998,4.38877755511022
999,0,4.36436436436436,NaN,999,4.36436436436436
999,0,4.39239239239239,NaN,999,4.39239239239239
999,0,4.44244244244244,NaN,999,4.44244244244244
999,0,4.42742742742743,NaN,999,4.42742742742743
997,0,4.42527582748245,NaN,997,4.42527582748245
996,0,4.41265060240964,NaN,996,4.41265060240964
998,0,4.42785571142285,NaN,998,4.42785571142285
999,0,4.47647647647648,NaN,999,4.47647647647648
998,0,4.41583166332665,NaN,998,4.41583166332665
999,0,4.42642642642643,NaN,999,4.42642642642643
999,0,4.37837837837838,NaN,999,4.37837837837838
999,0,4.36936936936937,NaN,999,4.36936936936937
998,0,4.35270541082164,NaN,998,4.35270541082164
999,0,4.34134134134134,NaN,999,4.34134134134134
998,0,4.33967935871743,NaN,998,4.33967935871743
997,0,4.33400200601805,NaN,997,4.33400200601805
999,0,4.26726726726727,NaN,999,4.26726726726727
999,0,4.21221221221221,NaN,999,4.21221221221221
999,0,4.18918918918919,NaN,999,4.18918918918919
999,0,4.17417417417417,NaN,999,4.17417417417417
995,0,4.24221105527638,NaN,995,4.24221105527638
997,0,4.23169508525577,NaN,997,4.23169508525577
999,0,4.24724724724725,NaN,999,4.24724724724725
999,0,4.22722722722723,NaN,999,4.22722722722723
998,0,4.24649298597194,NaN,998,4.24649298597194
999,0,4.2972972972973,NaN,999,4.2972972972973
999,0,4.24624624624625,NaN,999,4.24624624624625
999,0,4.24724724724725,NaN,999,4.24724724724725
998,0,4.26352705410822,NaN,998,4.26352705410822
998,0,4.26653306613226,NaN,998,4.26653306613226
998,0,4.31462925851703,NaN,998,4.31462925851703
997,0,4.32497492477432,NaN,997,4.32497492477432
997,0,4.28986960882648,NaN,997,4.28986960882648
997,0,4.29588766298897,NaN,997,4.29588766298897
997,0,4.27683049147442,NaN,997,4.27683049147442
998,0,4.28857715430862,NaN,998,4.28857715430862
998,0,4.32565130260521,NaN,998,4.32565130260521
998,0,4.33967935871743,NaN,998,4.33967935871743
997,0,4.38816449348044,NaN,997,4.38816449348044
998,0,4.35771543086172,NaN,998,4.35771543086172
999,0,4.34934934934935,NaN,999,4.34934934934935
999,0,4.37237237237237,NaN,999,4.37237237237237
999,0,4.35335335335335,NaN,999,4.35335335335335
998,0,4.37575150300601,NaN,998,4.37575150300601
996,0,4.38353413654619,NaN,996,4.38353413654619
999,0,4.39339339339339,NaN,999,4.39339339339339
998,0,4.38677354709419,NaN,998,4.38677354709419
997,0,4.34904714142427,NaN,997,4.34904714142427
997,0,4.35606820461384,NaN,997,4.35606820461384
999,0,4.32032032032032,NaN,999,4.32032032032032
999,0,4.35135135135135,NaN,999,4.35135135135135
999,0,4.39239239239239,NaN,999,4.39239239239239
999,0,4.4004004004004,NaN,999,4.4004004004004
999,0,4.42642642642643,NaN,999,4.42642642642643
