forward_num,reverse_num,forward_rate,reverse_rate,organism_num,organism_rate
500,500,5.5,5.5,1000,5.5
494,498,5.48987854251012,5.5140562248996,992,5.50201612903226
494,495,5.48987854251012,5.51313131313131,989,5.50151668351871
541,458,5.93715341959335,5.47379912663755,999,5.72472472472472
582,415,6.02405498281787,5.41927710843374,997,5.77231695085256
612,386,6.20915032679739,5.4119170984456,998,5.90080160320641
645,353,6.26511627906977,5.45042492917847,998,5.97695390781563
661,338,6.34190620272315,5.44970414201183,999,6.04004004004004
696,303,6.46264367816092,5.4983498349835,999,6.17017017017017
694,305,6.56051873198847,5.31475409836066,999,6.18018018018018
678,320,6.62389380530973,5.334375,998,6.21042084168337
700,298,6.43285714285714,5.31879194630872,998,6.1002004008016
692,306,6.56936416184971,5.20588235294118,998,6.15130260521042
698,300,6.65472779369628,5.37,998,6.2685370741483
674,324,6.66913946587537,5.85185185185185,998,6.40380761523046
700,299,6.82142857142857,5.90635451505017,999,6.54754754754755
688,311,6.87790697674419,5.81350482315113,999,6.54654654654655
654,345,6.85321100917431,5.96811594202899,999,6.54754754754755
676,322,7.00887573964497,5.89130434782609,998,6.64829659318637
691,306,6.95513748191027,5.95424836601307,997,6.64794383149448
693,306,7.10966810966811,6.04248366013072,999,6.78278278278278
699,299,6.80972818311874,6.14715719063545,998,6.61122244488978
712,287,6.88483146067416,6.19163763066202,999,6.68568568568569
711,288,6.91139240506329,6.18055555555556,999,6.7007007007007
714,284,6.98879551820728,6.14788732394366,998,6.74949899799599
714,284,7.01680672268908,6.05633802816901,998,6.7434869739479
716,283,7.07262569832402,6.1660777385159,999,6.81581581581582
724,275,7.10773480662983,6.05454545454545,999,6.81781781781782
724,274,7.10220994475138,6.09124087591241,998,6.82464929859719
727,272,7.2544704264099,6.35661764705882,999,7.01001001001001
735,264,7.30204081632653,6.29545454545455,999,7.03603603603604
732,266,7.34426229508197,6.29699248120301,998,7.06513026052104
716,283,7.31145251396648,6.39929328621908,999,7.05305305305305
718,279,7.43732590529248,6.46594982078853,997,7.16549648946841
715,283,7.43496503496504,6.42049469964664,998,7.14729458917836
729,270,7.47050754458162,6.54444444444444,999,7.22022022022022
720,279,7.47777777777778,6.66666666666667,999,7.25125125125125
732,266,7.49453551912568,6.75187969924812,998,7.29659318637275
736,261,7.50815217391304,6.83524904214559,997,7.33199598796389
741,258,7.53981106612686,6.89922480620155,999,7.37437437437437
739,259,7.56156968876861,6.91119691119691,998,7.39278557114228
734,265,7.58855585831063,6.95094339622641,999,7.41941941941942
728,270,7.59615384615385,6.88518518518519,998,7.40380761523046
731,268,7.58413132694938,6.92164179104478,999,7.40640640640641
740,258,7.62432432432432,6.95348837209302,998,7.45090180360721
745,252,7.64832214765101,7.11111111111111,997,7.51253761283852
745,253,7.6993288590604,7.03162055335968,998,7.53006012024048
742,257,7.72371967654987,7.11284046692607,999,7.56656656656657
738,259,7.78048780487805,7.11969111969112,997,7.60882647943832
738,260,7.80081300813008,7.20769230769231,998,7.64629258517034
749,249,7.83978638184246,7.16867469879518,998,7.67234468937876
756,241,7.83862433862434,7.25726141078838,997,7.69809428284855
765,231,7.89019607843137,7.25108225108225,996,7.74196787148594
769,230,7.88816644993498,7.2695652173913,999,7.74574574574575
760,238,7.89868421052632,7.40336134453782,998,7.78056112224449
761,238,7.93298291721419,7.42016806722689,999,7.81081081081081
760,238,7.95394736842105,7.42436974789916,998,7.82765531062124
760,238,7.99078947368421,7.50840336134454,998,7.87575150300601
764,235,7.98560209424084,7.5063829787234,999,7.87287287287287
761,237,7.9526938239159,7.47257383966245,998,7.83867735470942
769,230,7.97009102730819,7.40434782608696,999,7.83983983983984
763,234,7.96985583224115,7.4957264957265,997,7.85857572718154
778,220,7.97814910025707,7.61818181818182,998,7.89879759519038
785,213,7.95796178343949,7.68544600938967,998,7.8997995991984
778,220,7.99614395886889,7.78181818181818,998,7.94889779559118
789,209,7.98605830164766,7.79904306220096,998,7.94689378757515
791,207,8.03539823008849,7.71497584541063,998,7.9689378757515
795,204,8.08301886792453,7.83823529411765,999,8.03303303303303
788,209,8.06598984771574,7.90430622009569,997,8.0320962888666
796,201,8.07788944723618,7.89054726368159,997,8.04012036108325
792,206,8.04292929292929,7.9126213592233,998,8.01603206412826
792,206,8.04292929292929,7.89320388349515,998,8.01202404809619
790,208,8.04556962025316,7.99038461538461,998,8.03406813627254
797,202,8.04140526976161,8.03960396039604,999,8.04104104104104
794,205,8.07808564231738,8.01463414634146,999,8.06506506506507
802,195,8.0573566084788,8.00512820512821,997,8.04714142427282
809,189,8.08652657601978,7.98941798941799,998,8.06813627254509
801,196,8.05992509363296,7.98469387755102,997,8.04513540621866
797,201,8.10288582183187,7.94029850746269,998,8.07014028056112
797,202,8.11417816813049,8.02970297029703,999,8.0970970970971
812,186,8.11576354679803,8.13978494623656,998,8.12024048096192
817,181,8.13953488372093,8.1767955801105,998,8.14629258517034
811,188,8.1750924784217,8.21276595744681,999,8.18218218218218
816,183,8.21446078431373,8.22950819672131,999,8.21721721721722
816,183,8.2156862745098,8.2896174863388,999,8.22922922922923
817,182,8.21664626682987,8.31868131868132,999,8.23523523523524
820,179,8.25731707317073,8.41899441340782,999,8.28628628628629
819,180,8.2979242979243,8.50555555555556,999,8.33533533533534
832,166,8.31009615384615,8.45180722891566,998,8.33366733466934
831,165,8.29723225030084,8.4,996,8.31425702811245
835,164,8.31377245508982,8.5,999,8.34434434434434
834,164,8.32374100719425,8.55487804878049,998,8.36172344689379
845,154,8.33254437869823,8.48051948051948,999,8.35535535535536
847,152,8.34002361275089,8.38157894736842,999,8.34634634634635
849,150,8.3356890459364,8.47333333333333,999,8.35635635635636
849,149,8.35335689045936,8.55704697986577,998,8.38376753507014
845,153,8.35621301775148,8.59477124183007,998,8.39278557114229
843,153,8.38196915776987,8.59477124183007,996,8.41465863453815
842,156,8.40142517814727,8.67307692307692,998,8.4438877755511
846,153,8.40425531914894,8.77124183006536,999,8.46046046046046
840,159,8.44166666666667,8.81132075471698,999,8.5005005005005
839,160,8.44100119189511,8.825,999,8.5025025025025
842,157,8.45605700712589,8.89171974522293,999,8.52452452452452
840,159,8.46428571428571,8.88050314465409,999,8.53053053053053
842,157,8.46793349168646,8.90445859872611,999,8.53653653653654
844,154,8.49170616113744,8.95454545454546,998,8.56312625250501
842,156,8.4750593824228,9.02564102564103,998,8.56112224448898
846,153,8.47281323877069,9.01307189542484,999,8.55555555555556
843,152,8.48873072360617,9.00657894736842,995,8.5678391959799
842,156,8.48693586698337,8.92948717948718,998,8.5561122244489
838,159,8.47255369928401,8.9622641509434,997,8.5506519558676
844,155,8.49526066350711,8.91612903225806,999,8.56056056056056
848,151,8.51533018867925,8.94701986754967,999,8.58058058058058
855,144,8.52748538011696,8.86805555555556,999,8.57657657657658
848,150,8.52594339622642,8.89333333333333,998,8.5811623246493
851,148,8.49471210340776,8.87162162162162,999,8.55055055055055
848,151,8.51415094339623,8.97350993377484,999,8.58358358358358
847,152,8.52656434474616,9.0328947368421,999,8.6036036036036
836,163,8.57416267942584,8.98773006134969,999,8.64164164164164
846,152,8.56737588652482,9.07894736842105,998,8.64529058116232
849,150,8.55948174322733,9.09333333333333,999,8.63963963963964
841,157,8.53626634958383,9.14012738853503,998,8.6312625250501
848,149,8.5813679245283,9.12751677852349,997,8.6629889669007
840,157,8.58928571428571,9.1656050955414,997,8.68004012036108
840,159,8.59523809523809,9.18867924528302,999,8.68968968968969
842,156,8.60926365795724,9.17948717948718,998,8.69839679358717
837,162,8.63799283154122,9.20987654320988,999,8.73073073073073
844,155,8.63151658767772,9.19354838709677,999,8.71871871871872
844,155,8.6457345971564,9.18064516129032,999,8.72872872872873
843,156,8.65243179122183,9.18589743589744,999,8.73573573573574
843,156,8.65361803084223,9.16025641025641,999,8.73273273273273
831,167,8.661853188929,9.15568862275449,998,8.74448897795591
839,160,8.6626936829559,9.15625,999,8.74174174174174
832,166,8.66105769230769,9.23493975903614,998,8.7565130260521
830,168,8.67349397590361,9.25595238095238,998,8.77154308617235
833,164,8.66266506602641,9.26829268292683,997,8.76228686058175
829,170,8.65259348612786,9.27058823529412,999,8.75775775775776
829,169,8.66224366706876,9.28994082840237,998,8.7685370741483
817,181,8.65850673194614,9.25966850828729,998,8.76753507014028
834,164,8.66426858513189,9.29268292682927,998,8.76753507014028
830,167,8.66144578313253,9.31736526946108,997,8.77131394182548
826,173,8.66949152542373,9.35838150289017,999,8.78878878878879
828,171,8.69565217391304,9.40350877192983,999,8.81681681681682
823,176,8.69744835965978,9.40340909090909,999,8.82182182182182
824,175,8.70509708737864,9.42285714285714,999,8.83083083083083
821,178,8.71132764920828,9.46067415730337,999,8.84484484484484
823,175,8.7314702308627,9.48,998,8.8627254509018
813,184,8.72324723247232,9.47826086956522,997,8.86258776328987
815,182,8.76196319018405,9.47802197802198,997,8.89267803410231
810,187,8.77283950617284,9.44385026737968,997,8.89869608826479
803,194,8.79327521793275,9.46907216494845,997,8.92477432296891
805,192,8.82360248447205,9.52604166666667,997,8.95887662988967
800,198,8.82625,9.53030303030303,998,8.96593186372746
804,195,8.8544776119403,9.4974358974359,999,8.97997997997998
812,186,8.86330049261084,9.52688172043011,998,8.98697394789579
808,191,8.87252475247525,9.50785340314136,999,8.99399399399399
802,197,8.89401496259352,9.47715736040609,999,9.00900900900901
802,196,8.89775561097257,9.56122448979592,998,9.02805611222445
810,188,8.88888888888889,9.52127659574468,998,9.00801603206413
802,197,8.9002493765586,9.55329949238579,999,9.02902902902903
804,194,8.91666666666667,9.54123711340206,998,9.03807615230461
805,194,8.93788819875776,9.55154639175258,999,9.05705705705706
807,192,8.93184634448575,9.53645833333333,999,9.04804804804805
806,193,8.93300248138958,9.5440414507772,999,9.05105105105105
798,201,8.92481203007519,9.58208955223881,999,9.05705705705706
805,194,8.96149068322981,9.57216494845361,999,9.08008008008008
803,195,8.95516811955168,9.59487179487179,998,9.08016032064128
807,192,8.97769516728625,9.57291666666667,999,9.09209209209209
803,194,8.96139476961395,9.58247422680412,997,9.08224674022066
807,190,8.96530359355638,9.55263157894737,997,9.07723169508526
807,192,8.98513011152416,9.53645833333333,999,9.09109109109109
800,198,8.99375,9.55050505050505,998,9.10420841683367
795,202,9.01509433962264,9.54455445544554,997,9.12236710130391
802,197,9.01122194513716,9.51269035532995,999,9.11011011011011
801,196,9.0,9.58163265306122,997,9.11434302908726
798,201,9.03007518796992,9.59203980099502,999,9.14314314314314
797,200,9.03011292346299,9.59,997,9.14242728184554
807,191,9.01486988847584,9.59162303664922,998,9.125250501002
802,196,9.01995012468828,9.53061224489796,998,9.12024048096192
806,193,9.03598014888338,9.55440414507772,999,9.13613613613614
801,195,9.04619225967541,9.61538461538461,996,9.15763052208835
800,199,9.03875,9.61306532663317,999,9.15315315315315
798,201,9.05388471177945,9.60199004975124,999,9.16416416416416
793,206,9.06052963430013,9.62621359223301,999,9.17717717717718
796,203,9.05778894472362,9.60098522167488,999,9.16816816816817
790,209,9.04683544303797,9.62200956937799,999,9.16716716716717
797,202,9.0564617314931,9.61881188118812,999,9.17017017017017
804,195,9.04477611940299,9.63076923076923,999,9.15915915915916
804,195,9.0547263681592,9.65128205128205,999,9.17117117117117
805,193,9.05590062111801,9.66839378238342,998,9.17434869739479
799,200,9.04755944931164,9.695,999,9.17717717717718
802,196,9.071072319202,9.72959183673469,998,9.20040080160321
802,197,9.06733167082294,9.73096446700508,999,9.1981981981982
800,197,9.07875,9.74111675126904,997,9.20962888665998
806,192,9.07816377171216,9.75520833333333,998,9.20841683366733
807,192,9.0817843866171,9.77604166666667,999,9.21521521521522
808,188,9.08663366336634,9.79255319148936,996,9.21987951807229
807,190,9.10780669144981,9.76842105263158,997,9.23370110330993
807,191,9.12143742255266,9.7696335078534,998,9.24549098196393
806,190,9.12903225806452,9.77894736842105,996,9.25301204819277
809,190,9.11866501854141,9.78421052631579,999,9.24524524524525
806,193,9.12158808933003,9.78756476683938,999,9.25025025025025
805,194,9.12919254658385,9.7680412371134,999,9.25325325325325
806,191,9.11786600496278,9.75916230366492,997,9.2407221664995
800,199,9.11625,9.76381909547739,999,9.24524524524525
790,209,9.12025316455696,9.76555023923445,999,9.25525525525526
788,211,9.13197969543147,9.76777251184834,999,9.26626626626627
790,209,9.14810126582278,9.77033492822967,999,9.27827827827828
789,209,9.14828897338403,9.76555023923445,998,9.27755511022044
789,209,9.14321926489227,9.76555023923445,998,9.27354709418838
791,207,9.14791403286979,9.78260869565217,998,9.27955911823647
794,203,9.14735516372796,9.80788177339901,997,9.28184553660983
802,197,9.15211970074813,9.81218274111675,999,9.28228228228228
794,205,9.16120906801008,9.81463414634146,999,9.2952952952953
808,189,9.18688118811881,9.79365079365079,997,9.30190571715145
804,195,9.17661691542289,9.80512820512821,999,9.2992992992993
803,196,9.17310087173101,9.79591836734694,999,9.2952952952953
807,192,9.17348203221809,9.79166666666667,999,9.29229229229229
800,199,9.17375,9.78391959798995,999,9.2952952952953
795,203,9.18238993710692,9.80788177339901,998,9.30961923847695
785,214,9.18471337579618,9.79906542056075,999,9.31631631631632
795,204,9.1748427672956,9.80882352941176,999,9.3043043043043
785,214,9.19235668789809,9.82710280373832,999,9.32832832832833
772,226,9.17746113989637,9.84070796460177,998,9.32765531062124
773,225,9.17723156532988,9.82666666666667,998,9.32364729458918
771,226,9.19195849546044,9.84955752212389,997,9.34102306920762
773,226,9.19793014230272,9.82743362831858,999,9.34034034034034
760,238,9.2,9.83613445378151,998,9.35170340681363
759,238,9.18577075098814,9.82773109243698,997,9.33901705115346
758,241,9.18997361477573,9.82157676348548,999,9.34234234234234
752,247,9.2061170212766,9.82186234817814,999,9.35835835835836
760,239,9.21184210526316,9.81171548117155,999,9.35535535535536
756,242,9.18915343915344,9.8099173553719,998,9.33967935871743
756,242,9.20238095238095,9.81818181818182,998,9.35170340681363
750,248,9.20933333333333,9.82258064516129,998,9.36172344689379
751,248,9.2103861517976,9.81854838709677,999,9.36136136136136
748,251,9.22326203208556,9.81673306772908,999,9.37237237237237
749,249,9.24833110814419,9.83935742971888,998,9.39579158316633
743,256,9.2328398384926,9.859375,999,9.39339339339339
746,253,9.2627345844504,9.8695652173913,999,9.41641641641642
738,259,9.26558265582656,9.88030888030888,997,9.42527582748245
746,253,9.26943699731904,9.88142292490119,999,9.42442442442442
747,252,9.26372155287818,9.88888888888889,999,9.42142142142142
755,244,9.27284768211921,9.89754098360656,999,9.42542542542543
754,245,9.27055702917772,9.88979591836735,999,9.42242242242242
760,239,9.2828947368421,9.90376569037657,999,9.43143143143143
771,228,9.26977950713359,9.89912280701754,999,9.41341341341341
771,227,9.26977950713359,9.89867841409692,998,9.4128256513026
774,224,9.27260981912145,9.90178571428571,998,9.41382765531062
777,222,9.28185328185328,9.91891891891892,999,9.42342342342342
773,226,9.28978007761966,9.91592920353982,999,9.43143143143143
780,218,9.29102564102564,9.90825688073394,998,9.42585170340681
780,219,9.27820512820513,9.89954337899543,999,9.41441441441441
782,216,9.26598465473146,9.90740740740741,998,9.40480961923848
784,215,9.27295918367347,9.92093023255814,999,9.41241241241241
777,219,9.26126126126126,9.92694063926941,996,9.40763052208835
778,221,9.29177377892031,9.91402714932127,999,9.42942942942943
778,221,9.27634961439589,9.9185520361991,999,9.41841841841842
780,217,9.28589743589744,9.91244239631336,997,9.4222668004012
775,224,9.27483870967742,9.90178571428571,999,9.41541541541542
775,224,9.28387096774193,9.87946428571429,999,9.41741741741742
769,229,9.28608582574772,9.90829694323144,998,9.42885771543086
770,229,9.2974025974026,9.89519650655022,999,9.43443443443443
767,232,9.32333767926988,9.88362068965517,999,9.45345345345345
762,237,9.32808398950131,9.88607594936709,999,9.46046046046046
762,237,9.33464566929134,9.87341772151899,999,9.46246246246246
764,235,9.32722513089005,9.85531914893617,999,9.45145145145145
774,225,9.34496124031008,9.85777777777778,999,9.46046046046046
779,220,9.34788189987163,9.86363636363636,999,9.46146146146146
777,221,9.36679536679537,9.86425339366516,998,9.47695390781563
781,218,9.37900128040973,9.8394495412844,999,9.47947947947948
777,222,9.36936936936937,9.86036036036036,999,9.47847847847848
776,221,9.37757731958763,9.8552036199095,997,9.48345035105316
773,225,9.3777490297542,9.86666666666667,998,9.48797595190381
771,228,9.36316472114138,9.85964912280702,999,9.47647647647648
771,227,9.36575875486381,9.86343612334802,998,9.47895791583166
779,219,9.36713735558408,9.87671232876712,998,9.47895791583166
780,219,9.38717948717949,9.87671232876712,999,9.49449449449449
782,217,9.38235294117647,9.88940092165899,999,9.49249249249249
771,228,9.37483787289235,9.9078947368421,999,9.4964964964965
772,225,9.39119170984456,9.90222222222222,997,9.50651955867603
772,227,9.38471502590674,9.88986784140969,999,9.4994994994995
779,218,9.38382541720154,9.90366972477064,997,9.4974924774323
789,209,9.40557667934094,9.90430622009569,998,9.51002004008016
792,207,9.40909090909091,9.89371980676328,999,9.50950950950951
790,208,9.41139240506329,9.89903846153846,998,9.51302605210421
790,208,9.41898734177215,9.89903846153846,998,9.5190380761523
789,210,9.3979721166033,9.89047619047619,999,9.5015015015015
786,213,9.40712468193384,9.89201877934272,999,9.51051051051051
792,207,9.40909090909091,9.8743961352657,999,9.50550550550551
791,207,9.39696586599242,9.88405797101449,998,9.49799599198397
791,205,9.40202275600506,9.87804878048781,996,9.5
794,204,9.42821158690176,9.88725490196078,998,9.52204408817635
799,199,9.42803504380476,9.89447236180905,998,9.52104208416834
802,196,9.44014962593516,9.91326530612245,998,9.53306613226453
795,204,9.44276729559748,9.90686274509804,999,9.53753753753754
789,209,9.43346007604563,9.90909090909091,998,9.53306613226453
789,210,9.43726235741445,9.91428571428571,999,9.53753753753754
792,207,9.42929292929293,9.92270531400966,999,9.53153153153153
794,205,9.42317380352645,9.9219512195122,999,9.52552552552553
784,214,9.41836734693878,9.92523364485981,998,9.52705410821643
789,210,9.43092522179975,9.91904761904762,999,9.53353353353353
787,211,9.43329097839898,9.90521327014218,998,9.53306613226453
794,205,9.44962216624685,9.91707317073171,999,9.54554554554555
781,218,9.44814340588989,9.90825688073394,999,9.54854854854855
784,213,9.45535714285714,9.91549295774648,997,9.55366098294885
783,215,9.45210727969349,9.89767441860465,998,9.54809619238477
786,212,9.45419847328244,9.91037735849057,998,9.55110220440882
786,211,9.45928753180662,9.90047393364929,997,9.55265797392176
789,209,9.44613434727503,9.88995215311005,998,9.53907815631263
791,207,9.43994943109987,9.8743961352657,998,9.53006012024048
798,201,9.44235588972431,9.90049751243781,999,9.53453453453453
797,200,9.42785445420326,9.89,997,9.52056168505517
799,199,9.4342928660826,9.87939698492462,998,9.52304609218437
800,199,9.4525,9.90452261306533,999,9.54254254254254
809,190,9.47095179233622,9.90526315789474,999,9.55355355355355
806,192,9.46277915632754,9.90625,998,9.54809619238477
806,193,9.47642679900744,9.90673575129534,999,9.55955955955956
802,196,9.48628428927681,9.91326530612245,998,9.57014028056112
801,198,9.47066167290886,9.91414141414141,999,9.55855855855856
805,194,9.46832298136646,9.91752577319588,999,9.55555555555556
799,200,9.47559449311639,9.91,999,9.56256256256256
800,198,9.48375,9.91414141414141,998,9.56913827655311
796,202,9.47613065326633,9.92079207920792,998,9.56613226452906
799,198,9.46433041301627,9.92929292929293,997,9.55667001003009
790,206,9.4620253164557,9.90776699029126,996,9.55421686746988
791,208,9.46523388116309,9.90384615384615,999,9.55655655655656
788,210,9.48477157360406,9.90476190476191,998,9.57314629258517
790,209,9.49873417721519,9.88516746411483,999,9.57957957957958
794,204,9.49748110831234,9.88235294117647,998,9.57615230460922
787,212,9.50190597204574,9.90566037735849,999,9.58758758758759
792,207,9.50757575757576,9.92270531400966,999,9.59359359359359
790,209,9.50253164556962,9.91866028708134,999,9.58958958958959
793,204,9.50189155107188,9.91176470588235,997,9.58575727181545
790,206,9.50126582278481,9.90776699029126,996,9.58534136546185
795,203,9.51698113207547,9.90147783251231,998,9.59519038076152
796,202,9.51256281407035,9.89108910891089,998,9.58917835671343
789,209,9.50950570342205,9.89473684210526,998,9.59018036072144
792,206,9.52146464646465,9.89320388349515,998,9.59819639278557
794,204,9.54156171284635,9.89705882352941,998,9.61422845691383
786,212,9.54325699745547,9.89622641509434,998,9.61823647294589
784,215,9.53826530612245,9.89302325581395,999,9.61461461461461
787,210,9.54637865311309,9.8952380952381,997,9.61985957873621
790,208,9.55316455696203,9.88942307692308,998,9.62324649298597
792,206,9.54419191919192,9.90291262135922,998,9.61823647294589
792,207,9.5479797979798,9.88888888888889,999,9.61861861861862
782,217,9.54475703324808,9.88940092165899,999,9.61961961961962
781,218,9.56081946222791,9.88532110091743,999,9.63163163163163
781,217,9.56081946222791,9.87096774193548,998,9.62825651302605
785,213,9.58216560509554,9.87323943661972,998,9.64428857715431
793,206,9.56998738965952,9.87378640776699,999,9.63263263263263
796,202,9.58542713567839,9.87623762376238,998,9.64428857715431
795,203,9.58490566037736,9.87192118226601,998,9.64328657314629
800,199,9.59375,9.90452261306533,999,9.65565565565566
807,192,9.59603469640644,9.90104166666667,999,9.65465465465465
802,195,9.58728179551122,9.9025641025641,997,9.64894684052156
811,187,9.59556103575832,9.89304812834225,998,9.65130260521042
815,184,9.58895705521472,9.89673913043478,999,9.64564564564565
818,181,9.5880195599022,9.92265193370166,999,9.64864864864865
818,180,9.59290953545232,9.91666666666667,998,9.65130260521042
814,183,9.5958230958231,9.90163934426229,997,9.65195586760281
817,180,9.5875152998776,9.91111111111111,997,9.64593781344032
817,180,9.58873929008568,9.90555555555556,997,9.64593781344032
820,178,9.59756097560976,9.89887640449438,998,9.65130260521042
827,171,9.58766626360338,9.91228070175439,998,9.64328657314629
824,175,9.58373786407767,9.93142857142857,999,9.64464464464464
829,169,9.57780458383595,9.92307692307692,998,9.63627254509018
822,177,9.57420924574209,9.92090395480226,999,9.63563563563564
821,175,9.5809987819732,9.92,996,9.64056224899598
823,176,9.56379100850547,9.93181818181818,999,9.62862862862863
821,178,9.56516443361754,9.91011235955056,999,9.62662662662663
821,178,9.56394640682095,9.92134831460674,999,9.62762762762763
824,173,9.58009708737864,9.91907514450867,997,9.63891675025075
826,173,9.56295399515738,9.89017341040462,999,9.61961961961962
817,181,9.56915544675643,9.89502762430939,998,9.62825651302605
820,178,9.56707317073171,9.89325842696629,998,9.625250501002
817,182,9.5703794369645,9.87912087912088,999,9.62662662662663
818,181,9.58190709046455,9.87292817679558,999,9.63463463463463
817,181,9.56915544675643,9.88397790055249,998,9.62625250501002
816,182,9.56740196078431,9.8956043956044,998,9.62725450901804
816,182,9.57598039215686,9.90659340659341,998,9.63627254509018
818,181,9.57823960880196,9.91160220994475,999,9.63863863863864
818,181,9.56845965770171,9.90055248618784,999,9.62862862862863
821,178,9.56394640682095,9.89887640449438,999,9.62362362362362
820,177,9.56585365853659,9.91525423728813,997,9.62788365095286
817,181,9.5875152998776,9.91160220994475,998,9.64629258517034
822,177,9.57664233576642,9.91525423728813,999,9.63663663663664
821,178,9.59683313032887,9.92134831460674,999,9.65465465465465
817,181,9.60342717258262,9.91160220994475,998,9.65931863727455
815,184,9.60368098159509,9.92391304347826,999,9.66266266266266
820,177,9.59756097560976,9.92090395480226,997,9.65496489468405
822,177,9.59245742092457,9.91525423728813,999,9.64964964964965
816,183,9.60539215686275,9.92349726775956,999,9.66366366366366
816,183,9.60171568627451,9.9344262295082,999,9.66266266266266
815,184,9.6,9.92391304347826,999,9.65965965965966
814,184,9.5995085995086,9.92391304347826,998,9.65931863727455
817,180,9.58996328029376,9.91111111111111,997,9.64794383149448
827,172,9.58524788391778,9.93023255813953,999,9.64464464464464
823,175,9.57594167679222,9.94285714285714,998,9.64028056112224
833,166,9.5546218487395,9.93373493975904,999,9.61761761761762
825,174,9.56,9.9367816091954,999,9.62562562562563
825,172,9.56606060606061,9.94186046511628,997,9.6308926780341
830,167,9.56626506024096,9.94011976047904,997,9.62888665997994
835,164,9.58443113772455,9.94512195121951,999,9.64364364364364
842,157,9.59263657957245,9.94904458598726,999,9.64864864864865
836,163,9.5933014354067,9.94478527607362,999,9.65065065065065
834,163,9.59712230215827,9.95092024539877,997,9.65496489468405
835,164,9.60838323353293,9.96341463414634,999,9.66666666666667
836,163,9.61842105263158,9.96932515337423,999,9.67567567567568
838,161,9.62052505966587,9.97515527950311,999,9.67767767767768
840,159,9.62857142857143,9.9748427672956,999,9.68368368368368
848,151,9.62853773584906,9.97350993377484,999,9.68068068068068
845,151,9.63905325443787,9.98013245033113,996,9.69076305220884
843,156,9.63701067615658,9.98076923076923,999,9.69069069069069
840,159,9.63095238095238,9.9811320754717,999,9.68668668668669
837,161,9.63321385902031,9.98136645962733,998,9.68937875751503
839,160,9.63051251489869,9.975,999,9.68568568568569
837,160,9.64038231780167,9.98125,997,9.6950852557673
839,158,9.626936829559,9.98101265822785,997,9.68304914744233
844,153,9.6196682464455,9.98692810457516,997,9.67602808425276
844,153,9.6196682464455,9.98692810457516,997,9.67602808425276
848,151,9.61438679245283,9.98675496688742,999,9.67067067067067
850,149,9.62470588235294,9.98657718120805,999,9.67867867867868
850,148,9.61764705882353,9.98648648648649,998,9.67234468937876
854,144,9.62997658079625,9.99305555555556,998,9.68236472945892
854,144,9.62646370023419,9.99305555555556,998,9.67935871743487
852,146,9.61854460093897,9.99315068493151,998,9.67334669338677
855,143,9.62222222222222,9.99300699300699,998,9.67535070140281
856,142,9.63200934579439,9.99295774647887,998,9.68336673346693
865,134,9.62080924855491,9.99253731343284,999,9.67067067067067
863,133,9.63267670915411,9.99248120300752,996,9.68072289156627
868,131,9.62327188940092,9.99236641221374,999,9.67167167167167
869,129,9.62370540851554,9.9922480620155,998,9.67134268537074
861,136,9.62833914053426,9.99264705882353,997,9.67803410230692
862,136,9.62993039443155,9.99264705882353,998,9.67935871743487
859,137,9.63329452852154,9.98540145985401,996,9.68172690763052
866,133,9.62240184757506,9.98496240601504,999,9.67067067067067
872,127,9.63646788990826,9.98425196850394,999,9.68068068068068
877,122,9.63055872291904,9.97540983606557,999,9.67267267267267
871,126,9.62686567164179,9.97619047619048,997,9.67101303911735
871,126,9.63719862227325,9.97619047619048,997,9.68004012036108
874,125,9.63386727688787,9.968,999,9.67567567567568
873,125,9.63802978235968,9.968,998,9.67935871743487
882,117,9.63492063492063,9.97435897435897,999,9.67467467467467
878,121,9.62756264236902,9.96694214876033,999,9.66866866866867
873,125,9.64375715922108,9.968,998,9.68436873747495
876,122,9.64840182648402,9.97540983606557,998,9.68837675350701
879,120,9.65073947667804,9.975,999,9.68968968968969
874,123,9.64759725400458,9.97560975609756,997,9.68806419257773
881,118,9.65380249716232,9.97457627118644,999,9.69169169169169
882,116,9.65986394557823,9.97413793103448,998,9.69639278557114
884,115,9.67081447963801,9.97391304347826,999,9.70570570570571
878,120,9.6753986332574,9.975,998,9.71142284569138
880,119,9.68068181818182,9.98319327731092,999,9.71671671671672
869,128,9.66743383199079,9.984375,997,9.70812437311936
867,131,9.66782006920415,9.98473282442748,998,9.70941883767535
862,136,9.67633410672854,9.98529411764706,998,9.71843687374749
860,137,9.68139534883721,9.98540145985401,997,9.72316950852558
859,139,9.68684516880093,9.98561151079137,998,9.72845691382765
859,138,9.68218859138533,9.98550724637681,997,9.72417251755266
868,131,9.68663594470046,9.99236641221374,999,9.72672672672673
868,131,9.69239631336406,9.99236641221374,999,9.73173173173173
877,122,9.69327251995439,9.99180327868852,999,9.72972972972973
875,123,9.70857142857143,9.98373983739837,998,9.74248496993988
880,119,9.70681818181818,9.98319327731092,999,9.73973973973974
890,109,9.71460674157303,9.98165137614679,999,9.74374374374374
880,117,9.72272727272727,9.97435897435897,997,9.75225677031093
883,115,9.73159682899207,9.97391304347826,998,9.75951903807615
881,118,9.7377979568672,9.97457627118644,999,9.76576576576577
877,121,9.73432155074116,9.96694214876033,998,9.7625250501002
883,115,9.74971687429219,9.96521739130435,998,9.77454909819639
875,122,9.74971428571429,9.9672131147541,997,9.77632898696088
882,116,9.73242630385488,9.95689655172414,998,9.75851703406814
875,124,9.736,9.95967741935484,999,9.76376376376376
880,119,9.72954545454546,9.95798319327731,999,9.75675675675676
873,126,9.72852233676976,9.95238095238095,999,9.75675675675676
870,129,9.72988505747126,9.95348837209302,999,9.75875875875876
876,123,9.71689497716895,9.95121951219512,999,9.74574574574575
875,122,9.712,9.95081967213115,997,9.74122367101304
879,119,9.7098976109215,9.95798319327731,998,9.73947895791583
884,115,9.710407239819,9.98260869565217,999,9.74174174174174
885,113,9.70734463276836,9.98230088495575,998,9.73847695390782
887,112,9.70011273957159,9.98214285714286,999,9.73173173173173
888,111,9.70382882882883,9.98198198198198,999,9.73473473473473
884,113,9.70022624434389,9.98230088495575,997,9.73219658976931
887,112,9.70687711386697,9.98214285714286,999,9.73773773773774
882,117,9.70068027210884,9.98290598290598,999,9.73373373373373
881,117,9.70261066969353,9.98290598290598,998,9.73547094188377
880,118,9.69431818181818,9.99152542372881,998,9.72945891783567
882,117,9.70294784580499,9.98290598290598,999,9.73573573573574
875,124,9.70057142857143,9.98387096774194,999,9.73573573573574
872,127,9.69036697247706,10.0,999,9.72972972972973
873,126,9.69072164948454,10.0,999,9.72972972972973
868,131,9.6705069124424,10.0,999,9.71371371371371
870,128,9.67241379310345,10.0,998,9.71442885771543
871,127,9.68197474167623,10.0,998,9.72244488977956
871,128,9.67853042479908,10.0,999,9.71971971971972
869,129,9.6789413118527,10.0,998,9.72044088176353
864,135,9.67476851851852,10.0,999,9.71871871871872
863,135,9.67439165701043,10.0,998,9.71843687374749
865,133,9.67167630057804,10.0,998,9.71543086172345
873,126,9.66323024054983,10.0,999,9.70570570570571
871,128,9.66475315729047,10.0,999,9.70770770770771
873,124,9.65864833906071,10.0,997,9.70110330992979
881,118,9.66401816118048,10.0,999,9.7037037037037
886,110,9.66704288939052,10.0,996,9.70381526104418
893,106,9.66517357222844,10.0,999,9.7007007007007
899,100,9.66073414905451,10.0,999,9.69469469469469
903,96,9.65891472868217,10.0,999,9.69169169169169
905,94,9.65414364640884,10.0,999,9.68668668668669
904,93,9.66814159292035,10.0,997,9.69909729187563
904,91,9.66924778761062,10.0,995,9.69949748743719
904,95,9.66482300884956,10.0,999,9.6966966966967
900,98,9.66888888888889,10.0,998,9.70140280561122
893,106,9.66181410974244,10.0,999,9.6976976976977
888,109,9.65202702702703,10.0,997,9.6900702106319
886,113,9.64446952595937,10.0,999,9.68468468468468
893,105,9.64165733482643,10.0,998,9.67935871743487
888,110,9.63400900900901,10.0,998,9.67434869739479
885,112,9.63728813559322,10.0,997,9.67803410230692
882,116,9.640589569161,10.0,998,9.68236472945892
879,120,9.64277588168373,10.0,999,9.68568568568569
880,119,9.64204545454546,10.0,999,9.68468468468468
873,126,9.64032073310424,10.0,999,9.68568568568569
876,122,9.64611872146119,10.0,998,9.68937875751503
880,119,9.64659090909091,10.0,999,9.68868868868869
874,123,9.64530892448513,10.0,997,9.68906720160481
877,122,9.66134549600912,10.0,999,9.7027027027027
872,123,9.66169724770642,10.0,995,9.7035175879397
868,130,9.66359447004608,10.0,998,9.70741482965932
865,134,9.65895953757225,10.0,999,9.7047047047047
867,132,9.65167243367935,10.0,999,9.6976976976977
867,132,9.65974625144175,10.0,999,9.7047047047047
866,131,9.65704387990762,10.0,997,9.70210631895687
870,128,9.64827586206897,10.0,998,9.69338677354709
871,128,9.67278989667049,10.0,999,9.71471471471471
874,125,9.66475972540046,10.0,999,9.70670670670671
866,131,9.67551963048499,10.0,997,9.71815446339017
861,138,9.6794425087108,10.0,999,9.72372372372372
863,134,9.66396292004635,10.0,997,9.70912738214644
863,136,9.66859791425261,10.0,999,9.71371371371371
872,127,9.66399082568807,10.0,999,9.70670670670671
870,128,9.6632183908046,10.0,998,9.7064128256513
866,133,9.66974595842956,10.0,999,9.71371371371371
868,130,9.66589861751152,10.0,998,9.70941883767535
861,136,9.67131242740999,10.0,997,9.71614844533601
863,136,9.67670915411356,10.0,999,9.72072072072072
855,143,9.67368421052632,10.0,998,9.72044088176353
852,146,9.67723004694836,10.0,998,9.72444889779559
850,147,9.67882352941177,10.0,997,9.72617853560682
846,152,9.67612293144208,10.0,998,9.72545090180361
855,143,9.66315789473684,10.0,998,9.71142284569138
852,147,9.66431924882629,10.0,999,9.71371371371371
848,150,9.67452830188679,10.0,998,9.72344689378757
856,143,9.67406542056075,10.0,999,9.72072072072072
860,139,9.66860465116279,10.0,999,9.71471471471471
864,134,9.68518518518519,10.0,998,9.72745490981964
862,135,9.69489559164733,10.0,997,9.73620862587763
864,135,9.69328703703704,10.0,999,9.73473473473473
866,132,9.6824480369515,10.0,998,9.72444889779559
869,130,9.67663981588032,10.0,999,9.71871871871872
874,125,9.68077803203661,10.0,999,9.72072072072072
867,130,9.66551326412918,10.0,997,9.70912738214644
866,133,9.68475750577367,10.0,999,9.72672672672673
866,133,9.70323325635104,10.0,999,9.74274274274274
864,134,9.70949074074074,10.0,998,9.74849699398798
858,138,9.71794871794872,10.0,996,9.7570281124498
859,140,9.69732246798603,10.0,999,9.73973973973974
856,139,9.69509345794392,10.0,995,9.73768844221106
860,139,9.72093023255814,10.0,999,9.75975975975976
864,132,9.71180555555556,10.0,996,9.75
864,135,9.72916666666667,10.0,999,9.76576576576577
865,133,9.73063583815029,10.0,998,9.76653306613226
867,131,9.73010380622837,10.0,998,9.76553106212425
864,135,9.72800925925926,10.0,999,9.76476476476476
871,127,9.72215843857635,10.0,998,9.75751503006012
867,131,9.72549019607843,10.0,998,9.76152304609218
864,133,9.71527777777778,10.0,997,9.75325977933801
870,129,9.7,10.0,999,9.73873873873874
865,134,9.69595375722543,10.0,999,9.73673673673674
867,129,9.69780853517878,10.0,996,9.73694779116466
864,134,9.70717592592593,10.0,998,9.74649298597194
861,138,9.7061556329849,10.0,999,9.74674674674675
851,148,9.70152761457109,10.0,999,9.74574574574575
851,148,9.7027027027027,10.0,999,9.74674674674675
850,149,9.68470588235294,10.0,999,9.73173173173173
837,160,9.68817204301075,10.0,997,9.7382146439318
838,161,9.71002386634845,10.0,999,9.75675675675676
823,176,9.69623329283111,10.0,999,9.74974974974975
827,172,9.70253929866989,10.0,999,9.75375375375375
822,177,9.68369829683698,10.0,999,9.73973973973974
822,177,9.68248175182482,10.0,999,9.73873873873874
828,171,9.67753623188406,10.0,999,9.73273273273273
826,173,9.67675544794189,10.0,999,9.73273273273273
827,171,9.68923821039903,10.0,998,9.74248496993988
823,174,9.67922235722965,10.0,997,9.73520561685055
828,168,9.67632850241546,10.0,996,9.73092369477912
829,169,9.6670687575392,10.0,998,9.72344689378757
831,168,9.65703971119134,10.0,999,9.71471471471471
831,168,9.65583634175692,10.0,999,9.71371371371371
831,168,9.661853188929,10.0,999,9.71871871871872
835,164,9.65988023952096,10.0,999,9.71571571571572
827,172,9.66263603385732,10.0,999,9.72072072072072
835,164,9.67065868263473,10.0,999,9.72472472472472
831,166,9.66787003610108,10.0,997,9.72316950852558
833,165,9.68547418967587,10.0,998,9.7374749498998
835,163,9.67425149700599,10.0,998,9.72745490981964
834,164,9.69304556354916,10.0,998,9.7434869739479
829,169,9.68516284680338,10.0,998,9.73847695390782
823,174,9.68529769137302,10.0,997,9.74022066198596
818,180,9.68826405867971,10.0,998,9.74448897795591
817,182,9.68543451652387,10.0,999,9.74274274274274
819,179,9.6996336996337,10.0,998,9.75350701402806
817,182,9.70746634026928,10.0,999,9.76076076076076
820,177,9.7,10.0,997,9.75325977933801
829,169,9.69481302774427,10.0,998,9.74649298597194
827,171,9.69044740024184,10.0,998,9.7434869739479
827,171,9.69649334945587,10.0,998,9.74849699398798
831,165,9.71239470517449,10.0,996,9.76004016064257
843,155,9.71174377224199,10.0,998,9.7565130260521
843,156,9.72241992882562,10.0,999,9.76576576576577
840,157,9.71904761904762,10.0,997,9.76328986960883
847,152,9.71782762691854,10.0,999,9.76076076076076
850,149,9.73176470588235,10.0,999,9.77177177177177
847,152,9.73789846517119,10.0,999,9.77777777777778
843,156,9.74139976275208,10.0,999,9.78178178178178
850,147,9.73411764705882,10.0,997,9.77331995987964
850,149,9.73176470588235,10.0,999,9.77177177177177
850,149,9.74117647058823,10.0,999,9.77977977977978
852,146,9.74765258215962,10.0,998,9.78456913827655
847,151,9.76151121605667,10.0,998,9.79759519038076
851,148,9.76263219741481,10.0,999,9.7977977977978
853,146,9.75849941383353,10.0,999,9.79379379379379
853,145,9.75967174677608,10.0,998,9.79458917835671
856,143,9.77453271028037,10.0,999,9.80680680680681
856,143,9.78971962616822,10.0,999,9.81981981981982
862,137,9.7830626450116,10.0,999,9.81281281281281
868,131,9.77995391705069,10.0,999,9.80880880880881
862,136,9.78190255220418,10.0,998,9.81162324649299
865,134,9.77919075144509,10.0,999,9.80880880880881
859,139,9.78230500582072,10.0,998,9.812625250501
870,129,9.77931034482759,10.0,999,9.80780780780781
865,133,9.79075144508671,10.0,998,9.8186372745491
864,134,9.78935185185185,10.0,998,9.81763527054108
876,123,9.79109589041096,10.0,999,9.81681681681682
874,125,9.79633867276888,10.0,999,9.82182182182182
881,118,9.78774120317821,10.0,999,9.81281281281281
873,125,9.79381443298969,10.0,998,9.81963927855711
875,124,9.79314285714286,10.0,999,9.81881881881882
868,131,9.79953917050691,10.0,999,9.82582582582583
865,133,9.80462427745665,10.0,998,9.83066132264529
861,138,9.80603948896632,10.0,999,9.83283283283283
867,132,9.80392156862745,10.0,999,9.82982982982983
871,127,9.80711825487945,10.0,998,9.83166332665331
860,139,9.81046511627907,10.0,999,9.83683683683684
872,126,9.80848623853211,10.0,998,9.83266533066132
875,123,9.81828571428571,10.0,998,9.84068136272545
875,124,9.81485714285714,10.0,999,9.83783783783784
870,129,9.81954022988506,10.0,999,9.84284284284284
867,131,9.81545559400231,10.0,998,9.83967935871743
874,125,9.81693363844394,10.0,999,9.83983983983984
875,124,9.81371428571429,10.0,999,9.83683683683684
874,124,9.80892448512586,10.0,998,9.83266533066132
875,124,9.816,10.0,999,9.83883883883884
882,116,9.81065759637188,10.0,998,9.83266533066132
887,112,9.8173618940248,10.0,999,9.83783783783784
891,108,9.80808080808081,10.0,999,9.82882882882883
892,106,9.80941704035874,10.0,998,9.82965931863727
892,107,9.80269058295964,10.0,999,9.82382382382382
889,110,9.79302587176603,10.0,999,9.81581581581582
889,108,9.79865016872891,10.0,997,9.82046138415246
888,110,9.8018018018018,10.0,998,9.82364729458918
890,109,9.79887640449438,10.0,999,9.82082082082082
885,111,9.80564971751412,10.0,996,9.82730923694779
891,107,9.80022446689113,10.0,998,9.82164328657315
892,107,9.80044843049327,10.0,999,9.82182182182182
892,106,9.80044843049327,10.0,998,9.82164328657315
890,108,9.80112359550562,10.0,998,9.82264529058116
887,112,9.80834272829763,10.0,999,9.82982982982983
888,110,9.80743243243243,10.0,998,9.82865731462926
892,107,9.80381165919282,10.0,999,9.82482482482482
892,107,9.79372197309417,10.0,999,9.81581581581582
889,110,9.78402699662542,10.0,999,9.80780780780781
887,112,9.7880496054115,10.0,999,9.81181181181181
886,113,9.78781038374718,10.0,999,9.81181181181181
884,115,9.77488687782805,10.0,999,9.8008008008008
884,115,9.77262443438914,10.0,999,9.7987987987988
883,115,9.77916194790487,10.0,998,9.80460921843687
885,113,9.77627118644068,10.0,998,9.80160320641283
888,111,9.77027027027027,10.0,999,9.7957957957958
888,110,9.77927927927928,10.0,998,9.80360721442886
887,112,9.78015783540023,10.0,999,9.8048048048048
889,110,9.785151856018,10.0,999,9.80880880880881
889,110,9.78177727784027,10.0,999,9.80580580580581
891,107,9.79012345679012,10.0,998,9.812625250501
893,106,9.78611422172452,10.0,999,9.80880880880881
896,103,9.79241071428571,10.0,999,9.81381381381381
896,101,9.796875,10.0,997,9.81745235707121
896,101,9.79910714285714,10.0,997,9.81945837512538
905,93,9.79558011049724,10.0,998,9.81462925851703
912,87,9.79495614035088,10.0,999,9.81281281281281
907,92,9.79603087100331,10.0,999,9.81481481481481
910,89,9.79010989010989,10.0,999,9.80880880880881
915,83,9.79453551912568,10.0,998,9.81162324649299
915,83,9.79016393442623,10.0,998,9.80761523046092
914,85,9.78665207877462,10.0,999,9.8048048048048
909,88,9.78217821782178,10.0,997,9.80140421263791
920,79,9.7804347826087,10.0,999,9.7977977977978
911,87,9.78265642151482,10.0,998,9.80160320641283
914,85,9.78118161925602,10.0,999,9.7997997997998
916,83,9.77729257641921,10.0,999,9.7957957957958
917,82,9.78516902944384,10.0,999,9.8028028028028
917,81,9.7928026172301,10.0,998,9.80961923847695
917,82,9.7928026172301,10.0,999,9.80980980980981
927,70,9.7950377562028,10.0,997,9.80942828485456
928,71,9.79633620689655,10.0,999,9.81081081081081
924,75,9.8030303030303,10.0,999,9.81781781781782
925,74,9.79567567567568,10.0,999,9.81081081081081
922,77,9.79934924078091,10.0,999,9.81481481481481
923,74,9.80715059588299,10.0,997,9.82146439317954
919,80,9.81828073993471,10.0,999,9.83283283283283
918,81,9.81481481481481,10.0,999,9.82982982982983
919,79,9.79651795429815,10.0,998,9.812625250501
921,78,9.80781758957655,10.0,999,9.82282282282282
921,76,9.80890336590662,10.0,997,9.8234704112337
922,76,9.8058568329718,10.0,998,9.82064128256513
923,75,9.8104008667389,10.0,998,9.82464929859719
921,78,9.80347448425624,10.0,999,9.81881881881882
920,78,9.79239130434783,10.0,998,9.80861723446894
919,80,9.79107725788901,10.0,999,9.80780780780781
918,79,9.78104575163399,10.0,997,9.79839518555667
914,83,9.76695842450766,10.0,997,9.7863590772317
915,84,9.7672131147541,10.0,999,9.78678678678679
912,87,9.76973684210526,10.0,999,9.78978978978979
914,84,9.78227571115974,10.0,998,9.80060120240481
913,85,9.77437020810515,10.0,998,9.7935871743487
912,87,9.77631578947368,10.0,999,9.7957957957958
914,85,9.78665207877462,10.0,999,9.8048048048048
905,93,9.77790055248619,10.0,998,9.79859719438878
904,94,9.78982300884956,10.0,998,9.80961923847695
899,98,9.80088987764182,10.0,997,9.82046138415246
898,100,9.80512249443207,10.0,998,9.82464929859719
902,96,9.81042128603104,10.0,998,9.82865731462926
895,102,9.80670391061452,10.0,997,9.82647943831494
899,100,9.80645161290323,10.0,999,9.82582582582583
896,102,9.81138392857143,10.0,998,9.83066132264529
901,98,9.8157602663707,10.0,999,9.83383383383383
900,99,9.80666666666667,10.0,999,9.82582582582583
899,100,9.80867630700779,10.0,999,9.82782782782783
898,101,9.80846325167038,10.0,999,9.82782782782783
893,104,9.8006718924972,10.0,997,9.82146439317954
892,106,9.79372197309417,10.0,998,9.81563126252505
894,104,9.79082774049217,10.0,998,9.812625250501
896,103,9.78683035714286,10.0,999,9.80880880880881
897,102,9.78929765886288,10.0,999,9.81081081081081
900,98,9.78666666666667,10.0,998,9.80761523046092
902,97,9.78048780487805,10.0,999,9.8018018018018
908,90,9.77202643171806,10.0,998,9.79258517034068
905,91,9.76906077348066,10.0,996,9.79016064257028
913,86,9.7645125958379,10.0,999,9.78478478478478
911,86,9.78265642151482,10.0,997,9.80140421263791
911,87,9.77387486278814,10.0,998,9.7935871743487
911,87,9.78594950603732,10.0,998,9.80460921843687
914,85,9.78884026258206,10.0,999,9.80680680680681
911,87,9.794731064764,10.0,998,9.812625250501
909,90,9.7953795379538,10.0,999,9.81381381381381
911,88,9.80241492864983,10.0,999,9.81981981981982
908,90,9.80726872246696,10.0,998,9.82464929859719
908,91,9.80506607929515,10.0,999,9.82282282282282
907,92,9.80374862183021,10.0,999,9.82182182182182
906,93,9.81015452538631,10.0,999,9.82782782782783
907,92,9.82690187431091,10.0,999,9.84284284284284
902,97,9.82815964523282,10.0,999,9.84484484484484
903,96,9.82170542635659,10.0,999,9.83883883883884
902,95,9.82594235033259,10.0,997,9.84252758274824
906,92,9.83002207505519,10.0,998,9.84569138276553
905,93,9.83093922651934,10.0,998,9.84669338677355
902,95,9.84035476718404,10.0,997,9.8555667001003
903,96,9.84385382059801,10.0,999,9.85885885885886
905,91,9.83646408839779,10.0,996,9.85140562248996
909,90,9.84818481848185,10.0,999,9.86186186186186
912,87,9.85197368421053,10.0,999,9.86486486486486
913,85,9.84884994523549,10.0,998,9.86172344689379
918,81,9.85511982570806,10.0,999,9.86686686686687
917,81,9.85387131952017,10.0,998,9.86573146292585
919,80,9.86180631120783,10.0,999,9.87287287287287
921,77,9.86210640608035,10.0,998,9.87274549098196
924,74,9.8517316017316,10.0,998,9.8627254509018
921,78,9.85016286644951,10.0,999,9.86186186186186
922,77,9.8470715835141,10.0,999,9.85885885885886
921,78,9.84690553745928,10.0,999,9.85885885885886
922,77,9.84273318872017,10.0,999,9.85485485485485
922,77,9.84273318872017,10.0,999,9.85485485485485
922,76,9.83839479392625,10.0,998,9.85070140280561
924,74,9.84523809523809,10.0,998,9.85671342685371
920,77,9.83478260869565,10.0,997,9.84754262788365
919,80,9.83133841131665,10.0,999,9.84484484484484
918,81,9.82897603485839,10.0,999,9.84284284284284
918,80,9.82897603485839,10.0,998,9.84268537074148
914,83,9.82932166301969,10.0,997,9.84353059177533
917,81,9.83315158124318,10.0,998,9.84669338677355
916,83,9.8438864628821,10.0,999,9.85685685685686
910,88,9.83956043956044,10.0,998,9.85370741482966
910,89,9.84395604395604,10.0,999,9.85785785785786
910,89,9.83956043956044,10.0,999,9.85385385385385
911,88,9.84083424807903,10.0,999,9.85485485485485
911,87,9.85400658616905,10.0,998,9.86673346693387
912,87,9.84868421052632,10.0,999,9.86186186186186
912,84,9.85526315789474,10.0,996,9.86746987951807
910,87,9.85384615384615,10.0,997,9.86659979939819
910,88,9.84835164835165,10.0,998,9.86172344689379
913,85,9.85104052573932,10.0,998,9.86372745490982
914,84,9.84792122538293,10.0,998,9.86072144288577
914,84,9.84463894967177,10.0,998,9.85771543086172
915,82,9.84590163934426,10.0,997,9.85857572718155
919,78,9.84439608269859,10.0,997,9.85656970912738
917,81,9.84732824427481,10.0,998,9.85971943887776
920,78,9.83804347826087,10.0,998,9.85070140280561
924,74,9.83008658008658,10.0,998,9.84268537074148
926,73,9.83261339092873,10.0,999,9.84484484484484
927,72,9.82308522114347,10.0,999,9.83583583583584
924,75,9.82251082251082,10.0,999,9.83583583583584
924,75,9.82575757575758,10.0,999,9.83883883883884
928,71,9.81573275862069,10.0,999,9.82882882882883
925,74,9.82054054054054,10.0,999,9.83383383383383
928,70,9.81573275862069,10.0,998,9.82865731462926
929,66,9.81054897739505,10.0,995,9.82311557788945
933,66,9.80814576634512,10.0,999,9.82082082082082
934,65,9.80728051391863,10.0,999,9.81981981981982
927,71,9.80798274002158,10.0,998,9.82164328657315
931,68,9.8077336197637,10.0,999,9.82082082082082
930,68,9.81612903225806,10.0,998,9.82865731462926
934,64,9.82012847965739,10.0,998,9.83166332665331
936,63,9.8258547008547,10.0,999,9.83683683683684
938,59,9.80810234541578,10.0,997,9.81945837512538
942,57,9.81210191082802,10.0,999,9.82282282282282
940,58,9.82127659574468,10.0,998,9.83166332665331
942,56,9.82271762208068,10.0,998,9.83266533066132
942,57,9.8312101910828,10.0,999,9.84084084084084
938,60,9.83155650319829,10.0,998,9.84168336673347
941,58,9.83315621679065,10.0,999,9.84284284284284
938,61,9.82515991471215,10.0,999,9.83583583583584
949,50,9.83245521601686,10.0,999,9.84084084084084
948,50,9.82594936708861,10.0,998,9.83466933867735
946,51,9.83615221987315,10.0,997,9.84453360080241
952,46,9.83298319327731,10.0,998,9.84068136272545
951,48,9.83491062039958,10.0,999,9.84284284284284
950,49,9.8421052631579,10.0,999,9.84984984984985
949,49,9.84510010537408,10.0,998,9.85270541082164
949,49,9.8377239199157,10.0,998,9.84569138276553
950,47,9.83368421052632,10.0,997,9.84152457372116
949,49,9.83667017913593,10.0,998,9.84468937875751
950,49,9.83894736842105,10.0,999,9.84684684684685
952,47,9.83718487394958,10.0,999,9.84484484484484
952,45,9.84138655462185,10.0,997,9.84854563691073
954,44,9.84276729559748,10.0,998,9.8496993987976
956,43,9.83577405857741,10.0,999,9.84284284284284
959,40,9.84358706986444,10.0,999,9.84984984984985
959,40,9.83315954118874,10.0,999,9.83983983983984
962,36,9.83991683991684,10.0,998,9.84569138276553
962,36,9.85031185031185,10.0,998,9.85571142284569
964,35,9.85373443983402,10.0,999,9.85885885885886
962,35,9.86070686070686,10.0,997,9.86559679037111
964,34,9.85269709543569,10.0,998,9.85771543086172
967,32,9.85005170630817,10.0,999,9.85485485485485
965,34,9.83937823834197,10.0,999,9.84484484484484
965,34,9.82901554404145,10.0,999,9.83483483483483
965,34,9.83212435233161,10.0,999,9.83783783783784
961,38,9.83142559833507,10.0,999,9.83783783783784
959,40,9.82794577685089,10.0,999,9.83483483483483
955,43,9.82408376963351,10.0,998,9.83166332665331
957,42,9.81295715778474,10.0,999,9.82082082082082
954,44,9.81446540880503,10.0,998,9.82264529058116
952,45,9.81197478991597,10.0,997,9.82046138415246
948,49,9.81751054852321,10.0,997,9.82647943831494
951,48,9.82334384858044,10.0,999,9.83183183183183
951,48,9.82229232386961,10.0,999,9.83083083083083
950,47,9.82105263157895,10.0,997,9.82948846539619
954,45,9.81551362683438,10.0,999,9.82382382382382
948,50,9.81962025316456,10.0,998,9.82865731462926
950,49,9.82210526315789,10.0,999,9.83083083083083
948,51,9.83016877637131,10.0,999,9.83883883883884
951,48,9.81703470031546,10.0,999,9.82582582582583
950,49,9.82,10.0,999,9.82882882882883
948,50,9.82278481012658,10.0,998,9.83166332665331
946,52,9.81818181818182,10.0,998,9.82765531062124
944,55,9.81885593220339,10.0,999,9.82882882882883
946,53,9.82346723044397,10.0,999,9.83283283283283
945,54,9.82645502645503,10.0,999,9.83583583583584
942,55,9.82696390658174,10.0,997,9.83650952858576
940,58,9.82553191489362,10.0,998,9.83567134268537
942,57,9.83227176220807,10.0,999,9.84184184184184
948,51,9.82489451476793,10.0,999,9.83383383383383
945,54,9.83280423280423,10.0,999,9.84184184184184
946,53,9.8446088794926,10.0,999,9.85285285285285
948,51,9.85021097046413,10.0,999,9.85785785785786
951,48,9.85594111461619,10.0,999,9.86286286286286
948,49,9.85548523206751,10.0,997,9.86258776328987
947,52,9.86166842661035,10.0,999,9.86886886886887
950,49,9.85473684210526,10.0,999,9.86186186186186
949,50,9.84826132771338,10.0,999,9.85585585585586
950,49,9.84842105263158,10.0,999,9.85585585585586
951,46,9.85068349106204,10.0,997,9.85757271815446
952,46,9.85084033613445,10.0,998,9.85771543086172
953,46,9.84155299055614,10.0,999,9.84884884884885
951,48,9.84332281808623,10.0,999,9.85085085085085
952,47,9.83718487394958,10.0,999,9.84484484484484
952,47,9.84033613445378,10.0,999,9.84784784784785
952,47,9.83718487394958,10.0,999,9.84484484484484
954,45,9.83647798742138,10.0,999,9.84384384384384
952,46,9.83823529411765,10.0,998,9.84569138276553
952,46,9.84453781512605,10.0,998,9.85170340681363
955,43,9.84397905759162,10.0,998,9.85070140280561
954,44,9.84800838574423,10.0,998,9.85470941883768
954,42,9.84276729559748,10.0,996,9.84939759036145
954,44,9.84800838574423,10.0,998,9.85470941883768
953,45,9.8488982161595,10.0,998,9.85571142284569
949,49,9.84931506849315,10.0,998,9.85671342685371
951,48,9.85173501577287,10.0,999,9.85885885885886
946,52,9.85517970401691,10.0,998,9.8627254509018
948,51,9.86286919831224,10.0,999,9.86986986986987
949,49,9.86301369863014,10.0,998,9.86973947895792
953,46,9.86358866736621,10.0,999,9.86986986986987
953,43,9.8688352570829,10.0,996,9.87449799196787
951,47,9.87486855941115,10.0,998,9.88076152304609
956,42,9.8744769874477,10.0,998,9.87975951903808
955,43,9.87225130890052,10.0,998,9.87775551102204
956,43,9.87970711297071,10.0,999,9.88488488488488
957,41,9.87878787878788,10.0,998,9.88376753507014
959,39,9.88216892596455,10.0,998,9.88677354709419
961,36,9.8792924037461,10.0,997,9.88365095285858
963,35,9.88265835929387,10.0,998,9.88677354709419
964,34,9.89107883817427,10.0,998,9.89478957915832
969,30,9.88957688338493,10.0,999,9.89289289289289
969,29,9.89267285861713,10.0,998,9.89579158316633
970,29,9.88659793814433,10.0,999,9.88988988988989
969,30,9.89164086687306,10.0,999,9.89489489489489
965,32,9.89119170984456,10.0,997,9.89468405215647
968,31,9.88739669421488,10.0,999,9.89089089089089
969,30,9.88648090815273,10.0,999,9.88988988988989
965,33,9.88290155440414,10.0,998,9.88677354709419
965,32,9.88497409326425,10.0,997,9.88866599799398
967,32,9.87900723888314,10.0,999,9.88288288288288
969,29,9.87719298245614,10.0,998,9.88076152304609
967,31,9.88107549120993,10.0,998,9.88476953907816
968,31,9.87913223140496,10.0,999,9.88288288288288
968,30,9.88223140495868,10.0,998,9.88577154308617
969,30,9.88338493292054,10.0,999,9.88688688688689
969,30,9.89164086687306,10.0,999,9.89489489489489
965,32,9.89015544041451,10.0,997,9.89368104312939
969,30,9.88957688338493,10.0,999,9.89289289289289
967,32,9.89245087900724,10.0,999,9.8958958958959
964,33,9.88900414937759,10.0,997,9.89267803410231
968,31,9.88842975206612,10.0,999,9.89189189189189
970,29,9.88453608247423,10.0,999,9.88788788788789
968,31,9.88223140495868,10.0,999,9.88588588588589
971,27,9.88156539649846,10.0,998,9.88476953907816
972,26,9.87860082304527,10.0,998,9.88176352705411
970,29,9.88350515463918,10.0,999,9.88688688688689
975,24,9.88,10.0,999,9.88288288288288
976,23,9.87704918032787,10.0,999,9.87987987987988
978,21,9.88548057259714,10.0,999,9.88788788788789
982,15,9.88798370672098,10.0,997,9.88966900702106
984,15,9.88313008130081,10.0,999,9.88488488488488
983,15,9.88402848423194,10.0,998,9.88577154308617
984,15,9.89126016260163,10.0,999,9.89289289289289
984,14,9.88516260162602,10.0,998,9.88677354709419
983,15,9.89216683621567,10.0,998,9.8937875751503
983,14,9.8911495422177,10.0,997,9.89267803410231
984,15,9.89532520325203,10.0,999,9.8968968968969
986,12,9.89452332657201,10.0,998,9.89579158316633
985,14,9.89340101522843,10.0,999,9.89489489489489
985,13,9.89543147208122,10.0,998,9.89679358717435
984,15,9.88922764227642,10.0,999,9.89089089089089
980,17,9.89285714285714,10.0,997,9.89468405215647
982,17,9.89307535641548,10.0,999,9.89489489489489
980,19,9.89591836734694,10.0,999,9.8978978978979
982,17,9.88696537678208,10.0,999,9.88888888888889
985,14,9.88527918781726,10.0,999,9.88688688688689
984,15,9.88516260162602,10.0,999,9.88688688688689
983,16,9.88606307222787,10.0,999,9.88788788788789
983,15,9.88708036622584,10.0,998,9.88877755511022
983,16,9.89013224821974,10.0,999,9.89189189189189
983,15,9.88708036622584,10.0,998,9.88877755511022
984,15,9.88922764227642,10.0,999,9.89089089089089
984,14,9.89126016260163,10.0,998,9.89278557114229
988,10,9.89068825910931,10.0,998,9.89178356713427
990,9,9.89090909090909,10.0,999,9.89189189189189
990,8,9.89191919191919,10.0,998,9.89278557114229
994,5,9.89738430583501,10.0,999,9.8978978978979
995,4,9.89346733668342,10.0,999,9.89389389389389
994,4,9.89034205231388,10.0,998,9.89078156312625
994,3,9.88631790744467,10.0,997,9.88665997993982
996,3,9.8855421686747,10.0,999,9.88588588588589
997,2,9.8876629889669,10.0,999,9.88788788788789
997,2,9.88164493480441,10.0,999,9.88188188188188
997,2,9.87963891675025,10.0,999,9.87987987987988
996,2,9.88353413654619,10.0,998,9.88376753507014
997,2,9.88164493480441,10.0,999,9.88188188188188
998,1,9.87775551102204,10.0,999,9.87787787787788
997,1,9.88665997993982,10.0,998,9.88677354709419
