forward_num,reverse_num,forward_rate,reverse_rate,organism_num,organism_rate
500,500,5.5,5.5,1000,5.5
493,496,5.50507099391481,5.49395161290323,989,5.4994944388271
490,495,5.49591836734694,5.48888888888889,985,5.49238578680203
543,455,6.04788213627993,5.51428571428571,998,5.80460921843687
584,415,6.18664383561644,5.60481927710843,999,5.94494494494494
627,371,6.29665071770335,5.61455525606469,998,6.04308617234469
656,343,6.36280487804878,5.64139941690962,999,6.11511511511512
675,321,6.40148148148148,5.58878504672897,996,6.13955823293173
698,301,6.50429799426934,5.56478405315615,999,6.22122122122122
712,287,6.53651685393258,5.55749128919861,999,6.25525525525526
690,309,6.66231884057971,5.15210355987055,999,6.1951951951952
713,286,6.52454417952314,5.15384615384615,999,6.13213213213213
704,294,6.63494318181818,4.85374149659864,998,6.11022044088176
707,292,6.65205091937765,5.01369863013699,999,6.17317317317317
692,307,6.69219653179191,5.38762214983713,999,6.29129129129129
683,316,6.75256222547584,5.61708860759494,999,6.39339339339339
682,315,6.83724340175953,5.59365079365079,997,6.44433299899699
647,352,6.79752704791345,5.625,999,6.38438438438438
659,340,6.93474962063733,5.8,999,6.54854854854855
666,333,6.96396396396396,5.86486486486486,999,6.5975975975976
638,361,7.03448275862069,6.07202216066482,999,6.68668668668669
660,337,6.78636363636364,6.06528189910979,997,6.54262788365095
656,342,6.90548780487805,6.03508771929825,998,6.60721442885772
655,342,6.9587786259542,6.16081871345029,997,6.68505516549649
672,326,6.97023809523809,6.15337423312883,998,6.70340681362725
662,336,6.98640483383686,6.30357142857143,998,6.7565130260521
670,327,7.09402985074627,6.19877675840979,997,6.80040120361083
671,327,7.1043219076006,6.22324159021407,998,6.81563126252505
674,324,7.15578635014837,6.20679012345679,998,6.84769539078156
685,314,7.22773722627737,6.29936305732484,999,6.93593593593594
682,317,7.25953079178886,6.36908517350158,999,6.97697697697698
677,321,7.28508124076809,6.32398753894081,998,6.97595190380762
668,330,7.33083832335329,6.27272727272727,998,6.98096192384769
660,339,7.40454545454545,6.34218289085546,999,7.04404404404404
653,345,7.46401225114854,6.36811594202899,998,7.08517034068136
649,348,7.46995377503852,6.52873563218391,997,7.14142427281846
635,364,7.55905511811024,6.55494505494505,999,7.19319319319319
638,361,7.50940438871473,6.50969529085873,999,7.14814814814815
652,346,7.57515337423313,6.52601156069364,998,7.21142284569138
644,355,7.56366459627329,6.5943661971831,999,7.21921921921922
653,344,7.6156202143951,6.61627906976744,997,7.27081243731194
641,357,7.58814352574103,6.64425770308123,998,7.25050100200401
661,338,7.61875945537065,6.61538461538461,999,7.27927927927928
661,338,7.64145234493192,6.68343195266272,999,7.31731731731732
663,335,7.63650075414781,6.67462686567164,998,7.31362725450902
668,331,7.7065868263473,6.71601208459214,999,7.37837837837838
658,338,7.709726443769,6.69822485207101,996,7.36646586345381
656,343,7.70579268292683,6.70553935860058,999,7.36236236236236
661,337,7.72012102874433,6.71513353115727,998,7.38076152304609
654,344,7.74464831804281,6.73546511627907,998,7.39679358717435
663,335,7.73755656108597,6.77611940298507,998,7.41482965931864
670,327,7.78955223880597,6.80122324159021,997,7.4653961885657
668,331,7.74550898203593,6.8429003021148,999,7.44644644644645
658,340,7.81155015197568,6.8,998,7.46693386773547
664,335,7.82530120481928,6.91940298507463,999,7.52152152152152
674,325,7.86350148367953,6.98461538461538,999,7.57757757757758
667,332,7.86656671664168,7.03012048192771,999,7.58858858858859
669,329,7.9118086696562,6.98480243161094,998,7.6062124248497
661,336,7.86989409984871,6.98809523809524,997,7.57271815446339
649,350,7.84437596302003,6.93142857142857,999,7.52452452452452
651,347,7.90476190476191,6.87031700288184,998,7.54509018036072
640,359,7.8921875,6.92757660167131,999,7.54554554554555
645,354,7.85116279069767,6.93220338983051,999,7.52552552552553
642,357,7.91744548286604,6.96638655462185,999,7.57757757757758
639,359,7.88419405320814,6.89972144846797,998,7.53006012024048
647,352,7.89644513137558,6.92897727272727,999,7.55555555555556
646,353,7.94736842105263,6.95184135977337,999,7.5955955955956
649,350,7.95685670261941,7.00571428571429,999,7.62362362362362
645,353,7.9937984496124,7.01983002832861,998,7.64929859719439
653,345,8.052067381317,7.02898550724638,998,7.69839679358717
649,350,8.1402157164869,7.11714285714286,999,7.78178178178178
645,353,8.18914728682171,7.11614730878187,998,7.80961923847695
652,347,8.23926380368098,7.13256484149856,999,7.85485485485485
647,351,8.2967542503864,7.26210826210826,998,7.93286573146293
655,344,8.32977099236641,7.23255813953488,999,7.95195195195195
650,349,8.29076923076923,7.27793696275072,999,7.93693693693694
648,349,8.32098765432099,7.25787965616046,997,7.94884653961886
656,343,8.42378048780488,7.27696793002915,999,8.03003003003003
654,345,8.4434250764526,7.24347826086957,999,8.02902902902903
664,334,8.43072289156627,7.24251497005988,998,8.03306613226453
668,329,8.40868263473054,7.24012158054711,997,8.02306920762287
669,329,8.44095665171898,7.25531914893617,998,8.0501002004008
669,329,8.41704035874439,7.22492401215805,998,8.02404809619238
671,327,8.46497764530551,7.22324159021407,998,8.05811623246493
668,330,8.49850299401198,7.29393939393939,998,8.1002004008016
667,331,8.50674662668666,7.25075528700906,998,8.09018036072144
670,328,8.5134328358209,7.20121951219512,998,8.08216432865732
661,338,8.53857791225416,7.20710059171598,999,8.08808808808809
662,336,8.55135951661631,7.23214285714286,998,8.10721442885771
666,332,8.57357357357357,7.21385542168675,998,8.12124248496994
663,335,8.6184012066365,7.21791044776119,998,8.14829659318637
669,329,8.61883408071749,7.27659574468085,998,8.17635270541082
680,319,8.65,7.23510971786834,999,8.1981981981982
674,324,8.63946587537092,7.22222222222222,998,8.17935871743487
685,314,8.64817518248175,7.26433121019108,999,8.21321321321321
688,309,8.64244186046512,7.30744336569579,997,8.22868605817452
682,316,8.65542521994135,7.30379746835443,998,8.22745490981964
686,313,8.67492711370262,7.29712460063898,999,8.24324324324324
684,315,8.64766081871345,7.34920634920635,999,8.23823823823824
680,319,8.66911764705882,7.41692789968652,999,8.26926926926927
677,322,8.67208271787297,7.38819875776398,999,8.25825825825826
674,324,8.63204747774481,7.40740740740741,998,8.23446893787575
681,317,8.61086637298091,7.42902208201893,998,8.23547094188377
684,314,8.61111111111111,7.50636942675159,998,8.26352705410822
681,318,8.60352422907489,7.5251572327044,999,8.26026026026026
683,315,8.61346998535871,7.51428571428571,998,8.26653306613226
692,307,8.60260115606936,7.49185667752443,999,8.26126126126126
689,308,8.5878084179971,7.55194805194805,997,8.26780341023069
696,301,8.56609195402299,7.5514950166113,997,8.25977933801404
696,302,8.59051724137931,7.55629139072848,998,8.27755511022044
696,302,8.60632183908046,7.56622516556291,998,8.29158316633267
701,298,8.60627674750357,7.63087248322148,999,8.31531531531532
698,301,8.61604584527221,7.64784053156146,999,8.32432432432432
685,313,8.64671532846715,7.62300319488818,998,8.32565130260521
690,309,8.67971014492754,7.70226537216829,999,8.37737737737738
693,306,8.67388167388167,7.76470588235294,999,8.3953953953954
686,312,8.68513119533528,7.75,998,8.39278557114229
693,304,8.67388167388167,7.79276315789474,997,8.40521564694082
695,304,8.70647482014389,7.875,999,8.45345345345345
695,304,8.70071942446043,7.83552631578947,999,8.43743743743744
695,304,8.71079136690648,7.88815789473684,999,8.46046046046046
703,296,8.70839260312944,7.92905405405405,999,8.47747747747748
700,297,8.66571428571429,7.94612794612795,997,8.45135406218656
705,293,8.62836879432624,7.9419795221843,998,8.42685370741483
710,288,8.65915492957746,7.98263888888889,998,8.46392785571142
707,291,8.63649222065064,7.99656357388316,998,8.4498997995992
714,284,8.64005602240896,7.97887323943662,998,8.45190380761523
713,286,8.63534361851332,8.02447552447553,999,8.46046046046046
711,286,8.64135021097046,8.05244755244755,997,8.47241725175527
711,288,8.63291139240506,8.07986111111111,999,8.47347347347347
713,286,8.6507713884993,8.06293706293706,999,8.48248248248248
708,291,8.67514124293785,8.04123711340206,999,8.49049049049049
708,290,8.65112994350283,8.07241379310345,998,8.48296593186373
718,280,8.65181058495822,8.06071428571429,998,8.48597194388778
712,287,8.67415730337079,8.15331010452962,999,8.52452452452452
708,290,8.66949152542373,8.15862068965517,998,8.52104208416834
702,294,8.70797720797721,8.20748299319728,996,8.56024096385542
703,295,8.69701280227596,8.21694915254237,998,8.55511022044088
701,297,8.70756062767475,8.23569023569024,998,8.56713426853707
695,304,8.7410071942446,8.27302631578947,999,8.5985985985986
700,299,8.73428571428571,8.2809364548495,999,8.5985985985986
699,300,8.68669527896996,8.25666666666667,999,8.55755755755756
703,295,8.70981507823613,8.26440677966102,998,8.57815631262525
711,287,8.67510548523207,8.29965156794425,998,8.56713426853707
714,285,8.68767507002801,8.31929824561404,999,8.58258258258258
713,284,8.67180925666199,8.28169014084507,997,8.56068204613842
724,275,8.70303867403315,8.32727272727273,999,8.5995995995996
725,274,8.67586206896552,8.31386861313869,999,8.57657657657658
725,274,8.69241379310345,8.37591240875912,999,8.60560560560561
728,271,8.66620879120879,8.39852398523985,999,8.59359359359359
737,262,8.69606512890095,8.45419847328244,999,8.63263263263263
733,266,8.72169167803547,8.44360902255639,999,8.64764764764765
736,263,8.76630434782609,8.42585551330798,999,8.67667667667668
738,259,8.75338753387534,8.43243243243243,997,8.67001003009027
741,257,8.77462887989204,8.4863813229572,998,8.70040080160321
755,244,8.76953642384106,8.43852459016393,999,8.68868868868869
751,246,8.79360852197071,8.47967479674797,997,8.71614844533601
752,246,8.81515957446809,8.44715447154472,998,8.72444889779559
753,246,8.80876494023904,8.46341463414634,999,8.72372372372372
756,241,8.80952380952381,8.48132780082988,997,8.73019057171514
754,244,8.82228116710875,8.48770491803279,998,8.74048096192385
750,249,8.82933333333333,8.48192771084337,999,8.74274274274274
752,246,8.81914893617021,8.46747967479675,998,8.73246492985972
746,253,8.81769436997319,8.50197628458498,999,8.73773773773774
749,250,8.82910547396529,8.52,999,8.75175175175175
748,251,8.85026737967914,8.50597609561753,999,8.76376376376376
749,250,8.85046728971963,8.472,999,8.75575575575576
746,252,8.8887399463807,8.54365079365079,998,8.80160320641283
745,253,8.90469798657718,8.51778656126482,998,8.80661322645291
740,254,8.88648648648649,8.53543307086614,994,8.79678068410463
751,248,8.91611185086551,8.58064516129032,999,8.83283283283283
759,239,8.94071146245059,8.60669456066946,998,8.86072144288577
761,238,8.95137976346912,8.61764705882353,999,8.87187187187187
763,235,8.92922673656619,8.66382978723404,998,8.86673346693387
765,234,8.93333333333333,8.66666666666667,999,8.87087087087087
769,229,8.92717815344603,8.61135371179039,998,8.85470941883768
773,223,8.92496765847348,8.6457399103139,996,8.86244979919679
768,229,8.93229166666667,8.61135371179039,997,8.85857572718155
772,226,8.92616580310881,8.61946902654867,998,8.85671342685371
771,226,8.91569390402075,8.61946902654867,997,8.84854563691073
764,233,8.94633507853403,8.6480686695279,997,8.87662988966901
766,232,8.94778067885117,8.67241379310345,998,8.88376753507014
766,233,8.96736292428198,8.71673819742489,999,8.90890890890891
755,242,8.96423841059603,8.70661157024793,997,8.90170511534604
751,246,8.94407456724367,8.71951219512195,997,8.88866599799398
749,248,8.97062750333778,8.75,997,8.91574724172518
757,241,8.96829590488771,8.70539419087137,998,8.90480961923848
759,240,8.96837944664032,8.74583333333333,999,8.91491491491491
762,237,8.98293963254593,8.69198312236287,999,8.91391391391391
764,233,8.97643979057592,8.68669527896996,997,8.90872617853561
774,225,8.98449612403101,8.75555555555556,999,8.93293293293293
775,224,8.98322580645161,8.74553571428571,999,8.92992992992993
777,222,8.98712998712999,8.74324324324324,999,8.93293293293293
787,210,8.97839898348158,8.76666666666667,997,8.93380140421264
791,207,8.97218710493047,8.80676328502415,998,8.93787575150301
789,209,8.98986058301648,8.77033492822967,998,8.9438877755511
786,212,8.98473282442748,8.81132075471698,998,8.94789579158317
781,218,9.01152368758003,8.78440366972477,999,8.96196196196196
780,216,9.01923076923077,8.7962962962963,996,8.97088353413655
780,218,9.06666666666667,8.8256880733945,998,9.01402805611222
785,213,9.07388535031847,8.79342723004695,998,9.01402805611222
784,214,9.0765306122449,8.82710280373832,998,9.02304609218437
786,213,9.09160305343512,8.77934272300469,999,9.02502502502503
788,210,9.10279187817259,8.78095238095238,998,9.03507014028056
785,213,9.12101910828025,8.82629107981221,998,9.05811623246493
792,206,9.10227272727273,8.84466019417476,998,9.04909819639279
792,202,9.08333333333333,8.85148514851485,994,9.03621730382294
799,200,9.09637046307885,8.81,999,9.03903903903904
802,197,9.1359102244389,8.84263959390863,999,9.07807807807808
799,199,9.12515644555695,8.81407035175879,998,9.06312625250501
801,197,9.14107365792759,8.78680203045685,998,9.07114228456914
804,195,9.16044776119403,8.80512820512821,999,9.09109109109109
808,190,9.16089108910891,8.78947368421053,998,9.09018036072144
803,196,9.20547945205479,8.75510204081633,999,9.11711711711712
805,192,9.24347826086957,8.74479166666667,997,9.14744232698094
808,190,9.26980198019802,8.76842105263158,998,9.17434869739479
817,181,9.27417380660955,8.75690607734807,998,9.18036072144289
803,196,9.27148194271482,8.75,999,9.16916916916917
802,194,9.27306733167082,8.74742268041237,996,9.17068273092369
807,191,9.27013630731103,8.7696335078534,998,9.17434869739479
811,187,9.30579531442663,8.75401069518717,998,9.20240480961924
814,185,9.32063882063882,8.72972972972973,999,9.21121121121121
808,189,9.31930693069307,8.73544973544974,997,9.2086258776329
804,194,9.31965174129353,8.69587628865979,998,9.19839679358717
803,196,9.34371108343711,8.70918367346939,999,9.21921921921922
798,200,9.35087719298246,8.71,998,9.22244488977956
792,207,9.31313131313131,8.68599033816425,999,9.18318318318318
790,208,9.31392405063291,8.66346153846154,998,9.17835671342685
784,214,9.34438775510204,8.70560747663551,998,9.20741482965932
791,208,9.31352718078382,8.67788461538461,999,9.18118118118118
787,211,9.32401524777637,8.65876777251185,998,9.18336673346693
793,204,9.34047919293821,8.62254901960784,997,9.19358074222668
796,203,9.35552763819095,8.68472906403941,999,9.21921921921922
793,205,9.38713745271122,8.69756097560976,998,9.24549098196393
790,208,9.3873417721519,8.73557692307692,998,9.25150300601202
791,208,9.37420986093552,8.73076923076923,999,9.24024024024024
793,206,9.38461538461539,8.83495145631068,999,9.27127127127127
791,208,9.39696586599242,8.84134615384615,999,9.28128128128128
797,202,9.39146800501882,8.83168316831683,999,9.27827827827828
798,201,9.40601503759398,8.8955223880597,999,9.3033033033033
800,198,9.39875,8.86363636363636,998,9.29258517034068
803,196,9.40971357409714,8.87244897959184,999,9.3043043043043
806,191,9.43052109181141,8.87434554973822,997,9.32397191574724
806,193,9.44416873449132,8.860103626943,999,9.33133133133133
802,197,9.46134663341646,8.88832487309645,999,9.34834834834835
801,198,9.4769038701623,8.88383838383838,999,9.35935935935936
792,207,9.49242424242424,8.8792270531401,999,9.36536536536537
801,197,9.4856429463171,8.89847715736041,998,9.36973947895792
804,193,9.48009950248756,8.90155440414508,997,9.36810431293882
802,196,9.49750623441397,8.89795918367347,998,9.37975951903808
803,196,9.49315068493151,8.9234693877551,999,9.38138138138138
811,188,9.48335388409371,8.90957446808511,999,9.37537537537538
811,188,9.4944512946979,8.9468085106383,999,9.39139139139139
816,183,9.50980392156863,8.92349726775956,999,9.4024024024024
816,181,9.50612745098039,8.93370165745856,997,9.40220661985958
816,183,9.50980392156863,8.91803278688525,999,9.4014014014014
809,190,9.50927070457355,8.97894736842105,999,9.40840840840841
813,186,9.50922509225092,9.0,999,9.41441441441441
802,194,9.49376558603491,9.0360824742268,996,9.40461847389558
800,199,9.51125,9.04020100502512,999,9.41741741741742
798,201,9.5062656641604,9.05970149253731,999,9.41641641641642
806,192,9.51861042183623,9.07291666666667,998,9.43286573146293
806,191,9.53473945409429,9.07853403141361,997,9.44734202607824
797,200,9.52321204516939,9.085,997,9.43530591775326
796,202,9.52763819095477,9.1039603960396,998,9.44188376753507
793,206,9.54602774274905,9.11650485436893,999,9.45745745745746
790,206,9.53291139240506,9.10679611650485,996,9.44477911646586
798,201,9.52756892230576,9.1044776119403,999,9.44244244244244
797,201,9.5207026348808,9.12935323383085,998,9.44188376753507
791,208,9.53350189633375,9.13461538461539,999,9.45045045045045
789,210,9.53485424588086,9.12857142857143,999,9.44944944944945
792,206,9.54166666666667,9.10679611650485,998,9.45190380761523
783,214,9.53256704980843,9.13551401869159,997,9.44734202607824
789,209,9.5361216730038,9.1244019138756,998,9.4498997995992
786,211,9.51399491094148,9.12322274881517,997,9.43129388164493
796,203,9.53894472361809,9.16256157635468,999,9.46246246246246
780,217,9.54615384615385,9.15668202764977,997,9.46138415245737
794,205,9.54156171284635,9.15121951219512,999,9.46146146146146
792,206,9.53661616161616,9.16504854368932,998,9.45991983967936
799,200,9.5531914893617,9.12,999,9.46646646646647
798,200,9.54636591478697,9.125,998,9.46192384769539
807,190,9.53903345724907,9.10526315789474,997,9.45636910732197
817,180,9.56425948592411,9.12222222222222,997,9.48445336008024
818,181,9.55501222493888,9.11602209944751,999,9.47547547547548
823,176,9.56379100850547,9.15340909090909,999,9.49149149149149
819,180,9.58241758241758,9.15555555555556,999,9.50550550550551
815,183,9.58773006134969,9.18579234972678,998,9.51402805611222
808,190,9.58168316831683,9.22105263157895,998,9.51302605210421
802,197,9.59725685785536,9.25380710659898,999,9.52952952952953
800,198,9.6025,9.27272727272727,998,9.53707414829659
798,201,9.6140350877193,9.24875621890547,999,9.54054054054054
791,206,9.60176991150442,9.24271844660194,997,9.52758274824473
799,200,9.61827284105131,9.21,999,9.53653653653654
793,205,9.61916771752837,9.20975609756097,998,9.53507014028056
798,200,9.6140350877193,9.21,998,9.53306613226453
793,206,9.62547288776797,9.23300970873786,999,9.54454454454454
788,209,9.62944162436548,9.22966507177033,997,9.5456369107322
785,213,9.6140127388535,9.22065727699531,998,9.53006012024048
785,213,9.61910828025478,9.20657276995305,998,9.5310621242485
773,226,9.63130659767141,9.2212389380531,999,9.53853853853854
781,216,9.67477592829706,9.19907407407407,997,9.57171514543631
781,218,9.67733674775928,9.21559633027523,999,9.57657657657658
793,206,9.66582597730139,9.15533980582524,999,9.56056056056056
785,212,9.6687898089172,9.19339622641509,997,9.56770310932798
783,216,9.66538952745849,9.15740740740741,999,9.55555555555556
779,219,9.65468549422336,9.14155251141553,998,9.54208416833667
776,221,9.66365979381443,9.15837104072398,997,9.55165496489468
776,221,9.64046391752577,9.1131221719457,997,9.52357071213641
777,221,9.62934362934363,9.08597285067873,998,9.50901803607214
782,216,9.6304347826087,9.11574074074074,998,9.5190380761523
780,219,9.64102564102564,9.13698630136986,999,9.53053053053053
780,219,9.66410256410256,9.13698630136986,999,9.54854854854855
779,220,9.66752246469833,9.13636363636364,999,9.55055055055055
784,214,9.6734693877551,9.11682242990654,998,9.55410821643287
781,217,9.66581306017926,9.14746543778802,998,9.55310621242485
780,218,9.67564102564103,9.11467889908257,998,9.55310621242485
779,219,9.68292682926829,9.13698630136986,998,9.56312625250501
773,225,9.69340232858991,9.12444444444444,998,9.56513026052104
769,226,9.70481144343303,9.19026548672566,995,9.58793969849246
766,231,9.7023498694517,9.16883116883117,997,9.57873620862588
765,232,9.70065359477124,9.18103448275862,997,9.57973921765296
769,230,9.71131339401821,9.17391304347826,999,9.58758758758759
766,233,9.70365535248042,9.17167381974249,999,9.57957957957958
762,237,9.71391076115485,9.18143459915612,999,9.58758758758759
758,240,9.71503957783641,9.17083333333333,998,9.58416833667335
758,239,9.72295514511873,9.19246861924686,997,9.59578736208626
755,244,9.70728476821192,9.19672131147541,999,9.58258258258258
755,241,9.71655629139073,9.17842323651452,996,9.5863453815261
758,241,9.73614775725594,9.16597510373444,999,9.5985985985986
759,239,9.7364953886693,9.16317991631799,998,9.59919839679359
755,243,9.7364238410596,9.16049382716049,998,9.59619238476954
754,241,9.74668435013263,9.15767634854772,995,9.60402010050251
764,235,9.74214659685864,9.14893617021277,999,9.6026026026026
767,232,9.73663624511082,9.14655172413793,999,9.5995995995996
770,227,9.74935064935065,9.15859030837004,997,9.6148445336008
780,219,9.74358974358974,9.14611872146119,999,9.61261261261261
779,220,9.73170731707317,9.11363636363636,999,9.5955955955956
784,214,9.73724489795918,9.0981308411215,998,9.6002004008016
786,213,9.72391857506361,9.08920187793427,999,9.58858858858859
785,214,9.71847133757962,9.07009345794392,999,9.57957957957958
785,214,9.71337579617834,9.10280373831776,999,9.58258258258258
781,217,9.71318822023047,9.11981566820277,998,9.58416833667335
780,219,9.72051282051282,9.13698630136986,999,9.59259259259259
781,218,9.7067861715749,9.14678899082569,999,9.58458458458458
780,219,9.71666666666667,9.11872146118722,999,9.58558558558559
783,216,9.71264367816092,9.11111111111111,999,9.58258258258258
776,221,9.70618556701031,9.11764705882353,997,9.57572718154463
780,219,9.73205128205128,9.0958904109589,999,9.59259259259259
772,225,9.72020725388601,9.09777777777778,997,9.57973921765296
783,214,9.727969348659,9.11682242990654,997,9.59679037111334
781,218,9.72855313700384,9.09174311926606,999,9.58958958958959
782,216,9.73401534526854,9.0787037037037,998,9.59218436873748
780,219,9.72948717948718,9.11872146118722,999,9.5955955955956
785,214,9.71082802547771,9.0981308411215,999,9.57957957957958
782,215,9.71355498721228,9.10697674418605,997,9.5827482447342
791,208,9.70922882427307,9.125,999,9.58758758758759
797,201,9.70765370138018,9.13930348258707,998,9.59318637274549
792,205,9.71590909090909,9.1609756097561,997,9.60180541624875
792,207,9.70707070707071,9.15942028985507,999,9.59359359359359
787,208,9.71791613722999,9.16826923076923,995,9.60301507537688
795,204,9.71446540880503,9.17647058823529,999,9.6046046046046
800,197,9.72,9.17258883248731,997,9.61183550651956
797,202,9.72521957340025,9.16336633663366,999,9.61161161161161
796,203,9.73869346733668,9.17241379310345,999,9.62362362362362
796,203,9.73869346733668,9.20197044334975,999,9.62962962962963
798,201,9.73558897243108,9.18905472636816,999,9.62562562562563
794,201,9.73299748110831,9.20398009950249,995,9.62613065326633
804,195,9.73009950248756,9.2,999,9.62662662662663
797,202,9.72772898368883,9.17821782178218,999,9.61661661661662
795,204,9.73584905660377,9.18137254901961,999,9.62262262262262
798,201,9.73558897243108,9.16915422885572,999,9.62162162162162
796,203,9.71859296482412,9.14778325123153,999,9.6026026026026
803,196,9.71855541718555,9.10204081632653,999,9.5975975975976
794,205,9.7103274559194,9.09268292682927,999,9.58358358358358
797,202,9.71894604767879,9.06435643564356,999,9.58658658658659
788,211,9.73223350253807,9.05687203791469,999,9.58958958958959
787,212,9.72935196950445,9.05188679245283,999,9.58558558558559
785,213,9.71592356687898,9.06572769953052,998,9.57715430861724
792,207,9.72348484848485,9.09178743961353,999,9.59259259259259
794,205,9.71284634760705,9.09268292682927,999,9.58558558558559
795,204,9.72327044025157,9.09803921568627,999,9.5955955955956
798,201,9.72681704260652,9.1044776119403,999,9.6016016016016
799,199,9.71589486858573,9.14070351758794,998,9.60120240480962
802,197,9.714463840399,9.11167512690355,999,9.5955955955956
798,200,9.70300751879699,9.12,998,9.58617234468938
802,196,9.70324189526185,9.11734693877551,998,9.58817635270541
797,202,9.6900878293601,9.1039603960396,999,9.57157157157157
793,206,9.70744010088272,9.10679611650485,999,9.58358358358358
800,198,9.7025,9.12121212121212,998,9.5871743486974
794,205,9.71788413098237,9.12682926829268,999,9.5965965965966
799,200,9.74092615769712,9.13,999,9.61861861861862
795,203,9.72830188679245,9.11822660098522,998,9.60420841683367
795,203,9.72327044025157,9.10837438423645,998,9.59819639278557
794,205,9.72544080604534,9.12195121951219,999,9.6016016016016
794,203,9.71662468513854,9.12315270935961,997,9.59578736208626
794,205,9.72670025188917,9.13170731707317,999,9.6046046046046
794,204,9.72040302267003,9.11274509803922,998,9.59619238476954
798,199,9.7218045112782,9.09547738693467,997,9.59679037111334
800,199,9.71125,9.07035175879397,999,9.58358358358358
801,197,9.70536828963795,9.07106598984772,998,9.58016032064128
800,199,9.69375,9.04522613065327,999,9.56456456456456
804,194,9.68159203980099,9.04639175257732,998,9.55811623246493
805,192,9.67453416149068,9.03125,997,9.5506519558676
801,198,9.66541822721598,9.03030303030303,999,9.53953953953954
808,191,9.66460396039604,9.03141361256544,999,9.54354354354354
804,193,9.67661691542289,9.03626943005181,997,9.55265797392176
801,197,9.68539325842697,9.03045685279188,998,9.5561122244489
806,193,9.68238213399504,9.01036269430052,999,9.55255255255255
800,198,9.6775,9.02020202020202,998,9.54709418837675
800,198,9.66625,9.03030303030303,998,9.54008016032064
792,207,9.66792929292929,9.02415458937198,999,9.53453453453453
795,204,9.67044025157233,9.02450980392157,999,9.53853853853854
794,205,9.67254408060453,9.00975609756098,999,9.53653653653654
793,206,9.69861286254729,9.0,999,9.55455455455455
798,201,9.68671679197995,9.00995024875622,999,9.55055055055055
800,199,9.6875,9.01507537688442,999,9.55355355355355
803,196,9.68866749688667,8.99489795918367,999,9.55255255255255
800,199,9.68375,9.0,999,9.54754754754755
809,190,9.68603213844252,8.98947368421053,999,9.55355355355355
806,193,9.69975186104218,8.98445595854922,999,9.56156156156156
801,198,9.69288389513109,8.98484848484848,999,9.55255255255255
812,187,9.70073891625616,8.98930481283423,999,9.56756756756757
813,184,9.72570725707257,9.01630434782609,997,9.59478435305918
812,186,9.73029556650246,9.01612903225806,998,9.59719438877756
814,184,9.73218673218673,9.04347826086956,998,9.60521042084168
811,188,9.74969173859433,9.04787234042553,999,9.61761761761762
806,193,9.7531017369727,9.06217616580311,999,9.61961961961962
799,198,9.75093867334168,9.07575757575758,997,9.61685055165496
795,203,9.75471698113208,9.06896551724138,998,9.61523046092184
790,208,9.74683544303798,9.08653846153846,998,9.60921843687375
786,213,9.74300254452926,9.08920187793427,999,9.6036036036036
788,211,9.74111675126904,9.1042654028436,999,9.60660660660661
781,217,9.71959026888604,9.09677419354839,998,9.58416833667335
778,221,9.72622107969152,9.10859728506787,999,9.58958958958959
781,216,9.71702944942382,9.10185185185185,997,9.58375125376128
782,216,9.71739130434783,9.12037037037037,998,9.58817635270541
781,218,9.72983354673496,9.12844036697248,999,9.5985985985986
780,217,9.73076923076923,9.12442396313364,997,9.5987963891675
783,216,9.73052362707535,9.11574074074074,999,9.5975975975976
774,224,9.72997416020672,9.13839285714286,998,9.59719438877756
776,223,9.74484536082474,9.1390134529148,999,9.60960960960961
770,227,9.74545454545455,9.15418502202643,997,9.61083249749248
773,226,9.74256144890039,9.14159292035398,999,9.60660660660661
769,230,9.73862158647594,9.14347826086957,999,9.6016016016016
774,225,9.74031007751938,9.14666666666667,999,9.60660660660661
767,231,9.73794002607562,9.14285714285714,998,9.6002004008016
767,232,9.73533246414602,9.14655172413793,999,9.5985985985986
763,235,9.74311926605505,9.12765957446809,998,9.59819639278557
760,239,9.73947368421053,9.14225941422594,999,9.5965965965966
765,233,9.75032679738562,9.15450643776824,998,9.61122244488978
763,236,9.76277850589777,9.15254237288136,999,9.61861861861862
761,238,9.77135348226018,9.15126050420168,999,9.62362362362362
761,237,9.77792378449409,9.14345991561181,998,9.62725450901804
761,238,9.77529566360053,9.12605042016807,999,9.62062062062062
767,231,9.79009126466754,9.11255411255411,998,9.63326653306613
774,225,9.79586563307494,9.11111111111111,999,9.64164164164164
778,220,9.81105398457584,9.11818181818182,998,9.65831663326653
779,219,9.80872913992298,9.10958904109589,998,9.65531062124249
777,221,9.81081081081081,9.10407239819004,998,9.65430861723447
777,222,9.81595881595882,9.09459459459459,999,9.65565565565566
788,211,9.80329949238579,9.11848341232228,999,9.65865865865866
788,211,9.81091370558376,9.11848341232228,999,9.66466466466466
779,218,9.79717586649551,9.11926605504587,997,9.64894684052156
786,213,9.79007633587786,9.11267605633803,999,9.64564564564565
783,216,9.79438058748404,9.11574074074074,999,9.64764764764765
785,213,9.77961783439491,9.12206572769953,998,9.63927855711423
784,215,9.78698979591837,9.12093023255814,999,9.64364364364364
787,212,9.7725540025413,9.12735849056604,999,9.63563563563564
781,217,9.7708066581306,9.11059907834101,998,9.62725450901804
772,227,9.77849740932642,9.11894273127753,999,9.62862862862863
769,230,9.78023407022107,9.11739130434783,999,9.62762762762763
761,237,9.77266754270696,9.12658227848101,998,9.61923847695391
754,244,9.78116710875332,9.12295081967213,998,9.62024048096192
746,251,9.76675603217158,9.13147410358566,997,9.60682046138415
742,257,9.77088948787062,9.13229571984436,999,9.60660660660661
734,263,9.76702997275204,9.14068441064639,997,9.60180541624875
737,262,9.77204884667571,9.14885496183206,999,9.60860860860861
735,263,9.77823129251701,9.15209125475285,998,9.61322645290581
740,259,9.77837837837838,9.14671814671815,999,9.61461461461461
734,265,9.78610354223433,9.14716981132075,999,9.61661661661662
738,260,9.78590785907859,9.15,998,9.62024048096192
735,264,9.78231292517007,9.14393939393939,999,9.61361361361361
733,265,9.80218281036835,9.14716981132075,998,9.62825651302605
734,264,9.78882833787466,9.13257575757576,998,9.61523046092184
745,254,9.77986577181208,9.13779527559055,999,9.61661661661662
738,260,9.76693766937669,9.13076923076923,998,9.60120240480962
735,263,9.77414965986395,9.13688212927757,998,9.6062124248497
733,265,9.77899045020464,9.13584905660377,998,9.60821643286573
732,264,9.76502732240437,9.14015151515152,996,9.59939759036145
741,257,9.77597840755736,9.1284046692607,998,9.60921843687375
750,249,9.788,9.1285140562249,999,9.62362362362362
742,256,9.77358490566038,9.12109375,998,9.6062124248497
744,254,9.77016129032258,9.11417322834646,998,9.60320641282565
746,253,9.76809651474531,9.11462450592885,999,9.6026026026026
744,254,9.75940860215054,9.09842519685039,998,9.59118236472946
739,259,9.74966170500677,9.0965250965251,998,9.58016032064128
736,262,9.75135869565217,9.09160305343512,998,9.57815631262525
741,258,9.74898785425101,9.08527131782946,999,9.57757757757758
740,256,9.7554054054054,9.0859375,996,9.58333333333333
735,264,9.76326530612245,9.08712121212121,999,9.58458458458458
744,255,9.76344086021505,9.09411764705882,999,9.59259259259259
747,251,9.75635876840696,9.08366533864542,998,9.5871743486974
751,246,9.76431424766977,9.08536585365854,997,9.59679037111334
749,250,9.7543391188251,9.08,999,9.58558558558559
753,246,9.75830013280213,9.06910569105691,999,9.58858858858859
747,251,9.75635876840696,9.07569721115538,998,9.58517034068136
749,250,9.75033377837116,9.076,999,9.58158158158158
746,253,9.75201072386059,9.07905138339921,999,9.58158158158158
745,254,9.77046979865772,9.08661417322835,999,9.5965965965966
740,258,9.77297297297297,9.0891472868217,998,9.59619238476954
743,256,9.7671601615074,9.08984375,999,9.59359359359359
746,253,9.76675603217158,9.09486166007905,999,9.5965965965966
741,258,9.79622132253711,9.0891472868217,999,9.61361361361361
738,260,9.78590785907859,9.08846153846154,998,9.60420841683367
736,262,9.80163043478261,9.08015267175572,998,9.61222444889779
728,270,9.80357142857143,9.07037037037037,998,9.60521042084168
732,265,9.80327868852459,9.07169811320755,997,9.60882647943832
730,269,9.8,9.07434944237918,999,9.6046046046046
728,270,9.79120879120879,9.07037037037037,998,9.59619238476954
725,273,9.78206896551724,9.06593406593407,998,9.58617234468938
724,272,9.78453038674033,9.05882352941176,996,9.5863453815261
727,270,9.77303988995873,9.05925925925926,997,9.57973921765296
738,261,9.78319783197832,9.04980842911877,999,9.59159159159159
735,264,9.7687074829932,9.04924242424242,999,9.57857857857858
736,262,9.77173913043478,9.04961832061069,998,9.58216432865732
736,263,9.7866847826087,9.04562737642586,999,9.59159159159159
740,259,9.77972972972973,9.03861003861004,999,9.58758758758759
738,261,9.7710027100271,9.03065134099617,999,9.57757757757758
748,250,9.77272727272727,9.024,998,9.58517034068136
754,243,9.77984084880637,9.02880658436214,997,9.59679037111334
749,250,9.79038718291055,9.024,999,9.5985985985986
750,248,9.79333333333333,9.02822580645161,998,9.60320641282565
754,243,9.79973474801061,9.03292181069959,997,9.61283851554664
755,244,9.8,9.02868852459016,999,9.61161161161161
767,231,9.8096479791395,9.02597402597403,998,9.62825651302605
764,235,9.81020942408377,9.02978723404255,999,9.62662662662663
760,238,9.81184210526316,9.02521008403361,998,9.62424849699399
754,245,9.81034482758621,9.02448979591837,999,9.61761761761762
752,247,9.82313829787234,9.02429149797571,999,9.62562562562563
748,251,9.82219251336898,9.0199203187251,999,9.62062062062062
744,255,9.8239247311828,9.01176470588235,999,9.61661661661662
747,251,9.82864792503347,9.01195219123506,998,9.62324649298597
750,248,9.828,9.01209677419355,998,9.625250501002
746,251,9.83646112600536,9.01195219123506,997,9.62888665997994
750,249,9.83866666666667,9.01204819277108,999,9.63263263263263
761,237,9.82391590013141,9.0126582278481,998,9.6312625250501
759,240,9.82476943346509,9.0125,999,9.62962962962963
765,233,9.8156862745098,9.00858369098713,998,9.62725450901804
765,234,9.82614379084967,9.00854700854701,999,9.63463463463463
759,240,9.81422924901186,9.00833333333333,999,9.62062062062062
764,235,9.81151832460733,9.00851063829787,999,9.62262262262262
761,237,9.81471747700394,9.0126582278481,998,9.62424849699399
764,235,9.80235602094241,9.01276595744681,999,9.61661661661662
761,238,9.79632063074901,9.01260504201681,999,9.60960960960961
762,235,9.78740157480315,9.01276595744681,997,9.60481444332999
754,245,9.77453580901857,9.01632653061225,999,9.58858858858859
752,247,9.77260638297872,9.01619433198381,999,9.58558558558559
757,242,9.76882430647292,9.02066115702479,999,9.58758758758759
765,233,9.76601307189543,9.01716738197425,998,9.59118236472946
765,232,9.75686274509804,9.02155172413793,997,9.58575727181545
768,230,9.76822916666667,9.01739130434783,998,9.59519038076152
770,228,9.77402597402597,9.0219298245614,998,9.60220440881764
766,233,9.77023498694517,9.02145922746781,999,9.5955955955956
773,225,9.78395860284605,9.02666666666667,998,9.61322645290581
767,230,9.79009126466754,9.01739130434783,997,9.61183550651956
780,219,9.80128205128205,9.02283105022831,999,9.63063063063063
775,222,9.80645161290323,9.02252252252252,997,9.63189568706118
780,218,9.81794871794872,9.02293577981651,998,9.64428857715431
773,225,9.82276843467012,9.02222222222222,998,9.64228456913828
782,216,9.82992327365729,9.02777777777778,998,9.6563126252505
782,217,9.84271099744246,9.02764976958525,999,9.66566566566567
780,219,9.83846153846154,9.03196347031963,999,9.66166166166166
779,219,9.85109114249037,9.02739726027397,998,9.67034068136273
781,218,9.83738796414853,9.02752293577982,999,9.66066066066066
781,217,9.8258642765685,9.03225806451613,998,9.65330661322645
776,222,9.82474226804124,9.03153153153153,998,9.64829659318637
782,216,9.82480818414322,9.03703703703704,998,9.65430861723447
776,222,9.82731958762887,9.03603603603604,998,9.65130260521042
780,219,9.82564102564103,9.0365296803653,999,9.65265265265265
777,220,9.82496782496782,9.03636363636364,997,9.65095285857573
781,218,9.82842509603073,9.04128440366972,999,9.65665665665666
788,208,9.81725888324873,9.03846153846154,996,9.65461847389558
792,207,9.82575757575758,9.03381642512077,999,9.66166166166166
799,200,9.82728410513141,9.035,999,9.66866866866867
790,207,9.83291139240506,9.04347826086956,997,9.66900702106319
791,208,9.83059418457649,9.04326923076923,999,9.66666666666667
793,206,9.8297604035309,9.05339805825243,999,9.66966966966967
797,198,9.83312421580928,9.05050505050505,995,9.67738693467337
807,192,9.83519206939281,9.05729166666667,999,9.68568568568569
800,199,9.8325,9.05527638190955,999,9.67767767767768
810,188,9.83333333333333,9.06382978723404,998,9.68837675350701
803,195,9.82440846824409,9.06153846153846,998,9.67535070140281
804,194,9.82960199004975,9.06701030927835,998,9.6813627254509
802,197,9.82917705735661,9.06598984771574,999,9.67867867867868
803,193,9.83437110834371,9.07772020725389,996,9.68775100401606
810,189,9.82345679012346,9.06878306878307,999,9.68068068068068
810,188,9.82345679012346,9.0531914893617,998,9.67835671342685
809,189,9.84548825710754,9.05820105820106,998,9.69639278557114
816,181,9.83333333333333,9.06077348066298,997,9.69307923771314
815,183,9.84049079754601,9.0655737704918,998,9.69839679358717
818,180,9.84718826405868,9.06666666666667,998,9.7064128256513
812,187,9.83866995073892,9.06951871657754,999,9.69469469469469
806,193,9.84367245657568,9.06735751295337,999,9.69369369369369
806,193,9.83746898263027,9.06217616580311,999,9.68768768768769
801,197,9.83395755305868,9.06091370558376,998,9.6813627254509
808,190,9.83168316831683,9.06315789473684,998,9.68537074148297
814,185,9.83783783783784,9.05945945945946,999,9.69369369369369
815,183,9.85766871165644,9.06010928961749,998,9.71142284569138
820,179,9.85243902439024,9.04469273743017,999,9.70770770770771
825,172,9.84848484848485,9.0406976744186,997,9.70912738214644
830,168,9.86385542168675,9.05357142857143,998,9.72745490981964
838,161,9.86276849642005,9.06211180124224,999,9.73373373373373
834,164,9.86450839328537,9.07317073170732,998,9.73446893787575
843,156,9.86832740213523,9.08333333333333,999,9.74574574574575
841,158,9.87039239001189,9.07594936708861,999,9.74474474474474
851,148,9.87779083431257,9.08108108108108,999,9.75975975975976
842,154,9.88598574821853,9.08441558441558,996,9.76204819277108
841,158,9.89774078478002,9.08227848101266,999,9.76876876876877
834,164,9.90287769784173,9.09146341463415,998,9.76953907815631
824,174,9.89805825242718,9.09195402298851,998,9.75751503006012
827,172,9.89963724304716,9.09883720930233,999,9.76176176176176
820,178,9.9,9.10112359550562,998,9.75751503006012
820,178,9.90243902439024,9.10112359550562,998,9.75951903807615
813,186,9.89175891758918,9.10215053763441,999,9.74474474474474
803,194,9.8879202988792,9.0979381443299,997,9.73420260782347
802,194,9.89775561097257,9.08762886597938,996,9.73995983935743
804,194,9.9092039800995,9.07731958762887,998,9.74749498997996
809,190,9.91347342398022,9.08421052631579,999,9.75575575575576
814,183,9.91523341523341,9.08743169398907,997,9.76328986960883
820,179,9.91707317073171,9.08938547486034,999,9.76876876876877
817,182,9.91432068543452,9.08791208791209,999,9.76376376376376
811,187,9.91491985203453,9.0855614973262,998,9.75951903807615
806,192,9.91315136476427,9.078125,998,9.75250501002004
813,185,9.91266912669127,9.07567567567568,998,9.75751503006012
819,180,9.91330891330891,9.08333333333333,999,9.76376376376376
815,184,9.90920245398773,9.08152173913044,999,9.75675675675676
819,179,9.91452991452991,9.08938547486034,998,9.76653306613226
824,175,9.91019417475728,9.09714285714286,999,9.76776776776777
825,174,9.91151515151515,9.09770114942529,999,9.76976976976977
831,168,9.90493381468111,9.10119047619048,999,9.76976976976977
825,171,9.90545454545455,9.10526315789474,996,9.76807228915663
831,168,9.90974729241877,9.10119047619048,999,9.77377377377377
828,170,9.90217391304348,9.10588235294118,998,9.76653306613226
823,174,9.91130012150668,9.10344827586207,997,9.7703109327984
822,177,9.91362530413625,9.07909604519774,999,9.76576576576577
830,168,9.9144578313253,9.08333333333333,998,9.77454909819639
831,168,9.9121540312876,9.07738095238095,999,9.77177177177177
831,167,9.91456077015644,9.05988023952096,998,9.77154308617235
833,166,9.92677070828331,9.05421686746988,999,9.78178178178178
838,159,9.91527446300716,9.05660377358491,997,9.77833500501504
841,156,9.9179548156956,9.05769230769231,997,9.78335005015045
843,155,9.91933570581257,9.05161290322581,998,9.78456913827655
843,156,9.91459074733096,9.0448717948718,999,9.77877877877878
839,159,9.90941597139452,9.0440251572327,998,9.77154308617235
838,159,9.90453460620525,9.05031446540881,997,9.76830491474423
841,158,9.90368608799049,9.03164556962025,999,9.76576576576577
838,160,9.90214797136038,9.03125,998,9.7625250501002
843,156,9.89798339264531,9.03205128205128,999,9.76276276276276
845,154,9.89822485207101,9.02597402597403,999,9.76376376376376
848,149,9.90094339622642,9.02013422818792,997,9.76930792377131
853,145,9.9073856975381,9.02068965517241,998,9.77855711422846
857,142,9.91248541423571,9.02112676056338,999,9.78578578578579
852,147,9.91431924882629,9.02040816326531,999,9.78278278278278
855,143,9.91461988304094,9.02797202797203,998,9.7875751503006
858,140,9.91142191142191,9.02857142857143,998,9.7875751503006
867,132,9.90772779700115,9.02272727272727,999,9.79079079079079
866,133,9.90646651270208,9.02255639097744,999,9.78878878878879
870,129,9.90459770114943,9.02325581395349,999,9.79079079079079
873,126,9.90378006872852,9.03174603174603,999,9.79379379379379
872,127,9.91169724770642,9.01574803149606,999,9.7977977977978
877,120,9.90535917901938,9.01666666666667,997,9.79839518555667
876,121,9.91095890410959,9.01652892561983,997,9.80240722166499
882,117,9.90702947845805,9.02564102564103,999,9.8038038038038
880,117,9.90340909090909,9.02564102564103,997,9.80040120361083
886,111,9.90519187358916,9.01801801801802,997,9.80641925777332
890,109,9.90112359550562,9.00917431192661,999,9.8038038038038
885,112,9.90282485875706,9.00892857142857,997,9.80240722166499
890,107,9.89438202247191,9.00934579439252,997,9.79939819458375
888,111,9.89527027027027,9.00900900900901,999,9.7967967967968
894,104,9.89373601789709,9.00961538461539,998,9.80160320641283
896,102,9.89620535714286,9.00980392156863,998,9.80561122244489
903,96,9.89479512735327,9.0,999,9.80880880880881
906,92,9.8962472406181,9.0,998,9.81362725450902
906,92,9.90176600441501,9.0,998,9.8186372745491
911,88,9.90010976948408,9.0,999,9.82082082082082
910,88,9.8989010989011,9.0,998,9.81963927855711
909,90,9.90759075907591,9.0,999,9.82582582582583
905,91,9.91381215469613,9.0,996,9.83032128514056
901,97,9.91564927857936,9.0,998,9.82665330661323
898,100,9.91536748329621,9.0,998,9.82364729458918
900,99,9.91888888888889,9.0,999,9.82782782782783
899,99,9.91991101223582,9.0,998,9.82865731462926
890,108,9.91573033707865,9.0,998,9.81663326653307
904,95,9.91924778761062,9.0,999,9.83183183183183
901,98,9.92008879023308,9.0,999,9.82982982982983
902,97,9.92350332594235,9.0,999,9.83383383383383
900,98,9.92444444444445,9.0,998,9.83366733466934
904,94,9.92367256637168,9.0,998,9.83667334669339
904,94,9.92256637168142,9.0,998,9.83567134268537
906,91,9.92273730684327,9.0,997,9.83851554663992
912,87,9.92434210526316,9.0,999,9.84384384384384
908,90,9.91740088105727,9.0,998,9.83466933867735
910,88,9.91978021978022,9.0,998,9.83867735470942
907,92,9.91951488423374,9.0,999,9.83483483483483
910,89,9.91868131868132,9.0,999,9.83683683683684
904,95,9.91592920353982,9.0,999,9.82882882882883
905,94,9.92265193370166,9.0,999,9.83583583583584
906,93,9.92715231788079,9.0,999,9.84084084084084
905,94,9.92817679558011,9.0,999,9.84084084084084
904,93,9.93030973451327,9.0,997,9.84353059177533
906,91,9.9326710816777,9.0,997,9.84754262788365
911,88,9.93084522502744,9.0,999,9.84884884884885
901,95,9.93118756936737,9.0,996,9.84236947791165
903,96,9.93355481727575,9.0,999,9.84384384384384
900,99,9.93111111111111,9.0,999,9.83883883883884
895,102,9.92849162011173,9.0,997,9.83350050150451
896,103,9.93080357142857,9.0,999,9.83483483483483
894,103,9.93400447427293,9.0,997,9.83751253761284
896,103,9.93303571428571,9.0,999,9.83683683683684
898,99,9.93875278396436,9.0,997,9.84553660982949
901,97,9.94006659267481,9.0,998,9.84869739478958
905,94,9.94364640883978,9.0,999,9.85485485485485
904,93,9.93805309734513,9.0,997,9.85055165496489
912,86,9.94188596491228,9.0,998,9.86072144288577
916,83,9.9410480349345,9.0,999,9.86286286286286
921,78,9.94788273615635,9.0,999,9.87387387387387
919,79,9.95212187159956,9.0,998,9.87675350701403
918,79,9.94880174291939,9.0,997,9.87362086258776
921,78,9.95548317046688,9.0,999,9.88088088088088
921,78,9.95222584147666,9.0,999,9.87787787787788
922,76,9.95336225596529,9.0,998,9.88076152304609
919,79,9.95321001088139,9.0,998,9.87775551102204
921,77,9.95114006514658,9.0,998,9.87775551102204
921,77,9.9500542888165,9.0,998,9.87675350701403
926,72,9.95356371490281,9.0,998,9.88476953907816
928,71,9.95366379310345,9.0,999,9.88588588588589
932,67,9.95064377682403,9.0,999,9.88688688688689
932,66,9.95064377682403,9.0,998,9.88777555110221
928,71,9.94612068965517,9.0,999,9.87887887887888
929,70,9.94402583423036,9.0,999,9.87787787787788
931,68,9.94199785177229,9.0,999,9.87787787787788
927,71,9.93851132686084,9.0,998,9.87174348697395
923,74,9.94366197183099,9.0,997,9.87362086258776
920,77,9.94347826086956,9.0,997,9.87061183550652
923,76,9.94366197183099,9.0,999,9.87187187187187
924,74,9.94588744588745,9.0,998,9.87575150300601
930,69,9.94193548387097,9.0,999,9.87687687687688
927,71,9.94822006472492,9.0,998,9.88076152304609
926,72,9.94492440604752,9.0,998,9.87675350701403
929,70,9.94294940796556,9.0,999,9.87687687687688
925,72,9.95027027027027,9.0,997,9.88164493480441
927,71,9.94714131607335,9.0,998,9.87975951903808
925,74,9.94810810810811,9.0,999,9.87787787787788
926,73,9.94924406047516,9.0,999,9.87987987987988
925,73,9.94486486486486,9.0,998,9.87575150300601
926,73,9.9438444924406,9.0,999,9.87487487487487
928,71,9.94288793103448,9.0,999,9.87587587587588
928,69,9.94181034482759,9.0,997,9.87662988966901
931,67,9.94092373791622,9.0,998,9.87775551102204
931,65,9.93447905477981,9.0,996,9.87349397590361
933,65,9.93354769560557,9.0,998,9.87274549098196
934,65,9.93790149892934,9.0,999,9.87687687687688
935,62,9.93368983957219,9.0,997,9.87562688064193
939,60,9.93929712460064,9.0,999,9.88288288288288
934,60,9.93361884368308,9.0,994,9.87726358148893
947,52,9.93136219640972,9.0,999,9.88288288288288
945,53,9.92804232804233,9.0,998,9.87875751503006
945,54,9.92592592592593,9.0,999,9.87587587587588
944,54,9.92584745762712,9.0,998,9.87575150300601
942,56,9.92356687898089,9.0,998,9.87174348697395
941,56,9.92667375132837,9.0,997,9.87462387161484
948,51,9.92721518987342,9.0,999,9.87987987987988
947,52,9.92185850052798,9.0,999,9.87387387387387
939,56,9.92012779552716,9.0,995,9.86834170854271
942,57,9.92781316348195,9.0,999,9.87487487487487
941,57,9.9298618490967,9.0,998,9.87675350701403
942,56,9.92993630573248,9.0,998,9.87775551102204
938,60,9.9317697228145,9.0,998,9.87575150300601
936,59,9.93269230769231,9.0,995,9.87738693467337
935,63,9.93689839572193,9.0,998,9.87775551102204
933,64,9.93569131832797,9.0,997,9.87562688064193
940,59,9.93829787234043,9.0,999,9.88288288288288
938,61,9.93710021321962,9.0,999,9.87987987987988
939,59,9.93610223642172,9.0,998,9.88076152304609
937,62,9.93916755602988,9.0,999,9.88088088088088
937,62,9.92956243329776,9.0,999,9.87187187187187
937,62,9.92422625400213,9.0,999,9.86686686686687
935,64,9.92727272727273,9.0,999,9.86786786786787
940,59,9.92765957446809,9.0,999,9.87287287287287
938,61,9.92643923240938,9.0,999,9.86986986986987
940,59,9.93085106382979,9.0,999,9.87587587587588
937,60,9.92849519743863,9.0,997,9.87261785356068
940,57,9.92234042553192,9.0,997,9.86960882647944
944,55,9.92055084745763,9.0,999,9.86986986986987
943,56,9.91834570519618,9.0,999,9.86686686686687
945,53,9.91851851851852,9.0,998,9.86973947895792
945,54,9.92169312169312,9.0,999,9.87187187187187
946,53,9.92389006342495,9.0,999,9.87487487487487
942,57,9.92993630573248,9.0,999,9.87687687687688
942,57,9.92675159235669,9.0,999,9.87387387387387
941,58,9.92773645058448,9.0,999,9.87387387387387
937,61,9.92742796157951,9.0,998,9.87074148296593
940,59,9.93085106382979,9.0,999,9.87587587587588
939,60,9.93929712460064,9.0,999,9.88288288288288
936,61,9.93482905982906,9.0,997,9.87763289869609
939,58,9.93503727369542,9.0,997,9.88064192577733
941,55,9.9394261424017,9.0,996,9.88755020080321
946,51,9.93868921775899,9.0,997,9.89067201604814
943,53,9.94379639448568,9.0,996,9.89357429718875
945,53,9.94285714285714,9.0,998,9.89278557114229
945,54,9.94814814814815,9.0,999,9.8968968968969
947,52,9.95036958817318,9.0,999,9.9009009009009
943,55,9.949098621421,9.0,998,9.89679358717435
947,51,9.9493136219641,9.0,998,9.90080160320641
950,48,9.94842105263158,9.0,998,9.90280561122244
950,49,9.95684210526316,9.0,999,9.90990990990991
951,48,9.95688748685594,9.0,999,9.91091091091091
954,45,9.95492662473795,9.0,999,9.91191191191191
955,44,9.95706806282723,9.0,999,9.91491491491491
954,43,9.95283018867925,9.0,997,9.91173520561685
954,44,9.95702306079665,9.0,998,9.91482965931864
952,46,9.95798319327731,9.0,998,9.91382765531062
954,45,9.95073375262055,9.0,999,9.90790790790791
952,45,9.95693277310924,9.0,997,9.91374122367101
953,46,9.95383001049318,9.0,999,9.90990990990991
953,46,9.95278069254984,9.0,999,9.90890890890891
956,41,9.9571129707113,9.0,997,9.91775325977934
958,40,9.95720250521921,9.0,998,9.9188376753507
959,40,9.95307612095933,9.0,999,9.91491491491491
961,38,9.9531737773153,9.0,999,9.91691691691692
959,40,9.95516162669447,9.0,999,9.91691691691692
960,38,9.95416666666667,9.0,998,9.91783567134268
957,42,9.95402298850575,9.0,999,9.91391391391391
958,41,9.95407098121086,9.0,999,9.91491491491491
959,39,9.9541188738269,9.0,998,9.91683366733467
956,40,9.95502092050209,9.0,996,9.91666666666667
961,37,9.96045785639958,9.0,998,9.9248496993988
960,38,9.96041666666667,9.0,998,9.92384769539078
962,36,9.96777546777547,9.0,998,9.93286573146293
965,34,9.96373056994819,9.0,999,9.93093093093093
960,35,9.96458333333333,9.0,995,9.93065326633166
961,37,9.96566077003122,9.0,998,9.92985971943888
962,36,9.96153846153846,9.0,998,9.92685370741483
962,35,9.96049896049896,9.0,997,9.92678034102307
963,36,9.95638629283489,9.0,999,9.92192192192192
962,37,9.95738045738046,9.0,999,9.92192192192192
967,32,9.95760082730093,9.0,999,9.92692692692693
969,30,9.96181630546956,9.0,999,9.93293293293293
968,31,9.95867768595041,9.0,999,9.92892892892893
970,29,9.95979381443299,9.0,999,9.93193193193193
970,29,9.9639175257732,9.0,999,9.93593593593594
970,29,9.96185567010309,9.0,999,9.93393393393393
969,29,9.96388028895769,9.0,998,9.93587174348697
968,30,9.96487603305785,9.0,998,9.93587174348697
967,31,9.97311271975181,9.0,998,9.94288577154309
966,31,9.97308488612836,9.0,997,9.94282848545637
967,31,9.97518097207859,9.0,998,9.94488977955912
966,32,9.97515527950311,9.0,998,9.9438877755511
968,31,9.97417355371901,9.0,999,9.94394394394394
967,32,9.97621509824199,9.0,999,9.94494494494494
964,34,9.98029045643153,9.0,998,9.94689378757515
966,33,9.9824016563147,9.0,999,9.94994994994995
965,34,9.98031088082902,9.0,999,9.94694694694695
964,35,9.97717842323651,9.0,999,9.94294294294294
962,37,9.97920997920998,9.0,999,9.94294294294294
962,37,9.97920997920998,9.0,999,9.94294294294294
961,37,9.97502601456816,9.0,998,9.93887775551102
960,39,9.97708333333333,9.0,999,9.93893893893894
960,39,9.97916666666667,9.0,999,9.94094094094094
956,41,9.97384937238494,9.0,997,9.93380140421264
960,39,9.978125,9.0,999,9.93993993993994
957,40,9.97283176593522,9.0,997,9.93380140421264
956,42,9.97280334728034,9.0,998,9.93186372745491
954,43,9.97798742138365,9.0,997,9.9358074222668
959,40,9.97601668404588,9.0,999,9.93693693693694
959,38,9.97497393117831,9.0,997,9.93781344032096
962,37,9.97401247401247,9.0,999,9.93793793793794
960,38,9.97291666666667,9.0,998,9.93587174348697
961,37,9.97502601456816,9.0,998,9.93887775551102
959,39,9.97393117831074,9.0,998,9.93587174348697
961,38,9.97710718002081,9.0,999,9.93993993993994
961,37,9.97606659729449,9.0,998,9.93987975951904
960,38,9.97604166666667,9.0,998,9.93887775551102
958,39,9.98016701461378,9.0,997,9.94182547642929
960,38,9.98125,9.0,998,9.9438877755511
958,39,9.98121085594989,9.0,997,9.94282848545637
963,36,9.98234683281412,9.0,999,9.94694694694695
966,33,9.97826086956522,9.0,999,9.94594594594595
966,32,9.97826086956522,9.0,998,9.94689378757515
971,28,9.97631307929969,9.0,999,9.94894894894895
971,28,9.9783728115345,9.0,999,9.95095095095095
972,27,9.97633744855967,9.0,999,9.94994994994995
970,29,9.97216494845361,9.0,999,9.94394394394394
971,28,9.97631307929969,9.0,999,9.94894894894895
976,23,9.9702868852459,9.0,999,9.94794794794795
974,23,9.97227926078029,9.0,997,9.94984954864594
974,23,9.97125256673511,9.0,997,9.94884653961886
971,27,9.96910401647786,9.0,998,9.94288577154309
971,25,9.97528321318229,9.0,996,9.95080321285141
973,24,9.97738951695786,9.0,997,9.95386158475426
975,23,9.97948717948718,9.0,998,9.95691382765531
974,24,9.97741273100616,9.0,998,9.95390781563126
977,20,9.98157625383828,9.0,997,9.96188565697091
978,21,9.98159509202454,9.0,999,9.96096096096096
976,23,9.98155737704918,9.0,999,9.95895895895896
976,23,9.98770491803279,9.0,999,9.96496496496496
973,26,9.98766700924974,9.0,999,9.96196196196196
973,26,9.98355601233299,9.0,999,9.95795795795796
975,24,9.98358974358974,9.0,999,9.95995995995996
975,23,9.98153846153846,9.0,998,9.95891783567134
975,22,9.97948717948718,9.0,997,9.95787362086259
980,19,9.98367346938775,9.0,999,9.96496496496496
981,18,9.98165137614679,9.0,999,9.96396396396396
979,19,9.98569969356486,9.0,998,9.96693386773547
980,18,9.98571428571429,9.0,998,9.96793587174349
978,20,9.98364008179959,9.0,998,9.96392785571142
978,21,9.98364008179959,9.0,999,9.96296296296296
976,23,9.98360655737705,9.0,999,9.96096096096096
976,23,9.98155737704918,9.0,999,9.95895895895896
973,23,9.98355601233299,9.0,996,9.96084337349398
970,25,9.98556701030928,9.0,995,9.9608040201005
973,25,9.98766700924974,9.0,998,9.96292585170341
971,28,9.98558187435633,9.0,999,9.95795795795796
971,27,9.98764160659114,9.0,998,9.96092184368737
969,30,9.98968008255934,9.0,999,9.95995995995996
971,27,9.99382080329557,9.0,998,9.96693386773547
970,27,9.99381443298969,9.0,997,9.96690070210632
971,27,9.99176107106076,9.0,998,9.96492985971944
975,24,9.99384615384615,9.0,999,9.96996996996997
973,26,9.99177800616649,9.0,999,9.96596596596597
972,26,9.99382716049383,9.0,998,9.96793587174349
970,28,9.99587628865979,9.0,998,9.96793587174349
968,30,9.99380165289256,9.0,998,9.96392785571142
969,30,9.9938080495356,9.0,999,9.96396396396396
967,31,9.99172699069286,9.0,998,9.96092184368737
968,30,9.99173553719008,9.0,998,9.96192384769539
971,27,9.99176107106076,9.0,998,9.96492985971944
974,25,9.98973305954826,9.0,999,9.96496496496496
974,25,9.98973305954826,9.0,999,9.96496496496496
972,27,9.98971193415638,9.0,999,9.96296296296296
971,26,9.98970133882595,9.0,997,9.96389167502508
972,27,9.99382716049383,9.0,999,9.96696696696697
971,27,9.99176107106076,9.0,998,9.96492985971944
971,28,9.99176107106076,9.0,999,9.96396396396396
971,28,9.98764160659114,9.0,999,9.95995995995996
970,29,9.98969072164948,9.0,999,9.96096096096096
966,31,9.99171842650104,9.0,997,9.96088264794383
968,30,9.99586776859504,9.0,998,9.96593186372746
967,32,9.99586349534643,9.0,999,9.96396396396396
966,33,9.99792960662526,9.0,999,9.96496496496496
961,38,9.99791883454735,9.0,999,9.95995995995996
961,37,9.99791883454735,9.0,998,9.96092184368737
959,39,9.99791449426486,9.0,998,9.95891783567134
957,41,9.99791013584117,9.0,998,9.95691382765531
960,39,9.99791666666667,9.0,999,9.95895895895896
959,40,9.99791449426486,9.0,999,9.95795795795796
960,37,9.99791666666667,9.0,997,9.96088264794383
963,35,9.99792315680166,9.0,998,9.96292585170341
964,33,9.99792531120332,9.0,997,9.96489468405216
964,34,9.99792531120332,9.0,998,9.96392785571142
965,33,9.9979274611399,9.0,998,9.96492985971944
967,32,9.99793174767322,9.0,999,9.96596596596597
971,28,9.99588053553038,9.0,999,9.96796796796797
971,26,9.99588053553038,9.0,997,9.96990972918756
972,27,9.99588477366255,9.0,999,9.96896896896897
976,23,9.99385245901639,9.0,999,9.97097097097097
972,27,9.99382716049383,9.0,999,9.96696696696697
973,26,9.99383350462487,9.0,999,9.96796796796797
971,28,9.99176107106076,9.0,999,9.96396396396396
973,26,9.99177800616649,9.0,999,9.96596596596597
970,28,9.98969072164948,9.0,998,9.96192384769539
966,31,9.98964803312629,9.0,997,9.95887662988967
966,32,9.98964803312629,9.0,998,9.95791583166333
961,36,9.98751300728408,9.0,997,9.9518555667001
962,37,9.98752598752599,9.0,999,9.95095095095095
958,40,9.98538622129436,9.0,998,9.94589178356713
962,37,9.98544698544699,9.0,999,9.94894894894895
959,39,9.98748696558916,9.0,998,9.94889779559118
957,42,9.98537095088819,9.0,999,9.94394394394394
957,41,9.98537095088819,9.0,998,9.94488977955912
952,45,9.98529411764706,9.0,997,9.94082246740221
957,42,9.98955067920585,9.0,999,9.94794794794795
954,44,9.9895178197065,9.0,998,9.94589178356713
959,39,9.99165797705944,9.0,998,9.95290581162325
961,38,9.99375650364204,9.0,999,9.95595595595596
965,34,9.99378238341969,9.0,999,9.95995995995996
966,33,9.99378881987578,9.0,999,9.96096096096096
965,32,9.99378238341969,9.0,997,9.96188565697091
968,31,9.99173553719008,9.0,999,9.96096096096096
966,31,9.99171842650104,9.0,997,9.96088264794383
969,30,9.99793601651187,9.0,999,9.96796796796797
967,31,9.99586349534643,9.0,998,9.96492985971944
966,31,9.99792960662526,9.0,997,9.96690070210632
971,28,9.99794026776519,9.0,999,9.96996996996997
966,32,9.99585921325052,9.0,998,9.96392785571142
968,30,9.99586776859504,9.0,998,9.96593186372746
969,28,9.9938080495356,9.0,997,9.96589769307924
968,29,9.99586776859504,9.0,997,9.96690070210632
967,31,9.99586349534643,9.0,998,9.96492985971944
965,32,9.99378238341969,9.0,997,9.96188565697091
970,29,9.99381443298969,9.0,999,9.96496496496496
