forward_num,reverse_num,forward_rate,reverse_rate,organism_num,organism_rate
5,5,5.0,5.0,10,5.0
5,5,5.0,5.0,10,5.0
5,5,5.0,5.0,10,5.0
5,5,5.0,5.0,10,5.0
5,5,5.0,5.0,10,5.0
5,5,5.0,5.0,10,5.0
6,5,5.0,5.0,11,5.0
6,5,5.0,5.0,11,5.0
6,5,5.0,5.0,11,5.0
6,6,5.0,4.66666666666667,12,4.83333333333333
5,6,5.2,4.66666666666667,11,4.90909090909091
5,6,5.2,4.66666666666667,11,4.90909090909091
5,7,5.2,4.57142857142857,12,4.83333333333333
5,7,5.2,4.57142857142857,12,4.83333333333333
6,7,5.0,4.57142857142857,13,4.76923076923077
6,7,5.0,4.57142857142857,13,4.76923076923077
6,7,5.0,4.57142857142857,13,4.76923076923077
6,7,5.0,4.57142857142857,13,4.76923076923077
7,8,5.14285714285714,4.375,15,4.73333333333333
8,7,5.125,4.57142857142857,15,4.86666666666667
8,9,5.125,4.11111111111111,17,4.58823529411765
9,9,4.77777777777778,4.11111111111111,18,4.44444444444444
9,9,4.77777777777778,4.11111111111111,18,4.44444444444444
9,9,4.77777777777778,4.11111111111111,18,4.44444444444444
9,9,4.77777777777778,4.11111111111111,18,4.44444444444444
10,9,4.6,4.11111111111111,19,4.36842105263158
10,10,4.6,4.2,20,4.4
10,10,4.6,4.2,20,4.4
11,12,4.54545454545455,4.08333333333333,23,4.30434782608696
11,12,4.54545454545455,4.08333333333333,23,4.30434782608696
11,13,4.54545454545455,4.07692307692308,24,4.29166666666667
13,14,4.15384615384615,4.07142857142857,27,4.11111111111111
13,14,4.15384615384615,4.07142857142857,27,4.11111111111111
14,14,4.21428571428571,4.07142857142857,28,4.14285714285714
14,15,4.21428571428571,4.13333333333333,29,4.17241379310345
16,16,4.0,4.0,32,4.0
16,16,4.0,4.0,32,4.0
16,17,4.0,3.94117647058824,33,3.96969696969697
17,18,3.88235294117647,4.0,35,3.94285714285714
17,20,3.88235294117647,3.85,37,3.86486486486486
19,21,3.94736842105263,3.85714285714286,40,3.9
19,21,3.94736842105263,3.85714285714286,40,3.9
25,22,3.68,3.77272727272727,47,3.72340425531915
25,24,3.68,3.625,49,3.6530612244898
26,24,3.65384615384615,3.625,50,3.64
29,25,3.6551724137931,3.68,54,3.66666666666667
29,26,3.6551724137931,3.65384615384615,55,3.65454545454545
31,28,3.64516129032258,3.64285714285714,59,3.64406779661017
31,28,3.64516129032258,3.64285714285714,59,3.64406779661017
35,30,3.54285714285714,3.6,65,3.56923076923077
37,32,3.48648648648649,3.5,69,3.49275362318841
38,35,3.52631578947368,3.57142857142857,73,3.54794520547945
46,37,3.30434782608696,3.48648648648649,83,3.3855421686747
46,38,3.30434782608696,3.52631578947368,84,3.4047619047619
48,40,3.27083333333333,3.5,88,3.375
48,40,3.27083333333333,3.5,88,3.375
55,40,3.27272727272727,3.5,95,3.36842105263158
59,44,3.25423728813559,3.5,103,3.35922330097087
61,46,3.29508196721311,3.47826086956522,107,3.37383177570093
67,47,3.2089552238806,3.51063829787234,114,3.33333333333333
67,49,3.2089552238806,3.53061224489796,116,3.3448275862069
72,51,3.20833333333333,3.56862745098039,123,3.35772357723577
80,56,3.125,3.46428571428571,136,3.26470588235294
92,56,3.1304347826087,3.46428571428571,148,3.25675675675676
97,61,3.15463917525773,3.44262295081967,158,3.26582278481013
97,66,3.15463917525773,3.39393939393939,163,3.25153374233129
110,68,3.13636363636364,3.39705882352941,178,3.23595505617978
110,72,3.13636363636364,3.36111111111111,182,3.22527472527473
120,74,3.13333333333333,3.33783783783784,194,3.21134020618557
137,79,3.03649635036496,3.37974683544304,216,3.16203703703704
139,82,3.05755395683453,3.34146341463415,221,3.16289592760181
146,86,3.05479452054795,3.36046511627907,232,3.16810344827586
146,93,3.05479452054795,3.27956989247312,239,3.14225941422594
178,98,3.0,3.27551020408163,276,3.09782608695652
180,101,3.01111111111111,3.26732673267327,281,3.10320284697509
196,104,3.06632653061224,3.28846153846154,300,3.14333333333333
224,107,3.04910714285714,3.27102803738318,331,3.12084592145015
224,114,3.04910714285714,3.2719298245614,338,3.12426035502959
243,117,3.06995884773663,3.28205128205128,360,3.13888888888889
248,123,3.07258064516129,3.24390243902439,371,3.12938005390836
282,131,3.03191489361702,3.18320610687023,413,3.07990314769976
294,140,3.03401360544218,3.15714285714286,434,3.07373271889401
313,148,3.04153354632588,3.13513513513514,461,3.07158351409978
375,153,2.944,3.11764705882353,528,2.99431818181818
377,159,2.95755968169761,3.11949685534591,536,3.00559701492537
405,167,2.97530864197531,3.13173652694611,572,3.02097902097902
413,177,2.97094430992736,3.12429378531073,590,3.01694915254237
462,186,2.96536796536797,3.11290322580645,648,3.00771604938272
495,198,2.96969696969697,3.10606060606061,693,3.00865800865801
513,203,3.0,3.12315270935961,716,3.03491620111732
591,208,2.95262267343486,3.11538461538462,799,2.99499374217772
594,217,2.95622895622896,3.10599078341014,811,2.99630086313194
640,228,2.9828125,3.10087719298246,868,3.01382488479263
700,241,2.92142857142857,3.0746887966805,941,2.96068012752391
750,247,2.91733333333333,3.08097165991903,997,2.95787362086259
756,241,2.90873015873016,3.08298755186722,997,2.95085255767302
756,240,2.92460317460317,3.0,996,2.94277108433735
768,231,2.95442708333333,3.004329004329,999,2.96596596596597
777,222,2.94208494208494,2.98648648648649,999,2.95195195195195
781,216,2.95262483994878,3.00462962962963,997,2.96389167502508
789,207,2.91888466413181,3.02415458937198,996,2.94076305220884
796,203,2.93844221105528,3.01970443349754,999,2.95495495495495
794,205,2.93828715365239,3.03414634146341,999,2.95795795795796
785,213,2.99235668789809,3.0093896713615,998,2.99599198396794
798,201,2.94486215538847,3.0,999,2.95595595595596
800,197,2.93375,2.98984771573604,997,2.94483450351053
810,189,2.93950617283951,3.03174603174603,999,2.95695695695696
804,194,2.91417910447761,3.01030927835052,998,2.93286573146293
807,190,2.9268897149938,3.02631578947368,997,2.94583751253761
807,192,2.94175960346964,2.97395833333333,999,2.94794794794795
800,199,2.9625,2.96984924623116,999,2.96396396396396
808,191,2.92574257425743,2.96858638743455,999,2.93393393393393
808,189,2.89356435643564,2.93650793650794,997,2.90170511534604
808,190,2.92821782178218,2.93157894736842,998,2.92885771543086
810,189,2.9037037037037,2.92063492063492,999,2.90690690690691
815,183,2.89447852760736,2.86338797814208,998,2.88877755511022
822,177,2.91240875912409,2.89830508474576,999,2.90990990990991
821,176,2.90377588306943,2.90340909090909,997,2.9037111334002
829,170,2.86731001206273,2.92941176470588,999,2.87787787787788
829,167,2.88902291917973,2.98802395209581,996,2.90562248995984
843,153,2.91340450771056,3.03921568627451,996,2.93273092369478
848,151,2.92570754716981,3.03973509933775,999,2.94294294294294
854,145,2.93559718969555,3.02758620689655,999,2.94894894894895
854,144,2.93793911007026,3.04166666666667,998,2.95290581162325
852,143,2.93779342723005,3.0,995,2.94673366834171
856,141,2.88901869158878,2.9645390070922,997,2.89969909729188
863,136,2.8505214368482,2.875,999,2.85385385385385
863,135,2.87833140208575,2.91111111111111,998,2.88276553106212
865,133,2.87052023121387,2.92481203007519,998,2.87775551102204
868,131,2.88133640552995,2.9618320610687,999,2.89189189189189
867,130,2.87889273356401,2.96153846153846,997,2.88966900702106
869,130,2.89298043728423,2.99230769230769,999,2.90590590590591
870,129,2.90344827586207,2.96899224806202,999,2.91191191191191
879,120,2.92491467576792,2.94166666666667,999,2.92692692692693
881,117,2.94324631101022,2.94871794871795,998,2.9438877755511
884,114,2.91628959276018,2.96491228070175,998,2.92184368737475
889,109,2.90438695163105,2.93577981651376,998,2.90781563126253
894,104,2.93176733780761,2.875,998,2.92585170340681
898,101,2.93875278396437,2.92079207920792,999,2.93693693693694
897,101,2.94425863991081,2.88118811881188,998,2.93787575150301
896,101,2.953125,2.92079207920792,997,2.94984954864594
899,100,2.92769744160178,2.91,999,2.92592592592593
896,102,2.9375,2.92156862745098,998,2.93587174348697
898,101,2.9543429844098,2.9009900990099,999,2.94894894894895
901,96,2.94450610432852,2.78125,997,2.92878635907723
902,97,2.93348115299335,2.76288659793814,999,2.91691691691692
906,93,2.90728476821192,2.75268817204301,999,2.89289289289289
899,96,2.90545050055617,2.73958333333333,995,2.8894472361809
907,91,2.92061742006615,2.7032967032967,998,2.90080160320641
913,85,2.92332968236583,2.71764705882353,998,2.90581162324649
918,81,2.92265795206972,2.79012345679012,999,2.91191191191191
915,83,2.92677595628415,2.7710843373494,998,2.91382765531062
922,77,2.93709327548807,2.80519480519481,999,2.92692692692693
925,74,2.96972972972973,2.78378378378378,999,2.95595595595596
923,75,2.93282773564464,2.84,998,2.92585170340681
927,72,2.95685005393743,2.875,999,2.95095095095095
927,71,2.91909385113269,2.80281690140845,998,2.91082164328657
927,69,2.90507011866235,2.8695652173913,996,2.90261044176707
927,71,2.9428263214671,2.83098591549296,998,2.93486973947896
930,69,2.93440860215054,2.72463768115942,999,2.91991991991992
929,67,2.95801937567277,2.65671641791045,996,2.93775100401606
936,63,2.95299145299145,2.68253968253968,999,2.93593593593594
937,61,2.93810032017076,2.67213114754098,998,2.92184368737475
939,59,2.95527156549521,2.72881355932203,998,2.94188376753507
941,58,2.96068012752391,2.63793103448276,999,2.94194194194194
942,56,2.95859872611465,2.60714285714286,998,2.93887775551102
942,57,2.93736730360934,2.6140350877193,999,2.91891891891892
945,54,2.8994708994709,2.57407407407407,999,2.88188188188188
944,53,2.91207627118644,2.60377358490566,997,2.89568706118355
946,52,2.8953488372093,2.75,998,2.8877755511022
943,54,2.89395546129374,2.77777777777778,997,2.8876629889669
944,55,2.89512711864407,2.76363636363636,999,2.88788788788789
947,52,2.87961985216473,2.82692307692308,999,2.87687687687688
949,49,2.88619599578504,2.87755102040816,998,2.88577154308617
947,50,2.89757127771911,2.92,997,2.89869608826479
953,46,2.87932843651626,2.91304347826087,999,2.88088088088088
952,47,2.88655462184874,2.95744680851064,999,2.88988988988989
952,47,2.84873949579832,2.95744680851064,999,2.85385385385385
949,48,2.82191780821918,2.91666666666667,997,2.82647943831494
948,50,2.81962025316456,2.92,998,2.82464929859719
948,49,2.82067510548523,2.95918367346939,997,2.82748244734203
950,48,2.82842105263158,2.91666666666667,998,2.83266533066132
950,49,2.83052631578947,2.95918367346939,999,2.83683683683684
949,50,2.83350895679663,3.0,999,2.84184184184184
950,49,2.83578947368421,2.97959183673469,999,2.84284284284284
950,46,2.83157894736842,3.0,996,2.83935742971888
952,46,2.83298319327731,2.93478260869565,998,2.8376753507014
954,44,2.78930817610063,2.90909090909091,998,2.79458917835671
957,41,2.77324973876698,2.92682926829268,998,2.77955911823647
954,41,2.79454926624738,3.0,995,2.80301507537688
954,43,2.79350104821803,2.97674418604651,997,2.80140421263791
955,43,2.79371727748691,2.90697674418605,998,2.79859719438878
959,39,2.79874869655892,2.94871794871795,998,2.80460921843687
956,40,2.7918410041841,2.975,996,2.79919678714859
959,40,2.83003128258603,2.875,999,2.83183183183183
958,40,2.83716075156576,2.85,998,2.8376753507014
956,43,2.83054393305439,2.81395348837209,999,2.82982982982983
958,41,2.80793319415449,2.92682926829268,999,2.81281281281281
960,38,2.79583333333333,3.0,998,2.80360721442886
963,36,2.81204569055036,3.05555555555556,999,2.82082082082082
961,38,2.83558792924037,3.10526315789474,999,2.84584584584585
958,39,2.84237995824635,3.05128205128205,997,2.85055165496489
955,39,2.83664921465969,3.1025641025641,994,2.84708249496982
957,39,2.83594566353187,3.1025641025641,996,2.84638554216867
957,41,2.85370950888192,3.04878048780488,998,2.86172344689379
957,42,2.86938349007315,3.04761904761905,999,2.87687687687688
959,39,2.89259645464025,3.1025641025641,998,2.90080160320641
957,42,2.85684430512017,3.0952380952381,999,2.86686686686687
958,41,2.81628392484342,3.04878048780488,999,2.82582582582583
955,44,2.80732984293194,2.97727272727273,999,2.81481481481481
953,43,2.81846799580273,3.0,996,2.82630522088353
960,39,2.82291666666667,3.0,999,2.82982982982983
960,39,2.82916666666667,3.0,999,2.83583583583584
962,35,2.82224532224532,3.02857142857143,997,2.82948846539619
964,35,2.81120331950207,3.0,999,2.81781781781782
958,37,2.82359081419624,2.97297297297297,995,2.82914572864322
961,37,2.83038501560874,3.08108108108108,998,2.83967935871743
961,36,2.85015608740895,3.05555555555556,997,2.85757271815446
960,36,2.84895833333333,3.02777777777778,996,2.85542168674699
963,36,2.85669781931464,3.0,999,2.86186186186186
964,35,2.84647302904564,2.88571428571429,999,2.84784784784785
963,34,2.83281412253375,2.94117647058824,997,2.83650952858576
963,35,2.82658359293873,2.91428571428571,998,2.82965931863727
961,36,2.81061394380853,2.88888888888889,997,2.81344032096289
963,35,2.81516095534787,2.82857142857143,998,2.81563126252505
962,36,2.83679833679834,2.83333333333333,998,2.83667334669339
960,37,2.82083333333333,2.83783783783784,997,2.82146439317954
966,33,2.83022774327122,2.78787878787879,999,2.82882882882883
963,33,2.82139148494289,2.6969696969697,996,2.81726907630522
968,30,2.82334710743802,2.63333333333333,998,2.81763527054108
968,30,2.79648760330579,2.56666666666667,998,2.78957915831663
965,30,2.80103626943005,2.6,995,2.79497487437186
969,28,2.81114551083591,2.64285714285714,997,2.80641925777332
968,29,2.80888429752066,2.62068965517241,997,2.80341023069208
968,31,2.79028925619835,2.67741935483871,999,2.78678678678679
966,33,2.8064182194617,2.75757575757576,999,2.8048048048048
968,30,2.81198347107438,2.73333333333333,998,2.80961923847695
969,30,2.81424148606811,2.73333333333333,999,2.81181181181181
968,31,2.84400826446281,2.87096774193548,999,2.84484484484484
967,30,2.82730093071355,2.9,997,2.82948846539619
969,29,2.84726522187822,3.0,998,2.85170340681363
968,28,2.82644628099174,3.0,996,2.83132530120482
969,29,2.82249742002064,3.06896551724138,998,2.82965931863727
970,28,2.82061855670103,3.17857142857143,998,2.83066132264529
970,29,2.84948453608247,3.20689655172414,999,2.85985985985986
968,31,2.85020661157025,3.29032258064516,999,2.86386386386386
968,31,2.86157024793388,3.12903225806452,999,2.86986986986987
969,28,2.84623323013416,3.21428571428571,997,2.85656970912738
971,28,2.84449021627188,3.32142857142857,999,2.85785785785786
971,27,2.84346035015448,3.18518518518519,998,2.85270541082164
973,25,2.82322713257965,3.16,998,2.83166332665331
977,22,2.82702149437052,3.31818181818182,999,2.83783783783784
978,20,2.82515337423313,3.35,998,2.83567134268537
977,20,2.83213920163767,3.45,997,2.84453360080241
979,19,2.81920326864147,3.52631578947368,998,2.83266533066132
980,19,2.80918367346939,3.52631578947368,999,2.82282282282282
982,17,2.80040733197556,3.76470588235294,999,2.81681681681682
981,18,2.80835881753313,3.77777777777778,999,2.82582582582583
983,16,2.81892166836216,3.875,999,2.83583583583584
982,17,2.82077393075356,3.76470588235294,999,2.83683683683684
984,15,2.82621951219512,3.66666666666667,999,2.83883883883884
981,15,2.80224260958206,3.66666666666667,996,2.81526104417671
984,14,2.81808943089431,3.78571428571429,998,2.83166332665331
984,15,2.82621951219512,3.93333333333333,999,2.84284284284284
981,18,2.81549439347604,3.61111111111111,999,2.82982982982983
983,16,2.80773143438454,3.5,999,2.81881881881882
982,15,2.84114052953157,3.66666666666667,997,2.85356068204614
984,15,2.85162601626016,3.66666666666667,999,2.86386386386386
986,12,2.8580121703854,3.25,998,2.8627254509018
990,9,2.85656565656566,3.33333333333333,999,2.86086086086086
990,8,2.82929292929293,3.625,998,2.83567134268537
989,8,2.8422649140546,3.625,997,2.84854563691073
991,8,2.84863773965691,3.625,999,2.85485485485485
991,8,2.84258324924319,3.625,999,2.84884884884885
992,7,2.82157258064516,3.85714285714286,999,2.82882882882883
991,8,2.81634712411705,3.625,999,2.82282282282282
992,7,2.83165322580645,2.85714285714286,999,2.83183183183183
989,7,2.83923154701719,2.85714285714286,996,2.83935742971888
992,7,2.86491935483871,2.85714285714286,999,2.86486486486486
992,7,2.87197580645161,2.71428571428571,999,2.87087087087087
992,7,2.875,2.71428571428571,999,2.87387387387387
992,7,2.87903225806452,2.71428571428571,999,2.87787787787788
991,7,2.8627648839556,2.71428571428571,998,2.86172344689379
992,7,2.84173387096774,2.71428571428571,999,2.84084084084084
992,6,2.84173387096774,2.83333333333333,998,2.84168336673347
992,6,2.85282258064516,2.83333333333333,998,2.85270541082164
993,6,2.90030211480363,2.83333333333333,999,2.8998998998999
992,6,2.91935483870968,2.83333333333333,998,2.9188376753507
993,6,2.92749244712991,2.83333333333333,999,2.92692692692693
992,6,2.9304435483871,2.83333333333333,998,2.92985971943888
992,7,2.89516129032258,2.71428571428571,999,2.89389389389389
994,5,2.88531187122736,1.8,999,2.87987987987988
993,5,2.87411883182276,1.8,998,2.8687374749499
992,5,2.87701612903226,1.8,997,2.8716148445336
992,5,2.87903225806452,1.8,997,2.87362086258776
994,5,2.88631790744467,1.8,999,2.88088088088088
994,3,2.88128772635815,2.0,997,2.87863590772317
995,3,2.87939698492462,2.0,998,2.87675350701403
995,3,2.84824120603015,2.0,998,2.84569138276553
996,3,2.8785140562249,2.0,999,2.87587587587588
996,3,2.87550200803213,2.0,999,2.87287287287287
997,2,2.87662988966901,2.0,999,2.87487487487487
995,2,2.86834170854271,2.0,997,2.86659979939819
996,2,2.85542168674699,2.0,998,2.85370741482966
995,2,2.85929648241206,2.0,997,2.85757271815446
995,3,2.87336683417085,2.0,998,2.87074148296593
994,4,2.87826961770624,2.0,998,2.874749498998
994,4,2.87122736418511,2.0,998,2.86773547094188
994,4,2.84507042253521,2.0,998,2.84168336673347
995,4,2.83115577889447,2.0,999,2.82782782782783
995,4,2.84422110552764,2.0,999,2.84084084084084
994,4,2.86418511066398,2.0,998,2.86072144288577
995,4,2.85628140703518,2.0,999,2.85285285285285
994,4,2.82897384305835,2.0,998,2.82565130260521
994,4,2.83501006036217,2.0,998,2.83166332665331
995,4,2.8321608040201,2.0,999,2.82882882882883
994,4,2.84808853118712,2.0,998,2.84468937875751
995,4,2.86331658291457,2.0,999,2.85985985985986
997,1,2.86158475426279,2.0,998,2.86072144288577
997,0,2.86158475426279,NaN,997,2.86158475426279
999,0,2.83983983983984,NaN,999,2.83983983983984
998,0,2.85370741482966,NaN,998,2.85370741482966
998,0,2.87775551102204,NaN,998,2.87775551102204
998,0,2.91282565130261,NaN,998,2.91282565130261
998,0,2.90581162324649,NaN,998,2.90581162324649
997,0,2.86158475426279,NaN,997,2.86158475426279
996,0,2.86746987951807,NaN,996,2.86746987951807
999,0,2.86586586586587,NaN,999,2.86586586586587
999,0,2.83583583583584,NaN,999,2.83583583583584
998,0,2.8376753507014,NaN,998,2.8376753507014
998,0,2.82464929859719,NaN,998,2.82464929859719
998,0,2.80661322645291,NaN,998,2.80661322645291
997,0,2.79638916750251,NaN,997,2.79638916750251
997,0,2.81444332998997,NaN,997,2.81444332998997
999,0,2.81581581581582,NaN,999,2.81581581581582
998,0,2.79659318637275,NaN,998,2.79659318637275
998,0,2.79058116232465,NaN,998,2.79058116232465
997,0,2.78535606820461,NaN,997,2.78535606820461
998,0,2.79559118236473,NaN,998,2.79559118236473
999,0,2.80980980980981,NaN,999,2.80980980980981
999,0,2.83283283283283,NaN,999,2.83283283283283
998,0,2.81462925851703,NaN,998,2.81462925851703
999,0,2.84584584584585,NaN,999,2.84584584584585
998,0,2.87174348697395,NaN,998,2.87174348697395
999,0,2.87287287287287,NaN,999,2.87287287287287
998,0,2.90280561122244,NaN,998,2.90280561122244
999,0,2.87787787787788,NaN,999,2.87787787787788
999,0,2.87987987987988,NaN,999,2.87987987987988
999,0,2.8998998998999,NaN,999,2.8998998998999
998,0,2.91382765531062,NaN,998,2.91382765531062
998,0,2.9248496993988,NaN,998,2.9248496993988
999,0,2.92792792792793,NaN,999,2.92792792792793
998,0,2.92184368737475,NaN,998,2.92184368737475
998,0,2.93386773547094,NaN,998,2.93386773547094
998,0,2.91983967935872,NaN,998,2.91983967935872
997,0,2.90972918756269,NaN,997,2.90972918756269
998,0,2.85170340681363,NaN,998,2.85170340681363
998,0,2.85070140280561,NaN,998,2.85070140280561
999,0,2.85585585585586,NaN,999,2.85585585585586
998,0,2.85571142284569,NaN,998,2.85571142284569
999,0,2.88488488488488,NaN,999,2.88488488488488
997,0,2.86258776328987,NaN,997,2.86258776328987
998,0,2.85170340681363,NaN,998,2.85170340681363
998,0,2.87775551102204,NaN,998,2.87775551102204
999,0,2.87287287287287,NaN,999,2.87287287287287
999,0,2.88588588588589,NaN,999,2.88588588588589
999,0,2.88188188188188,NaN,999,2.88188188188188
999,0,2.88588588588589,NaN,999,2.88588588588589
997,0,2.85055165496489,NaN,997,2.85055165496489
999,0,2.84284284284284,NaN,999,2.84284284284284
995,0,2.85025125628141,NaN,995,2.85025125628141
997,0,2.839518555667,NaN,997,2.839518555667
999,0,2.85185185185185,NaN,999,2.85185185185185
999,0,2.83483483483483,NaN,999,2.83483483483483
998,0,2.80561122244489,NaN,998,2.80561122244489
999,0,2.7957957957958,NaN,999,2.7957957957958
999,0,2.77377377377377,NaN,999,2.77377377377377
999,0,2.75075075075075,NaN,999,2.75075075075075
998,0,2.76052104208417,NaN,998,2.76052104208417
999,0,2.76176176176176,NaN,999,2.76176176176176
996,0,2.77610441767068,NaN,996,2.77610441767068
998,0,2.7685370741483,NaN,998,2.7685370741483
998,0,2.76753507014028,NaN,998,2.76753507014028
999,0,2.77177177177177,NaN,999,2.77177177177177
997,0,2.77733199598796,NaN,997,2.77733199598796
998,0,2.76753507014028,NaN,998,2.76753507014028
994,0,2.73239436619718,NaN,994,2.73239436619718
998,0,2.72144288577154,NaN,998,2.72144288577154
998,0,2.7374749498998,NaN,998,2.7374749498998
998,0,2.74448897795591,NaN,998,2.74448897795591
997,0,2.74222668004012,NaN,997,2.74222668004012
999,0,2.74574574574575,NaN,999,2.74574574574575
997,0,2.77131394182548,NaN,997,2.77131394182548
996,0,2.75100401606426,NaN,996,2.75100401606426
999,0,2.75975975975976,NaN,999,2.75975975975976
997,0,2.76328986960883,NaN,997,2.76328986960883
998,0,2.77154308617234,NaN,998,2.77154308617234
998,0,2.75450901803607,NaN,998,2.75450901803607
998,0,2.77454909819639,NaN,998,2.77454909819639
999,0,2.78178178178178,NaN,999,2.78178178178178
998,0,2.76052104208417,NaN,998,2.76052104208417
998,0,2.76553106212425,NaN,998,2.76553106212425
999,0,2.74674674674675,NaN,999,2.74674674674675
999,0,2.75675675675676,NaN,999,2.75675675675676
996,0,2.76104417670683,NaN,996,2.76104417670683
998,0,2.75050100200401,NaN,998,2.75050100200401
999,0,2.74574574574575,NaN,999,2.74574574574575
997,0,2.7542627883651,NaN,997,2.7542627883651
999,0,2.74974974974975,NaN,999,2.74974974974975
999,0,2.77677677677678,NaN,999,2.77677677677678
999,0,2.75775775775776,NaN,999,2.75775775775776
999,0,2.78678678678679,NaN,999,2.78678678678679
999,0,2.78378378378378,NaN,999,2.78378378378378
997,0,2.77231695085256,NaN,997,2.77231695085256
999,0,2.77377377377377,NaN,999,2.77377377377377
998,0,2.77655310621242,NaN,998,2.77655310621242
999,0,2.73873873873874,NaN,999,2.73873873873874
999,0,2.74374374374374,NaN,999,2.74374374374374
999,0,2.72372372372372,NaN,999,2.72372372372372
999,0,2.73273273273273,NaN,999,2.73273273273273
999,0,2.71371371371371,NaN,999,2.71371371371371
999,0,2.71171171171171,NaN,999,2.71171171171171
999,0,2.74074074074074,NaN,999,2.74074074074074
998,0,2.74949899799599,NaN,998,2.74949899799599
998,0,2.77855711422846,NaN,998,2.77855711422846
998,0,2.77454909819639,NaN,998,2.77454909819639
998,0,2.76152304609218,NaN,998,2.76152304609218
998,0,2.78056112224449,NaN,998,2.78056112224449
997,0,2.75125376128385,NaN,997,2.75125376128385
998,0,2.7565130260521,NaN,998,2.7565130260521
998,0,2.7434869739479,NaN,998,2.7434869739479
997,0,2.74022066198596,NaN,997,2.74022066198596
999,0,2.75975975975976,NaN,999,2.75975975975976
999,0,2.76176176176176,NaN,999,2.76176176176176
998,0,2.79058116232465,NaN,998,2.79058116232465
998,0,2.79559118236473,NaN,998,2.79559118236473
998,0,2.79959919839679,NaN,998,2.79959919839679
999,0,2.77377377377377,NaN,999,2.77377377377377
999,0,2.77577577577578,NaN,999,2.77577577577578
999,0,2.78578578578579,NaN,999,2.78578578578579
998,0,2.79458917835671,NaN,998,2.79458917835671
999,0,2.8028028028028,NaN,999,2.8028028028028
999,0,2.79379379379379,NaN,999,2.79379379379379
998,0,2.78857715430862,NaN,998,2.78857715430862
999,0,2.7997997997998,NaN,999,2.7997997997998
997,0,2.81745235707121,NaN,997,2.81745235707121
999,0,2.8048048048048,NaN,999,2.8048048048048
998,0,2.79859719438878,NaN,998,2.79859719438878
997,0,2.81143430290873,NaN,997,2.81143430290873
999,0,2.8008008008008,NaN,999,2.8008008008008
999,0,2.78978978978979,NaN,999,2.78978978978979
998,0,2.78156312625251,NaN,998,2.78156312625251
999,0,2.78778778778779,NaN,999,2.78778778778779
997,0,2.77733199598796,NaN,997,2.77733199598796
997,0,2.78134403209629,NaN,997,2.78134403209629
999,0,2.78278278278278,NaN,999,2.78278278278278
999,0,2.77877877877878,NaN,999,2.77877877877878
999,0,2.75375375375375,NaN,999,2.75375375375375
999,0,2.77777777777778,NaN,999,2.77777777777778
998,0,2.77555110220441,NaN,998,2.77555110220441
997,0,2.78335005015045,NaN,997,2.78335005015045
999,0,2.74174174174174,NaN,999,2.74174174174174
998,0,2.74649298597194,NaN,998,2.74649298597194
999,0,2.73673673673674,NaN,999,2.73673673673674
999,0,2.74274274274274,NaN,999,2.74274274274274
999,0,2.77277277277277,NaN,999,2.77277277277277
999,0,2.77277277277277,NaN,999,2.77277277277277
998,0,2.79058116232465,NaN,998,2.79058116232465
997,0,2.7863590772317,NaN,997,2.7863590772317
997,0,2.78836509528586,NaN,997,2.78836509528586
999,0,2.76176176176176,NaN,999,2.76176176176176
999,0,2.76576576576577,NaN,999,2.76576576576577
998,0,2.7625250501002,NaN,998,2.7625250501002
999,0,2.75175175175175,NaN,999,2.75175175175175
999,0,2.73373373373373,NaN,999,2.73373373373373
999,0,2.73873873873874,NaN,999,2.73873873873874
997,0,2.75325977933801,NaN,997,2.75325977933801
999,0,2.74074074074074,NaN,999,2.74074074074074
997,0,2.7432296890672,NaN,997,2.7432296890672
996,0,2.74196787148594,NaN,996,2.74196787148594
999,0,2.74174174174174,NaN,999,2.74174174174174
999,0,2.71871871871872,NaN,999,2.71871871871872
999,0,2.7037037037037,NaN,999,2.7037037037037
999,0,2.73173173173173,NaN,999,2.73173173173173
998,0,2.72244488977956,NaN,998,2.72244488977956
996,0,2.74497991967871,NaN,996,2.74497991967871
999,0,2.74374374374374,NaN,999,2.74374374374374
997,0,2.74623871614845,NaN,997,2.74623871614845
995,0,2.76381909547739,NaN,995,2.76381909547739
999,0,2.79279279279279,NaN,999,2.79279279279279
999,0,2.81281281281281,NaN,999,2.81281281281281
998,0,2.81462925851703,NaN,998,2.81462925851703
998,0,2.79759519038076,NaN,998,2.79759519038076
997,0,2.80240722166499,NaN,997,2.80240722166499
998,0,2.78256513026052,NaN,998,2.78256513026052
999,0,2.77277277277277,NaN,999,2.77277277277277
997,0,2.79739217652959,NaN,997,2.79739217652959
998,0,2.81362725450902,NaN,998,2.81362725450902
999,0,2.78978978978979,NaN,999,2.78978978978979
999,0,2.78378378378378,NaN,999,2.78378378378378
998,0,2.81362725450902,NaN,998,2.81362725450902
997,0,2.81845536609829,NaN,997,2.81845536609829
998,0,2.83266533066132,NaN,998,2.83266533066132
998,0,2.81563126252505,NaN,998,2.81563126252505
998,0,2.79759519038076,NaN,998,2.79759519038076
998,0,2.79258517034068,NaN,998,2.79258517034068
999,0,2.8018018018018,NaN,999,2.8018018018018
998,0,2.80160320641283,NaN,998,2.80160320641283
999,0,2.8038038038038,NaN,999,2.8038038038038
998,0,2.79859719438878,NaN,998,2.79859719438878
999,0,2.8008008008008,NaN,999,2.8008008008008
999,0,2.8038038038038,NaN,999,2.8038038038038
999,0,2.8028028028028,NaN,999,2.8028028028028
999,0,2.81681681681682,NaN,999,2.81681681681682
999,0,2.81781781781782,NaN,999,2.81781781781782
999,0,2.8028028028028,NaN,999,2.8028028028028
998,0,2.81663326653307,NaN,998,2.81663326653307
999,0,2.81181181181181,NaN,999,2.81181181181181
996,0,2.82630522088353,NaN,996,2.82630522088353
998,0,2.80160320641283,NaN,998,2.80160320641283
998,0,2.81162324649299,NaN,998,2.81162324649299
999,0,2.82082082082082,NaN,999,2.82082082082082
998,0,2.80360721442886,NaN,998,2.80360721442886
998,0,2.80460921843687,NaN,998,2.80460921843687
998,0,2.79559118236473,NaN,998,2.79559118236473
999,0,2.79379379379379,NaN,999,2.79379379379379
998,0,2.78857715430862,NaN,998,2.78857715430862
999,0,2.82482482482482,NaN,999,2.82482482482482
999,0,2.84784784784785,NaN,999,2.84784784784785
999,0,2.85385385385385,NaN,999,2.85385385385385
999,0,2.87187187187187,NaN,999,2.87187187187187
997,0,2.85656970912738,NaN,997,2.85656970912738
995,0,2.86030150753769,NaN,995,2.86030150753769
998,0,2.87875751503006,NaN,998,2.87875751503006
998,0,2.90080160320641,NaN,998,2.90080160320641
998,0,2.91683366733467,NaN,998,2.91683366733467
999,0,2.91091091091091,NaN,999,2.91091091091091
997,0,2.89067201604814,NaN,997,2.89067201604814
999,0,2.89389389389389,NaN,999,2.89389389389389
998,0,2.89679358717435,NaN,998,2.89679358717435
999,0,2.87487487487487,NaN,999,2.87487487487487
998,0,2.87274549098196,NaN,998,2.87274549098196
998,0,2.86673346693387,NaN,998,2.86673346693387
997,0,2.85656970912738,NaN,997,2.85656970912738
999,0,2.84184184184184,NaN,999,2.84184184184184
998,0,2.85571142284569,NaN,998,2.85571142284569
996,0,2.8433734939759,NaN,996,2.8433734939759
998,0,2.80961923847695,NaN,998,2.80961923847695
998,0,2.80360721442886,NaN,998,2.80360721442886
997,0,2.79638916750251,NaN,997,2.79638916750251
997,0,2.79939819458375,NaN,997,2.79939819458375
998,0,2.81563126252505,NaN,998,2.81563126252505
998,0,2.82364729458918,NaN,998,2.82364729458918
999,0,2.81681681681682,NaN,999,2.81681681681682
998,0,2.80661322645291,NaN,998,2.80661322645291
998,0,2.80761523046092,NaN,998,2.80761523046092
999,0,2.81981981981982,NaN,999,2.81981981981982
998,0,2.78957915831663,NaN,998,2.78957915831663
998,0,2.77354709418838,NaN,998,2.77354709418838
996,0,2.78815261044177,NaN,996,2.78815261044177
999,0,2.78778778778779,NaN,999,2.78778778778779
997,0,2.79839518555667,NaN,997,2.79839518555667
998,0,2.7935871743487,NaN,998,2.7935871743487
999,0,2.77777777777778,NaN,999,2.77777777777778
999,0,2.78478478478478,NaN,999,2.78478478478478
998,0,2.78056112224449,NaN,998,2.78056112224449
998,0,2.78857715430862,NaN,998,2.78857715430862
999,0,2.78178178178178,NaN,999,2.78178178178178
999,0,2.81481481481481,NaN,999,2.81481481481481
998,0,2.83266533066132,NaN,998,2.83266533066132
999,0,2.80880880880881,NaN,999,2.80880880880881
998,0,2.80561122244489,NaN,998,2.80561122244489
998,0,2.80160320641283,NaN,998,2.80160320641283
998,0,2.80160320641283,NaN,998,2.80160320641283
999,0,2.77077077077077,NaN,999,2.77077077077077
998,0,2.78256513026052,NaN,998,2.78256513026052
998,0,2.79559118236473,NaN,998,2.79559118236473
998,0,2.81563126252505,NaN,998,2.81563126252505
999,0,2.7957957957958,NaN,999,2.7957957957958
997,0,2.7913741223671,NaN,997,2.7913741223671
999,0,2.78578578578579,NaN,999,2.78578578578579
998,0,2.78056112224449,NaN,998,2.78056112224449
999,0,2.79279279279279,NaN,999,2.79279279279279
999,0,2.77577577577578,NaN,999,2.77577577577578
998,0,2.79058116232465,NaN,998,2.79058116232465
998,0,2.77054108216433,NaN,998,2.77054108216433
998,0,2.7625250501002,NaN,998,2.7625250501002
997,0,2.77231695085256,NaN,997,2.77231695085256
999,0,2.77177177177177,NaN,999,2.77177177177177
999,0,2.75775775775776,NaN,999,2.75775775775776
999,0,2.77577577577578,NaN,999,2.77577577577578
998,0,2.77855711422846,NaN,998,2.77855711422846
998,0,2.78557114228457,NaN,998,2.78557114228457
998,0,2.79559118236473,NaN,998,2.79559118236473
996,0,2.80120481927711,NaN,996,2.80120481927711
999,0,2.7997997997998,NaN,999,2.7997997997998
997,0,2.80140421263791,NaN,997,2.80140421263791
998,0,2.82765531062124,NaN,998,2.82765531062124
999,0,2.81181181181181,NaN,999,2.81181181181181
998,0,2.79959919839679,NaN,998,2.79959919839679
999,0,2.8048048048048,NaN,999,2.8048048048048
997,0,2.81143430290873,NaN,997,2.81143430290873
999,0,2.81981981981982,NaN,999,2.81981981981982
999,0,2.81381381381381,NaN,999,2.81381381381381
998,0,2.79959919839679,NaN,998,2.79959919839679
998,0,2.83166332665331,NaN,998,2.83166332665331
997,0,2.81845536609829,NaN,997,2.81845536609829
998,0,2.8376753507014,NaN,998,2.8376753507014
999,0,2.84284284284284,NaN,999,2.84284284284284
999,0,2.80780780780781,NaN,999,2.80780780780781
999,0,2.7987987987988,NaN,999,2.7987987987988
998,0,2.7935871743487,NaN,998,2.7935871743487
999,0,2.81381381381381,NaN,999,2.81381381381381
997,0,2.79338014042126,NaN,997,2.79338014042126
997,0,2.77131394182548,NaN,997,2.77131394182548
998,0,2.77254509018036,NaN,998,2.77254509018036
999,0,2.78678678678679,NaN,999,2.78678678678679
998,0,2.78156312625251,NaN,998,2.78156312625251
998,0,2.78857715430862,NaN,998,2.78857715430862
999,0,2.77477477477477,NaN,999,2.77477477477477
998,0,2.77454909819639,NaN,998,2.77454909819639
997,0,2.79839518555667,NaN,997,2.79839518555667
999,0,2.80780780780781,NaN,999,2.80780780780781
997,0,2.83049147442327,NaN,997,2.83049147442327
998,0,2.80360721442886,NaN,998,2.80360721442886
999,0,2.76776776776777,NaN,999,2.76776776776777
998,0,2.76052104208417,NaN,998,2.76052104208417
998,0,2.78056112224449,NaN,998,2.78056112224449
999,0,2.76976976976977,NaN,999,2.76976976976977
998,0,2.76052104208417,NaN,998,2.76052104208417
999,0,2.73973973973974,NaN,999,2.73973973973974
997,0,2.73019057171515,NaN,997,2.73019057171515
998,0,2.7434869739479,NaN,998,2.7434869739479
996,0,2.74698795180723,NaN,996,2.74698795180723
998,0,2.73847695390782,NaN,998,2.73847695390782
999,0,2.73073073073073,NaN,999,2.73073073073073
998,0,2.74248496993988,NaN,998,2.74248496993988
998,0,2.76753507014028,NaN,998,2.76753507014028
998,0,2.78857715430862,NaN,998,2.78857715430862
999,0,2.78778778778779,NaN,999,2.78778778778779
999,0,2.75675675675676,NaN,999,2.75675675675676
998,0,2.75150300601202,NaN,998,2.75150300601202
999,0,2.74974974974975,NaN,999,2.74974974974975
997,0,2.76228686058175,NaN,997,2.76228686058175
998,0,2.75751503006012,NaN,998,2.75751503006012
997,0,2.77131394182548,NaN,997,2.77131394182548
996,0,2.79016064257028,NaN,996,2.79016064257028
998,0,2.78957915831663,NaN,998,2.78957915831663
999,0,2.79179179179179,NaN,999,2.79179179179179
999,0,2.77277277277277,NaN,999,2.77277277277277
999,0,2.77577577577578,NaN,999,2.77577577577578
999,0,2.74574574574575,NaN,999,2.74574574574575
999,0,2.74474474474474,NaN,999,2.74474474474474
998,0,2.75851703406814,NaN,998,2.75851703406814
998,0,2.74749498997996,NaN,998,2.74749498997996
999,0,2.71071071071071,NaN,999,2.71071071071071
997,0,2.73019057171515,NaN,997,2.73019057171515
998,0,2.73847695390782,NaN,998,2.73847695390782
998,0,2.75751503006012,NaN,998,2.75751503006012
998,0,2.74849699398798,NaN,998,2.74849699398798
999,0,2.72672672672673,NaN,999,2.72672672672673
997,0,2.7432296890672,NaN,997,2.7432296890672
999,0,2.73573573573574,NaN,999,2.73573573573574
997,0,2.76028084252758,NaN,997,2.76028084252758
998,0,2.75551102204409,NaN,998,2.75551102204409
998,0,2.73446893787575,NaN,998,2.73446893787575
997,0,2.7271815446339,NaN,997,2.7271815446339
999,0,2.68868868868869,NaN,999,2.68868868868869
999,0,2.68968968968969,NaN,999,2.68968968968969
999,0,2.70770770770771,NaN,999,2.70770770770771
997,0,2.68004012036108,NaN,997,2.68004012036108
997,0,2.68906720160481,NaN,997,2.68906720160481
999,0,2.66766766766767,NaN,999,2.66766766766767
998,0,2.67935871743487,NaN,998,2.67935871743487
999,0,2.69069069069069,NaN,999,2.69069069069069
995,0,2.68341708542714,NaN,995,2.68341708542714
998,0,2.68937875751503,NaN,998,2.68937875751503
999,0,2.6996996996997,NaN,999,2.6996996996997
997,0,2.70110330992979,NaN,997,2.70110330992979
999,0,2.71471471471471,NaN,999,2.71471471471471
999,0,2.71771771771772,NaN,999,2.71771771771772
997,0,2.7271815446339,NaN,997,2.7271815446339
998,0,2.73046092184369,NaN,998,2.73046092184369
998,0,2.71543086172345,NaN,998,2.71543086172345
997,0,2.73319959879639,NaN,997,2.73319959879639
998,0,2.74849699398798,NaN,998,2.74849699398798
999,0,2.75075075075075,NaN,999,2.75075075075075
999,0,2.74074074074074,NaN,999,2.74074074074074
996,0,2.73995983935743,NaN,996,2.73995983935743
999,0,2.74374374374374,NaN,999,2.74374374374374
999,0,2.75075075075075,NaN,999,2.75075075075075
999,0,2.71671671671672,NaN,999,2.71671671671672
998,0,2.74048096192385,NaN,998,2.74048096192385
999,0,2.75075075075075,NaN,999,2.75075075075075
997,0,2.72918756268806,NaN,997,2.72918756268806
998,0,2.76052104208417,NaN,998,2.76052104208417
999,0,2.76176176176176,NaN,999,2.76176176176176
997,0,2.77231695085256,NaN,997,2.77231695085256
999,0,2.78778778778779,NaN,999,2.78778778778779
998,0,2.80260521042084,NaN,998,2.80260521042084
999,0,2.80980980980981,NaN,999,2.80980980980981
998,0,2.79058116232465,NaN,998,2.79058116232465
999,0,2.75775775775776,NaN,999,2.75775775775776
998,0,2.78056112224449,NaN,998,2.78056112224449
999,0,2.78478478478478,NaN,999,2.78478478478478
998,0,2.78957915831663,NaN,998,2.78957915831663
999,0,2.7957957957958,NaN,999,2.7957957957958
999,0,2.79479479479479,NaN,999,2.79479479479479
997,0,2.79338014042126,NaN,997,2.79338014042126
998,0,2.78957915831663,NaN,998,2.78957915831663
999,0,2.78278278278278,NaN,999,2.78278278278278
999,0,2.78278278278278,NaN,999,2.78278278278278
999,0,2.76076076076076,NaN,999,2.76076076076076
999,0,2.75775775775776,NaN,999,2.75775775775776
999,0,2.77677677677678,NaN,999,2.77677677677678
999,0,2.77177177177177,NaN,999,2.77177177177177
998,0,2.78657314629259,NaN,998,2.78657314629259
999,0,2.78878878878879,NaN,999,2.78878878878879
999,0,2.81981981981982,NaN,999,2.81981981981982
999,0,2.80580580580581,NaN,999,2.80580580580581
998,0,2.82164328657315,NaN,998,2.82164328657315
995,0,2.82412060301508,NaN,995,2.82412060301508
999,0,2.7987987987988,NaN,999,2.7987987987988
999,0,2.81181181181181,NaN,999,2.81181181181181
998,0,2.81963927855711,NaN,998,2.81963927855711
997,0,2.81243731193581,NaN,997,2.81243731193581
997,0,2.82948846539619,NaN,997,2.82948846539619
997,0,2.81243731193581,NaN,997,2.81243731193581
997,0,2.81344032096289,NaN,997,2.81344032096289
998,0,2.81563126252505,NaN,998,2.81563126252505
998,0,2.79458917835671,NaN,998,2.79458917835671
999,0,2.77777777777778,NaN,999,2.77777777777778
999,0,2.77777777777778,NaN,999,2.77777777777778
999,0,2.76676676676677,NaN,999,2.76676676676677
996,0,2.78915662650602,NaN,996,2.78915662650602
998,0,2.78256513026052,NaN,998,2.78256513026052
998,0,2.78356713426854,NaN,998,2.78356713426854
999,0,2.75975975975976,NaN,999,2.75975975975976
999,0,2.75575575575576,NaN,999,2.75575575575576
997,0,2.7592778335005,NaN,997,2.7592778335005
998,0,2.74749498997996,NaN,998,2.74749498997996
999,0,2.77477477477477,NaN,999,2.77477477477477
999,0,2.77277277277277,NaN,999,2.77277277277277
997,0,2.76629889669007,NaN,997,2.76629889669007
998,0,2.76753507014028,NaN,998,2.76753507014028
999,0,2.76976976976977,NaN,999,2.76976976976977
997,0,2.76629889669007,NaN,997,2.76629889669007
999,0,2.77077077077077,NaN,999,2.77077077077077
998,0,2.73446893787575,NaN,998,2.73446893787575
998,0,2.78256513026052,NaN,998,2.78256513026052
997,0,2.75827482447342,NaN,997,2.75827482447342
999,0,2.76776776776777,NaN,999,2.76776776776777
998,0,2.76553106212425,NaN,998,2.76553106212425
998,0,2.75851703406814,NaN,998,2.75851703406814
999,0,2.77377377377377,NaN,999,2.77377377377377
997,0,2.80641925777332,NaN,997,2.80641925777332
998,0,2.79759519038076,NaN,998,2.79759519038076
999,0,2.81881881881882,NaN,999,2.81881881881882
997,0,2.79538615847543,NaN,997,2.79538615847543
997,0,2.81344032096289,NaN,997,2.81344032096289
999,0,2.79079079079079,NaN,999,2.79079079079079
998,0,2.79859719438878,NaN,998,2.79859719438878
999,0,2.81881881881882,NaN,999,2.81881881881882
998,0,2.80961923847695,NaN,998,2.80961923847695
999,0,2.82182182182182,NaN,999,2.82182182182182
999,0,2.82582582582583,NaN,999,2.82582582582583
999,0,2.81381381381381,NaN,999,2.81381381381381
998,0,2.82565130260521,NaN,998,2.82565130260521
999,0,2.82282282282282,NaN,999,2.82282282282282
999,0,2.78778778778779,NaN,999,2.78778778778779
999,0,2.79379379379379,NaN,999,2.79379379379379
999,0,2.81181181181181,NaN,999,2.81181181181181
998,0,2.81963927855711,NaN,998,2.81963927855711
997,0,2.8234704112337,NaN,997,2.8234704112337
998,0,2.77454909819639,NaN,998,2.77454909819639
997,0,2.7753259779338,NaN,997,2.7753259779338
996,0,2.80522088353414,NaN,996,2.80522088353414
996,0,2.79919678714859,NaN,996,2.79919678714859
999,0,2.81281281281281,NaN,999,2.81281281281281
998,0,2.7875751503006,NaN,998,2.7875751503006
999,0,2.76976976976977,NaN,999,2.76976976976977
995,0,2.77587939698492,NaN,995,2.77587939698492
998,0,2.81062124248497,NaN,998,2.81062124248497
998,0,2.79058116232465,NaN,998,2.79058116232465
999,0,2.78278278278278,NaN,999,2.78278278278278
999,0,2.77877877877878,NaN,999,2.77877877877878
998,0,2.77855711422846,NaN,998,2.77855711422846
999,0,2.7967967967968,NaN,999,2.7967967967968
999,0,2.8018018018018,NaN,999,2.8018018018018
999,0,2.76276276276276,NaN,999,2.76276276276276
999,0,2.76876876876877,NaN,999,2.76876876876877
999,0,2.75575575575576,NaN,999,2.75575575575576
998,0,2.7565130260521,NaN,998,2.7565130260521
999,0,2.76176176176176,NaN,999,2.76176176176176
999,0,2.73473473473473,NaN,999,2.73473473473473
999,0,2.73373373373373,NaN,999,2.73373373373373
999,0,2.74374374374374,NaN,999,2.74374374374374
999,0,2.76276276276276,NaN,999,2.76276276276276
997,0,2.78234704112337,NaN,997,2.78234704112337
998,0,2.78557114228457,NaN,998,2.78557114228457
999,0,2.77177177177177,NaN,999,2.77177177177177
998,0,2.75951903807615,NaN,998,2.75951903807615
998,0,2.77054108216433,NaN,998,2.77054108216433
997,0,2.79939819458375,NaN,997,2.79939819458375
998,0,2.78256513026052,NaN,998,2.78256513026052
999,0,2.77077077077077,NaN,999,2.77077077077077
995,0,2.77889447236181,NaN,995,2.77889447236181
998,0,2.78256513026052,NaN,998,2.78256513026052
997,0,2.78535606820461,NaN,997,2.78535606820461
996,0,2.79518072289157,NaN,996,2.79518072289157
999,0,2.75875875875876,NaN,999,2.75875875875876
998,0,2.75350701402806,NaN,998,2.75350701402806
997,0,2.74824473420261,NaN,997,2.74824473420261
996,0,2.77309236947791,NaN,996,2.77309236947791
998,0,2.79058116232465,NaN,998,2.79058116232465
997,0,2.78736208625878,NaN,997,2.78736208625878
997,0,2.80541624874624,NaN,997,2.80541624874624
999,0,2.7987987987988,NaN,999,2.7987987987988
998,0,2.81663326653307,NaN,998,2.81663326653307
998,0,2.83466933867735,NaN,998,2.83466933867735
998,0,2.79959919839679,NaN,998,2.79959919839679
998,0,2.80661322645291,NaN,998,2.80661322645291
998,0,2.81563126252505,NaN,998,2.81563126252505
998,0,2.83366733466934,NaN,998,2.83366733466934
999,0,2.84584584584585,NaN,999,2.84584584584585
996,0,2.83433734939759,NaN,996,2.83433734939759
999,0,2.83883883883884,NaN,999,2.83883883883884
997,0,2.82948846539619,NaN,997,2.82948846539619
998,0,2.82765531062124,NaN,998,2.82765531062124
999,0,2.84784784784785,NaN,999,2.84784784784785
997,0,2.84653961885657,NaN,997,2.84653961885657
999,0,2.86586586586587,NaN,999,2.86586586586587
999,0,2.83283283283283,NaN,999,2.83283283283283
999,0,2.85085085085085,NaN,999,2.85085085085085
997,0,2.88565697091274,NaN,997,2.88565697091274
999,0,2.8988988988989,NaN,999,2.8988988988989
995,0,2.8964824120603,NaN,995,2.8964824120603
998,0,2.87074148296593,NaN,998,2.87074148296593
999,0,2.87587587587588,NaN,999,2.87587587587588
998,0,2.88176352705411,NaN,998,2.88176352705411
998,0,2.8997995991984,NaN,998,2.8997995991984
998,0,2.88877755511022,NaN,998,2.88877755511022
999,0,2.87187187187187,NaN,999,2.87187187187187
999,0,2.87387387387387,NaN,999,2.87387387387387
997,0,2.88465396188566,NaN,997,2.88465396188566
998,0,2.89478957915832,NaN,998,2.89478957915832
998,0,2.8937875751503,NaN,998,2.8937875751503
997,0,2.87462387161484,NaN,997,2.87462387161484
997,0,2.85757271815446,NaN,997,2.85757271815446
999,0,2.84284284284284,NaN,999,2.84284284284284
998,0,2.87174348697395,NaN,998,2.87174348697395
998,0,2.84769539078156,NaN,998,2.84769539078156
998,0,2.86372745490982,NaN,998,2.86372745490982
998,0,2.83266533066132,NaN,998,2.83266533066132
998,0,2.8436873747495,NaN,998,2.8436873747495
998,0,2.82064128256513,NaN,998,2.82064128256513
999,0,2.82882882882883,NaN,999,2.82882882882883
998,0,2.83466933867735,NaN,998,2.83466933867735
999,0,2.82682682682683,NaN,999,2.82682682682683
998,0,2.82765531062124,NaN,998,2.82765531062124
998,0,2.82164328657315,NaN,998,2.82164328657315
996,0,2.81425702811245,NaN,996,2.81425702811245
998,0,2.82264529058116,NaN,998,2.82264529058116
998,0,2.80460921843687,NaN,998,2.80460921843687
999,0,2.8048048048048,NaN,999,2.8048048048048
995,0,2.8070351758794,NaN,995,2.8070351758794
992,0,2.82459677419355,NaN,992,2.82459677419355
998,0,2.80861723446894,NaN,998,2.80861723446894
997,0,2.80641925777332,NaN,997,2.80641925777332
999,0,2.77877877877878,NaN,999,2.77877877877878
997,0,2.80040120361083,NaN,997,2.80040120361083
998,0,2.7935871743487,NaN,998,2.7935871743487
999,0,2.8038038038038,NaN,999,2.8038038038038
998,0,2.79458917835671,NaN,998,2.79458917835671
999,0,2.77777777777778,NaN,999,2.77777777777778
998,0,2.80160320641283,NaN,998,2.80160320641283
999,0,2.8028028028028,NaN,999,2.8028028028028
999,0,2.82082082082082,NaN,999,2.82082082082082
999,0,2.8028028028028,NaN,999,2.8028028028028
998,0,2.78857715430862,NaN,998,2.78857715430862
997,0,2.82647943831494,NaN,997,2.82647943831494
999,0,2.83483483483483,NaN,999,2.83483483483483
998,0,2.83967935871743,NaN,998,2.83967935871743
997,0,2.8555667001003,NaN,997,2.8555667001003
999,0,2.86386386386386,NaN,999,2.86386386386386
998,0,2.88176352705411,NaN,998,2.88176352705411
997,0,2.88866599799398,NaN,997,2.88866599799398
998,0,2.91182364729459,NaN,998,2.91182364729459
998,0,2.88977955911824,NaN,998,2.88977955911824
997,0,2.87662988966901,NaN,997,2.87662988966901
999,0,2.87087087087087,NaN,999,2.87087087087087
999,0,2.87987987987988,NaN,999,2.87987987987988
999,0,2.8978978978979,NaN,999,2.8978978978979
998,0,2.88977955911824,NaN,998,2.88977955911824
999,0,2.88188188188188,NaN,999,2.88188188188188
999,0,2.88288288288288,NaN,999,2.88288288288288
999,0,2.9049049049049,NaN,999,2.9049049049049
998,0,2.89579158316633,NaN,998,2.89579158316633
998,0,2.87875751503006,NaN,998,2.87875751503006
999,0,2.87087087087087,NaN,999,2.87087087087087
999,0,2.86986986986987,NaN,999,2.86986986986987
998,0,2.86573146292585,NaN,998,2.86573146292585
995,0,2.86331658291457,NaN,995,2.86331658291457
998,0,2.87074148296593,NaN,998,2.87074148296593
998,0,2.85871743486974,NaN,998,2.85871743486974
999,0,2.88388388388388,NaN,999,2.88388388388388
996,0,2.88855421686747,NaN,996,2.88855421686747
999,0,2.89089089089089,NaN,999,2.89089089089089
999,0,2.90890890890891,NaN,999,2.90890890890891
998,0,2.8937875751503,NaN,998,2.8937875751503
999,0,2.89489489489489,NaN,999,2.89489489489489
997,0,2.89468405215647,NaN,997,2.89468405215647
999,0,2.89289289289289,NaN,999,2.89289289289289
999,0,2.8988988988989,NaN,999,2.8988988988989
999,0,2.92192192192192,NaN,999,2.92192192192192
999,0,2.92392392392392,NaN,999,2.92392392392392
999,0,2.90590590590591,NaN,999,2.90590590590591
999,0,2.9019019019019,NaN,999,2.9019019019019
999,0,2.91791791791792,NaN,999,2.91791791791792
999,0,2.91691691691692,NaN,999,2.91691691691692
998,0,2.90581162324649,NaN,998,2.90581162324649
999,0,2.90890890890891,NaN,999,2.90890890890891
999,0,2.91691691691692,NaN,999,2.91691691691692
999,0,2.9019019019019,NaN,999,2.9019019019019
999,0,2.89189189189189,NaN,999,2.89189189189189
999,0,2.88888888888889,NaN,999,2.88888888888889
996,0,2.89156626506024,NaN,996,2.89156626506024
998,0,2.87174348697395,NaN,998,2.87174348697395
997,0,2.86258776328987,NaN,997,2.86258776328987
998,0,2.87675350701403,NaN,998,2.87675350701403
996,0,2.8855421686747,NaN,996,2.8855421686747
996,0,2.90160642570281,NaN,996,2.90160642570281
998,0,2.91983967935872,NaN,998,2.91983967935872
998,0,2.90380761523046,NaN,998,2.90380761523046
999,0,2.93593593593594,NaN,999,2.93593593593594
998,0,2.91983967935872,NaN,998,2.91983967935872
998,0,2.92184368737475,NaN,998,2.92184368737475
999,0,2.91191191191191,NaN,999,2.91191191191191
999,0,2.93193193193193,NaN,999,2.93193193193193
998,0,2.9188376753507,NaN,998,2.9188376753507
998,0,2.88677354709419,NaN,998,2.88677354709419
997,0,2.90571715145436,NaN,997,2.90571715145436
999,0,2.91591591591592,NaN,999,2.91591591591592
998,0,2.93486973947896,NaN,998,2.93486973947896
999,0,2.93493493493493,NaN,999,2.93493493493493
999,0,2.92692692692693,NaN,999,2.92692692692693
999,0,2.89489489489489,NaN,999,2.89489489489489
997,0,2.92778335005015,NaN,997,2.92778335005015
999,0,2.93493493493493,NaN,999,2.93493493493493
997,0,2.92778335005015,NaN,997,2.92778335005015
999,0,2.92592592592593,NaN,999,2.92592592592593
999,0,2.92392392392392,NaN,999,2.92392392392392
997,0,2.94984954864594,NaN,997,2.94984954864594
999,0,2.93493493493493,NaN,999,2.93493493493493
998,0,2.92985971943888,NaN,998,2.92985971943888
999,0,2.95495495495495,NaN,999,2.95495495495495
999,0,2.91791791791792,NaN,999,2.91791791791792
999,0,2.89489489489489,NaN,999,2.89489489489489
998,0,2.90280561122244,NaN,998,2.90280561122244
998,0,2.93186372745491,NaN,998,2.93186372745491
995,0,2.90552763819095,NaN,995,2.90552763819095
998,0,2.89579158316633,NaN,998,2.89579158316633
999,0,2.91791791791792,NaN,999,2.91791791791792
999,0,2.91191191191191,NaN,999,2.91191191191191
998,0,2.91382765531062,NaN,998,2.91382765531062
998,0,2.92685370741483,NaN,998,2.92685370741483
999,0,2.88888888888889,NaN,999,2.88888888888889
999,0,2.85785785785786,NaN,999,2.85785785785786
999,0,2.83883883883884,NaN,999,2.83883883883884
995,0,2.8391959798995,NaN,995,2.8391959798995
999,0,2.84884884884885,NaN,999,2.84884884884885
999,0,2.83083083083083,NaN,999,2.83083083083083
997,0,2.83350050150451,NaN,997,2.83350050150451
997,0,2.86459378134403,NaN,997,2.86459378134403
999,0,2.86786786786787,NaN,999,2.86786786786787
998,0,2.85871743486974,NaN,998,2.85871743486974
999,0,2.85085085085085,NaN,999,2.85085085085085
999,0,2.85685685685686,NaN,999,2.85685685685686
999,0,2.85885885885886,NaN,999,2.85885885885886
999,0,2.87887887887888,NaN,999,2.87887887887888
996,0,2.8995983935743,NaN,996,2.8995983935743
998,0,2.90180360721443,NaN,998,2.90180360721443
997,0,2.88565697091274,NaN,997,2.88565697091274
999,0,2.89289289289289,NaN,999,2.89289289289289
996,0,2.93273092369478,NaN,996,2.93273092369478
999,0,2.91991991991992,NaN,999,2.91991991991992
997,0,2.92377131394183,NaN,997,2.92377131394183
998,0,2.90781563126253,NaN,998,2.90781563126253
999,0,2.91691691691692,NaN,999,2.91691691691692
999,0,2.9049049049049,NaN,999,2.9049049049049
998,0,2.90380761523046,NaN,998,2.90380761523046
999,0,2.9039039039039,NaN,999,2.9039039039039
999,0,2.87987987987988,NaN,999,2.87987987987988
999,0,2.89289289289289,NaN,999,2.89289289289289
999,0,2.87787787787788,NaN,999,2.87787787787788
998,0,2.88977955911824,NaN,998,2.88977955911824
999,0,2.87487487487487,NaN,999,2.87487487487487
998,0,2.87174348697395,NaN,998,2.87174348697395
998,0,2.8687374749499,NaN,998,2.8687374749499
998,0,2.85871743486974,NaN,998,2.85871743486974
997,0,2.87061183550652,NaN,997,2.87061183550652
