forward_num,reverse_num,forward_rate,reverse_rate,organism_num,organism_rate
5,5,5.0,5.0,10,5.0
5,5,5.0,5.0,10,5.0
5,5,5.0,5.0,10,5.0
5,5,5.0,5.0,10,5.0
5,5,5.0,5.0,10,5.0
5,5,5.0,5.0,10,5.0
6,5,5.5,5.0,11,5.27272727272727
7,5,5.71428571428571,5.0,12,5.41666666666667
7,6,5.71428571428571,5.5,13,5.61538461538461
7,6,5.71428571428571,5.5,13,5.61538461538461
7,6,5.71428571428571,5.5,13,5.61538461538461
8,7,6.0,5.57142857142857,15,5.8
8,7,6.0,5.57142857142857,15,5.8
8,7,6.0,5.57142857142857,15,5.8
9,7,6.11111111111111,5.57142857142857,16,5.875
9,7,6.11111111111111,5.57142857142857,16,5.875
10,8,6.3,5.875,18,6.11111111111111
11,8,6.54545454545455,5.875,19,6.26315789473684
11,8,6.54545454545455,5.875,19,6.26315789473684
11,8,6.54545454545455,5.875,19,6.26315789473684
11,8,6.54545454545455,5.875,19,6.26315789473684
13,8,6.69230769230769,5.875,21,6.38095238095238
13,9,6.69230769230769,6.0,22,6.40909090909091
13,9,6.69230769230769,6.0,22,6.40909090909091
13,9,6.69230769230769,6.0,22,6.40909090909091
14,10,6.85714285714286,6.2,24,6.58333333333333
15,10,6.93333333333333,6.2,25,6.64
15,10,6.93333333333333,6.2,25,6.64
16,10,6.9375,6.2,26,6.65384615384615
16,10,6.9375,6.2,26,6.65384615384615
16,10,6.9375,6.2,26,6.65384615384615
16,10,6.9375,6.2,26,6.65384615384615
17,11,7.0,6.36363636363636,28,6.75
16,12,7.25,6.41666666666667,28,6.89285714285714
16,12,7.25,6.41666666666667,28,6.89285714285714
16,12,7.25,6.41666666666667,28,6.89285714285714
16,12,7.25,6.41666666666667,28,6.89285714285714
17,12,7.29411764705882,6.41666666666667,29,6.93103448275862
17,12,7.29411764705882,6.41666666666667,29,6.93103448275862
17,12,7.29411764705882,6.41666666666667,29,6.93103448275862
17,12,7.29411764705882,6.41666666666667,29,6.93103448275862
17,13,7.29411764705882,6.53846153846154,30,6.96666666666667
18,13,7.33333333333333,6.53846153846154,31,7.0
18,13,7.33333333333333,6.53846153846154,31,7.0
18,14,7.33333333333333,6.5,32,6.96875
18,14,7.33333333333333,6.5,32,6.96875
18,14,7.33333333333333,6.5,32,6.96875
18,14,7.33333333333333,6.5,32,6.96875
18,14,7.33333333333333,6.5,32,6.96875
18,15,7.33333333333333,6.6,33,7.0
18,15,7.33333333333333,6.6,33,7.0
18,15,7.33333333333333,6.6,33,7.0
19,15,7.36842105263158,6.6,34,7.02941176470588
19,15,7.36842105263158,6.6,34,7.02941176470588
19,16,7.36842105263158,6.625,35,7.02857142857143
19,16,7.36842105263158,6.625,35,7.02857142857143
19,16,7.36842105263158,6.625,35,7.02857142857143
19,17,7.36842105263158,6.70588235294118,36,7.05555555555556
20,17,7.4,6.70588235294118,37,7.08108108108108
20,17,7.4,6.70588235294118,37,7.08108108108108
20,17,7.4,6.70588235294118,37,7.08108108108108
20,17,7.4,6.70588235294118,37,7.08108108108108
20,17,7.4,6.70588235294118,37,7.08108108108108
21,17,7.42857142857143,6.70588235294118,38,7.10526315789474
21,17,7.42857142857143,6.70588235294118,38,7.10526315789474
21,19,7.42857142857143,6.73684210526316,40,7.1
21,19,7.42857142857143,6.73684210526316,40,7.1
21,19,7.42857142857143,6.73684210526316,40,7.1
22,19,7.45454545454545,6.73684210526316,41,7.1219512195122
22,19,7.45454545454545,6.73684210526316,41,7.1219512195122
22,19,7.45454545454545,6.73684210526316,41,7.1219512195122
22,19,7.45454545454545,6.73684210526316,41,7.1219512195122
22,19,7.45454545454545,6.73684210526316,41,7.1219512195122
23,19,7.47826086956522,6.73684210526316,42,7.14285714285714
23,19,7.47826086956522,6.73684210526316,42,7.14285714285714
23,19,7.47826086956522,6.73684210526316,42,7.14285714285714
23,20,7.47826086956522,6.75,43,7.13953488372093
23,20,7.47826086956522,6.75,43,7.13953488372093
24,20,7.5,6.75,44,7.15909090909091
23,20,7.47826086956522,6.75,43,7.13953488372093
23,20,7.47826086956522,6.75,43,7.13953488372093
23,21,7.47826086956522,6.80952380952381,44,7.15909090909091
23,21,7.47826086956522,6.80952380952381,44,7.15909090909091
23,21,7.47826086956522,6.80952380952381,44,7.15909090909091
24,21,7.5,6.80952380952381,45,7.17777777777778
24,21,7.5,6.80952380952381,45,7.17777777777778
24,21,7.5,6.80952380952381,45,7.17777777777778
24,22,7.5,6.81818181818182,46,7.17391304347826
24,22,7.5,6.81818181818182,46,7.17391304347826
25,22,7.52,6.81818181818182,47,7.19148936170213
25,23,7.52,6.8695652173913,48,7.20833333333333
25,23,7.52,6.8695652173913,48,7.20833333333333
25,23,7.52,6.8695652173913,48,7.20833333333333
25,23,7.52,6.8695652173913,48,7.20833333333333
25,23,7.52,6.8695652173913,48,7.20833333333333
25,23,7.52,6.8695652173913,48,7.20833333333333
25,23,7.52,6.8695652173913,48,7.20833333333333
25,24,7.52,6.875,49,7.20408163265306
25,25,7.52,6.92,50,7.22
26,25,7.53846153846154,6.92,51,7.23529411764706
26,25,7.53846153846154,6.92,51,7.23529411764706
26,25,7.53846153846154,6.92,51,7.23529411764706
26,25,7.53846153846154,6.92,51,7.23529411764706
26,25,7.53846153846154,6.92,51,7.23529411764706
27,25,7.55555555555556,6.92,52,7.25
27,25,7.55555555555556,6.92,52,7.25
27,26,7.55555555555556,6.96153846153846,53,7.26415094339623
27,26,7.55555555555556,6.96153846153846,53,7.26415094339623
27,27,7.55555555555556,6.96296296296296,54,7.25925925925926
27,27,7.55555555555556,6.96296296296296,54,7.25925925925926
28,27,7.57142857142857,6.96296296296296,55,7.27272727272727
28,27,7.57142857142857,6.96296296296296,55,7.27272727272727
28,27,7.57142857142857,6.96296296296296,55,7.27272727272727
28,27,7.57142857142857,6.96296296296296,55,7.27272727272727
28,28,7.57142857142857,7.0,56,7.28571428571429
29,28,7.58620689655172,7.0,57,7.29824561403509
29,28,7.58620689655172,7.0,57,7.29824561403509
29,28,7.58620689655172,7.0,57,7.29824561403509
29,28,7.58620689655172,7.0,57,7.29824561403509
29,29,7.58620689655172,6.96551724137931,58,7.27586206896552
30,29,7.6,6.96551724137931,59,7.28813559322034
30,29,7.6,6.96551724137931,59,7.28813559322034
30,30,7.6,7.0,60,7.3
30,30,7.6,7.0,60,7.3
30,31,7.6,6.80645161290323,61,7.19672131147541
31,31,7.61290322580645,6.80645161290323,62,7.20967741935484
31,31,7.61290322580645,6.80645161290323,62,7.20967741935484
31,31,7.61290322580645,6.80645161290323,62,7.20967741935484
31,31,7.61290322580645,6.80645161290323,62,7.20967741935484
31,32,7.61290322580645,6.8125,63,7.20634920634921
32,33,7.625,6.84848484848485,65,7.23076923076923
32,33,7.625,6.84848484848485,65,7.23076923076923
32,33,7.625,6.84848484848485,65,7.23076923076923
32,33,7.625,6.84848484848485,65,7.23076923076923
31,33,7.64516129032258,6.84848484848485,64,7.234375
31,33,7.64516129032258,6.84848484848485,64,7.234375
31,33,7.64516129032258,6.84848484848485,64,7.234375
31,33,7.64516129032258,6.84848484848485,64,7.234375
31,34,7.64516129032258,6.88235294117647,65,7.24615384615385
31,34,7.64516129032258,6.88235294117647,65,7.24615384615385
31,35,7.64516129032258,6.88571428571429,66,7.24242424242424
31,35,7.64516129032258,6.88571428571429,66,7.24242424242424
31,35,7.64516129032258,6.88571428571429,66,7.24242424242424
31,35,7.64516129032258,6.88571428571429,66,7.24242424242424
31,36,7.64516129032258,6.94444444444444,67,7.26865671641791
31,36,7.64516129032258,6.94444444444444,67,7.26865671641791
32,36,7.65625,6.94444444444444,68,7.27941176470588
32,36,7.65625,6.94444444444444,68,7.27941176470588
32,36,7.65625,6.94444444444444,68,7.27941176470588
32,36,7.65625,6.94444444444444,68,7.27941176470588
32,36,7.65625,6.94444444444444,68,7.27941176470588
33,38,7.66666666666667,6.84210526315789,71,7.22535211267606
33,38,7.66666666666667,6.84210526315789,71,7.22535211267606
33,38,7.66666666666667,6.84210526315789,71,7.22535211267606
33,38,7.66666666666667,6.84210526315789,71,7.22535211267606
33,39,7.66666666666667,6.87179487179487,72,7.23611111111111
34,39,7.67647058823529,6.87179487179487,73,7.24657534246575
34,39,7.67647058823529,6.87179487179487,73,7.24657534246575
34,39,7.67647058823529,6.87179487179487,73,7.24657534246575
34,39,7.67647058823529,6.87179487179487,73,7.24657534246575
34,39,7.67647058823529,6.87179487179487,73,7.24657534246575
34,41,7.67647058823529,6.85365853658537,75,7.22666666666667
34,41,7.67647058823529,6.85365853658537,75,7.22666666666667
34,42,7.67647058823529,6.88095238095238,76,7.23684210526316
34,42,7.67647058823529,6.88095238095238,76,7.23684210526316
34,42,7.67647058823529,6.88095238095238,76,7.23684210526316
34,42,7.67647058823529,6.88095238095238,76,7.23684210526316
35,42,7.68571428571429,6.88095238095238,77,7.24675324675325
35,42,7.68571428571429,6.88095238095238,77,7.24675324675325
35,42,7.68571428571429,6.88095238095238,77,7.24675324675325
35,42,7.68571428571429,6.88095238095238,77,7.24675324675325
35,43,7.68571428571429,6.90697674418605,78,7.25641025641026
36,45,7.69444444444444,6.88888888888889,81,7.24691358024691
36,45,7.69444444444444,6.88888888888889,81,7.24691358024691
36,45,7.69444444444444,6.88888888888889,81,7.24691358024691
36,45,7.69444444444444,6.88888888888889,81,7.24691358024691
36,45,7.69444444444444,6.88888888888889,81,7.24691358024691
37,46,7.7027027027027,6.80434782608696,83,7.20481927710843
37,46,7.7027027027027,6.80434782608696,83,7.20481927710843
37,47,7.7027027027027,6.82978723404255,84,7.21428571428571
37,47,7.7027027027027,6.82978723404255,84,7.21428571428571
37,47,7.7027027027027,6.82978723404255,84,7.21428571428571
37,48,7.7027027027027,6.83333333333333,85,7.21176470588235
37,49,7.7027027027027,6.83673469387755,86,7.2093023255814
37,49,7.7027027027027,6.83673469387755,86,7.2093023255814
37,49,7.7027027027027,6.83673469387755,86,7.2093023255814
37,49,7.7027027027027,6.83673469387755,86,7.2093023255814
37,50,7.7027027027027,6.86,87,7.2183908045977
38,51,7.71052631578947,6.86274509803922,89,7.2247191011236
38,51,7.71052631578947,6.86274509803922,89,7.2247191011236
38,51,7.71052631578947,6.86274509803922,89,7.2247191011236
38,51,7.71052631578947,6.86274509803922,89,7.2247191011236
38,51,7.71052631578947,6.86274509803922,89,7.2247191011236
39,52,7.71794871794872,6.86538461538461,91,7.23076923076923
39,52,7.71794871794872,6.86538461538461,91,7.23076923076923
39,53,7.71794871794872,6.88679245283019,92,7.23913043478261
39,54,7.71794871794872,6.92592592592593,93,7.25806451612903
39,54,7.71794871794872,6.92592592592593,93,7.25806451612903
40,54,7.725,6.92592592592593,94,7.26595744680851
40,55,7.725,6.92727272727273,95,7.26315789473684
40,55,7.725,6.92727272727273,95,7.26315789473684
40,55,7.725,6.92727272727273,95,7.26315789473684
40,55,7.725,6.92727272727273,95,7.26315789473684
41,57,7.73170731707317,6.94736842105263,98,7.27551020408163
41,58,7.73170731707317,6.94827586206897,99,7.27272727272727
41,59,7.73170731707317,6.88135593220339,100,7.23
41,59,7.73170731707317,6.88135593220339,100,7.23
41,59,7.73170731707317,6.88135593220339,100,7.23
42,59,7.73809523809524,6.88135593220339,101,7.23762376237624
42,60,7.73809523809524,6.88333333333333,102,7.23529411764706
42,60,7.73809523809524,6.88333333333333,102,7.23529411764706
42,61,7.73809523809524,6.9016393442623,103,7.24271844660194
42,61,7.73809523809524,6.9016393442623,103,7.24271844660194
42,62,7.73809523809524,6.88709677419355,104,7.23076923076923
43,62,7.74418604651163,6.85483870967742,105,7.21904761904762
43,63,7.74418604651163,6.85714285714286,106,7.21698113207547
43,63,7.74418604651163,6.85714285714286,106,7.21698113207547
43,63,7.74418604651163,6.85714285714286,106,7.21698113207547
43,63,7.74418604651163,6.85714285714286,106,7.21698113207547
44,64,7.75,6.859375,108,7.22222222222222
44,65,7.75,6.87692307692308,109,7.22935779816514
44,65,7.75,6.87692307692308,109,7.22935779816514
43,65,7.72093023255814,6.87692307692308,108,7.21296296296296
43,65,7.72093023255814,6.87692307692308,108,7.21296296296296
44,66,7.72727272727273,6.87878787878788,110,7.21818181818182
45,67,7.57777777777778,6.88059701492537,112,7.16071428571429
45,68,7.57777777777778,6.88235294117647,113,7.15929203539823
45,68,7.57777777777778,6.88235294117647,113,7.15929203539823
45,68,7.57777777777778,6.88235294117647,113,7.15929203539823
46,68,7.58695652173913,6.88235294117647,114,7.16666666666667
46,69,7.58695652173913,6.8695652173913,115,7.15652173913043
46,70,7.58695652173913,6.81428571428571,116,7.12068965517241
46,70,7.58695652173913,6.81428571428571,116,7.12068965517241
46,70,7.58695652173913,6.81428571428571,116,7.12068965517241
46,70,7.58695652173913,6.81428571428571,116,7.12068965517241
46,72,7.58695652173913,6.81944444444444,118,7.11864406779661
45,72,7.55555555555556,6.81944444444444,117,7.1025641025641
45,74,7.55555555555556,6.83783783783784,119,7.10924369747899
46,74,7.41304347826087,6.83783783783784,120,7.05833333333333
47,74,7.42553191489362,6.83783783783784,121,7.06611570247934
47,75,7.42553191489362,6.84,122,7.0655737704918
47,75,7.42553191489362,6.84,122,7.0655737704918
47,75,7.42553191489362,6.84,122,7.0655737704918
47,76,7.42553191489362,6.84210526315789,123,7.0650406504065
47,76,7.42553191489362,6.84210526315789,123,7.0650406504065
48,78,7.4375,6.85897435897436,126,7.07936507936508
49,79,7.3469387755102,6.86075949367089,128,7.046875
49,80,7.3469387755102,6.85,129,7.03875968992248
49,80,7.3469387755102,6.85,129,7.03875968992248
49,80,7.3469387755102,6.85,129,7.03875968992248
49,80,7.3469387755102,6.85,129,7.03875968992248
49,81,7.3469387755102,6.85185185185185,130,7.03846153846154
49,81,7.3469387755102,6.85185185185185,130,7.03846153846154
50,83,7.32,6.85542168674699,133,7.03007518796993
50,83,7.32,6.85542168674699,133,7.03007518796993
51,83,7.33333333333333,6.85542168674699,134,7.03731343283582
51,85,7.33333333333333,6.84705882352941,136,7.02941176470588
51,84,7.33333333333333,6.83333333333333,135,7.02222222222222
52,86,7.25,6.7906976744186,138,6.96376811594203
53,86,7.24528301886792,6.7906976744186,139,6.96402877697842
54,87,7.25925925925926,6.80459770114942,141,6.97872340425532
54,88,7.25925925925926,6.80681818181818,142,6.97887323943662
54,88,7.25925925925926,6.80681818181818,142,6.97887323943662
55,88,7.14545454545455,6.80681818181818,143,6.93706293706294
55,89,7.14545454545455,6.80898876404494,144,6.9375
57,89,7.15789473684211,6.80898876404494,146,6.94520547945205
59,89,7.08474576271186,6.80898876404494,148,6.91891891891892
59,90,7.08474576271186,6.81111111111111,149,6.91946308724832
59,93,7.08474576271186,6.82795698924731,152,6.92763157894737
59,94,7.08474576271186,6.81914893617021,153,6.92156862745098
59,94,7.08474576271186,6.81914893617021,153,6.92156862745098
61,94,7.0,6.81914893617021,155,6.89032258064516
62,95,7.0,6.82105263157895,157,6.89171974522293
64,96,6.984375,6.85416666666667,160,6.90625
64,96,6.984375,6.85416666666667,160,6.90625
64,97,6.984375,6.85567010309278,161,6.90683229813665
64,98,6.984375,6.86734693877551,162,6.91358024691358
64,98,6.984375,6.86734693877551,162,6.91358024691358
64,101,6.984375,6.86138613861386,165,6.90909090909091
66,102,6.92424242424242,6.86274509803922,168,6.88690476190476
67,102,6.91044776119403,6.86274509803922,169,6.88165680473373
68,102,6.92647058823529,6.86274509803922,170,6.88823529411765
68,102,6.92647058823529,6.86274509803922,170,6.88823529411765
69,103,6.8695652173913,6.86407766990291,172,6.86627906976744
69,104,6.8695652173913,6.875,173,6.8728323699422
69,106,6.8695652173913,6.83962264150943,175,6.85142857142857
72,106,6.88888888888889,6.83962264150943,178,6.85955056179775
75,106,6.84,6.83962264150943,181,6.83977900552486
75,109,6.84,6.86238532110092,184,6.85326086956522
75,110,6.84,6.86363636363636,185,6.85405405405405
76,111,6.84210526315789,6.86486486486486,187,6.85561497326203
77,111,6.85714285714286,6.86486486486486,188,6.86170212765957
78,111,6.80769230769231,6.86486486486486,189,6.84126984126984
80,112,6.8125,6.86607142857143,192,6.84375
83,112,6.81927710843374,6.86607142857143,195,6.84615384615385
83,112,6.81927710843374,6.86607142857143,195,6.84615384615385
84,114,6.83333333333333,6.86842105263158,198,6.85353535353535
85,114,6.83529411764706,6.86842105263158,199,6.85427135678392
86,115,6.83720930232558,6.8695652173913,201,6.85572139303483
88,117,6.78409090909091,6.87179487179487,205,6.83414634146341
89,118,6.78651685393258,6.8728813559322,207,6.83574879227053
92,119,6.79347826086957,6.88235294117647,211,6.8436018957346
93,119,6.80645161290323,6.88235294117647,212,6.84905660377358
93,120,6.80645161290323,6.88333333333333,213,6.84976525821596
95,120,6.76842105263158,6.88333333333333,215,6.83255813953488
96,120,6.77083333333333,6.88333333333333,216,6.83333333333333
99,122,6.77777777777778,6.88524590163934,221,6.83710407239819
101,122,6.75247524752475,6.88524590163934,223,6.82511210762332
104,122,6.75961538461539,6.88524590163934,226,6.82743362831858
104,123,6.75961538461539,6.91869918699187,227,6.84581497797357
104,123,6.75961538461539,6.91869918699187,227,6.84581497797357
106,124,6.76415094339623,6.91935483870968,230,6.84782608695652
109,124,6.74311926605505,6.91935483870968,233,6.83690987124464
112,125,6.75,6.888,237,6.82278481012658
115,126,6.75652173913043,6.88888888888889,241,6.82572614107884
116,126,6.75862068965517,6.88888888888889,242,6.82644628099174
116,126,6.75862068965517,6.88888888888889,242,6.82644628099174
117,129,6.76923076923077,6.89922480620155,246,6.83739837398374
119,129,6.77310924369748,6.89922480620155,248,6.83870967741935
121,130,6.77685950413223,6.9,251,6.8406374501992
125,131,6.744,6.90076335877863,256,6.82421875
128,131,6.75,6.90076335877863,259,6.82625482625483
130,131,6.76153846153846,6.90076335877863,261,6.83141762452107
130,131,6.76153846153846,6.90076335877863,261,6.83141762452107
130,132,6.76153846153846,6.90151515151515,262,6.83206106870229
134,133,6.74626865671642,6.90225563909774,267,6.82397003745318
136,134,6.75,6.91044776119403,270,6.82962962962963
140,136,6.75714285714286,6.91176470588235,276,6.83333333333333
146,136,6.74657534246575,6.91176470588235,282,6.82624113475177
146,136,6.74657534246575,6.91176470588235,282,6.82624113475177
146,137,6.74657534246575,6.91240875912409,283,6.82685512367491
148,138,6.75,6.91304347826087,286,6.82867132867133
149,139,6.75167785234899,6.9136690647482,288,6.82986111111111
153,139,6.73202614379085,6.9136690647482,292,6.81849315068493
158,140,6.74050632911392,6.91428571428571,298,6.82214765100671
163,141,6.74846625766871,6.91489361702128,304,6.82565789473684
163,141,6.74846625766871,6.91489361702128,304,6.82565789473684
163,142,6.74846625766871,6.91549295774648,305,6.82622950819672
166,143,6.75301204819277,6.91608391608392,309,6.82847896440129
166,143,6.75301204819277,6.91608391608392,309,6.82847896440129
169,145,6.75739644970414,6.88965517241379,314,6.81847133757962
174,146,6.74137931034483,6.89041095890411,320,6.809375
179,146,6.73743016759777,6.89041095890411,325,6.80615384615385
180,148,6.74444444444444,6.89864864864865,328,6.8140243902439
180,149,6.74444444444444,6.8993288590604,329,6.8145896656535
184,149,6.72826086956522,6.8993288590604,333,6.8048048048048
184,150,6.72826086956522,6.9,334,6.80538922155689
187,150,6.73262032085561,6.9,337,6.80712166172107
192,152,6.734375,6.89473684210526,344,6.80523255813953
198,152,6.71717171717172,6.89473684210526,350,6.79428571428571
198,153,6.71717171717172,6.89542483660131,351,6.79487179487179
198,155,6.71717171717172,6.90322580645161,353,6.79886685552408
202,156,6.72277227722772,6.90384615384615,358,6.80167597765363
203,156,6.70443349753695,6.90384615384615,359,6.79108635097493
208,157,6.71634615384615,6.90445859872611,365,6.7972602739726
211,158,6.71090047393365,6.90506329113924,369,6.7940379403794
217,159,6.71889400921659,6.89937106918239,376,6.79521276595745
217,159,6.71889400921659,6.89937106918239,376,6.79521276595745
217,159,6.71889400921659,6.89937106918239,376,6.79521276595745
222,162,6.72522522522523,6.90740740740741,384,6.80208333333333
224,162,6.72767857142857,6.90740740740741,386,6.80310880829016
230,163,6.71739130434783,6.9079754601227,393,6.79643765903308
233,164,6.72103004291846,6.90853658536585,397,6.79848866498741
238,165,6.72689075630252,6.90909090909091,403,6.8014888337469
238,165,6.72689075630252,6.90909090909091,403,6.8014888337469
238,166,6.72689075630252,6.90963855421687,404,6.8019801980198
243,167,6.71604938271605,6.91017964071856,410,6.79512195121951
246,169,6.71951219512195,6.88757396449704,415,6.78795180722892
251,170,6.72111553784861,6.89411764705882,421,6.79097387173397
255,171,6.70980392156863,6.89473684210526,426,6.78403755868545
260,172,6.71538461538462,6.8953488372093,432,6.78703703703704
260,172,6.71538461538462,6.8953488372093,432,6.78703703703704
260,174,6.71538461538462,6.89655172413793,434,6.78801843317972
265,175,6.72075471698113,6.89714285714286,440,6.79090909090909
271,175,6.71586715867159,6.89714285714286,446,6.78699551569507
277,176,6.72202166064982,6.89772727272727,453,6.79028697571744
280,177,6.725,6.90395480225989,457,6.79431072210066
284,179,6.72887323943662,6.90502793296089,463,6.79697624190065
284,180,6.72887323943662,6.90555555555556,464,6.79741379310345
284,180,6.72887323943662,6.90555555555556,464,6.79741379310345
290,181,6.73793103448276,6.9060773480663,471,6.80254777070064
295,182,6.73559322033898,6.90659340659341,477,6.80083857442348
302,183,6.72847682119205,6.90710382513661,485,6.79587628865979
306,184,6.72549019607843,6.90760869565217,490,6.79387755102041
309,186,6.72815533980583,6.90860215053763,495,6.7959595959596
310,186,6.73225806451613,6.90860215053763,496,6.79838709677419
310,187,6.73225806451613,6.90909090909091,497,6.79879275653924
316,187,6.7246835443038,6.90909090909091,503,6.79324055666004
321,190,6.72897196261682,6.91052631578947,511,6.79647749510763
328,190,6.73475609756098,6.91052631578947,518,6.7992277992278
337,190,6.7299703264095,6.91052631578947,527,6.79506641366224
337,192,6.7299703264095,6.91145833333333,529,6.79584120982987
337,193,6.7299703264095,6.9119170984456,530,6.79622641509434
339,194,6.73156342182891,6.91237113402062,533,6.79737335834897
345,194,6.72173913043478,6.91237113402062,539,6.79035250463822
350,196,6.72857142857143,6.89285714285714,546,6.78754578754579
357,196,6.73389355742297,6.89285714285714,553,6.79023508137432
365,197,6.73698630136986,6.89340101522843,562,6.79181494661922
365,198,6.73698630136986,6.89393939393939,563,6.79218472468917
365,201,6.73698630136986,6.90049751243781,566,6.79505300353357
369,201,6.73712737127371,6.90049751243781,570,6.79473684210526
373,201,6.7372654155496,6.90049751243781,574,6.79442508710801
378,203,6.74074074074074,6.90147783251231,581,6.79690189328744
385,203,6.73506493506494,6.90147783251231,588,6.79251700680272
393,204,6.735368956743,6.90196078431373,597,6.79229480737018
393,206,6.735368956743,6.90291262135922,599,6.79298831385643
394,206,6.73857868020305,6.90291262135922,600,6.795
400,207,6.7325,6.90821256038647,607,6.79242174629325
403,208,6.73200992555831,6.90865384615385,611,6.79214402618658
409,210,6.7359413202934,6.90952380952381,619,6.79483037156704
415,211,6.73975903614458,6.90995260663507,626,6.79712460063898
425,212,6.73411764705882,6.91037735849057,637,6.79277864992151
425,213,6.73411764705882,6.90610328638498,638,6.79153605015674
425,213,6.73411764705882,6.90610328638498,638,6.79153605015674
432,215,6.73148148148148,6.90232558139535,647,6.78825347758887
436,216,6.72477064220184,6.90740740740741,652,6.78527607361963
444,218,6.73198198198198,6.90825688073395,662,6.79003021148036
449,218,6.73496659242762,6.90825688073395,667,6.79160419790105
457,219,6.73741794310722,6.90867579908676,676,6.79289940828402
457,220,6.73741794310722,6.90909090909091,677,6.79320531757755
457,221,6.73741794310722,6.90950226244344,678,6.79351032448378
464,222,6.74137931034483,6.90990990990991,686,6.79591836734694
468,224,6.74358974358974,6.89285714285714,692,6.79190751445087
476,226,6.73529411764706,6.89823008849558,702,6.78774928774929
484,228,6.73553719008264,6.89912280701754,712,6.78792134831461
489,228,6.73619631901841,6.89912280701754,717,6.78800557880056
490,229,6.73877551020408,6.89956331877729,719,6.78998609179416
490,230,6.73877551020408,6.9,720,6.79027777777778
497,231,6.73440643863179,6.9004329004329,728,6.78708791208791
502,231,6.73705179282869,6.9004329004329,733,6.78854024556617
512,233,6.73828125,6.90128755364807,745,6.78926174496644
518,233,6.73359073359073,6.90557939914163,751,6.78695073235686
524,236,6.73664122137405,6.90254237288136,760,6.78815789473684
523,236,6.73613766730401,6.90254237288136,759,6.78787878787879
523,237,6.73613766730401,6.89873417721519,760,6.78684210526316
530,238,6.73584905660377,6.89915966386555,768,6.78645833333333
537,238,6.73184357541899,6.89915966386555,775,6.78322580645161
547,240,6.73491773308958,6.9,787,6.78526048284625
553,240,6.73598553345389,6.9,793,6.78562421185372
558,242,6.73835125448029,6.90495867768595,800,6.78875
558,243,6.73835125448029,6.90123456790123,801,6.78776529338327
557,244,6.73788150807899,6.9016393442623,801,6.78776529338327
566,245,6.74204946996466,6.89795918367347,811,6.78914919852035
570,248,6.74035087719298,6.89516129032258,818,6.78728606356968
579,249,6.73402417962003,6.89558232931727,828,6.78260869565217
584,249,6.73116438356164,6.89558232931727,833,6.78031212484994
588,250,6.73299319727891,6.896,838,6.78162291169451
589,252,6.73514431239389,6.90079365079365,841,6.78478002378121
591,253,6.72927241962775,6.90118577075099,844,6.78080568720379
600,254,6.73166666666667,6.90157480314961,854,6.78220140515223
605,255,6.73223140495868,6.88627450980392,860,6.77790697674419
615,256,6.73333333333333,6.88671875,871,6.77841561423651
623,257,6.73033707865169,6.88715953307393,880,6.77613636363636
626,259,6.73162939297125,6.88416988416988,885,6.77627118644068
626,260,6.73162939297125,6.88461538461539,886,6.7765237020316
629,262,6.73131955484897,6.88931297709924,891,6.77777777777778
638,261,6.72727272727273,6.88505747126437,899,6.77308120133482
644,262,6.72515527950311,6.88549618320611,906,6.77152317880795
655,264,6.72977099236641,6.88636363636364,919,6.77475516866159
664,265,6.73192771084337,6.88301886792453,929,6.77502691065662
666,266,6.73123123123123,6.88345864661654,932,6.77467811158798
666,266,6.73123123123123,6.88345864661654,932,6.77467811158798
672,267,6.73065476190476,6.8876404494382,939,6.77529286474973
680,268,6.73382352941176,6.88432835820895,948,6.77637130801688
688,271,6.73691860465116,6.88191881918819,959,6.77789363920751
693,271,6.73304473304473,6.87822878228782,964,6.77385892116183
702,271,6.73504273504274,6.87822878228782,973,6.77492291880781
702,272,6.73504273504274,6.87867647058824,974,6.77515400410678
700,272,6.73285714285714,6.87867647058824,972,6.77366255144033
706,274,6.72946175637394,6.87956204379562,980,6.77142857142857
710,273,6.73239436619718,6.87912087912088,983,6.77314343845371
719,274,6.73296244784423,6.87956204379562,993,6.77341389728097
721,273,6.73509015256588,6.87545787545788,994,6.77364185110664
726,271,6.7465564738292,6.85977859778598,997,6.77733199598796
719,271,6.74269819193324,6.85977859778598,990,6.77474747474747
715,271,6.73986013986014,6.86346863468635,986,6.77383367139959
718,271,6.73955431754875,6.85977859778598,989,6.77249747219414
721,272,6.73092926490985,6.84558823529412,993,6.76233635448137
725,269,6.73103448275862,6.8364312267658,994,6.75955734406439
726,268,6.73002754820937,6.83582089552239,994,6.75855130784708
727,266,6.73865199449794,6.86842105263158,993,6.77341389728097
720,267,6.73888888888889,6.8689138576779,987,6.77406281661601
714,267,6.74229691876751,6.8689138576779,981,6.77675840978593
718,266,6.74791086350975,6.86466165413534,984,6.77947154471545
722,266,6.75069252077562,6.8609022556391,988,6.78036437246964
727,267,6.7455295735901,6.86142322097378,994,6.77665995975855
727,266,6.74690508940853,6.8609022556391,993,6.77744209466264
730,264,6.74794520547945,6.875,994,6.78169014084507
725,265,6.74758620689655,6.87547169811321,990,6.78181818181818
727,264,6.74415405777166,6.875,991,6.77901109989909
729,263,6.74348422496571,6.87832699619772,992,6.77923387096774
733,260,6.74488403819918,6.87692307692308,993,6.77945619335347
735,262,6.74829931972789,6.87786259541985,997,6.78234704112337
732,263,6.74590163934426,6.87832699619772,995,6.78090452261307
733,261,6.74079126875853,6.8735632183908,994,6.77565392354125
728,262,6.73901098901099,6.87022900763359,990,6.77373737373737
726,263,6.74104683195592,6.87072243346008,989,6.77553083923155
730,263,6.74794520547945,6.86692015209125,993,6.77945619335347
731,260,6.74829001367989,6.89230769230769,991,6.78607467204844
735,259,6.75646258503401,6.88803088803089,994,6.79074446680081
737,259,6.75712347354138,6.88416988416988,996,6.79016064257028
735,255,6.7578231292517,6.88627450980392,990,6.79090909090909
731,256,6.75649794801642,6.8828125,987,6.78926038500507
732,255,6.75819672131148,6.88235294117647,987,6.790273556231
737,255,6.76390773405699,6.88235294117647,992,6.79435483870968
738,255,6.76287262872629,6.88235294117647,993,6.79355488418933
739,257,6.75236806495264,6.87937743190662,996,6.785140562249
739,256,6.75372124492558,6.87890625,995,6.78592964824121
736,257,6.75135869565217,6.87937743190662,993,6.78449144008056
731,256,6.74965800273598,6.87890625,987,6.78318135764944
733,255,6.75034106412005,6.87450980392157,988,6.78238866396761
733,254,6.75170532060027,6.8740157480315,987,6.78318135764944
733,256,6.75170532060027,6.8671875,989,6.78159757330637
737,257,6.75440976933514,6.87548638132296,994,6.78571428571429
740,254,6.75135135135135,6.87795275590551,994,6.78370221327968
740,253,6.75810810810811,6.89328063241107,993,6.79254783484391
735,253,6.75646258503401,6.89328063241107,988,6.7914979757085
741,255,6.75708502024291,6.89411764705882,996,6.79216867469879
737,252,6.74898236092266,6.86507936507936,989,6.77856420626896
736,252,6.75,6.86507936507936,988,6.77935222672065
741,252,6.75033738191633,6.86507936507936,993,6.77945619335347
739,253,6.74830852503383,6.8695652173913,992,6.77923387096774
739,254,6.74830852503383,6.87007874015748,993,6.77945619335347
735,254,6.7469387755102,6.87007874015748,989,6.77856420626896
737,252,6.7449118046133,6.86904761904762,989,6.77654196157735
739,250,6.74560216508796,6.872,989,6.77755308392315
744,250,6.74193548387097,6.872,994,6.77464788732394
745,246,6.73825503355705,6.86585365853659,991,6.76992936427851
750,245,6.73866666666667,6.86530612244898,995,6.76984924623116
745,245,6.74362416107383,6.8734693877551,990,6.77575757575758
745,244,6.73691275167785,6.86885245901639,989,6.76946410515672
743,243,6.73620457604307,6.86831275720165,986,6.76876267748479
747,243,6.7376171352075,6.8641975308642,990,6.76868686868687
750,245,6.73866666666667,6.86122448979592,995,6.76884422110553
748,245,6.73930481283422,6.86122448979592,993,6.76938569989929
751,243,6.74167776298269,6.87242798353909,994,6.77364185110664
748,241,6.73930481283422,6.87136929460581,989,6.77148634984833
745,243,6.73959731543624,6.87654320987654,988,6.77327935222672
749,243,6.7369826435247,6.87242798353909,992,6.77016129032258
750,243,6.73733333333333,6.87242798353909,993,6.77039274924471
747,242,6.74029451137885,6.86776859504132,989,6.77148634984833
751,240,6.74300932090546,6.8625,991,6.77194752774975
756,239,6.74206349206349,6.87866108786611,995,6.7748743718593
753,239,6.74501992031873,6.87866108786611,992,6.77721774193548
755,240,6.74437086092715,6.875,995,6.77587939698492
757,238,6.74372523117569,6.85714285714286,995,6.77085427135678
755,237,6.74437086092715,6.86075949367089,992,6.77217741935484
756,235,6.74074074074074,6.85531914893617,991,6.76791120080727
756,235,6.75132275132275,6.85531914893617,991,6.77598385469223
760,235,6.75,6.85531914893617,995,6.7748743718593
758,235,6.74934036939314,6.85531914893617,993,6.77442094662638
758,234,6.74142480211082,6.85470085470085,992,6.76814516129032
762,231,6.74146981627297,6.84415584415584,993,6.76535750251762
762,230,6.74146981627297,6.84782608695652,992,6.76612903225806
763,231,6.7391874180865,6.84848484848485,994,6.76458752515091
764,226,6.73560209424084,6.84955752212389,990,6.76161616161616
767,224,6.74445893089961,6.84821428571429,991,6.76791120080727
763,224,6.74836173001311,6.84821428571429,987,6.7710233029382
765,224,6.74771241830065,6.84821428571429,989,6.77047522750253
769,223,6.74772431729519,6.83856502242153,992,6.76814516129032
770,224,6.74935064935065,6.83482142857143,994,6.76861167002012
774,223,6.74806201550388,6.83408071748879,997,6.76730190571715
772,224,6.74740932642487,6.83928571428571,996,6.76807228915663
766,224,6.75456919060052,6.83928571428571,990,6.77373737373737
764,224,6.75392670157068,6.83928571428571,988,6.77327935222672
765,226,6.75294117647059,6.84070796460177,991,6.77295660948537
770,226,6.76363636363636,6.84070796460177,996,6.78112449799197
771,225,6.76264591439689,6.84444444444444,996,6.78112449799197
766,223,6.76501305483029,6.83856502242153,989,6.78159757330637
771,224,6.76394293125811,6.83928571428571,995,6.78090452261307
766,223,6.76370757180157,6.84304932735426,989,6.78159757330637
762,225,6.76771653543307,6.83555555555556,987,6.78318135764944
765,226,6.76862745098039,6.83628318584071,991,6.7840565085772
769,226,6.76853055916775,6.83628318584071,995,6.78391959798995
770,222,6.76623376623377,6.83333333333333,992,6.78125
767,222,6.76531942633638,6.83333333333333,989,6.78058645096057
775,221,6.76258064516129,6.83257918552036,996,6.7781124497992
772,219,6.76683937823834,6.84931506849315,991,6.78506559031281
769,219,6.76723016905072,6.84931506849315,988,6.78542510121457
773,218,6.76584734799483,6.84862385321101,991,6.7840565085772
777,217,6.77220077220077,6.84331797235023,994,6.78772635814889
779,216,6.77278562259307,6.84259259259259,995,6.78793969849246
777,215,6.77348777348777,6.86046511627907,992,6.79233870967742
777,216,6.77606177606178,6.86111111111111,993,6.79456193353474
775,216,6.77548387096774,6.86111111111111,991,6.7941473259334
771,216,6.77431906614786,6.86111111111111,987,6.79331306990881
768,218,6.77734375,6.86697247706422,986,6.79716024340771
771,218,6.78339818417639,6.86697247706422,989,6.80182002022245
771,217,6.7769130998703,6.86635944700461,988,6.79655870445344
772,216,6.77849740932642,6.86574074074074,988,6.79757085020243
771,215,6.7769130998703,6.86046511627907,986,6.79513184584178
771,215,6.7769130998703,6.86046511627907,986,6.79513184584178
771,216,6.77821011673152,6.86111111111111,987,6.79635258358663
771,217,6.77821011673152,6.86175115207373,988,6.79655870445344
771,218,6.7769130998703,6.86238532110092,989,6.79575328614762
773,213,6.78137128072445,6.84037558685446,986,6.79411764705882
772,213,6.77849740932642,6.84037558685446,985,6.79187817258883
775,214,6.77548387096774,6.8411214953271,989,6.7896865520728
774,214,6.77519379844961,6.8411214953271,988,6.78947368421053
771,214,6.77431906614786,6.8411214953271,985,6.78883248730964
773,212,6.77360931435964,6.83962264150943,985,6.78781725888325
773,212,6.77490297542044,6.82075471698113,985,6.78477157360406
777,212,6.77606177606178,6.81603773584906,989,6.78463094034378
780,213,6.77564102564103,6.82629107981221,993,6.7865055387714
783,212,6.77394636015326,6.81132075471698,995,6.78190954773869
777,212,6.77606177606178,6.81132075471698,989,6.78361981799798
774,213,6.77390180878553,6.81220657276995,987,6.78216818642351
779,210,6.77535301668806,6.80952380952381,989,6.78260869565217
782,210,6.77109974424552,6.80952380952381,992,6.77923387096774
780,209,6.77307692307692,6.80861244019139,989,6.78058645096057
780,209,6.77435897435897,6.80861244019139,989,6.78159757330637
785,209,6.77707006369427,6.80382775119617,994,6.78269617706237
783,209,6.77777777777778,6.79904306220096,992,6.78225806451613
784,206,6.78316326530612,6.80582524271845,990,6.78787878787879
785,204,6.78343949044586,6.81372549019608,989,6.7896865520728
790,204,6.78354430379747,6.80882352941176,994,6.7887323943662
787,205,6.78398983481576,6.80975609756098,992,6.78931451612903
787,205,6.78271918678526,6.80975609756098,992,6.7883064516129
787,204,6.78271918678526,6.80882352941176,991,6.78809283551968
785,203,6.78471337579618,6.80788177339902,988,6.78947368421053
783,203,6.78288633461047,6.8128078817734,986,6.78904665314402
785,203,6.78343949044586,6.8128078817734,988,6.78947368421053
788,204,6.78172588832487,6.81372549019608,992,6.7883064516129
787,203,6.78271918678526,6.80788177339902,990,6.78787878787879
793,201,6.78562421185372,6.80597014925373,994,6.7897384305835
792,199,6.78661616161616,6.80402010050251,991,6.79011099899092
789,199,6.78707224334601,6.79899497487437,988,6.78947368421053
792,199,6.78787878787879,6.79899497487437,991,6.79011099899092
794,202,6.78589420654912,6.78712871287129,996,6.78614457831325
794,201,6.78841309823678,6.78606965174129,995,6.78793969849246
789,199,6.79340937896071,6.78391959798995,988,6.7914979757085
793,198,6.80075662042875,6.78282828282828,991,6.79717457114026
792,198,6.80050505050505,6.78282828282828,990,6.7969696969697
788,199,6.7994923857868,6.80402010050251,987,6.80040526849038
788,198,6.79822335025381,6.8030303030303,986,6.79918864097363
789,198,6.79847908745247,6.8030303030303,987,6.79939209726444
792,199,6.79924242424242,6.80904522613065,991,6.80121089808274
791,199,6.79898862199747,6.80904522613065,990,6.8010101010101
796,199,6.79522613065327,6.80904522613065,995,6.79798994974874
788,200,6.79314720812183,6.81,988,6.79655870445344
785,201,6.79108280254777,6.81094527363184,986,6.79513184584178
787,201,6.79161372299873,6.81094527363184,988,6.79554655870445
789,198,6.79087452471483,6.81313131313131,987,6.79533941236069
794,200,6.7896725440806,6.81,994,6.79376257545272
788,202,6.79060913705584,6.81683168316832,990,6.7959595959596
793,200,6.79192938209332,6.82,993,6.797583081571
788,202,6.79187817258883,6.81683168316832,990,6.7969696969697
787,202,6.79161372299873,6.81683168316832,989,6.79676440849343
785,202,6.79617834394904,6.81683168316832,987,6.80040526849038
786,202,6.79262086513995,6.81683168316832,988,6.79757085020243
784,204,6.79336734693878,6.81862745098039,988,6.79858299595142
780,203,6.79230769230769,6.81773399014778,983,6.79755849440488
782,204,6.79283887468031,6.82352941176471,986,6.79918864097363
782,205,6.79156010230179,6.82439024390244,987,6.7983789260385
780,204,6.79230769230769,6.82352941176471,984,6.79878048780488
780,206,6.79358974358974,6.80582524271845,986,6.79614604462475
784,204,6.79336734693878,6.80882352941176,988,6.79655870445344
788,205,6.79314720812183,6.81463414634146,993,6.797583081571
787,206,6.79415501905972,6.81553398058252,993,6.79859013091641
786,206,6.79389312977099,6.81553398058252,992,6.79838709677419
781,206,6.79897567221511,6.81067961165049,987,6.80141843971631
777,207,6.7979407979408,6.81642512077295,984,6.80182926829268
777,207,6.7992277992278,6.81642512077295,984,6.80284552845528
777,207,6.7966537966538,6.81642512077295,984,6.80081300813008
782,206,6.79667519181586,6.81553398058252,988,6.80060728744939
784,206,6.79974489795918,6.81553398058252,990,6.8030303030303
782,208,6.80306905370844,6.81730769230769,990,6.80606060606061
778,209,6.80334190231362,6.81818181818182,987,6.806484295846
778,211,6.80334190231362,6.82464454976303,989,6.80788675429727
781,209,6.80409731113956,6.85645933014354,990,6.81515151515152
784,206,6.7984693877551,6.85436893203883,990,6.81010101010101
785,206,6.8,6.85436893203883,991,6.81130171543895
783,206,6.80459770114942,6.8495145631068,989,6.81395348837209
784,206,6.80357142857143,6.8495145631068,990,6.81313131313131
783,206,6.80459770114942,6.8495145631068,989,6.81395348837209
780,205,6.80384615384615,6.85365853658537,985,6.81421319796954
780,205,6.80128205128205,6.85365853658537,985,6.81218274111675
783,205,6.80715197956577,6.84878048780488,988,6.81578947368421
781,206,6.80793854033291,6.8495145631068,987,6.81661600810537
784,206,6.80484693877551,6.8495145631068,990,6.81414141414141
785,203,6.81146496815287,6.86206896551724,988,6.82186234817814
783,201,6.80970625798212,6.89054726368159,984,6.82621951219512
785,202,6.81019108280255,6.89108910891089,987,6.82674772036474
783,202,6.81098339719029,6.89108910891089,985,6.82741116751269
787,200,6.80940279542567,6.89,987,6.8257345491388
787,199,6.81448538754765,6.8894472361809,986,6.82961460446248
792,198,6.81439393939394,6.88888888888889,990,6.82929292929293
789,199,6.81368821292776,6.8894472361809,988,6.82894736842105
785,200,6.81273885350318,6.885,985,6.82741116751269
786,200,6.81806615776081,6.885,986,6.8316430020284
786,200,6.81933842239186,6.9,986,6.83569979716024
788,199,6.81091370558376,6.89447236180905,987,6.82776089159068
783,197,6.81098339719029,6.89340101522843,980,6.82755102040816
788,196,6.81218274111675,6.88775510204082,984,6.82723577235772
790,195,6.81139240506329,6.89230769230769,985,6.82741116751269
791,195,6.81289506953224,6.89230769230769,986,6.82860040567951
793,194,6.81336696090794,6.89175257731959,987,6.82877406281662
793,195,6.81084489281211,6.89230769230769,988,6.82692307692308
791,197,6.81036662452592,6.89340101522843,988,6.82692307692308
784,198,6.80739795918367,6.89393939393939,982,6.82484725050916
789,198,6.80481622306717,6.89393939393939,987,6.82269503546099
792,197,6.80681818181818,6.88832487309645,989,6.82305358948433
790,196,6.80759493670886,6.88775510204082,986,6.82352941176471
791,197,6.80910240202276,6.87817258883249,988,6.82287449392713
793,196,6.81084489281211,6.87244897959184,989,6.82305358948433
795,196,6.81509433962264,6.87244897959184,991,6.82643794147326
794,196,6.81863979848866,6.87244897959184,990,6.82929292929293
797,196,6.82434127979925,6.87755102040816,993,6.83484390735146
790,196,6.82278481012658,6.87755102040816,986,6.83367139959432
788,197,6.82106598984772,6.87817258883249,985,6.83248730964467
787,197,6.82083862770013,6.87817258883249,984,6.83231707317073
791,196,6.81668773704172,6.89285714285714,987,6.83181357649443
792,195,6.81691919191919,6.89230769230769,987,6.83181357649443
793,196,6.81588902900378,6.89285714285714,989,6.83114256825076
796,196,6.81407035175879,6.89795918367347,992,6.83064516129032
795,196,6.81635220125786,6.89795918367347,991,6.83249243188698
791,194,6.81542351453856,6.89690721649485,985,6.83147208121827
786,193,6.81552162849873,6.89637305699482,979,6.8314606741573
786,194,6.81933842239186,6.89690721649485,980,6.83469387755102
788,193,6.8248730964467,6.89637305699482,981,6.83893985728848
793,194,6.82093316519546,6.89690721649485,987,6.83586626139818
794,193,6.82115869017632,6.89637305699482,987,6.83586626139818
792,194,6.82323232323232,6.89690721649485,986,6.83772819472617
790,192,6.82278481012658,6.88541666666667,982,6.83503054989817
789,192,6.82382762991128,6.88541666666667,981,6.83588175331295
791,193,6.82300884955752,6.8860103626943,984,6.83536585365854
792,193,6.82575757575758,6.8860103626943,985,6.83756345177665
794,193,6.82871536523929,6.8860103626943,987,6.83991894630192
796,192,6.82788944723618,6.90625,988,6.84311740890688
793,193,6.82723833543506,6.90673575129534,986,6.84279918864097
792,193,6.82828282828283,6.90673575129534,985,6.84365482233503
792,192,6.82954545454545,6.90625,984,6.84451219512195
795,190,6.82641509433962,6.90526315789474,985,6.84162436548223
796,191,6.82663316582915,6.90575916230366,987,6.8419452887538
796,192,6.82537688442211,6.90625,988,6.84109311740891
797,192,6.82559598494354,6.90625,989,6.8412537917088
796,192,6.83417085427136,6.90625,988,6.84817813765182
793,190,6.83228247162673,6.90526315789474,983,6.84638860630722
796,190,6.83417085427136,6.90526315789474,986,6.84787018255578
800,190,6.83375,6.90526315789474,990,6.84747474747475
799,191,6.83354192740926,6.90052356020942,990,6.84646464646465
802,189,6.83665835411471,6.8994708994709,991,6.84863773965691
803,189,6.83561643835616,6.8994708994709,992,6.84778225806452
804,188,6.83706467661692,6.89893617021277,992,6.84879032258065
799,188,6.8360450563204,6.89893617021277,987,6.84802431610942
799,189,6.8360450563204,6.8994708994709,988,6.84817813765182
807,190,6.83519206939281,6.9,997,6.84754262788365
801,189,6.83270911360799,6.8994708994709,990,6.84545454545455
804,186,6.83333333333333,6.89247311827957,990,6.84444444444444
805,185,6.83354037267081,6.89189189189189,990,6.84444444444444
801,186,6.8314606741573,6.89247311827957,987,6.84295845997974
799,187,6.83479349186483,6.88770053475936,986,6.8448275862069
802,186,6.83167082294264,6.89247311827957,988,6.84311740890688
806,185,6.83250620347395,6.89189189189189,991,6.84359233097881
805,186,6.83105590062112,6.89247311827957,991,6.84258324924319
808,185,6.83168316831683,6.89189189189189,993,6.8429003021148
807,184,6.83147459727385,6.89130434782609,991,6.84258324924319
801,184,6.8314606741573,6.89130434782609,985,6.84263959390863
801,184,6.8314606741573,6.89130434782609,985,6.84263959390863
804,184,6.83208955223881,6.89130434782609,988,6.84311740890688
807,185,6.83271375464684,6.89189189189189,992,6.84375
805,184,6.83105590062112,6.88586956521739,989,6.8412537917088
806,183,6.83374689826303,6.87431693989071,989,6.8412537917088
805,182,6.83354037267081,6.87362637362637,987,6.84093211752786
801,182,6.83270911360799,6.87362637362637,983,6.84028484231943
800,183,6.8325,6.87431693989071,983,6.84028484231943
805,183,6.83229813664596,6.87431693989071,988,6.84008097165992
810,183,6.83333333333333,6.86885245901639,993,6.83987915407855
808,182,6.83292079207921,6.86263736263736,990,6.83838383838384
810,181,6.83086419753086,6.86187845303867,991,6.83652875882947
811,181,6.83107274969174,6.86187845303867,992,6.8366935483871
808,181,6.83044554455446,6.86187845303867,989,6.83619817997978
805,182,6.82981366459627,6.86263736263736,987,6.83586626139818
812,179,6.82635467980296,6.8659217877095,991,6.8335015136226
813,177,6.83148831488315,6.86440677966102,990,6.83737373737374
810,176,6.83086419753086,6.86363636363636,986,6.8367139959432
810,177,6.8320987654321,6.86440677966102,987,6.83789260385005
807,176,6.83147459727385,6.86363636363636,983,6.83723296032553
804,176,6.82960199004975,6.86363636363636,980,6.83571428571429
805,175,6.83105590062112,6.86285714285714,980,6.83673469387755
810,174,6.83086419753086,6.86206896551724,984,6.83638211382114
813,173,6.83148831488315,6.88439306358381,986,6.84077079107505
809,172,6.82941903584672,6.87209302325581,981,6.83690112130479
813,173,6.83025830258303,6.8728323699422,986,6.83772819472617
813,173,6.83271832718327,6.8728323699422,986,6.83975659229209
812,172,6.83251231527094,6.87209302325581,984,6.83943089430894
811,170,6.83230579531443,6.87647058823529,981,6.83995922528033
820,171,6.83292682926829,6.87134502923977,991,6.83955600403633
824,170,6.83373786407767,6.87058823529412,994,6.84004024144869
821,169,6.83434835566382,6.8698224852071,990,6.84040404040404
820,168,6.83292682926829,6.86904761904762,988,6.83906882591093
816,166,6.83823529411765,6.86746987951807,982,6.84317718940937
814,167,6.83783783783784,6.86826347305389,981,6.84301732925586
812,167,6.83866995073892,6.86826347305389,979,6.84371807967314
817,166,6.83231334149327,6.86746987951807,983,6.8382502543235
819,165,6.83394383394383,6.86666666666667,984,6.83943089430894
818,165,6.83129584352078,6.86666666666667,983,6.83723296032553
818,167,6.83129584352078,6.86826347305389,985,6.83756345177665
818,167,6.83007334963325,6.86826347305389,985,6.83654822335025
816,167,6.8296568627451,6.86826347305389,983,6.83621566632757
817,166,6.83108935128519,6.86746987951807,983,6.83723296032553
822,165,6.83211678832117,6.86666666666667,987,6.83789260385005
821,165,6.83191230207065,6.86666666666667,986,6.83772819472617
820,165,6.82926829268293,6.86060606060606,985,6.83451776649746
818,166,6.83007334963325,6.86144578313253,984,6.83536585365854
814,164,6.83169533169533,6.85975609756098,978,6.83640081799591
812,163,6.83128078817734,6.85276073619632,975,6.83487179487179
812,163,6.83004926108374,6.85276073619632,975,6.83384615384615
819,164,6.83150183150183,6.85365853658537,983,6.8351983723296
820,164,6.83170731707317,6.85365853658537,984,6.83536585365854
822,163,6.83333333333333,6.85276073619632,985,6.83654822335025
821,162,6.83434835566382,6.85185185185185,983,6.83723296032553
821,162,6.83434835566382,6.85185185185185,983,6.83723296032553
818,162,6.83496332518337,6.85185185185185,980,6.83775510204082
821,163,6.83069427527406,6.85276073619632,984,6.83434959349593
826,162,6.83050847457627,6.84567901234568,988,6.832995951417
825,160,6.83030303030303,6.86875,985,6.83654822335025
827,160,6.83192261185006,6.86875,987,6.83789260385005
829,160,6.83232810615199,6.86875,989,6.83822042467138
826,160,6.83777239709443,6.86875,986,6.84279918864097
824,157,6.83980582524272,6.86624203821656,981,6.84403669724771
827,157,6.8403869407497,6.86624203821656,984,6.84451219512195
828,157,6.83937198067633,6.86624203821656,985,6.84365482233503
826,156,6.84382566585956,6.86538461538461,982,6.84725050916497
826,158,6.84261501210654,6.86708860759494,984,6.84654471544715
825,157,6.84121212121212,6.85987261146497,982,6.84419551934827
824,155,6.84101941747573,6.85806451612903,979,6.84371807967314
822,155,6.838199513382,6.85806451612903,977,6.84135107471853
825,152,6.83878787878788,6.85526315789474,977,6.84135107471853
828,152,6.84420289855072,6.85526315789474,980,6.84591836734694
828,153,6.84541062801932,6.8562091503268,981,6.84709480122324
829,153,6.84800965018094,6.8562091503268,982,6.84928716904277
828,153,6.84661835748792,6.8562091503268,981,6.84811416921509
826,153,6.84624697336562,6.8562091503268,979,6.84780388151175
827,153,6.84643288996372,6.8562091503268,980,6.84795918367347
833,153,6.84273709483794,6.8562091503268,986,6.8448275862069
839,153,6.84386174016687,6.8562091503268,992,6.84576612903226
832,152,6.84254807692308,6.85526315789474,984,6.84451219512195
830,152,6.84096385542169,6.85526315789474,982,6.84317718940937
830,152,6.84096385542169,6.85526315789474,982,6.84317718940937
826,153,6.84019370460048,6.8562091503268,979,6.84269662921348
827,153,6.8403869407497,6.8562091503268,980,6.84285714285714
834,153,6.84292565947242,6.8562091503268,987,6.84498480243161
837,153,6.84229390681004,6.8562091503268,990,6.84444444444444
836,153,6.84090909090909,6.8562091503268,989,6.8432760364004
836,153,6.84090909090909,6.86274509803922,989,6.84428715874621
833,153,6.8391356542617,6.86274509803922,986,6.84279918864097
831,153,6.84115523465704,6.86274509803922,984,6.84451219512195
830,152,6.84096385542169,6.86184210526316,982,6.84419551934827
838,151,6.84009546539379,6.86754966887417,989,6.84428715874621
837,151,6.84348864994026,6.86754966887417,988,6.84716599190283
833,152,6.84273709483794,6.86842105263158,985,6.84670050761421
834,152,6.84412470023981,6.86842105263158,986,6.84787018255578
835,152,6.84311377245509,6.86842105263158,987,6.84701114488348
834,152,6.84292565947242,6.86842105263158,986,6.84685598377282
834,153,6.84172661870504,6.86928104575163,987,6.84599797365755
834,154,6.83573141486811,6.87012987012987,988,6.84109311740891
834,154,6.84292565947242,6.87012987012987,988,6.84716599190283
833,154,6.84273709483794,6.87012987012987,987,6.84701114488348
833,154,6.84753901560624,6.87012987012987,987,6.85106382978723
833,154,6.84633853541417,6.87012987012987,987,6.8500506585613
830,155,6.84819277108434,6.87096774193548,985,6.85177664974619
832,155,6.85096153846154,6.87096774193548,987,6.85410334346505
834,154,6.85011990407674,6.8961038961039,988,6.85728744939271
834,153,6.85011990407674,6.89542483660131,987,6.85714285714286
833,153,6.85114045618247,6.89542483660131,986,6.8580121703854
834,155,6.85251798561151,6.89677419354839,989,6.85945399393327
827,155,6.84885126964933,6.89677419354839,982,6.85641547861507
827,154,6.85006045949214,6.8961038961039,981,6.85728848114169
830,153,6.85060240963855,6.89542483660131,983,6.85757884028484
829,153,6.84921592279855,6.89542483660131,982,6.85641547861507
829,153,6.85042219541616,6.89542483660131,982,6.85743380855397
828,153,6.85024154589372,6.89542483660131,981,6.85728848114169
829,153,6.85042219541616,6.89542483660131,982,6.85743380855397
828,153,6.85265700483092,6.89542483660131,981,6.85932721712538
825,153,6.85212121212121,6.89542483660131,978,6.85889570552147
830,154,6.84578313253012,6.8961038961039,984,6.85365853658537
835,154,6.84670658682635,6.8961038961039,989,6.85439838220425
834,153,6.8537170263789,6.89542483660131,987,6.86018237082067
834,152,6.8537170263789,6.89473684210526,986,6.86004056795132
833,152,6.85234093637455,6.89473684210526,985,6.85888324873096
830,152,6.85301204819277,6.89473684210526,982,6.85947046843177
828,152,6.85265700483092,6.89473684210526,980,6.85918367346939
836,151,6.85645933014354,6.89403973509934,987,6.86220871327254
840,151,6.8547619047619,6.89403973509934,991,6.86074672048436
840,149,6.85357142857143,6.89261744966443,989,6.85945399393327
838,149,6.85441527446301,6.89261744966443,987,6.86018237082067
834,149,6.85491606714628,6.89261744966443,983,6.86063072227874
832,149,6.85576923076923,6.91946308724832,981,6.86544342507645
829,148,6.86127864897467,6.91891891891892,977,6.87001023541453
838,148,6.86276849642005,6.91891891891892,986,6.87119675456389
840,146,6.86071428571429,6.91780821917808,986,6.86916835699797
839,146,6.86054827175209,6.91780821917808,985,6.86903553299492
841,144,6.85969084423306,6.91666666666667,985,6.86802030456853
841,144,6.85969084423306,6.91666666666667,985,6.86802030456853
839,143,6.85935637663886,6.91608391608392,982,6.86761710794297
839,142,6.85935637663886,6.91549295774648,981,6.86748216106014
844,142,6.86137440758294,6.91549295774648,986,6.86916835699797
845,143,6.86153846153846,6.91608391608392,988,6.86943319838057
845,143,6.86272189349112,6.91608391608392,988,6.87044534412955
846,143,6.8628841607565,6.91608391608392,989,6.87057633973711
843,143,6.86595492289442,6.91608391608392,986,6.87322515212982
840,141,6.86785714285714,6.91489361702128,981,6.87461773700306
839,141,6.8688915375447,6.91489361702128,980,6.87551020408163
846,140,6.86761229314421,6.90714285714286,986,6.87322515212982
847,140,6.86776859504132,6.90714285714286,987,6.87335359675785
845,139,6.86745562130178,6.90647482014388,984,6.8729674796748
845,138,6.86745562130178,6.90579710144928,983,6.87283825025432
845,138,6.86863905325444,6.90579710144928,983,6.87385554425229
842,139,6.86698337292161,6.90647482014388,981,6.87257900101937
840,139,6.86547619047619,6.90647482014388,979,6.87129724208376
846,139,6.86643026004728,6.90647482014388,985,6.87208121827411
848,139,6.86674528301887,6.90647482014388,987,6.87234042553191
847,139,6.86776859504132,6.90647482014388,986,6.87322515212982
849,139,6.8680800942285,6.90647482014388,988,6.87348178137652
845,138,6.87337278106509,6.90579710144928,983,6.87792472024415
842,138,6.8729216152019,6.90579710144928,980,6.87755102040816
840,137,6.87261904761905,6.9051094890511,977,6.87717502558854
849,135,6.8716136631331,6.9037037037037,984,6.8760162601626
851,135,6.87074030552291,6.9037037037037,986,6.87525354969574
848,136,6.87028301886792,6.90441176470588,984,6.875
848,136,6.86910377358491,6.90441176470588,984,6.8739837398374
846,135,6.86997635933806,6.9037037037037,981,6.87461773700306
843,135,6.87069988137604,6.9037037037037,978,6.87525562372188
843,135,6.87069988137604,6.9037037037037,978,6.87525562372188
850,135,6.87294117647059,6.9037037037037,985,6.87715736040609
848,135,6.86910377358491,6.9037037037037,983,6.87385554425229
845,135,6.86863905325444,6.9037037037037,980,6.8734693877551
846,135,6.86997635933806,6.9037037037037,981,6.87461773700306
845,135,6.86745562130178,6.9037037037037,980,6.87244897959184
841,135,6.86682520808561,6.9037037037037,976,6.8719262295082
844,135,6.86611374407583,6.9037037037037,979,6.87129724208376
849,135,6.86690223792697,6.9037037037037,984,6.8719512195122
849,135,6.86690223792697,6.9037037037037,984,6.8719512195122
849,133,6.86690223792697,6.90225563909774,982,6.87169042769857
850,132,6.86588235294118,6.90151515151515,982,6.87067209775967
847,132,6.86540731995277,6.90151515151515,979,6.87027579162411
847,131,6.86540731995277,6.90076335877863,978,6.87014314928425
852,129,6.8650234741784,6.89922480620155,981,6.86952089704383
859,129,6.86728754365541,6.89922480620155,988,6.87145748987854
859,126,6.86612339930151,6.8968253968254,985,6.87005076142132
860,124,6.86627906976744,6.91935483870968,984,6.8729674796748
858,124,6.86713286713287,6.91935483870968,982,6.87372708757638
859,124,6.86728754365541,6.91935483870968,983,6.87385554425229
858,124,6.86713286713287,6.91935483870968,982,6.87372708757638
862,124,6.8677494199536,6.91935483870968,986,6.87423935091278
864,123,6.87037037037037,6.91869918699187,987,6.87639311043566
865,122,6.87167630057803,6.91803278688525,987,6.8774062816616
863,121,6.87369640787949,6.92561983471074,984,6.88008130081301
865,121,6.87630057803468,6.92561983471074,986,6.88235294117647
863,121,6.87601390498262,6.92561983471074,984,6.88211382113821
863,121,6.87601390498262,6.92561983471074,984,6.88211382113821
865,122,6.87630057803468,6.92622950819672,987,6.88247213779129
868,120,6.87672811059908,6.925,988,6.88259109311741
867,120,6.87773933102653,6.925,987,6.88348530901722
867,119,6.87658592848904,6.9327731092437,986,6.88336713995943
866,119,6.87644341801386,6.9327731092437,985,6.88324873096447
862,119,6.88051044083527,6.9327731092437,981,6.8868501529052
860,118,6.88023255813953,6.93220338983051,978,6.88650306748466
865,118,6.87976878612717,6.93220338983051,983,6.88606307222787
871,118,6.87944890929966,6.93220338983051,989,6.88574317492417
870,118,6.87816091954023,6.93220338983051,988,6.88461538461539
866,117,6.8810623556582,6.93162393162393,983,6.88708036622584
865,118,6.88092485549133,6.93220338983051,983,6.88708036622584
862,118,6.88051044083527,6.93220338983051,980,6.88673469387755
859,118,6.88009313154831,6.93220338983051,977,6.8863868986694
864,118,6.87962962962963,6.93220338983051,982,6.88594704684318
864,118,6.87847222222222,6.93220338983051,982,6.88492871690428
862,118,6.87819025522042,6.93220338983051,980,6.88469387755102
863,118,6.87833140208575,6.93220338983051,981,6.88481141692151
863,118,6.87949015063731,6.93220338983051,981,6.88583078491335
861,118,6.8780487804878,6.93220338983051,979,6.88457609805924
859,117,6.87776484284051,6.93162393162393,976,6.88422131147541
864,118,6.87615740740741,6.93220338983051,982,6.88289205702648
864,117,6.87962962962963,6.96581196581197,981,6.88990825688073
864,117,6.87847222222222,6.96581196581197,981,6.88888888888889
863,117,6.87717265353418,6.96581196581197,980,6.88775510204082
861,117,6.87572590011614,6.96581196581197,978,6.88650306748466
859,117,6.87543655413271,6.96581196581197,976,6.88627049180328
858,117,6.87529137529138,6.96581196581197,975,6.88615384615385
865,115,6.87514450867052,6.96521739130435,980,6.88571428571429
867,114,6.87543252595156,6.96491228070175,981,6.88583078491335
866,111,6.87413394919169,6.97297297297297,977,6.88536335721597
863,111,6.87253765932793,6.97297297297297,974,6.88398357289528
863,111,6.87137891077636,6.97297297297297,974,6.8829568788501
862,110,6.87122969837587,6.98181818181818,972,6.88374485596708
861,110,6.87108013937282,6.98181818181818,971,6.88362512873326
866,110,6.86836027713626,6.98181818181818,976,6.88114754098361
867,110,6.86620530565167,6.98181818181818,977,6.87922210849539
866,110,6.86605080831409,6.98181818181818,976,6.87909836065574
866,109,6.864896073903,6.98165137614679,975,6.87794871794872
865,109,6.86473988439306,6.98165137614679,974,6.87782340862423
864,109,6.86805555555556,6.98165137614679,973,6.88078108941418
865,109,6.86820809248555,6.98165137614679,974,6.88090349075975
870,108,6.86781609195402,6.98148148148148,978,6.88036809815951
871,108,6.86796785304248,6.98148148148148,979,6.88049029622063
869,108,6.86881472957422,6.98148148148148,977,6.88126919140225
870,107,6.86896551724138,6.98130841121495,977,6.88126919140225
870,107,6.86896551724138,6.98130841121495,977,6.88126919140225
869,107,6.86881472957422,6.98130841121495,976,6.88114754098361
870,107,6.87011494252874,6.98130841121495,977,6.88229273285568
