forward_num,reverse_num,forward_rate,reverse_rate,organism_num,organism_rate
5,5,5.0,5.0,10,5.0
5,5,5.0,5.0,10,5.0
5,5,5.0,5.0,10,5.0
6,6,5.5,5.16666666666667,12,5.33333333333333
7,7,5.42857142857143,5.42857142857143,14,5.42857142857143
8,8,5.25,5.25,16,5.25
11,9,5.45454545454545,5.0,20,5.25
13,14,5.15384615384615,5.35714285714286,27,5.25925925925926
15,14,5.2,5.35714285714286,29,5.27586206896552
17,18,5.52941176470588,5.83333333333333,35,5.68571428571429
20,21,5.65,5.76190476190476,41,5.70731707317073
26,25,5.84615384615385,5.48,51,5.66666666666667
30,33,5.86666666666667,5.78787878787879,63,5.82539682539683
35,38,5.97142857142857,5.68421052631579,73,5.82191780821918
43,45,6.16279069767442,5.82222222222222,88,5.98863636363636
56,56,6.33928571428571,5.94642857142857,112,6.14285714285714
66,68,6.37878787878788,6.11764705882353,134,6.24626865671642
86,84,6.59302325581395,6.25,170,6.42352941176471
105,107,6.64761904761905,6.29906542056075,212,6.47169811320755
138,125,6.72463768115942,6.384,263,6.56273764258555
170,161,6.83529411764706,6.52173913043478,331,6.68277945619335
213,199,6.87323943661972,6.60301507537688,412,6.74271844660194
280,241,6.95357142857143,6.69294605809129,521,6.83301343570058
339,313,7.03834808259587,6.75399361022364,652,6.90184049079755
431,385,7.12761020881671,6.81298701298701,816,6.97916666666667
529,470,7.16068052930057,6.90851063829787,999,7.04204204204204
525,474,7.12571428571429,6.92194092827004,999,7.02902902902903
526,472,7.12357414448669,6.9385593220339,998,7.03607214428858
533,465,7.10881801125704,6.93763440860215,998,7.02905811623246
527,472,7.11005692599621,6.95762711864407,999,7.03803803803804
527,472,7.09677419354839,6.94703389830508,999,7.02602602602603
532,467,7.1203007518797,6.97002141327623,999,7.05005005005005
535,463,7.11028037383178,6.9524838012959,998,7.03707414829659
524,475,7.06679389312977,6.95368421052632,999,7.01301301301301
533,466,7.06754221388368,6.96351931330472,999,7.01901901901902
528,469,7.06628787878788,7.0,997,7.03510531594784
525,474,7.07619047619048,7.03586497890295,999,7.05705705705706
529,470,7.07561436672968,7.05531914893617,999,7.06606606606607
525,473,7.07238095238095,7.11627906976744,998,7.09318637274549
528,471,7.0719696969697,7.16348195329087,999,7.11511511511512
531,467,7.13370998116761,7.19700214132762,998,7.16332665330661
538,460,7.10966542750929,7.20217391304348,998,7.15230460921844
536,463,7.11194029850746,7.17278617710583,999,7.14014014014014
547,452,7.11334552102377,7.22787610619469,999,7.16516516516517
541,457,7.11090573012939,7.22757111597374,998,7.16432865731463
543,453,7.11786372007366,7.21412803532009,996,7.16164658634538
551,448,7.11615245009074,7.22321428571429,999,7.16416416416416
549,450,7.183970856102,7.18222222222222,999,7.18318318318318
549,448,7.2367941712204,7.22321428571429,997,7.23069207622869
547,452,7.24680073126143,7.21902654867257,999,7.23423423423423
546,452,7.28937728937729,7.24557522123894,998,7.26953907815631
550,449,7.23818181818182,7.28730512249443,999,7.26026026026026
548,451,7.27919708029197,7.26385809312639,999,7.27227227227227
543,453,7.2744014732965,7.2317880794702,996,7.25502008032128
546,451,7.30586080586081,7.17738359201774,997,7.24774322968907
548,451,7.26277372262774,7.26829268292683,999,7.26526526526527
537,462,7.27188081936685,7.27056277056277,999,7.27127127127127
526,473,7.24144486692015,7.25792811839323,999,7.24924924924925
524,473,7.29389312977099,7.20718816067653,997,7.25275827482447
524,474,7.25381679389313,7.19409282700422,998,7.22545090180361
532,466,7.22932330827068,7.16738197424893,998,7.20040080160321
527,472,7.21631878557875,7.18008474576271,999,7.1991991991992
521,477,7.24760076775432,7.24318658280922,998,7.24549098196393
520,479,7.24615384615385,7.2776617954071,999,7.26126126126126
524,474,7.24236641221374,7.22151898734177,998,7.23246492985972
510,487,7.23921568627451,7.21149897330595,997,7.22567703109328
514,485,7.22568093385214,7.21855670103093,999,7.22222222222222
514,484,7.26653696498054,7.25619834710744,998,7.26152304609218
517,482,7.27852998065764,7.26141078838174,999,7.27027027027027
522,476,7.2911877394636,7.28151260504202,998,7.28657314629258
524,475,7.27862595419847,7.22526315789474,999,7.25325325325325
530,469,7.3,7.21748400852878,999,7.26126126126126
530,467,7.3377358490566,7.17558886509636,997,7.2617853560682
533,466,7.3827392120075,7.17811158798283,999,7.28728728728729
530,468,7.40377358490566,7.1474358974359,998,7.28356713426854
517,480,7.37137330754352,7.12916666666667,997,7.25476429287864
519,479,7.34104046242775,7.13778705636743,998,7.2434869739479
524,475,7.29198473282443,7.09894736842105,999,7.2002002002002
514,482,7.30739299610895,7.09128630705394,996,7.20281124497992
504,495,7.31547619047619,7.07070707070707,999,7.19419419419419
503,496,7.34194831013917,7.07258064516129,999,7.20820820820821
508,491,7.29133858267717,7.09775967413442,999,7.1961961961962
509,490,7.2770137524558,7.14081632653061,999,7.21021021021021
516,483,7.26356589147287,7.16149068322981,999,7.21421421421421
527,471,7.28083491461101,7.15498938428875,998,7.22144288577154
523,475,7.26577437858509,7.16631578947368,998,7.2184368737475
521,478,7.3147792706334,7.14016736401674,999,7.23123123123123
530,469,7.32830188679245,7.08528784648188,999,7.21421421421421
536,461,7.35634328358209,7.04989154013015,997,7.21464393179539
537,462,7.37430167597765,7.07575757575758,999,7.23623623623624
530,468,7.38679245283019,7.02777777777778,998,7.2184368737475
544,455,7.39705882352941,7.0021978021978,999,7.21721721721722
548,449,7.36313868613139,7.01781737193764,997,7.20762286860582
557,441,7.3411131059246,7.02947845804989,998,7.20340681362725
555,444,7.33693693693694,7.02477477477477,999,7.1981981981982
566,433,7.35335689045936,7.04618937644342,999,7.22022022022022
567,432,7.32098765432099,7.04861111111111,999,7.2032032032032
574,423,7.34494773519164,7.04728132387707,997,7.21865596790371
567,430,7.34920634920635,7.04883720930233,997,7.21965897693079
574,425,7.34146341463415,7.04705882352941,999,7.21621621621622
578,421,7.36505190311419,7.01900237529691,999,7.21921921921922
586,412,7.37372013651877,7.03398058252427,998,7.23346693386774
582,417,7.39347079037801,7.0,999,7.22922922922923
584,412,7.42123287671233,7.06553398058252,996,7.27409638554217
591,407,7.42131979695431,7.0982800982801,998,7.28957915831663
601,396,7.43594009983361,7.02272727272727,997,7.27181544633902
604,395,7.45860927152318,7.03291139240506,999,7.29029029029029
612,387,7.46241830065359,6.97416020671835,999,7.27327327327327
614,385,7.45765472312704,6.97142857142857,999,7.27027027027027
604,394,7.45695364238411,7.01015228426396,998,7.28056112224449
593,406,7.48903878583474,7.01231527093596,999,7.2952952952953
594,405,7.5,7.02469135802469,999,7.30730730730731
599,400,7.54090150250417,7.1025,999,7.36536536536537
594,405,7.48316498316498,7.06666666666667,999,7.31431431431431
593,406,7.42327150084317,7.07142857142857,999,7.28028028028028
593,406,7.43676222596965,7.07881773399015,999,7.29129129129129
598,399,7.42140468227425,7.12280701754386,997,7.30190571715145
603,396,7.38474295190713,7.11616161616162,999,7.27827827827828
611,388,7.37479541734861,7.05927835051546,999,7.25225225225225
630,369,7.37460317460317,6.97560975609756,999,7.22722722722723
634,365,7.35646687697161,7.04109589041096,999,7.24124124124124
641,356,7.36349453978159,7.00280898876404,997,7.23470411233701
647,352,7.3323029366306,6.97443181818182,999,7.20620620620621
654,342,7.37461773700306,6.94152046783626,996,7.22590361445783
661,333,7.36459909228442,6.88288288288288,994,7.20321931589537
665,331,7.34135338345865,6.88519637462236,996,7.18975903614458
667,332,7.39730134932534,6.91566265060241,999,7.23723723723724
669,329,7.41255605381166,6.93920972644377,998,7.2565130260521
676,323,7.41568047337278,6.94736842105263,999,7.26426426426426
676,323,7.42455621301775,6.96594427244582,999,7.27627627627628
669,330,7.43497757847534,6.99393939393939,999,7.28928928928929
671,327,7.44709388971684,7.0,998,7.30060120240481
671,327,7.4441132637854,6.98470948012232,998,7.2935871743487
671,327,7.46795827123696,7.00305810397554,998,7.31563126252505
668,328,7.43263473053892,6.99085365853659,996,7.28714859437751
661,336,7.41452344931921,7.02678571428571,997,7.28385155466399
673,326,7.43536404160476,7.00306748466258,999,7.29429429429429
670,326,7.44626865671642,6.94478527607362,996,7.28212851405623
675,324,7.44740740740741,6.97222222222222,999,7.29329329329329
677,321,7.42097488921713,6.93769470404984,998,7.26553106212425
676,323,7.42899408284024,6.86068111455108,999,7.24524524524525
681,318,7.42143906020558,6.94339622641509,999,7.26926926926927
686,311,7.4402332361516,6.91639871382637,997,7.27683049147442
692,307,7.43063583815029,6.95114006514658,999,7.28328328328328
697,302,7.43758967001435,6.94370860927152,999,7.28828828828829
710,289,7.42957746478873,6.93771626297578,999,7.28728728728729
712,286,7.44803370786517,6.92307692307692,998,7.29759519038076
715,284,7.43636363636364,6.94718309859155,999,7.2972972972973
715,284,7.42657342657343,7.00704225352113,999,7.30730730730731
718,280,7.43593314763231,7.02142857142857,998,7.31963927855711
724,275,7.37707182320442,7.07272727272727,999,7.29329329329329
720,279,7.34444444444444,6.97491039426523,999,7.24124124124124
719,280,7.34631432545202,7.01785714285714,999,7.25425425425425
715,284,7.35244755244755,7.1056338028169,999,7.28228228228228
720,278,7.3375,7.0431654676259,998,7.25551102204409
725,273,7.31586206896552,7.08058608058608,998,7.25150300601202
718,281,7.30222841225627,7.09964412811388,999,7.24524524524525
724,274,7.30939226519337,7.04744525547445,998,7.2374749498998
712,286,7.31179775280899,7.04195804195804,998,7.23446893787575
716,282,7.31424581005587,7.07801418439716,998,7.24749498997996
717,281,7.33333333333333,7.02135231316726,998,7.24549098196393
718,280,7.36211699164345,7.00714285714286,998,7.2625250501002
711,286,7.33473980309423,7.05594405594406,997,7.25476429287864
705,293,7.3177304964539,7.06143344709898,998,7.24248496993988
713,286,7.31556802244039,7.08391608391608,999,7.24924924924925
713,284,7.35764375876578,7.08098591549296,997,7.27883650952859
709,289,7.36953455571227,7.08304498269896,998,7.28657314629258
715,282,7.34685314685315,6.98936170212766,997,7.2457372116349
711,287,7.31364275668073,6.99651567944251,998,7.22244488977956
718,281,7.32729805013928,6.98220640569395,999,7.23023023023023
711,288,7.31364275668073,6.97569444444444,999,7.21621621621622
718,281,7.34540389972145,6.99288256227758,999,7.24624624624625
723,276,7.32365145228216,6.97826086956522,999,7.22822822822823
721,277,7.28571428571429,7.05054151624549,998,7.22044088176353
726,273,7.29338842975207,7.08791208791209,999,7.23723723723724
725,273,7.2648275862069,7.11721611721612,998,7.22444889779559
731,267,7.25718194254446,7.09737827715356,998,7.21442885771543
730,267,7.26849315068493,7.13483146067416,997,7.23269809428285
735,264,7.28163265306122,7.14393939393939,999,7.24524524524525
744,255,7.26747311827957,7.09019607843137,999,7.22222222222222
738,261,7.29810298102981,7.01915708812261,999,7.22522522522523
728,271,7.2967032967033,7.0590405904059,999,7.23223223223223
736,263,7.2866847826087,7.00760456273764,999,7.21321321321321
727,272,7.31499312242091,7.00367647058824,999,7.23023023023023
726,273,7.29889807162534,7.01831501831502,999,7.22222222222222
724,272,7.31629834254144,7.02205882352941,996,7.2359437751004
729,270,7.3278463648834,7.01111111111111,999,7.24224224224224
728,271,7.33241758241758,7.03690036900369,999,7.25225225225225
724,275,7.33977900552486,7.08,999,7.26826826826827
719,279,7.3518776077886,7.0573476702509,998,7.26953907815631
714,285,7.3515406162465,7.06315789473684,999,7.26926926926927
716,283,7.3463687150838,7.09893992932862,999,7.27627627627628
711,287,7.32911392405063,7.06271777003484,998,7.25250501002004
711,288,7.31082981715893,7.06597222222222,999,7.24024024024024
713,285,7.27489481065919,7.05263157894737,998,7.21142284569138
724,275,7.29005524861878,7.06181818181818,999,7.22722722722723
722,277,7.24376731301939,7.10108303249097,999,7.2042042042042
720,277,7.26111111111111,6.9927797833935,997,7.18655967903711
714,284,7.25070028011204,6.98943661971831,998,7.17635270541082
718,281,7.26044568245125,7.00711743772242,999,7.18918918918919
719,279,7.28372739916551,7.02867383512545,998,7.2124248496994
714,285,7.29411764705882,7.07017543859649,999,7.23023023023023
711,286,7.25457102672293,7.03496503496504,997,7.19157472417252
713,285,7.26507713884993,7.08070175438596,998,7.2124248496994
703,294,7.26031294452347,7.12244897959184,997,7.21965897693079
704,292,7.3125,7.12328767123288,996,7.2570281124498
707,292,7.2984441301273,7.12328767123288,999,7.24724724724725
706,293,7.29745042492918,7.14675767918089,999,7.25325325325325
710,289,7.30845070422535,7.16608996539792,999,7.26726726726727
709,290,7.34273624823695,7.12413793103448,999,7.27927927927928
706,293,7.37110481586402,7.09556313993174,999,7.29029029029029
694,302,7.40489913544669,7.10927152317881,996,7.31526104417671
695,304,7.42014388489209,7.15131578947368,999,7.33833833833834
697,302,7.42898134863702,7.13907284768212,999,7.34134134134134
702,297,7.40883190883191,7.11784511784512,999,7.32232232232232
693,306,7.35930735930736,7.1078431372549,999,7.28228228228228
701,298,7.34807417974322,7.15771812080537,999,7.29129129129129
704,295,7.35227272727273,7.16949152542373,999,7.2982982982983
705,293,7.3886524822695,7.16040955631399,998,7.32164328657315
704,294,7.375,7.20408163265306,998,7.32464929859719
700,299,7.33714285714286,7.14715719063545,999,7.28028028028028
706,293,7.35127478753541,7.16040955631399,999,7.2952952952953
700,297,7.34142857142857,7.21885521885522,997,7.3049147442327
699,300,7.38340486409156,7.28333333333333,999,7.35335335335335
695,303,7.39424460431655,7.26402640264026,998,7.35470941883768
689,309,7.38026124818578,7.20388349514563,998,7.32565130260521
689,309,7.39622641509434,7.19741100323625,998,7.33466933867735
675,322,7.42814814814815,7.14285714285714,997,7.33600802407222
677,322,7.46233382570162,7.12422360248447,999,7.35335335335335
671,327,7.48286140089419,7.09174311926605,998,7.35470941883768
677,322,7.46528803545052,7.07763975155279,999,7.34034034034034
679,319,7.45655375552283,7.09717868338558,998,7.34168336673347
673,325,7.46953937592868,7.09538461538462,998,7.34769539078156
673,325,7.46359583952452,7.10461538461538,998,7.34669338677355
679,320,7.41973490427099,7.109375,999,7.32032032032032
680,318,7.40294117647059,7.08490566037736,998,7.30160320641283
679,320,7.44035346097202,7.1,999,7.33133133133133
683,316,7.45241581259151,7.09493670886076,999,7.33933933933934
679,317,7.42562592047128,7.16403785488959,996,7.34236947791165
686,312,7.41545189504373,7.16346153846154,998,7.33667334669339
673,326,7.43090638930163,7.14110429447853,999,7.33633633633634
680,317,7.40294117647059,7.10725552050473,997,7.30892678034102
685,313,7.3970802919708,7.19808306709265,998,7.33466933867735
685,311,7.4014598540146,7.18649517684887,996,7.33433734939759
677,320,7.41949778434269,7.228125,997,7.358074222668
675,324,7.38666666666667,7.20987654320988,999,7.32932932932933
676,322,7.44526627218935,7.2360248447205,998,7.37775551102204
673,326,7.40564635958395,7.24233128834356,999,7.35235235235235
672,327,7.44791666666667,7.28134556574924,999,7.39339339339339
667,330,7.43628185907046,7.25151515151515,997,7.37512537612839
673,325,7.45765230312036,7.22153846153846,998,7.38076152304609
667,330,7.50224887556222,7.22121212121212,997,7.40922768304915
671,327,7.46795827123696,7.21100917431193,998,7.38376753507014
672,327,7.46726190476191,7.22324159021407,999,7.38738738738739
667,329,7.41829085457271,7.2370820668693,996,7.35843373493976
668,330,7.43413173652695,7.19393939393939,998,7.35470941883768
676,323,7.46597633136095,7.18575851393189,999,7.37537537537538
682,317,7.43988269794721,7.14511041009464,999,7.34634634634635
679,319,7.44477172312224,7.14420062695925,998,7.34869739478958
681,317,7.47430249632893,7.19558359621451,998,7.38577154308617
687,312,7.47743813682678,7.16987179487179,999,7.38138138138138
683,315,7.48023426061493,7.15555555555556,998,7.37775551102204
681,317,7.46696035242291,7.13564668769716,998,7.36172344689379
682,317,7.46920821114369,7.16403785488959,999,7.37237237237237
675,324,7.48740740740741,7.22839506172839,999,7.4034034034034
675,323,7.45037037037037,7.18266253869969,998,7.36372745490982
677,321,7.44460856720827,7.1619937694704,998,7.35370741482966
677,320,7.44460856720827,7.146875,997,7.34904714142427
675,324,7.46518518518519,7.08950617283951,999,7.34334334334334
667,331,7.47376311844078,7.12084592145015,998,7.35671342685371
669,329,7.46487294469357,7.10942249240122,998,7.34769539078156
673,324,7.44873699851412,7.10802469135802,997,7.33801404212638
667,332,7.49175412293853,7.12349397590361,999,7.36936936936937
666,333,7.4954954954955,7.07207207207207,999,7.35435435435435
677,322,7.43870014771049,7.05900621118012,999,7.31631631631632
672,324,7.47619047619048,7.02160493827161,996,7.32831325301205
670,328,7.47611940298507,7.03658536585366,998,7.33166332665331
677,322,7.47858197932053,7.04347826086957,999,7.33833833833834
670,329,7.52388059701493,6.95440729483283,999,7.33633633633634
665,333,7.49624060150376,6.93093093093093,998,7.30761523046092
658,339,7.50455927051672,6.94985250737463,997,7.31594784353059
669,329,7.54857997010463,6.96656534954407,998,7.35671342685371
664,334,7.56475903614458,6.95808383233533,998,7.36172344689379
662,335,7.60271903323263,6.9134328358209,997,7.37111334002006
667,332,7.58020989505247,6.91867469879518,999,7.36036036036036
663,335,7.56259426847662,6.93432835820896,998,7.35170340681363
668,330,7.5434131736527,6.93939393939394,998,7.3436873747495
666,332,7.55105105105105,7.0,998,7.36773547094188
663,336,7.51282051282051,6.99404761904762,999,7.33833833833834
672,325,7.49107142857143,7.00307692307692,997,7.33199598796389
669,330,7.49177877428999,6.96363636363636,999,7.31731731731732
661,338,7.50075642965204,6.96449704142012,999,7.31931931931932
670,329,7.48955223880597,7.00303951367781,999,7.32932932932933
677,320,7.49926144756278,6.875,997,7.29889669007021
674,324,7.51483679525223,6.89197530864198,998,7.312625250501
670,328,7.5,6.84756097560976,998,7.28557114228457
679,319,7.5360824742268,6.81191222570533,998,7.30460921843687
678,321,7.53244837758112,6.81931464174455,999,7.3033033033033
682,316,7.50146627565982,6.87341772151899,998,7.30260521042084
675,324,7.48444444444444,6.89814814814815,999,7.29429429429429
673,326,7.50222882615156,6.92638036809816,999,7.31431431431431
679,319,7.47422680412371,6.90909090909091,998,7.2935871743487
678,321,7.47197640117994,6.92523364485981,999,7.2962962962963
672,326,7.45982142857143,6.95705521472393,998,7.29559118236473
677,322,7.42540620384047,6.99068322981366,999,7.28528528528529
682,317,7.44721407624633,7.04416403785489,999,7.31931931931932
679,319,7.4359351988218,7.07523510971787,998,7.32064128256513
679,320,7.4300441826215,7.134375,999,7.33533533533534
677,322,7.44017725258493,7.1583850931677,999,7.34934934934935
678,320,7.4188790560472,7.146875,998,7.33166332665331
679,318,7.44918998527246,7.15408805031447,997,7.35506519558676
681,318,7.47283406754772,7.16666666666667,999,7.37537537537538
670,328,7.47462686567164,7.19207317073171,998,7.38176352705411
677,322,7.42836041358937,7.13975155279503,999,7.33533533533534
674,324,7.43026706231454,7.14506172839506,998,7.3376753507014
664,333,7.42921686746988,7.15915915915916,997,7.33901705115346
678,321,7.42772861356932,7.20560747663551,999,7.35635635635636
671,327,7.39791356184799,7.1743119266055,998,7.32464929859719
667,330,7.3928035982009,7.17272727272727,997,7.31995987963892
687,311,7.42503639010189,7.09324758842444,998,7.32164328657315
686,313,7.42274052478134,7.08945686900958,999,7.31831831831832
689,309,7.38171262699565,7.17799352750809,998,7.3186372745491
683,316,7.44655929721816,7.2246835443038,999,7.37637637637638
678,321,7.41150442477876,7.2803738317757,999,7.36936936936937
672,326,7.42113095238095,7.32822085889571,998,7.39078156312625
678,319,7.4070796460177,7.26645768025078,997,7.36208625877633
676,323,7.41272189349112,7.26625386996904,999,7.36536536536537
676,323,7.3905325443787,7.25386996904025,999,7.34634634634635
671,328,7.35916542473919,7.24390243902439,999,7.32132132132132
674,325,7.3620178041543,7.2,999,7.30930930930931
667,332,7.35232383808096,7.18373493975904,999,7.2962962962963
677,322,7.35745937961595,7.15527950310559,999,7.29229229229229
672,327,7.37648809523809,7.14678899082569,999,7.3013013013013
669,330,7.39611360239163,7.15151515151515,999,7.31531531531532
673,326,7.41307578008915,7.17177914110429,999,7.33433433433433
673,325,7.41753343239227,7.14461538461538,998,7.32865731462926
679,320,7.4300441826215,7.19375,999,7.35435435435435
687,312,7.39446870451237,7.16987179487179,999,7.32432432432432
694,303,7.39625360230548,7.2046204620462,997,7.33801404212638
691,308,7.40665701881331,7.18181818181818,999,7.33733733733734
694,304,7.4207492795389,7.13157894736842,998,7.33266533066132
686,312,7.3935860058309,7.09294871794872,998,7.29959919839679
690,308,7.38550724637681,7.08116883116883,998,7.29158316633267
705,292,7.39574468085106,7.09931506849315,997,7.30892678034102
711,287,7.44022503516174,7.09756097560976,998,7.34168336673347
719,279,7.46592489568846,7.12903225806452,998,7.37174348697395
714,285,7.46498599439776,7.13684210526316,999,7.37137137137137
716,282,7.49581005586592,7.16666666666667,998,7.40280561122244
720,276,7.475,7.22826086956522,996,7.4066265060241
718,281,7.46100278551532,7.2491103202847,999,7.4014014014014
714,283,7.43977591036415,7.26148409893993,997,7.38916750250752
712,285,7.46488764044944,7.29122807017544,997,7.41524573721163
713,285,7.46283309957924,7.29824561403509,998,7.41583166332665
718,281,7.44846796657382,7.25622775800712,999,7.39439439439439
720,279,7.45833333333333,7.2078853046595,999,7.38838838838839
720,279,7.44027777777778,7.22939068100358,999,7.38138138138138
730,269,7.42739726027397,7.182156133829,999,7.36136136136136
727,272,7.40165061898212,7.15441176470588,999,7.33433433433433
736,261,7.45652173913043,7.13409961685824,997,7.37211634904714
738,260,7.40921409214092,7.12692307692308,998,7.33567134268537
742,257,7.44878706199461,7.05447470817121,999,7.34734734734735
750,249,7.504,7.03614457831325,999,7.38738738738739
748,249,7.49866310160428,7.05622489959839,997,7.38816449348044
752,247,7.48404255319149,7.0080971659919,999,7.36636636636637
752,245,7.48670212765957,7.0,997,7.36710130391173
758,241,7.54221635883905,6.99170124481328,999,7.40940940940941
760,238,7.53421052631579,6.91596638655462,998,7.38677354709419
750,249,7.54,6.94377510040161,999,7.39139139139139
753,246,7.55378486055777,7.0,999,7.41741741741742
750,249,7.55866666666667,7.01606425702811,999,7.42342342342342
752,246,7.55053191489362,7.0609756097561,998,7.42985971943888
756,243,7.54497354497355,7.12757201646091,999,7.44344344344344
751,248,7.5352862849534,7.17741935483871,999,7.44644644644645
759,240,7.54413702239789,7.14166666666667,999,7.44744744744745
757,242,7.50726552179657,7.16115702479339,999,7.42342342342342
762,237,7.49212598425197,7.16455696202532,999,7.41441441441441
762,236,7.51049868766404,7.19067796610169,998,7.43486973947896
766,233,7.49477806788512,7.2274678111588,999,7.43243243243243
762,237,7.5,7.27426160337553,999,7.44644644644645
764,234,7.55104712041885,7.26495726495726,998,7.48396793587174
764,235,7.57198952879581,7.34893617021277,999,7.51951951951952
758,241,7.54749340369393,7.29045643153527,999,7.48548548548549
763,235,7.54914809960681,7.32765957446809,998,7.49699398797595
760,237,7.56052631578947,7.29535864978903,997,7.4974924774323
765,233,7.56470588235294,7.32618025751073,998,7.50901803607214
766,232,7.56266318537859,7.31896551724138,998,7.5060120240481
771,227,7.58236057068742,7.34361233480176,998,7.52805611222445
769,230,7.61378413524057,7.29565217391304,999,7.54054054054054
777,221,7.63706563706564,7.32579185520362,998,7.56813627254509
774,225,7.65374677002584,7.36,999,7.58758758758759
775,224,7.63483870967742,7.35267857142857,999,7.57157157157157
764,234,7.65837696335079,7.38888888888889,998,7.59519038076152
766,233,7.61749347258486,7.34334763948498,999,7.55355355355355
757,242,7.60237780713342,7.39669421487603,999,7.55255255255255
762,237,7.63517060367454,7.47257383966245,999,7.5965965965966
762,237,7.64304461942257,7.45991561181435,999,7.5995995995996
750,249,7.60666666666667,7.44979919678715,999,7.56756756756757
748,250,7.58689839572193,7.48,998,7.56012024048096
751,248,7.60319573901465,7.43951612903226,999,7.56256256256256
743,256,7.60834454912517,7.3828125,999,7.55055055055055
744,255,7.59811827956989,7.32941176470588,999,7.52952952952953
741,257,7.58569500674764,7.40466926070039,998,7.53907815631263
739,260,7.59945872801083,7.43461538461538,999,7.55655655655656
746,252,7.59785522788204,7.42460317460317,998,7.55410821643287
748,250,7.56283422459893,7.4,998,7.52204408817635
746,251,7.56300268096515,7.35458167330677,997,7.51053159478435
745,253,7.61342281879195,7.29249011857708,998,7.53206412825651
751,248,7.61118508655126,7.30645161290323,999,7.53553553553554
751,248,7.60452729693742,7.25403225806452,999,7.51751751751752
749,250,7.60614152202937,7.268,999,7.52152152152152
752,246,7.57712765957447,7.21138211382114,998,7.48697394789579
756,243,7.56481481481481,7.21810699588477,999,7.48048048048048
754,245,7.55702917771883,7.18367346938776,999,7.46546546546547
754,242,7.55039787798408,7.20661157024793,996,7.46686746987952
755,243,7.54437086092715,7.20987654320988,998,7.46292585170341
759,240,7.6034255599473,7.22916666666667,999,7.51351351351351
760,238,7.62368421052632,7.27310924369748,998,7.54008016032064
754,245,7.64854111405836,7.26530612244898,999,7.55455455455455
762,237,7.6259842519685,7.25738396624473,999,7.53853853853854
763,235,7.63695937090433,7.28085106382979,998,7.55310621242485
767,232,7.66753585397653,7.32327586206897,999,7.58758758758759
759,238,7.63504611330698,7.26470588235294,997,7.54663991975928
757,241,7.63936591809775,7.21161825726141,998,7.53607214428858
760,239,7.64078947368421,7.31799163179916,999,7.56356356356356
750,249,7.63733333333333,7.285140562249,999,7.54954954954955
749,249,7.60614152202937,7.20481927710843,998,7.5060120240481
754,244,7.60212201591512,7.15983606557377,998,7.4939879759519
750,249,7.55466666666667,7.11646586345381,999,7.44544544544545
753,246,7.53519256308101,7.14227642276423,999,7.43843843843844
751,247,7.5832223701731,7.16599190283401,998,7.47995991983968
745,254,7.5489932885906,7.19291338582677,999,7.45845845845846
748,251,7.51470588235294,7.29482071713147,999,7.45945945945946
746,253,7.49731903485255,7.29644268774704,999,7.44644644644645
741,257,7.52361673414305,7.22568093385214,998,7.44689378757515
743,256,7.51816958277254,7.19921875,999,7.43643643643644
746,251,7.51742627345844,7.20717131474104,997,7.43931795386158
740,258,7.52567567567568,7.25193798449612,998,7.45490981963928
742,257,7.57008086253369,7.32295719844358,999,7.50650650650651
733,264,7.54024556616644,7.23484848484848,997,7.45937813440321
728,270,7.53846153846154,7.21111111111111,998,7.4498997995992
728,270,7.49862637362637,7.21111111111111,998,7.42084168336673
735,263,7.50340136054422,7.2319391634981,998,7.43186372745491
735,263,7.50340136054422,7.19011406844106,998,7.42084168336673
739,260,7.49255751014885,7.27692307692308,999,7.43643643643644
736,263,7.47282608695652,7.27756653992395,999,7.42142142142142
730,269,7.46438356164384,7.2453531598513,999,7.40540540540541
735,264,7.48027210884354,7.22727272727273,999,7.41341341341341
740,259,7.48513513513513,7.18918918918919,999,7.40840840840841
733,266,7.52387448840382,7.25187969924812,999,7.45145145145145
732,265,7.50273224043716,7.25283018867925,997,7.43630892678034
735,263,7.50068027210884,7.24334600760456,998,7.43286573146293
739,260,7.48173207036536,7.20769230769231,999,7.41041041041041
740,258,7.48243243243243,7.25968992248062,998,7.4248496993988
736,261,7.51086956521739,7.24137931034483,997,7.44032096288867
725,274,7.54206896551724,7.27372262773723,999,7.46846846846847
732,267,7.54234972677596,7.33707865168539,999,7.48748748748749
726,273,7.55096418732782,7.34432234432234,999,7.49449449449449
723,274,7.56569847856155,7.34306569343066,997,7.50451354062187
726,272,7.58677685950413,7.33823529411765,998,7.51903807615231
721,278,7.59916782246879,7.38848920863309,999,7.54054054054054
728,269,7.61263736263736,7.40520446096654,997,7.55667001003009
721,274,7.59361997226075,7.40875912408759,995,7.5427135678392
728,268,7.58379120879121,7.42537313432836,996,7.54116465863454
728,271,7.58653846153846,7.46863468634686,999,7.55455455455455
728,271,7.56181318681319,7.48339483394834,999,7.54054054054054
726,273,7.55371900826446,7.51648351648352,999,7.54354354354354
726,271,7.50137741046832,7.51660516605166,997,7.50551654964895
729,268,7.51577503429355,7.58208955223881,997,7.53360080240722
722,277,7.55817174515235,7.6028880866426,999,7.57057057057057
724,275,7.54419889502762,7.57818181818182,999,7.55355355355355
720,277,7.5375,7.62093862815884,997,7.56068204613842
715,284,7.53146853146853,7.58802816901408,999,7.54754754754755
712,287,7.51685393258427,7.60975609756098,999,7.54354354354354
705,293,7.53900709219858,7.6962457337884,998,7.58517034068136
697,300,7.54949784791966,7.66333333333333,997,7.58375125376128
693,304,7.56565656565657,7.65789473684211,997,7.5937813440321
691,308,7.58176555716353,7.69805194805195,999,7.61761761761762
688,311,7.59156976744186,7.68810289389068,999,7.62162162162162
695,303,7.6158273381295,7.63696369636964,998,7.62224448897796
697,302,7.58823529411765,7.64900662251656,999,7.60660660660661
695,302,7.59856115107914,7.60927152317881,997,7.60180541624875
691,308,7.56150506512301,7.58116883116883,999,7.56756756756757
700,299,7.51857142857143,7.60200668896321,999,7.54354354354354
701,296,7.50784593437946,7.5777027027027,997,7.52858575727182
699,299,7.49499284692418,7.54515050167224,998,7.51002004008016
706,290,7.5084985835694,7.51379310344828,996,7.51004016064257
698,301,7.50429799426934,7.47176079734219,999,7.49449449449449
692,306,7.49277456647399,7.44444444444444,998,7.47795591182365
702,293,7.48433048433048,7.49829351535836,995,7.48844221105528
688,311,7.47529069767442,7.491961414791,999,7.48048048048048
686,312,7.466472303207,7.41987179487179,998,7.45190380761523
696,303,7.44971264367816,7.44224422442244,999,7.44744744744745
683,316,7.43338213762811,7.48417721518987,999,7.44944944944945
686,313,7.45043731778426,7.47603833865815,999,7.45845845845846
684,314,7.42836257309941,7.49044585987261,998,7.44789579158317
683,315,7.42459736456808,7.46666666666667,998,7.43787575150301
679,320,7.4020618556701,7.46875,999,7.42342342342342
681,317,7.41850220264317,7.45110410094637,998,7.42885771543086
676,323,7.44674556213018,7.43962848297214,999,7.44444444444444
676,320,7.45118343195266,7.41875,996,7.44076305220884
671,325,7.46795827123696,7.43076923076923,996,7.45582329317269
673,326,7.47102526002972,7.48466257668712,999,7.47547547547548
679,319,7.4860088365243,7.44200626959248,998,7.47194388777555
680,319,7.48529411764706,7.47335423197492,999,7.48148148148148
689,309,7.4833091436865,7.51456310679612,998,7.49298597194389
689,310,7.48185776487663,7.49677419354839,999,7.48648648648649
700,298,7.51571428571429,7.53691275167785,998,7.52204408817635
694,305,7.4985590778098,7.49508196721311,999,7.4974974974975
693,303,7.48484848484848,7.39273927392739,996,7.45682730923695
701,298,7.45934379457917,7.3255033557047,999,7.41941941941942
714,285,7.44957983193277,7.36491228070175,999,7.42542542542543
711,288,7.43741209563994,7.35763888888889,999,7.41441441441441
715,283,7.5006993006993,7.2756183745583,998,7.43687374749499
712,287,7.47191011235955,7.28571428571429,999,7.41841841841842
717,281,7.49511854951186,7.30960854092527,998,7.44288577154309
723,276,7.4896265560166,7.32971014492754,999,7.44544544544545
721,277,7.48821081830791,7.33212996389892,998,7.44488977955912
722,277,7.50138504155125,7.33212996389892,999,7.45445445445445
723,276,7.48824343015214,7.38768115942029,999,7.46046046046046
722,275,7.50138504155125,7.42181818181818,997,7.47943831494483
734,265,7.52724795640327,7.4377358490566,999,7.5035035035035
734,265,7.5449591280654,7.4377358490566,999,7.51651651651652
724,275,7.58563535911602,7.39272727272727,999,7.53253253253253
723,275,7.59751037344398,7.37090909090909,998,7.53507014028056
724,274,7.58977900552486,7.40875912408759,998,7.54008016032064
722,277,7.58171745152355,7.46931407942238,999,7.55055055055055
726,273,7.59090909090909,7.3956043956044,999,7.53753753753754
725,273,7.57379310344828,7.42490842490843,998,7.53306613226453
726,273,7.57851239669422,7.43956043956044,999,7.54054054054054
727,272,7.58321870701513,7.38970588235294,999,7.53053053053053
730,266,7.57260273972603,7.34586466165414,996,7.51204819277108
725,272,7.55862068965517,7.39705882352941,997,7.51454363089268
726,272,7.56887052341598,7.34926470588235,998,7.50901803607214
736,263,7.55434782608696,7.40684410646388,999,7.51551551551552
721,278,7.5755894590846,7.37410071942446,999,7.51951951951952
724,274,7.56077348066298,7.38686131386861,998,7.51302605210421
716,281,7.54050279329609,7.36654804270463,997,7.49147442326981
711,288,7.59915611814346,7.35763888888889,999,7.52952952952953
704,293,7.58664772727273,7.41296928327645,997,7.53560682046138
702,297,7.58119658119658,7.35690235690236,999,7.51451451451451
693,305,7.55411255411255,7.45573770491803,998,7.52404809619238
696,303,7.52442528735632,7.44884488448845,999,7.5015015015015
696,302,7.55890804597701,7.45695364238411,998,7.52805611222445
694,304,7.55619596541787,7.48355263157895,998,7.53406813627254
698,299,7.54727793696275,7.44147157190635,997,7.51554663991976
697,302,7.54088952654232,7.46688741721854,999,7.51851851851852
689,309,7.52394775036284,7.4368932038835,998,7.49699398797595
691,308,7.51085383502171,7.45454545454545,999,7.49349349349349
697,302,7.51649928263989,7.39403973509934,999,7.47947947947948
684,315,7.50438596491228,7.39365079365079,999,7.46946946946947
680,317,7.48676470588235,7.41955835962145,997,7.4653961885657
689,309,7.4978229317852,7.41423948220065,998,7.47194388777555
691,308,7.49638205499276,7.37662337662338,999,7.45945945945946
696,303,7.51580459770115,7.36963696369637,999,7.47147147147147
703,296,7.52631578947368,7.36148648648649,999,7.47747747747748
701,297,7.52496433666191,7.39393939393939,998,7.48597194388778
705,294,7.55602836879433,7.35034013605442,999,7.4954954954955
704,292,7.55823863636364,7.29794520547945,996,7.48192771084337
712,287,7.55196629213483,7.39372822299652,999,7.50650650650651
716,283,7.55586592178771,7.45583038869258,999,7.52752752752753
720,279,7.57083333333333,7.44444444444444,999,7.53553553553554
720,278,7.55972222222222,7.44244604316547,998,7.52705410821643
722,274,7.56786703601108,7.48540145985401,996,7.54518072289157
717,282,7.53556485355648,7.56737588652482,999,7.54454454454454
719,278,7.55910987482615,7.47841726618705,997,7.53660982948847
731,268,7.59507523939808,7.49626865671642,999,7.56856856856857
732,267,7.56147540983607,7.52808988764045,999,7.55255255255255
735,264,7.56598639455782,7.52272727272727,999,7.55455455455455
733,266,7.59618008185539,7.43609022556391,999,7.55355355355355
729,270,7.56927297668038,7.5037037037037,999,7.55155155155155
731,268,7.55677154582763,7.5,999,7.54154154154154
727,272,7.55295735900963,7.49264705882353,999,7.53653653653654
731,266,7.54445964432285,7.5187969924812,997,7.53761283851555
738,261,7.57046070460705,7.49808429118774,999,7.55155155155155
742,257,7.56064690026954,7.54863813229572,999,7.55755755755756
740,256,7.51216216216216,7.484375,996,7.50502008032128
742,256,7.53504043126685,7.44140625,998,7.51102204408818
738,260,7.5650406504065,7.44230769230769,998,7.53306613226453
735,264,7.56326530612245,7.46590909090909,999,7.53753753753754
731,268,7.59097127222982,7.49253731343284,999,7.56456456456456
730,267,7.58630136986301,7.48689138576779,997,7.55967903711133
730,269,7.55753424657534,7.41635687732342,999,7.51951951951952
722,276,7.58171745152355,7.35869565217391,998,7.52004008016032
720,279,7.5625,7.36917562724014,999,7.50850850850851
723,276,7.57676348547718,7.3804347826087,999,7.52252252252252
722,277,7.58725761772853,7.37184115523466,999,7.52752752752753
722,277,7.57756232686981,7.37906137184116,999,7.52252252252252
718,281,7.54735376044568,7.44128113879004,999,7.51751751751752
717,282,7.54393305439331,7.48936170212766,999,7.52852852852853
725,272,7.58206896551724,7.43382352941176,997,7.54162487462387
724,273,7.61049723756906,7.50915750915751,997,7.5827482447342
722,276,7.57202216066482,7.47101449275362,998,7.54408817635271
722,277,7.57340720221607,7.44404332129964,999,7.53753753753754
731,265,7.58002735978112,7.4,996,7.53212851405623
735,264,7.59455782312925,7.43560606060606,999,7.55255255255255
744,255,7.60215053763441,7.40392156862745,999,7.55155155155155
746,253,7.57908847184987,7.37154150197628,999,7.52652652652653
742,257,7.59164420485175,7.33073929961089,999,7.52452452452452
742,257,7.58355795148248,7.39299610894942,999,7.53453453453453
741,257,7.58839406207827,7.3852140077821,998,7.53607214428858
736,263,7.56521739130435,7.36121673003802,999,7.51151151151151
738,261,7.58130081300813,7.37931034482759,999,7.52852852852853
739,260,7.61163734776725,7.42692307692308,999,7.56356356356356
734,265,7.62261580381471,7.50566037735849,999,7.59159159159159
733,266,7.61800818553888,7.49248120300752,999,7.58458458458458
731,266,7.62106703146375,7.45864661654135,997,7.5777331995988
729,270,7.59259259259259,7.35925925925926,999,7.52952952952953
735,264,7.57142857142857,7.36363636363636,999,7.51651651651652
730,266,7.58493150684932,7.38721804511278,996,7.53212851405623
724,275,7.57734806629834,7.34909090909091,999,7.51451451451451
740,259,7.54864864864865,7.34749034749035,999,7.4964964964965
741,258,7.54116059379217,7.25581395348837,999,7.46746746746747
735,264,7.52925170068027,7.20075757575758,999,7.44244244244244
734,265,7.54904632152589,7.21509433962264,999,7.46046046046046
734,265,7.51907356948229,7.18490566037736,999,7.43043043043043
740,259,7.54189189189189,7.16988416988417,999,7.44544544544545
727,271,7.49793672627235,7.18450184501845,998,7.41282565130261
726,271,7.4931129476584,7.20664206642066,997,7.41524573721163
723,276,7.4896265560166,7.23550724637681,999,7.41941941941942
726,273,7.51652892561984,7.26739926739927,999,7.44844844844845
724,274,7.54834254143646,7.29197080291971,998,7.47795591182365
719,279,7.57997218358832,7.3584229390681,998,7.51803607214429
717,282,7.55090655509066,7.34397163120567,999,7.49249249249249
713,286,7.55399719495091,7.31468531468532,999,7.48548548548549
709,289,7.55571227080395,7.35294117647059,998,7.49699398797595
707,290,7.55586987270156,7.3551724137931,997,7.4974924774323
708,290,7.5409604519774,7.27931034482759,998,7.46492985971944
719,280,7.56050069541029,7.33571428571429,999,7.4974974974975
708,291,7.53954802259887,7.36426116838488,999,7.48848848848849
708,289,7.53389830508475,7.36678200692042,997,7.48545636910732
714,285,7.50140056022409,7.38947368421053,999,7.46946946946947
698,297,7.46848137535817,7.44444444444444,995,7.46130653266332
702,296,7.5,7.41554054054054,998,7.4749498997996
699,300,7.45922746781116,7.35666666666667,999,7.42842842842843
697,302,7.47632711621234,7.33112582781457,999,7.43243243243243
702,297,7.49145299145299,7.39393939393939,999,7.46246246246246
700,298,7.51714285714286,7.38590604026846,998,7.47795591182365
705,294,7.54326241134752,7.40136054421769,999,7.5015015015015
709,290,7.54160789844852,7.36551724137931,999,7.49049049049049
709,289,7.55571227080395,7.40138408304498,998,7.51102204408818
714,284,7.57983193277311,7.44366197183099,998,7.54108216432866
724,274,7.60773480662983,7.41240875912409,998,7.55410821643287
731,268,7.60191518467852,7.36940298507463,999,7.53953953953954
741,258,7.59919028340081,7.3953488372093,999,7.54654654654655
736,262,7.59239130434783,7.40839694656489,998,7.54408817635271
730,267,7.61232876712329,7.38202247191011,997,7.5506519558676
733,265,7.59481582537517,7.37358490566038,998,7.53607214428858
731,267,7.59644322845417,7.34456928838951,998,7.52905811623246
728,269,7.62362637362637,7.37174721189591,997,7.55566700100301
737,262,7.60379918588874,7.35114503816794,999,7.53753753753754
736,263,7.58695652173913,7.33079847908745,999,7.51951951951952
738,261,7.59214092140921,7.36781609195402,999,7.53353353353353
741,258,7.56950067476383,7.3953488372093,999,7.52452452452452
737,261,7.56987788331072,7.44444444444444,998,7.53707414829659
739,259,7.55480378890392,7.43243243243243,998,7.52304609218437
743,254,7.55720053835801,7.40944881889764,997,7.51955867602808
744,255,7.53494623655914,7.4078431372549,999,7.5025025025025
743,255,7.58546433378196,7.47843137254902,998,7.55811623246493
747,252,7.57965194109772,7.38888888888889,999,7.53153153153153
749,249,7.57543391188251,7.3574297188755,998,7.52104208416834
755,243,7.55364238410596,7.35390946502058,998,7.50501002004008
754,245,7.53978779840849,7.34285714285714,999,7.49149149149149
752,247,7.54787234042553,7.39271255060729,999,7.50950950950951
749,250,7.54472630173565,7.404,999,7.50950950950951
751,247,7.57789613848202,7.33603238866397,998,7.51803607214429
747,251,7.57295850066934,7.33067729083665,998,7.51202404809619
743,254,7.55450874831763,7.35433070866142,997,7.50351053159478
746,249,7.5254691689008,7.40963855421687,995,7.4964824120603
748,251,7.5427807486631,7.44223107569721,999,7.51751751751752
746,251,7.50268096514745,7.43027888446215,997,7.48445336008024
753,245,7.51792828685259,7.44489795918367,998,7.5
741,256,7.54790823211876,7.46484375,997,7.52657973921765
735,260,7.54285714285714,7.52307692307692,995,7.53768844221106
737,262,7.51289009497965,7.54580152671756,999,7.52152152152152
731,267,7.50205198358413,7.47940074906367,998,7.49599198396794
722,277,7.49445983379501,7.45848375451264,999,7.48448448448448
733,265,7.48567530695771,7.42641509433962,998,7.46993987975952
726,271,7.50137741046832,7.43542435424354,997,7.48345035105316
722,275,7.48753462603878,7.50909090909091,997,7.49348044132397
725,273,7.46206896551724,7.49450549450549,998,7.47094188376754
733,264,7.49795361527967,7.53787878787879,997,7.50852557673019
728,270,7.46565934065934,7.46666666666667,998,7.46593186372746
731,267,7.4610123119015,7.50187265917603,998,7.47194388777555
739,260,7.43843031123139,7.49615384615385,999,7.45345345345345
745,252,7.44161073825503,7.55952380952381,997,7.47141424272818
749,250,7.4392523364486,7.552,999,7.46746746746747
743,255,7.41049798115747,7.55294117647059,998,7.44689378757515
743,256,7.41991924629879,7.5234375,999,7.44644644644645
741,258,7.3859649122807,7.52713178294574,999,7.42242242242242
746,253,7.37801608579088,7.52173913043478,999,7.41441441441441
748,250,7.38368983957219,7.544,998,7.42384769539078
750,248,7.388,7.55241935483871,998,7.42885771543086
750,248,7.38,7.51612903225806,998,7.41382765531062
746,253,7.36997319034853,7.48221343873518,999,7.3983983983984
743,255,7.32974427994616,7.45490196078431,998,7.36172344689379
746,253,7.35522788203753,7.42687747035573,999,7.37337337337337
738,260,7.36043360433604,7.40384615384615,998,7.37174348697395
737,262,7.42605156037992,7.42748091603053,999,7.42642642642643
735,263,7.42040816326531,7.40684410646388,998,7.41683366733467
735,263,7.43401360544218,7.40304182509506,998,7.42585170340681
735,261,7.44353741496599,7.40613026819923,996,7.43373493975904
743,256,7.40376850605653,7.46484375,999,7.41941941941942
743,254,7.44952893674293,7.40944881889764,997,7.43931795386158
737,262,7.43826322930801,7.35496183206107,999,7.41641641641642
735,263,7.43537414965986,7.31178707224335,998,7.40280561122244
733,264,7.46384720327422,7.29166666666667,997,7.41825476429288
735,264,7.43265306122449,7.25,999,7.38438438438438
731,266,7.41586867305062,7.24812030075188,997,7.37111334002006
728,271,7.41483516483517,7.22878228782288,999,7.36436436436436
725,273,7.37793103448276,7.30769230769231,998,7.35871743486974
718,281,7.39693593314763,7.34163701067616,999,7.38138138138138
712,286,7.41292134831461,7.33916083916084,998,7.39178356713427
710,289,7.41830985915493,7.3356401384083,999,7.39439439439439
711,288,7.45147679324895,7.4375,999,7.44744744744745
706,293,7.45892351274788,7.42320819112628,999,7.44844844844845
705,294,7.46666666666667,7.45578231292517,999,7.46346346346346
695,303,7.49496402877698,7.38943894389439,998,7.46292585170341
702,297,7.48433048433048,7.41414141414141,999,7.46346346346346
695,304,7.46762589928058,7.33881578947368,999,7.42842842842843
696,303,7.4698275862069,7.36303630363036,999,7.43743743743744
702,297,7.44729344729345,7.34680134680135,999,7.41741741741742
699,300,7.44349070100143,7.34,999,7.41241241241241
702,296,7.46581196581197,7.31081081081081,998,7.41983967935872
707,292,7.44695898161245,7.37328767123288,999,7.42542542542543
708,290,7.49576271186441,7.38275862068966,998,7.46292585170341
700,299,7.51857142857143,7.4247491638796,999,7.49049049049049
703,295,7.48079658605974,7.4271186440678,998,7.46492985971944
710,289,7.50845070422535,7.43252595155709,999,7.48648648648649
714,285,7.4733893557423,7.48771929824561,999,7.47747747747748
720,279,7.47083333333333,7.48745519713262,999,7.47547547547548
714,285,7.47198879551821,7.47017543859649,999,7.47147147147147
714,284,7.47198879551821,7.49647887323944,998,7.47895791583166
715,283,7.46153846153846,7.48409893992933,998,7.46793587174349
716,281,7.43715083798883,7.55516014234875,997,7.4704112337011
716,282,7.44692737430168,7.63120567375887,998,7.49899799599198
708,288,7.44632768361582,7.61805555555556,996,7.49598393574297
700,299,7.45285714285714,7.55852842809365,999,7.48448448448448
698,301,7.44985673352436,7.61129568106312,999,7.4984984984985
692,305,7.42341040462428,7.5672131147541,997,7.46740220661986
692,306,7.4393063583815,7.53267973856209,998,7.46793587174349
694,304,7.45677233429395,7.48026315789474,998,7.46392785571142
695,303,7.48920863309352,7.44884488448845,998,7.47695390781563
697,301,7.49784791965567,7.47840531561462,998,7.49198396793587
698,301,7.49426934097421,7.39202657807309,999,7.46346346346346
692,306,7.45231213872832,7.42156862745098,998,7.44288577154309
698,301,7.44555873925501,7.43521594684385,999,7.44244244244244
698,301,7.44842406876791,7.38538205980066,999,7.42942942942943
684,313,7.41812865497076,7.38019169329073,997,7.4062186559679
691,308,7.44138929088278,7.45779220779221,999,7.44644644644645
686,312,7.42419825072886,7.48076923076923,998,7.44188376753507
684,315,7.42543859649123,7.47301587301587,999,7.44044044044044
683,316,7.42166910688141,7.44303797468354,999,7.42842842842843
663,334,7.43589743589744,7.49700598802395,997,7.45636910732197
663,335,7.43891402714932,7.54626865671642,998,7.4749498997996
663,333,7.41176470588235,7.56156156156156,996,7.46184738955823
660,339,7.42121212121212,7.56047197640118,999,7.46846846846847
659,340,7.45068285280728,7.50882352941176,999,7.47047047047047
660,339,7.51515151515152,7.50147492625369,999,7.51051051051051
663,336,7.49321266968326,7.52083333333333,999,7.5025025025025
670,329,7.50597014925373,7.46200607902736,999,7.49149149149149
667,332,7.48275862068965,7.45783132530121,999,7.47447447447447
675,324,7.47111111111111,7.3641975308642,999,7.43643643643644
681,318,7.43759177679883,7.41194968553459,999,7.42942942942943
683,315,7.44802342606149,7.44444444444444,998,7.44689378757515
685,314,7.46569343065693,7.43630573248408,999,7.45645645645646
689,310,7.41074020319303,7.39032258064516,999,7.4044044044044
687,310,7.4061135371179,7.40645161290323,997,7.4062186559679
673,326,7.47102526002972,7.43251533742331,999,7.45845845845846
668,331,7.48502994011976,7.42900302114804,999,7.46646646646647
670,327,7.48208955223881,7.48318042813456,997,7.48244734202608
669,330,7.4932735426009,7.46969696969697,999,7.48548548548549
677,322,7.47710487444609,7.45962732919255,999,7.47147147147147
672,326,7.42559523809524,7.49693251533742,998,7.44889779559118
669,330,7.45142002989537,7.48181818181818,999,7.46146146146146
669,329,7.47533632286996,7.51063829787234,998,7.48697394789579
671,328,7.50372578241431,7.48170731707317,999,7.4964964964965
664,335,7.47138554216868,7.46268656716418,999,7.46846846846847
665,334,7.51578947368421,7.47904191616766,999,7.5035035035035
671,326,7.50372578241431,7.49079754601227,997,7.49949849548646
675,323,7.50814814814815,7.5077399380805,998,7.50801603206413
680,318,7.54264705882353,7.5062893081761,998,7.5310621242485
689,310,7.53410740203193,7.46774193548387,999,7.51351351351351
695,304,7.52086330935252,7.5,999,7.51451451451451
704,294,7.515625,7.55442176870748,998,7.52705410821643
702,297,7.49002849002849,7.49494949494949,999,7.49149149149149
711,286,7.47679324894515,7.52447552447552,997,7.49047141424273
707,290,7.47524752475248,7.57586206896552,997,7.50451354062187
710,288,7.48732394366197,7.55902777777778,998,7.50801603206413
707,291,7.47949080622348,7.56357388316151,998,7.50400801603206
705,294,7.51631205673759,7.58163265306122,999,7.53553553553554
700,299,7.52428571428571,7.60535117056856,999,7.54854854854855
704,295,7.54119318181818,7.55932203389831,999,7.54654654654655
696,303,7.5301724137931,7.53135313531353,999,7.53053053053053
694,303,7.54178674351585,7.56105610561056,997,7.54764292878636
699,299,7.53505007153076,7.55183946488294,998,7.54008016032064
703,295,7.52347083926031,7.54915254237288,998,7.5310621242485
705,293,7.52340425531915,7.54607508532423,998,7.53006012024048
703,296,7.53769559032717,7.58108108108108,999,7.55055055055055
692,306,7.54624277456647,7.56209150326797,998,7.55110220440882
692,307,7.54190751445087,7.53745928338762,999,7.54054054054054
687,311,7.5254730713246,7.4951768488746,998,7.51603206412826
683,314,7.49780380673499,7.4968152866242,997,7.4974924774323
682,316,7.51026392961877,7.53481012658228,998,7.51803607214429
683,316,7.52269399707174,7.51582278481013,999,7.52052052052052
687,311,7.51673944687045,7.54340836012862,998,7.5250501002004
688,310,7.48255813953488,7.55806451612903,998,7.5060120240481
690,307,7.49565217391304,7.56026058631922,997,7.51554663991976
695,304,7.52517985611511,7.56578947368421,999,7.53753753753754
702,297,7.57407407407407,7.56565656565657,999,7.57157157157157
704,294,7.56676136363636,7.54761904761905,998,7.56112224448898
699,298,7.54363376251788,7.56711409395973,997,7.5506519558676
705,294,7.55744680851064,7.63265306122449,999,7.57957957957958
705,294,7.56595744680851,7.62244897959184,999,7.58258258258258
704,294,7.54403409090909,7.57823129251701,998,7.55410821643287
707,291,7.52050919377652,7.553264604811,998,7.53006012024048
704,295,7.52414772727273,7.52542372881356,999,7.52452452452452
712,286,7.50140449438202,7.58391608391608,998,7.5250501002004
712,287,7.49016853932584,7.59581881533101,999,7.52052052052052
708,291,7.50141242937853,7.58762886597938,999,7.52652652652653
708,291,7.47881355932203,7.61855670103093,999,7.51951951951952
712,287,7.49438202247191,7.61324041811847,999,7.52852852852853
722,277,7.47229916897507,7.53068592057762,999,7.48848848848849
724,274,7.45580110497238,7.56934306569343,998,7.48697394789579
724,273,7.45441988950276,7.56776556776557,997,7.48545636910732
725,274,7.46896551724138,7.51824817518248,999,7.48248248248248
734,262,7.47547683923706,7.50763358778626,996,7.48393574297189
731,267,7.44049247606019,7.49438202247191,998,7.45490981963928
729,270,7.41700960219479,7.46296296296296,999,7.42942942942943
731,268,7.41176470588235,7.46641791044776,999,7.42642642642643
735,261,7.39455782312925,7.51724137931035,996,7.42670682730924
738,261,7.36314363143631,7.50191570881226,999,7.3993993993994
731,266,7.32558139534884,7.53007518796993,997,7.38014042126379
731,267,7.3187414500684,7.54681647940075,998,7.37975951903808
737,261,7.34464043419267,7.53256704980843,998,7.3937875751503
733,266,7.31787175989086,7.46616541353383,999,7.35735735735736
734,263,7.37602179836512,7.50570342205323,997,7.41023069207623
738,261,7.34688346883469,7.51724137931035,999,7.39139139139139
738,259,7.35094850948509,7.46332046332046,997,7.38014042126379
736,263,7.37364130434783,7.52091254752852,999,7.41241241241241
743,254,7.33916554508748,7.55511811023622,997,7.39418254764293
751,247,7.34487350199734,7.61538461538461,998,7.41182364729459
745,254,7.38791946308725,7.58661417322835,999,7.43843843843844
747,252,7.37215528781794,7.52380952380952,999,7.41041041041041
754,242,7.38594164456233,7.48760330578512,996,7.41064257028112
759,239,7.4163372859025,7.55230125523013,998,7.44889779559118
755,244,7.42251655629139,7.54098360655738,999,7.45145145145145
756,242,7.37698412698413,7.57851239669422,998,7.42585170340681
760,239,7.39605263157895,7.62761506276151,999,7.45145145145145
759,239,7.37285902503294,7.59832635983264,998,7.42685370741483
759,239,7.38735177865613,7.59414225941423,998,7.43687374749499
765,233,7.37516339869281,7.60085836909871,998,7.42785571142285
761,237,7.35742444152431,7.51476793248945,998,7.39478957915832
763,236,7.39187418086501,7.47881355932203,999,7.41241241241241
756,243,7.36507936507936,7.51028806584362,999,7.4004004004004
760,239,7.375,7.54811715481172,999,7.41641641641642
755,244,7.40264900662252,7.54508196721311,999,7.43743743743744
750,249,7.40533333333333,7.50200803212851,999,7.42942942942943
747,249,7.41767068273092,7.52208835341365,996,7.44377510040161
748,251,7.37299465240642,7.53386454183267,999,7.41341341341341
741,258,7.39676113360324,7.54263565891473,999,7.43443443443443
740,259,7.37162162162162,7.48262548262548,999,7.4004004004004
734,265,7.38828337874659,7.53962264150943,999,7.42842842842843
733,266,7.38199181446112,7.45864661654135,999,7.4024024024024
734,265,7.33106267029973,7.40377358490566,999,7.35035035035035
731,268,7.33926128590971,7.34328358208955,999,7.34034034034034
734,265,7.32425068119891,7.38867924528302,999,7.34134134134134
726,273,7.33471074380165,7.36630036630037,999,7.34334334334334
731,267,7.31326949384405,7.37827715355805,998,7.33066132264529
726,272,7.30440771349862,7.35294117647059,998,7.31763527054108
731,268,7.31600547195622,7.35074626865672,999,7.32532532532533
725,273,7.32551724137931,7.34432234432234,998,7.33066132264529
725,273,7.27862068965517,7.27472527472527,998,7.27755511022044
732,267,7.26639344262295,7.32584269662921,999,7.28228228228228
723,275,7.29598893499308,7.25454545454545,998,7.28456913827655
732,267,7.25,7.28838951310861,999,7.26026026026026
729,268,7.25651577503429,7.3134328358209,997,7.27181544633902
736,263,7.27445652173913,7.32319391634981,999,7.28728728728729
731,268,7.23255813953488,7.36567164179105,999,7.26826826826827
734,264,7.21798365122616,7.44318181818182,998,7.27755511022044
731,268,7.19699042407661,7.41044776119403,999,7.25425425425425
730,269,7.18356164383562,7.37174721189591,999,7.23423423423423
733,265,7.20463847203274,7.44528301886792,998,7.2685370741483
731,268,7.16142270861833,7.49253731343284,999,7.25025025025025
725,274,7.20275862068966,7.44160583941606,999,7.26826826826827
726,273,7.14876033057851,7.44688644688645,999,7.23023023023023
717,282,7.13249651324965,7.42553191489362,999,7.21521521521522
714,283,7.14985994397759,7.45936395759717,997,7.23771313941826
712,287,7.12921348314607,7.46341463414634,999,7.22522522522523
707,292,7.08910891089109,7.46575342465753,999,7.1991991991992
697,301,7.09182209469154,7.50498338870432,998,7.21643286573146
709,290,7.10296191819464,7.4551724137931,999,7.20520520520521
709,289,7.1114245416079,7.44636678200692,998,7.20841683366733
717,282,7.0976290097629,7.48936170212766,999,7.20820820820821
715,284,7.17062937062937,7.45774647887324,999,7.25225225225225
718,280,7.14902506963788,7.51428571428571,998,7.25150300601202
725,273,7.13655172413793,7.53479853479853,998,7.24549098196393
727,272,7.19119669876204,7.59558823529412,999,7.3013013013013
723,275,7.19087136929461,7.62181818181818,998,7.30961923847695
725,273,7.19172413793103,7.55677655677656,998,7.29158316633267
723,276,7.20193637621024,7.64130434782609,999,7.32332332332332
721,275,7.19001386962552,7.64,996,7.31425702811245
721,278,7.14008321775312,7.54676258992806,999,7.25325325325325
723,275,7.17565698478562,7.57454545454545,998,7.28557114228457
713,286,7.18232819074334,7.58391608391608,999,7.2972972972973
734,265,7.17438692098093,7.53584905660377,999,7.27027027027027
727,272,7.13755158184319,7.61397058823529,999,7.26726726726727
730,269,7.16712328767123,7.66914498141264,999,7.3023023023023
724,275,7.19198895027624,7.62909090909091,999,7.31231231231231
719,279,7.22948539638387,7.60215053763441,998,7.33366733466934
714,284,7.23389355742297,7.63028169014085,998,7.34669338677355
715,284,7.2041958041958,7.61619718309859,999,7.32132132132132
709,290,7.23554301833568,7.63103448275862,999,7.35035035035035
703,295,7.24893314366999,7.64745762711864,998,7.36673346693387
700,296,7.26142857142857,7.69932432432432,996,7.39156626506024
697,301,7.25251076040172,7.66777408637874,998,7.37775551102204
698,301,7.29656160458453,7.60132890365449,999,7.38838838838839
699,299,7.28612303290415,7.63879598662207,998,7.39178356713427
700,298,7.30428571428571,7.65771812080537,998,7.40981963927856
692,307,7.33236994219653,7.66123778501629,999,7.43343343343343
706,292,7.30878186968839,7.66780821917808,998,7.41382765531062
707,289,7.28005657708628,7.62283737024221,996,7.37951807228916
719,280,7.26842837273992,7.67857142857143,999,7.38338338338338
724,275,7.26933701657459,7.66545454545455,999,7.37837837837838
721,277,7.26490984743412,7.67509025270758,998,7.37875751503006
731,267,7.24487004103967,7.62172284644195,998,7.34569138276553
724,275,7.23480662983425,7.64363636363636,999,7.34734734734735
725,274,7.24275862068966,7.63868613138686,999,7.35135135135135
733,266,7.21828103683492,7.63157894736842,999,7.32832832832833
729,269,7.21262002743484,7.63568773234201,998,7.32665330661323
734,265,7.24795640326975,7.5811320754717,999,7.33633633633634
732,266,7.22267759562842,7.58646616541353,998,7.31963927855711
727,272,7.2585969738652,7.54779411764706,999,7.33733733733734
722,276,7.28254847645429,7.61594202898551,998,7.374749498998
727,272,7.28198074277854,7.64705882352941,999,7.38138138138138
707,291,7.30975954738331,7.61855670103093,998,7.3997995991984
716,282,7.29189944134078,7.59574468085106,998,7.37775551102204
731,268,7.21751025991792,7.63805970149254,999,7.33033033033033
731,267,7.25581395348837,7.59176029962547,998,7.34569138276553
729,270,7.25651577503429,7.58518518518519,999,7.34534534534535
738,260,7.2520325203252,7.53846153846154,998,7.32665330661323
734,264,7.26021798365123,7.53409090909091,998,7.33266533066132
735,264,7.23265306122449,7.54545454545455,999,7.31531531531532
736,262,7.25679347826087,7.54580152671756,998,7.33266533066132
737,261,7.28629579375848,7.5095785440613,998,7.34468937875751
742,256,7.27493261455526,7.41796875,998,7.31162324649299
751,248,7.27030625832224,7.50806451612903,999,7.32932932932933
756,242,7.28835978835979,7.49586776859504,998,7.33867735470942
752,247,7.28590425531915,7.48178137651822,999,7.33433433433433
750,249,7.304,7.4859437751004,999,7.34934934934935
748,250,7.32352941176471,7.484,998,7.36372745490982
745,253,7.34630872483222,7.4703557312253,998,7.37775551102204
749,248,7.36181575433912,7.45967741935484,997,7.38615847542628
736,260,7.36548913043478,7.42307692307692,996,7.38052208835341
735,263,7.34557823129252,7.48669201520913,998,7.38276553106212
749,249,7.32309746328438,7.57028112449799,998,7.38476953907816
744,254,7.29301075268817,7.55905511811024,998,7.36072144288577
749,249,7.34579439252336,7.51807228915663,998,7.38877755511022
753,244,7.35059760956175,7.48770491803279,997,7.38415245737212
760,237,7.36315789473684,7.45569620253165,997,7.3851554663992
766,233,7.36031331592689,7.42918454935622,999,7.37637637637638
763,234,7.38138925294889,7.44444444444444,997,7.39618856569709
764,233,7.39397905759162,7.46781115879828,997,7.41123370110331
769,230,7.41742522756827,7.4304347826087,999,7.42042042042042
754,244,7.43236074270557,7.45901639344262,998,7.43887775551102
762,235,7.44356955380577,7.49787234042553,997,7.45636910732197
759,237,7.44400527009223,7.48945147679325,996,7.45481927710843
762,237,7.41732283464567,7.49789029535865,999,7.43643643643644
764,233,7.35994764397906,7.53218884120172,997,7.40020060180542
767,229,7.35853976531943,7.56768558951965,996,7.4066265060241
769,230,7.37191157347204,7.51739130434783,999,7.40540540540541
766,232,7.38511749347258,7.49568965517241,998,7.41082164328657
763,235,7.3564875491481,7.5063829787234,998,7.39178356713427
763,235,7.3826998689384,7.51914893617021,998,7.41482965931864
758,240,7.38390501319261,7.5125,998,7.41482965931864
759,239,7.38471673254282,7.52719665271966,998,7.4188376753507
754,244,7.38594164456233,7.51639344262295,998,7.41783567134269
747,251,7.39759036144578,7.56972111553785,998,7.44088176352705
745,251,7.39865771812081,7.50996015936255,996,7.42670682730924
749,250,7.38584779706275,7.552,999,7.42742742742743
748,249,7.36229946524064,7.52208835341365,997,7.40220661985958
748,249,7.3596256684492,7.51004016064257,997,7.39719157472417
738,261,7.40243902439024,7.47126436781609,999,7.42042042042042
739,260,7.38700947225981,7.41153846153846,999,7.39339339339339
748,251,7.38770053475936,7.38247011952191,999,7.38638638638639
744,255,7.40456989247312,7.3921568627451,999,7.4014014014014
749,250,7.42056074766355,7.34,999,7.4004004004004
746,251,7.37131367292225,7.37450199203187,997,7.37211634904714
755,244,7.4158940397351,7.40983606557377,999,7.41441441441441
756,242,7.41534391534392,7.41322314049587,998,7.41482965931864
749,248,7.40587449933244,7.45564516129032,997,7.41825476429288
755,244,7.4158940397351,7.47131147540984,999,7.42942942942943
756,243,7.46560846560847,7.43621399176955,999,7.45845845845846
755,241,7.52582781456954,7.38589211618257,996,7.49196787148594
758,240,7.5197889182058,7.46666666666667,998,7.50701402805611
762,237,7.51837270341207,7.43037974683544,999,7.4974974974975
767,232,7.47457627118644,7.46120689655172,999,7.47147147147147
772,226,7.46502590673575,7.50884955752212,998,7.4749498997996
770,229,7.5,7.52838427947598,999,7.50650650650651
772,226,7.5220207253886,7.46902654867257,998,7.51002004008016
770,229,7.48571428571429,7.44541484716157,999,7.47647647647648
770,229,7.50519480519481,7.48908296943231,999,7.5015015015015
