forward_num,reverse_num,forward_rate,reverse_rate,organism_num,organism_rate
5,5,5.0,5.0,10,5.0
5,5,5.0,5.0,10,5.0
5,5,5.0,5.0,10,5.0
6,6,5.33333333333333,5.33333333333333,12,5.33333333333333
7,7,5.42857142857143,5.42857142857143,14,5.42857142857143
8,8,5.375,5.375,16,5.375
11,11,5.54545454545455,5.54545454545455,22,5.54545454545455
14,14,5.42857142857143,5.42857142857143,28,5.42857142857143
14,14,5.42857142857143,5.42857142857143,28,5.42857142857143
20,20,5.7,5.7,40,5.7
20,20,5.7,5.7,40,5.7
26,25,5.61538461538461,5.68,51,5.64705882352941
34,33,5.94117647058824,6.0,67,5.97014925373134
38,37,5.84210526315789,5.89189189189189,75,5.86666666666667
48,47,5.75,5.78723404255319,95,5.76842105263158
64,63,6.0625,6.09523809523809,127,6.07874015748031
68,66,5.94117647058824,6.0,134,5.97014925373134
92,86,5.8695652173913,5.90697674418605,178,5.8876404494382
124,122,6.16129032258065,6.19672131147541,246,6.17886178861789
124,122,6.16129032258065,6.19672131147541,246,6.17886178861789
124,122,6.16129032258065,6.19672131147541,246,6.17886178861789
248,244,6.16129032258065,6.19672131147541,492,6.17886178861789
248,244,6.16129032258065,6.19672131147541,492,6.17886178861789
248,243,6.16129032258065,6.20164609053498,491,6.18126272912424
440,435,6.38181818181818,6.40689655172414,875,6.39428571428571
472,466,6.28813559322034,6.31330472103004,938,6.30063965884861
490,476,6.21632653061225,6.25420168067227,966,6.23498964803313
528,471,6.29166666666667,6.28450106157113,999,6.28828828828829
516,483,6.2984496124031,6.26501035196687,999,6.28228228228228
523,475,6.20267686424474,6.24,998,6.22044088176353
533,465,6.27204502814259,6.26881720430108,998,6.27054108216433
538,461,6.22490706319703,6.23210412147505,999,6.22822822822823
526,472,6.28136882129278,6.21398305084746,998,6.24949899799599
538,461,6.28810408921933,6.21691973969631,999,6.25525525525526
548,450,6.30839416058394,6.24,998,6.27755511022044
545,454,6.32844036697248,6.25550660792952,999,6.2952952952953
550,448,6.32545454545455,6.21651785714286,998,6.27655310621242
549,449,6.36065573770492,6.18708240534521,998,6.28256513026052
540,457,6.38333333333333,6.22100656455142,997,6.30892678034102
534,464,6.40074906367041,6.29310344827586,998,6.35070140280561
529,470,6.39130434782609,6.30851063829787,999,6.35235235235235
534,465,6.38951310861423,6.3010752688172,999,6.34834834834835
532,467,6.3890977443609,6.30835117773019,999,6.35135135135135
529,470,6.3648393194707,6.31489361702128,999,6.34134134134134
534,463,6.36329588014981,6.31965442764579,997,6.34302908726178
532,465,6.3609022556391,6.32688172043011,997,6.34503510531595
546,452,6.37362637362637,6.34955752212389,998,6.3627254509018
529,468,6.41398865784499,6.30769230769231,997,6.36409227683049
526,470,6.41825095057034,6.35106382978723,996,6.38654618473896
538,460,6.42936802973978,6.34347826086957,998,6.38977955911824
548,448,6.45620437956204,6.35267857142857,996,6.40963855421687
547,451,6.44241316270567,6.36807095343681,998,6.40881763527054
549,449,6.44808743169399,6.33630289532294,998,6.39779559118236
554,444,6.46209386281588,6.3490990990991,998,6.41182364729459
555,443,6.45765765765766,6.3589164785553,998,6.41382765531062
557,442,6.48294434470377,6.41402714932127,999,6.45245245245245
559,438,6.48837209302326,6.44292237442922,997,6.46840521564694
555,444,6.48468468468468,6.43018018018018,999,6.46046046046046
561,437,6.46524064171123,6.45080091533181,998,6.45891783567134
565,434,6.46017699115044,6.45852534562212,999,6.45945945945946
560,439,6.48214285714286,6.44874715261959,999,6.46746746746747
558,441,6.48207885304659,6.43990929705215,999,6.46346346346346
553,446,6.47739602169982,6.46860986547085,999,6.47347347347347
558,441,6.46236559139785,6.48072562358277,999,6.47047047047047
555,443,6.47027027027027,6.51693002257336,998,6.49098196392786
551,448,6.48275862068965,6.50892857142857,999,6.49449449449449
559,439,6.48479427549195,6.51025056947608,998,6.49599198396794
550,448,6.51090909090909,6.53571428571429,998,6.52204408817635
549,449,6.51001821493625,6.51447661469933,998,6.51202404809619
556,442,6.5341726618705,6.48642533936652,998,6.51302605210421
556,443,6.52697841726619,6.51693002257336,999,6.52252252252252
550,448,6.55090909090909,6.50892857142857,998,6.53206412825651
553,445,6.56057866184448,6.48539325842697,998,6.52705410821643
547,451,6.59414990859232,6.4589800443459,998,6.53306613226453
551,446,6.60254083484574,6.49775784753363,997,6.55566700100301
557,441,6.61400359066427,6.49206349206349,998,6.56012024048096
548,448,6.61861313868613,6.50669642857143,996,6.56827309236948
557,441,6.62118491921005,6.48299319727891,998,6.56012024048096
558,441,6.61290322580645,6.48072562358277,999,6.55455455455455
558,441,6.61827956989247,6.51020408163265,999,6.57057057057057
564,434,6.63120567375887,6.52995391705069,998,6.58717434869739
556,443,6.6294964028777,6.51918735891648,999,6.58058058058058
559,438,6.62254025044723,6.5296803652968,997,6.58174523570712
566,432,6.62190812720848,6.5162037037037,998,6.57615230460922
573,426,6.61780104712042,6.518779342723,999,6.57557557557558
566,433,6.62014134275618,6.51039260969977,999,6.57257257257257
567,430,6.61375661375661,6.5046511627907,997,6.5667001003009
579,419,6.63557858376511,6.51551312649165,998,6.58517034068136
582,417,6.62199312714777,6.5083932853717,999,6.57457457457457
586,412,6.61433447098976,6.50242718446602,998,6.56813627254509
585,413,6.64786324786325,6.51573849878935,998,6.59318637274549
581,416,6.6368330464716,6.49038461538461,997,6.57572718154463
577,420,6.64298093587522,6.52857142857143,997,6.59478435305918
569,429,6.64323374340949,6.56876456876457,998,6.61122244488978
574,424,6.65679442508711,6.58018867924528,998,6.62424849699399
577,420,6.66204506065858,6.60238095238095,997,6.63691073219659
569,430,6.67311072056239,6.62558139534884,999,6.65265265265265
573,425,6.68237347294939,6.61647058823529,998,6.65430861723447
567,431,6.68077601410935,6.61020881670534,998,6.6503006012024
567,431,6.67901234567901,6.61948955916473,998,6.65330661322645
567,429,6.69312169312169,6.64102564102564,996,6.6706827309237
572,426,6.68356643356643,6.64788732394366,998,6.66833667334669
568,429,6.68485915492958,6.64568764568765,997,6.66800401203611
581,418,6.70223752151463,6.64354066985646,999,6.67767767767768
579,418,6.70120898100173,6.6555023923445,997,6.68204613841525
571,426,6.71628721541156,6.66197183098592,997,6.69307923771314
578,421,6.72664359861592,6.67933491686461,999,6.70670670670671
581,416,6.7263339070568,6.68269230769231,997,6.70812437311936
586,413,6.71843003412969,6.68765133171913,999,6.70570570570571
582,415,6.71649484536082,6.66024096385542,997,6.69307923771314
581,417,6.71600688468158,6.65467625899281,998,6.69038076152305
577,419,6.70883882149047,6.65393794749403,996,6.68574297188755
579,419,6.713298791019,6.65393794749403,998,6.68837675350701
588,410,6.72278911564626,6.65365853658537,998,6.69438877755511
585,413,6.72478632478632,6.67796610169492,998,6.70541082164329
584,415,6.71575342465753,6.66506024096386,999,6.69469469469469
579,420,6.713298791019,6.69047619047619,999,6.7037037037037
583,414,6.69125214408233,6.69565217391304,997,6.69307923771314
578,420,6.69377162629758,6.68333333333333,998,6.68937875751503
567,432,6.68430335097002,6.7037037037037,999,6.69269269269269
575,423,6.68521739130435,6.73049645390071,998,6.70440881763527
585,414,6.66837606837607,6.71739130434783,999,6.68868868868869
564,434,6.68085106382979,6.72350230414747,998,6.69939879759519
571,427,6.69176882661997,6.72365339578454,998,6.70541082164329
577,422,6.69844020797227,6.7345971563981,999,6.71371371371371
573,426,6.66841186736475,6.74413145539906,999,6.7007007007007
554,442,6.67689530685921,6.7262443438914,996,6.69879518072289
566,433,6.68021201413428,6.73441108545035,999,6.7037037037037
560,439,6.66607142857143,6.74031890660592,999,6.6986986986987
560,439,6.66785714285714,6.74487471526196,999,6.7017017017017
560,439,6.65892857142857,6.7380410022779,999,6.69369369369369
554,445,6.65523465703971,6.73932584269663,999,6.69269269269269
553,445,6.65822784810127,6.73707865168539,998,6.69338677354709
551,448,6.66061705989111,6.72991071428571,999,6.69169169169169
549,447,6.65209471766849,6.72706935123043,996,6.68574297188755
545,453,6.64770642201835,6.71743929359823,998,6.67935871743487
543,455,6.66114180478821,6.72747252747253,998,6.69138276553106
540,459,6.66666666666667,6.71459694989107,999,6.68868868868869
546,453,6.66117216117216,6.72847682119205,999,6.69169169169169
550,448,6.67090909090909,6.734375,998,6.69939879759519
549,449,6.6775956284153,6.74832962138085,998,6.70941883767535
555,443,6.67207207207207,6.75620767494357,998,6.70941883767535
557,442,6.6786355475763,6.75113122171946,999,6.71071071071071
538,461,6.67657992565056,6.74186550976139,999,6.70670670670671
541,457,6.66913123844732,6.75492341356674,998,6.70841683366733
535,463,6.67289719626168,6.76889848812095,998,6.71743486973948
529,470,6.67674858223062,6.78297872340426,999,6.72672672672673
537,461,6.67411545623836,6.76789587852495,998,6.71743486973948
555,443,6.65405405405405,6.77878103837472,998,6.70941883767535
544,453,6.66727941176471,6.79690949227373,997,6.72617853560682
552,447,6.68659420289855,6.80089485458613,999,6.73773773773774
557,442,6.66606822262118,6.79638009049774,999,6.72372372372372
561,437,6.66488413547237,6.80549199084668,998,6.72645290581162
567,432,6.66490299823633,6.80324074074074,999,6.72472472472472
573,424,6.6544502617801,6.79952830188679,997,6.71614844533601
564,435,6.65780141843972,6.78850574712644,999,6.71471471471471
562,437,6.65302491103203,6.80091533180778,999,6.71771771771772
558,441,6.66845878136201,6.81179138321995,999,6.73173173173173
556,443,6.66007194244604,6.81715575620767,999,6.72972972972973
556,443,6.67446043165468,6.8352144469526,999,6.74574574574575
547,452,6.654478976234,6.83407079646018,999,6.73573573573574
553,446,6.64737793851718,6.84304932735426,999,6.73473473473473
550,449,6.64727272727273,6.84187082405345,999,6.73473473473473
543,456,6.6427255985267,6.84429824561404,999,6.73473473473473
543,455,6.65377532228361,6.83516483516483,998,6.73647294589178
544,455,6.66360294117647,6.83956043956044,999,6.74374374374374
538,458,6.67100371747212,6.84497816593886,996,6.75100401606426
540,459,6.67037037037037,6.85403050108932,999,6.75475475475475
543,455,6.67403314917127,6.85054945054945,998,6.75450901803607
535,464,6.65981308411215,6.85344827586207,999,6.74974974974975
530,468,6.67169811320755,6.85470085470085,998,6.75751503006012
536,463,6.6660447761194,6.85745140388769,999,6.75475475475475
533,466,6.67354596622889,6.86051502145923,999,6.76076076076076
535,463,6.67476635514019,6.8488120950324,998,6.75551102204409
547,450,6.68372943327239,6.84888888888889,997,6.75827482447342
542,457,6.66974169741697,6.85995623632385,999,6.75675675675676
528,470,6.68371212121212,6.84893617021277,998,6.76152304609218
537,462,6.68156424581006,6.83982683982684,999,6.75475475475475
540,459,6.69444444444444,6.85185185185185,999,6.76676676676677
529,469,6.69754253308129,6.86780383795309,998,6.77755511022044
524,475,6.70038167938931,6.86105263157895,999,6.77677677677678
534,463,6.70224719101124,6.85529157667387,997,6.77331995987964
528,467,6.69886363636364,6.85867237687366,995,6.77386934673367
537,461,6.71322160148976,6.85466377440347,998,6.77855711422846
543,456,6.72007366482505,6.84210526315789,999,6.77577577577578
531,466,6.70433145009416,6.84549356223176,997,6.7703109327984
533,466,6.71482176360225,6.84763948497854,999,6.77677677677678
542,456,6.71217712177122,6.83114035087719,998,6.76653306613226
537,462,6.71135940409683,6.83549783549784,999,6.76876876876877
533,466,6.72795497185741,6.84334763948498,999,6.78178178178178
541,457,6.73197781885397,6.83150984682713,998,6.77755511022044
531,468,6.72128060263653,6.83119658119658,999,6.77277277277277
526,470,6.73003802281369,6.84255319148936,996,6.78313253012048
526,473,6.73764258555133,6.83086680761099,999,6.78178178178178
514,483,6.73346303501946,6.8343685300207,997,6.78234704112337
525,471,6.74285714285714,6.83651804670913,996,6.78714859437751
537,462,6.73929236499069,6.83333333333333,999,6.78278278278278
532,467,6.72932330827068,6.82869379014989,999,6.77577577577578
539,460,6.73283858998145,6.82173913043478,999,6.77377377377377
542,456,6.75830258302583,6.83771929824561,998,6.79458917835671
540,458,6.74814814814815,6.82969432314411,998,6.78557114228457
543,456,6.74769797421731,6.81578947368421,999,6.77877877877878
555,444,6.76036036036036,6.81756756756757,999,6.78578578578579
551,448,6.76769509981851,6.81696428571429,999,6.78978978978979
558,441,6.77240143369176,6.81179138321995,999,6.78978978978979
555,444,6.76936936936937,6.80855855855856,999,6.78678678678679
567,432,6.7689594356261,6.81712962962963,999,6.78978978978979
575,424,6.76695652173913,6.82075471698113,999,6.78978978978979
566,431,6.77208480565371,6.80278422273782,997,6.78535606820461
580,419,6.77413793103448,6.81145584725537,999,6.78978978978979
583,415,6.78559176672384,6.8144578313253,998,6.79759519038076
574,424,6.78919860627178,6.80188679245283,998,6.79458917835671
574,425,6.79268292682927,6.80941176470588,999,6.7997997997998
576,422,6.78472222222222,6.80568720379147,998,6.7935871743487
579,420,6.78929188255613,6.7952380952381,999,6.79179179179179
575,424,6.7895652173913,6.79481132075472,999,6.79179179179179
572,426,6.78846153846154,6.80516431924883,998,6.79559118236473
568,430,6.78169014084507,6.80697674418605,998,6.79258517034068
565,432,6.7858407079646,6.80555555555556,997,6.79438314944835
568,430,6.78697183098592,6.8093023255814,998,6.79659318637275
572,425,6.77972027972028,6.80705882352941,997,6.7913741223671
563,436,6.79040852575488,6.81192660550459,999,6.7997997997998
557,441,6.79533213644524,6.8140589569161,998,6.80360721442886
554,445,6.8014440433213,6.81348314606742,999,6.80680680680681
564,434,6.79609929078014,6.81336405529954,998,6.80360721442886
563,435,6.80284191829485,6.81609195402299,998,6.80861723446894
573,426,6.80279232111693,6.81924882629108,999,6.80980980980981
571,428,6.80560420315236,6.82710280373832,999,6.81481481481481
577,420,6.81109185441941,6.83095238095238,997,6.81945837512538
566,432,6.80742049469965,6.84490740740741,998,6.82364729458918
565,433,6.7858407079646,6.84526558891455,998,6.81162324649299
566,433,6.78091872791519,6.84757505773672,999,6.80980980980981
561,437,6.78966131907308,6.85354691075515,998,6.81763527054108
556,443,6.7841726618705,6.85553047404063,999,6.81581581581582
551,448,6.78039927404719,6.85714285714286,999,6.81481481481481
545,451,6.79449541284404,6.84922394678492,996,6.81927710843374
543,454,6.78084714548803,6.85242290748899,997,6.81344032096289
544,455,6.78125,6.84395604395604,999,6.80980980980981
546,453,6.79487179487179,6.83002207505519,999,6.81081081081081
540,458,6.80185185185185,6.83842794759825,998,6.8186372745491
542,456,6.78966789667897,6.83333333333333,998,6.80961923847695
548,450,6.79379562043796,6.83777777777778,998,6.81362725450902
537,460,6.79888268156425,6.83260869565217,997,6.81444332998997
536,463,6.79291044776119,6.85097192224622,999,6.81981981981982
536,462,6.78544776119403,6.83982683982684,998,6.81062124248497
534,462,6.79775280898876,6.84632034632035,996,6.82028112449799
534,464,6.79962546816479,6.83620689655172,998,6.81663326653307
535,463,6.78878504672897,6.83585313174946,998,6.81062124248497
537,461,6.7951582867784,6.83297180043384,998,6.812625250501
533,465,6.81050656660413,6.83010752688172,998,6.81963927855711
533,466,6.80300187617261,6.83261802575107,999,6.81681681681682
534,465,6.79213483146067,6.83440860215054,999,6.81181181181181
524,473,6.80343511450382,6.83086680761099,997,6.81644934804413
530,469,6.80754716981132,6.83582089552239,999,6.82082082082082
532,467,6.82142857142857,6.83940042826552,999,6.82982982982983
539,459,6.83116883116883,6.83006535947712,998,6.83066132264529
538,461,6.83085501858736,6.8351409978308,999,6.83283283283283
541,457,6.82070240295749,6.84682713347921,998,6.83266533066132
537,462,6.81936685288641,6.83982683982684,999,6.82882882882883
536,460,6.81716417910448,6.83260869565217,996,6.82429718875502
540,458,6.80740740740741,6.82969432314411,998,6.81763527054108
542,457,6.81549815498155,6.82275711159737,999,6.81881881881882
531,465,6.80979284369115,6.8258064516129,996,6.81726907630522
531,467,6.80979284369115,6.81798715203426,998,6.81362725450902
542,456,6.80811808118081,6.81798245614035,998,6.812625250501
533,466,6.81425891181989,6.81330472103004,999,6.81381381381381
535,462,6.80373831775701,6.81385281385281,997,6.80842527582748
542,457,6.80811808118081,6.81181619256018,999,6.80980980980981
542,457,6.7970479704797,6.80087527352298,999,6.7987987987988
544,453,6.80147058823529,6.80353200883002,997,6.802407221665
550,448,6.80727272727273,6.81696428571429,998,6.81162324649299
535,462,6.80934579439252,6.81601731601732,997,6.81243731193581
533,465,6.81238273921201,6.81720430107527,998,6.81462925851703
528,470,6.81818181818182,6.82340425531915,998,6.82064128256513
530,466,6.81509433962264,6.82832618025751,996,6.82128514056225
527,472,6.82732447817837,6.83262711864407,999,6.82982982982983
531,467,6.82297551789077,6.83083511777302,998,6.82665330661323
531,468,6.81732580037665,6.82905982905983,999,6.82282282282282
534,464,6.81647940074906,6.8426724137931,998,6.82865731462926
527,470,6.81593927893738,6.83829787234043,997,6.82647943831495
529,469,6.80529300567108,6.85501066098081,998,6.82865731462926
530,469,6.80754716981132,6.85287846481876,999,6.82882882882883
540,457,6.81111111111111,6.85995623632385,997,6.83350050150451
539,460,6.80890538033395,6.86086956521739,999,6.83283283283283
537,460,6.80633147113594,6.86739130434783,997,6.83450351053159
537,462,6.81005586592179,6.86363636363636,999,6.83483483483483
556,443,6.81834532374101,6.85553047404063,999,6.83483483483483
555,442,6.82162162162162,6.85067873303167,997,6.83450351053159
554,444,6.81407942238267,6.86261261261261,998,6.83567134268537
555,444,6.81621621621622,6.8536036036036,999,6.83283283283283
554,445,6.81949458483755,6.86292134831461,999,6.83883883883884
558,441,6.82437275985663,6.85714285714286,999,6.83883883883884
565,434,6.82477876106195,6.85023041474654,999,6.83583583583584
565,434,6.83185840707965,6.85023041474654,999,6.83983983983984
569,430,6.83831282952548,6.85116279069767,999,6.84384384384384
565,432,6.83185840707965,6.84490740740741,997,6.83751253761284
571,428,6.82837127845884,6.8481308411215,999,6.83683683683684
584,410,6.83390410958904,6.8390243902439,994,6.83601609657948
583,414,6.8336192109777,6.83816425120773,997,6.83550651955868
571,427,6.84588441330998,6.83138173302108,998,6.83967935871743
566,433,6.83745583038869,6.83140877598152,999,6.83483483483483
563,435,6.82948490230906,6.82298850574713,998,6.82665330661323
562,437,6.83629893238434,6.81922196796339,999,6.82882882882883
562,437,6.83451957295374,6.83524027459954,999,6.83483483483483
566,433,6.82332155477032,6.83833718244804,999,6.82982982982983
576,420,6.82465277777778,6.84285714285714,996,6.83232931726908
575,423,6.82608695652174,6.84633569739953,998,6.83466933867735
574,424,6.81881533101045,6.85377358490566,998,6.83366733466934
573,424,6.81849912739965,6.85141509433962,997,6.83249749247743
574,425,6.82404181184669,6.86117647058824,999,6.83983983983984
560,438,6.82678571428571,6.86986301369863,998,6.84569138276553
564,434,6.82624113475177,6.8778801843318,998,6.84869739478958
565,431,6.83008849557522,6.87006960556845,996,6.84738955823293
553,445,6.8372513562387,6.8876404494382,998,6.85971943887776
555,443,6.83423423423423,6.88939051918736,998,6.85871743486974
562,435,6.83274021352313,6.88735632183908,997,6.85656970912738
557,441,6.84021543985637,6.88888888888889,998,6.86172344689379
555,443,6.83423423423423,6.88939051918736,998,6.85871743486974
562,437,6.83451957295374,6.88558352402746,999,6.85685685685686
563,436,6.83836589698046,6.88532110091743,999,6.85885885885886
568,431,6.83450704225352,6.88167053364269,999,6.85485485485485
569,429,6.82249560632689,6.87179487179487,998,6.8436873747495
569,428,6.81898066783831,6.86448598130841,997,6.83851554663992
570,429,6.8280701754386,6.86946386946387,999,6.84584584584585
564,435,6.81914893617021,6.86206896551724,999,6.83783783783784
568,431,6.8080985915493,6.86542923433875,999,6.83283283283283
567,431,6.80952380952381,6.8677494199536,998,6.83466933867735
575,421,6.81913043478261,6.86698337292161,996,6.83935742971888
577,421,6.80762564991335,6.8646080760095,998,6.83166332665331
579,420,6.81174438687392,6.87142857142857,999,6.83683683683684
581,418,6.81411359724613,6.86602870813397,999,6.83583583583584
590,408,6.82203389830508,6.87009803921569,998,6.84168336673347
601,398,6.81364392678869,6.87185929648241,999,6.83683683683684
600,398,6.82333333333333,6.87437185929648,998,6.8436873747495
609,389,6.81773399014778,6.89203084832905,998,6.84669338677355
614,384,6.81596091205212,6.89583333333333,998,6.84669338677355
614,385,6.83061889250814,6.9038961038961,999,6.85885885885886
612,387,6.83169934640523,6.90180878552972,999,6.85885885885886
607,392,6.82701812191104,6.89795918367347,999,6.85485485485485
600,399,6.83666666666667,6.90726817042607,999,6.86486486486486
588,411,6.83503401360544,6.90267639902676,999,6.86286286286286
590,409,6.82542372881356,6.90953545232274,999,6.85985985985986
589,410,6.8251273344652,6.91707317073171,999,6.86286286286286
580,419,6.83793103448276,6.92124105011933,999,6.87287287287287
583,416,6.83533447684391,6.92067307692308,999,6.87087087087087
575,423,6.83826086956522,6.91962174940898,998,6.87274549098196
565,431,6.83716814159292,6.91879350348028,996,6.87248995983936
572,426,6.84265734265734,6.92253521126761,998,6.87675350701403
570,429,6.84035087719298,6.92540792540793,999,6.87687687687688
569,428,6.83128295254833,6.93224299065421,997,6.87462387161484
571,428,6.83712784588441,6.93224299065421,999,6.87787787787788
567,430,6.84479717813051,6.93023255813953,997,6.88164493480441
573,425,6.84293193717278,6.93647058823529,998,6.88276553106212
568,431,6.84683098591549,6.93039443155452,999,6.88288288288288
571,428,6.84588441330998,6.93691588785047,999,6.88488488488488
574,424,6.85365853658537,6.93867924528302,998,6.88977955911824
576,423,6.84722222222222,6.94089834515366,999,6.88688688688689
576,422,6.85069444444444,6.92654028436019,998,6.88276553106212
575,422,6.86086956521739,6.92654028436019,997,6.88866599799398
568,431,6.85387323943662,6.93271461716937,999,6.88788788788789
563,435,6.85612788632327,6.93563218390805,998,6.89078156312625
570,429,6.86140350877193,6.93473193473193,999,6.89289289289289
575,424,6.85391304347826,6.93867924528302,999,6.88988988988989
568,431,6.86619718309859,6.93735498839907,999,6.8968968968969
566,433,6.87455830388693,6.93533487297921,999,6.9009009009009
568,430,6.875,6.93953488372093,998,6.90280561122244
572,427,6.87587412587413,6.93911007025761,999,6.9029029029029
574,424,6.8780487804878,6.93867924528302,998,6.90380761523046
582,417,6.88487972508591,6.93285371702638,999,6.9049049049049
584,415,6.87842465753425,6.93253012048193,999,6.9009009009009
584,415,6.88356164383562,6.92771084337349,999,6.9019019019019
577,420,6.89428076256499,6.92619047619048,997,6.90772316950853
580,419,6.90344827586207,6.92601431980907,999,6.91291291291291
572,425,6.90559440559441,6.93411764705882,997,6.91775325977934
577,422,6.90987868284229,6.93364928909953,999,6.91991991991992
577,421,6.91334488734835,6.93349168646081,998,6.92184368737475
568,431,6.91549295774648,6.93503480278422,999,6.92392392392392
570,428,6.91754385964912,6.93224299065421,998,6.92384769539078
571,428,6.91768826619965,6.9392523364486,999,6.92692692692693
577,421,6.91507798960139,6.94299287410926,998,6.92685370741483
586,412,6.91808873720136,6.95145631067961,998,6.93186372745491
581,417,6.91394148020654,6.95203836930456,998,6.92985971943888
583,416,6.91252144082333,6.95192307692308,999,6.92892892892893
589,410,6.92020373514431,6.95365853658537,999,6.93393393393393
593,406,6.92748735244519,6.94827586206897,999,6.93593593593594
601,397,6.93178036605657,6.94206549118388,998,6.93587174348697
596,403,6.93288590604027,6.9454094292804,999,6.93793793793794
599,399,6.93155258764608,6.94235588972431,998,6.93587174348697
586,407,6.93515358361775,6.94103194103194,993,6.93756294058409
588,410,6.93707482993197,6.94146341463415,998,6.93887775551102
589,410,6.94057724957555,6.94146341463415,999,6.94094094094094
590,408,6.94745762711864,6.94362745098039,998,6.94589178356713
589,410,6.95076400679117,6.9390243902439,999,6.94594594594595
592,406,6.9527027027027,6.93349753694581,998,6.94488977955912
599,400,6.95158597662771,6.9275,999,6.94194194194194
595,404,6.94621848739496,6.92821782178218,999,6.93893893893894
594,404,6.94781144781145,6.9529702970297,998,6.9498997995992
598,401,6.94648829431438,6.95261845386534,999,6.94894894894895
585,414,6.94700854700855,6.95652173913043,999,6.95095095095095
570,427,6.94210526315789,6.95550351288056,997,6.94784353059178
572,427,6.93706293706294,6.95316159250585,999,6.94394394394394
569,427,6.93497363796134,6.95081967213115,996,6.94176706827309
564,433,6.93617021276596,6.94919168591224,997,6.94182547642929
559,440,6.93559928443649,6.94772727272727,999,6.94094094094094
556,443,6.93884892086331,6.94582392776524,999,6.94194194194194
547,451,6.93967093235832,6.94456762749446,998,6.94188376753507
542,456,6.94280442804428,6.94517543859649,998,6.9438877755511
546,453,6.93956043956044,6.93818984547461,999,6.93893893893894
544,455,6.93566176470588,6.93626373626374,999,6.93593593593594
542,457,6.93726937269373,6.93216630196937,999,6.93493493493493
538,458,6.9368029739777,6.93668122270742,996,6.93674698795181
540,458,6.93703703703704,6.93449781659389,998,6.93587174348697
543,455,6.93186003683241,6.92747252747253,998,6.92985971943888
552,447,6.93297101449275,6.93288590604027,999,6.93293293293293
545,454,6.93577981651376,6.94052863436123,999,6.93793793793794
543,454,6.93922651933702,6.93832599118943,997,6.93881644934804
549,450,6.94171220400729,6.93111111111111,999,6.93693693693694
545,453,6.94311926605505,6.93598233995585,998,6.93987975951904
538,461,6.94237918215613,6.93492407809111,999,6.93893893893894
540,458,6.94074074074074,6.93231441048035,998,6.93687374749499
538,461,6.93866171003717,6.93275488069414,999,6.93593593593594
542,454,6.9409594095941,6.93171806167401,996,6.93674698795181
544,454,6.93933823529412,6.93171806167401,998,6.93587174348697
545,454,6.9394495412844,6.9273127753304,999,6.93393393393393
548,450,6.94343065693431,6.92222222222222,998,6.93386773547094
550,448,6.94909090909091,6.92633928571429,998,6.93887775551102
554,445,6.94945848375451,6.93258426966292,999,6.94194194194194
548,449,6.94890510948905,6.93095768374165,997,6.94082246740221
548,451,6.9507299270073,6.9290465631929,999,6.94094094094094
539,458,6.94805194805195,6.93231441048035,997,6.94082246740221
537,461,6.94413407821229,6.93492407809111,998,6.93987975951904
538,460,6.93866171003717,6.92826086956522,998,6.93386773547094
538,460,6.93308550185874,6.93260869565217,998,6.93286573146293
533,464,6.9343339587242,6.93318965517241,997,6.93380140421264
539,460,6.94063079777365,6.93260869565217,999,6.93693693693694
536,463,6.93470149253731,6.93304535637149,999,6.93393393393393
541,458,6.93345656192237,6.9410480349345,999,6.93693693693694
551,448,6.93466424682396,6.94419642857143,999,6.93893893893894
556,442,6.94064748201439,6.94570135746606,998,6.94288577154309
566,433,6.93992932862191,6.94688221709007,999,6.94294294294294
558,440,6.93727598566308,6.94772727272727,998,6.94188376753507
568,429,6.94014084507042,6.94638694638695,997,6.94282848545637
562,437,6.94128113879004,6.94508009153318,999,6.94294294294294
561,436,6.94652406417112,6.94266055045872,997,6.94483450351053
576,423,6.94444444444444,6.94089834515366,999,6.94294294294294
571,428,6.94220665499124,6.94158878504673,999,6.94194194194194
562,437,6.93950177935943,6.94508009153318,999,6.94194194194194
566,432,6.93462897526502,6.94444444444444,998,6.93887775551102
559,437,6.92844364937388,6.94050343249428,996,6.93373493975904
566,432,6.93109540636042,6.94907407407407,998,6.93887775551102
573,426,6.93542757417103,6.94366197183099,999,6.93893893893894
579,420,6.93609671848014,6.93809523809524,999,6.93693693693694
574,425,6.93205574912892,6.94588235294118,999,6.93793793793794
572,427,6.92832167832168,6.94379391100703,999,6.93493493493493
571,427,6.9246935201401,6.9367681498829,998,6.92985971943888
577,421,6.92720970537262,6.93824228028504,998,6.93186372745491
584,413,6.93150684931507,6.93704600484261,997,6.93380140421264
588,411,6.92687074829932,6.9367396593674,999,6.93093093093093
587,412,6.92333901192504,6.92961165048544,999,6.92592592592593
588,410,6.92687074829932,6.92439024390244,998,6.92585170340681
592,407,6.92398648648649,6.91891891891892,999,6.92192192192192
589,409,6.9151103565365,6.91687041564792,998,6.91583166332665
596,403,6.91610738255034,6.90818858560794,999,6.91291291291291
599,400,6.91151919866444,6.905,999,6.90890890890891
589,410,6.91171477079796,6.90731707317073,999,6.90990990990991
585,413,6.92307692307692,6.90072639225182,998,6.91382765531062
588,410,6.92687074829932,6.90731707317073,998,6.9188376753507
584,414,6.92979452054795,6.90821256038647,998,6.92084168336673
594,405,6.93434343434343,6.9037037037037,999,6.92192192192192
598,401,6.93979933110368,6.90773067331671,999,6.92692692692693
600,399,6.94166666666667,6.90726817042607,999,6.92792792792793
608,390,6.94736842105263,6.91282051282051,998,6.93386773547094
595,402,6.95798319327731,6.90796019900498,997,6.93781344032096
589,409,6.95585738539898,6.90953545232274,998,6.93687374749499
590,408,6.95254237288136,6.91421568627451,998,6.93687374749499
590,409,6.95254237288136,6.9119804400978,999,6.93593593593594
583,416,6.95197255574614,6.90865384615385,999,6.93393393393393
580,418,6.94827586206897,6.91148325358852,998,6.93286573146293
577,419,6.94974003466205,6.90930787589499,996,6.93273092369478
579,418,6.95164075993092,6.89712918660287,997,6.92878635907723
577,422,6.94974003466205,6.90758293838863,999,6.93193193193193
569,429,6.94727592267135,6.91375291375291,998,6.93286573146293
579,420,6.94645941278066,6.90238095238095,999,6.92792792792793
580,419,6.95172413793103,6.90214797136038,999,6.93093093093093
564,434,6.95567375886525,6.91013824884793,998,6.93587174348697
578,420,6.95674740484429,6.91904761904762,998,6.94088176352705
576,423,6.95486111111111,6.91016548463357,999,6.93593593593594
569,430,6.95430579964851,6.91162790697674,999,6.93593593593594
584,413,6.95376712328767,6.91525423728814,997,6.93781344032096
587,411,6.9557069846678,6.90997566909976,998,6.93687374749499
582,417,6.95189003436426,6.90407673860911,999,6.93193193193193
593,406,6.95446880269814,6.9064039408867,999,6.93493493493493
586,413,6.95733788395904,6.90072639225182,999,6.93393393393393
572,427,6.95629370629371,6.89695550351288,999,6.93093093093093
583,416,6.95883361921098,6.89903846153846,999,6.93393393393393
583,416,6.95197255574614,6.90144230769231,999,6.93093093093093
573,426,6.95287958115183,6.89906103286385,999,6.92992992992993
584,415,6.95205479452055,6.89638554216867,999,6.92892892892893
585,412,6.95213675213675,6.9004854368932,997,6.93079237713139
582,417,6.95360824742268,6.90407673860911,999,6.93293293293293
594,404,6.95791245791246,6.8960396039604,998,6.93286573146293
597,401,6.95644891122278,6.89526184538653,998,6.93186372745491
592,407,6.95101351351351,6.9017199017199,999,6.93093093093093
583,415,6.95883361921098,6.89879518072289,998,6.93386773547094
582,417,6.96048109965636,6.89448441247002,999,6.93293293293293
592,406,6.95777027027027,6.89901477832512,998,6.93386773547094
585,414,6.95897435897436,6.90096618357488,999,6.93493493493493
589,408,6.95925297113752,6.89705882352941,997,6.93380140421264
591,408,6.95769881556684,6.89460784313725,999,6.93193193193193
588,411,6.95578231292517,6.89294403892944,999,6.92992992992993
590,406,6.95762711864407,6.88669950738916,996,6.92871485943775
589,408,6.95755517826825,6.8921568627451,997,6.93079237713139
595,404,6.9563025210084,6.89356435643564,999,6.93093093093093
587,411,6.95911413969336,6.89051094890511,998,6.93086172344689
586,413,6.95733788395904,6.8861985472155,999,6.92792792792793
585,414,6.95726495726496,6.88405797101449,999,6.92692692692693
584,413,6.96061643835616,6.87409200968523,997,6.92477432296891
593,406,6.96121416526138,6.8743842364532,999,6.92592592592593
589,410,6.95755517826825,6.87560975609756,999,6.92392392392392
591,408,6.95769881556684,6.89460784313725,999,6.93193193193193
598,399,6.95986622073579,6.8922305764411,997,6.93279839518556
591,408,6.95769881556684,6.88725490196078,999,6.92892892892893
599,399,6.95826377295492,6.8922305764411,998,6.93186372745491
604,395,6.96026490066225,6.90379746835443,999,6.93793793793794
602,396,6.95847176079734,6.8989898989899,998,6.93486973947896
607,391,6.95716639209226,6.89514066496164,998,6.93286573146293
607,391,6.95551894563427,6.89769820971867,998,6.93286573146293
610,388,6.95737704918033,6.90463917525773,998,6.93687374749499
607,391,6.96046128500824,6.90281329923274,998,6.93787575150301
611,387,6.95908346972177,6.90697674418605,998,6.93887775551102
610,387,6.95901639344262,6.91472868217054,997,6.94182547642929
625,374,6.96,6.91176470588235,999,6.94194194194194
616,381,6.96103896103896,6.91601049868766,997,6.94383149448345
607,391,6.95881383855025,6.91815856777494,998,6.94288577154309
601,397,6.95840266222962,6.91687657430731,998,6.94188376753507
592,407,6.96452702702703,6.91646191646192,999,6.94494494494494
587,412,6.96252129471891,6.91990291262136,999,6.94494494494494
603,394,6.96351575456053,6.92639593908629,997,6.94884653961886
612,387,6.96732026143791,6.92248062015504,999,6.94994994994995
610,388,6.9672131147541,6.92783505154639,998,6.95190380761523
620,379,6.96774193548387,6.9287598944591,999,6.95295295295295
619,379,6.96768982229402,6.92348284960422,998,6.95090180360721
617,381,6.9708265802269,6.93175853018373,998,6.95591182364729
622,376,6.96945337620579,6.92287234042553,998,6.95190380761523
613,384,6.97063621533442,6.9296875,997,6.95486459378134
612,386,6.96732026143791,6.92487046632124,998,6.95090180360721
614,383,6.96742671009772,6.9242819843342,997,6.95085255767302
611,386,6.96563011456628,6.93523316062176,997,6.95386158475426
612,386,6.9656862745098,6.93264248704663,998,6.95290581162325
605,394,6.96694214876033,6.93908629441624,999,6.95595595595596
605,393,6.96528925619835,6.94147582697201,998,6.95591182364729
607,392,6.96375617792422,6.94387755102041,999,6.95595595595596
607,392,6.96375617792422,6.94387755102041,999,6.95595595595596
611,388,6.96399345335516,6.93814432989691,999,6.95395395395395
608,391,6.96381578947368,6.9386189258312,999,6.95395395395395
615,384,6.96422764227642,6.9375,999,6.95395395395395
611,388,6.96399345335516,6.94587628865979,999,6.95695695695696
626,373,6.96325878594249,6.94369973190348,999,6.95595595595596
623,375,6.96147672552167,6.94133333333333,998,6.95390781563126
625,374,6.9632,6.93850267379679,999,6.95395395395395
625,374,6.9584,6.94117647058824,999,6.95195195195195
623,376,6.95184590690209,6.93882978723404,999,6.94694694694695
623,376,6.95505617977528,6.93617021276596,999,6.94794794794795
626,373,6.95686900958466,6.93565683646113,999,6.94894894894895
624,374,6.9599358974359,6.94117647058824,998,6.95290581162325
630,367,6.96031746031746,6.93460490463215,997,6.95085255767302
632,367,6.95886075949367,6.93460490463215,999,6.94994994994995
622,376,6.95498392282958,6.94946808510638,998,6.95290581162325
622,377,6.95498392282958,6.94164456233422,999,6.94994994994995
621,378,6.95330112721417,6.94179894179894,999,6.94894894894895
615,383,6.95447154471545,6.94255874673629,998,6.9498997995992
621,377,6.95652173913043,6.93899204244032,998,6.9498997995992
623,376,6.95505617977528,6.94148936170213,999,6.94994994994995
619,380,6.95961227786753,6.94736842105263,999,6.95495495495495
619,379,6.95799676898223,6.94986807387863,998,6.95490981963928
616,383,6.96103896103896,6.94778067885118,999,6.95595595595596
613,385,6.96247960848287,6.94545454545455,998,6.95591182364729
621,377,6.95652173913043,6.94694960212202,998,6.95290581162325
615,384,6.95934959349593,6.94270833333333,999,6.95295295295295
615,384,6.9609756097561,6.94791666666667,999,6.95595595595596
611,388,6.96235679214403,6.94587628865979,999,6.95595595595596
613,386,6.96247960848287,6.94300518134715,999,6.95495495495495
600,398,6.95833333333333,6.94472361809045,998,6.95290581162325
600,398,6.96,6.94472361809045,998,6.95390781563126
596,402,6.95973154362416,6.95024875621891,998,6.95591182364729
591,406,6.95939086294416,6.94088669950739,997,6.9518555667001
599,400,6.95993322203673,6.9525,999,6.95695695695696
606,390,6.95874587458746,6.94871794871795,996,6.95481927710843
605,394,6.95537190082645,6.95177664974619,999,6.95395395395395
609,390,6.95730706075534,6.94871794871795,999,6.95395395395395
609,390,6.95566502463054,6.94871794871795,999,6.95295295295295
602,397,6.95514950166113,6.94962216624685,999,6.95295295295295
606,393,6.95049504950495,6.9440203562341,999,6.94794794794795
617,381,6.95299837925446,6.94750656167979,998,6.95090180360721
609,390,6.95238095238095,6.95128205128205,999,6.95195195195195
619,380,6.94991922455574,6.95,999,6.94994994994995
626,372,6.94568690095847,6.9489247311828,998,6.94689378757515
615,383,6.94959349593496,6.94778067885118,998,6.94889779559118
617,382,6.95137763371151,6.95287958115183,999,6.95195195195195
616,383,6.94318181818182,6.93733681462141,999,6.94094094094094
614,383,6.94299674267101,6.93733681462141,997,6.94082246740221
617,380,6.94489465153971,6.94736842105263,997,6.94583751253761
619,380,6.93214862681745,6.94210526315789,999,6.93593593593594
618,380,6.93851132686084,6.94473684210526,998,6.94088176352705
623,376,6.9470304975923,6.94414893617021,999,6.94594594594595
625,374,6.944,6.94117647058824,999,6.94294294294294
615,383,6.93983739837398,6.93994778067885,998,6.93987975951904
624,375,6.94711538461539,6.944,999,6.94594594594595
614,385,6.94788273615635,6.94805194805195,999,6.94794794794795
618,380,6.94822006472492,6.94473684210526,998,6.94689378757515
629,369,6.94276629570747,6.94308943089431,998,6.94288577154309
621,377,6.93719806763285,6.94429708222812,998,6.93987975951904
617,381,6.93841166936791,6.95275590551181,998,6.9438877755511
623,376,6.93418940609952,6.95744680851064,999,6.94294294294294
621,375,6.93558776167472,6.95733333333333,996,6.94377510040161
626,372,6.93610223642172,6.95430107526882,998,6.94288577154309
629,369,6.93322734499205,6.94579945799458,998,6.93787575150301
627,370,6.9377990430622,6.95405405405405,997,6.94383149448345
631,366,6.93343898573693,6.95628415300546,997,6.94182547642929
631,368,6.93502377179081,6.94836956521739,999,6.93993993993994
628,371,6.93312101910828,6.95148247978437,999,6.93993993993994
634,364,6.92902208201893,6.9478021978022,998,6.93587174348697
637,362,6.9403453689168,6.95303867403315,999,6.94494494494494
641,358,6.93447737909516,6.95251396648045,999,6.94094094094094
637,361,6.93720565149137,6.9584487534626,998,6.94488977955912
643,356,6.93468118195956,6.95786516853933,999,6.94294294294294
643,355,6.93312597200622,6.94929577464789,998,6.93887775551102
645,354,6.93953488372093,6.95480225988701,999,6.94494494494494
645,349,6.93953488372093,6.95988538681948,994,6.9466800804829
657,341,6.93759512937595,6.95894428152493,998,6.94488977955912
657,341,6.93607305936073,6.95307917888563,998,6.94188376753507
653,345,6.93721286370597,6.96231884057971,998,6.94589178356713
648,351,6.93981481481481,6.96011396011396,999,6.94694694694695
630,366,6.93809523809524,6.96174863387978,996,6.94678714859438
635,364,6.93543307086614,6.96428571428571,999,6.94594594594595
637,362,6.9403453689168,6.96408839779006,999,6.94894894894895
626,373,6.93769968051118,6.96782841823056,999,6.94894894894895
632,367,6.94145569620253,6.96730245231608,999,6.95095095095095
629,370,6.93640699523052,6.96756756756757,999,6.94794794794795
631,368,6.93977812995246,6.96739130434783,999,6.94994994994995
630,369,6.93492063492064,6.96476964769648,999,6.94594594594595
641,358,6.92823712948518,6.96927374301676,999,6.94294294294294
643,355,6.93312597200622,6.96056338028169,998,6.94288577154309
636,363,6.93081761006289,6.96143250688705,999,6.94194194194194
646,353,6.92724458204334,6.96033994334278,999,6.93893893893894
635,363,6.92125984251969,6.96143250688705,998,6.93587174348697
625,373,6.928,6.9597855227882,998,6.93987975951904
625,372,6.9264,6.96505376344086,997,6.94082246740221
630,368,6.92857142857143,6.97010869565217,998,6.9438877755511
630,369,6.92222222222222,6.96476964769648,999,6.93793793793794
640,358,6.9265625,6.96368715083799,998,6.93987975951904
649,349,6.92758089368259,6.96275071633238,998,6.93987975951904
636,362,6.93081761006289,6.9585635359116,998,6.94088176352705
640,358,6.9265625,6.95810055865922,998,6.93787575150301
646,353,6.92724458204334,6.96033994334278,999,6.93893893893894
643,356,6.92846034214619,6.96348314606742,999,6.94094094094094
641,357,6.92355694227769,6.96358543417367,998,6.93787575150301
632,367,6.92879746835443,6.96185286103542,999,6.94094094094094
627,370,6.93460925039872,6.95945945945946,997,6.94383149448345
628,370,6.93312101910828,6.95405405405405,998,6.94088176352705
636,363,6.93238993710692,6.95592286501377,999,6.94094094094094
629,368,6.93004769475358,6.95652173913043,997,6.93981945837513
637,362,6.9309262166405,6.9585635359116,999,6.94094094094094
635,364,6.9244094488189,6.9532967032967,999,6.93493493493493
631,367,6.92551505546751,6.95367847411444,998,6.93587174348697
631,368,6.92868462757528,6.95923913043478,999,6.93993993993994
636,363,6.93396226415094,6.95316804407713,999,6.94094094094094
644,354,6.93788819875776,6.94915254237288,998,6.94188376753507
644,355,6.93167701863354,6.95492957746479,999,6.93993993993994
639,360,6.93427230046948,6.95277777777778,999,6.94094094094094
636,363,6.93396226415094,6.94490358126722,999,6.93793793793794
635,362,6.93858267716535,6.9475138121547,997,6.94182547642929
638,361,6.93416927899687,6.94459833795014,999,6.93793793793794
640,359,6.940625,6.94150417827298,999,6.94094094094094
646,352,6.93808049535604,6.94886363636364,998,6.94188376753507
645,354,6.93643410852713,6.95197740112994,999,6.94194194194194
635,363,6.93543307086614,6.95316804407713,998,6.94188376753507
632,367,6.93670886075949,6.94550408719346,999,6.93993993993994
626,373,6.93929712460064,6.94906166219839,999,6.94294294294294
633,366,6.93680884676145,6.94535519125683,999,6.93993993993994
635,360,6.93858267716535,6.94722222222222,995,6.94170854271357
634,365,6.94321766561514,6.95342465753425,999,6.94694694694695
645,354,6.94418604651163,6.95197740112994,999,6.94694694694695
648,351,6.9429012345679,6.95156695156695,999,6.94594594594595
640,358,6.940625,6.94972067039106,998,6.9438877755511
638,360,6.94200626959248,6.95555555555556,998,6.94689378757515
637,361,6.9403453689168,6.94736842105263,998,6.94288577154309
639,360,6.9358372456964,6.94444444444444,999,6.93893893893894
638,360,6.93416927899687,6.94722222222222,998,6.93887775551102
637,362,6.93563579277865,6.9475138121547,999,6.93993993993994
638,360,6.93887147335423,6.93888888888889,998,6.93887775551102
638,359,6.9294670846395,6.94150417827298,997,6.93380140421264
647,352,6.93044822256569,6.94318181818182,999,6.93493493493493
646,352,6.92569659442724,6.95454545454545,998,6.93587174348697
649,349,6.9306625577812,6.9512893982808,998,6.93787575150301
650,349,6.92307692307692,6.9512893982808,999,6.93293293293293
646,352,6.92569659442724,6.95454545454545,998,6.93587174348697
650,349,6.92923076923077,6.9541547277937,999,6.93793793793794
654,345,6.92966360856269,6.95072463768116,999,6.93693693693694
661,338,6.92889561270802,6.94970414201183,999,6.93593593593594
653,344,6.92802450229709,6.94767441860465,997,6.93480441323972
658,341,6.93161094224924,6.94134897360704,999,6.93493493493493
660,337,6.93636363636364,6.94658753709199,997,6.93981945837513
657,340,6.93759512937595,6.94705882352941,997,6.94082246740221
651,348,6.93701996927803,6.94252873563218,999,6.93893893893894
652,346,6.93558282208589,6.9393063583815,998,6.93687374749499
653,346,6.93721286370597,6.94219653179191,999,6.93893893893894
653,343,6.93721286370597,6.94752186588921,996,6.94076305220884
642,357,6.93302180685358,6.94397759103641,999,6.93693693693694
651,348,6.94162826420891,6.95114942528736,999,6.94494494494494
649,350,6.94144838212635,6.95428571428571,999,6.94594594594595
644,354,6.93944099378882,6.94067796610169,998,6.93987975951904
650,348,6.93692307692308,6.93965517241379,998,6.93787575150301
647,352,6.93817619783617,6.94034090909091,999,6.93893893893894
648,350,6.93518518518519,6.94285714285714,998,6.93787575150301
650,349,6.94,6.93982808022923,999,6.93993993993994
641,357,6.94383775351014,6.94957983193277,998,6.94589178356713
651,347,6.9431643625192,6.95677233429395,998,6.94789579158317
655,344,6.93740458015267,6.94767441860465,999,6.94094094094094
637,359,6.93877551020408,6.95264623955432,996,6.94377510040161
644,355,6.93633540372671,6.95211267605634,999,6.94194194194194
647,351,6.93817619783617,6.95156695156695,998,6.94288577154309
651,348,6.93548387096774,6.95114942528736,999,6.94094094094094
654,345,6.9388379204893,6.95072463768116,999,6.94294294294294
652,347,6.94171779141104,6.95389048991354,999,6.94594594594595
634,364,6.93690851735016,6.9478021978022,998,6.94088176352705
636,363,6.93710691823899,6.94214876033058,999,6.93893893893894
635,364,6.93700787401575,6.9532967032967,999,6.94294294294294
624,374,6.93429487179487,6.9572192513369,998,6.94288577154309
633,366,6.93838862559242,6.95355191256831,999,6.94394394394394
631,367,6.94136291600634,6.95367847411444,998,6.94589178356713
619,379,6.93861066235864,6.95778364116095,998,6.94589178356713
621,377,6.93880837359098,6.95225464190981,998,6.9438877755511
624,375,6.94070512820513,6.94666666666667,999,6.94294294294294
614,385,6.93648208469055,6.95064935064935,999,6.94194194194194
611,388,6.93617021276596,6.94845360824742,999,6.94094094094094
618,381,6.93851132686084,6.9501312335958,999,6.94294294294294
618,380,6.94498381877023,6.95526315789474,998,6.94889779559118
621,378,6.94363929146538,6.95238095238095,999,6.94694694694695
626,373,6.94408945686901,6.94638069705094,999,6.94494494494494
623,376,6.9422150882825,6.9468085106383,999,6.94394394394394
632,366,6.94620253164557,6.94808743169399,998,6.94689378757515
633,365,6.94944707740916,6.94520547945205,998,6.94789579158317
621,376,6.95330112721417,6.9468085106383,997,6.95085255767302
625,374,6.9536,6.94919786096257,999,6.95195195195195
620,379,6.95161290322581,6.95250659630607,999,6.95195195195195
607,391,6.95387149917628,6.94884910485933,998,6.95190380761523
619,378,6.95476575121163,6.95767195767196,997,6.95586760280842
625,373,6.952,6.9597855227882,998,6.95490981963928
625,374,6.9504,6.96256684491979,999,6.95495495495495
625,374,6.9568,6.96256684491979,999,6.95895895895896
630,367,6.95714285714286,6.96730245231608,997,6.96088264794383
632,364,6.95253164556962,6.96428571428571,996,6.95682730923695
633,366,6.95260663507109,6.96448087431694,999,6.95695695695696
636,362,6.9559748427673,6.96408839779006,998,6.95891783567134
629,370,6.95071542130366,6.96486486486486,999,6.95595595595596
635,364,6.95275590551181,6.96428571428571,999,6.95695695695696
638,361,6.95454545454545,6.96398891966759,999,6.95795795795796
630,368,6.95873015873016,6.96739130434783,998,6.96192384769539
626,373,6.95686900958466,6.96514745308311,999,6.95995995995996
631,367,6.9635499207607,6.96185286103542,998,6.96292585170341
621,376,6.96618357487923,6.96542553191489,997,6.96589769307924
617,382,6.96596434359806,6.97120418848168,999,6.96796796796797
624,375,6.96955128205128,6.968,999,6.96896896896897
617,381,6.97244732576985,6.97112860892388,998,6.97194388777555
615,384,6.97235772357724,6.97916666666667,999,6.97497497497497
611,386,6.9721767594108,6.98186528497409,997,6.97592778335005
608,389,6.97532894736842,6.98200514138817,997,6.97793380140421
603,396,6.98009950248756,6.98232323232323,999,6.98098098098098
604,393,6.97682119205298,6.98473282442748,997,6.97993981945837
615,383,6.97723577235772,6.98172323759791,998,6.97895791583166
614,385,6.97557003257329,6.98181818181818,999,6.97797797797798
619,380,6.97415185783522,6.97894736842105,999,6.97597597597598
620,379,6.9758064516129,6.97625329815303,999,6.97597597597598
614,385,6.97557003257329,6.97142857142857,999,6.97397397397397
613,386,6.97389885807504,6.97150259067358,999,6.97297297297297
613,385,6.97716150081566,6.97402597402597,998,6.97595190380762
613,385,6.97389885807504,6.96883116883117,998,6.97194388777555
613,386,6.97389885807504,6.96373056994819,999,6.96996996996997
619,379,6.97415185783522,6.96306068601583,998,6.96993987975952
610,389,6.97704918032787,6.96401028277635,999,6.97197197197197
607,390,6.97693574958814,6.96153846153846,997,6.97091273821464
612,387,6.97549019607843,6.96124031007752,999,6.96996996996997
611,388,6.97872340425532,6.9639175257732,999,6.97297297297297
610,389,6.97868852459016,6.96401028277635,999,6.97297297297297
610,389,6.98196721311475,6.96143958868895,999,6.97397397397397
620,379,6.98225806451613,6.96306068601583,999,6.97497497497497
624,375,6.98237179487179,6.96266666666667,999,6.97497497497497
617,382,6.9805510534846,6.96335078534031,999,6.97397397397397
625,372,6.9792,6.96505376344086,997,6.97392176529589
626,372,6.98083067092652,6.96505376344086,998,6.9749498997996
624,374,6.9775641025641,6.96256684491979,998,6.97194388777555
619,380,6.97738287560582,6.96052631578947,999,6.97097097097097
611,388,6.97872340425532,6.96649484536082,999,6.97397397397397
603,396,6.98009950248756,6.96717171717172,999,6.97497497497497
603,396,6.98175787728027,6.96717171717172,999,6.97597597597598
601,397,6.98003327787022,6.96977329974811,998,6.97595190380762
595,403,6.97983193277311,6.9727047146402,998,6.97695390781563
598,400,6.97993311036789,6.9725,998,6.97695390781563
599,400,6.97829716193656,6.9725,999,6.97597597597598
606,392,6.98349834983498,6.97959183673469,998,6.98196392785571
600,398,6.985,6.97989949748744,998,6.98296593186373
597,402,6.98492462311558,6.97761194029851,999,6.98198198198198
589,410,6.98641765704584,6.97560975609756,999,6.98198198198198
585,413,6.98803418803419,6.97336561743341,998,6.98196392785571
582,417,6.98797250859107,6.96882494004796,999,6.97997997997998
585,414,6.99316239316239,6.96859903381643,999,6.98298298298298
590,409,6.99322033898305,6.97066014669927,999,6.98398398398398
584,414,6.99315068493151,6.97342995169082,998,6.98496993987976
584,415,6.99315068493151,6.96626506024096,999,6.98198198198198
584,415,6.99143835616438,6.96867469879518,999,6.98198198198198
576,423,6.99131944444444,6.97163120567376,999,6.98298298298298
571,428,6.99299474605954,6.96728971962617,999,6.98198198198198
581,417,6.99311531841652,6.96163069544365,998,6.97995991983968
583,416,6.99142367066895,6.96153846153846,999,6.97897897897898
585,414,6.99145299145299,6.96135265700483,999,6.97897897897898
577,420,6.99133448873483,6.95714285714286,997,6.97693079237713
572,427,6.98951048951049,6.96018735362998,999,6.97697697697698
580,419,6.98965517241379,6.95704057279236,999,6.97597597597598
579,420,6.99309153713299,6.9547619047619,999,6.97697697697698
565,432,6.9929203539823,6.96064814814815,997,6.97893681043129
573,425,6.9912739965096,6.96,998,6.97795591182365
568,431,6.98943661971831,6.96055684454756,999,6.97697697697698
575,422,6.99130434782609,6.95734597156398,997,6.97693079237713
579,419,6.98963730569948,6.95704057279236,998,6.97595190380762
586,412,6.99317406143345,6.95873786407767,998,6.97895791583166
585,413,6.99316239316239,6.95399515738499,998,6.97695390781563
593,406,6.99494097807757,6.96305418719212,999,6.98198198198198
592,404,6.99493243243243,6.96287128712871,996,6.98192771084337
590,409,6.99661016949153,6.95843520782396,999,6.98098098098098
591,407,6.99661590524535,6.96068796068796,998,6.98196392785571
591,407,6.99661590524535,6.95823095823096,998,6.98096192384769
590,409,6.99661016949153,6.95843520782396,999,6.98098098098098
594,405,6.996632996633,6.95308641975309,999,6.97897897897898
591,408,6.99492385786802,6.95343137254902,999,6.97797797797798
590,409,6.99491525423729,6.9559902200489,999,6.97897897897898
593,406,6.99494097807757,6.95566502463054,999,6.97897897897898
596,400,6.99664429530201,6.955,996,6.97991967871486
596,402,6.99496644295302,6.95522388059702,998,6.97895791583166
601,398,6.99500831946755,6.95477386934673,999,6.97897897897898
606,393,6.9950495049505,6.95165394402036,999,6.97797797797798
609,390,6.99343185550082,6.95641025641026,999,6.97897897897898
607,392,6.99341021416804,6.95663265306122,999,6.97897897897898
602,396,6.99335548172757,6.9520202020202,998,6.97695390781563
595,404,6.99159663865546,6.9529702970297,999,6.97597597597598
598,400,6.99163879598662,6.9575,998,6.97795591182365
594,403,6.99326599326599,6.95285359801489,997,6.97693079237713
592,406,6.99324324324324,6.95812807881773,998,6.97895791583166
598,400,6.9933110367893,6.96,998,6.97995991983968
591,408,6.99323181049069,6.95343137254902,999,6.97697697697698
585,414,6.99316239316239,6.94927536231884,999,6.97497497497497
594,403,6.99326599326599,6.95285359801489,997,6.97693079237713
593,406,6.99494097807757,6.94827586206897,999,6.97597597597598
583,416,6.99485420240137,6.95432692307692,999,6.97797797797798
582,415,6.99312714776632,6.95421686746988,997,6.97693079237713
586,412,6.99317406143345,6.96844660194175,998,6.98296593186373
574,425,6.99477351916376,6.96235294117647,999,6.98098098098098
580,418,6.9948275862069,6.96172248803828,998,6.98096192384769
578,421,6.99134948096886,6.9667458432304,999,6.98098098098098
579,419,6.99136442141624,6.96658711217184,998,6.98096192384769
586,412,6.99146757679181,6.96359223300971,998,6.97995991983968
579,420,6.98791018998273,6.96428571428571,999,6.97797797797798
577,422,6.9896013864818,6.96919431279621,999,6.98098098098098
571,428,6.98949211908932,6.9696261682243,999,6.98098098098098
574,425,6.99128919860627,6.96705882352941,999,6.98098098098098
571,428,6.9877408056042,6.96728971962617,999,6.97897897897898
576,423,6.98958333333333,6.96217494089835,999,6.97797797797798
569,429,6.98945518453427,6.95804195804196,998,6.97595190380762
567,430,6.98765432098765,6.95813953488372,997,6.97492477432297
569,429,6.98769771528998,6.95571095571096,998,6.97394789579158
561,438,6.98752228163993,6.95205479452055,999,6.97197197197197
559,438,6.98211091234347,6.94977168949772,997,6.9679037111334
565,433,6.98407079646018,6.95381062355658,998,6.97094188376754
555,443,6.98378378378378,6.95711060948081,998,6.97194388777555
554,445,6.98375451263538,6.95280898876404,999,6.96996996996997
560,438,6.98571428571429,6.95662100456621,998,6.97294589178357
554,444,6.98736462093863,6.96396396396396,998,6.97695390781563
558,441,6.98745519713262,6.97278911564626,999,6.98098098098098
562,437,6.98576512455516,6.96796338672769,999,6.97797797797798
554,445,6.98916967509025,6.97078651685393,999,6.98098098098098
558,441,6.99462365591398,6.96825396825397,999,6.98298298298298
551,447,6.994555353902,6.96868008948546,998,6.98296593186373
545,454,6.99449541284404,6.96916299559471,999,6.98298298298298
546,452,6.99450549450549,6.96681415929203,998,6.98196392785571
545,453,6.99449541284404,6.96467991169978,998,6.98096192384769
547,451,6.9945155393053,6.96230598669623,998,6.97995991983968
559,439,6.99284436493739,6.96583143507973,998,6.98096192384769
561,438,6.99286987522282,6.96575342465753,999,6.98098098098098
561,438,6.99286987522282,6.96118721461187,999,6.97897897897898
566,433,6.99293286219081,6.96304849884527,999,6.97997997997998
564,435,6.99468085106383,6.96551724137931,999,6.98198198198198
571,428,6.99474605954466,6.96261682242991,999,6.98098098098098
568,431,6.99471830985915,6.96519721577726,999,6.98198198198198
581,418,6.99139414802065,6.96411483253589,999,6.97997997997998
589,408,6.99151103565365,6.96078431372549,997,6.97893681043129
579,420,6.99309153713299,6.96190476190476,999,6.97997997997998
579,420,6.99136442141624,6.96666666666667,999,6.98098098098098
577,421,6.9896013864818,6.9667458432304,998,6.97995991983968
569,428,6.99297012302285,6.96495327102804,997,6.98094282848546
575,424,6.99478260869565,6.96462264150943,999,6.98198198198198
578,421,6.99134948096886,6.97387173396675,999,6.98398398398398
568,431,6.99295774647887,6.97215777262181,999,6.98398398398398
560,439,6.99285714285714,6.97038724373576,999,6.98298298298298
560,438,6.98928571428571,6.97260273972603,998,6.98196392785571
544,454,6.99264705882353,6.97136563876652,998,6.98296593186373
546,452,6.99267399267399,6.97345132743363,998,6.98396793587174
553,446,6.99276672694394,6.96860986547085,999,6.98198198198198
546,452,6.99084249084249,6.9712389380531,998,6.98196392785571
557,442,6.99102333931777,6.97285067873303,999,6.98298298298298
555,443,6.99099099099099,6.97291196388262,998,6.98296593186373
557,441,6.98922800718133,6.97278911564626,998,6.98196392785571
564,433,6.98936170212766,6.97459584295612,997,6.98294884653962
554,443,6.99097472924188,6.97291196388262,997,6.98294884653962
558,441,6.9910394265233,6.9750566893424,999,6.98398398398398
568,431,6.99119718309859,6.97215777262181,999,6.98298298298298
566,433,6.99116607773852,6.97459584295612,999,6.98398398398398
557,441,6.99281867145422,6.96825396825397,998,6.98196392785571
565,434,6.9929203539823,6.963133640553,999,6.97997997997998
558,441,6.9910394265233,6.96598639455782,999,6.97997997997998
552,447,6.99275362318841,6.96196868008949,999,6.97897897897898
557,442,6.99461400359066,6.96606334841629,999,6.98198198198198
554,444,6.9927797833935,6.96846846846847,998,6.98196392785571
550,447,6.99454545454545,6.96868008948546,997,6.98294884653962
554,445,6.99458483754513,6.96629213483146,999,6.98198198198198
552,447,6.99275362318841,6.96420581655481,999,6.97997997997998
546,450,6.99084249084249,6.96666666666667,996,6.97991967871486
557,442,6.99461400359066,6.96153846153846,999,6.97997997997998
563,436,6.99467140319716,6.95871559633028,999,6.97897897897898
558,441,6.99283154121864,6.95918367346939,999,6.97797797797798
558,440,6.99283154121864,6.95909090909091,998,6.97795591182365
553,446,6.99276672694394,6.96412556053812,999,6.97997997997998
556,442,6.98920863309352,6.96606334841629,998,6.97895791583166
562,436,6.98932384341637,6.97247706422018,998,6.98196392785571
558,441,6.9910394265233,6.9750566893424,999,6.98398398398398
568,431,6.99119718309859,6.97911832946636,999,6.98598598598599
575,422,6.98782608695652,6.97867298578199,997,6.9839518555667
568,431,6.98767605633803,6.97679814385151,999,6.98298298298298
572,426,6.98776223776224,6.97887323943662,998,6.98396793587174
573,424,6.98429319371728,6.97641509433962,997,6.98094282848546
566,432,6.98409893992933,6.97453703703704,998,6.97995991983968
563,436,6.98401420959147,6.97706422018349,999,6.98098098098098
561,438,6.98395721925134,6.97945205479452,999,6.98198198198198
560,436,6.9875,6.97935779816514,996,6.98393574297189
564,433,6.98936170212766,6.97690531177829,997,6.9839518555667
565,433,6.98938053097345,6.97459584295612,998,6.98296593186373
567,431,6.99118165784832,6.97447795823666,998,6.98396793587174
580,417,6.99137931034483,6.97362110311751,997,6.9839518555667
584,415,6.99315068493151,6.97349397590361,999,6.98498498498498
587,412,6.99148211243612,6.97330097087379,999,6.98398398398398
590,409,6.99152542372881,6.97310513447433,999,6.98398398398398
589,408,6.99151103565365,6.97058823529412,997,6.98294884653962
585,412,6.99145299145299,6.96601941747573,997,6.98094282848546
587,412,6.98977853492334,6.97087378640777,999,6.98198198198198
583,416,6.98970840480274,6.97355769230769,999,6.98298298298298
579,420,6.99136442141624,6.97619047619048,999,6.98498498498498
579,418,6.99136442141624,6.98086124401914,997,6.98696088264794
586,413,6.98976109215017,6.98062953995157,999,6.98598598598599
586,413,6.99146757679181,6.98305084745763,999,6.98798798798799
579,419,6.99136442141624,6.98329355608592,998,6.98797595190381
589,409,6.98811544991511,6.98288508557457,998,6.98597194388778
584,412,6.98801369863014,6.98543689320388,996,6.98694779116466
582,417,6.9914089347079,6.98561151079137,999,6.98898898898899
585,413,6.99145299145299,6.98305084745763,998,6.98797595190381
582,416,6.98969072164948,6.98798076923077,998,6.98897795591182
578,420,6.99134948096886,6.98809523809524,998,6.98997995991984
574,424,6.99128919860627,6.98584905660377,998,6.98897795591182
573,425,6.98952879581152,6.98823529411765,998,6.98897795591182
575,424,6.99130434782609,6.99056603773585,999,6.99099099099099
562,436,6.99110320284698,6.99082568807339,998,6.99098196392786
559,438,6.99284436493739,6.98858447488584,997,6.99097291875627
554,445,6.9927797833935,6.98876404494382,999,6.99099099099099
552,447,6.99275362318841,6.98657718120805,999,6.98998998998999
555,443,6.99279279279279,6.98419864559819,998,6.98897795591182
556,440,6.99280575539568,6.98636363636364,996,6.98995983935743
557,441,6.99281867145422,6.98866213151927,998,6.99098196392786
564,431,6.99113475177305,6.98839907192575,995,6.98994974874372
558,441,6.9910394265233,6.99092970521542,999,6.99099099099099
560,439,6.99285714285714,6.99088838268793,999,6.99199199199199
559,439,6.99284436493739,6.98861047835991,998,6.99098196392786
560,437,6.98928571428571,6.98855835240275,997,6.98896690070211
560,437,6.99107142857143,6.9908466819222,997,6.99097291875627
566,433,6.99116607773852,6.99307159353349,999,6.99199199199199
564,435,6.98758865248227,6.99080459770115,999,6.98898898898899
564,433,6.98581560283688,6.99076212471132,997,6.98796389167503
559,440,6.98568872987478,6.99090909090909,999,6.98798798798799
560,439,6.98928571428571,6.98861047835991,999,6.98898898898899
558,440,6.98745519713262,6.99090909090909,998,6.98897795591182
555,444,6.98738738738739,6.99099099099099,999,6.98898898898899
539,460,6.99257884972171,6.99130434782609,999,6.99199199199199
547,452,6.9945155393053,6.98893805309735,999,6.99199199199199
549,450,6.99635701275046,6.99111111111111,999,6.99399399399399
543,456,6.99815837937385,6.99561403508772,999,6.996996996997
551,448,6.99818511796733,6.99553571428571,999,6.996996996997
550,447,6.99818181818182,6.99552572706935,997,6.99699097291876
554,442,6.99819494584838,6.99773755656109,996,6.99799196787149
559,440,6.99821109123435,6.99772727272727,999,6.997997997998
558,440,6.99820788530466,6.99772727272727,998,6.99799599198397
546,452,6.9981684981685,7.0,998,6.99899799599198
548,449,6.99817518248175,7.0,997,6.99899699097292
546,453,6.996336996337,7.0,999,6.997997997998
540,458,6.99814814814815,7.0,998,6.99899799599198
