forward_num,reverse_num,forward_rate,reverse_rate,organism_num,organism_rate
50,50,5.5,5.5,100,5.5
62,57,5.83870967741935,5.64912280701754,119,5.74789915966387
79,75,6.0253164556962,5.98666666666667,154,6.00649350649351
92,88,6.17391304347826,6.0,180,6.08888888888889
119,111,6.42016806722689,6.36036036036036,230,6.39130434782609
153,134,6.60130718954248,6.48507462686567,287,6.54703832752613
179,169,6.73743016759777,6.57396449704142,348,6.65804597701149
234,213,6.88888888888889,6.70892018779343,447,6.80313199105145
289,264,6.93425605536332,6.875,553,6.90596745027125
376,327,6.97872340425532,7.01529051987768,703,6.99573257467994
478,426,7.09205020920502,7.06103286384977,904,7.07743362831858
531,467,7.14500941619586,7.1134903640257,998,7.13026052104208
524,474,7.13740458015267,7.0379746835443,998,7.09018036072144
530,469,7.08301886792453,7.02132196162047,999,7.05405405405405
522,473,7.11685823754789,7.02536997885835,995,7.07336683417085
523,475,7.15487571701721,7.09263157894737,998,7.125250501002
526,470,7.1425855513308,7.09574468085106,996,7.12048192771084
538,460,7.08736059479554,7.1,998,7.09318637274549
536,462,7.15298507462687,7.20995670995671,998,7.17935871743487
536,463,7.17537313432836,7.12095032397408,999,7.15015015015015
535,463,7.21308411214953,7.19222462203024,998,7.20340681362725
535,462,7.23551401869159,7.21428571428571,997,7.22567703109328
531,468,7.25988700564972,7.19230769230769,999,7.22822822822823
530,468,7.26603773584906,7.19230769230769,998,7.2314629258517
524,475,7.23282442748092,7.15157894736842,999,7.19419419419419
530,468,7.23584905660377,7.2008547008547,998,7.21943887775551
532,467,7.26503759398496,7.19057815845824,999,7.23023023023023
527,471,7.28273244781784,7.1656050955414,998,7.22745490981964
529,469,7.27788279773157,7.18550106609808,998,7.23446893787575
529,470,7.22684310018904,7.24255319148936,999,7.23423423423423
530,469,7.25660377358491,7.21961620469083,999,7.23923923923924
518,480,7.29343629343629,7.22083333333333,998,7.25851703406814
513,486,7.29824561403509,7.19341563786008,999,7.24724724724725
516,483,7.32751937984496,7.23188405797101,999,7.28128128128128
509,488,7.33005893909627,7.21516393442623,997,7.27382146439318
512,485,7.294921875,7.26185567010309,997,7.27883650952859
526,473,7.34410646387833,7.26638477801268,999,7.30730730730731
526,469,7.34030418250951,7.24733475479744,995,7.2964824120603
535,463,7.37943925233645,7.28509719222462,998,7.33567134268537
537,461,7.33519553072626,7.31887201735358,998,7.32765531062124
531,467,7.39171374764595,7.35117773019272,998,7.37274549098196
528,471,7.41098484848485,7.35668789808917,999,7.38538538538539
530,468,7.43396226415094,7.33547008547009,998,7.3877755511022
534,462,7.4250936329588,7.33333333333333,996,7.38253012048193
542,456,7.46494464944649,7.33333333333333,998,7.40480961923848
538,461,7.38847583643123,7.31019522776573,999,7.35235235235235
539,460,7.43413729128015,7.32826086956522,999,7.38538538538539
545,454,7.44403669724771,7.38325991189427,999,7.41641641641642
530,469,7.46037735849057,7.40724946695096,999,7.43543543543544
532,466,7.48684210526316,7.40772532188841,998,7.4498997995992
542,455,7.4520295202952,7.41538461538462,997,7.43530591775326
539,458,7.46011131725417,7.40174672489083,997,7.4332998996991
542,456,7.46678966789668,7.46491228070175,998,7.46593186372746
531,468,7.45574387947269,7.51282051282051,999,7.48248248248248
528,471,7.42424242424242,7.47983014861996,999,7.45045045045045
532,466,7.42105263157895,7.48283261802575,998,7.4498997995992
525,474,7.44380952380952,7.48945147679325,999,7.46546546546547
516,481,7.44961240310078,7.43659043659044,997,7.44332998996991
524,475,7.44656488549618,7.47578947368421,999,7.46046046046046
523,475,7.41873804971319,7.48,998,7.44789579158317
522,476,7.45593869731801,7.48949579831933,998,7.47194388777555
512,483,7.451171875,7.50517598343685,995,7.47738693467337
522,476,7.43869731800766,7.51680672268908,998,7.47595190380762
516,481,7.40697674418605,7.49272349272349,997,7.44834503510532
519,479,7.35067437379576,7.51774530271399,998,7.43086172344689
523,475,7.38623326959847,7.53684210526316,998,7.45791583166333
519,480,7.36223506743738,7.46875,999,7.41341341341341
516,482,7.3953488372093,7.46887966804979,998,7.43086172344689
513,486,7.40740740740741,7.46913580246914,999,7.43743743743744
519,480,7.45664739884393,7.45416666666667,999,7.45545545545546
510,489,7.43725490196078,7.46216768916155,999,7.44944944944945
508,490,7.44685039370079,7.40612244897959,998,7.42685370741483
502,496,7.4003984063745,7.47983870967742,998,7.43987975951904
498,500,7.39558232931727,7.428,998,7.41182364729459
495,504,7.35555555555556,7.49404761904762,999,7.42542542542543
494,505,7.34412955465587,7.48118811881188,999,7.41341341341341
491,508,7.29327902240326,7.48622047244094,999,7.39139139139139
490,507,7.30816326530612,7.43589743589744,997,7.37311935807422
482,516,7.33402489626556,7.41085271317829,998,7.37374749498998
485,514,7.27010309278351,7.3852140077821,999,7.32932932932933
490,508,7.3265306122449,7.37795275590551,998,7.35270541082164
493,506,7.30628803245436,7.40316205533597,999,7.35535535535536
486,511,7.37037037037037,7.4187866927593,997,7.39518555667001
489,510,7.34151329243354,7.43725490196078,999,7.39039039039039
486,512,7.33539094650206,7.490234375,998,7.41482965931864
483,514,7.37060041407867,7.44357976653697,997,7.40822467402207
484,514,7.36363636363636,7.44747081712062,998,7.40681362725451
484,514,7.3698347107438,7.45136186770428,998,7.41182364729459
483,514,7.3416149068323,7.46887159533074,997,7.40722166499499
481,516,7.37006237006237,7.47868217054264,997,7.42627883650953
490,509,7.36122448979592,7.52062868369352,999,7.44244244244244
489,510,7.40899795501022,7.4921568627451,999,7.45145145145145
485,514,7.42061855670103,7.46108949416342,999,7.44144144144144
493,506,7.44421906693712,7.45454545454545,999,7.44944944944945
488,511,7.4016393442623,7.4853228962818,999,7.44444444444444
486,512,7.46296296296296,7.45703125,998,7.45991983967936
490,508,7.45102040816327,7.50590551181102,998,7.47895791583166
494,503,7.45344129554656,7.48111332007952,997,7.46740220661986
496,503,7.45564516129032,7.48508946322068,999,7.47047047047047
493,504,7.46653144016227,7.51587301587302,997,7.49147442326981
494,505,7.44534412955466,7.52277227722772,999,7.48448448448448
503,496,7.49502982107356,7.48588709677419,999,7.49049049049049
505,494,7.5009900990099,7.45951417004049,999,7.48048048048048
503,496,7.45129224652087,7.44153225806452,999,7.44644644644645
493,506,7.41987829614604,7.46640316205534,999,7.44344344344344
498,501,7.41164658634538,7.48502994011976,999,7.44844844844845
497,502,7.42253521126761,7.48804780876494,999,7.45545545545546
497,501,7.42857142857143,7.47305389221557,998,7.45090180360721
499,499,7.41482965931864,7.44689378757515,998,7.43086172344689
498,500,7.40160642570281,7.472,998,7.43687374749499
499,499,7.374749498998,7.46092184368737,998,7.41783567134269
507,491,7.36489151873767,7.42158859470468,998,7.39278557114228
509,488,7.41650294695481,7.4405737704918,997,7.42828485456369
511,487,7.3600782778865,7.50308008213552,998,7.42985971943888
519,480,7.34104046242775,7.49166666666667,999,7.41341341341341
518,481,7.38996138996139,7.44698544698545,999,7.41741741741742
523,476,7.36902485659656,7.4453781512605,999,7.40540540540541
521,476,7.3320537428023,7.44957983193277,997,7.38816449348044
519,478,7.34874759152216,7.49581589958159,997,7.41925777331996
508,491,7.29330708661417,7.53156822810591,999,7.41041041041041
510,487,7.30392156862745,7.48870636550308,997,7.39418254764293
511,487,7.32093933463796,7.43737166324435,998,7.37775551102204
508,491,7.33858267716535,7.46232179226069,999,7.3993993993994
505,493,7.35841584158416,7.47667342799189,998,7.41683366733467
508,491,7.39370078740157,7.40529531568228,999,7.3993993993994
509,487,7.41650294695481,7.38193018480493,996,7.3995983935743
516,483,7.41085271317829,7.39751552795031,999,7.4044044044044
518,481,7.38416988416988,7.40748440748441,999,7.3953953953954
515,483,7.39805825242718,7.40993788819876,998,7.40380761523046
525,473,7.38857142857143,7.40169133192389,998,7.39478957915832
522,476,7.38314176245211,7.39075630252101,998,7.38677354709419
509,490,7.40864440078585,7.41428571428571,999,7.41141141141141
521,477,7.3742802303263,7.39832285115304,998,7.38577154308617
513,485,7.41130604288499,7.42061855670103,998,7.41583166332665
513,486,7.39181286549708,7.41769547325103,999,7.4044044044044
516,483,7.43604651162791,7.43271221532091,999,7.43443443443443
514,485,7.4727626459144,7.43505154639175,999,7.45445445445445
513,484,7.46393762183236,7.40082644628099,997,7.4332998996991
528,471,7.48295454545455,7.3927813163482,999,7.44044044044044
523,475,7.43785850860421,7.36,998,7.40080160320641
524,475,7.40648854961832,7.37263157894737,999,7.39039039039039
517,482,7.40425531914894,7.36307053941909,999,7.38438438438438
516,482,7.40503875968992,7.32780082987552,998,7.36773547094188
521,478,7.38579654510557,7.3326359832636,999,7.36036036036036
522,477,7.40804597701149,7.33333333333333,999,7.37237237237237
516,483,7.42635658914729,7.34368530020704,999,7.38638638638639
509,490,7.42632612966601,7.33673469387755,999,7.38238238238238
508,490,7.40354330708661,7.38367346938776,998,7.3937875751503
510,488,7.40588235294118,7.34631147540984,998,7.37675350701403
514,485,7.42412451361868,7.3360824742268,999,7.38138138138138
518,481,7.42277992277992,7.34511434511434,999,7.38538538538539
524,474,7.41603053435114,7.30168776371308,998,7.36172344689379
520,478,7.41730769230769,7.30543933054393,998,7.36372745490982
529,470,7.43100189035917,7.31276595744681,999,7.37537537537538
541,458,7.40850277264325,7.31659388646288,999,7.36636636636637
541,457,7.42329020332717,7.28884026258206,998,7.36172344689379
547,450,7.47166361974406,7.28888888888889,997,7.38916750250752
547,452,7.53382084095064,7.26769911504425,999,7.41341341341341
544,455,7.54963235294118,7.31428571428571,999,7.44244244244244
557,442,7.54937163375224,7.3393665158371,999,7.45645645645646
557,442,7.55834829443447,7.35067873303167,999,7.46646646646647
565,432,7.56106194690265,7.34259259259259,997,7.46639919759278
564,434,7.5354609929078,7.30875576036866,998,7.43687374749499
562,436,7.55871886120996,7.34174311926605,998,7.46392785571142
561,435,7.5668449197861,7.33103448275862,996,7.46385542168675
563,435,7.53463587921847,7.33793103448276,998,7.44889779559118
546,453,7.58241758241758,7.30905077262693,999,7.45845845845846
546,449,7.55311355311355,7.30512249443207,995,7.44120603015075
553,446,7.55515370705244,7.2914798206278,999,7.43743743743744
554,444,7.54693140794224,7.29279279279279,998,7.43386773547094
553,445,7.5370705244123,7.23820224719101,998,7.40380761523046
557,442,7.53859964093357,7.24660633484163,999,7.40940940940941
556,443,7.50359712230216,7.26410835214447,999,7.3973973973974
553,445,7.47920433996383,7.28089887640449,998,7.39078156312625
554,443,7.46389891696751,7.23024830699774,997,7.36008024072217
558,441,7.46953405017921,7.25850340136054,999,7.37637637637638
559,440,7.44186046511628,7.24545454545455,999,7.35535535535536
551,448,7.38838475499093,7.25,999,7.32632632632633
568,430,7.37323943661972,7.22790697674419,998,7.31062124248497
566,433,7.386925795053,7.22401847575058,999,7.31631631631632
569,429,7.43936731107206,7.27272727272727,998,7.36773547094188
573,425,7.47643979057592,7.25882352941176,998,7.38376753507014
576,423,7.47916666666667,7.2434988179669,999,7.37937937937938
581,416,7.48537005163511,7.26201923076923,997,7.39217652958877
580,419,7.51206896551724,7.25298329355609,999,7.4034034034034
573,423,7.50261780104712,7.22222222222222,996,7.38353413654619
573,425,7.51832460732984,7.25647058823529,998,7.40681362725451
563,435,7.52753108348135,7.23448275862069,998,7.3997995991984
567,432,7.51146384479718,7.21064814814815,999,7.38138138138138
567,432,7.55379188712522,7.20833333333333,999,7.4044044044044
586,413,7.55290102389078,7.27845036319613,999,7.43943943943944
581,417,7.52839931153184,7.27817745803357,998,7.42384769539078
584,415,7.46917808219178,7.33012048192771,999,7.41141141141141
583,416,7.48542024013722,7.32932692307692,999,7.42042042042042
576,420,7.49652777777778,7.30714285714286,996,7.41666666666667
575,424,7.49739130434783,7.34433962264151,999,7.43243243243243
571,426,7.49912434325744,7.30046948356808,997,7.41424272818455
576,421,7.52256944444444,7.26603325415677,997,7.41424272818455
579,420,7.46459412780656,7.30238095238095,999,7.3963963963964
577,421,7.42287694974003,7.23277909738717,998,7.34268537074148
583,416,7.40994854202401,7.29326923076923,999,7.36136136136136
578,420,7.40311418685121,7.28809523809524,998,7.35470941883768
583,415,7.41166380789022,7.31325301204819,998,7.37074148296593
584,413,7.42979452054795,7.28813559322034,997,7.37111334002006
593,405,7.41821247892074,7.26913580246914,998,7.35771543086172
586,412,7.39419795221843,7.23543689320388,998,7.32865731462926
585,414,7.3965811965812,7.26570048309179,999,7.34234234234234
581,417,7.40963855421687,7.28776978417266,998,7.35871743486974
585,414,7.40512820512821,7.26811594202899,999,7.34834834834835
593,405,7.41989881956155,7.26666666666667,998,7.35771543086172
591,408,7.43654822335025,7.24019607843137,999,7.35635635635636
591,408,7.46362098138748,7.21078431372549,999,7.36036036036036
605,394,7.44793388429752,7.16751269035533,999,7.33733733733734
612,387,7.44117647058824,7.18346253229974,999,7.34134134134134
611,387,7.44517184942717,7.18604651162791,998,7.34468937875751
619,379,7.46365105008078,7.17941952506596,998,7.35571142284569
620,379,7.44193548387097,7.21635883905013,999,7.35635635635636
619,379,7.48788368336026,7.28759894459103,998,7.41182364729459
633,366,7.50710900473934,7.2896174863388,999,7.42742742742743
637,362,7.52747252747253,7.3121546961326,999,7.44944944944945
638,359,7.56583072100313,7.36768802228412,997,7.49448345035105
629,369,7.55643879173291,7.34146341463415,998,7.47695390781563
635,364,7.58110236220472,7.27747252747253,999,7.47047047047047
633,366,7.53554502369668,7.30874316939891,999,7.45245245245245
631,367,7.53407290015848,7.28610354223433,998,7.44288577154309
637,362,7.51805337519623,7.30386740331492,999,7.44044044044044
631,368,7.53407290015848,7.30978260869565,999,7.45145145145145
631,368,7.52456418383518,7.23369565217391,999,7.41741741741742
635,363,7.51181102362205,7.20661157024793,998,7.40080160320641
643,356,7.54743390357698,7.23876404494382,999,7.43743743743744
636,360,7.55031446540881,7.24166666666667,996,7.43875502008032
638,359,7.57523510971787,7.21448467966574,997,7.44533600802407
638,361,7.56896551724138,7.2382271468144,999,7.44944944944945
634,365,7.60410094637224,7.25479452054795,999,7.47647647647648
629,368,7.61526232114467,7.3125,997,7.50351053159478
630,369,7.58730158730159,7.34146341463415,999,7.4964964964965
639,360,7.62754303599374,7.28888888888889,999,7.50550550550551
629,370,7.64546899841018,7.30810810810811,999,7.52052052052052
626,371,7.65495207667732,7.23989218328841,997,7.50050150451354
623,375,7.67736757624398,7.32533333333333,998,7.54509018036072
620,377,7.66612903225806,7.38726790450928,997,7.56068204613842
622,376,7.59807073954984,7.36170212765957,998,7.50901803607214
615,384,7.60975609756098,7.31770833333333,999,7.4974974974975
623,375,7.57463884430177,7.336,998,7.48496993987976
629,368,7.54531001589825,7.25271739130435,997,7.43731193580742
635,364,7.57007874015748,7.27197802197802,999,7.46146146146146
639,359,7.55555555555556,7.31754874651811,998,7.46993987975952
649,350,7.56548536209553,7.33142857142857,999,7.48348348348348
638,361,7.56739811912226,7.36288088642659,999,7.49349349349349
641,357,7.5616224648986,7.39775910364146,998,7.50300601202405
637,362,7.574568288854,7.41436464088398,999,7.51651651651652
635,361,7.59370078740158,7.41274238227147,996,7.5281124497992
634,365,7.59621451104101,7.38082191780822,999,7.51751751751752
639,359,7.5868544600939,7.41782729805014,998,7.52605210420842
629,369,7.5818759936407,7.46341463414634,998,7.53807615230461
630,369,7.57619047619048,7.4769647696477,999,7.53953953953954
636,363,7.56761006289308,7.52892561983471,999,7.55355355355355
639,360,7.56651017214397,7.47222222222222,999,7.53253253253253
640,358,7.5515625,7.44692737430168,998,7.51402805611222
629,369,7.54689984101749,7.49864498644986,998,7.52905811623246
632,366,7.53481012658228,7.45901639344262,998,7.50701402805611
638,360,7.54075235109718,7.50833333333333,998,7.52905811623246
640,358,7.546875,7.4804469273743,998,7.52304609218437
642,355,7.54828660436137,7.44788732394366,997,7.51253761283852
652,347,7.53834355828221,7.47550432276657,999,7.51651651651652
650,349,7.56153846153846,7.52148997134671,999,7.54754754754755
651,348,7.58832565284178,7.52873563218391,999,7.56756756756757
653,346,7.56049004594181,7.47687861271676,999,7.53153153153153
663,336,7.52337858220211,7.42261904761905,999,7.48948948948949
664,335,7.49397590361446,7.43880597014925,999,7.47547547547548
658,341,7.49544072948328,7.42228739002933,999,7.47047047047047
657,342,7.50837138508371,7.40058479532164,999,7.47147147147147
666,332,7.5,7.3855421686747,998,7.46192384769539
663,336,7.4947209653092,7.35119047619048,999,7.44644644644645
672,327,7.48809523809524,7.34250764525994,999,7.44044044044044
672,326,7.47916666666667,7.40184049079755,998,7.45390781563126
674,325,7.51780415430267,7.47692307692308,999,7.5045045045045
675,323,7.50074074074074,7.44582043343653,998,7.48296593186373
672,326,7.48214285714286,7.45398773006135,998,7.47294589178357
672,327,7.45386904761905,7.49847094801223,999,7.46846846846847
675,322,7.41481481481481,7.57763975155279,997,7.46740220661986
667,332,7.38680659670165,7.54216867469879,999,7.43843843843844
666,332,7.41141141141141,7.62650602409639,998,7.48296593186373
664,335,7.44277108433735,7.64179104477612,999,7.50950950950951
665,332,7.43759398496241,7.61144578313253,997,7.49548645937813
673,325,7.4368499257058,7.55384615384615,998,7.4749498997996
670,328,7.41791044776119,7.51829268292683,998,7.45090180360721
673,324,7.39970282317979,7.46296296296296,997,7.42026078234704
674,324,7.4080118694362,7.4537037037037,998,7.42284569138277
671,328,7.38301043219076,7.51524390243902,999,7.42642642642643
683,316,7.33089311859444,7.54430379746835,999,7.3983983983984
671,327,7.37555886736215,7.55963302752294,998,7.43587174348697
668,329,7.36077844311377,7.51975683890578,997,7.41323971915747
676,322,7.34763313609467,7.51242236024845,998,7.40080160320641
679,319,7.3460972017673,7.57993730407524,998,7.42084168336673
678,320,7.34808259587021,7.634375,998,7.43987975951904
687,312,7.37409024745269,7.66987179487179,999,7.46646646646647
683,316,7.36163982430454,7.63291139240506,999,7.44744744744745
675,323,7.38222222222222,7.61919504643963,998,7.45891783567134
682,317,7.37976539589443,7.56782334384858,999,7.43943943943944
689,307,7.39622641509434,7.64169381107492,996,7.4718875502008
687,311,7.38136826783115,7.62379421221865,998,7.45691382765531
677,321,7.42540620384047,7.6386292834891,998,7.4939879759519
688,311,7.43604651162791,7.68810289389068,999,7.51451451451451
694,304,7.42507204610951,7.66776315789474,998,7.49899799599198
687,311,7.44395924308588,7.67524115755627,998,7.51603206412826
695,303,7.41870503597122,7.68316831683168,998,7.49899799599198
690,309,7.43768115942029,7.68608414239482,999,7.51451451451451
689,310,7.49056603773585,7.74193548387097,999,7.56856856856857
690,309,7.4695652173913,7.72168284789644,999,7.54754754754755
688,311,7.47093023255814,7.71061093247588,999,7.54554554554555
682,316,7.47507331378299,7.75316455696202,998,7.56312625250501
679,319,7.44624447717231,7.79623824451411,998,7.55811623246493
669,328,7.48281016442451,7.76524390243902,997,7.57572718154463
684,314,7.45614035087719,7.80254777070064,998,7.56513026052104
672,326,7.45089285714286,7.84662576687117,998,7.58016032064128
668,331,7.48053892215569,7.85800604229607,999,7.60560560560561
670,329,7.44029850746269,7.82066869300912,999,7.56556556556557
670,328,7.44179104477612,7.81707317073171,998,7.56513026052104
674,325,7.47922848664688,7.79384615384615,999,7.58158158158158
665,334,7.45563909774436,7.73353293413174,999,7.54854854854855
669,329,7.40059790732436,7.74772036474164,998,7.51503006012024
685,314,7.42627737226277,7.7515923566879,999,7.52852852852853
684,314,7.40350877192982,7.72929936305732,998,7.5060120240481
686,311,7.40233236151604,7.68488745980707,997,7.49047141424273
689,309,7.38606676342525,7.69255663430421,998,7.48096192384769
692,307,7.36416184971098,7.72964169381108,999,7.47647647647648
694,303,7.4178674351585,7.74587458745875,997,7.51755265797392
695,304,7.42014388489209,7.74013157894737,999,7.51751751751752
692,305,7.4407514450867,7.73770491803279,997,7.53159478435306
698,301,7.42836676217765,7.74418604651163,999,7.52352352352352
697,302,7.42898134863702,7.74172185430464,999,7.52352352352352
701,297,7.41797432239658,7.72727272727273,998,7.51002004008016
704,294,7.44318181818182,7.75510204081633,998,7.53507014028056
699,300,7.42489270386266,7.73666666666667,999,7.51851851851852
707,292,7.42715700141443,7.71575342465753,999,7.51151151151151
701,298,7.39514978601997,7.70805369127517,999,7.48848848848849
699,300,7.39628040057225,7.74,999,7.4994994994995
690,309,7.41449275362319,7.72491909385113,999,7.51051051051051
686,310,7.40233236151604,7.75483870967742,996,7.51204819277108
687,311,7.4235807860262,7.7588424437299,998,7.52805611222445
682,317,7.44428152492669,7.7192429022082,999,7.53153153153153
691,308,7.45296671490593,7.7012987012987,999,7.52952952952953
694,305,7.4149855907781,7.68524590163934,999,7.4974974974975
690,309,7.45942028985507,7.66990291262136,999,7.52452452452452
692,307,7.47543352601156,7.68403908794788,999,7.53953953953954
698,300,7.51862464183381,7.69,998,7.57014028056112
701,297,7.48216833095578,7.74410774410774,998,7.56012024048096
696,303,7.50718390804598,7.75907590759076,999,7.58358358358358
702,297,7.48290598290598,7.73063973063973,999,7.55655655655656
706,293,7.48016997167139,7.73720136518771,999,7.55555555555556
705,294,7.48510638297872,7.7891156462585,999,7.57457457457457
706,292,7.48583569405099,7.81849315068493,998,7.58316633266533
708,290,7.4774011299435,7.82068965517241,998,7.57715430861723
715,284,7.46013986013986,7.85915492957746,999,7.57357357357357
705,291,7.46099290780142,7.85567010309278,996,7.57630522088353
704,294,7.44602272727273,7.84013605442177,998,7.56212424849699
694,303,7.45100864553314,7.86138613861386,997,7.57572718154463
696,302,7.48850574712644,7.84105960264901,998,7.59519038076152
705,293,7.49503546099291,7.81569965870307,998,7.58917835671343
698,301,7.50716332378224,7.83720930232558,999,7.60660660660661
692,306,7.46820809248555,7.84640522875817,998,7.58416833667335
693,305,7.44588744588745,7.83606557377049,998,7.56513026052104
693,305,7.51226551226551,7.84590163934426,998,7.61422845691383
694,304,7.52305475504323,7.85526315789474,998,7.62424849699399
693,306,7.53102453102453,7.83006535947712,999,7.62262262262262
697,302,7.54375896700143,7.83112582781457,999,7.63063063063063
708,290,7.51412429378531,7.73448275862069,998,7.57815631262525
712,287,7.49859550561798,7.68989547038328,999,7.55355355355355
702,295,7.4957264957265,7.70169491525424,997,7.55667001003009
710,288,7.50704225352113,7.61111111111111,998,7.53707414829659
712,285,7.50561797752809,7.59298245614035,997,7.53059177532598
723,276,7.50207468879668,7.56521739130435,999,7.51951951951952
735,264,7.45714285714286,7.61363636363636,999,7.4984984984985
736,262,7.46603260869565,7.58778625954198,998,7.49799599198397
729,270,7.44855967078189,7.6037037037037,999,7.49049049049049
722,276,7.45706371191136,7.65217391304348,998,7.51102204408818
719,280,7.41585535465925,7.63928571428571,999,7.47847847847848
725,274,7.40137931034483,7.5948905109489,999,7.45445445445445
714,282,7.40196078431373,7.56737588652482,996,7.44879518072289
718,281,7.43036211699164,7.58362989323843,999,7.47347347347347
719,279,7.43810848400556,7.52688172043011,998,7.46292585170341
716,283,7.4231843575419,7.5583038869258,999,7.46146146146146
720,277,7.44444444444444,7.63898916967509,997,7.49849548645938
714,284,7.4453781512605,7.62676056338028,998,7.49699398797595
720,279,7.43055555555556,7.65591397849462,999,7.49349349349349
716,283,7.44553072625698,7.68197879858657,999,7.51251251251251
723,276,7.48409405255878,7.63768115942029,999,7.52652652652653
720,279,7.46666666666667,7.64874551971326,999,7.51751751751752
716,283,7.45111731843575,7.67137809187279,999,7.51351351351351
713,286,7.50070126227209,7.63986013986014,999,7.54054054054054
710,287,7.46478873239437,7.63066202090592,997,7.51253761283852
717,281,7.46025104602511,7.62277580071174,998,7.5060120240481
711,287,7.50210970464135,7.65853658536585,998,7.54709418837675
713,286,7.48527349228612,7.6013986013986,999,7.51851851851852
714,284,7.48179271708683,7.59507042253521,998,7.51402805611222
710,289,7.4943661971831,7.57093425605536,999,7.51651651651652
712,287,7.52949438202247,7.52613240418119,999,7.52852852852853
726,272,7.48484848484848,7.53676470588235,998,7.49899799599198
722,276,7.48337950138504,7.51449275362319,998,7.49198396793587
722,277,7.49584487534626,7.50180505415162,999,7.4974974974975
720,278,7.52361111111111,7.53237410071942,998,7.52605210420842
725,274,7.51724137931035,7.54744525547445,999,7.52552552552553
724,275,7.54696132596685,7.59272727272727,999,7.55955955955956
722,275,7.54847645429363,7.58181818181818,997,7.55767301905717
727,268,7.56121045392022,7.62686567164179,995,7.57889447236181
723,275,7.5463347164592,7.61090909090909,998,7.56412825651303
723,276,7.53803596127248,7.61231884057971,999,7.55855855855856
713,284,7.55399719495091,7.59507042253521,997,7.56569709127382
710,289,7.53521126760563,7.58131487889273,999,7.54854854854855
704,295,7.49431818181818,7.56610169491525,999,7.51551551551552
708,288,7.48446327683616,7.59375,996,7.51606425702811
701,298,7.48216833095578,7.6006711409396,999,7.51751751751752
697,301,7.45624103299857,7.55481727574751,998,7.48597194388778
693,306,7.45310245310245,7.55882352941176,999,7.48548548548549
696,302,7.42959770114942,7.54966887417219,998,7.46593186372746
702,297,7.38888888888889,7.62289562289562,999,7.45845845845846
698,301,7.4025787965616,7.60132890365449,999,7.46246246246246
699,300,7.45636623748212,7.62333333333333,999,7.50650650650651
702,294,7.43732193732194,7.64625850340136,996,7.49899598393574
701,298,7.44507845934379,7.64429530201342,999,7.5045045045045
697,301,7.4648493543759,7.62458471760797,998,7.51302605210421
700,298,7.45857142857143,7.61073825503356,998,7.50400801603206
698,300,7.47134670487106,7.62666666666667,998,7.51803607214429
696,302,7.47701149425287,7.6887417218543,998,7.54108216432866
694,305,7.43083573487032,7.59672131147541,999,7.48148148148148
695,302,7.42446043165468,7.60927152317881,997,7.48044132397192
698,301,7.42263610315186,7.61129568106312,999,7.47947947947948
692,306,7.4407514450867,7.63398692810458,998,7.5
696,302,7.43103448275862,7.55960264900662,998,7.46993987975952
689,308,7.4310595065312,7.52272727272727,997,7.45937813440321
687,312,7.42503639010189,7.54487179487179,999,7.46246246246246
698,301,7.47134670487106,7.5514950166113,999,7.4954954954955
689,310,7.50653120464441,7.54838709677419,999,7.51951951951952
690,308,7.45217391304348,7.5487012987013,998,7.48196392785571
693,306,7.46176046176046,7.56535947712418,999,7.49349349349349
693,304,7.44011544011544,7.62828947368421,997,7.4974924774323
695,304,7.46474820143885,7.58223684210526,999,7.5005005005005
692,307,7.44508670520231,7.57654723127036,999,7.48548548548549
689,310,7.43541364296081,7.56129032258065,999,7.47447447447447
692,306,7.43063583815029,7.52614379084967,998,7.45991983967936
685,313,7.37518248175182,7.57507987220447,998,7.43787575150301
690,307,7.39130434782609,7.61237785016287,997,7.45937813440321
692,307,7.36127167630058,7.57328990228013,999,7.42642642642643
687,312,7.34497816593886,7.58974358974359,999,7.42142142142142
692,304,7.33526011560694,7.63815789473684,996,7.42771084337349
689,309,7.31640058055152,7.62783171521036,998,7.41282565130261
692,306,7.29913294797688,7.65032679738562,998,7.40681362725451
695,302,7.29928057553957,7.63245033112583,997,7.40020060180542
691,308,7.33140376266281,7.60064935064935,999,7.41441441441441
693,306,7.30591630591631,7.61437908496732,999,7.4004004004004
692,305,7.29913294797688,7.6,997,7.39117352056168
692,307,7.29913294797688,7.65472312703583,999,7.40840840840841
692,307,7.34971098265896,7.61563517915309,999,7.43143143143143
690,308,7.35507246376812,7.59090909090909,998,7.42785571142285
691,307,7.34153400868307,7.60586319218241,998,7.42284569138277
688,310,7.36627906976744,7.60645161290323,998,7.44088176352705
693,305,7.38816738816739,7.6327868852459,998,7.46292585170341
699,300,7.37052932761087,7.53333333333333,999,7.41941941941942
699,300,7.34334763948498,7.57333333333333,999,7.41241241241241
708,291,7.34604519774011,7.54639175257732,999,7.4044044044044
711,287,7.35724331926864,7.53658536585366,998,7.40881763527054
714,284,7.36134453781513,7.5387323943662,998,7.41182364729459
712,286,7.38202247191011,7.46853146853147,998,7.40681362725451
711,288,7.38677918424754,7.51736111111111,999,7.42442442442442
710,288,7.3830985915493,7.52083333333333,998,7.42284569138277
709,289,7.36812411847673,7.51903114186851,998,7.41182364729459
711,288,7.39381153305204,7.49652777777778,999,7.42342342342342
710,289,7.40845070422535,7.49480968858131,999,7.43343343343343
717,281,7.42956764295676,7.56227758007117,998,7.46693386773547
709,288,7.41466854724965,7.58680555555556,997,7.46439317953862
712,286,7.42696629213483,7.56993006993007,998,7.46793587174349
714,280,7.43557422969188,7.63571428571429,994,7.49195171026157
704,293,7.43181818181818,7.57679180887372,997,7.47442326980943
713,285,7.39831697054698,7.58947368421053,998,7.45290581162325
713,285,7.41935483870968,7.59298245614035,998,7.4689378757515
701,297,7.38801711840228,7.52861952861953,998,7.42985971943888
706,293,7.36968838526912,7.55972696245734,999,7.42542542542543
700,298,7.36857142857143,7.51006711409396,998,7.41082164328657
692,307,7.36127167630058,7.49511400651466,999,7.4024024024024
692,307,7.34971098265896,7.47557003257329,999,7.38838838838839
677,322,7.35155096011817,7.51552795031056,999,7.4044044044044
674,324,7.3353115727003,7.53703703703704,998,7.40080160320641
673,326,7.32986627043091,7.52760736196319,999,7.39439439439439
666,332,7.34384384384384,7.48795180722892,998,7.39178356713427
664,334,7.39457831325301,7.47604790419162,998,7.42184368737475
661,338,7.39788199697428,7.50887573964497,999,7.43543543543544
655,344,7.38931297709924,7.5,999,7.42742742742743
653,346,7.38897396630934,7.46531791907514,999,7.41541541541542
655,343,7.34503816793893,7.48396501457726,998,7.39278557114228
655,344,7.35572519083969,7.49418604651163,999,7.4034034034034
652,346,7.3680981595092,7.4971098265896,998,7.41282565130261
651,346,7.40245775729647,7.49421965317919,997,7.43430290872618
650,349,7.36769230769231,7.55014326647564,999,7.43143143143143
651,347,7.35483870967742,7.51008645533141,998,7.40881763527054
647,350,7.37712519319938,7.47714285714286,997,7.41223671013039
655,344,7.36335877862595,7.4796511627907,999,7.4034034034034
652,347,7.37269938650307,7.43804034582133,999,7.3953953953954
651,346,7.35637480798771,7.42485549132948,997,7.38014042126379
657,342,7.37899543378995,7.37426900584795,999,7.37737737737738
658,341,7.37841945288754,7.39296187683284,999,7.38338338338338
655,342,7.39236641221374,7.4093567251462,997,7.39819458375125
657,342,7.35159817351598,7.40643274853801,999,7.37037037037037
653,346,7.32006125574273,7.42774566473988,999,7.35735735735736
651,348,7.35637480798771,7.41091954022988,999,7.37537537537538
649,350,7.3728813559322,7.4,999,7.38238238238238
649,350,7.35593220338983,7.38571428571429,999,7.36636636636637
652,347,7.36196319018405,7.4178674351585,999,7.38138138138138
643,354,7.34681181959565,7.42372881355932,997,7.3741223671013
642,357,7.31931464174455,7.38655462184874,999,7.34334334334334
641,358,7.27613104524181,7.41340782122905,999,7.32532532532533
639,360,7.28794992175274,7.40555555555556,999,7.33033033033033
647,351,7.3323029366306,7.37321937321937,998,7.34669338677355
655,344,7.2793893129771,7.36918604651163,999,7.31031031031031
656,343,7.29725609756098,7.41107871720117,999,7.33633633633634
649,350,7.3035439137134,7.42571428571429,999,7.34634634634635
647,350,7.35548686244204,7.43428571428571,997,7.38314944834504
642,357,7.3613707165109,7.42296918767507,999,7.38338338338338
639,360,7.35211267605634,7.45833333333333,999,7.39039039039039
643,356,7.35303265940902,7.48595505617978,999,7.4004004004004
640,358,7.34375,7.4608938547486,998,7.38577154308617
647,351,7.36630602782071,7.47008547008547,998,7.40280561122244
643,356,7.35147744945568,7.48595505617978,999,7.3993993993994
646,353,7.3374613003096,7.42209631728045,999,7.36736736736737
652,346,7.32055214723926,7.48843930635838,998,7.37875751503006
650,349,7.35846153846154,7.48710601719198,999,7.4034034034034
652,344,7.34049079754601,7.46511627906977,996,7.38353413654619
664,332,7.37349397590361,7.5,996,7.41566265060241
665,333,7.35037593984962,7.50750750750751,998,7.40280561122244
664,333,7.3433734939759,7.5045045045045,997,7.39719157472417
665,334,7.33082706766917,7.49101796407186,999,7.38438438438438
676,323,7.35798816568047,7.45820433436533,999,7.39039039039039
675,324,7.36740740740741,7.44753086419753,999,7.39339339339339
668,331,7.40419161676647,7.46525679758308,999,7.42442442442442
668,331,7.3997005988024,7.51057401812689,999,7.43643643643644
663,336,7.38763197586727,7.53571428571429,999,7.43743743743744
661,338,7.38124054462935,7.59171597633136,999,7.45245245245245
662,335,7.39123867069486,7.56417910447761,997,7.4493480441324
659,338,7.44157814871017,7.51183431952663,997,7.4653961885657
673,325,7.42793462109955,7.53846153846154,998,7.46392785571142
671,324,7.46348733233979,7.55246913580247,995,7.49246231155779
664,335,7.45632530120482,7.55223880597015,999,7.48848848848849
667,332,7.4527736131934,7.59939759036145,999,7.5015015015015
656,341,7.4375,7.62756598240469,997,7.5025075225677
663,336,7.45701357466063,7.60714285714286,999,7.50750750750751
660,338,7.42121212121212,7.58284023668639,998,7.47595190380762
661,338,7.40242057488654,7.54733727810651,999,7.45145145145145
664,335,7.39457831325301,7.57014925373134,999,7.45345345345345
657,342,7.39421613394216,7.5906432748538,999,7.46146146146146
662,337,7.34894259818731,7.58753709198813,999,7.42942942942943
659,339,7.37025796661608,7.56047197640118,998,7.43486973947896
664,333,7.34939759036145,7.57957957957958,997,7.42627883650953
661,338,7.36913767019667,7.56213017751479,999,7.43443443443443
655,343,7.38320610687023,7.51895043731778,998,7.42985971943888
661,338,7.38729198184569,7.49408284023669,999,7.42342342342342
655,344,7.38320610687023,7.45058139534884,999,7.40640640640641
656,342,7.40091463414634,7.40058479532164,998,7.40080160320641
660,338,7.4030303030303,7.29585798816568,998,7.36673346693387
663,336,7.39064856711916,7.32440476190476,999,7.36836836836837
661,337,7.38729198184569,7.31750741839763,998,7.36372745490982
661,338,7.3857791225416,7.28402366863905,999,7.35135135135135
662,337,7.36404833836858,7.32047477744807,999,7.34934934934935
661,337,7.36157337367625,7.30563798219585,998,7.34268537074148
659,339,7.36115326251897,7.35693215339233,998,7.35971943887776
657,340,7.33485540334855,7.30294117647059,997,7.32397191574724
651,347,7.32411674347158,7.35734870317003,998,7.33567134268537
654,345,7.32415902140673,7.39710144927536,999,7.34934934934935
648,350,7.30555555555556,7.40285714285714,998,7.33967935871743
652,347,7.29447852760736,7.4207492795389,999,7.33833833833834
645,352,7.30852713178295,7.45738636363636,997,7.36108324974925
655,343,7.31297709923664,7.44897959183673,998,7.35971943887776
645,354,7.32093023255814,7.43785310734463,999,7.36236236236236
653,346,7.31699846860643,7.4364161849711,999,7.35835835835836
660,339,7.33333333333333,7.38643067846608,999,7.35135135135135
652,346,7.32055214723926,7.32658959537572,998,7.32264529058116
665,333,7.36992481203008,7.31531531531532,998,7.35170340681363
667,331,7.3808095952024,7.4380664652568,998,7.3997995991984
666,333,7.39489489489489,7.44444444444444,999,7.41141141141141
659,338,7.41578148710167,7.44674556213018,997,7.42627883650953
667,331,7.41229385307346,7.41389728096677,998,7.41282565130261
679,320,7.40942562592047,7.45,999,7.42242242242242
686,311,7.41107871720117,7.44694533762058,997,7.4222668004012
692,307,7.41473988439306,7.45928338762215,999,7.42842842842843
690,309,7.43623188405797,7.47572815533981,999,7.44844844844845
694,304,7.44524495677233,7.46710526315789,998,7.45190380761523
699,300,7.45207439198856,7.51333333333333,999,7.47047047047047
696,303,7.42672413793103,7.51485148514851,999,7.45345345345345
702,297,7.41595441595442,7.50505050505051,999,7.44244244244244
696,302,7.44109195402299,7.50331125827815,998,7.45991983967936
687,312,7.44687045123726,7.48717948717949,999,7.45945945945946
696,302,7.42672413793103,7.51986754966887,998,7.45490981963928
686,309,7.40379008746356,7.55016181229773,995,7.44924623115578
680,319,7.44852941176471,7.57366771159875,999,7.48848848848849
691,307,7.48191027496382,7.52442996742671,998,7.49498997995992
679,319,7.46686303387334,7.53918495297806,998,7.48997995991984
689,310,7.52104499274311,7.59032258064516,999,7.54254254254254
681,318,7.52863436123348,7.55345911949686,999,7.53653653653654
682,316,7.48533724340176,7.5,998,7.48997995991984
687,312,7.52692867540029,7.58333333333333,999,7.54454454454454
690,309,7.51159420289855,7.58252427184466,999,7.53353353353353
694,303,7.53314121037464,7.58745874587459,997,7.54964894684052
691,307,7.54413892908828,7.55700325732899,998,7.54809619238477
702,295,7.53703703703704,7.53220338983051,997,7.53560682046138
707,291,7.51909476661952,7.553264604811,998,7.52905811623246
716,283,7.54748603351955,7.5583038869258,999,7.55055055055055
716,280,7.49581005586592,7.50357142857143,996,7.49799196787149
720,279,7.50972222222222,7.48028673835125,999,7.5015015015015
715,282,7.51468531468531,7.50354609929078,997,7.51153460381143
725,273,7.51862068965517,7.51282051282051,998,7.51703406813627
719,280,7.48817802503477,7.47857142857143,999,7.48548548548549
719,280,7.47705146036161,7.49642857142857,999,7.48248248248248
716,282,7.50279329608939,7.51063829787234,998,7.50501002004008
720,279,7.46388888888889,7.53405017921147,999,7.48348348348348
716,283,7.44972067039106,7.55123674911661,999,7.47847847847848
713,285,7.44319775596073,7.55438596491228,998,7.4749498997996
707,291,7.39462517680339,7.57044673539519,998,7.44589178356713
707,291,7.4016973125884,7.56701030927835,998,7.4498997995992
713,286,7.38990182328191,7.55944055944056,999,7.43843843843844
711,287,7.38818565400844,7.58885017421603,998,7.44589178356713
708,291,7.34180790960452,7.60824742268041,999,7.41941941941942
704,295,7.34090909090909,7.61694915254237,999,7.42242242242242
704,295,7.37215909090909,7.66779661016949,999,7.45945945945946
697,302,7.37446197991392,7.71854304635762,999,7.47847847847848
703,295,7.37837837837838,7.68474576271186,998,7.4689378757515
708,291,7.40112994350283,7.63917525773196,999,7.47047047047047
712,287,7.39044943820225,7.66898954703833,999,7.47047047047047
710,288,7.37042253521127,7.62847222222222,998,7.44488977955912
710,288,7.37464788732394,7.61458333333333,998,7.4438877755511
716,283,7.40083798882682,7.63957597173145,999,7.46846846846847
723,274,7.40940525587829,7.65328467153285,997,7.47642928786359
727,272,7.40027510316369,7.65073529411765,999,7.46846846846847
720,279,7.45555555555556,7.63082437275986,999,7.5045045045045
722,277,7.48753462603878,7.64981949458484,999,7.53253253253253
734,264,7.48228882833787,7.63257575757576,998,7.52204408817635
724,275,7.47099447513812,7.59636363636364,999,7.50550550550551
732,266,7.50819672131148,7.61654135338346,998,7.53707414829659
734,265,7.47820163487738,7.6377358490566,999,7.52052052052052
731,268,7.46374829001368,7.6455223880597,999,7.51251251251251
730,269,7.45753424657534,7.63568773234201,999,7.50550550550551
735,263,7.45578231292517,7.61977186311787,998,7.49899799599198
740,257,7.43648648648649,7.60311284046693,997,7.47943831494483
742,257,7.45417789757412,7.63813229571984,999,7.5015015015015
743,255,7.47106325706595,7.63529411764706,998,7.51302605210421
743,256,7.44683714670256,7.66015625,999,7.5015015015015
744,255,7.4502688172043,7.68627450980392,999,7.51051051051051
730,265,7.42739726027397,7.73207547169811,995,7.50854271356784
737,261,7.42198100407056,7.65900383141762,998,7.48396793587174
732,267,7.45355191256831,7.66666666666667,999,7.51051051051051
732,267,7.45491803278689,7.73782771535581,999,7.53053053053053
738,261,7.4349593495935,7.70498084291188,999,7.50550550550551
728,269,7.45467032967033,7.6728624535316,997,7.5135406218656
728,270,7.52472527472527,7.64444444444444,998,7.55711422845691
730,268,7.51506849315069,7.65298507462687,998,7.55210420841683
716,282,7.50139664804469,7.68085106382979,998,7.55210420841683
722,276,7.47783933518006,7.61594202898551,998,7.51603206412826
721,276,7.46740638002774,7.65942028985507,997,7.52056168505517
723,275,7.46473029045643,7.63272727272727,998,7.51102204408818
721,278,7.44521497919556,7.64748201438849,999,7.5015015015015
735,262,7.45442176870748,7.58396946564886,997,7.48846539618857
738,261,7.45121951219512,7.58620689655172,999,7.48648648648649
741,258,7.46693657219973,7.63178294573643,999,7.50950950950951
739,259,7.42489851150203,7.55598455598456,998,7.45891783567134
735,263,7.36462585034014,7.60456273764259,998,7.42785571142285
733,266,7.36698499317872,7.54135338345865,999,7.41341341341341
729,270,7.36488340192044,7.53703703703704,999,7.41141141141141
732,267,7.3948087431694,7.58426966292135,999,7.44544544544545
731,268,7.41039671682627,7.6455223880597,999,7.47347347347347
721,278,7.40638002773925,7.62589928057554,999,7.46746746746747
719,279,7.41307371349096,7.54838709677419,998,7.45090180360721
712,287,7.4185393258427,7.54703832752613,999,7.45545545545546
706,293,7.39660056657224,7.50170648464164,999,7.42742742742743
699,298,7.38483547925608,7.54697986577181,997,7.4332998996991
696,303,7.37212643678161,7.48184818481848,999,7.40540540540541
703,295,7.38833570412518,7.46779661016949,998,7.41182364729459
710,289,7.3830985915493,7.50519031141869,999,7.41841841841842
708,291,7.34180790960452,7.49484536082474,999,7.38638638638639
716,282,7.37849162011173,7.4468085106383,998,7.39779559118236
717,282,7.3765690376569,7.42553191489362,999,7.39039039039039
724,275,7.36878453038674,7.43636363636364,999,7.38738738738739
717,282,7.37517433751743,7.41489361702128,999,7.38638638638639
715,284,7.35524475524476,7.35211267605634,999,7.35435435435435
716,283,7.3072625698324,7.39222614840989,999,7.33133133133133
717,281,7.33333333333333,7.3914590747331,998,7.3496993987976
722,277,7.31994459833795,7.42238267148014,999,7.34834834834835
713,286,7.30014025245442,7.36363636363636,999,7.31831831831832
715,283,7.28111888111888,7.42049469964664,998,7.32064128256513
713,286,7.29593267882188,7.46503496503496,999,7.34434434434434
719,279,7.30876216968011,7.46236559139785,998,7.35170340681363
714,285,7.31932773109244,7.51228070175439,999,7.37437437437437
714,285,7.32072829131653,7.51929824561403,999,7.37737737737738
715,282,7.31608391608392,7.53191489361702,997,7.37713139418255
706,292,7.3271954674221,7.49657534246575,998,7.37675350701403
704,295,7.34517045454545,7.54576271186441,999,7.4044044044044
705,293,7.30780141843972,7.55972696245734,998,7.38176352705411
703,295,7.34708392603129,7.51186440677966,998,7.39579158316633
711,287,7.35161744022504,7.48432055749129,998,7.38977955911824
712,286,7.34410112359551,7.48951048951049,998,7.38577154308617
715,283,7.36223776223776,7.49116607773852,998,7.39879759519038
709,290,7.35260930888575,7.4448275862069,999,7.37937937937938
716,282,7.31983240223464,7.45390070921986,998,7.35771543086172
714,285,7.35994397759104,7.49122807017544,999,7.3973973973974
719,280,7.37273991655077,7.5,999,7.40840840840841
717,281,7.33054393305439,7.48042704626334,998,7.37274549098196
719,280,7.28929068150209,7.53571428571429,999,7.35835835835836
727,271,7.28748280605227,7.53136531365314,998,7.35370741482966
723,274,7.31396957123098,7.46715328467153,997,7.35606820461384
724,275,7.27900552486188,7.51272727272727,999,7.34334334334334
729,268,7.26337448559671,7.52985074626866,997,7.33500501504514
737,262,7.27951153324288,7.51526717557252,999,7.34134134134134
734,265,7.26839237057221,7.51320754716981,999,7.33333333333333
733,265,7.24965893587995,7.48301886792453,998,7.31162324649299
729,269,7.25514403292181,7.47955390334572,998,7.31563126252505
740,259,7.25810810810811,7.48262548262548,999,7.31631631631632
740,257,7.30540540540541,7.47470817120623,997,7.34904714142427
739,256,7.30311231393775,7.48828125,995,7.35075376884422
743,256,7.33243606998654,7.51953125,999,7.38038038038038
736,263,7.30978260869565,7.48669201520913,999,7.35635635635636
737,261,7.31750339213026,7.47892720306513,998,7.35971943887776
745,253,7.31812080536913,7.52173913043478,998,7.36973947895792
745,252,7.30201342281879,7.54365079365079,997,7.36308926780341
743,254,7.31493943472409,7.42913385826772,997,7.34403209628887
743,256,7.30013458950202,7.50390625,999,7.35235235235235
745,254,7.31946308724832,7.52755905511811,999,7.37237237237237
743,256,7.30686406460296,7.46875,999,7.34834834834835
740,258,7.31756756756757,7.48837209302326,998,7.36172344689379
735,263,7.28707482993197,7.41444866920152,998,7.32064128256513
734,265,7.28201634877384,7.47169811320755,999,7.33233233233233
726,273,7.25895316804408,7.50549450549451,999,7.32632632632633
718,278,7.27576601671309,7.51798561151079,996,7.3433734939759
724,275,7.28591160220994,7.46909090909091,999,7.33633633633634
723,275,7.30290456431535,7.49090909090909,998,7.35470941883768
720,277,7.31666666666667,7.46931407942238,997,7.35907723169509
723,276,7.30705394190871,7.46739130434783,999,7.35135135135135
736,262,7.30434782608696,7.37786259541985,998,7.32364729458918
740,259,7.31216216216216,7.36679536679537,999,7.32632632632633
747,252,7.30388219544846,7.28174603174603,999,7.2982982982983
747,251,7.2958500669344,7.31474103585657,998,7.30060120240481
743,256,7.29475100942127,7.30078125,999,7.2962962962963
742,257,7.28840970350404,7.31517509727626,999,7.2952952952953
738,261,7.27913279132791,7.42911877394636,999,7.31831831831832
737,262,7.28493894165536,7.45038167938931,999,7.32832832832833
740,259,7.25675675675676,7.44401544401544,999,7.30530530530531
726,273,7.25757575757576,7.53846153846154,999,7.33433433433433
725,274,7.23586206896552,7.51824817518248,999,7.31331331331331
727,272,7.25309491059147,7.51470588235294,999,7.32432432432432
725,274,7.22344827586207,7.52554744525547,999,7.30630630630631
723,276,7.20055325034578,7.4963768115942,999,7.28228228228228
728,271,7.2293956043956,7.44280442804428,999,7.28728728728729
726,273,7.22589531680441,7.47252747252747,999,7.29329329329329
731,266,7.21887824897401,7.49248120300752,997,7.29187562688064
737,262,7.23473541383989,7.46946564885496,999,7.2962962962963
725,273,7.23034482758621,7.52747252747253,998,7.31162324649299
738,259,7.22086720867209,7.50965250965251,997,7.29588766298897
729,269,7.26474622770919,7.53159851301115,998,7.33667334669339
728,270,7.32967032967033,7.52222222222222,998,7.38176352705411
729,267,7.32373113854595,7.47565543071161,996,7.3644578313253
734,265,7.34604904632153,7.45283018867925,999,7.37437437437437
738,261,7.37669376693767,7.40229885057471,999,7.38338338338338
735,263,7.40816326530612,7.46768060836502,998,7.42384769539078
740,257,7.4027027027027,7.46303501945525,997,7.41825476429288
739,260,7.41136671177267,7.46153846153846,999,7.42442442442442
742,256,7.38274932614555,7.4921875,998,7.41082164328657
752,246,7.37234042553191,7.52032520325203,998,7.40881763527054
753,243,7.36254980079681,7.54732510288066,996,7.40763052208835
744,253,7.36290322580645,7.56126482213439,997,7.41323971915747
750,249,7.32533333333333,7.53815261044177,999,7.37837837837838
741,256,7.3778677462888,7.53515625,997,7.41825476429288
745,253,7.32885906040268,7.53359683794466,998,7.38076152304609
746,253,7.31903485254692,7.56521739130435,999,7.38138138138138
743,256,7.34051144010767,7.56640625,999,7.3983983983984
736,263,7.33695652173913,7.57414448669202,999,7.3993993993994
723,275,7.34163208852005,7.56,998,7.40180360721443
720,277,7.35277777777778,7.5956678700361,997,7.42026078234704
717,282,7.31101813110181,7.5709219858156,999,7.38438438438438
721,278,7.33148404993065,7.53237410071942,999,7.38738738738739
726,272,7.31267217630854,7.51838235294118,998,7.3687374749499
721,277,7.31761442441054,7.51624548736462,998,7.37274549098196
715,281,7.28531468531469,7.46263345195729,996,7.33534136546185
715,284,7.27552447552448,7.51056338028169,999,7.34234234234234
718,281,7.27855153203343,7.48398576512456,999,7.33633633633634
722,277,7.22714681440443,7.49819494584838,999,7.3023023023023
717,282,7.25244072524407,7.4645390070922,999,7.31231231231231
717,282,7.26638772663877,7.45390070921986,999,7.31931931931932
723,275,7.24619640387275,7.50545454545455,998,7.31763527054108
731,268,7.22708618331053,7.44029850746269,999,7.28428428428428
731,267,7.18194254445964,7.47940074906367,998,7.26152304609218
728,269,7.19917582417582,7.47211895910781,997,7.2728184553661
733,266,7.19508867667121,7.51503759398496,999,7.28028028028028
739,260,7.21380243572395,7.52692307692308,999,7.2952952952953
737,262,7.18046132971506,7.47709923664122,999,7.25825825825826
741,258,7.18623481781376,7.45348837209302,999,7.25525525525526
749,250,7.2283044058745,7.508,999,7.2982982982983
737,262,7.24287652645862,7.52290076335878,999,7.31631631631632
748,250,7.26069518716578,7.528,998,7.32765531062124
760,239,7.28026315789474,7.53138075313807,999,7.34034034034034
761,238,7.28777923784494,7.5546218487395,999,7.35135135135135
765,234,7.30065359477124,7.4957264957265,999,7.34634634634635
758,239,7.29947229551451,7.4979079497908,997,7.34704112337011
757,241,7.30118890356671,7.47717842323651,998,7.3436873747495
756,243,7.29761904761905,7.440329218107,999,7.33233233233233
751,248,7.27962716378162,7.43145161290323,999,7.31731731731732
745,253,7.31140939597315,7.45454545454545,998,7.34769539078156
751,248,7.30093209054594,7.42741935483871,999,7.33233233233233
752,247,7.2593085106383,7.38056680161943,999,7.28928928928929
755,243,7.29933774834437,7.34567901234568,998,7.31062124248497
760,237,7.34342105263158,7.33333333333333,997,7.34102306920762
765,234,7.32287581699346,7.33760683760684,999,7.32632632632633
761,238,7.3245729303548,7.32352941176471,999,7.32432432432432
754,244,7.31299734748011,7.38114754098361,998,7.32965931863727
761,237,7.33902759526938,7.40506329113924,998,7.35470941883768
751,248,7.33821571238349,7.37096774193548,999,7.34634634634635
751,248,7.38082556591212,7.3991935483871,999,7.38538538538539
752,246,7.35904255319149,7.36585365853659,998,7.36072144288577
757,240,7.34081902245707,7.42083333333333,997,7.36008024072217
767,231,7.31812255541069,7.44588744588745,998,7.34769539078156
763,236,7.33420707732634,7.48728813559322,999,7.37037037037037
765,234,7.2797385620915,7.47435897435897,999,7.32532532532533
764,234,7.30235602094241,7.57692307692308,998,7.36673346693387
771,226,7.34111543450065,7.63716814159292,997,7.40822467402207
775,222,7.38064516129032,7.58108108108108,997,7.42527582748245
787,211,7.37992376111817,7.55450236966825,998,7.41683366733467
785,213,7.41146496815287,7.54929577464789,998,7.44088176352705
789,209,7.39923954372624,7.4688995215311,998,7.41382765531062
783,214,7.42528735632184,7.45794392523364,997,7.43229689067202
782,217,7.41304347826087,7.41935483870968,999,7.41441441441441
781,216,7.42125480153649,7.28240740740741,997,7.39117352056168
784,214,7.42729591836735,7.25233644859813,998,7.38977955911824
778,221,7.42287917737789,7.22171945701357,999,7.37837837837838
782,216,7.41304347826087,7.27314814814815,998,7.38276553106212
787,212,7.41296060991105,7.29716981132075,999,7.38838838838839
786,212,7.39949109414758,7.2877358490566,998,7.37575150300601
779,217,7.42875481386393,7.25806451612903,996,7.39156626506024
781,218,7.45582586427657,7.28440366972477,999,7.41841841841842
778,220,7.44215938303342,7.30909090909091,998,7.41282565130261
777,222,7.43371943371943,7.36486486486486,999,7.41841841841842
778,221,7.38560411311054,7.31221719457014,999,7.36936936936937
777,221,7.36936936936937,7.29411764705882,998,7.35270541082164
779,218,7.37997432605905,7.22935779816514,997,7.34704112337011
783,216,7.37547892720306,7.24074074074074,999,7.34634634634635
781,218,7.3764404609475,7.31651376146789,999,7.36336336336336
780,219,7.40512820512821,7.25114155251142,999,7.37137137137137
776,222,7.4110824742268,7.22072072072072,998,7.3687374749499
780,219,7.39230769230769,7.20547945205479,999,7.35135135135135
785,212,7.37452229299363,7.16509433962264,997,7.32998996990973
790,209,7.38481012658228,7.16746411483254,999,7.33933933933934
783,216,7.37931034482759,7.05555555555556,999,7.30930930930931
785,213,7.43184713375796,7.06103286384977,998,7.35270541082164
784,215,7.4234693877551,7.03255813953488,999,7.33933933933934
777,222,7.41184041184041,7.01351351351351,999,7.32332332332332
770,228,7.41818181818182,7.07456140350877,998,7.33967935871743
767,232,7.40286831812256,6.99137931034483,999,7.30730730730731
761,237,7.40604467805519,6.9873417721519,998,7.30661322645291
769,230,7.38101430429129,7.00434782608696,999,7.29429429429429
762,234,7.38451443569554,6.98290598290598,996,7.29016064257028
757,241,7.44914134742404,7.01244813278008,998,7.3436873747495
759,238,7.4163372859025,7.02521008403361,997,7.32296890672016
757,240,7.41743725231176,7.0,997,7.31695085255767
755,243,7.44900662251656,7.02057613168724,998,7.34468937875751
753,245,7.44488711819389,7.0,998,7.33567134268537
755,243,7.43708609271523,7.0,998,7.33066132264529
750,248,7.47466666666667,7.04032258064516,998,7.36673346693387
753,244,7.48472775564409,7.04508196721311,997,7.37713139418255
756,243,7.47486772486772,7.06172839506173,999,7.37437437437437
752,245,7.48537234042553,7.10204081632653,997,7.39117352056168
759,240,7.49275362318841,7.15,999,7.41041041041041
764,234,7.47513089005236,7.13247863247863,998,7.39478957915832
772,227,7.46373056994819,7.15859030837004,999,7.39439439439439
764,235,7.48560209424084,7.20851063829787,999,7.42042042042042
760,238,7.48157894736842,7.21848739495798,998,7.4188376753507
757,242,7.47688243064729,7.2603305785124,999,7.42442442442442
756,243,7.46428571428571,7.26337448559671,999,7.41541541541542
751,248,7.44474034620506,7.21774193548387,999,7.38838838838839
751,248,7.45406125166445,7.16935483870968,999,7.38338338338338
750,246,7.47066666666667,7.17073170731707,996,7.39658634538153
754,244,7.44031830238727,7.20901639344262,998,7.38376753507014
756,242,7.45634920634921,7.24793388429752,998,7.40581162324649
760,239,7.44078947368421,7.23849372384937,999,7.39239239239239
751,248,7.42343541944075,7.27016129032258,999,7.38538538538539
750,247,7.42533333333333,7.21457489878543,997,7.37311935807422
748,250,7.3903743315508,7.252,998,7.35571142284569
742,257,7.38679245283019,7.27626459143969,999,7.35835835835836
747,252,7.39759036144578,7.25793650793651,999,7.36236236236236
747,251,7.40160642570281,7.1593625498008,998,7.34068136272545
757,242,7.38573315719947,7.21900826446281,999,7.34534534534535
755,242,7.36556291390728,7.23140495867769,997,7.33299899699097
762,237,7.36876640419947,7.28691983122363,999,7.34934934934935
761,237,7.37713534822602,7.31645569620253,998,7.3627254509018
767,231,7.34941329856584,7.27705627705628,998,7.33266533066132
765,231,7.36862745098039,7.3030303030303,996,7.35341365461847
771,225,7.3852140077821,7.34666666666667,996,7.37650602409639
773,226,7.35446313065977,7.3716814159292,999,7.35835835835836
776,222,7.35309278350515,7.37837837837838,998,7.35871743486974
787,212,7.34688691232529,7.38679245283019,999,7.35535535535536
784,213,7.33418367346939,7.40845070422535,997,7.35005015045135
784,215,7.3265306122449,7.36279069767442,999,7.33433433433433
787,211,7.2858958068615,7.36492890995261,998,7.30260521042084
791,208,7.30594184576485,7.34134615384615,999,7.31331331331331
798,201,7.28696741854637,7.39800995024876,999,7.30930930930931
793,205,7.31147540983607,7.47317073170732,998,7.34468937875751
806,192,7.31017369727047,7.36979166666667,998,7.32164328657315
800,199,7.3225,7.34170854271357,999,7.32632632632633
800,199,7.36375,7.40201005025126,999,7.37137137137137
802,197,7.34538653366584,7.29441624365482,999,7.33533533533534
794,205,7.35138539042821,7.29756097560976,999,7.34034034034034
799,199,7.34292866082603,7.44723618090452,998,7.36372745490982
797,201,7.32120451693852,7.44776119402985,998,7.34669338677355
801,198,7.31585518102372,7.42929292929293,999,7.33833833833834
797,198,7.33877038895859,7.45454545454545,995,7.36180904522613
795,203,7.37735849056604,7.45812807881773,998,7.3937875751503
794,203,7.3816120906801,7.44334975369458,997,7.39418254764293
791,207,7.39949431099874,7.39613526570048,998,7.39879759519038
801,198,7.40449438202247,7.44444444444444,999,7.41241241241241
798,201,7.38972431077694,7.51243781094527,999,7.41441441441441
798,199,7.37218045112782,7.52261306532663,997,7.40220661985958
799,200,7.35043804755945,7.505,999,7.38138138138138
796,203,7.34422110552764,7.50246305418719,999,7.37637637637638
799,200,7.36420525657071,7.52,999,7.3953953953954
791,206,7.34513274336283,7.49514563106796,997,7.37612838515547
789,210,7.38783269961977,7.45714285714286,999,7.4024024024024
788,211,7.38578680203046,7.47867298578199,999,7.40540540540541
788,208,7.37944162436548,7.53365384615385,996,7.41164658634538
786,212,7.40458015267176,7.4811320754717,998,7.42084168336673
779,220,7.41463414634146,7.46818181818182,999,7.42642642642643
777,219,7.37837837837838,7.46575342465753,996,7.39759036144578
783,214,7.41507024265645,7.46728971962617,997,7.42627883650953
784,215,7.41071428571429,7.45581395348837,999,7.42042042042042
781,218,7.39820742637644,7.44495412844037,999,7.40840840840841
780,219,7.39358974358974,7.47945205479452,999,7.41241241241241
768,231,7.42317708333333,7.4978354978355,999,7.44044044044044
772,227,7.43134715025907,7.51101321585903,999,7.44944944944945
768,230,7.41276041666667,7.51304347826087,998,7.43587174348697
769,228,7.42522756827048,7.51754385964912,997,7.44633901705115
769,230,7.42652795838752,7.5695652173913,999,7.45945945945946
779,220,7.43388960205391,7.58636363636364,999,7.46746746746747
781,218,7.44814340588988,7.56422018348624,999,7.47347347347347
783,215,7.43550446998723,7.56744186046512,998,7.46392785571142
782,217,7.4616368286445,7.46543778801843,999,7.46246246246246
776,220,7.47422680412371,7.51363636363636,996,7.48293172690763
786,213,7.47455470737914,7.53051643192488,999,7.48648648648649
781,217,7.4865556978233,7.51152073732719,998,7.49198396793587
773,223,7.49159120310479,7.42152466367713,996,7.47590361445783
785,214,7.48152866242038,7.45794392523364,999,7.47647647647648
775,224,7.48516129032258,7.45982142857143,999,7.47947947947948
775,224,7.49806451612903,7.50446428571429,999,7.4994994994995
771,228,7.52140077821012,7.52631578947368,999,7.52252252252252
769,229,7.53576072821847,7.44541484716157,998,7.51503006012024
765,233,7.5202614379085,7.43776824034335,998,7.50100200400802
763,236,7.49672346002621,7.46610169491525,999,7.48948948948949
763,234,7.49017038007864,7.43589743589744,997,7.47743229689067
764,233,7.43979057591623,7.40343347639485,997,7.43129388164493
766,233,7.41253263707572,7.38197424892704,999,7.40540540540541
759,238,7.43873517786561,7.35294117647059,997,7.41825476429288
765,234,7.43790849673203,7.31196581196581,999,7.40840840840841
764,234,7.42408376963351,7.32905982905983,998,7.40180360721443
767,232,7.45110821382008,7.2801724137931,999,7.41141141141141
763,236,7.5045871559633,7.23728813559322,999,7.44144144144144
766,232,7.51174934725849,7.19396551724138,998,7.43787575150301
775,224,7.47870967741935,7.17410714285714,999,7.41041041041041
770,228,7.48701298701299,7.17982456140351,998,7.41683366733467
766,233,7.49477806788512,7.12017167381974,999,7.40740740740741
759,240,7.46903820816864,7.20416666666667,999,7.40540540540541
755,244,7.47682119205298,7.16393442622951,999,7.4004004004004
753,244,7.48605577689243,7.1516393442623,997,7.40421263791374
754,244,7.50132625994695,7.11885245901639,998,7.40781563126253
752,246,7.5093085106383,7.16666666666667,998,7.4248496993988
756,241,7.50793650793651,7.23651452282158,997,7.44232698094283
757,241,7.5217965653897,7.21161825726141,998,7.44689378757515
759,238,7.47430830039526,7.19747899159664,997,7.40822467402207
760,238,7.49605263157895,7.18487394957983,998,7.42184368737475
756,243,7.49074074074074,7.1522633744856,999,7.40840840840841
759,240,7.47826086956522,7.17083333333333,999,7.4044044044044
759,238,7.50592885375494,7.14285714285714,997,7.41925777331996
760,239,7.53026315789474,7.17154811715481,999,7.44444444444444
752,246,7.51595744680851,7.13414634146341,998,7.42184368737475
764,235,7.55235602094241,7.08085106382979,999,7.44144144144144
767,231,7.54498044328553,7.04761904761905,998,7.42985971943888
769,228,7.56436931079324,7.02631578947368,997,7.44132397191575
770,228,7.54285714285714,7.07017543859649,998,7.43486973947896
772,225,7.55181347150259,7.02222222222222,997,7.43229689067202
771,228,7.5810635538262,6.99561403508772,999,7.44744744744745
780,218,7.61923076923077,6.9954128440367,998,7.48296593186373
782,215,7.63427109974425,7.02325581395349,997,7.5025075225677
780,218,7.64615384615385,7.05963302752294,998,7.51803607214429
776,222,7.65979381443299,7.03153153153153,998,7.52004008016032
769,230,7.63849154746424,7.11304347826087,999,7.51751751751752
773,225,7.61707632600259,7.06222222222222,998,7.49198396793587
774,224,7.62144702842377,7.10267857142857,998,7.50501002004008
773,226,7.64553686934023,7.03097345132743,999,7.50650650650651
770,229,7.66753246753247,7.14847161572052,999,7.54854854854855
776,223,7.65077319587629,7.14798206278027,999,7.53853853853854
773,224,7.61836998706339,7.15625,997,7.51454363089268
765,232,7.60392156862745,7.15086206896552,997,7.49849548645938
766,233,7.60704960835509,7.19742489270386,999,7.51151151151151
761,238,7.57950065703022,7.16386554621849,999,7.48048048048048
761,237,7.58212877792378,7.17721518987342,998,7.48597194388778
759,240,7.60210803689065,7.20833333333333,999,7.50750750750751
760,238,7.57894736842105,7.17226890756303,998,7.48196392785571
765,234,7.59346405228758,7.23504273504274,999,7.50950950950951
759,240,7.59683794466403,7.2,999,7.5015015015015
768,230,7.6015625,7.2304347826087,998,7.51603206412826
772,226,7.62305699481865,7.23451327433628,998,7.53507014028056
