forward_num,reverse_num,forward_rate,reverse_rate,organism_num,organism_rate
50,50,5.5,5.5,100,5.5
64,67,5.71875,5.97014925373134,131,5.84732824427481
79,77,5.86075949367089,6.07792207792208,156,5.96794871794872
94,99,6.12765957446809,6.52525252525253,193,6.33160621761658
119,118,6.52100840336134,6.65254237288136,237,6.58649789029536
148,154,6.7972972972973,6.94805194805195,302,6.87417218543046
188,200,7.04255319148936,7.19,388,7.11855670103093
243,241,7.22633744855967,7.39004149377593,484,7.30785123966942
317,323,7.42271293375394,7.57275541795666,640,7.4984375
406,432,7.64778325123153,7.75462962962963,838,7.70286396181384
500,499,7.922,7.80961923847695,999,7.86586586586587
500,499,7.846,7.80761523046092,999,7.82682682682683
509,490,7.76817288801572,7.86530612244898,999,7.81581581581582
491,508,7.76578411405295,7.92125984251969,999,7.84484484484484
507,490,7.83431952662722,7.93877551020408,997,7.88565697091274
500,499,7.842,7.95390781563126,999,7.8978978978979
510,489,7.89803921568627,7.97750511247444,999,7.93693693693694
500,499,7.892,8.03206412825651,999,7.96196196196196
502,496,7.93625498007968,8.07056451612903,998,8.00300601202405
507,491,7.94082840236686,8.06720977596741,998,8.00300601202405
492,506,7.92886178861789,8.1501976284585,998,8.04108216432866
506,493,7.98814229249012,8.18255578093306,999,8.08408408408408
502,496,7.93027888446215,8.19959677419355,998,8.06412825651303
504,495,8.01190476190476,8.18181818181818,999,8.0960960960961
484,514,8.04545454545454,8.18093385214008,998,8.11523046092184
487,512,8.14373716632443,8.21484375,999,8.18018018018018
488,510,8.16803278688525,8.2921568627451,998,8.2314629258517
494,504,8.21255060728745,8.26388888888889,998,8.23847695390782
487,510,8.26283367556468,8.28235294117647,997,8.2728184553661
487,511,8.31827515400411,8.29745596868885,998,8.30761523046092
488,510,8.3155737704918,8.28627450980392,998,8.30060120240481
494,504,8.3502024291498,8.25793650793651,998,8.30360721442886
492,507,8.40650406504065,8.26232741617357,999,8.33333333333333
502,497,8.32470119521912,8.26559356136821,999,8.2952952952953
506,493,8.36166007905138,8.32048681541582,999,8.34134134134134
501,498,8.34730538922156,8.30722891566265,999,8.32732732732733
500,499,8.33,8.33466933867735,999,8.33233233233233
504,495,8.37103174603175,8.31313131313131,999,8.34234234234234
492,506,8.35365853658537,8.39130434782609,998,8.37274549098196
507,491,8.3905325443787,8.37474541751527,998,8.38276553106212
508,490,8.3503937007874,8.40816326530612,998,8.37875751503006
509,490,8.39882121807466,8.42448979591837,999,8.41141141141141
502,497,8.40637450199203,8.45271629778672,999,8.42942942942943
501,498,8.45708582834331,8.4859437751004,999,8.47147147147147
504,495,8.48412698412698,8.52929292929293,999,8.50650650650651
501,498,8.46307385229541,8.57630522088353,999,8.51951951951952
495,504,8.46060606060606,8.67063492063492,999,8.56656656656657
485,513,8.4639175257732,8.72319688109162,998,8.59719438877756
481,517,8.49064449064449,8.73500967117988,998,8.61723446893788
481,516,8.44490644490645,8.77519379844961,997,8.61584754262788
482,517,8.47510373443983,8.78723404255319,999,8.63663663663664
481,516,8.41787941787942,8.7906976744186,997,8.61083249749248
477,522,8.41509433962264,8.83333333333333,999,8.63363363363363
464,534,8.39439655172414,8.80149812734082,998,8.61222444889779
472,526,8.41949152542373,8.79467680608365,998,8.61723446893788
466,532,8.4206008583691,8.82894736842105,998,8.63827655310621
480,519,8.47083333333333,8.82658959537572,999,8.65565565565566
473,526,8.45243128964059,8.88022813688213,999,8.67767767767768
477,522,8.48637316561845,8.87739463601533,999,8.69069069069069
467,532,8.45610278372591,8.8890977443609,999,8.68668668668669
485,513,8.49690721649485,8.89473684210526,998,8.70140280561122
484,513,8.49793388429752,8.86744639376218,997,8.68806419257773
493,506,8.50507099391481,8.84189723320158,999,8.67567567567568
497,501,8.54325955734407,8.84830339321357,998,8.69639278557114
491,507,8.61099796334012,8.84615384615385,998,8.73046092184369
487,511,8.63244353182752,8.89823874755382,998,8.7685370741483
488,510,8.60450819672131,8.93137254901961,998,8.77154308617235
486,510,8.61316872427984,8.92352941176471,996,8.77208835341365
483,516,8.65631469979296,8.91860465116279,999,8.79179179179179
488,511,8.67827868852459,8.95107632093933,999,8.81781781781782
477,522,8.66876310272537,8.94061302681992,999,8.81081081081081
484,513,8.64256198347107,8.9317738791423,997,8.7913741223671
488,511,8.66598360655738,8.96673189823875,999,8.81981981981982
481,514,8.70893970893971,8.95136186770428,995,8.83417085427136
475,523,8.72,8.98470363288719,998,8.85871743486974
477,522,8.75471698113208,9.04022988505747,999,8.9039039039039
468,531,8.75641025641026,9.04708097928437,999,8.91091091091091
482,516,8.76141078838174,9.0406976744186,998,8.90581162324649
474,524,8.77215189873418,9.0381679389313,998,8.91182364729459
483,516,8.78260869565217,9.06976744186047,999,8.93093093093093
476,522,8.79621848739496,9.07662835249042,998,8.94288577154309
480,519,8.77291666666667,9.07514450867052,999,8.92992992992993
482,516,8.78838174273859,9.08333333333333,998,8.94088176352705
487,510,8.83367556468172,9.07254901960784,997,8.95586760280842
485,514,8.82886597938144,9.05447470817121,999,8.94494494494494
482,514,8.80912863070539,9.07587548638132,996,8.94678714859438
472,526,8.84110169491525,9.05703422053232,998,8.95490981963928
481,517,8.83783783783784,9.0541586073501,998,8.9498997995992
471,527,8.81953290870488,9.07779886148008,998,8.95591182364729
467,531,8.82869379014989,9.07156308851224,998,8.95791583166333
473,526,8.80972515856237,9.05513307984791,999,8.93893893893894
476,523,8.79621848739496,9.09751434034417,999,8.95395395395395
471,528,8.7791932059448,9.11174242424242,999,8.95495495495495
471,528,8.78343949044586,9.1155303030303,999,8.95895895895896
459,539,8.79302832244009,9.11873840445269,998,8.9689378757515
466,531,8.76824034334764,9.16949152542373,997,8.98194583751254
467,532,8.76659528907923,9.20112781954887,999,8.997997997998
469,530,8.77611940298507,9.1811320754717,999,8.99099099099099
468,530,8.80555555555556,9.20377358490566,998,9.01703406813627
466,531,8.84978540772532,9.19774011299435,997,9.03510531594784
476,522,8.84663865546218,9.19348659003831,998,9.02805611222445
481,518,8.85862785862786,9.19305019305019,999,9.03203203203203
473,524,8.8985200845666,9.2175572519084,997,9.06619859578736
475,522,8.90315789473684,9.24137931034483,997,9.0802407221665
476,522,8.91386554621849,9.25478927203065,998,9.09218436873748
480,519,8.925,9.22928709055877,999,9.08308308308308
475,524,8.96631578947368,9.22900763358779,999,9.1041041041041
477,522,8.9685534591195,9.2183908045977,999,9.0990990990991
475,523,8.98947368421053,9.22370936902486,998,9.11222444889779
472,526,8.98093220338983,9.20532319391635,998,9.09919839679359
471,527,8.97452229299363,9.19354838709677,998,9.09018036072144
464,535,8.98275862068965,9.1981308411215,999,9.0980980980981
463,536,8.98920086393089,9.21455223880597,999,9.11011011011011
468,528,8.9551282051282,9.23295454545454,996,9.10240963855422
465,534,8.93333333333333,9.20037453183521,999,9.07607607607608
452,546,8.96017699115044,9.20879120879121,998,9.09619238476954
461,537,8.99783080260304,9.23091247672253,998,9.12324649298597
451,547,8.96008869179601,9.24862888482633,998,9.11823647294589
466,533,9.00429184549356,9.27579737335835,999,9.14914914914915
467,532,8.97644539614561,9.31015037593985,999,9.15415415415415
466,531,9.01287553648069,9.29001883239171,997,9.160481444333
477,522,8.9958071278826,9.26436781609195,999,9.13613613613614
475,523,9.02315789473684,9.2848948374761,998,9.16032064128257
479,520,9.01461377870564,9.32115384615385,999,9.17417417417417
485,513,9.06185567010309,9.317738791423,998,9.19338677354709
482,515,9.04149377593361,9.32427184466019,997,9.18756268806419
484,515,9.06198347107438,9.31067961165049,999,9.19019019019019
479,518,9.06889352818372,9.33397683397683,997,9.20661985957874
473,525,9.05496828752643,9.32761904761905,998,9.19839679358717
466,532,9.06652360515021,9.31766917293233,998,9.20040080160321
471,528,9.10403397027601,9.33901515151515,999,9.22822822822823
467,532,9.07922912205567,9.3421052631579,999,9.21921921921922
459,539,9.07407407407407,9.34879406307978,998,9.22244488977956
465,533,9.06021505376344,9.35834896810507,998,9.21943887775551
466,533,9.0793991416309,9.35647279549719,999,9.22722722722723
464,533,9.0926724137931,9.37148217636022,997,9.24172517552658
473,526,9.09090909090909,9.36692015209126,999,9.23623623623624
478,521,9.08995815899582,9.36660268714012,999,9.23423423423423
473,525,9.12896405919662,9.36,998,9.25050100200401
472,526,9.125,9.35171102661597,998,9.24448897795591
479,519,9.1356993736952,9.38150289017341,998,9.26352705410822
483,513,9.11801242236025,9.35282651072125,996,9.23895582329317
489,508,9.12474437627812,9.36023622047244,997,9.24473420260782
495,502,9.12121212121212,9.34262948207171,997,9.23269809428285
491,507,9.08350305498982,9.33925049309665,998,9.21342685370741
495,503,9.0969696969697,9.32803180914513,998,9.21342685370741
496,503,9.07661290322581,9.31809145129225,999,9.1981981981982
497,501,9.09054325955734,9.35728542914172,998,9.22444889779559
493,506,9.10750507099391,9.35375494071146,999,9.23223223223223
498,500,9.1144578313253,9.344,998,9.22945891783567
497,500,9.11871227364185,9.322,997,9.22066198595787
490,509,9.15510204081633,9.32220039292731,999,9.24024024024024
496,503,9.1633064516129,9.32604373757455,999,9.24524524524525
499,500,9.18036072144289,9.324,999,9.25225225225225
490,509,9.18367346938776,9.30451866404715,999,9.24524524524525
496,503,9.18346774193548,9.30218687872763,999,9.24324324324324
502,497,9.21115537848606,9.32394366197183,999,9.26726726726727
498,501,9.23493975903614,9.30938123752495,999,9.27227227227227
495,504,9.21212121212121,9.31547619047619,999,9.26426426426426
499,500,9.22044088176353,9.284,999,9.25225225225225
495,504,9.23232323232323,9.29761904761905,999,9.26526526526527
500,499,9.236,9.31062124248497,999,9.27327327327327
495,503,9.27070707070707,9.32604373757455,998,9.29859719438878
499,499,9.2685370741483,9.32665330661323,998,9.29759519038076
501,498,9.26746506986028,9.30722891566265,999,9.28728728728729
508,490,9.23031496062992,9.29591836734694,998,9.2625250501002
507,491,9.22485207100592,9.29735234215886,998,9.26052104208417
507,492,9.23668639053254,9.27439024390244,999,9.25525525525526
503,496,9.22664015904573,9.30443548387097,999,9.26526526526527
502,497,9.22111553784861,9.28772635814889,999,9.25425425425425
493,505,9.21095334685598,9.26336633663366,998,9.2374749498998
497,502,9.22535211267606,9.2609561752988,999,9.24324324324324
489,509,9.25766871165644,9.26129666011788,998,9.25951903807615
488,510,9.26844262295082,9.25686274509804,998,9.2625250501002
490,507,9.27755102040816,9.24852071005917,997,9.26278836509529
486,513,9.28189300411523,9.23001949317739,999,9.25525525525526
482,516,9.28630705394191,9.25387596899225,998,9.26953907815631
482,516,9.30082987551867,9.26356589147287,998,9.28156312625251
483,513,9.29192546583851,9.2729044834308,996,9.28212851405623
479,519,9.3027139874739,9.25433526011561,998,9.27755511022044
477,520,9.32494758909853,9.26923076923077,997,9.29588766298897
477,522,9.30398322851153,9.26436781609195,999,9.28328328328328
477,520,9.31446540880503,9.26538461538462,997,9.2888665997994
478,521,9.31589958158996,9.26679462571977,999,9.29029029029029
477,522,9.32494758909853,9.2816091954023,999,9.3023023023023
475,524,9.34526315789474,9.27290076335878,999,9.30730730730731
465,533,9.3247311827957,9.26641651031895,998,9.2935871743487
462,537,9.31601731601732,9.26815642458101,999,9.29029029029029
461,538,9.32754880694143,9.28252788104089,999,9.3033033033033
470,528,9.37446808510638,9.25378787878788,998,9.31062124248497
463,534,9.36501079913607,9.23408239700374,997,9.29488465396189
458,541,9.36899563318777,9.2365988909427,999,9.2972972972973
458,540,9.38427947598253,9.24259259259259,998,9.30761523046092
465,532,9.38279569892473,9.27067669172932,997,9.32296890672016
461,538,9.41431670281996,9.27137546468401,999,9.33733733733734
460,538,9.41739130434783,9.2639405204461,998,9.33466933867735
463,536,9.41036717062635,9.25932835820896,999,9.32932932932933
470,529,9.41702127659575,9.25897920604915,999,9.33333333333333
482,516,9.41701244813278,9.25,998,9.33066132264529
488,511,9.43032786885246,9.26027397260274,999,9.34334334334334
481,518,9.42619542619543,9.27220077220077,999,9.34634634634635
473,526,9.43763213530655,9.28326996197719,999,9.35635635635636
478,521,9.40585774058577,9.30326295585413,999,9.35235235235235
483,516,9.3871635610766,9.31007751937985,999,9.34734734734735
487,512,9.39835728952772,9.28515625,999,9.34034034034034
496,503,9.39516129032258,9.26640159045726,999,9.33033033033033
490,507,9.40204081632653,9.28007889546351,997,9.34002006018054
488,509,9.39139344262295,9.2573673870334,997,9.32296890672016
488,510,9.39754098360656,9.26666666666667,998,9.33066132264529
489,508,9.41513292433538,9.26771653543307,997,9.34002006018054
493,506,9.40567951318458,9.27470355731225,999,9.33933933933934
484,515,9.43388429752066,9.28349514563107,999,9.35635635635636
487,512,9.43121149897331,9.30859375,999,9.36836836836837
478,521,9.44979079497908,9.32821497120921,999,9.38638638638639
479,520,9.45302713987474,9.34423076923077,999,9.3963963963964
472,527,9.44491525423729,9.33396584440228,999,9.38638638638639
470,529,9.44042553191489,9.34971644612476,999,9.39239239239239
471,527,9.45222929936306,9.36432637571158,998,9.40581162324649
473,525,9.4630021141649,9.36761904761905,998,9.4128256513026
481,518,9.43243243243243,9.37644787644788,999,9.4034034034034
465,533,9.43655913978495,9.38086303939962,998,9.40681362725451
469,529,9.43496801705757,9.37051039697543,998,9.40080160320641
462,536,9.46103896103896,9.35820895522388,998,9.40581162324649
469,530,9.45415778251599,9.37547169811321,999,9.41241241241241
456,541,9.44956140350877,9.36044362292052,997,9.4012036108325
464,535,9.43965517241379,9.35327102803738,999,9.39339339339339
463,536,9.45572354211663,9.33208955223881,999,9.38938938938939
468,531,9.42521367521367,9.33709981167608,999,9.37837837837838
474,525,9.44303797468354,9.34095238095238,999,9.38938938938939
473,524,9.44820295983087,9.33587786259542,997,9.38916750250752
486,513,9.44238683127572,9.34892787524366,999,9.39439439439439
484,515,9.46074380165289,9.34757281553398,999,9.4024024024024
489,510,9.46830265848671,9.34901960784314,999,9.40740740740741
474,524,9.4620253164557,9.34732824427481,998,9.40180360721443
463,536,9.45572354211663,9.35074626865672,999,9.3993993993994
466,531,9.46137339055794,9.3653483992467,997,9.41023069207623
467,532,9.44539614561028,9.34022556390977,999,9.38938938938939
471,527,9.46709129511677,9.35483870967742,998,9.40781563126252
476,522,9.47478991596639,9.34865900383142,998,9.40881763527054
480,517,9.49375,9.33268858800774,997,9.41023069207623
471,526,9.50530785562633,9.3574144486692,997,9.42728184553661
478,520,9.5020920502092,9.34038461538461,998,9.41783567134268
472,526,9.48728813559322,9.34600760456274,998,9.4128256513026
474,524,9.49367088607595,9.33969465648855,998,9.4128256513026
479,520,9.46972860125261,9.36730769230769,999,9.41641641641642
479,519,9.47807933194155,9.32369942196532,998,9.39779559118236
470,528,9.48723404255319,9.33333333333333,998,9.40581162324649
469,529,9.50533049040512,9.32703213610586,998,9.41082164328657
470,529,9.4936170212766,9.33270321361059,999,9.40840840840841
469,529,9.50319829424307,9.30812854442344,998,9.3997995991984
464,535,9.49568965517241,9.31214953271028,999,9.3973973973974
463,535,9.49676025917926,9.30654205607477,998,9.39478957915832
461,538,9.52494577006508,9.30297397769517,999,9.40540540540541
465,534,9.52043010752688,9.312734082397,999,9.40940940940941
465,532,9.50752688172043,9.34022556390977,997,9.41825476429288
458,541,9.5174672489083,9.3456561922366,999,9.42442442442442
462,534,9.53030303030303,9.37453183520599,996,9.44678714859438
466,532,9.52575107296137,9.40413533834587,998,9.46092184368737
458,541,9.54366812227074,9.39556377079482,999,9.46346346346346
449,550,9.55679287305123,9.40909090909091,999,9.47547547547548
449,548,9.57015590200445,9.40693430656934,997,9.48044132397191
456,540,9.57894736842105,9.41851851851852,996,9.49196787148594
468,529,9.60042735042735,9.41020793950851,997,9.49949849548646
471,528,9.61995753715499,9.4280303030303,999,9.51851851851852
472,526,9.62076271186441,9.42585551330798,998,9.51803607214429
472,526,9.61016949152542,9.43726235741445,998,9.5190380761523
481,518,9.62577962577963,9.46525096525096,999,9.54254254254254
491,506,9.62525458248473,9.45059288537549,997,9.53660982948847
488,511,9.64139344262295,9.45792563600783,999,9.54754754754755
491,505,9.63747454175153,9.45346534653465,996,9.54417670682731
485,514,9.63092783505155,9.47859922178988,999,9.55255255255255
481,517,9.63409563409563,9.46808510638298,998,9.54809619238477
478,521,9.64435146443515,9.44721689059501,999,9.54154154154154
487,511,9.64065708418891,9.44031311154599,998,9.53807615230461
490,509,9.64285714285714,9.46168958742633,999,9.55055055055055
488,510,9.65983606557377,9.45098039215686,998,9.55310621242485
491,506,9.66191446028513,9.44664031620553,997,9.55265797392176
491,508,9.65580448065173,9.44881889763779,999,9.55055055055055
487,512,9.65297741273101,9.443359375,999,9.54554554554555
490,509,9.66734693877551,9.42043222003929,999,9.54154154154154
491,507,9.66802443991853,9.42800788954635,998,9.54609218436874
487,512,9.65297741273101,9.41796875,999,9.53253253253253
479,520,9.64300626304802,9.40769230769231,999,9.52052052052052
485,514,9.65154639175258,9.39105058365759,999,9.51751751751752
486,513,9.66666666666667,9.40155945419103,999,9.53053053053053
490,509,9.64081632653061,9.3713163064833,999,9.5035035035035
475,524,9.65052631578947,9.37022900763359,999,9.5035035035035
478,521,9.64853556485356,9.36276391554702,999,9.4994994994995
483,515,9.64182194616977,9.3631067961165,998,9.49799599198397
482,517,9.65767634854772,9.37330754352031,999,9.51051051051051
501,498,9.65069860279441,9.37349397590361,999,9.51251251251251
499,500,9.65130260521042,9.362,999,9.50650650650651
512,487,9.65625,9.37987679671458,999,9.52152152152152
510,486,9.66470588235294,9.39094650205761,996,9.53112449799197
516,482,9.67829457364341,9.36099585062241,998,9.5250501002004
518,481,9.67374517374517,9.37629937629938,999,9.53053053053053
514,485,9.66536964980545,9.36082474226804,999,9.51751751751752
512,487,9.658203125,9.37577002053388,999,9.52052052052052
510,489,9.65490196078431,9.38445807770961,999,9.52252252252252
502,496,9.65537848605578,9.39516129032258,998,9.52605210420842
511,488,9.65166340508806,9.38319672131148,999,9.52052052052052
499,499,9.64128256513026,9.38276553106212,998,9.51202404809619
504,495,9.63293650793651,9.38383838383838,999,9.50950950950951
505,494,9.63762376237624,9.37449392712551,999,9.50750750750751
505,492,9.62574257425743,9.38211382113821,997,9.50551654964895
504,494,9.63095238095238,9.40283400809717,998,9.51803607214429
496,503,9.65322580645161,9.40357852882704,999,9.52752752752753
495,503,9.64444444444444,9.38369781312127,998,9.51302605210421
497,502,9.63380281690141,9.37450199203187,999,9.5035035035035
495,504,9.64646464646465,9.35714285714286,999,9.5005005005005
506,493,9.64229249011858,9.37728194726166,999,9.51151151151151
509,490,9.64047151277014,9.4,999,9.52252252252252
511,488,9.61839530332681,9.38114754098361,999,9.5025025025025
512,483,9.619140625,9.38095238095238,995,9.5035175879397
515,483,9.62718446601942,9.38095238095238,998,9.50801603206413
528,470,9.64393939393939,9.36170212765957,998,9.51102204408818
532,467,9.63533834586466,9.34047109207709,999,9.4974974974975
530,469,9.6377358490566,9.35181236673774,999,9.5035035035035
537,461,9.64432029795158,9.35791757049892,998,9.51202404809619
530,468,9.63018867924528,9.37606837606838,998,9.51102204408818
540,459,9.62777777777778,9.37037037037037,999,9.50950950950951
531,467,9.61581920903955,9.37901498929336,998,9.50501002004008
535,463,9.63738317757009,9.38012958963283,998,9.51803607214429
539,460,9.6530612244898,9.38913043478261,999,9.53153153153153
544,455,9.64338235294118,9.40659340659341,999,9.53553553553554
543,455,9.67403314917127,9.41758241758242,998,9.55711422845691
549,450,9.66848816029144,9.42,999,9.55655655655656
551,448,9.68058076225045,9.43303571428571,999,9.56956956956957
550,449,9.68181818181818,9.43875278396436,999,9.57257257257257
547,452,9.6837294332724,9.41814159292035,999,9.56356356356356
547,451,9.6837294332724,9.42793791574279,998,9.56813627254509
555,443,9.67567567567568,9.43115124153499,998,9.56713426853707
543,455,9.67771639042357,9.41978021978022,998,9.56012024048096
544,455,9.67279411764706,9.43296703296703,999,9.56356356356356
542,456,9.67712177121771,9.44298245614035,998,9.57014028056112
548,449,9.68248175182482,9.42093541202673,997,9.56469408224674
551,448,9.68421052631579,9.43973214285714,999,9.57457457457457
542,455,9.690036900369,9.43516483516484,997,9.57372116349047
540,458,9.66666666666667,9.44323144104803,998,9.56412825651303
534,465,9.66292134831461,9.4494623655914,999,9.56356356356356
529,470,9.65406427221172,9.44468085106383,999,9.55555555555556
533,465,9.66228893058161,9.42150537634409,998,9.5501002004008
526,472,9.65399239543726,9.40889830508475,998,9.53807615230461
534,465,9.66292134831461,9.40860215053763,999,9.54454454454454
528,471,9.65530303030303,9.4140127388535,999,9.54154154154154
527,471,9.6584440227704,9.39702760084926,998,9.53507014028056
516,480,9.64728682170543,9.4,996,9.5281124497992
521,476,9.64875239923225,9.40546218487395,997,9.53259779338014
521,476,9.65067178502879,9.43487394957983,997,9.54764292878636
518,481,9.65057915057915,9.41164241164241,999,9.53553553553554
531,467,9.65725047080979,9.41970021413276,998,9.54609218436874
530,469,9.66792452830189,9.42004264392324,999,9.55155155155155
526,469,9.67300380228137,9.4136460554371,995,9.55075376884422
521,477,9.67370441458733,9.44234800838574,998,9.56312625250501
518,481,9.68339768339768,9.41995841995842,999,9.55655655655656
522,474,9.67624521072797,9.44303797468354,996,9.56526104417671
541,457,9.67652495378928,9.47702407002188,998,9.58517034068136
538,459,9.6728624535316,9.49019607843137,997,9.58876629889669
543,456,9.68139963167588,9.49780701754386,999,9.5975975975976
547,451,9.6800731261426,9.51662971175166,998,9.6062124248497
553,446,9.6745027124774,9.52242152466368,999,9.60660660660661
546,453,9.68131868131868,9.52980132450331,999,9.61261261261261
539,459,9.6734693877551,9.5359477124183,998,9.61022044088176
546,452,9.68315018315018,9.53097345132743,998,9.61422845691383
539,457,9.67903525046382,9.52954048140044,996,9.61044176706827
539,459,9.67717996289425,9.51851851851852,998,9.60420841683367
537,461,9.6610800744879,9.54013015184382,998,9.60521042084168
533,466,9.66416510318949,9.5343347639485,999,9.6036036036036
538,458,9.65985130111524,9.55021834061135,996,9.60943775100402
541,457,9.66358595194085,9.53172866520788,998,9.60320641282565
533,465,9.67542213883677,9.53333333333333,998,9.60921843687375
533,466,9.69981238273921,9.54935622317597,999,9.62962962962963
533,465,9.70168855534709,9.54838709677419,998,9.63026052104208
533,465,9.71482176360225,9.54623655913979,998,9.63627254509018
536,463,9.70335820895522,9.55291576673866,999,9.63363363363363
530,468,9.71509433962264,9.51495726495727,998,9.62124248496994
531,468,9.71751412429379,9.53205128205128,999,9.63063063063063
528,471,9.71212121212121,9.54564755838641,999,9.63363363363363
514,484,9.72373540856031,9.53719008264463,998,9.63326653306613
533,465,9.72420262664165,9.56774193548387,998,9.65130260521042
525,472,9.73142857142857,9.55720338983051,997,9.64894684052156
532,466,9.72368421052632,9.568669527897,998,9.65130260521042
514,485,9.73540856031128,9.58350515463917,999,9.66166166166166
507,491,9.72781065088757,9.57841140529532,998,9.65430861723447
504,494,9.72619047619048,9.58097165991903,998,9.65430861723447
493,504,9.72616632860041,9.57142857142857,997,9.64794383149448
499,498,9.71142284569138,9.59236947791165,997,9.65195586760281
490,509,9.72040816326531,9.58546168958743,999,9.65165165165165
485,513,9.71546391752577,9.58479532163743,998,9.64829659318637
485,514,9.70103092783505,9.58949416342412,999,9.64364364364364
481,518,9.69022869022869,9.58880308880309,999,9.63763763763764
486,513,9.69135802469136,9.60428849902534,999,9.64664664664665
485,512,9.70103092783505,9.6015625,997,9.64994984954865
489,510,9.67893660531697,9.58823529411765,999,9.63263263263263
492,507,9.69105691056911,9.58382642998028,999,9.63663663663664
492,506,9.66666666666667,9.58102766798419,998,9.62324649298597
490,509,9.66734693877551,9.59135559921415,999,9.62862862862863
497,502,9.67605633802817,9.58565737051793,999,9.63063063063063
492,506,9.69105691056911,9.58300395256917,998,9.63627254509018
495,503,9.69090909090909,9.59045725646123,998,9.64028056112224
494,505,9.68825910931174,9.58217821782178,999,9.63463463463463
491,506,9.70468431771894,9.57905138339921,997,9.64092276830491
487,512,9.70636550308008,9.599609375,999,9.65165165165165
492,507,9.71138211382114,9.57988165680473,999,9.64464464464464
491,508,9.71894093686354,9.6003937007874,999,9.65865865865866
492,506,9.72967479674797,9.61462450592885,998,9.67134268537074
485,513,9.73814432989691,9.59844054580897,998,9.66633266533066
494,503,9.72672064777328,9.59840954274354,997,9.66198595787362
482,516,9.74273858921162,9.57945736434108,998,9.65831663326653
494,505,9.74696356275304,9.58415841584158,999,9.66466466466466
491,508,9.73727087576375,9.59842519685039,999,9.66666666666667
495,503,9.74343434343434,9.59443339960239,998,9.66833667334669
496,501,9.73387096774194,9.59880239520958,997,9.66599799398195
497,501,9.74849094567404,9.58882235528942,998,9.66833667334669
494,505,9.75708502024291,9.58217821782178,999,9.66866866866867
495,503,9.75555555555556,9.57256461232604,998,9.66332665330661
485,513,9.74432989690722,9.55945419103314,998,9.64929859719439
490,507,9.73061224489796,9.57001972386588,997,9.64894684052156
491,507,9.73523421588595,9.58777120315582,998,9.66032064128257
482,516,9.7344398340249,9.58139534883721,998,9.65531062124249
486,513,9.74074074074074,9.58089668615984,999,9.65865865865866
488,511,9.74795081967213,9.57142857142857,999,9.65765765765766
488,507,9.73360655737705,9.57593688362919,995,9.65326633165829
493,504,9.73022312373225,9.58333333333333,997,9.65596790371113
499,500,9.72545090180361,9.592,999,9.65865865865866
499,499,9.71943887775551,9.61122244488978,998,9.66533066132265
499,500,9.7314629258517,9.592,999,9.66166166166166
502,497,9.73306772908366,9.60362173038229,999,9.66866866866867
508,491,9.74015748031496,9.61303462321792,999,9.67767767767768
516,482,9.75387596899225,9.61203319502075,998,9.68537074148297
518,481,9.74517374517374,9.62370062370062,999,9.68668668668669
516,482,9.7577519379845,9.63278008298755,998,9.69739478957916
515,483,9.76504854368932,9.62732919254658,998,9.69839679358717
514,484,9.76653696498055,9.63636363636364,998,9.70340681362725
514,484,9.76459143968872,9.6301652892562,998,9.69939879759519
518,479,9.76061776061776,9.64091858037578,997,9.70310932798395
525,473,9.75809523809524,9.64693446088795,998,9.70541082164329
526,473,9.77376425855513,9.64482029598309,999,9.71271271271271
521,478,9.76199616122841,9.61924686192469,999,9.69369369369369
535,463,9.78504672897196,9.60259179265659,998,9.70040080160321
530,469,9.77547169811321,9.59061833688699,999,9.68868868868869
529,469,9.77882797731569,9.58208955223881,998,9.68637274549098
526,473,9.78326996197719,9.59830866807611,999,9.6956956956957
532,467,9.76691729323308,9.58886509635974,999,9.68368368368368
533,465,9.76923076923077,9.59354838709677,998,9.687374749499
536,461,9.75746268656716,9.60737527114967,997,9.68806419257773
532,467,9.75375939849624,9.61027837259101,999,9.68668668668669
540,459,9.75185185185185,9.61002178649237,999,9.68668668668669
538,460,9.75092936802974,9.63260869565217,998,9.69639278557114
535,463,9.74392523364486,9.62634989200864,998,9.68937875751503
534,465,9.73782771535581,9.63010752688172,999,9.68768768768769
522,477,9.73946360153257,9.62893081761006,999,9.68668668668669
527,472,9.73814041745731,9.61652542372881,999,9.68068068068068
527,471,9.73814041745731,9.60084925690021,998,9.67334669338677
528,471,9.7405303030303,9.61995753715499,999,9.68368368368368
529,469,9.7296786389414,9.61407249466951,998,9.67535070140281
528,471,9.73863636363636,9.62208067940552,999,9.68368368368368
529,468,9.73534971644612,9.62820512820513,997,9.68505516549649
530,469,9.72641509433962,9.62899786780384,999,9.68068068068068
535,463,9.72336448598131,9.63282937365011,998,9.6813627254509
539,459,9.72356215213358,9.63834422657952,998,9.68436873747495
539,458,9.72727272727273,9.64847161572052,997,9.69107321965898
549,450,9.72313296903461,9.64444444444444,999,9.68768768768769
566,433,9.71731448763251,9.65127020785219,999,9.68868868868869
569,428,9.71880492091388,9.64252336448598,997,9.68605817452357
566,433,9.71731448763251,9.65588914549654,999,9.69069069069069
570,428,9.71929824561403,9.63317757009346,998,9.68236472945892
565,433,9.73097345132743,9.64896073903002,998,9.69539078156313
566,433,9.72614840989399,9.62124711316397,999,9.68068068068068
566,431,9.72791519434629,9.60788863109049,997,9.67602808425276
570,428,9.72105263157895,9.63084112149533,998,9.68236472945892
571,427,9.72854640980736,9.62295081967213,998,9.68336673346693
570,429,9.7140350877193,9.64568764568765,999,9.68468468468468
568,431,9.71302816901408,9.63109048723898,999,9.67767767767768
558,440,9.69713261648745,9.61590909090909,998,9.66132264529058
563,435,9.70870337477798,9.62528735632184,998,9.67234468937876
566,432,9.69434628975265,9.62731481481481,998,9.66533066132265
565,434,9.68849557522124,9.61981566820277,999,9.65865865865866
564,435,9.69148936170213,9.62068965517241,999,9.66066066066066
567,432,9.67724867724868,9.63194444444444,999,9.65765765765766
570,429,9.66666666666667,9.63403263403263,999,9.65265265265265
565,433,9.66725663716814,9.63741339491917,998,9.65430861723447
578,420,9.69031141868512,9.62142857142857,998,9.66132264529058
578,421,9.69204152249135,9.6104513064133,999,9.65765765765766
572,426,9.70104895104895,9.62441314553991,998,9.66833667334669
571,428,9.68651488616462,9.64018691588785,999,9.66666666666667
578,419,9.69031141868512,9.63245823389022,997,9.66599799398195
578,420,9.69377162629758,9.66190476190476,998,9.68036072144289
588,410,9.68367346938776,9.65365853658537,998,9.67134268537074
587,410,9.69505962521295,9.66585365853659,997,9.68304914744233
596,402,9.69798657718121,9.65174129353234,998,9.67935871743487
589,410,9.70288624787776,9.64390243902439,999,9.67867867867868
585,412,9.70940170940171,9.64320388349515,997,9.68204613841525
591,408,9.71912013536379,9.64460784313725,999,9.68868868868869
588,411,9.72448979591837,9.63990267639903,999,9.68968968968969
586,412,9.74232081911263,9.65533980582524,998,9.7064128256513
583,415,9.74442538593482,9.65060240963855,998,9.70541082164329
584,415,9.74828767123288,9.6578313253012,999,9.71071071071071
580,419,9.73793103448276,9.66587112171838,999,9.70770770770771
580,418,9.74137931034483,9.66746411483254,998,9.71042084168337
589,407,9.73684210526316,9.66584766584767,996,9.70783132530121
599,400,9.72787979966611,9.6575,999,9.6996996996997
601,397,9.73211314475873,9.67758186397985,998,9.71042084168337
606,392,9.72937293729373,9.68622448979592,998,9.7124248496994
602,397,9.73089700996678,9.69017632241814,999,9.71471471471471
599,398,9.73121869782972,9.70603015075377,997,9.72116349047141
601,398,9.73377703826955,9.70603015075377,999,9.72272272272272
609,390,9.73891625615764,9.70769230769231,999,9.72672672672673
599,398,9.74123539232053,9.71105527638191,997,9.72918756268806
604,395,9.73675496688742,9.75189873417722,999,9.74274274274274
605,392,9.72727272727273,9.75510204081633,997,9.7382146439318
617,381,9.73419773095624,9.75853018372703,998,9.7434869739479
613,384,9.73572593800979,9.75260416666667,997,9.74222668004012
621,378,9.73752012882448,9.76190476190476,999,9.74674674674675
611,388,9.7430441898527,9.76546391752577,999,9.75175175175175
615,384,9.75121951219512,9.76041666666667,999,9.75475475475475
609,389,9.75205254515599,9.76092544987146,998,9.75551102204409
611,388,9.75941080196399,9.76546391752577,999,9.76176176176176
606,392,9.76237623762376,9.74234693877551,998,9.75450901803607
607,392,9.7495881383855,9.76020408163265,999,9.75375375375375
599,399,9.74958263772955,9.75689223057644,998,9.75250501002004
608,390,9.75328947368421,9.75384615384615,998,9.75350701402806
611,386,9.74631751227496,9.76424870466321,997,9.75325977933801
621,378,9.7487922705314,9.76455026455026,999,9.75475475475475
619,380,9.75121163166397,9.76842105263158,999,9.75775775775776
619,380,9.75444264943457,9.77368421052632,999,9.76176176176176
617,381,9.75040518638574,9.78740157480315,998,9.76452905811623
618,381,9.74271844660194,9.80577427821522,999,9.76676676676677
614,385,9.73615635179153,9.80519480519481,999,9.76276276276276
608,391,9.74342105263158,9.80818414322251,999,9.76876876876877
608,389,9.74177631578947,9.79948586118252,997,9.76429287863591
603,396,9.73300165837479,9.80050505050505,999,9.75975975975976
605,393,9.72561983471074,9.79389312977099,998,9.75250501002004
608,390,9.72368421052632,9.8025641025641,998,9.75450901803607
600,399,9.72333333333333,9.78947368421053,999,9.74974974974975
594,404,9.73063973063973,9.7970297029703,998,9.75751503006012
585,414,9.71794871794872,9.79227053140097,999,9.74874874874875
589,408,9.73005093378608,9.78186274509804,997,9.75125376128385
579,420,9.71848013816926,9.79047619047619,999,9.74874874874875
579,419,9.72711571675302,9.7708830548926,998,9.74549098196393
576,422,9.71527777777778,9.7654028436019,998,9.73647294589178
581,416,9.73321858864028,9.75961538461539,997,9.74423269809428
573,425,9.72251308900524,9.75058823529412,998,9.73446893787575
590,409,9.72542372881356,9.74327628361858,999,9.73273273273273
578,421,9.72318339100346,9.74821852731591,999,9.73373373373373
582,416,9.73711340206185,9.73798076923077,998,9.7374749498998
584,415,9.71746575342466,9.76144578313253,999,9.73573573573574
590,409,9.72033898305085,9.76283618581907,999,9.73773773773774
587,411,9.70868824531516,9.76885644768856,998,9.73346693386774
586,411,9.72184300341297,9.78345498783455,997,9.74724172517553
591,407,9.73942470389171,9.78869778869779,998,9.75951903807615
595,403,9.74285714285714,9.78660049627792,998,9.76052104208417
590,408,9.75084745762712,9.77696078431373,998,9.76152304609218
585,413,9.74017094017094,9.77966101694915,998,9.7565130260521
588,411,9.74319727891156,9.78832116788321,999,9.76176176176176
578,420,9.72837370242214,9.78809523809524,998,9.75350701402806
585,414,9.72136752136752,9.79951690821256,999,9.75375375375375
580,419,9.72241379310345,9.8019093078759,999,9.75575575575576
574,425,9.73867595818815,9.79058823529412,999,9.76076076076076
580,419,9.75,9.80668257756563,999,9.77377377377377
573,424,9.74171029668412,9.79481132075472,997,9.76429287863591
568,430,9.74647887323944,9.8,998,9.76953907815631
570,428,9.75614035087719,9.78504672897196,998,9.7685370741483
564,435,9.75886524822695,9.78620689655172,999,9.77077077077077
563,435,9.76198934280639,9.8,998,9.77855711422846
563,436,9.76021314387211,9.79128440366972,999,9.77377377377377
560,438,9.775,9.77853881278539,998,9.77655310621243
570,429,9.77368421052632,9.77389277389277,999,9.77377377377377
564,435,9.77482269503546,9.77011494252874,999,9.77277277277277
564,434,9.77304964539007,9.77649769585253,998,9.77454909819639
565,434,9.77345132743363,9.78801843317972,999,9.77977977977978
564,434,9.77836879432624,9.77649769585253,998,9.77755511022044
572,427,9.77447552447553,9.78454332552693,999,9.77877877877878
571,427,9.77758318739054,9.77751756440281,998,9.77755511022044
573,426,9.79057591623037,9.78638497652582,999,9.78878878878879
574,425,9.78048780487805,9.78823529411765,999,9.78378378378378
573,425,9.79057591623037,9.8,998,9.79458917835671
577,422,9.79029462738302,9.81042654028436,999,9.7987987987988
567,430,9.78483245149912,9.81395348837209,997,9.79739217652959
566,431,9.78975265017668,9.82598607888631,997,9.80541624874624
559,440,9.78354203935599,9.81818181818182,999,9.7987987987988
551,448,9.78221415607985,9.81473214285714,999,9.7967967967968
552,445,9.78079710144928,9.82921348314607,997,9.80240722166499
548,449,9.77554744525547,9.83073496659243,997,9.80040120361083
547,452,9.76599634369287,9.82964601769912,999,9.79479479479479
548,451,9.76094890510949,9.83592017738359,999,9.79479479479479
549,449,9.76684881602914,9.83518930957684,998,9.79759519038076
545,454,9.74678899082569,9.83039647577093,999,9.78478478478478
546,451,9.73809523809524,9.83592017738359,997,9.78234704112337
551,448,9.7459165154265,9.83258928571429,999,9.78478478478478
553,446,9.74502712477396,9.84080717488789,999,9.78778778778779
553,445,9.75768535262206,9.84044943820225,998,9.79458917835671
557,442,9.76660682226212,9.83710407239819,999,9.7977977977978
559,440,9.76923076923077,9.82954545454546,999,9.7957957957958
556,442,9.78597122302158,9.82579185520362,998,9.80360721442886
556,442,9.77517985611511,9.82579185520362,998,9.79759519038076
558,437,9.79390681003584,9.82837528604119,995,9.80904522613065
553,446,9.79385171790235,9.82511210762332,999,9.80780780780781
546,453,9.79120879120879,9.82781456953642,999,9.80780780780781
539,459,9.78664192949907,9.81481481481481,998,9.79959919839679
539,460,9.78293135435993,9.8195652173913,999,9.7997997997998
533,465,9.79362101313321,9.81935483870968,998,9.80561122244489
528,470,9.79545454545454,9.81914893617021,998,9.80661322645291
519,480,9.80154142581888,9.81875,999,9.80980980980981
507,492,9.7948717948718,9.82317073170732,999,9.80880880880881
512,487,9.81640625,9.81930184804928,999,9.81781781781782
511,488,9.81800391389432,9.82172131147541,999,9.81981981981982
518,480,9.81660231660232,9.81458333333333,998,9.81563126252505
521,478,9.82725527831094,9.8326359832636,999,9.82982982982983
522,477,9.83716475095785,9.82599580712788,999,9.83183183183183
526,472,9.83650190114068,9.82203389830508,998,9.82965931863727
533,465,9.84052532833021,9.81935483870968,998,9.83066132264529
536,461,9.83768656716418,9.8351409978308,997,9.83650952858576
542,456,9.84870848708487,9.83552631578947,998,9.84268537074148
543,455,9.84898710865562,9.83956043956044,998,9.84468937875751
548,451,9.85401459854015,9.84257206208426,999,9.84884884884885
538,461,9.8457249070632,9.83731019522777,999,9.84184184184184
548,451,9.84124087591241,9.83370288248337,999,9.83783783783784
551,448,9.84392014519056,9.83258928571429,999,9.83883883883884
542,455,9.8450184501845,9.81978021978022,997,9.83350050150451
547,452,9.83912248628885,9.82743362831858,999,9.83383383383383
549,450,9.84335154826958,9.82,999,9.83283283283283
556,442,9.84172661870504,9.81900452488688,998,9.83166332665331
553,446,9.84448462929476,9.81165919282511,999,9.82982982982983
564,432,9.84929078014184,9.81481481481481,996,9.83433734939759
580,419,9.84310344827586,9.79713603818616,999,9.82382382382382
577,422,9.84402079722704,9.80331753554502,999,9.82682682682683
584,414,9.84931506849315,9.81159420289855,998,9.83366733466934
586,413,9.85153583617747,9.81598062953995,999,9.83683683683684
588,411,9.85204081632653,9.82238442822384,999,9.83983983983984
584,415,9.84931506849315,9.82168674698795,999,9.83783783783784
585,413,9.85470085470086,9.83535108958838,998,9.84669338677355
572,426,9.85664335664336,9.83568075117371,998,9.84769539078156
572,427,9.86888111888112,9.84543325526932,999,9.85885885885886
573,426,9.8673647469459,9.83098591549296,999,9.85185185185185
568,430,9.87147887323944,9.83023255813954,998,9.85370741482966
554,445,9.86823104693141,9.82921348314607,999,9.85085085085085
543,455,9.88029465930018,9.82197802197802,998,9.85370741482966
548,451,9.87773722627737,9.82483370288248,999,9.85385385385385
546,453,9.88278388278388,9.81456953642384,999,9.85185185185185
544,453,9.87867647058824,9.8233995584989,997,9.85356068204614
536,461,9.875,9.83080260303688,997,9.85456369107322
531,468,9.88135593220339,9.82692307692308,999,9.85585585585586
528,470,9.87878787878788,9.82553191489362,998,9.85370741482966
517,481,9.87234042553191,9.81912681912682,998,9.84669338677355
520,476,9.87307692307692,9.82352941176471,996,9.84939759036145
517,482,9.86460348162476,9.8298755186722,999,9.84784784784785
513,486,9.85575048732943,9.83950617283951,999,9.84784784784785
521,478,9.85220729366603,9.84100418410042,999,9.84684684684685
516,482,9.85658914728682,9.85269709543569,998,9.85470941883768
524,474,9.86832061068702,9.85021097046413,998,9.85971943887776
512,487,9.865234375,9.85420944558522,999,9.85985985985986
512,487,9.859375,9.85831622176591,999,9.85885885885886
516,482,9.86627906976744,9.85269709543569,998,9.85971943887776
518,481,9.87065637065637,9.85446985446985,999,9.86286286286286
506,493,9.8695652173913,9.85192697768763,999,9.86086086086086
503,496,9.86679920477137,9.85887096774194,999,9.86286286286286
505,493,9.86732673267327,9.86004056795132,998,9.86372745490982
506,492,9.86758893280632,9.86178861788618,998,9.86472945891784
507,492,9.86587771203156,9.86788617886179,999,9.86686686686687
507,490,9.87376725838264,9.8734693877551,997,9.87362086258776
506,493,9.87549407114624,9.8762677484787,999,9.87587587587588
501,496,9.88622754491018,9.87903225806452,997,9.8826479438315
496,503,9.88709677419355,9.88667992047714,999,9.88688688688689
501,498,9.89021956087824,9.89357429718875,999,9.89189189189189
495,504,9.89292929292929,9.88492063492063,999,9.88888888888889
504,495,9.89285714285714,9.88888888888889,999,9.89089089089089
495,503,9.8949494949495,9.88270377733598,998,9.88877755511022
493,505,9.89655172413793,9.89108910891089,998,9.8937875751503
496,503,9.89314516129032,9.88866799204771,999,9.89089089089089
492,506,9.89837398373984,9.87944664031621,998,9.88877755511022
487,510,9.90554414784394,9.88627450980392,997,9.89568706118355
481,517,9.8981288981289,9.88201160541586,998,9.88977955911824
482,517,9.89211618257261,9.88781431334623,999,9.88988988988989
492,507,9.88414634146342,9.89349112426036,999,9.88888888888889
479,520,9.88935281837161,9.89230769230769,999,9.89089089089089
465,534,9.88172043010753,9.89138576779026,999,9.88688688688689
458,541,9.87991266375546,9.89279112754159,999,9.88688688688689
455,543,9.87912087912088,9.89686924493554,998,9.88877755511022
457,541,9.87746170678337,9.89279112754159,998,9.88577154308617
462,536,9.87662337662338,9.90671641791045,998,9.89278557114229
468,530,9.87393162393162,9.90943396226415,998,9.89278557114229
457,540,9.87527352297593,9.91296296296296,997,9.89568706118355
458,541,9.86899563318777,9.909426987061,999,9.89089089089089
458,540,9.87117903930131,9.91851851851852,998,9.89679358717435
452,546,9.86725663716814,9.91758241758242,998,9.89478957915832
449,546,9.86636971046771,9.91941391941392,995,9.89547738693467
439,560,9.86104783599089,9.91428571428571,999,9.89089089089089
439,560,9.86560364464692,9.91785714285714,999,9.89489489489489
438,560,9.86529680365297,9.91428571428571,998,9.89278557114229
428,571,9.85981308411215,9.91418563922942,999,9.89089089089089
426,573,9.86150234741784,9.91623036649215,999,9.89289289289289
420,578,9.85714285714286,9.91349480968858,998,9.88977955911824
414,585,9.86231884057971,9.91794871794872,999,9.89489489489489
407,592,9.86486486486486,9.91385135135135,999,9.89389389389389
414,585,9.8695652173913,9.91282051282051,999,9.89489489489489
414,585,9.8792270531401,9.90940170940171,999,9.8968968968969
406,590,9.88916256157635,9.90677966101695,996,9.8995983935743
412,587,9.88349514563107,9.90800681431005,999,9.8978978978979
421,578,9.88361045130641,9.9083044982699,999,9.8978978978979
419,574,9.88066825775656,9.91289198606272,993,9.89929506545821
427,572,9.87822014051522,9.90734265734266,999,9.89489489489489
421,577,9.87173396674584,9.90294627383016,998,9.88977955911824
428,571,9.86682242990654,9.90367775831874,999,9.88788788788789
422,577,9.87440758293839,9.89948006932409,999,9.88888888888889
420,579,9.86666666666667,9.89810017271157,999,9.88488488488488
417,582,9.85851318944844,9.89690721649485,999,9.88088088088088
420,577,9.86428571428571,9.89948006932409,997,9.88465396188566
406,592,9.85221674876847,9.90371621621622,998,9.88276553106212
409,590,9.85819070904645,9.90508474576271,999,9.88588588588589
407,592,9.85749385749386,9.90709459459459,999,9.88688688688689
415,584,9.85301204819277,9.90753424657534,999,9.88488488488488
405,593,9.85185185185185,9.90893760539629,998,9.88577154308617
406,593,9.8448275862069,9.90725126475548,999,9.88188188188188
410,589,9.84390243902439,9.90831918505942,999,9.88188188188188
412,587,9.84708737864078,9.9045996592845,999,9.88088088088088
399,600,9.86215538847118,9.90166666666667,999,9.88588588588589
395,603,9.85316455696202,9.90381426202322,998,9.88376753507014
394,605,9.86802030456853,9.90578512396694,999,9.89089089089089
394,605,9.87055837563452,9.90082644628099,999,9.88888888888889
392,607,9.87244897959184,9.90609555189456,999,9.89289289289289
379,620,9.88126649076517,9.91129032258065,999,9.8998998998999
387,611,9.87596899224806,9.90834697217676,998,9.89579158316633
383,615,9.87467362924282,9.90894308943089,998,9.89579158316633
381,618,9.86614173228346,9.90938511326861,999,9.89289289289289
379,619,9.86807387862797,9.91922455573506,998,9.8997995991984
380,619,9.87105263157895,9.91437802907916,999,9.8978978978979
374,625,9.87165775401069,9.912,999,9.8968968968969
377,621,9.87533156498674,9.91304347826087,998,9.89879759519038
374,625,9.87700534759358,9.9232,999,9.90590590590591
383,615,9.8798955613577,9.91869918699187,998,9.90380761523046
371,627,9.88679245283019,9.91866028708134,998,9.90681362725451
371,628,9.90026954177898,9.9187898089172,999,9.91191191191191
366,632,9.8879781420765,9.90822784810127,998,9.90080160320641
368,630,9.90217391304348,9.91587301587302,998,9.91082164328657
370,629,9.8972972972973,9.9093799682035,999,9.9049049049049
367,632,9.89645776566758,9.9129746835443,999,9.90690690690691
361,637,9.89196675900277,9.91993720565149,998,9.90981963927856
353,646,9.88951841359773,9.91950464396285,999,9.90890890890891
354,642,9.89265536723164,9.91588785046729,996,9.90763052208835
366,633,9.89617486338798,9.90995260663507,999,9.9049049049049
357,642,9.88515406162465,9.92056074766355,999,9.90790790790791
358,641,9.89664804469274,9.91731669266771,999,9.90990990990991
360,639,9.89722222222222,9.92488262910798,999,9.91491491491491
367,631,9.89645776566758,9.92076069730586,998,9.91182364729459
372,626,9.89784946236559,9.92172523961661,998,9.9128256513026
372,626,9.90591397849462,9.92172523961661,998,9.91583166332665
374,625,9.90641711229947,9.9168,999,9.91291291291291
367,631,9.89645776566758,9.92234548335975,998,9.9128256513026
375,624,9.904,9.91666666666667,999,9.91191191191191
379,620,9.89973614775726,9.91774193548387,999,9.91091091091091
376,622,9.90425531914894,9.91800643086817,998,9.9128256513026
379,619,9.9023746701847,9.91760904684976,998,9.91182364729459
381,618,9.90288713910761,9.91585760517799,999,9.91091091091091
371,628,9.90835579514825,9.9140127388535,999,9.91191191191191
379,619,9.89973614775726,9.92245557350565,998,9.91382765531062
372,627,9.90322580645161,9.92025518341308,999,9.91391391391391
375,624,9.904,9.91025641025641,999,9.90790790790791
378,618,9.91005291005291,9.90614886731392,996,9.90763052208835
386,613,9.91450777202073,9.90864600326264,999,9.91091091091091
390,609,9.91538461538462,9.91297208538588,999,9.91391391391391
387,611,9.91989664082687,9.91162029459902,998,9.91482965931864
393,606,9.9236641221374,9.91584158415842,999,9.91891891891892
389,608,9.92287917737789,9.91940789473684,997,9.92076228686058
394,604,9.91878172588832,9.92880794701987,998,9.9248496993988
383,615,9.91383812010444,9.93333333333333,998,9.92585170340681
382,615,9.91099476439791,9.93983739837398,997,9.92878635907723
386,612,9.90414507772021,9.94281045751634,998,9.92785571142285
374,625,9.90909090909091,9.9408,999,9.92892892892893
364,634,9.89835164835165,9.94321766561514,998,9.92685370741483
368,631,9.89402173913044,9.94136291600634,999,9.92392392392392
367,632,9.88828337874659,9.93987341772152,999,9.92092092092092
361,637,9.89750692520776,9.93877551020408,998,9.92384769539078
368,630,9.91032608695652,9.93968253968254,998,9.92885771543086
357,640,9.89915966386555,9.940625,997,9.92577733199599
362,637,9.89502762430939,9.94976452119309,999,9.92992992992993
365,631,9.88767123287671,9.95245641838352,996,9.92871485943775
372,627,9.88709677419355,9.94736842105263,999,9.92492492492492
362,636,9.88950276243094,9.95125786163522,998,9.92885771543086
368,630,9.88315217391304,9.94761904761905,998,9.92384769539078
364,635,9.89010989010989,9.94803149606299,999,9.92692692692693
365,633,9.89315068493151,9.9478672985782,998,9.92785571142285
366,633,9.89071038251366,9.95102685624013,999,9.92892892892893
366,631,9.8879781420765,9.9540412044374,997,9.92978936810431
357,641,9.89355742296919,9.95319812792512,998,9.93186372745491
358,641,9.89944134078212,9.95007800312012,999,9.93193193193193
349,650,9.89684813753582,9.94769230769231,999,9.92992992992993
342,656,9.9093567251462,9.94664634146342,998,9.93386773547094
348,651,9.90804597701149,9.94623655913978,999,9.93293293293293
344,654,9.90988372093023,9.94495412844037,998,9.93286573146293
342,656,9.91228070175439,9.94664634146342,998,9.93486973947896
345,651,9.91304347826087,9.94470046082949,996,9.93373493975904
336,663,9.91071428571429,9.94117647058824,999,9.93093093093093
344,654,9.91860465116279,9.94954128440367,998,9.93887775551102
336,663,9.92857142857143,9.94720965309201,999,9.94094094094094
340,658,9.92352941176471,9.9468085106383,998,9.93887775551102
331,668,9.92447129909366,9.94161676646707,999,9.93593593593594
346,653,9.91618497109827,9.94333843797856,999,9.93393393393393
356,643,9.91292134831461,9.94245723172628,999,9.93193193193193
356,641,9.91292134831461,9.94071762870515,997,9.93079237713139
359,640,9.9108635097493,9.9421875,999,9.93093093093093
365,632,9.91506849315068,9.94145569620253,997,9.93179538615848
372,626,9.91129032258065,9.9408945686901,998,9.92985971943888
367,632,9.91553133514986,9.93987341772152,999,9.93093093093093
367,631,9.91553133514986,9.93819334389857,998,9.92985971943888
366,633,9.92349726775956,9.93364928909953,999,9.92992992992993
361,637,9.92243767313019,9.93720565149137,998,9.93186372745491
362,636,9.92265193370166,9.93396226415094,998,9.92985971943888
353,644,9.92067988668555,9.93788819875776,997,9.93179538615848
348,649,9.92241379310345,9.93682588597843,997,9.93179538615848
343,655,9.93002915451895,9.94045801526718,998,9.93687374749499
332,667,9.92771084337349,9.94302848575712,999,9.93793793793794
333,665,9.92792792792793,9.94736842105263,998,9.94088176352705
334,664,9.92814371257485,9.94578313253012,998,9.93987975951904
334,663,9.93712574850299,9.94570135746606,997,9.94282848545637
331,668,9.93051359516616,9.94610778443114,999,9.94094094094094
336,663,9.93154761904762,9.94570135746606,999,9.94094094094094
334,665,9.9311377245509,9.94436090225564,999,9.93993993993994
330,668,9.92121212121212,9.94610778443114,998,9.93787575150301
328,670,9.92378048780488,9.94925373134328,998,9.94088176352705
327,672,9.92354740061162,9.95089285714286,999,9.94194194194194
315,682,9.91428571428571,9.95307917888563,997,9.94082246740221
323,676,9.91950464396285,9.94822485207101,999,9.93893893893894
324,675,9.91049382716049,9.94518518518518,999,9.93393393393393
322,677,9.91304347826087,9.9423929098966,999,9.93293293293293
323,676,9.91640866873065,9.94378698224852,999,9.93493493493493
325,673,9.92307692307692,9.94353640416048,998,9.93687374749499
320,677,9.91875,9.9453471196455,997,9.93681043129388
321,678,9.90654205607477,9.94837758112094,999,9.93493493493493
319,680,9.90595611285266,9.94411764705882,999,9.93193193193193
329,670,9.89665653495441,9.94626865671642,999,9.92992992992993
327,672,9.89908256880734,9.94494047619048,999,9.92992992992993
331,667,9.89425981873112,9.94152923538231,998,9.92585170340681
316,681,9.89556962025316,9.93979441997063,997,9.92577733199599
321,677,9.90342679127726,9.93648449039882,998,9.92585170340681
312,686,9.90705128205128,9.93148688046647,998,9.92384769539078
318,680,9.90566037735849,9.93676470588235,998,9.92685370741483
324,674,9.90432098765432,9.93620178041543,998,9.92585170340681
318,679,9.89937106918239,9.93814432989691,997,9.92577733199599
314,682,9.90445859872611,9.93695014662757,996,9.92670682730924
307,692,9.89902280130293,9.94219653179191,999,9.92892892892893
308,691,9.9025974025974,9.94066570188133,999,9.92892892892893
313,685,9.91054313099042,9.94014598540146,998,9.93086172344689
306,693,9.91503267973856,9.94516594516594,999,9.93593593593594
303,695,9.90759075907591,9.94676258992806,998,9.93486973947896
305,693,9.91475409836066,9.94660894660895,998,9.93687374749499
302,695,9.92715231788079,9.94820143884892,997,9.94182547642929
309,689,9.9126213592233,9.94629898403483,998,9.93587174348697
308,690,9.91233766233766,9.94782608695652,998,9.93687374749499
310,689,9.90967741935484,9.94629898403483,999,9.93493493493493
296,703,9.90878378378378,9.94594594594595,999,9.93493493493493
305,693,9.8983606557377,9.94516594516594,998,9.93086172344689
298,701,9.89261744966443,9.94293865905849,999,9.92792792792793
303,695,9.88448844884488,9.94244604316547,998,9.9248496993988
302,697,9.87748344370861,9.93687230989957,999,9.91891891891892
303,695,9.88118811881188,9.93956834532374,998,9.92184368737475
304,693,9.88157894736842,9.94372294372294,997,9.92477432296891
304,695,9.89144736842105,9.94388489208633,999,9.92792792792793
301,697,9.90033222591362,9.93974175035868,998,9.92785571142285
296,703,9.90202702702703,9.94310099573257,999,9.93093093093093
303,695,9.9042904290429,9.94532374100719,998,9.93286573146293
298,700,9.91610738255033,9.94,998,9.93286573146293
299,699,9.91304347826087,9.94563662374821,998,9.93587174348697
293,706,9.92491467576792,9.94900849858357,999,9.94194194194194
291,705,9.92439862542955,9.95035460992908,996,9.94277108433735
282,714,9.91843971631206,9.95238095238095,996,9.94277108433735
287,711,9.93031358885017,9.9549929676512,998,9.94789579158317
277,722,9.92418772563177,9.95429362880886,999,9.94594594594595
278,720,9.93165467625899,9.95138888888889,998,9.94589178356713
272,727,9.91544117647059,9.95048143053645,999,9.94094094094094
275,724,9.92,9.95165745856354,999,9.94294294294294
275,723,9.90909090909091,9.95297372060858,998,9.94088176352705
280,718,9.91428571428571,9.95961002785515,998,9.94689378757515
285,713,9.90526315789474,9.96072931276297,998,9.94488977955912
286,713,9.9055944055944,9.96213183730715,999,9.94594594594595
283,716,9.89399293286219,9.9622905027933,999,9.94294294294294
288,711,9.88194444444444,9.9648382559775,999,9.94094094094094
285,714,9.88421052631579,9.96218487394958,999,9.93993993993994
291,708,9.87285223367698,9.96045197740113,999,9.93493493493493
287,711,9.88501742160279,9.9563994374121,998,9.93587174348697
283,716,9.88339222614841,9.95670391061453,999,9.93593593593594
291,707,9.89347079037801,9.95615275813296,998,9.93787575150301
292,707,9.89041095890411,9.95049504950495,999,9.93293293293293
293,705,9.88737201365188,9.95602836879433,998,9.93587174348697
300,699,9.9,9.9513590844063,999,9.93593593593594
299,700,9.89297658862876,9.95142857142857,999,9.93393393393393
302,696,9.91059602649007,9.94683908045977,998,9.93587174348697
297,700,9.8989898989899,9.95142857142857,997,9.9358074222668
294,704,9.90136054421769,9.953125,998,9.93787575150301
298,700,9.89597315436242,9.95,998,9.93386773547094
294,705,9.90136054421769,9.95035460992908,999,9.93593593593594
295,702,9.91864406779661,9.94871794871795,997,9.93981945837513
293,705,9.92832764505119,9.94893617021277,998,9.94288577154309
295,703,9.92881355932203,9.94452347083926,998,9.93987975951904
290,709,9.92068965517241,9.94499294781382,999,9.93793793793794
281,717,9.93594306049822,9.94281729428173,998,9.94088176352705
278,721,9.93525179856115,9.94868238557559,999,9.94494494494494
277,722,9.93501805054152,9.94598337950139,999,9.94294294294294
278,721,9.94604316546763,9.94590846047157,999,9.94594594594595
274,725,9.94890510948905,9.9448275862069,999,9.94594594594595
270,728,9.94814814814815,9.94642857142857,998,9.94689378757515
280,719,9.94642857142857,9.94575799721836,999,9.94594594594595
276,722,9.94202898550725,9.94459833795014,998,9.9438877755511
278,721,9.93884892086331,9.9500693481276,999,9.94694694694695
277,720,9.92779783393502,9.95,997,9.94383149448345
282,717,9.92553191489362,9.94700139470014,999,9.94094094094094
285,714,9.91929824561404,9.94957983193277,999,9.94094094094094
296,703,9.92567567567568,9.94736842105263,999,9.94094094094094
296,702,9.9222972972973,9.95156695156695,998,9.94288577154309
301,697,9.91694352159468,9.95408895265423,998,9.94288577154309
304,694,9.91118421052632,9.95677233429395,998,9.94288577154309
300,697,9.90333333333333,9.95695839311334,997,9.94082246740221
300,699,9.9,9.9585121602289,999,9.94094094094094
300,698,9.89,9.96131805157593,998,9.93987975951904
296,703,9.89189189189189,9.9601706970128,999,9.93993993993994
290,709,9.87586206896552,9.96473906911142,999,9.93893893893894
292,707,9.87671232876712,9.96463932107496,999,9.93893893893894
288,711,9.875,9.9704641350211,999,9.94294294294294
286,712,9.88111888111888,9.96910112359551,998,9.9438877755511
282,716,9.89007092198582,9.97206703910615,998,9.94889779559118
290,708,9.90344827586207,9.9774011299435,998,9.95591182364729
291,707,9.91408934707904,9.97736916548798,998,9.95891783567134
292,706,9.91780821917808,9.97733711048159,998,9.95991983967936
290,708,9.92068965517241,9.9774011299435,998,9.96092184368737
295,701,9.91864406779661,9.97574893009986,996,9.95883534136546
294,705,9.92176870748299,9.97730496453901,999,9.96096096096096
296,703,9.93243243243243,9.97439544807966,999,9.96196196196196
283,713,9.93286219081272,9.97335203366059,996,9.96184738955823
287,710,9.92682926829268,9.97464788732394,997,9.96088264794383
285,714,9.92982456140351,9.9733893557423,999,9.96096096096096
279,719,9.93189964157706,9.97218358831711,998,9.96092184368737
276,722,9.92391304347826,9.97229916897507,998,9.95891783567134
276,723,9.92028985507246,9.97648686030429,999,9.96096096096096
276,723,9.90942028985507,9.97510373443983,999,9.95695695695696
279,720,9.91397849462366,9.97638888888889,999,9.95895895895896
279,720,9.89964157706093,9.97916666666667,999,9.95695695695696
262,737,9.8969465648855,9.97829036635007,999,9.95695695695696
260,738,9.89615384615385,9.9769647696477,998,9.95591182364729
260,739,9.89230769230769,9.97564276048714,999,9.95395395395395
259,737,9.89189189189189,9.97421981004071,996,9.95281124497992
266,732,9.88345864661654,9.97131147540984,998,9.94789579158317
258,741,9.87984496124031,9.97031039136302,999,9.94694694694695
259,740,9.87258687258687,9.97162162162162,999,9.94594594594595
257,740,9.89494163424125,9.97162162162162,997,9.9518555667001
260,738,9.88846153846154,9.97154471544715,998,9.9498997995992
267,732,9.89138576779026,9.97131147540984,999,9.94994994994995
263,735,9.88973384030418,9.97006802721088,998,9.94889779559118
270,729,9.88888888888889,9.97119341563786,999,9.94894894894895
259,739,9.87644787644788,9.9702300405954,998,9.94589178356713
260,738,9.87692307692308,9.97018970189702,998,9.94589178356713
262,735,9.86641221374046,9.97142857142857,997,9.94383149448345
268,731,9.86194029850746,9.97127222982216,999,9.94194194194194
264,735,9.86363636363636,9.97278911564626,999,9.94394394394394
264,733,9.86742424242424,9.97544338335607,997,9.94684052156469
271,728,9.87084870848708,9.97802197802198,999,9.94894894894895
270,729,9.85925925925926,9.98079561042524,999,9.94794794794795
269,730,9.85873605947955,9.98082191780822,999,9.94794794794795
268,731,9.85074626865672,9.97948016415869,999,9.94494494494494
263,736,9.85171102661597,9.97961956521739,999,9.94594594594595
263,736,9.85931558935361,9.97826086956522,999,9.94694694694695
258,740,9.84883720930233,9.97702702702703,998,9.9438877755511
252,747,9.84920634920635,9.97590361445783,999,9.94394394394394
253,746,9.83794466403162,9.97587131367292,999,9.94094094094094
255,741,9.84705882352941,9.97840755735493,996,9.94477911646586
250,748,9.86,9.97727272727273,998,9.94789579158317
252,747,9.85714285714286,9.97724230254351,999,9.94694694694695
250,748,9.852,9.97994652406417,998,9.94789579158317
247,751,9.8502024291498,9.97869507323569,998,9.94689378757515
254,742,9.84645669291339,9.97843665768194,996,9.94477911646586
251,748,9.85258964143426,9.97994652406417,999,9.94794794794795
250,748,9.86,9.98128342245989,998,9.95090180360721
255,744,9.85490196078431,9.97983870967742,999,9.94794794794795
255,744,9.86274509803922,9.98118279569892,999,9.95095095095095
252,747,9.85714285714286,9.98125836680054,999,9.94994994994995
249,749,9.85943775100402,9.9826435246996,998,9.95190380761523
244,754,9.86475409836066,9.9840848806366,998,9.95490981963928
249,748,9.85542168674699,9.98128342245989,997,9.94984954864594
246,753,9.85772357723577,9.98273572377158,999,9.95195195195195
241,758,9.850622406639,9.97889182058048,999,9.94794794794795
229,768,9.8471615720524,9.98177083333333,997,9.95085255767302
230,765,9.83478260869565,9.97908496732026,995,9.94572864321608
227,771,9.81938325991189,9.97665369649805,998,9.94088176352705
236,762,9.82627118644068,9.97769028871391,998,9.94188376753507
227,771,9.81938325991189,9.97535667963684,998,9.93987975951904
231,768,9.82683982683983,9.97265625,999,9.93893893893894
225,774,9.82666666666667,9.96899224806202,999,9.93693693693694
230,769,9.84347826086957,9.96879063719116,999,9.93993993993994
226,773,9.82300884955752,9.96636481241915,999,9.93393393393393
229,768,9.83406113537118,9.96354166666667,997,9.93380140421264
220,776,9.84090909090909,9.9639175257732,996,9.93674698795181
223,775,9.85201793721973,9.96129032258064,998,9.93687374749499
217,779,9.85253456221198,9.9614890885751,996,9.93775100401606
224,775,9.85267857142857,9.96516129032258,999,9.93993993993994
220,779,9.84545454545455,9.96277278562259,999,9.93693693693694
218,780,9.86238532110092,9.96410256410256,998,9.94188376753507
207,790,9.85024154589372,9.96075949367089,997,9.93781344032096
213,786,9.85446009389671,9.96564885496183,999,9.94194194194194
215,784,9.85116279069767,9.96428571428571,999,9.93993993993994
220,776,9.86818181818182,9.96262886597938,996,9.94176706827309
222,777,9.86936936936937,9.96653796653797,999,9.94494494494494
229,770,9.87772925764192,9.96883116883117,999,9.94794794794795
