forward_num,reverse_num,forward_rate,reverse_rate,organism_num,organism_rate
500,500,5.5,5.5,1000,5.5
497,493,5.49295774647887,5.48073022312373,990,5.48686868686869
497,491,5.49295774647887,5.4949083503055,988,5.49392712550607
510,489,5.53725490196078,5.49693251533742,999,5.51751751751752
542,456,5.67158671586716,5.50877192982456,998,5.59719438877756
546,453,5.63003663003663,5.59823399558499,999,5.61561561561562
550,449,5.5,5.66146993318486,999,5.57257257257257
556,443,5.5089928057554,5.7020316027088,999,5.59459459459459
569,430,5.4622144112478,5.66279069767442,999,5.54854854854855
593,406,5.43170320404722,5.6256157635468,999,5.51051051051051
603,394,5.44776119402985,5.58629441624366,997,5.5025075225677
630,369,5.32063492063492,5.62330623306233,999,5.43243243243243
636,363,5.33176100628931,5.67768595041322,999,5.45745745745746
645,352,5.38294573643411,5.59659090909091,997,5.45837512537613
649,349,5.36055469953775,5.56160458452722,998,5.43086172344689
667,332,5.34182908545727,5.55421686746988,999,5.41241241241241
659,338,5.38543247344461,5.47337278106509,997,5.41524573721163
674,324,5.33234421364985,5.45679012345679,998,5.37274549098196
687,310,5.3391557496361,5.37096774193548,997,5.34904714142427
698,300,5.39111747851003,5.27,998,5.35470941883768
682,317,5.36950146627566,5.29968454258675,999,5.34734734734735
687,311,5.21397379912664,5.32154340836013,998,5.24749498997996
717,282,5.18410041841004,5.34751773049645,999,5.23023023023023
724,273,5.18646408839779,5.42124542124542,997,5.25075225677031
725,273,5.16137931034483,5.3956043956044,998,5.22545090180361
731,267,5.20109439124487,5.33333333333333,998,5.23647294589178
729,269,5.22085048010974,5.30111524163569,998,5.24248496993988
736,263,5.21603260869565,5.36121673003802,999,5.25425425425425
745,253,5.25234899328859,5.34387351778656,998,5.27555110220441
758,241,5.23746701846966,5.36929460580913,999,5.26926926926927
750,247,5.268,5.36842105263158,997,5.29287863590772
752,245,5.26994680851064,5.26122448979592,997,5.26780341023069
758,240,5.27572559366755,5.24166666666667,998,5.26753507014028
754,244,5.25994694960212,5.23770491803279,998,5.25450901803607
761,237,5.26412614980289,5.24894514767932,998,5.26052104208417
774,225,5.28036175710594,5.20444444444444,999,5.26326326326326
775,224,5.2541935483871,5.18303571428571,999,5.23823823823824
780,219,5.28589743589744,5.17351598173516,999,5.26126126126126
780,219,5.29871794871795,5.20091324200913,999,5.27727727727728
771,226,5.33073929961089,5.25221238938053,997,5.31293881644935
778,220,5.36246786632391,5.2,998,5.32665330661323
785,214,5.37579617834395,5.23831775700935,999,5.34634634634635
792,207,5.36237373737374,5.21256038647343,999,5.33133133133133
807,192,5.35687732342007,5.20833333333333,999,5.32832832832833
815,184,5.35705521472393,5.21195652173913,999,5.33033033033033
818,178,5.34841075794621,5.19662921348315,996,5.32128514056225
824,175,5.36529126213592,5.28,999,5.35035035035035
825,174,5.39515151515152,5.26436781609195,999,5.37237237237237
832,167,5.38581730769231,5.33532934131737,999,5.37737737737738
835,162,5.38682634730539,5.37037037037037,997,5.38415245737212
834,162,5.38968824940048,5.3641975308642,996,5.3855421686747
843,156,5.39857651245552,5.44230769230769,999,5.40540540540541
842,157,5.41211401425178,5.36942675159236,999,5.40540540540541
839,158,5.43027413587604,5.34810126582278,997,5.4172517552658
851,148,5.41833137485311,5.35135135135135,999,5.40840840840841
854,145,5.42037470725995,5.37931034482759,999,5.41441441441441
857,139,5.42123687281213,5.41007194244604,996,5.41967871485944
861,138,5.43437862950058,5.3768115942029,999,5.42642642642643
860,139,5.44302325581395,5.38129496402878,999,5.43443443443443
857,140,5.42473745624271,5.37857142857143,997,5.41825476429288
859,139,5.44121071012806,5.37410071942446,998,5.43186372745491
864,134,5.43865740740741,5.3955223880597,998,5.43286573146293
866,133,5.4526558891455,5.41353383458647,999,5.44744744744745
871,127,5.43513203214696,5.35433070866142,998,5.4248496993988
871,128,5.42939150401837,5.28125,999,5.41041041041041
876,123,5.42351598173516,5.23577235772358,999,5.4004004004004
875,124,5.41257142857143,5.31451612903226,999,5.4004004004004
873,126,5.42153493699885,5.27777777777778,999,5.4034034034034
880,118,5.425,5.26271186440678,998,5.40581162324649
883,115,5.43035107587769,5.2695652173913,998,5.41182364729459
882,116,5.42063492063492,5.20689655172414,998,5.39579158316633
887,111,5.40811724915445,5.32432432432432,998,5.39879759519038
890,107,5.4247191011236,5.26168224299065,997,5.40722166499499
890,109,5.43258426966292,5.22935779816514,999,5.41041041041041
885,112,5.45310734463277,5.32142857142857,997,5.4383149448345
893,106,5.46696528555431,5.33962264150943,999,5.45345345345345
892,107,5.48206278026906,5.36448598130841,999,5.46946946946947
897,102,5.46822742474916,5.36274509803922,999,5.45745745745746
898,101,5.47438752783964,5.34653465346535,999,5.46146146146146
899,100,5.45161290322581,5.32,999,5.43843843843844
892,106,5.45627802690583,5.27358490566038,998,5.43687374749499
890,108,5.44943820224719,5.30555555555556,998,5.43386773547094
892,106,5.44394618834081,5.30188679245283,998,5.42885771543086
895,104,5.43351955307263,5.29807692307692,999,5.41941941941942
895,103,5.42346368715084,5.27184466019417,998,5.40781563126253
899,100,5.42046718576196,5.37,999,5.41541541541542
905,94,5.43314917127072,5.42553191489362,999,5.43243243243243
902,93,5.44124168514412,5.44086021505376,995,5.44120603015075
906,90,5.4635761589404,5.55555555555556,996,5.4718875502008
909,88,5.47854785478548,5.5,997,5.48044132397192
914,85,5.472647702407,5.43529411764706,999,5.46946946946947
916,83,5.48144104803493,5.43373493975904,999,5.47747747747748
915,84,5.51147540983607,5.44047619047619,999,5.50550550550551
915,83,5.50601092896175,5.36144578313253,998,5.4939879759519
923,76,5.49620801733478,5.30263157894737,999,5.48148148148148
922,76,5.50759219088937,5.34210526315789,998,5.49498997995992
925,73,5.50702702702703,5.36986301369863,998,5.49699398797595
930,67,5.50967741935484,5.38805970149254,997,5.50150451354062
936,63,5.48183760683761,5.36507936507936,999,5.47447447447447
934,63,5.47858672376874,5.44444444444444,997,5.47642928786359
934,64,5.48608137044968,5.453125,998,5.48396793587174
938,61,5.49147121535181,5.47540983606557,999,5.49049049049049
938,60,5.49253731343284,5.46666666666667,998,5.49098196392786
939,59,5.49307774227902,5.45762711864407,998,5.49098196392786
941,57,5.50371944739639,5.43859649122807,998,5.5
942,57,5.50212314225053,5.42105263157895,999,5.4974974974975
941,58,5.50690754516472,5.41379310344828,999,5.5015015015015
944,55,5.50635593220339,5.45454545454545,999,5.5035035035035
945,53,5.50793650793651,5.43396226415094,998,5.50400801603206
941,56,5.52072263549416,5.42857142857143,997,5.51554663991976
945,54,5.53227513227513,5.46296296296296,999,5.52852852852853
945,52,5.52592592592593,5.40384615384615,997,5.51955867602808
949,50,5.54373024236038,5.46,999,5.53953953953954
949,50,5.54583772391992,5.5,999,5.54354354354354
946,51,5.54968287526427,5.54901960784314,997,5.54964894684052
948,51,5.54957805907173,5.56862745098039,999,5.55055055055055
953,46,5.54879328436516,5.58695652173913,999,5.55055055055055
951,47,5.55625657202944,5.61702127659574,998,5.55911823647295
954,45,5.54297693920335,5.6,999,5.54554554554555
959,40,5.54848800834202,5.65,999,5.55255255255255
959,39,5.55161626694473,5.71794871794872,998,5.55811623246493
965,33,5.55129533678756,5.75757575757576,998,5.55811623246493
967,32,5.55429162357808,5.65625,999,5.55755755755756
968,31,5.56301652892562,5.61290322580645,999,5.56456456456456
969,30,5.54901960784314,5.6,999,5.55055055055055
971,28,5.53553038105046,5.53571428571429,999,5.53553553553554
972,27,5.5462962962963,5.48148148148148,999,5.54454454454454
971,28,5.53553038105046,5.42857142857143,999,5.53253253253253
966,32,5.54451345755694,5.4375,998,5.54108216432866
969,30,5.54901960784314,5.46666666666667,999,5.54654654654655
971,27,5.56024716786818,5.55555555555556,998,5.56012024048096
973,26,5.55498458376156,5.53846153846154,999,5.55455455455455
976,23,5.56762295081967,5.60869565217391,999,5.56856856856857
976,23,5.57889344262295,5.60869565217391,999,5.57957957957958
972,27,5.58024691358025,5.59259259259259,999,5.58058058058058
969,30,5.57688338493292,5.6,999,5.57757757757758
970,28,5.58453608247423,5.60714285714286,998,5.58517034068136
969,30,5.57172342621259,5.53333333333333,999,5.57057057057057
969,30,5.57894736842105,5.53333333333333,999,5.57757757757758
969,29,5.58617131062952,5.51724137931035,998,5.58416833667335
968,30,5.59194214876033,5.56666666666667,998,5.59118236472946
970,28,5.59381443298969,5.5,998,5.59118236472946
972,26,5.59876543209877,5.46153846153846,998,5.59519038076152
972,27,5.58847736625514,5.44444444444444,999,5.58458458458458
973,26,5.58067831449126,5.46153846153846,999,5.57757757757758
974,24,5.57905544147844,5.41666666666667,998,5.5751503006012
976,22,5.58709016393443,5.45454545454545,998,5.58416833667335
979,20,5.59754851889683,5.6,999,5.5975975975976
981,17,5.59633027522936,5.58823529411765,998,5.59619238476954
982,17,5.60081466395112,5.64705882352941,999,5.6016016016016
981,17,5.58613659531091,5.76470588235294,998,5.58917835671343
981,16,5.60550458715596,5.8125,997,5.60882647943832
983,14,5.61444557477111,5.85714285714286,997,5.61785356068205
980,16,5.61122448979592,5.75,996,5.61345381526104
983,15,5.59511698880977,5.73333333333333,998,5.59719438877756
984,15,5.60467479674797,5.66666666666667,999,5.60560560560561
984,15,5.59654471544715,5.66666666666667,999,5.5975975975976
985,13,5.58680203045685,5.46153846153846,998,5.58517034068136
986,13,5.57505070993915,5.46153846153846,999,5.57357357357357
982,13,5.57331975560081,5.53846153846154,995,5.57286432160804
985,13,5.57664974619289,5.61538461538461,998,5.57715430861723
984,14,5.58028455284553,5.78571428571429,998,5.58316633266533
983,14,5.57477110885046,5.78571428571429,997,5.5777331995988
984,14,5.57113821138211,5.64285714285714,998,5.57214428857715
984,15,5.55691056910569,5.6,999,5.55755755755756
985,14,5.56040609137056,5.64285714285714,999,5.56156156156156
984,15,5.55487804878049,5.73333333333333,999,5.55755755755756
985,14,5.53604060913706,5.71428571428571,999,5.53853853853854
985,13,5.54822335025381,5.69230769230769,998,5.5501002004008
987,12,5.56028368794326,5.83333333333333,999,5.56356356356356
987,11,5.55927051671733,5.81818181818182,998,5.56212424849699
989,10,5.55915065722952,5.8,999,5.56156156156156
986,13,5.55070993914807,5.76923076923077,999,5.55355355355355
984,15,5.54369918699187,5.86666666666667,999,5.54854854854855
983,15,5.53407934893184,5.86666666666667,998,5.53907815631263
983,15,5.5442522889115,5.93333333333333,998,5.5501002004008
985,14,5.55736040609137,6.0,999,5.56356356356356
983,14,5.54323499491353,5.92857142857143,997,5.54864593781344
985,13,5.53908629441624,5.92307692307692,998,5.54408817635271
982,15,5.55091649694501,6.06666666666667,997,5.55867602808425
984,14,5.57520325203252,6.07142857142857,998,5.58216432865731
986,12,5.56085192697769,6.08333333333333,998,5.56713426853707
990,9,5.56060606060606,6.11111111111111,999,5.56556556556557
988,10,5.55769230769231,6.3,998,5.56513026052104
987,11,5.56636271529889,6.09090909090909,998,5.57214428857715
986,11,5.55476673427992,6.09090909090909,997,5.56068204613842
986,10,5.55578093306288,6.2,996,5.56224899598394
988,11,5.55465587044534,6.09090909090909,999,5.56056056056056
989,10,5.56825075834176,6.2,999,5.57457457457457
987,11,5.56332320162107,6.18181818181818,998,5.57014028056112
987,11,5.55015197568389,6.09090909090909,998,5.5561122244489
988,11,5.5748987854251,6.09090909090909,999,5.58058058058058
988,11,5.56882591093117,6.09090909090909,999,5.57457457457457
988,11,5.5748987854251,6.18181818181818,999,5.58158158158158
990,8,5.55959595959596,6.5,998,5.56713426853707
991,7,5.57416750756811,6.71428571428571,998,5.58216432865731
989,5,5.57431749241658,6.2,994,5.57746478873239
993,5,5.5730110775428,6.2,998,5.57615230460922
994,4,5.58048289738431,6.25,998,5.58316633266533
993,4,5.57603222557905,6.25,997,5.57873620862588
994,4,5.58048289738431,6.25,998,5.58316633266533
993,5,5.59214501510574,6.0,998,5.59418837675351
993,5,5.58308157099698,6.0,998,5.58517034068136
994,5,5.58350100603622,6.0,999,5.58558558558559
993,4,5.59516616314199,6.25,997,5.59779338014042
994,4,5.58953722334004,6.25,998,5.59218436873747
994,4,5.59255533199195,6.25,998,5.59519038076152
994,4,5.59154929577465,6.25,998,5.59418837675351
996,2,5.59136546184739,6.5,998,5.59318637274549
995,2,5.58994974874372,6.5,997,5.59177532597793
995,2,5.58894472361809,6.5,997,5.59077231695085
995,2,5.57889447236181,6.5,997,5.58074222668004
995,2,5.58793969849246,6.5,997,5.58976930792377
997,2,5.57973921765296,6.5,999,5.58158158158158
996,2,5.5793172690763,6.5,998,5.5811623246493
995,3,5.5678391959799,6.0,998,5.56913827655311
996,3,5.57831325301205,6.0,999,5.57957957957958
996,3,5.57228915662651,6.0,999,5.57357357357357
996,3,5.57429718875502,6.0,999,5.57557557557558
998,1,5.57214428857715,5.0,999,5.57157157157157
997,1,5.56569709127382,5.0,998,5.56513026052104
998,1,5.56613226452906,5.0,999,5.56556556556557
998,1,5.57214428857715,5.0,999,5.57157157157157
998,1,5.56613226452906,5.0,999,5.56556556556557
998,1,5.57114228456914,5.0,999,5.57057057057057
997,1,5.57873620862588,5.0,998,5.57815631262525
997,1,5.58174523570712,5.0,998,5.5811623246493
998,1,5.57915831663327,5.0,999,5.57857857857858
998,1,5.59018036072144,5.0,999,5.58958958958959
996,1,5.5863453815261,5.0,997,5.58575727181545
996,2,5.58132530120482,5.0,998,5.58016032064128
997,2,5.59277833500501,5.0,999,5.59159159159159
995,2,5.5748743718593,5.0,997,5.57372116349047
997,2,5.57472417251755,5.0,999,5.57357357357357
996,2,5.58935742971888,5.0,998,5.58817635270541
998,1,5.59719438877756,5.0,999,5.5965965965966
998,1,5.58517034068136,5.0,999,5.58458458458458
998,1,5.58416833667335,5.0,999,5.58358358358358
997,1,5.5937813440321,5.0,998,5.59318637274549
997,1,5.60080240722167,5.0,998,5.6002004008016
997,1,5.60782347041123,5.0,998,5.60721442885772
995,1,5.61005025125628,5.0,996,5.60943775100402
996,1,5.59839357429719,5.0,997,5.59779338014042
997,1,5.59578736208626,5.0,998,5.59519038076152
997,1,5.58876629889669,5.0,998,5.58817635270541
995,2,5.58391959798995,5.0,997,5.5827482447342
998,1,5.59519038076152,5.0,999,5.59459459459459
996,1,5.60441767068273,5.0,997,5.60381143430291
998,1,5.60220440881764,5.0,999,5.6016016016016
998,1,5.60921843687375,5.0,999,5.60860860860861
998,1,5.61022044088176,5.0,999,5.60960960960961
997,1,5.59779338014042,5.0,998,5.59719438877756
997,1,5.60280842527583,5.0,998,5.60220440881764
998,1,5.60821643286573,5.0,999,5.60760760760761
997,1,5.61083249749248,5.0,998,5.61022044088176
998,1,5.60821643286573,5.0,999,5.60760760760761
998,1,5.6002004008016,5.0,999,5.5995995995996
997,1,5.59979939819458,5.0,998,5.59919839679359
998,1,5.59819639278557,5.0,999,5.5975975975976
996,0,5.58534136546185,NaN,996,5.58534136546185
998,0,5.58416833667335,NaN,998,5.58416833667335
998,0,5.58817635270541,NaN,998,5.58817635270541
997,0,5.57271815446339,NaN,997,5.57271815446339
998,0,5.57014028056112,NaN,998,5.57014028056112
999,0,5.57957957957958,NaN,999,5.57957957957958
999,0,5.58058058058058,NaN,999,5.58058058058058
999,0,5.58658658658659,NaN,999,5.58658658658659
998,0,5.5751503006012,NaN,998,5.5751503006012
997,0,5.5827482447342,NaN,997,5.5827482447342
998,0,5.57414829659319,NaN,998,5.57414829659319
999,0,5.57757757757758,NaN,999,5.57757757757758
999,0,5.58058058058058,NaN,999,5.58058058058058
996,0,5.57128514056225,NaN,996,5.57128514056225
998,0,5.57715430861723,NaN,998,5.57715430861723
999,0,5.57257257257257,NaN,999,5.57257257257257
999,0,5.55855855855856,NaN,999,5.55855855855856
998,0,5.56212424849699,NaN,998,5.56212424849699
999,0,5.56456456456456,NaN,999,5.56456456456456
999,0,5.56056056056056,NaN,999,5.56056056056056
998,0,5.54909819639279,NaN,998,5.54909819639279
999,0,5.55655655655656,NaN,999,5.55655655655656
999,0,5.55555555555556,NaN,999,5.55555555555556
999,0,5.55455455455455,NaN,999,5.55455455455455
998,0,5.54308617234469,NaN,998,5.54308617234469
999,0,5.54754754754755,NaN,999,5.54754754754755
998,0,5.54008016032064,NaN,998,5.54008016032064
999,0,5.52752752752753,NaN,999,5.52752752752753
999,0,5.53453453453453,NaN,999,5.53453453453453
998,0,5.52404809619238,NaN,998,5.52404809619238
996,0,5.52409638554217,NaN,996,5.52409638554217
999,0,5.52252252252252,NaN,999,5.52252252252252
998,0,5.51002004008016,NaN,998,5.51002004008016
999,0,5.52552552552553,NaN,999,5.52552552552553
998,0,5.54008016032064,NaN,998,5.54008016032064
999,0,5.54154154154154,NaN,999,5.54154154154154
999,0,5.54354354354354,NaN,999,5.54354354354354
999,0,5.54254254254254,NaN,999,5.54254254254254
998,0,5.5310621242485,NaN,998,5.5310621242485
998,0,5.53507014028056,NaN,998,5.53507014028056
999,0,5.55355355355355,NaN,999,5.55355355355355
998,0,5.56713426853707,NaN,998,5.56713426853707
999,0,5.57257257257257,NaN,999,5.57257257257257
998,0,5.57314629258517,NaN,998,5.57314629258517
998,0,5.5751503006012,NaN,998,5.5751503006012
998,0,5.57114228456914,NaN,998,5.57114228456914
997,0,5.56770310932798,NaN,997,5.56770310932798
999,0,5.55655655655656,NaN,999,5.55655655655656
998,0,5.55911823647295,NaN,998,5.55911823647295
998,0,5.55410821643287,NaN,998,5.55410821643287
997,0,5.5667001003009,NaN,997,5.5667001003009
998,0,5.56813627254509,NaN,998,5.56813627254509
998,0,5.56412825651303,NaN,998,5.56412825651303
999,0,5.56056056056056,NaN,999,5.56056056056056
995,0,5.54974874371859,NaN,995,5.54974874371859
999,0,5.54454454454454,NaN,999,5.54454454454454
999,0,5.53353353353353,NaN,999,5.53353353353353
999,0,5.53453453453453,NaN,999,5.53453453453453
998,0,5.52605210420842,NaN,998,5.52605210420842
999,0,5.52852852852853,NaN,999,5.52852852852853
999,0,5.52852852852853,NaN,999,5.52852852852853
998,0,5.52905811623246,NaN,998,5.52905811623246
999,0,5.52752752752753,NaN,999,5.52752752752753
998,0,5.51803607214429,NaN,998,5.51803607214429
999,0,5.51351351351351,NaN,999,5.51351351351351
998,0,5.51803607214429,NaN,998,5.51803607214429
999,0,5.51051051051051,NaN,999,5.51051051051051
998,0,5.51603206412826,NaN,998,5.51603206412826
998,0,5.50100200400802,NaN,998,5.50100200400802
996,0,5.50903614457831,NaN,996,5.50903614457831
999,0,5.51551551551552,NaN,999,5.51551551551552
998,0,5.51903807615231,NaN,998,5.51903807615231
998,0,5.51302605210421,NaN,998,5.51302605210421
999,0,5.52052052052052,NaN,999,5.52052052052052
997,0,5.52056168505517,NaN,997,5.52056168505517
999,0,5.52452452452452,NaN,999,5.52452452452452
999,0,5.52252252252252,NaN,999,5.52252252252252
999,0,5.52752752752753,NaN,999,5.52752752752753
999,0,5.53053053053053,NaN,999,5.53053053053053
998,0,5.51903807615231,NaN,998,5.51903807615231
999,0,5.52452452452452,NaN,999,5.52452452452452
998,0,5.53607214428858,NaN,998,5.53607214428858
999,0,5.54654654654655,NaN,999,5.54654654654655
998,0,5.53507014028056,NaN,998,5.53507014028056
999,0,5.53853853853854,NaN,999,5.53853853853854
995,0,5.52462311557789,NaN,995,5.52462311557789
998,0,5.53907815631263,NaN,998,5.53907815631263
999,0,5.54154154154154,NaN,999,5.54154154154154
998,0,5.54308617234469,NaN,998,5.54308617234469
999,0,5.53953953953954,NaN,999,5.53953953953954
998,0,5.55410821643287,NaN,998,5.55410821643287
997,0,5.55165496489468,NaN,997,5.55165496489468
998,0,5.54809619238477,NaN,998,5.54809619238477
999,0,5.54254254254254,NaN,999,5.54254254254254
998,0,5.5501002004008,NaN,998,5.5501002004008
999,0,5.54954954954955,NaN,999,5.54954954954955
999,0,5.55455455455455,NaN,999,5.55455455455455
999,0,5.55655655655656,NaN,999,5.55655655655656
999,0,5.57057057057057,NaN,999,5.57057057057057
999,0,5.57357357357357,NaN,999,5.57357357357357
999,0,5.57757757757758,NaN,999,5.57757757757758
998,0,5.5751503006012,NaN,998,5.5751503006012
999,0,5.58258258258258,NaN,999,5.58258258258258
999,0,5.57257257257257,NaN,999,5.57257257257257
999,0,5.56656656656657,NaN,999,5.56656656656657
998,0,5.56813627254509,NaN,998,5.56813627254509
999,0,5.57757757757758,NaN,999,5.57757757757758
998,0,5.57214428857715,NaN,998,5.57214428857715
999,0,5.56756756756757,NaN,999,5.56756756756757
999,0,5.57657657657658,NaN,999,5.57657657657658
999,0,5.58758758758759,NaN,999,5.58758758758759
998,0,5.57815631262525,NaN,998,5.57815631262525
999,0,5.58558558558559,NaN,999,5.58558558558559
999,0,5.58658658658659,NaN,999,5.58658658658659
998,0,5.59519038076152,NaN,998,5.59519038076152
999,0,5.59059059059059,NaN,999,5.59059059059059
999,0,5.58058058058058,NaN,999,5.58058058058058
999,0,5.58458458458458,NaN,999,5.58458458458458
999,0,5.57557557557558,NaN,999,5.57557557557558
999,0,5.56756756756757,NaN,999,5.56756756756757
999,0,5.56256256256256,NaN,999,5.56256256256256
998,0,5.57114228456914,NaN,998,5.57114228456914
997,0,5.54663991975928,NaN,997,5.54663991975928
994,0,5.54024144869215,NaN,994,5.54024144869215
999,0,5.53253253253253,NaN,999,5.53253253253253
999,0,5.53653653653654,NaN,999,5.53653653653654
997,0,5.52056168505517,NaN,997,5.52056168505517
999,0,5.51751751751752,NaN,999,5.51751751751752
999,0,5.51351351351351,NaN,999,5.51351351351351
999,0,5.51651651651652,NaN,999,5.51651651651652
997,0,5.51454363089268,NaN,997,5.51454363089268
999,0,5.51151151151151,NaN,999,5.51151151151151
998,0,5.51603206412826,NaN,998,5.51603206412826
996,0,5.52008032128514,NaN,996,5.52008032128514
996,0,5.50903614457831,NaN,996,5.50903614457831
999,0,5.51251251251251,NaN,999,5.51251251251251
998,0,5.49699398797595,NaN,998,5.49699398797595
999,0,5.49249249249249,NaN,999,5.49249249249249
999,0,5.48648648648649,NaN,999,5.48648648648649
998,0,5.48897795591182,NaN,998,5.48897795591182
998,0,5.48597194388778,NaN,998,5.48597194388778
999,0,5.48448448448448,NaN,999,5.48448448448448
999,0,5.49449449449449,NaN,999,5.49449449449449
999,0,5.49049049049049,NaN,999,5.49049049049049
999,0,5.4984984984985,NaN,999,5.4984984984985
999,0,5.48748748748749,NaN,999,5.48748748748749
999,0,5.48848848848849,NaN,999,5.48848848848849
997,0,5.49047141424273,NaN,997,5.49047141424273
999,0,5.48848848848849,NaN,999,5.48848848848849
999,0,5.48948948948949,NaN,999,5.48948948948949
999,0,5.49149149149149,NaN,999,5.49149149149149
998,0,5.49599198396794,NaN,998,5.49599198396794
999,0,5.48548548548549,NaN,999,5.48548548548549
995,0,5.50050251256281,NaN,995,5.50050251256281
999,0,5.4984984984985,NaN,999,5.4984984984985
999,0,5.5045045045045,NaN,999,5.5045045045045
999,0,5.5015015015015,NaN,999,5.5015015015015
998,0,5.52104208416834,NaN,998,5.52104208416834
998,0,5.51503006012024,NaN,998,5.51503006012024
998,0,5.51402805611222,NaN,998,5.51402805611222
998,0,5.52004008016032,NaN,998,5.52004008016032
999,0,5.51851851851852,NaN,999,5.51851851851852
999,0,5.50750750750751,NaN,999,5.50750750750751
999,0,5.50750750750751,NaN,999,5.50750750750751
998,0,5.51603206412826,NaN,998,5.51603206412826
999,0,5.51151151151151,NaN,999,5.51151151151151
999,0,5.50650650650651,NaN,999,5.50650650650651
999,0,5.5045045045045,NaN,999,5.5045045045045
999,0,5.51651651651652,NaN,999,5.51651651651652
998,0,5.51102204408818,NaN,998,5.51102204408818
999,0,5.51151151151151,NaN,999,5.51151151151151
999,0,5.51951951951952,NaN,999,5.51951951951952
999,0,5.50950950950951,NaN,999,5.50950950950951
999,0,5.51351351351351,NaN,999,5.51351351351351
999,0,5.51351351351351,NaN,999,5.51351351351351
999,0,5.51451451451451,NaN,999,5.51451451451451
999,0,5.50750750750751,NaN,999,5.50750750750751
998,0,5.51503006012024,NaN,998,5.51503006012024
999,0,5.51451451451451,NaN,999,5.51451451451451
999,0,5.51751751751752,NaN,999,5.51751751751752
999,0,5.51651651651652,NaN,999,5.51651651651652
997,0,5.53360080240722,NaN,997,5.53360080240722
998,0,5.54809619238477,NaN,998,5.54809619238477
998,0,5.54909819639279,NaN,998,5.54909819639279
999,0,5.54754754754755,NaN,999,5.54754754754755
999,0,5.54454454454454,NaN,999,5.54454454454454
999,0,5.55355355355355,NaN,999,5.55355355355355
997,0,5.54764292878636,NaN,997,5.54764292878636
999,0,5.54854854854855,NaN,999,5.54854854854855
999,0,5.54954954954955,NaN,999,5.54954954954955
999,0,5.56256256256256,NaN,999,5.56256256256256
998,0,5.55410821643287,NaN,998,5.55410821643287
999,0,5.54654654654655,NaN,999,5.54654654654655
998,0,5.56012024048096,NaN,998,5.56012024048096
999,0,5.56156156156156,NaN,999,5.56156156156156
999,0,5.56456456456456,NaN,999,5.56456456456456
998,0,5.55911823647295,NaN,998,5.55911823647295
998,0,5.55110220440882,NaN,998,5.55110220440882
999,0,5.55155155155155,NaN,999,5.55155155155155
999,0,5.54254254254254,NaN,999,5.54254254254254
999,0,5.55155155155155,NaN,999,5.55155155155155
996,0,5.54016064257028,NaN,996,5.54016064257028
998,0,5.54008016032064,NaN,998,5.54008016032064
999,0,5.53353353353353,NaN,999,5.53353353353353
999,0,5.53853853853854,NaN,999,5.53853853853854
998,0,5.52805611222445,NaN,998,5.52805611222445
995,0,5.53065326633166,NaN,995,5.53065326633166
999,0,5.52752752752753,NaN,999,5.52752752752753
999,0,5.51551551551552,NaN,999,5.51551551551552
999,0,5.51651651651652,NaN,999,5.51651651651652
999,0,5.51051051051051,NaN,999,5.51051051051051
998,0,5.51402805611222,NaN,998,5.51402805611222
999,0,5.50650650650651,NaN,999,5.50650650650651
999,0,5.4974974974975,NaN,999,5.4974974974975
999,0,5.49349349349349,NaN,999,5.49349349349349
998,0,5.47895791583166,NaN,998,5.47895791583166
999,0,5.48348348348348,NaN,999,5.48348348348348
999,0,5.47247247247247,NaN,999,5.47247247247247
998,0,5.46693386773547,NaN,998,5.46693386773547
999,0,5.46846846846847,NaN,999,5.46846846846847
999,0,5.45645645645646,NaN,999,5.45645645645646
999,0,5.45845845845846,NaN,999,5.45845845845846
999,0,5.46746746746747,NaN,999,5.46746746746747
999,0,5.46346346346346,NaN,999,5.46346346346346
999,0,5.46346346346346,NaN,999,5.46346346346346
997,0,5.45636910732197,NaN,997,5.45636910732197
998,0,5.46492985971944,NaN,998,5.46492985971944
999,0,5.46746746746747,NaN,999,5.46746746746747
999,0,5.46946946946947,NaN,999,5.46946946946947
999,0,5.48148148148148,NaN,999,5.48148148148148
997,0,5.48345035105316,NaN,997,5.48345035105316
999,0,5.47647647647648,NaN,999,5.47647647647648
998,0,5.4749498997996,NaN,998,5.4749498997996
999,0,5.48448448448448,NaN,999,5.48448448448448
999,0,5.48548548548549,NaN,999,5.48548548548549
999,0,5.48548548548549,NaN,999,5.48548548548549
998,0,5.4939879759519,NaN,998,5.4939879759519
998,0,5.5,NaN,998,5.5
998,0,5.50100200400802,NaN,998,5.50100200400802
997,0,5.49247743229689,NaN,997,5.49247743229689
998,0,5.49699398797595,NaN,998,5.49699398797595
999,0,5.49249249249249,NaN,999,5.49249249249249
998,0,5.48396793587174,NaN,998,5.48396793587174
999,0,5.47847847847848,NaN,999,5.47847847847848
997,0,5.4864593781344,NaN,997,5.4864593781344
999,0,5.49049049049049,NaN,999,5.49049049049049
998,0,5.48997995991984,NaN,998,5.48997995991984
999,0,5.4974974974975,NaN,999,5.4974974974975
998,0,5.49098196392786,NaN,998,5.49098196392786
999,0,5.5005005005005,NaN,999,5.5005005005005
998,0,5.50300601202405,NaN,998,5.50300601202405
998,0,5.50200400801603,NaN,998,5.50200400801603
999,0,5.49249249249249,NaN,999,5.49249249249249
999,0,5.4964964964965,NaN,999,5.4964964964965
999,0,5.49349349349349,NaN,999,5.49349349349349
999,0,5.49249249249249,NaN,999,5.49249249249249
999,0,5.5015015015015,NaN,999,5.5015015015015
999,0,5.5045045045045,NaN,999,5.5045045045045
999,0,5.51151151151151,NaN,999,5.51151151151151
996,0,5.50803212851406,NaN,996,5.50803212851406
999,0,5.5005005005005,NaN,999,5.5005005005005
999,0,5.50950950950951,NaN,999,5.50950950950951
998,0,5.51603206412826,NaN,998,5.51603206412826
997,0,5.49448345035105,NaN,997,5.49448345035105
999,0,5.49249249249249,NaN,999,5.49249249249249
999,0,5.49049049049049,NaN,999,5.49049049049049
999,0,5.49349349349349,NaN,999,5.49349349349349
997,0,5.48044132397192,NaN,997,5.48044132397192
997,0,5.49448345035105,NaN,997,5.49448345035105
998,0,5.48897795591182,NaN,998,5.48897795591182
999,0,5.48148148148148,NaN,999,5.48148148148148
999,0,5.47247247247247,NaN,999,5.47247247247247
999,0,5.48248248248248,NaN,999,5.48248248248248
999,0,5.48348348348348,NaN,999,5.48348348348348
998,0,5.47995991983968,NaN,998,5.47995991983968
998,0,5.49098196392786,NaN,998,5.49098196392786
998,0,5.49098196392786,NaN,998,5.49098196392786
999,0,5.48348348348348,NaN,999,5.48348348348348
998,0,5.48396793587174,NaN,998,5.48396793587174
999,0,5.49349349349349,NaN,999,5.49349349349349
996,0,5.49598393574297,NaN,996,5.49598393574297
998,0,5.50501002004008,NaN,998,5.50501002004008
999,0,5.4984984984985,NaN,999,5.4984984984985
998,0,5.5060120240481,NaN,998,5.5060120240481
997,0,5.50150451354062,NaN,997,5.50150451354062
999,0,5.48448448448448,NaN,999,5.48448448448448
998,0,5.48396793587174,NaN,998,5.48396793587174
998,0,5.47995991983968,NaN,998,5.47995991983968
997,0,5.48445336008024,NaN,997,5.48445336008024
999,0,5.48248248248248,NaN,999,5.48248248248248
999,0,5.47047047047047,NaN,999,5.47047047047047
997,0,5.4704112337011,NaN,997,5.4704112337011
999,0,5.47847847847848,NaN,999,5.47847847847848
997,0,5.47241725175527,NaN,997,5.47241725175527
999,0,5.45045045045045,NaN,999,5.45045045045045
999,0,5.46246246246246,NaN,999,5.46246246246246
999,0,5.46246246246246,NaN,999,5.46246246246246
999,0,5.45445445445445,NaN,999,5.45445445445445
998,0,5.46092184368737,NaN,998,5.46092184368737
999,0,5.46446446446446,NaN,999,5.46446446446446
999,0,5.45545545545546,NaN,999,5.45545545545546
998,0,5.46392785571142,NaN,998,5.46392785571142
999,0,5.45445445445445,NaN,999,5.45445445445445
999,0,5.46246246246246,NaN,999,5.46246246246246
999,0,5.46646646646647,NaN,999,5.46646646646647
998,0,5.45691382765531,NaN,998,5.45691382765531
998,0,5.44488977955912,NaN,998,5.44488977955912
999,0,5.45545545545546,NaN,999,5.45545545545546
999,0,5.45545545545546,NaN,999,5.45545545545546
998,0,5.45090180360721,NaN,998,5.45090180360721
998,0,5.46292585170341,NaN,998,5.46292585170341
999,0,5.45445445445445,NaN,999,5.45445445445445
998,0,5.46392785571142,NaN,998,5.46392785571142
998,0,5.45891783567134,NaN,998,5.45891783567134
998,0,5.45791583166333,NaN,998,5.45791583166333
996,0,5.464859437751,NaN,996,5.464859437751
997,0,5.4653961885657,NaN,997,5.4653961885657
999,0,5.46846846846847,NaN,999,5.46846846846847
997,0,5.47342026078235,NaN,997,5.47342026078235
998,0,5.47695390781563,NaN,998,5.47695390781563
999,0,5.47147147147147,NaN,999,5.47147147147147
999,0,5.47147147147147,NaN,999,5.47147147147147
999,0,5.47247247247247,NaN,999,5.47247247247247
999,0,5.48248248248248,NaN,999,5.48248248248248
997,0,5.4864593781344,NaN,997,5.4864593781344
999,0,5.50750750750751,NaN,999,5.50750750750751
998,0,5.51503006012024,NaN,998,5.51503006012024
999,0,5.51451451451451,NaN,999,5.51451451451451
998,0,5.52404809619238,NaN,998,5.52404809619238
998,0,5.52805611222445,NaN,998,5.52805611222445
999,0,5.51851851851852,NaN,999,5.51851851851852
998,0,5.51503006012024,NaN,998,5.51503006012024
999,0,5.5045045045045,NaN,999,5.5045045045045
998,0,5.50400801603206,NaN,998,5.50400801603206
997,0,5.50451354062187,NaN,997,5.50451354062187
998,0,5.49198396793587,NaN,998,5.49198396793587
998,0,5.50300601202405,NaN,998,5.50300601202405
997,0,5.49949849548646,NaN,997,5.49949849548646
998,0,5.51302605210421,NaN,998,5.51302605210421
999,0,5.5035035035035,NaN,999,5.5035035035035
998,0,5.51703406813627,NaN,998,5.51703406813627
998,0,5.51302605210421,NaN,998,5.51302605210421
998,0,5.50501002004008,NaN,998,5.50501002004008
999,0,5.52352352352352,NaN,999,5.52352352352352
998,0,5.52104208416834,NaN,998,5.52104208416834
998,0,5.51703406813627,NaN,998,5.51703406813627
997,0,5.51554663991976,NaN,997,5.51554663991976
996,0,5.52208835341365,NaN,996,5.52208835341365
999,0,5.52552552552553,NaN,999,5.52552552552553
997,0,5.5295887662989,NaN,997,5.5295887662989
998,0,5.52905811623246,NaN,998,5.52905811623246
998,0,5.53306613226453,NaN,998,5.53306613226453
999,0,5.52752752752753,NaN,999,5.52752752752753
999,0,5.53753753753754,NaN,999,5.53753753753754
999,0,5.54554554554555,NaN,999,5.54554554554555
996,0,5.54417670682731,NaN,996,5.54417670682731
998,0,5.53807615230461,NaN,998,5.53807615230461
998,0,5.54509018036072,NaN,998,5.54509018036072
998,0,5.55310621242485,NaN,998,5.55310621242485
997,0,5.56068204613842,NaN,997,5.56068204613842
998,0,5.56212424849699,NaN,998,5.56212424849699
999,0,5.56356356356356,NaN,999,5.56356356356356
999,0,5.55855855855856,NaN,999,5.55855855855856
999,0,5.56556556556557,NaN,999,5.56556556556557
998,0,5.55310621242485,NaN,998,5.55310621242485
998,0,5.5561122244489,NaN,998,5.5561122244489
996,0,5.56827309236948,NaN,996,5.56827309236948
999,0,5.55755755755756,NaN,999,5.55755755755756
998,0,5.54509018036072,NaN,998,5.54509018036072
999,0,5.55055055055055,NaN,999,5.55055055055055
999,0,5.53553553553554,NaN,999,5.53553553553554
999,0,5.53553553553554,NaN,999,5.53553553553554
996,0,5.53915662650602,NaN,996,5.53915662650602
999,0,5.52952952952953,NaN,999,5.52952952952953
999,0,5.53353353353353,NaN,999,5.53353353353353
999,0,5.53653653653654,NaN,999,5.53653653653654
998,0,5.53907815631263,NaN,998,5.53907815631263
999,0,5.54354354354354,NaN,999,5.54354354354354
999,0,5.55055055055055,NaN,999,5.55055055055055
999,0,5.53853853853854,NaN,999,5.53853853853854
998,0,5.55210420841683,NaN,998,5.55210420841683
999,0,5.55755755755756,NaN,999,5.55755755755756
999,0,5.55455455455455,NaN,999,5.55455455455455
996,0,5.54919678714859,NaN,996,5.54919678714859
998,0,5.55711422845691,NaN,998,5.55711422845691
997,0,5.5667001003009,NaN,997,5.5667001003009
997,0,5.57171514543631,NaN,997,5.57171514543631
998,0,5.56212424849699,NaN,998,5.56212424849699
998,0,5.56212424849699,NaN,998,5.56212424849699
999,0,5.55055055055055,NaN,999,5.55055055055055
997,0,5.5616850551655,NaN,997,5.5616850551655
998,0,5.57314629258517,NaN,998,5.57314629258517
999,0,5.56156156156156,NaN,999,5.56156156156156
999,0,5.54154154154154,NaN,999,5.54154154154154
999,0,5.54254254254254,NaN,999,5.54254254254254
998,0,5.54609218436874,NaN,998,5.54609218436874
996,0,5.54618473895582,NaN,996,5.54618473895582
998,0,5.52204408817635,NaN,998,5.52204408817635
999,0,5.52652652652653,NaN,999,5.52652652652653
997,0,5.52858575727182,NaN,997,5.52858575727182
998,0,5.52004008016032,NaN,998,5.52004008016032
997,0,5.518555667001,NaN,997,5.518555667001
999,0,5.52052052052052,NaN,999,5.52052052052052
998,0,5.50901803607214,NaN,998,5.50901803607214
998,0,5.5,NaN,998,5.5
998,0,5.49699398797595,NaN,998,5.49699398797595
998,0,5.5,NaN,998,5.5
999,0,5.5045045045045,NaN,999,5.5045045045045
999,0,5.4954954954955,NaN,999,5.4954954954955
997,0,5.5025075225677,NaN,997,5.5025075225677
998,0,5.49098196392786,NaN,998,5.49098196392786
998,0,5.49699398797595,NaN,998,5.49699398797595
999,0,5.49449449449449,NaN,999,5.49449449449449
998,0,5.49298597194389,NaN,998,5.49298597194389
999,0,5.48648648648649,NaN,999,5.48648648648649
999,0,5.4984984984985,NaN,999,5.4984984984985
998,0,5.50100200400802,NaN,998,5.50100200400802
999,0,5.5005005005005,NaN,999,5.5005005005005
999,0,5.49449449449449,NaN,999,5.49449449449449
999,0,5.49349349349349,NaN,999,5.49349349349349
999,0,5.4964964964965,NaN,999,5.4964964964965
998,0,5.49899799599198,NaN,998,5.49899799599198
997,0,5.49648946840522,NaN,997,5.49648946840522
999,0,5.48448448448448,NaN,999,5.48448448448448
996,0,5.48895582329317,NaN,996,5.48895582329317
998,0,5.49098196392786,NaN,998,5.49098196392786
995,0,5.47939698492462,NaN,995,5.47939698492462
998,0,5.49599198396794,NaN,998,5.49599198396794
999,0,5.4954954954955,NaN,999,5.4954954954955
999,0,5.49449449449449,NaN,999,5.49449449449449
999,0,5.49349349349349,NaN,999,5.49349349349349
999,0,5.5005005005005,NaN,999,5.5005005005005
999,0,5.49449449449449,NaN,999,5.49449449449449
997,0,5.49849548645938,NaN,997,5.49849548645938
998,0,5.50901803607214,NaN,998,5.50901803607214
999,0,5.5045045045045,NaN,999,5.5045045045045
999,0,5.4984984984985,NaN,999,5.4984984984985
999,0,5.51451451451451,NaN,999,5.51451451451451
998,0,5.51803607214429,NaN,998,5.51803607214429
997,0,5.51253761283852,NaN,997,5.51253761283852
998,0,5.49599198396794,NaN,998,5.49599198396794
999,0,5.49449449449449,NaN,999,5.49449449449449
999,0,5.4974974974975,NaN,999,5.4974974974975
998,0,5.48897795591182,NaN,998,5.48897795591182
997,0,5.48946840521565,NaN,997,5.48946840521565
998,0,5.50400801603206,NaN,998,5.50400801603206
998,0,5.51202404809619,NaN,998,5.51202404809619
997,0,5.50952858575727,NaN,997,5.50952858575727
998,0,5.50200400801603,NaN,998,5.50200400801603
999,0,5.50750750750751,NaN,999,5.50750750750751
998,0,5.51302605210421,NaN,998,5.51302605210421
999,0,5.50550550550551,NaN,999,5.50550550550551
999,0,5.51151151151151,NaN,999,5.51151151151151
999,0,5.51851851851852,NaN,999,5.51851851851852
998,0,5.50200400801603,NaN,998,5.50200400801603
999,0,5.4964964964965,NaN,999,5.4964964964965
999,0,5.4994994994995,NaN,999,5.4994994994995
999,0,5.4984984984985,NaN,999,5.4984984984985
996,0,5.4859437751004,NaN,996,5.4859437751004
999,0,5.48848848848849,NaN,999,5.48848848848849
999,0,5.48748748748749,NaN,999,5.48748748748749
998,0,5.47895791583166,NaN,998,5.47895791583166
998,0,5.5,NaN,998,5.5
997,0,5.47743229689067,NaN,997,5.47743229689067
998,0,5.48096192384769,NaN,998,5.48096192384769
998,0,5.48396793587174,NaN,998,5.48396793587174
999,0,5.48648648648649,NaN,999,5.48648648648649
999,0,5.49249249249249,NaN,999,5.49249249249249
998,0,5.48096192384769,NaN,998,5.48096192384769
999,0,5.47547547547548,NaN,999,5.47547547547548
998,0,5.48597194388778,NaN,998,5.48597194388778
998,0,5.47995991983968,NaN,998,5.47995991983968
998,0,5.48196392785571,NaN,998,5.48196392785571
999,0,5.48248248248248,NaN,999,5.48248248248248
998,0,5.48196392785571,NaN,998,5.48196392785571
998,0,5.49899799599198,NaN,998,5.49899799599198
999,0,5.4954954954955,NaN,999,5.4954954954955
999,0,5.49449449449449,NaN,999,5.49449449449449
999,0,5.49449449449449,NaN,999,5.49449449449449
996,0,5.50502008032128,NaN,996,5.50502008032128
999,0,5.5035035035035,NaN,999,5.5035035035035
999,0,5.50950950950951,NaN,999,5.50950950950951
999,0,5.5015015015015,NaN,999,5.5015015015015
999,0,5.4974974974975,NaN,999,5.4974974974975
998,0,5.48496993987976,NaN,998,5.48496993987976
996,0,5.47991967871486,NaN,996,5.47991967871486
999,0,5.48148148148148,NaN,999,5.48148148148148
999,0,5.46546546546547,NaN,999,5.46546546546547
999,0,5.46346346346346,NaN,999,5.46346346346346
999,0,5.46246246246246,NaN,999,5.46246246246246
997,0,5.4653961885657,NaN,997,5.4653961885657
997,0,5.46038114343029,NaN,997,5.46038114343029
998,0,5.45090180360721,NaN,998,5.45090180360721
998,0,5.45090180360721,NaN,998,5.45090180360721
998,0,5.45090180360721,NaN,998,5.45090180360721
999,0,5.44144144144144,NaN,999,5.44144144144144
997,0,5.44132397191575,NaN,997,5.44132397191575
997,0,5.4543630892678,NaN,997,5.4543630892678
999,0,5.43943943943944,NaN,999,5.43943943943944
998,0,5.43787575150301,NaN,998,5.43787575150301
999,0,5.43343343343343,NaN,999,5.43343343343343
999,0,5.44044044044044,NaN,999,5.44044044044044
998,0,5.43286573146293,NaN,998,5.43286573146293
998,0,5.41983967935872,NaN,998,5.41983967935872
999,0,5.43743743743744,NaN,999,5.43743743743744
997,0,5.43129388164493,NaN,997,5.43129388164493
998,0,5.43787575150301,NaN,998,5.43787575150301
999,0,5.43543543543544,NaN,999,5.43543543543544
998,0,5.45190380761523,NaN,998,5.45190380761523
999,0,5.43443443443443,NaN,999,5.43443443443443
998,0,5.43887775551102,NaN,998,5.43887775551102
999,0,5.44444444444444,NaN,999,5.44444444444444
998,0,5.4498997995992,NaN,998,5.4498997995992
996,0,5.44879518072289,NaN,996,5.44879518072289
998,0,5.43186372745491,NaN,998,5.43186372745491
996,0,5.44076305220884,NaN,996,5.44076305220884
998,0,5.44188376753507,NaN,998,5.44188376753507
999,0,5.43943943943944,NaN,999,5.43943943943944
998,0,5.43787575150301,NaN,998,5.43787575150301
999,0,5.45545545545546,NaN,999,5.45545545545546
999,0,5.45745745745746,NaN,999,5.45745745745746
998,0,5.44589178356713,NaN,998,5.44589178356713
998,0,5.44689378757515,NaN,998,5.44689378757515
999,0,5.45045045045045,NaN,999,5.45045045045045
999,0,5.45145145145145,NaN,999,5.45145145145145
999,0,5.43543543543544,NaN,999,5.43543543543544
998,0,5.45090180360721,NaN,998,5.45090180360721
999,0,5.45245245245245,NaN,999,5.45245245245245
999,0,5.45245245245245,NaN,999,5.45245245245245
999,0,5.45045045045045,NaN,999,5.45045045045045
997,0,5.4543630892678,NaN,997,5.4543630892678
998,0,5.44589178356713,NaN,998,5.44589178356713
999,0,5.42942942942943,NaN,999,5.42942942942943
999,0,5.43343343343343,NaN,999,5.43343343343343
998,0,5.42785571142285,NaN,998,5.42785571142285
999,0,5.41741741741742,NaN,999,5.41741741741742
999,0,5.41541541541542,NaN,999,5.41541541541542
997,0,5.40822467402207,NaN,997,5.40822467402207
998,0,5.40280561122244,NaN,998,5.40280561122244
998,0,5.41282565130261,NaN,998,5.41282565130261
999,0,5.4024024024024,NaN,999,5.4024024024024
998,0,5.41783567134269,NaN,998,5.41783567134269
997,0,5.41023069207623,NaN,997,5.41023069207623
999,0,5.40740740740741,NaN,999,5.40740740740741
999,0,5.40740740740741,NaN,999,5.40740740740741
997,0,5.40722166499499,NaN,997,5.40722166499499
999,0,5.41041041041041,NaN,999,5.41041041041041
999,0,5.41941941941942,NaN,999,5.41941941941942
999,0,5.42242242242242,NaN,999,5.42242242242242
999,0,5.41941941941942,NaN,999,5.41941941941942
999,0,5.41941941941942,NaN,999,5.41941941941942
999,0,5.42342342342342,NaN,999,5.42342342342342
999,0,5.41841841841842,NaN,999,5.41841841841842
998,0,5.41783567134269,NaN,998,5.41783567134269
999,0,5.42842842842843,NaN,999,5.42842842842843
999,0,5.41541541541542,NaN,999,5.41541541541542
998,0,5.42084168336673,NaN,998,5.42084168336673
997,0,5.43029087261785,NaN,997,5.43029087261785
997,0,5.42728184553661,NaN,997,5.42728184553661
999,0,5.41741741741742,NaN,999,5.41741741741742
997,0,5.4222668004012,NaN,997,5.4222668004012
999,0,5.42042042042042,NaN,999,5.42042042042042
999,0,5.41841841841842,NaN,999,5.41841841841842
997,0,5.41825476429288,NaN,997,5.41825476429288
999,0,5.41341341341341,NaN,999,5.41341341341341
998,0,5.41683366733467,NaN,998,5.41683366733467
997,0,5.41925777331996,NaN,997,5.41925777331996
999,0,5.42542542542543,NaN,999,5.42542542542543
999,0,5.42942942942943,NaN,999,5.42942942942943
998,0,5.43687374749499,NaN,998,5.43687374749499
999,0,5.43543543543544,NaN,999,5.43543543543544
999,0,5.42342342342342,NaN,999,5.42342342342342
998,0,5.42985971943888,NaN,998,5.42985971943888
998,0,5.43486973947896,NaN,998,5.43486973947896
998,0,5.42985971943888,NaN,998,5.42985971943888
999,0,5.43143143143143,NaN,999,5.43143143143143
999,0,5.43043043043043,NaN,999,5.43043043043043
999,0,5.41641641641642,NaN,999,5.41641641641642
999,0,5.41941941941942,NaN,999,5.41941941941942
999,0,5.41541541541542,NaN,999,5.41541541541542
999,0,5.41141141141141,NaN,999,5.41141141141141
998,0,5.40881763527054,NaN,998,5.40881763527054
999,0,5.41541541541542,NaN,999,5.41541541541542
999,0,5.4014014014014,NaN,999,5.4014014014014
995,0,5.3929648241206,NaN,995,5.3929648241206
999,0,5.39039039039039,NaN,999,5.39039039039039
999,0,5.3973973973974,NaN,999,5.3973973973974
999,0,5.4024024024024,NaN,999,5.4024024024024
996,0,5.39859437751004,NaN,996,5.39859437751004
998,0,5.40581162324649,NaN,998,5.40581162324649
999,0,5.3963963963964,NaN,999,5.3963963963964
999,0,5.3973973973974,NaN,999,5.3973973973974
997,0,5.39518555667001,NaN,997,5.39518555667001
998,0,5.40180360721443,NaN,998,5.40180360721443
996,0,5.40963855421687,NaN,996,5.40963855421687
999,0,5.3973973973974,NaN,999,5.3973973973974
997,0,5.38816449348044,NaN,997,5.38816449348044
999,0,5.4034034034034,NaN,999,5.4034034034034
999,0,5.3963963963964,NaN,999,5.3963963963964
999,0,5.4044044044044,NaN,999,5.4044044044044
999,0,5.40540540540541,NaN,999,5.40540540540541
999,0,5.3983983983984,NaN,999,5.3983983983984
998,0,5.39879759519038,NaN,998,5.39879759519038
998,0,5.39579158316633,NaN,998,5.39579158316633
999,0,5.40640640640641,NaN,999,5.40640640640641
999,0,5.40640640640641,NaN,999,5.40640640640641
997,0,5.39518555667001,NaN,997,5.39518555667001
999,0,5.38438438438438,NaN,999,5.38438438438438
999,0,5.3983983983984,NaN,999,5.3983983983984
997,0,5.38916750250752,NaN,997,5.38916750250752
999,0,5.38038038038038,NaN,999,5.38038038038038
999,0,5.38738738738739,NaN,999,5.38738738738739
998,0,5.40881763527054,NaN,998,5.40881763527054
999,0,5.4004004004004,NaN,999,5.4004004004004
999,0,5.4014014014014,NaN,999,5.4014014014014
998,0,5.39879759519038,NaN,998,5.39879759519038
998,0,5.41182364729459,NaN,998,5.41182364729459
998,0,5.40881763527054,NaN,998,5.40881763527054
997,0,5.40220661985958,NaN,997,5.40220661985958
998,0,5.39679358717435,NaN,998,5.39679358717435
998,0,5.38476953907816,NaN,998,5.38476953907816
999,0,5.38538538538539,NaN,999,5.38538538538539
997,0,5.38615847542628,NaN,997,5.38615847542628
999,0,5.38838838838839,NaN,999,5.38838838838839
999,0,5.39039039039039,NaN,999,5.39039039039039
998,0,5.38476953907816,NaN,998,5.38476953907816
999,0,5.38238238238238,NaN,999,5.38238238238238
997,0,5.37111334002006,NaN,997,5.37111334002006
999,0,5.37637637637638,NaN,999,5.37637637637638
999,0,5.37137137137137,NaN,999,5.37137137137137
999,0,5.37437437437437,NaN,999,5.37437437437437
999,0,5.38738738738739,NaN,999,5.38738738738739
998,0,5.38276553106212,NaN,998,5.38276553106212
997,0,5.3741223671013,NaN,997,5.3741223671013
998,0,5.38677354709419,NaN,998,5.38677354709419
998,0,5.38176352705411,NaN,998,5.38176352705411
996,0,5.37550200803213,NaN,996,5.37550200803213
999,0,5.36636636636637,NaN,999,5.36636636636637
996,0,5.36345381526104,NaN,996,5.36345381526104
998,0,5.37374749498998,NaN,998,5.37374749498998
999,0,5.37837837837838,NaN,999,5.37837837837838
999,0,5.37837837837838,NaN,999,5.37837837837838
999,0,5.38638638638639,NaN,999,5.38638638638639
999,0,5.3983983983984,NaN,999,5.3983983983984
999,0,5.4034034034034,NaN,999,5.4034034034034
998,0,5.41583166332665,NaN,998,5.41583166332665
999,0,5.41741741741742,NaN,999,5.41741741741742
998,0,5.41683366733467,NaN,998,5.41683366733467
997,0,5.43029087261785,NaN,997,5.43029087261785
998,0,5.43386773547094,NaN,998,5.43386773547094
998,0,5.43787575150301,NaN,998,5.43787575150301
998,0,5.42885771543086,NaN,998,5.42885771543086
999,0,5.42542542542543,NaN,999,5.42542542542543
998,0,5.4188376753507,NaN,998,5.4188376753507
999,0,5.42242242242242,NaN,999,5.42242242242242
998,0,5.41382765531062,NaN,998,5.41382765531062
999,0,5.41941941941942,NaN,999,5.41941941941942
998,0,5.42384769539078,NaN,998,5.42384769539078
998,0,5.42084168336673,NaN,998,5.42084168336673
997,0,5.4222668004012,NaN,997,5.4222668004012
999,0,5.41341341341341,NaN,999,5.41341341341341
999,0,5.41341341341341,NaN,999,5.41341341341341
998,0,5.42384769539078,NaN,998,5.42384769539078
998,0,5.4248496993988,NaN,998,5.4248496993988
999,0,5.41441441441441,NaN,999,5.41441441441441
999,0,5.43343343343343,NaN,999,5.43343343343343
999,0,5.43543543543544,NaN,999,5.43543543543544
997,0,5.44433299899699,NaN,997,5.44433299899699
999,0,5.43743743743744,NaN,999,5.43743743743744
999,0,5.43443443443443,NaN,999,5.43443443443443
998,0,5.43587174348697,NaN,998,5.43587174348697
998,0,5.44589178356713,NaN,998,5.44589178356713
998,0,5.43186372745491,NaN,998,5.43186372745491
999,0,5.43243243243243,NaN,999,5.43243243243243
999,0,5.42842842842843,NaN,999,5.42842842842843
998,0,5.43386773547094,NaN,998,5.43386773547094
999,0,5.43243243243243,NaN,999,5.43243243243243
998,0,5.4248496993988,NaN,998,5.4248496993988
998,0,5.42284569138277,NaN,998,5.42284569138277
998,0,5.43286573146293,NaN,998,5.43286573146293
998,0,5.42985971943888,NaN,998,5.42985971943888
999,0,5.41941941941942,NaN,999,5.41941941941942
998,0,5.43587174348697,NaN,998,5.43587174348697
999,0,5.43743743743744,NaN,999,5.43743743743744
998,0,5.44288577154309,NaN,998,5.44288577154309
997,0,5.44032096288867,NaN,997,5.44032096288867
997,0,5.44433299899699,NaN,997,5.44433299899699
998,0,5.45290581162325,NaN,998,5.45290581162325
999,0,5.46146146146146,NaN,999,5.46146146146146
998,0,5.4498997995992,NaN,998,5.4498997995992
999,0,5.44544544544545,NaN,999,5.44544544544545
999,0,5.43643643643644,NaN,999,5.43643643643644
999,0,5.42642642642643,NaN,999,5.42642642642643
999,0,5.43243243243243,NaN,999,5.43243243243243
998,0,5.43887775551102,NaN,998,5.43887775551102
998,0,5.43787575150301,NaN,998,5.43787575150301
998,0,5.43086172344689,NaN,998,5.43086172344689
996,0,5.43674698795181,NaN,996,5.43674698795181
999,0,5.45245245245245,NaN,999,5.45245245245245
997,0,5.45737211634905,NaN,997,5.45737211634905
999,0,5.45845845845846,NaN,999,5.45845845845846
996,0,5.44979919678715,NaN,996,5.44979919678715
998,0,5.45991983967936,NaN,998,5.45991983967936
999,0,5.46546546546547,NaN,999,5.46546546546547
997,0,5.46038114343029,NaN,997,5.46038114343029
999,0,5.46646646646647,NaN,999,5.46646646646647
999,0,5.46546546546547,NaN,999,5.46546546546547
999,0,5.45345345345345,NaN,999,5.45345345345345
998,0,5.44789579158317,NaN,998,5.44789579158317
999,0,5.45345345345345,NaN,999,5.45345345345345
999,0,5.45645645645646,NaN,999,5.45645645645646
999,0,5.45545545545546,NaN,999,5.45545545545546
998,0,5.47595190380762,NaN,998,5.47595190380762
999,0,5.47647647647648,NaN,999,5.47647647647648
999,0,5.45745745745746,NaN,999,5.45745745745746
997,0,5.44834503510532,NaN,997,5.44834503510532
999,0,5.45945945945946,NaN,999,5.45945945945946
999,0,5.47247247247247,NaN,999,5.47247247247247
999,0,5.46746746746747,NaN,999,5.46746746746747
999,0,5.45745745745746,NaN,999,5.45745745745746
999,0,5.46446446446446,NaN,999,5.46446446446446
999,0,5.47747747747748,NaN,999,5.47747747747748
999,0,5.47047047047047,NaN,999,5.47047047047047
999,0,5.46646646646647,NaN,999,5.46646646646647
998,0,5.48096192384769,NaN,998,5.48096192384769
996,0,5.46987951807229,NaN,996,5.46987951807229
999,0,5.46846846846847,NaN,999,5.46846846846847
999,0,5.47247247247247,NaN,999,5.47247247247247
998,0,5.48897795591182,NaN,998,5.48897795591182
999,0,5.48348348348348,NaN,999,5.48348348348348
998,0,5.48196392785571,NaN,998,5.48196392785571
999,0,5.49249249249249,NaN,999,5.49249249249249
999,0,5.4994994994995,NaN,999,5.4994994994995
997,0,5.48746238716148,NaN,997,5.48746238716148
999,0,5.48548548548549,NaN,999,5.48548548548549
999,0,5.48048048048048,NaN,999,5.48048048048048
998,0,5.48897795591182,NaN,998,5.48897795591182
997,0,5.50150451354062,NaN,997,5.50150451354062
998,0,5.49799599198397,NaN,998,5.49799599198397
997,0,5.50351053159478,NaN,997,5.50351053159478
999,0,5.50550550550551,NaN,999,5.50550550550551
998,0,5.50400801603206,NaN,998,5.50400801603206
