forward_num,reverse_num,forward_rate,reverse_rate,organism_num,organism_rate
500,500,5.5,5.5,1000,5.5
496,493,5.48790322580645,5.50912778904665,989,5.49848331648129
495,492,5.48080808080808,5.5020325203252,987,5.49138804457953
540,458,6.06851851851852,5.50218340611354,998,5.80861723446894
573,426,6.1064572425829,5.53286384976526,999,5.86186186186186
607,391,6.17957166392092,5.53964194373401,998,5.92885771543086
640,359,6.21875,5.57938718662953,999,5.98898898898899
659,340,6.26100151745068,5.52058823529412,999,6.00900900900901
688,309,6.28488372093023,5.49190938511327,997,6.03911735205617
717,282,6.27615062761506,5.49290780141844,999,6.05505505505506
687,312,6.4235807860262,5.22115384615385,999,6.04804804804805
710,289,6.30845070422535,5.26297577854671,999,6.00600600600601
706,293,6.48725212464589,5.01706484641638,999,6.05605605605606
677,321,6.45347119645495,5.21183800623053,998,6.05410821643287
703,294,6.47937411095306,5.29931972789116,997,6.13139418254764
688,311,6.47529069767442,5.55305466237942,999,6.18818818818819
680,319,6.58382352941176,5.70219435736677,999,6.3023023023023
661,336,6.63691376701967,5.65773809523809,997,6.30692076228686
642,356,6.75233644859813,6.00842696629214,998,6.48697394789579
660,339,6.84848484848485,6.05014749262537,999,6.57757757757758
634,365,6.85646687697161,6.25753424657534,999,6.63763763763764
657,342,6.62404870624049,6.17543859649123,999,6.47047047047047
633,365,6.74881516587678,6.08493150684932,998,6.5060120240481
634,363,6.79652996845426,6.15151515151515,997,6.5616850551655
656,342,6.8140243902439,6.19298245614035,998,6.60120240480962
660,339,6.72272727272727,6.28613569321534,999,6.57457457457457
644,353,6.74378881987578,6.19546742209632,997,6.54964894684052
664,334,6.76656626506024,6.18263473053892,998,6.57114228456914
653,345,6.78407350689127,6.23188405797101,998,6.59318637274549
672,327,6.84226190476191,6.25382262996942,999,6.64964964964965
669,330,6.84155455904335,6.35151515151515,999,6.67967967967968
670,327,6.86417910447761,6.30275229357798,997,6.68004012036108
658,338,6.8951367781155,6.30769230769231,996,6.69578313253012
666,333,6.98798798798799,6.25525525525526,999,6.74374374374374
659,339,7.02427921092564,6.42477876106195,998,6.82064128256513
665,334,7.05112781954887,6.57185628742515,999,6.89089089089089
663,336,7.01809954751131,6.57440476190476,999,6.86886886886887
667,332,6.99250374812594,6.56024096385542,999,6.84884884884885
669,329,7.09267563527653,6.5531914893617,998,6.91482965931864
662,336,7.12084592145015,6.58630952380952,998,6.94088176352705
673,326,7.19019316493314,6.63803680981595,999,7.01001001001001
665,333,7.11428571428571,6.68768768768769,998,6.97194388777555
662,337,7.17220543806646,6.64391691394659,999,6.99399399399399
676,322,7.21745562130178,6.63664596273292,998,7.03006012024048
670,328,7.23880597014925,6.71341463414634,998,7.06613226452906
668,329,7.23652694610778,6.7629179331307,997,7.0802407221665
675,323,7.25925925925926,6.74303405572755,998,7.09218436873747
672,327,7.32291666666667,6.74006116207951,999,7.13213213213213
668,330,7.36077844311377,6.63333333333333,998,7.12024048096192
675,324,7.40444444444444,6.67283950617284,999,7.16716716716717
676,321,7.46005917159763,6.75077881619938,997,7.23169508525577
670,329,7.46716417910448,6.85410334346505,999,7.26526526526527
670,328,7.51044776119403,6.83536585365854,998,7.28857715430862
668,331,7.51497005988024,6.91842900302115,999,7.31731731731732
667,332,7.55772113943029,6.98493975903614,999,7.36736736736737
666,333,7.62012012012012,7.03603603603604,999,7.42542542542543
672,326,7.61755952380952,7.0398773006135,998,7.42885771543086
673,325,7.62258543833581,7.09538461538462,998,7.45090180360721
665,334,7.65563909774436,7.04491017964072,999,7.45145145145145
665,334,7.70375939849624,7.11077844311377,999,7.50550550550551
666,333,7.74024024024024,7.10510510510511,999,7.52852852852853
668,330,7.74251497005988,7.16969696969697,998,7.55310621242485
678,321,7.79203539823009,7.15264797507788,999,7.58658658658659
681,318,7.80616740088106,7.23584905660377,999,7.62462462462462
679,319,7.84094256259205,7.22570532915361,998,7.64428857715431
683,315,7.82576866764275,7.22539682539683,998,7.63627254509018
674,325,7.85311572700297,7.15692307692308,999,7.62662662662663
686,313,7.9067055393586,7.12140575079872,999,7.66066066066066
682,317,7.93841642228739,7.06624605678233,999,7.66166166166166
686,310,7.92419825072886,7.10967741935484,996,7.6706827309237
689,309,7.92162554426705,7.18446601941748,998,7.69338677354709
687,311,7.90975254730713,7.16720257234727,998,7.67835671342685
680,319,7.92352941176471,7.23510971786834,999,7.7037037037037
683,316,7.95754026354319,7.38924050632911,999,7.77777777777778
679,319,7.92341678939617,7.37931034482759,998,7.74949899799599
677,321,7.94830132939439,7.39563862928349,998,7.77054108216433
678,318,7.93510324483776,7.31761006289308,996,7.73795180722892
686,312,7.97667638483965,7.37820512820513,998,7.78957915831663
693,306,8.00721500721501,7.38888888888889,999,7.81781781781782
696,303,8.01293103448276,7.43234323432343,999,7.83683683683684
691,308,8.04196816208394,7.47077922077922,999,7.86586586586587
686,313,8.02332361516035,7.49520766773163,999,7.85785785785786
692,307,7.99566473988439,7.53094462540717,999,7.85285285285285
698,300,8.04441260744986,7.60333333333333,998,7.91182364729459
700,299,8.00571428571429,7.59531772575251,999,7.88288288288288
709,289,7.9802538787024,7.61937716262976,998,7.87575150300601
711,287,8.0098452883263,7.64808362369338,998,7.90581162324649
708,291,8.0,7.70446735395189,999,7.91391391391391
703,296,7.97724039829303,7.72635135135135,999,7.9029029029029
692,305,8.01011560693642,7.65573770491803,997,7.90170511534604
698,299,8.01862464183381,7.63210702341137,997,7.90270812437312
703,296,8.02133712660028,7.63851351351351,999,7.90790790790791
709,290,8.04372355430183,7.69655172413793,999,7.94294294294294
714,285,8.0812324929972,7.74035087719298,999,7.98398398398398
716,283,8.1354748603352,7.78091872791519,999,8.03503503503504
714,285,8.1890756302521,7.74736842105263,999,8.06306306306306
724,275,8.1767955801105,7.73818181818182,999,8.05605605605606
722,277,8.21052631578947,7.8014440433213,999,8.0970970970971
723,276,8.25034578146611,7.86594202898551,999,8.14414414414414
713,285,8.23562412342216,7.7859649122807,998,8.10721442885771
714,282,8.22268907563025,7.79432624113475,996,8.10140562248996
716,283,8.22067039106145,7.81272084805654,999,8.10510510510511
714,285,8.203081232493,7.79649122807018,999,8.08708708708709
711,288,8.21940928270042,7.79166666666667,999,8.0960960960961
711,288,8.22644163150492,7.84375,999,8.11611611611612
722,276,8.24376731301939,7.8768115942029,998,8.14228456913828
722,277,8.21606648199446,7.85920577617328,999,8.11711711711712
719,280,8.24895688456189,7.88214285714286,999,8.14614614614615
712,287,8.27106741573034,7.87108013937282,999,8.15615615615616
708,291,8.29661016949153,7.89690721649485,999,8.18018018018018
713,285,8.30995792426367,7.95438596491228,998,8.20841683366733
712,287,8.38061797752809,7.91637630662021,999,8.24724724724725
708,290,8.40677966101695,7.95172413793103,998,8.27454909819639
703,294,8.40398293029872,7.96938775510204,997,8.27582748244734
694,304,8.42507204610951,7.96710526315789,998,8.28557114228457
693,306,8.44011544011544,7.97712418300654,999,8.2982982982983
690,308,8.46811594202899,7.96428571428571,998,8.312625250501
699,299,8.48927038626609,8.0066889632107,998,8.34468937875751
696,303,8.51436781609195,8.00990099009901,999,8.36136136136136
694,302,8.47262247838617,8.03973509933775,996,8.34136546184739
699,299,8.48783977110157,8.12040133779264,998,8.37775551102204
690,307,8.46376811594203,8.15635179153094,997,8.3691073219659
698,301,8.49283667621776,8.12956810631229,999,8.38338338338338
695,304,8.50791366906475,8.17434210526316,999,8.40640640640641
704,295,8.51420454545454,8.22372881355932,999,8.42842842842843
705,292,8.51205673758865,8.27739726027397,997,8.44332998996991
714,284,8.49579831932773,8.22183098591549,998,8.41783567134268
722,277,8.51662049861496,8.26714801444043,999,8.44744744744745
723,276,8.51175656984786,8.26449275362319,999,8.44344344344344
719,278,8.52990264255911,8.19784172661871,997,8.43731193580742
725,272,8.52,8.22426470588235,997,8.43931795386158
725,273,8.54206896551724,8.26007326007326,998,8.46492985971944
730,269,8.54657534246575,8.27509293680297,999,8.47347347347347
731,268,8.58549931600547,8.24626865671642,999,8.49449449449449
736,262,8.60733695652174,8.3206106870229,998,8.53206412825651
730,268,8.61232876712329,8.30223880597015,998,8.52905811623246
728,269,8.60851648351648,8.35315985130111,997,8.53961885656971
729,269,8.64883401920439,8.38289962825279,998,8.57715430861724
727,272,8.66574965612105,8.45955882352941,999,8.60960960960961
725,274,8.65379310344828,8.44160583941606,999,8.5955955955956
715,284,8.66573426573427,8.45422535211268,999,8.60560560560561
719,280,8.71210013908206,8.44285714285714,999,8.63663663663664
729,270,8.75308641975309,8.38148148148148,999,8.65265265265265
737,261,8.73948439620081,8.42528735632184,998,8.65731462925852
734,265,8.76702997275204,8.48679245283019,999,8.69269269269269
735,263,8.77687074829932,8.49809885931559,998,8.70340681362725
728,271,8.77335164835165,8.50184501845018,999,8.6996996996997
737,261,8.80054274084125,8.54789272030651,998,8.73446893787575
739,258,8.8105548037889,8.56976744186047,997,8.74824473420261
744,255,8.81182795698925,8.54901960784314,999,8.74474474474474
743,254,8.84656796769852,8.5748031496063,997,8.77733199598796
751,246,8.86018641810919,8.6260162601626,997,8.80240722166499
748,249,8.88770053475936,8.57831325301205,997,8.81043129388165
756,243,8.94444444444444,8.59670781893004,999,8.85985985985986
751,247,8.95739014647137,8.63967611336032,998,8.87875751503006
752,247,8.94414893617021,8.65587044534413,999,8.87287287287287
744,252,8.93279569892473,8.66269841269841,996,8.8644578313253
740,258,8.96756756756757,8.65116279069767,998,8.88577154308617
743,255,8.95827725437416,8.74509803921569,998,8.90380761523046
755,244,8.95761589403974,8.72540983606557,999,8.9009009009009
743,256,8.96635262449529,8.78515625,999,8.91991991991992
749,249,8.97463284379172,8.83534136546185,998,8.93987975951904
748,250,8.96657754010695,8.876,998,8.9438877755511
749,250,8.98931909212283,8.852,999,8.95495495495495
757,242,8.96301188903567,8.85123966942149,999,8.93593593593594
759,239,8.99472990777339,8.84518828451883,998,8.95891783567134
760,238,9.01315789473684,8.80252100840336,998,8.96292585170341
761,238,9.00394218134034,8.83193277310924,999,8.96296296296296
763,235,9.0262123197903,8.78297872340426,998,8.9689378757515
773,225,9.03622250970246,8.78666666666667,998,8.97995991983968
779,220,9.04621309370988,8.78636363636364,999,8.98898898898899
788,209,9.05964467005076,8.7799043062201,997,9.00100300902708
790,209,9.07974683544304,8.70334928229665,999,9.001001001001
785,213,9.11592356687898,8.67136150234742,998,9.02104208416834
790,207,9.13037974683544,8.66666666666667,997,9.03410230692076
785,214,9.12484076433121,8.67289719626168,999,9.02802802802803
791,208,9.10113780025284,8.625,999,9.002002002002
783,216,9.12388250319285,8.68518518518519,999,9.02902902902903
787,210,9.12706480304955,8.66666666666667,997,9.03009027081244
772,227,9.12694300518135,8.72246696035242,999,9.03503503503504
774,225,9.13565891472868,8.68,999,9.03303303303303
772,226,9.13730569948187,8.70353982300885,998,9.03907815631263
780,219,9.14615384615385,8.69406392694064,999,9.04704704704705
776,223,9.18170103092783,8.67264573991031,999,9.06806806806807
774,225,9.171834625323,8.69777777777778,999,9.06506506506507
775,223,9.17806451612903,8.69058295964126,998,9.06913827655311
778,220,9.21079691516709,8.71363636363636,998,9.10120240480962
783,216,9.21966794380588,8.66203703703704,999,9.0990990990991
785,214,9.22165605095541,8.69158878504673,999,9.10810810810811
788,210,9.23730964467005,8.67142857142857,998,9.11823647294589
789,210,9.23954372623574,8.63809523809524,999,9.11311311311311
785,212,9.2343949044586,8.60849056603774,997,9.10130391173521
801,198,9.22721598002497,8.56060606060606,999,9.0950950950951
790,206,9.21898734177215,8.53883495145631,996,9.07831325301205
800,199,9.23,8.57286432160804,999,9.0990990990991
798,201,9.23308270676692,8.59701492537313,999,9.10510510510511
805,194,9.2360248447205,8.5979381443299,999,9.11211211211211
797,202,9.24090338770389,8.50990099009901,999,9.09309309309309
801,198,9.25343320848939,8.51010101010101,999,9.10610610610611
797,202,9.24341279799247,8.49009900990099,999,9.09109109109109
795,202,9.26163522012579,8.44059405940594,997,9.09528585757272
805,192,9.27950310559006,8.45833333333333,997,9.12136409227683
811,187,9.26510480887793,8.47058823529412,998,9.11623246492986
815,184,9.26257668711656,8.46739130434783,999,9.11611611611612
805,194,9.28198757763975,8.54123711340206,999,9.13813813813814
808,191,9.28465346534654,8.53403141361257,999,9.14114114114114
813,186,9.29520295202952,8.51075268817204,999,9.14914914914915
809,189,9.29789864029666,8.53968253968254,998,9.15430861723447
813,185,9.30873308733087,8.57297297297297,998,9.17234468937876
816,182,9.33088235294118,8.51648351648352,998,9.18236472945892
818,181,9.34352078239609,8.53591160220994,999,9.1971971971972
821,178,9.34470158343484,8.59550561797753,999,9.21121121121121
818,181,9.33007334963325,8.55801104972376,999,9.19019019019019
818,181,9.34229828850856,8.51933701657459,999,9.19319319319319
818,181,9.34474327628362,8.4585635359116,999,9.18418418418418
817,182,9.34516523867809,8.46703296703297,999,9.18518518518519
822,177,9.35279805352798,8.48022598870057,999,9.1981981981982
820,179,9.36829268292683,8.52513966480447,999,9.21721721721722
824,174,9.37014563106796,8.47126436781609,998,9.21342685370741
830,169,9.36506024096385,8.49112426035503,999,9.21721721721722
822,175,9.36009732360097,8.42857142857143,997,9.19658976930792
821,177,9.33617539585871,8.42372881355932,998,9.17434869739479
819,179,9.33577533577534,8.43575418994413,998,9.17434869739479
823,175,9.33778857837181,8.49714285714286,998,9.19038076152305
825,173,9.35393939393939,8.42196531791907,998,9.19238476953908
826,173,9.34503631961259,8.42196531791907,999,9.18518518518519
814,185,9.35503685503686,8.42702702702703,999,9.18318318318318
816,183,9.34926470588235,8.46448087431694,999,9.18718718718719
818,181,9.34963325183374,8.45303867403315,999,9.18718718718719
805,193,9.36645962732919,8.44559585492228,998,9.18837675350701
810,189,9.36913580246914,8.48677248677249,999,9.2022022022022
817,181,9.38066095471236,8.60220994475138,998,9.23947895791583
816,181,9.38357843137255,8.5524861878453,997,9.23269809428285
819,180,9.39194139194139,8.54444444444444,999,9.23923923923924
816,181,9.39950980392157,8.59668508287293,997,9.25376128385155
822,177,9.40997566909976,8.59322033898305,999,9.26526526526527
817,182,9.39657282741738,8.64835164835165,999,9.26026026026026
824,173,9.40169902912621,8.65317919075144,997,9.27181544633902
822,177,9.4014598540146,8.67796610169492,999,9.27327327327327
823,174,9.39125151883354,8.67241379310345,997,9.26579739217653
821,176,9.38124238733252,8.70454545454546,997,9.2617853560682
822,175,9.3978102189781,8.67428571428571,997,9.27081243731194
824,173,9.38956310679612,8.61849710982659,997,9.25576730190572
824,175,9.39927184466019,8.64571428571429,999,9.26726726726727
825,174,9.41212121212121,8.64367816091954,999,9.27827827827828
820,178,9.37317073170732,8.65168539325843,998,9.24448897795591
831,168,9.39350180505415,8.61904761904762,999,9.26326326326326
828,171,9.39613526570048,8.67251461988304,999,9.27227227227227
821,178,9.39220462850183,8.65168539325843,999,9.26026026026026
820,179,9.41341463414634,8.69832402234637,999,9.28528528528529
825,174,9.40606060606061,8.6264367816092,999,9.27027027027027
821,177,9.41778319123021,8.61016949152542,998,9.27454909819639
833,165,9.40816326530612,8.59393939393939,998,9.27354709418838
836,162,9.41387559808612,8.69753086419753,998,9.29759519038076
837,162,9.41935483870968,8.79012345679012,999,9.31731731731732
843,155,9.41518386714116,8.79354838709677,998,9.3186372745491
849,149,9.40636042402827,8.90604026845638,998,9.33166332665331
854,145,9.41334894613583,8.91034482758621,999,9.34034034034034
853,146,9.40093786635405,8.95890410958904,999,9.33633633633634
860,139,9.4046511627907,8.98561151079137,999,9.34634634634635
854,144,9.41334894613583,9.02777777777778,998,9.35771543086172
849,149,9.40282685512367,9.0,998,9.34268537074148
848,151,9.39858490566038,9.00662251655629,999,9.33933933933934
847,152,9.40968122786305,9.0,999,9.34734734734735
847,151,9.4025974025974,8.98675496688742,998,9.33967935871743
850,149,9.40352941176471,8.9261744966443,999,9.33233233233233
852,147,9.38615023474178,9.00680272108844,999,9.33033033033033
854,145,9.41217798594848,9.07586206896552,999,9.36336336336336
854,145,9.40866510538642,9.02068965517241,999,9.35235235235235
856,141,9.43224299065421,9.02127659574468,997,9.3741223671013
858,140,9.43356643356643,9.07142857142857,998,9.38276553106212
860,137,9.44883720930233,9.05109489051095,997,9.39418254764293
855,143,9.47251461988304,9.03496503496504,998,9.40981963927856
854,144,9.48829039812646,9.02083333333333,998,9.42084168336673
849,149,9.49469964664311,9.1006711409396,998,9.43587174348697
846,153,9.48345153664303,9.09150326797386,999,9.42342342342342
843,156,9.47449584816133,9.10897435897436,999,9.41741741741742
848,151,9.46698113207547,9.10596026490066,999,9.41241241241241
844,155,9.45971563981043,9.07741935483871,999,9.4004004004004
841,158,9.46730083234245,9.10759493670886,999,9.41041041041041
842,156,9.47030878859857,9.01923076923077,998,9.3997995991984
850,149,9.46470588235294,9.06040268456376,999,9.4044044044044
842,157,9.45605700712589,9.05732484076433,999,9.39339339339339
847,152,9.4616292798111,9.13815789473684,999,9.41241241241241
839,157,9.47079856972586,9.12738853503185,996,9.41666666666667
845,154,9.48165680473373,9.07792207792208,999,9.41941941941942
846,152,9.4645390070922,9.06578947368421,998,9.40380761523046
843,156,9.48042704626335,9.06410256410256,999,9.41541541541542
838,161,9.47852028639618,9.09316770186335,999,9.41641641641642
844,155,9.46208530805687,9.10967741935484,999,9.40740740740741
839,160,9.47318235995232,9.15,999,9.42142142142142
844,154,9.49289099526066,9.13636363636364,998,9.43787575150301
840,157,9.48809523809524,9.12738853503185,997,9.43129388164493
846,152,9.48345153664303,9.13157894736842,998,9.42985971943888
842,156,9.49049881235154,9.1025641025641,998,9.42985971943888
846,152,9.50709219858156,9.06578947368421,998,9.43987975951904
852,147,9.51525821596244,9.1156462585034,999,9.45645645645646
848,150,9.52122641509434,9.19333333333333,998,9.47194388777555
843,155,9.53973902728351,9.13548387096774,998,9.47695390781563
853,145,9.54513481828839,9.09655172413793,998,9.47995991983968
848,150,9.55070754716981,9.16,998,9.49198396793587
856,142,9.55957943925234,9.14084507042254,998,9.5
848,148,9.55542452830189,9.20945945945946,996,9.50401606425703
849,148,9.55712603062426,9.22297297297297,997,9.50752256770311
848,150,9.55896226415094,9.27333333333333,998,9.51603206412826
853,146,9.55451348182884,9.23287671232877,999,9.50750750750751
849,150,9.55712603062426,9.24,999,9.50950950950951
850,149,9.56588235294118,9.22147651006711,999,9.51451451451451
854,145,9.55854800936768,9.26896551724138,999,9.51651651651652
855,144,9.5578947368421,9.27777777777778,999,9.51751751751752
856,143,9.55140186915888,9.25874125874126,999,9.50950950950951
856,143,9.54556074766355,9.22377622377622,999,9.4994994994995
854,145,9.55035128805621,9.27586206896552,999,9.51051051051051
854,144,9.5480093676815,9.25694444444444,998,9.5060120240481
862,135,9.55452436194896,9.20740740740741,997,9.50752256770311
867,132,9.54094579008074,9.18939393939394,999,9.49449449449449
858,138,9.53613053613054,9.19565217391304,996,9.48895582329317
866,133,9.55080831408776,9.20300751879699,999,9.5045045045045
862,136,9.55452436194896,9.14705882352941,998,9.49899799599198
863,136,9.55735805330243,9.13235294117647,999,9.4994994994995
863,135,9.57126303592121,9.24444444444444,998,9.52705410821643
869,129,9.57077100115075,9.24806201550388,998,9.52905811623246
865,133,9.57919075144509,9.25563909774436,998,9.53607214428858
869,130,9.58457997698504,9.27692307692308,999,9.54454454454454
867,130,9.5916955017301,9.26923076923077,997,9.54964894684052
866,132,9.58429561200924,9.24242424242424,998,9.53907815631263
863,135,9.58864426419467,9.24444444444444,998,9.54208416833667
861,136,9.58885017421603,9.16176470588235,997,9.53059177532598
860,138,9.58255813953488,9.14492753623188,998,9.52204408817635
864,134,9.59490740740741,9.2089552238806,998,9.54308617234469
867,131,9.57785467128028,9.23664122137404,998,9.53306613226453
866,132,9.58198614318707,9.25,998,9.53807615230461
869,130,9.57882623705409,9.26923076923077,999,9.53853853853854
872,127,9.59174311926606,9.2992125984252,999,9.55455455455455
871,127,9.58438576349024,9.31496062992126,998,9.5501002004008
871,128,9.57979334098737,9.2890625,999,9.54254254254254
875,124,9.57485714285714,9.40322580645161,999,9.55355355355355
874,124,9.57437070938215,9.41129032258065,998,9.55410821643287
878,120,9.58656036446469,9.44166666666667,998,9.56913827655311
873,125,9.58762886597938,9.416,998,9.56613226452906
876,123,9.56849315068493,9.55284552845528,999,9.56656656656657
873,124,9.57159221076747,9.61290322580645,997,9.57673019057171
872,127,9.55160550458716,9.61417322834646,999,9.55955955955956
868,130,9.54953917050691,9.58461538461538,998,9.55410821643287
879,119,9.55290102389078,9.61344537815126,998,9.56012024048096
874,125,9.54462242562929,9.648,999,9.55755755755756
875,124,9.53257142857143,9.61290322580645,999,9.54254254254254
873,126,9.52691867124857,9.61111111111111,999,9.53753753753754
872,125,9.54357798165138,9.648,997,9.55667001003009
871,126,9.54420206659013,9.71428571428571,997,9.56569709127382
880,119,9.55113636363636,9.6890756302521,999,9.56756756756757
879,119,9.55972696245734,9.6890756302521,998,9.5751503006012
881,115,9.577752553916,9.66086956521739,996,9.58734939759036
881,118,9.57661748013621,9.6864406779661,999,9.58958958958959
885,114,9.57966101694915,9.68421052631579,999,9.59159159159159
883,116,9.57644394110985,9.67241379310345,999,9.58758758758759
882,116,9.57709750566893,9.68965517241379,998,9.59018036072144
879,118,9.58361774744027,9.71186440677966,997,9.5987963891675
882,115,9.58956916099773,9.69565217391304,997,9.60180541624875
885,113,9.59435028248588,9.71681415929203,998,9.60821643286573
885,113,9.5909604519774,9.70796460176991,998,9.60420841683367
886,112,9.58465011286682,9.74107142857143,998,9.60220440881764
885,113,9.57966101694915,9.83185840707965,998,9.60821643286573
887,112,9.5749718151071,9.82142857142857,999,9.6026026026026
883,114,9.55832389580974,9.8421052631579,997,9.59077231695085
887,112,9.56369785794814,9.82142857142857,999,9.59259259259259
884,114,9.55882352941176,9.8421052631579,998,9.59118236472946
887,109,9.5456595264938,9.84403669724771,996,9.57831325301205
888,111,9.57432432432432,9.85585585585586,999,9.60560560560561
893,106,9.56438969764838,9.88679245283019,999,9.5985985985986
893,106,9.5565509518477,9.88679245283019,999,9.59159159159159
900,98,9.55222222222222,9.87755102040816,998,9.58416833667335
897,100,9.56521739130435,9.86,997,9.59478435305918
904,95,9.55420353982301,9.85263157894737,999,9.58258258258258
905,94,9.56574585635359,9.85106382978723,999,9.59259259259259
907,92,9.57883131201764,9.84782608695652,999,9.6036036036036
908,91,9.58590308370044,9.84615384615385,999,9.60960960960961
909,90,9.58195819581958,9.83333333333333,999,9.6046046046046
910,88,9.6021978021978,9.84090909090909,998,9.62324649298597
907,92,9.60308710033076,9.83695652173913,999,9.62462462462462
904,94,9.59402654867257,9.81914893617021,998,9.61523046092184
904,93,9.60287610619469,9.80645161290323,997,9.62186559679037
904,95,9.60066371681416,9.82105263157895,999,9.62162162162162
904,95,9.61061946902655,9.85263157894737,999,9.63363363363363
908,91,9.61013215859031,9.85714285714286,999,9.63263263263263
903,94,9.61683277962348,9.87234042553191,997,9.64092276830491
908,91,9.61013215859031,9.85714285714286,999,9.63263263263263
904,94,9.61061946902655,9.88297872340426,998,9.63627254509018
901,96,9.60821309655938,9.875,997,9.63390170511535
901,98,9.61931187569367,9.92857142857143,999,9.64964964964965
898,101,9.62583518930958,9.92079207920792,999,9.65565565565566
897,100,9.62764771460424,9.95,997,9.65997993981946
896,103,9.6328125,9.94174757281553,999,9.66466466466466
894,103,9.62192393736018,9.95145631067961,997,9.65596790371113
899,100,9.61067853170189,9.95,999,9.64464464464464
902,96,9.62305986696231,9.98958333333333,998,9.65831663326653
900,98,9.61888888888889,9.98979591836735,998,9.65531062124249
904,95,9.62057522123894,9.97894736842105,999,9.65465465465465
901,97,9.62819089900111,9.97938144329897,998,9.6623246492986
901,96,9.62375138734739,9.98958333333333,997,9.65897693079238
898,100,9.62583518930958,9.99,998,9.6623246492986
901,97,9.62264150943396,9.98969072164948,998,9.65831663326653
890,109,9.63258426966292,10.0,999,9.67267267267267
892,106,9.65807174887892,10.0,998,9.69438877755511
886,112,9.64785553047404,10.0,998,9.687374749499
891,108,9.64983164983165,10.0,999,9.68768768768769
884,115,9.65610859728507,10.0,999,9.6956956956957
885,114,9.66440677966102,10.0,999,9.7027027027027
888,111,9.65540540540541,10.0,999,9.69369369369369
884,115,9.66176470588235,10.0,999,9.7007007007007
883,116,9.66704416761042,10.0,999,9.70570570570571
883,116,9.66817667044168,10.0,999,9.70670670670671
883,116,9.67383918459796,10.0,999,9.71171171171171
885,114,9.67570621468927,10.0,999,9.71271271271271
877,122,9.66476624857469,10.0,999,9.70570570570571
879,118,9.6712172923777,10.0,997,9.71013039117352
878,121,9.67881548974943,10.0,999,9.71771771771772
879,119,9.68259385665529,10.0,998,9.72044088176353
877,121,9.69327251995439,10.0,998,9.73046092184369
876,122,9.69292237442922,10.0,998,9.73046092184369
876,122,9.69063926940639,10.0,998,9.72845691382765
876,120,9.68949771689498,10.0,996,9.72690763052209
878,121,9.67995444191344,10.0,999,9.71871871871872
887,112,9.68545659526494,10.0,999,9.72072072072072
883,114,9.6806342015855,10.0,997,9.71715145436309
885,113,9.67796610169492,10.0,998,9.71442885771543
881,117,9.67990919409762,10.0,998,9.71743486973948
890,109,9.68426966292135,10.0,999,9.71871871871872
887,112,9.68432919954904,10.0,999,9.71971971971972
886,112,9.69977426636569,10.0,998,9.73346693386774
889,108,9.6962879640045,10.0,997,9.72918756268806
889,109,9.69741282339707,10.0,998,9.73046092184369
883,115,9.69535673839185,10.0,998,9.73046092184369
888,111,9.6981981981982,10.0,999,9.73173173173173
891,108,9.70594837261504,10.0,999,9.73773773773774
886,112,9.69751693002257,10.0,998,9.7314629258517
888,111,9.69707207207207,10.0,999,9.73073073073073
886,113,9.686230248307,10.0,999,9.72172172172172
880,118,9.675,10.0,998,9.71342685370741
879,120,9.68486916951081,10.0,999,9.72272272272272
879,118,9.6712172923777,10.0,997,9.71013039117352
879,118,9.67576791808874,10.0,997,9.71414242728185
875,122,9.66857142857143,10.0,997,9.70912738214644
879,120,9.6712172923777,10.0,999,9.71071071071071
876,123,9.6689497716895,10.0,999,9.70970970970971
884,115,9.66968325791855,10.0,999,9.70770770770771
881,117,9.65947786606129,10.0,998,9.69939879759519
885,114,9.66553672316384,10.0,999,9.7037037037037
883,115,9.66930917327293,10.0,998,9.70741482965932
885,112,9.67796610169492,10.0,997,9.71414242728185
882,114,9.68253968253968,10.0,996,9.71887550200803
883,116,9.67950169875425,10.0,999,9.71671671671672
882,117,9.68027210884354,10.0,999,9.71771771771772
882,116,9.68140589569161,10.0,998,9.71843687374749
880,118,9.68636363636364,10.0,998,9.72344689378757
881,116,9.69239500567537,10.0,997,9.72818455366098
882,115,9.70068027210884,10.0,997,9.73520561685055
879,117,9.6962457337884,10.0,996,9.73192771084337
881,117,9.70034052213394,10.0,998,9.73547094188377
886,113,9.69525959367946,10.0,999,9.72972972972973
889,107,9.69966254218223,10.0,996,9.73192771084337
889,109,9.70303712035996,10.0,998,9.73547094188377
886,112,9.70993227990971,10.0,998,9.74248496993988
893,106,9.7043673012318,10.0,999,9.73573573573574
881,117,9.70488081725312,10.0,998,9.73947895791583
889,110,9.70416197975253,10.0,999,9.73673673673674
883,115,9.7044167610419,10.0,998,9.73847695390782
886,111,9.70316027088036,10.0,997,9.73620862587763
888,110,9.70045045045045,10.0,998,9.73346693386774
889,109,9.70528683914511,10.0,998,9.7374749498998
883,116,9.69875424688562,10.0,999,9.73373373373373
881,118,9.70715096481271,10.0,999,9.74174174174174
878,119,9.70387243735763,10.0,997,9.73921765295888
884,115,9.71153846153846,10.0,999,9.74474474474474
885,112,9.72203389830509,10.0,997,9.75325977933801
887,110,9.73393461104848,10.0,997,9.76328986960883
887,112,9.74295377677565,10.0,999,9.77177177177177
886,112,9.75282167042889,10.0,998,9.78056112224449
884,115,9.76018099547511,10.0,999,9.78778778778779
885,113,9.76045197740113,10.0,998,9.7875751503006
881,118,9.75936435868331,10.0,999,9.78778778778779
880,119,9.7625,10.0,999,9.79079079079079
874,124,9.76430205949657,10.0,998,9.7935871743487
873,126,9.77548682703322,10.0,999,9.8038038038038
869,128,9.78020713463751,10.0,997,9.80842527582748
870,129,9.78390804597701,10.0,999,9.81181181181181
872,124,9.77866972477064,10.0,996,9.80622489959839
872,127,9.77178899082569,10.0,999,9.8008008008008
874,125,9.76544622425629,10.0,999,9.79479479479479
877,122,9.77423033067275,10.0,999,9.8018018018018
873,123,9.76975945017182,10.0,996,9.79819277108434
868,129,9.76958525345622,10.0,997,9.79939819458375
871,127,9.77267508610792,10.0,998,9.80160320641283
869,130,9.77905638665132,10.0,999,9.80780780780781
871,128,9.77382319173364,10.0,999,9.8028028028028
869,130,9.77790563866513,10.0,999,9.80680680680681
880,119,9.77613636363636,10.0,999,9.8028028028028
873,125,9.77319587628866,10.0,998,9.80160320641283
871,126,9.77382319173364,10.0,997,9.80240722166499
871,128,9.7646383467279,10.0,999,9.79479479479479
870,127,9.75862068965517,10.0,997,9.78936810431294
866,133,9.74826789838337,10.0,999,9.78178178178178
869,130,9.76524741081703,10.0,999,9.7957957957958
870,128,9.7632183908046,10.0,998,9.7935871743487
868,129,9.76382488479263,10.0,997,9.79438314944835
868,131,9.76497695852535,10.0,999,9.7957957957958
864,135,9.76157407407407,10.0,999,9.79379379379379
868,131,9.76958525345622,10.0,999,9.7997997997998
868,130,9.76612903225806,10.0,998,9.79659318637275
867,130,9.7681660899654,10.0,997,9.79839518555667
861,136,9.77003484320558,10.0,997,9.80140421263791
868,131,9.76497695852535,10.0,999,9.7957957957958
862,135,9.76682134570766,10.0,997,9.79839518555667
860,138,9.77558139534884,10.0,998,9.80661322645291
865,133,9.78728323699422,10.0,998,9.81563126252505
866,131,9.78983833718245,10.0,997,9.81745235707121
869,130,9.79056386651323,10.0,999,9.81781781781782
872,127,9.7901376146789,10.0,999,9.81681681681682
867,131,9.79354094579008,10.0,998,9.82064128256513
870,128,9.78735632183908,10.0,998,9.81462925851703
869,130,9.78941311852704,10.0,999,9.81681681681682
865,132,9.7849710982659,10.0,997,9.81344032096289
869,130,9.78365937859609,10.0,999,9.81181181181181
866,133,9.77020785219399,10.0,999,9.8008008008008
870,129,9.76896551724138,10.0,999,9.7987987987988
865,134,9.76647398843931,10.0,999,9.7977977977978
871,128,9.76693455797933,10.0,999,9.7967967967968
867,132,9.77277970011534,10.0,999,9.8028028028028
869,130,9.76064441887227,10.0,999,9.79179179179179
870,129,9.75977011494253,10.0,999,9.79079079079079
870,129,9.75172413793103,10.0,999,9.78378378378378
871,127,9.74052812858783,10.0,998,9.77354709418838
873,126,9.74684994272623,10.0,999,9.77877877877878
872,127,9.73967889908257,10.0,999,9.77277277277277
873,125,9.73883161512027,10.0,998,9.77154308617235
876,123,9.74086757990868,10.0,999,9.77277277277277
876,121,9.73173515981735,10.0,997,9.76429287863591
883,115,9.73839184597962,10.0,998,9.7685370741483
887,112,9.73957158962796,10.0,999,9.76876876876877
884,113,9.73642533936652,10.0,997,9.76629889669007
883,115,9.73386183465459,10.0,998,9.76452905811623
875,123,9.73142857142857,10.0,998,9.76452905811623
880,118,9.72386363636364,10.0,998,9.7565130260521
876,123,9.73059360730594,10.0,999,9.76376376376376
874,121,9.72311212814645,10.0,995,9.75678391959799
876,120,9.72945205479452,10.0,996,9.76204819277108
875,124,9.72342857142857,10.0,999,9.75775775775776
875,123,9.72914285714286,10.0,998,9.7625250501002
867,131,9.73702422145329,10.0,998,9.77154308617235
873,126,9.7319587628866,10.0,999,9.76576576576577
866,131,9.7378752886836,10.0,997,9.77231695085256
872,127,9.73623853211009,10.0,999,9.76976976976977
866,133,9.7459584295612,10.0,999,9.77977977977978
869,126,9.74913693901036,10.0,995,9.78090452261307
868,130,9.74884792626728,10.0,998,9.78156312625251
873,125,9.75486827033219,10.0,998,9.78557114228457
880,119,9.74772727272727,10.0,999,9.77777777777778
880,117,9.75113636363636,10.0,997,9.78034102306921
879,120,9.73947667804323,10.0,999,9.77077077077077
879,118,9.74061433447099,10.0,997,9.77131394182548
881,118,9.74574347332577,10.0,999,9.77577577577578
886,111,9.74943566591422,10.0,997,9.77733199598796
882,116,9.75056689342404,10.0,998,9.77955911823647
878,119,9.7619589977221,10.0,997,9.79037111334002
879,118,9.76905574516496,10.0,997,9.79638916750251
878,120,9.76423690205011,10.0,998,9.79258517034068
882,117,9.7687074829932,10.0,999,9.7957957957958
888,111,9.75900900900901,10.0,999,9.78578578578579
885,114,9.76610169491526,10.0,999,9.79279279279279
890,109,9.77191011235955,10.0,999,9.7967967967968
887,110,9.76888387824126,10.0,997,9.79438314944835
895,104,9.77094972067039,10.0,999,9.79479479479479
893,106,9.77379619260918,10.0,999,9.7977977977978
895,104,9.78212290502793,10.0,999,9.8048048048048
897,102,9.78483835005574,10.0,999,9.80680680680681
889,110,9.785151856018,10.0,999,9.80880880880881
890,109,9.78202247191011,10.0,999,9.80580580580581
887,112,9.79368658399098,10.0,999,9.81681681681682
890,109,9.78876404494382,10.0,999,9.81181181181181
888,110,9.79504504504505,10.0,998,9.81763527054108
889,110,9.80539932508436,10.0,999,9.82682682682683
891,108,9.8013468013468,10.0,999,9.82282282282282
893,105,9.8040313549832,10.0,998,9.82464929859719
891,106,9.7979797979798,10.0,997,9.81945837512538
899,100,9.8020022246941,10.0,999,9.82182182182182
900,99,9.79444444444444,10.0,999,9.81481481481481
901,98,9.80133185349612,10.0,999,9.82082082082082
905,92,9.8,10.0,997,9.81845536609829
906,92,9.80132450331126,10.0,998,9.81963927855711
907,92,9.80374862183021,10.0,999,9.82182182182182
905,94,9.79558011049724,10.0,999,9.81481481481481
905,94,9.78453038674033,10.0,999,9.8048048048048
907,91,9.79382579933848,10.0,998,9.812625250501
908,90,9.78744493392071,10.0,998,9.80661322645291
910,88,9.7978021978022,10.0,998,9.81563126252505
906,93,9.79359823399558,10.0,999,9.81281281281281
910,88,9.78901098901099,10.0,998,9.80761523046092
911,86,9.79363336992316,10.0,997,9.81143430290873
915,84,9.79781420765027,10.0,999,9.81481481481481
916,82,9.80021834061135,10.0,998,9.81663326653307
914,84,9.79212253829322,10.0,998,9.80961923847695
918,81,9.7995642701525,10.0,999,9.81581581581582
915,83,9.80655737704918,10.0,998,9.82264529058116
915,82,9.80765027322404,10.0,997,9.8234704112337
916,83,9.81441048034934,10.0,999,9.82982982982983
919,79,9.81610446137106,10.0,998,9.83066132264529
920,78,9.8304347826087,10.0,998,9.8436873747495
917,80,9.83315158124318,10.0,997,9.84653961885657
925,74,9.83567567567568,10.0,999,9.84784784784785
924,75,9.84090909090909,10.0,999,9.85285285285285
928,70,9.84698275862069,10.0,998,9.85771543086172
932,66,9.83369098712446,10.0,998,9.84468937875751
933,66,9.84244372990354,10.0,999,9.85285285285285
932,66,9.83583690987125,10.0,998,9.84669338677355
931,67,9.83243823845328,10.0,998,9.8436873747495
937,60,9.84738527214514,10.0,997,9.85656970912738
934,64,9.84689507494647,10.0,998,9.85671342685371
935,64,9.83957219251337,10.0,999,9.84984984984985
933,64,9.83922829581994,10.0,997,9.84954864593781
935,63,9.83850267379679,10.0,998,9.84869739478958
937,62,9.83564567769477,10.0,999,9.84584584584585
941,58,9.83103081827843,10.0,999,9.84084084084084
936,62,9.8258547008547,10.0,998,9.83667334669339
934,64,9.82655246252677,10.0,998,9.8376753507014
932,67,9.83261802575107,10.0,999,9.84384384384384
930,68,9.82903225806452,10.0,998,9.84068136272545
935,64,9.83101604278075,10.0,999,9.84184184184184
936,62,9.82799145299145,10.0,998,9.83867735470942
935,61,9.82673796791444,10.0,996,9.83734939759036
940,59,9.83723404255319,10.0,999,9.84684684684685
940,59,9.83829787234043,10.0,999,9.84784784784785
938,61,9.84115138592751,10.0,999,9.85085085085085
936,62,9.85363247863248,10.0,998,9.8627254509018
936,63,9.86431623931624,10.0,999,9.87287287287287
935,64,9.85882352941177,10.0,999,9.86786786786787
934,65,9.86295503211992,10.0,999,9.87187187187187
938,61,9.86140724946695,10.0,999,9.86986986986987
938,60,9.86034115138593,10.0,998,9.8687374749499
939,60,9.8604898828541,10.0,999,9.86886886886887
937,61,9.86125933831377,10.0,998,9.86973947895792
937,62,9.85805763073639,10.0,999,9.86686686686687
936,62,9.86004273504273,10.0,998,9.8687374749499
936,63,9.86645299145299,10.0,999,9.87487487487487
936,60,9.85790598290598,10.0,996,9.86646586345381
946,52,9.8615221987315,10.0,998,9.8687374749499
942,54,9.87048832271762,10.0,996,9.87751004016064
945,54,9.87407407407407,10.0,999,9.88088088088088
944,55,9.86970338983051,10.0,999,9.87687687687688
945,53,9.87195767195767,10.0,998,9.87875751503006
948,50,9.87341772151899,10.0,998,9.87975951903808
951,46,9.87592008412198,10.0,997,9.88164493480441
953,46,9.87722980062959,10.0,999,9.88288288288288
958,41,9.87995824634656,10.0,999,9.88488488488488
952,44,9.88340336134454,10.0,996,9.88855421686747
954,44,9.88574423480084,10.0,998,9.89078156312625
948,50,9.88291139240506,10.0,998,9.88877755511022
952,45,9.8781512605042,10.0,997,9.88365095285858
951,48,9.87697160883281,10.0,999,9.88288288288288
956,43,9.8755230125523,10.0,999,9.88088088088088
954,45,9.86897274633124,10.0,999,9.87487487487487
954,44,9.87526205450734,10.0,998,9.88076152304609
952,46,9.87605042016807,10.0,998,9.88176352705411
954,45,9.88574423480084,10.0,999,9.89089089089089
950,49,9.88947368421053,10.0,999,9.89489489489489
947,51,9.88806758183738,10.0,998,9.8937875751503
944,50,9.88347457627119,10.0,994,9.88933601609658
942,52,9.8864118895966,10.0,994,9.89235412474849
950,49,9.88736842105263,10.0,999,9.89289289289289
949,49,9.88935721812434,10.0,998,9.89478957915832
948,48,9.89029535864979,10.0,996,9.89558232931727
951,48,9.88853838065195,10.0,999,9.89389389389389
949,48,9.88619599578504,10.0,997,9.89167502507523
951,48,9.88538380651945,10.0,999,9.89089089089089
953,45,9.88667366211962,10.0,998,9.89178356713427
962,37,9.88773388773389,10.0,999,9.89189189189189
961,38,9.88033298647242,10.0,999,9.88488488488488
962,35,9.88773388773389,10.0,997,9.89167502507523
964,33,9.89211618257261,10.0,997,9.89568706118355
965,33,9.89119170984456,10.0,998,9.89478957915832
966,33,9.89751552795031,10.0,999,9.9009009009009
966,33,9.90062111801242,10.0,999,9.9039039039039
967,32,9.90382626680455,10.0,999,9.90690690690691
970,29,9.90103092783505,10.0,999,9.9039039039039
967,30,9.89658738366081,10.0,997,9.89969909729188
970,28,9.89896907216495,10.0,998,9.90180360721443
969,30,9.89783281733746,10.0,999,9.9009009009009
970,29,9.90412371134021,10.0,999,9.90690690690691
970,29,9.91237113402062,10.0,999,9.91491491491491
969,29,9.91228070175439,10.0,998,9.91482965931864
969,29,9.90712074303406,10.0,998,9.90981963927856
969,28,9.91124871001032,10.0,997,9.91374122367101
970,28,9.91443298969072,10.0,998,9.91683366733467
969,30,9.91228070175439,10.0,999,9.91491491491491
970,29,9.91134020618557,10.0,999,9.91391391391391
968,31,9.90702479338843,10.0,999,9.90990990990991
970,28,9.90927835051546,10.0,998,9.91182364729459
969,28,9.91021671826625,10.0,997,9.91273821464393
971,28,9.90937178166838,10.0,999,9.91191191191191
971,28,9.90834191555098,10.0,999,9.91091091091091
970,27,9.90515463917526,10.0,997,9.90772316950853
969,28,9.90505675954592,10.0,997,9.90772316950853
968,30,9.89772727272727,10.0,998,9.90080160320641
970,28,9.90103092783505,10.0,998,9.90380761523046
970,28,9.89587628865979,10.0,998,9.89879759519038
969,29,9.8968008255934,10.0,998,9.8997995991984
968,31,9.89359504132231,10.0,999,9.8968968968969
966,31,9.89233954451346,10.0,997,9.89568706118355
968,31,9.89049586776859,10.0,999,9.89389389389389
969,30,9.88544891640867,10.0,999,9.88888888888889
969,29,9.88854489164087,10.0,998,9.89178356713427
967,31,9.87797311271975,10.0,998,9.88176352705411
970,29,9.87835051546392,10.0,999,9.88188188188188
970,29,9.87525773195876,10.0,999,9.87887887887888
968,30,9.87086776859504,10.0,998,9.874749498998
971,28,9.86817713697219,10.0,999,9.87187187187187
973,26,9.86536485097636,10.0,999,9.86886886886887
969,28,9.86687306501548,10.0,997,9.87061183550652
973,25,9.86536485097636,10.0,998,9.8687374749499
974,25,9.86858316221766,10.0,999,9.87187187187187
973,24,9.87255909558068,10.0,997,9.87562688064193
975,24,9.87282051282051,10.0,999,9.87587587587588
970,27,9.87319587628866,10.0,997,9.87662988966901
971,27,9.87126673532441,10.0,998,9.874749498998
967,31,9.87280248190279,10.0,998,9.87675350701403
970,29,9.87628865979381,10.0,999,9.87987987987988
965,33,9.87564766839378,10.0,998,9.87975951903808
963,35,9.87538940809969,10.0,998,9.87975951903808
963,35,9.87331256490135,10.0,998,9.87775551102204
962,35,9.87422037422037,10.0,997,9.87863590772317
965,34,9.87461139896373,10.0,999,9.87887887887888
966,33,9.87577639751553,10.0,999,9.87987987987988
964,34,9.87344398340249,10.0,998,9.87775551102204
967,30,9.87900723888314,10.0,997,9.8826479438315
967,31,9.8841778697001,10.0,998,9.88777555110221
969,30,9.88544891640867,10.0,999,9.88888888888889
969,28,9.8844169246646,10.0,997,9.8876629889669
973,25,9.88386433710175,10.0,998,9.88677354709419
972,24,9.89094650205761,10.0,996,9.89357429718875
976,23,9.88627049180328,10.0,999,9.88888888888889
975,22,9.88615384615385,10.0,997,9.88866599799398
976,21,9.88319672131148,10.0,997,9.88565697091274
978,21,9.88445807770961,10.0,999,9.88688688688689
977,21,9.88741044012282,10.0,998,9.88977955911824
978,21,9.88854805725971,10.0,999,9.89089089089089
978,21,9.88854805725971,10.0,999,9.89089089089089
977,22,9.88741044012282,10.0,999,9.88988988988989
975,23,9.88410256410256,10.0,998,9.88677354709419
975,24,9.87897435897436,10.0,999,9.88188188188188
975,23,9.88307692307692,10.0,998,9.88577154308617
973,25,9.88900308324769,10.0,998,9.89178356713427
972,26,9.8940329218107,10.0,998,9.89679358717435
972,27,9.8940329218107,10.0,999,9.8968968968969
975,24,9.89948717948718,10.0,999,9.9019019019019
974,25,9.89835728952772,10.0,999,9.9009009009009
974,25,9.90349075975359,10.0,999,9.90590590590591
971,27,9.90113285272914,10.0,998,9.90380761523046
971,27,9.90113285272914,10.0,998,9.90380761523046
975,23,9.90871794871795,10.0,998,9.91082164328657
974,24,9.91375770020534,10.0,998,9.91583166332665
975,24,9.91384615384615,10.0,999,9.91591591591592
976,23,9.91598360655738,10.0,999,9.91791791791792
976,23,9.91495901639344,10.0,999,9.91691691691692
973,25,9.91161356628982,10.0,998,9.91382765531062
974,24,9.91581108829569,10.0,998,9.91783567134268
972,27,9.91872427983539,10.0,999,9.92092092092092
972,27,9.91460905349794,10.0,999,9.91691691691692
970,29,9.91340206185567,10.0,999,9.91591591591592
968,29,9.90909090909091,10.0,997,9.91173520561685
970,28,9.91030927835052,10.0,998,9.9128256513026
974,24,9.91170431211499,10.0,998,9.91382765531062
970,29,9.91134020618557,10.0,999,9.91391391391391
972,27,9.91255144032922,10.0,999,9.91491491491491
968,31,9.91425619834711,10.0,999,9.91691691691692
968,30,9.91322314049587,10.0,998,9.91583166332665
967,31,9.91416752843847,10.0,998,9.91683366733467
967,31,9.91416752843847,10.0,998,9.91683366733467
970,28,9.91649484536083,10.0,998,9.9188376753507
970,29,9.91546391752577,10.0,999,9.91791791791792
968,30,9.91632231404959,10.0,998,9.9188376753507
971,28,9.91967044284243,10.0,999,9.92192192192192
970,29,9.91546391752577,10.0,999,9.91791791791792
965,31,9.92124352331606,10.0,996,9.92369477911647
966,32,9.91718426501035,10.0,998,9.91983967935872
969,28,9.91124871001032,10.0,997,9.91374122367101
963,33,9.9055036344756,10.0,996,9.90863453815261
967,32,9.90899689762151,10.0,999,9.91191191191191
960,36,9.90625,10.0,996,9.90963855421687
966,33,9.90165631469979,10.0,999,9.9049049049049
959,38,9.90093847758081,10.0,997,9.90471414242728
964,33,9.90041493775934,10.0,997,9.9037111334002
962,37,9.8970893970894,10.0,999,9.9009009009009
964,35,9.89730290456431,10.0,999,9.9009009009009
967,32,9.89865563598759,10.0,999,9.9019019019019
973,25,9.90236382322713,10.0,998,9.90480961923848
975,24,9.90564102564103,10.0,999,9.90790790790791
977,22,9.9078812691914,10.0,999,9.90990990990991
978,21,9.91002044989775,10.0,999,9.91191191191191
979,20,9.9070480081716,10.0,999,9.90890890890891
979,19,9.90602655771195,10.0,998,9.90781563126252
979,19,9.91011235955056,10.0,998,9.91182364729459
982,17,9.91649694501018,10.0,999,9.91791791791792
983,16,9.91658189216684,10.0,999,9.91791791791792
978,19,9.91104294478528,10.0,997,9.91273821464393
984,14,9.91260162601626,10.0,998,9.91382765531062
986,12,9.90770791075051,10.0,998,9.90881763527054
983,13,9.90946083418108,10.0,996,9.91064257028112
982,13,9.91242362525458,10.0,995,9.91356783919598
985,14,9.90761421319797,10.0,999,9.90890890890891
983,15,9.90742624618515,10.0,998,9.90881763527054
984,15,9.90853658536585,10.0,999,9.90990990990991
984,14,9.90955284552846,10.0,998,9.91082164328657
985,12,9.90862944162436,10.0,997,9.90972918756269
987,11,9.90678824721378,10.0,998,9.90781563126252
985,10,9.90659898477157,10.0,995,9.90753768844221
990,9,9.90909090909091,10.0,999,9.90990990990991
988,10,9.90688259109312,10.0,998,9.90781563126252
988,10,9.89878542510121,10.0,998,9.8997995991984
987,12,9.89868287740628,10.0,999,9.8998998998999
988,11,9.89372469635627,10.0,999,9.89489489489489
986,11,9.89858012170385,10.0,997,9.89969909729188
988,11,9.89574898785425,10.0,999,9.8968968968969
987,12,9.89868287740628,10.0,999,9.8998998998999
986,12,9.89553752535497,10.0,998,9.89679358717435
986,10,9.89858012170385,10.0,996,9.8995983935743
986,12,9.89959432048682,10.0,998,9.90080160320641
989,10,9.90192113245703,10.0,999,9.9029029029029
987,12,9.90273556231003,10.0,999,9.9039039039039
988,11,9.90080971659919,10.0,999,9.9019019019019
987,12,9.90172239108409,10.0,999,9.9029029029029
988,11,9.89676113360324,10.0,999,9.8978978978979
985,14,9.89746192893401,10.0,999,9.8988988988989
985,14,9.89644670050761,10.0,999,9.8978978978979
981,18,9.89398572884812,10.0,999,9.8958958958959
981,18,9.89296636085627,10.0,999,9.89489489489489
976,21,9.88831967213115,10.0,997,9.89067201604814
977,22,9.88229273285568,10.0,999,9.88488488488488
977,22,9.88024564994882,10.0,999,9.88288288288288
977,22,9.88024564994882,10.0,999,9.88288288288288
977,21,9.88126919140225,10.0,998,9.88376753507014
978,21,9.88241308793456,10.0,999,9.88488488488488
978,21,9.88241308793456,10.0,999,9.88488488488488
978,21,9.88752556237219,10.0,999,9.88988988988989
978,20,9.88445807770961,10.0,998,9.88677354709419
978,21,9.88548057259714,10.0,999,9.88788788788789
978,20,9.88650306748466,10.0,998,9.88877755511022
978,20,9.88343558282209,10.0,998,9.88577154308617
977,20,9.88126919140225,10.0,997,9.88365095285858
978,19,9.87832310838446,10.0,997,9.88064192577733
981,18,9.88175331294597,10.0,999,9.88388388388388
981,17,9.87665647298675,10.0,998,9.87875751503006
985,14,9.88223350253807,10.0,999,9.88388388388388
986,13,9.88133874239351,10.0,999,9.88288288288288
989,10,9.87866531850354,10.0,999,9.87987987987988
985,12,9.87309644670051,10.0,997,9.87462387161484
987,11,9.87537993920973,10.0,998,9.87675350701403
986,13,9.86713995943205,10.0,999,9.86886886886887
984,13,9.87093495934959,10.0,997,9.87261785356068
984,14,9.8739837398374,10.0,998,9.87575150300601
986,13,9.87525354969574,10.0,999,9.87687687687688
984,13,9.8770325203252,10.0,997,9.87863590772317
981,15,9.87767584097859,10.0,996,9.87951807228916
984,14,9.8760162601626,10.0,998,9.87775551102204
981,16,9.87461773700306,10.0,997,9.87662988966901
981,17,9.8756371049949,10.0,998,9.87775551102204
981,18,9.87359836901121,10.0,999,9.87587587587588
979,19,9.87742594484168,10.0,998,9.87975951903808
978,21,9.87321063394683,10.0,999,9.87587587587588
977,22,9.87103377686796,10.0,999,9.87387387387387
975,24,9.87179487179487,10.0,999,9.87487487487487
975,24,9.87179487179487,10.0,999,9.87487487487487
970,27,9.87422680412371,10.0,997,9.87763289869609
973,26,9.87769784172662,10.0,999,9.88088088088088
972,27,9.87757201646091,10.0,999,9.88088088088088
972,25,9.87654320987654,10.0,997,9.87963891675025
973,26,9.87872559095581,10.0,999,9.88188188188188
972,25,9.87654320987654,10.0,997,9.87963891675025
976,22,9.8780737704918,10.0,998,9.88076152304609
975,22,9.87897435897436,10.0,997,9.88164493480441
975,23,9.8748717948718,10.0,998,9.87775551102204
976,23,9.875,10.0,999,9.87787787787788
977,22,9.87308085977482,10.0,999,9.87587587587588
975,23,9.87589743589744,10.0,998,9.87875751503006
976,22,9.87397540983607,10.0,998,9.87675350701403
976,23,9.8780737704918,10.0,999,9.88088088088088
976,23,9.87295081967213,10.0,999,9.87587587587588
971,27,9.87641606591143,10.0,998,9.87975951903808
971,28,9.87538619979403,10.0,999,9.87887887887888
972,27,9.86934156378601,10.0,999,9.87287287287287
968,30,9.86776859504132,10.0,998,9.87174348697395
973,26,9.8622816032888,10.0,999,9.86586586586587
973,26,9.8622816032888,10.0,999,9.86586586586587
975,24,9.86358974358974,10.0,999,9.86686686686687
972,26,9.8641975308642,10.0,998,9.86773547094188
976,21,9.86372950819672,10.0,997,9.86659979939819
981,17,9.8664627930683,10.0,998,9.8687374749499
982,16,9.87576374745418,10.0,998,9.87775551102204
983,16,9.8880976602238,10.0,999,9.88988988988989
981,18,9.88990825688073,10.0,999,9.89189189189189
982,17,9.89002036659878,10.0,999,9.89189189189189
980,17,9.88775510204082,10.0,997,9.88966900702106
983,16,9.8942014242116,10.0,999,9.8958958958959
983,15,9.89318413021363,10.0,998,9.89478957915832
985,14,9.89441624365482,10.0,999,9.8958958958959
983,16,9.90030518819939,10.0,999,9.9019019019019
978,17,9.89263803680982,10.0,995,9.89447236180905
982,17,9.89205702647658,10.0,999,9.89389389389389
977,20,9.8863868986694,10.0,997,9.88866599799398
978,21,9.88445807770961,10.0,999,9.88688688688689
975,24,9.88,10.0,999,9.88288288288288
974,24,9.89014373716632,10.0,998,9.89278557114229
973,25,9.89003083247688,10.0,998,9.89278557114229
975,22,9.88820512820513,10.0,997,9.89067201604814
975,23,9.89128205128205,10.0,998,9.8937875751503
974,24,9.8911704312115,10.0,998,9.8937875751503
973,25,9.89003083247688,10.0,998,9.89278557114229
969,28,9.89267285861713,10.0,997,9.89568706118355
967,28,9.89451913133402,10.0,995,9.89748743718593
968,29,9.89256198347107,10.0,997,9.89568706118355
972,27,9.90123456790123,10.0,999,9.9039039039039
971,28,9.89495365602472,10.0,999,9.8978978978979
971,27,9.90319258496396,10.0,998,9.90581162324649
972,25,9.90432098765432,10.0,997,9.90672016048144
974,25,9.90759753593429,10.0,999,9.90990990990991
971,27,9.90731204943357,10.0,998,9.90981963927856
972,26,9.90432098765432,10.0,998,9.90681362725451
971,25,9.90628218331617,10.0,996,9.90863453815261
971,27,9.90113285272914,10.0,998,9.90380761523046
972,27,9.90534979423868,10.0,999,9.90790790790791
970,27,9.90412371134021,10.0,997,9.90672016048144
968,30,9.90702479338843,10.0,998,9.90981963927856
967,30,9.90175801447777,10.0,997,9.90471414242728
968,30,9.90909090909091,10.0,998,9.91182364729459
971,28,9.9124613800206,10.0,999,9.91491491491491
971,28,9.91658084449022,10.0,999,9.91891891891892
971,28,9.91555097837281,10.0,999,9.91791791791792
968,29,9.91942148760331,10.0,997,9.92176529588766
969,29,9.91950464396285,10.0,998,9.92184368737475
974,25,9.92197125256673,10.0,999,9.92392392392392
974,24,9.92505133470226,10.0,998,9.92685370741483
976,23,9.92213114754098,10.0,999,9.92392392392392
977,22,9.92323439099284,10.0,999,9.92492492492492
979,20,9.91828396322778,10.0,999,9.91991991991992
981,17,9.91946992864424,10.0,998,9.92084168336673
982,16,9.91446028513238,10.0,998,9.91583166332665
983,16,9.91454730417091,10.0,999,9.91591591591592
985,13,9.90761421319797,10.0,998,9.90881763527054
985,14,9.90964467005076,10.0,999,9.91091091091091
982,16,9.91140529531568,10.0,998,9.9128256513026
981,16,9.90825688073394,10.0,997,9.90972918756269
982,16,9.90733197556008,10.0,998,9.90881763527054
980,18,9.90408163265306,10.0,998,9.90581162324649
982,17,9.90529531568228,10.0,999,9.90690690690691
982,17,9.90733197556008,10.0,999,9.90890890890891
979,19,9.9070480081716,10.0,998,9.90881763527054
976,21,9.90266393442623,10.0,997,9.90471414242728
974,22,9.90451745379877,10.0,996,9.9066265060241
976,23,9.90368852459016,10.0,999,9.90590590590591
976,23,9.89856557377049,10.0,999,9.9009009009009
974,24,9.90349075975359,10.0,998,9.90581162324649
977,21,9.90276356192426,10.0,998,9.90480961923848
974,24,9.90143737166324,10.0,998,9.90380761523046
972,23,9.90329218106996,10.0,995,9.90552763819096
974,25,9.90143737166324,10.0,999,9.9039039039039
977,21,9.89662231320368,10.0,998,9.89879759519038
974,25,9.89733059548255,10.0,999,9.8998998998999
975,24,9.89641025641026,10.0,999,9.8988988988989
972,25,9.89711934156379,10.0,997,9.89969909729188
976,23,9.89241803278689,10.0,999,9.89489489489489
970,26,9.89175257731959,10.0,996,9.89457831325301
974,24,9.89219712525667,10.0,998,9.89478957915832
975,24,9.89025641025641,10.0,999,9.89289289289289
974,24,9.88911704312115,10.0,998,9.89178356713427
974,23,9.8870636550308,10.0,997,9.88966900702106
974,24,9.88809034907598,10.0,998,9.89078156312625
973,25,9.8879753340185,10.0,998,9.89078156312625
969,28,9.89576883384933,10.0,997,9.89869608826479
970,29,9.89896907216495,10.0,999,9.9019019019019
966,29,9.90476190476191,10.0,995,9.90753768844221
969,29,9.90196078431373,10.0,998,9.90480961923848
968,30,9.90289256198347,10.0,998,9.90581162324649
970,28,9.89896907216495,10.0,998,9.90180360721443
968,30,9.89462809917355,10.0,998,9.89779559118236
968,30,9.89772727272727,10.0,998,9.90080160320641
964,34,9.89522821576763,10.0,998,9.89879759519038
963,36,9.89304257528557,10.0,999,9.8968968968969
962,36,9.88877338877339,10.0,998,9.89278557114229
966,33,9.88612836438923,10.0,999,9.88988988988989
968,31,9.88739669421488,10.0,999,9.89089089089089
968,29,9.8853305785124,10.0,997,9.88866599799398
973,26,9.88694758478931,10.0,999,9.88988988988989
971,26,9.89289392378991,10.0,997,9.89568706118355
972,26,9.89094650205761,10.0,998,9.8937875751503
971,27,9.88671472708548,10.0,998,9.88977955911824
974,25,9.89322381930185,10.0,999,9.8958958958959
974,24,9.89425051334702,10.0,998,9.89679358717435
978,20,9.89877300613497,10.0,998,9.90080160320641
979,20,9.89989785495403,10.0,999,9.9019019019019
978,19,9.90490797546012,10.0,997,9.90672016048144
979,20,9.89785495403473,10.0,999,9.8998998998999
978,20,9.89775051124744,10.0,998,9.8997995991984
973,24,9.90441932168551,10.0,997,9.90672016048144
