forward_num,reverse_num,forward_rate,reverse_rate,organism_num,organism_rate
500,500,5.5,5.5,1000,5.5
493,497,5.50304259634888,5.49496981891348,990,5.4989898989899
491,495,5.5071283095723,5.49090909090909,986,5.49898580121704
536,462,6.04850746268657,5.49134199134199,998,5.79058116232465
569,429,6.1195079086116,5.44289044289044,998,5.82865731462926
599,399,6.23205342237062,5.38095238095238,998,5.89178356713427
622,377,6.22668810289389,5.39522546419098,999,5.91291291291291
640,359,6.3109375,5.32033426183844,999,5.95495495495495
672,327,6.41220238095238,5.30581039755352,999,6.05005005005005
696,302,6.49137931034483,5.30794701986755,998,6.13326653306613
656,343,6.4984756097561,5.15743440233236,999,6.03803803803804
675,322,6.25333333333333,5.16770186335404,997,5.90270812437312
668,331,6.44311377245509,4.90936555891239,999,5.93493493493493
633,366,6.4044233807267,5.20218579234973,999,5.96396396396396
644,352,6.42701863354037,5.51420454545455,996,6.10441767068273
629,369,6.51669316375199,5.56910569105691,998,6.16633266533066
616,383,6.58603896103896,5.6266318537859,999,6.21821821821822
602,397,6.66777408637874,5.76574307304786,999,6.30930930930931
622,377,6.7540192926045,5.83289124668435,999,6.40640640640641
613,385,6.82871125611746,5.89090909090909,998,6.46693386773547
597,402,6.84087102177554,6.08706467661692,999,6.53753753753754
629,370,6.57392686804452,5.93243243243243,999,6.33633633633634
618,381,6.65857605177994,5.93438320209974,999,6.38238238238238
610,388,6.71475409836066,5.94587628865979,998,6.41583166332665
622,376,6.72508038585209,6.06914893617021,998,6.47795591182365
644,354,6.80434782608696,6.13841807909604,998,6.56813627254509
636,363,6.82389937106918,6.16804407713499,999,6.58558558558559
643,356,6.86936236391913,6.15449438202247,999,6.61461461461461
652,347,6.94018404907975,6.16138328530259,999,6.66966966966967
656,342,6.94359756097561,6.28362573099415,998,6.71743486973948
661,336,7.03025718608169,6.31547619047619,997,6.78936810431294
661,335,6.92435703479576,6.20597014925373,996,6.68273092369478
650,349,6.98923076923077,6.26074498567335,999,6.73473473473473
648,351,7.03703703703704,6.27920227920228,999,6.77077077077077
648,347,7.08179012345679,6.27377521613833,995,6.8
637,358,7.13186813186813,6.41899441340782,995,6.87537688442211
657,340,7.07762557077626,6.42352941176471,997,6.85456369107322
660,336,7.10151515151515,6.47916666666667,996,6.89156626506024
653,345,7.11791730474732,6.53623188405797,998,6.91683366733467
647,348,7.16228748068006,6.47126436781609,995,6.92060301507538
648,350,7.25925925925926,6.54571428571429,998,7.00901803607214
661,337,7.18003025718608,6.56379821958457,998,6.97194388777555
654,344,7.24159021406728,6.5,998,6.98597194388778
652,347,7.25460122699386,6.56484149855908,999,7.01501501501502
654,345,7.2782874617737,6.63768115942029,999,7.05705705705706
655,342,7.29618320610687,6.66666666666667,997,7.0802407221665
658,340,7.30243161094225,6.65588235294118,998,7.08216432865731
661,336,7.3267776096823,6.66666666666667,997,7.10431293881645
655,343,7.36793893129771,6.83090379008746,998,7.18336673346693
670,328,7.3955223880597,6.81707317073171,998,7.20541082164329
669,329,7.44992526158445,6.85106382978723,998,7.25250501002004
669,330,7.49626307922272,6.83939393939394,999,7.27927927927928
677,321,7.5288035450517,6.8006230529595,998,7.29458917835671
681,317,7.51395007342144,6.82018927444795,998,7.2935871743487
680,318,7.49705882352941,6.88050314465409,998,7.30060120240481
671,326,7.50074515648286,6.90490797546012,997,7.30591775325978
679,319,7.50220913107511,6.79623824451411,998,7.27655310621242
680,319,7.48970588235294,6.91849529780564,999,7.30730730730731
687,311,7.4745269286754,7.0,998,7.32665330661323
679,320,7.51546391752577,7.109375,999,7.38538538538539
679,320,7.53313696612666,7.06875,999,7.38438438438438
681,316,7.5345080763583,7.12974683544304,997,7.4062186559679
684,315,7.55263157894737,7.06031746031746,999,7.3973973973974
683,315,7.55490483162518,7.21587301587302,998,7.44789579158317
679,319,7.60088365243004,7.27272727272727,998,7.49599198396794
680,318,7.60882352941176,7.35849056603774,998,7.52905811623246
682,316,7.58504398826979,7.32911392405063,998,7.50400801603206
689,310,7.61538461538461,7.40645161290323,999,7.55055055055055
689,310,7.66473149492017,7.43548387096774,999,7.59359359359359
677,321,7.68389955686854,7.39252336448598,998,7.59018036072144
684,315,7.65789473684211,7.40952380952381,999,7.57957957957958
681,318,7.65932452276065,7.5251572327044,999,7.61661661661662
677,322,7.70457902511078,7.51552795031056,999,7.64364364364364
678,321,7.72566371681416,7.50467289719626,999,7.65465465465465
683,315,7.73060029282577,7.5047619047619,998,7.65931863727455
677,321,7.72525849335303,7.52647975077882,998,7.66132264529058
681,318,7.76064610866373,7.43081761006289,999,7.65565565565566
676,321,7.78550295857988,7.40809968847352,997,7.66399197592778
672,327,7.75595238095238,7.46483180428135,999,7.66066066066066
670,329,7.8134328358209,7.48632218844985,999,7.70570570570571
673,325,7.81426448736998,7.46769230769231,998,7.70140280561122
674,325,7.81454005934718,7.40307692307692,999,7.68068068068068
676,323,7.86242603550296,7.40866873065016,999,7.71571571571572
676,322,7.8905325443787,7.48136645962733,998,7.75851703406814
674,324,7.89910979228487,7.43518518518519,998,7.74849699398798
680,318,7.90294117647059,7.50943396226415,998,7.77755511022044
663,336,7.92156862745098,7.57142857142857,999,7.8038038038038
659,339,7.95295902883156,7.54277286135693,998,7.81362725450902
672,326,7.96577380952381,7.56134969325153,998,7.83366733466934
670,327,7.97164179104478,7.4954128440367,997,7.81544633901705
669,330,8.0254110612855,7.50909090909091,999,7.85485485485485
669,330,8.03437967115097,7.49090909090909,999,7.85485485485485
675,324,8.06074074074074,7.46913580246914,999,7.86886886886887
688,310,8.10174418604651,7.51612903225806,998,7.91983967935872
688,311,8.14389534883721,7.45016077170418,999,7.92792792792793
688,310,8.14244186046512,7.46451612903226,998,7.93186372745491
694,303,8.17435158501441,7.44884488448845,997,7.95386158475426
694,303,8.21325648414986,7.53795379537954,997,8.00802407221665
695,303,8.2431654676259,7.59075907590759,998,8.04509018036072
708,291,8.28389830508475,7.64604810996564,999,8.0980980980981
712,287,8.31741573033708,7.60627177700348,999,8.11311311311311
710,288,8.33802816901408,7.59722222222222,998,8.12424849699399
709,288,8.32581100141044,7.69097222222222,997,8.14242728184554
708,290,8.31920903954802,7.74137931034483,998,8.15130260521042
708,291,8.3319209039548,7.80412371134021,999,8.17817817817818
718,281,8.35654596100279,7.87188612099644,999,8.22022022022022
708,291,8.38276836158192,7.8213058419244,999,8.21921921921922
710,289,8.38732394366197,7.80622837370242,999,8.21921921921922
712,285,8.40449438202247,7.83508771929825,997,8.24172517552658
712,286,8.40589887640449,7.85314685314685,998,8.24749498997996
703,295,8.40682788051209,7.87796610169492,998,8.25050100200401
706,293,8.38526912181303,7.94880546075085,999,8.25725725725726
701,298,8.44365192582026,8.00671140939597,999,8.31331331331331
702,297,8.47435897435897,8.01346801346801,999,8.33733733733734
714,284,8.46498599439776,8.00704225352113,998,8.33466933867735
725,274,8.47310344827586,7.97080291970803,999,8.33533533533534
714,284,8.44677871148459,7.99647887323944,998,8.3186372745491
716,280,8.4622905027933,8.09285714285714,996,8.35843373493976
714,285,8.42296918767507,8.13333333333333,999,8.34034034034034
717,282,8.46025104602511,8.13120567375887,999,8.36736736736737
710,289,8.43802816901408,8.1038062283737,999,8.34134134134134
709,290,8.43582510578279,8.1,999,8.33833833833834
709,288,8.45416078984485,8.20486111111111,997,8.38214643931795
706,292,8.41643059490085,8.22602739726027,998,8.36072144288577
708,290,8.40677966101695,8.18965517241379,998,8.3436873747495
698,301,8.41833810888252,8.24584717607973,999,8.36636636636637
707,292,8.41867043847242,8.22945205479452,999,8.36336336336336
706,293,8.40226628895184,8.26621160409556,999,8.36236236236236
708,291,8.41525423728813,8.25085910652921,999,8.36736736736737
704,294,8.41193181818182,8.2312925170068,998,8.35871743486974
700,297,8.44,8.25252525252525,997,8.38415245737212
702,296,8.44729344729345,8.21959459459459,998,8.37975951903808
689,307,8.4455732946299,8.22475570032573,996,8.37751004016064
695,303,8.45323741007194,8.24092409240924,998,8.38877755511022
698,300,8.44842406876791,8.32,998,8.40981963927856
695,304,8.44748201438849,8.32236842105263,999,8.40940940940941
696,302,8.47270114942529,8.36092715231788,998,8.43887775551102
703,296,8.4452347083926,8.40878378378378,999,8.43443443443443
699,300,8.44349070100143,8.35333333333333,999,8.41641641641642
694,305,8.46685878962536,8.41967213114754,999,8.45245245245245
698,298,8.46848137535817,8.41610738255033,996,8.45281124497992
689,310,8.47605224963715,8.42903225806452,999,8.46146146146146
691,308,8.49348769898697,8.44805194805195,999,8.47947947947948
687,312,8.51382823871907,8.42948717948718,999,8.48748748748749
689,310,8.52975326560232,8.44193548387097,999,8.5025025025025
688,311,8.54360465116279,8.5112540192926,999,8.53353353353353
685,313,8.53138686131387,8.46964856230032,998,8.51202404809619
682,317,8.55718475073314,8.52365930599369,999,8.54654654654655
685,313,8.54890510948905,8.53674121405751,998,8.54509018036072
674,324,8.52818991097923,8.5216049382716,998,8.52605210420842
677,322,8.50664697193501,8.51863354037267,999,8.51051051051051
677,321,8.47415066469719,8.54205607476636,998,8.49599198396794
675,322,8.45925925925926,8.63664596273292,997,8.51654964894684
678,320,8.46755162241888,8.66875,998,8.53206412825651
672,325,8.51190476190476,8.67076923076923,997,8.56369107321966
683,316,8.49341142020498,8.65822784810127,999,8.54554554554555
682,311,8.50879765395895,8.64308681672026,993,8.5508559919436
688,311,8.53488372093023,8.68488745980707,999,8.58158158158158
695,304,8.55971223021583,8.6875,999,8.5985985985986
691,308,8.56150506512301,8.65584415584416,999,8.59059059059059
694,304,8.56051873198847,8.68092105263158,998,8.59719438877756
701,297,8.53637660485021,8.66329966329966,998,8.57414829659319
697,301,8.55810616929699,8.70764119601329,998,8.60320641282565
692,307,8.56791907514451,8.68403908794788,999,8.6036036036036
703,296,8.5647226173542,8.69932432432432,999,8.6046046046046
701,298,8.57631954350927,8.80872483221476,999,8.64564564564565
710,287,8.59859154929577,8.78397212543554,997,8.65195586760281
713,285,8.59186535764376,8.77543859649123,998,8.64428857715431
705,294,8.59007092198582,8.75510204081633,999,8.63863863863864
706,292,8.58923512747875,8.73972602739726,998,8.63326653306613
707,291,8.56718528995757,8.83848797250859,998,8.64629258517034
711,288,8.55274261603376,8.83680555555556,999,8.63463463463463
707,291,8.57708628005658,8.83848797250859,998,8.65330661322645
715,283,8.57902097902098,8.81625441696113,998,8.64629258517034
710,289,8.58591549295775,8.80968858131488,999,8.65065065065065
709,289,8.6163610719323,8.79238754325259,998,8.66733466933868
716,281,8.60754189944134,8.7864768683274,997,8.6579739217653
714,285,8.61064425770308,8.77543859649123,999,8.65765765765766
713,285,8.62272089761571,8.76842105263158,998,8.66432865731463
717,281,8.64016736401674,8.81138790035587,998,8.68837675350701
727,271,8.69325997248968,8.8339483394834,998,8.7314629258517
726,271,8.70110192837465,8.85239852398524,997,8.74222668004012
720,279,8.68055555555556,8.84229390681004,999,8.72572572572573
717,281,8.69177126917713,8.92170818505338,998,8.7565130260521
717,280,8.69037656903766,8.91785714285714,997,8.75426278836509
719,280,8.66759388038943,8.92857142857143,999,8.74074074074074
717,280,8.68619246861925,8.95714285714286,997,8.76228686058175
716,282,8.71368715083799,8.95390070921986,998,8.78156312625251
721,278,8.71567267683773,8.96402877697842,999,8.78478478478478
722,277,8.75346260387812,8.98916967509025,999,8.81881881881882
721,276,8.7877947295423,8.95289855072464,997,8.83350050150451
726,271,8.8030303030303,8.96309963099631,997,8.84653961885657
727,272,8.79779917469051,9.01838235294118,999,8.85785785785786
724,275,8.83839779005525,9.05090909090909,999,8.8968968968969
723,273,8.83264177040111,9.06227106227106,996,8.89558232931727
731,267,8.85088919288646,9.0561797752809,998,8.90581162324649
723,275,8.86168741355463,9.05090909090909,998,8.91382765531062
726,272,8.84159779614325,9.04779411764706,998,8.89779559118236
728,270,8.85164835164835,9.07407407407407,998,8.91182364729459
734,264,8.85149863760218,9.0530303030303,998,8.90480961923848
738,261,8.84010840108401,9.06130268199234,999,8.8978978978979
737,261,8.80597014925373,9.04214559386973,998,8.86773547094188
742,257,8.83018867924528,9.03112840466926,999,8.88188188188188
724,275,8.8328729281768,9.03272727272727,999,8.88788788788789
721,278,8.82108183079057,9.03597122302158,999,8.88088088088088
718,280,8.78412256267409,9.05,998,8.85871743486974
717,282,8.79218967921897,9.02836879432624,999,8.85885885885886
717,282,8.79497907949791,9.0531914893617,999,8.86786786786787
724,275,8.80386740331492,9.09090909090909,999,8.88288288288288
723,274,8.81051175656985,9.06569343065693,997,8.88064192577733
713,285,8.835904628331,9.04210526315789,998,8.89478957915832
719,280,8.81502086230876,9.04285714285714,999,8.87887887887888
710,288,8.81971830985916,9.05902777777778,998,8.88877755511022
702,296,8.86752136752137,9.02702702702703,998,8.91482965931864
698,301,8.87249283667622,9.0531561461794,999,8.92692692692693
699,299,8.87839771101574,9.06020066889632,998,8.93286573146293
694,304,8.89193083573487,9.04605263157895,998,8.93887775551102
696,300,8.90373563218391,9.02666666666667,996,8.94076305220884
699,298,8.91130185979971,9.02684563758389,997,8.94583751253761
698,301,8.9269340974212,9.01993355481728,999,8.95495495495495
714,285,8.93557422969188,9.00701754385965,999,8.95595595595596
727,272,8.94360385144429,9.00735294117647,999,8.96096096096096
731,267,8.94254445964432,8.98876404494382,998,8.95490981963928
725,274,8.96137931034483,9.03284671532847,999,8.98098098098098
721,278,8.98474341192788,9.05395683453237,999,9.004004004004
724,273,8.97099447513812,9.03296703296703,997,8.98796389167503
724,275,8.99033149171271,9.03272727272727,999,9.002002002002
722,275,9.00415512465374,9.04727272727273,997,9.0160481444333
719,280,9.00973574408901,9.05,999,9.02102102102102
715,284,9.0013986013986,9.05633802816901,999,9.01701701701702
718,280,8.9958217270195,9.075,998,9.01803607214429
714,285,8.98459383753501,9.06666666666667,999,9.00800800800801
708,290,8.98022598870057,9.06551724137931,998,9.00501002004008
706,293,8.9943342776204,9.06484641638225,999,9.01501501501502
706,293,8.98583569405099,9.09215017064846,999,9.01701701701702
711,288,8.9873417721519,9.10763888888889,999,9.02202202202202
710,289,8.98450704225352,9.09342560553633,999,9.01601601601602
713,286,9.02524544179523,9.13286713286713,999,9.05605605605606
710,289,9.03239436619718,9.14878892733564,999,9.06606606606607
710,289,9.04647887323944,9.13148788927336,999,9.07107107107107
700,299,9.05857142857143,9.10033444816053,999,9.07107107107107
700,299,9.06142857142857,9.10702341137124,999,9.07507507507508
691,307,9.05354558610709,9.10097719869707,998,9.06813627254509
700,297,9.04571428571429,9.12121212121212,997,9.06820461384152
697,302,9.05882352941176,9.14569536423841,999,9.08508508508509
705,294,9.05248226950355,9.14285714285714,999,9.07907907907908
700,299,9.04428571428571,9.1438127090301,999,9.07407407407407
709,288,9.06346967559944,9.15625,997,9.09027081243731
706,291,9.06090651558074,9.15120274914089,997,9.08726178535607
700,296,9.08,9.15878378378378,996,9.10341365461847
702,297,9.11823361823362,9.15824915824916,999,9.13013013013013
697,302,9.11764705882353,9.14900662251656,999,9.12712712712713
696,302,9.12212643678161,9.14569536423841,998,9.12925851703407
702,297,9.12820512820513,9.12457912457912,999,9.12712712712713
698,300,9.10744985673352,9.10666666666667,998,9.10721442885771
697,301,9.13055954088953,9.11627906976744,998,9.12625250501002
697,301,9.12051649928264,9.11960132890365,998,9.12024048096192
695,304,9.11223021582734,9.13157894736842,999,9.11811811811812
697,301,9.12625538020086,9.15946843853821,998,9.13627254509018
691,308,9.12445730824891,9.15909090909091,999,9.13513513513514
684,314,9.12865497076023,9.1624203821656,998,9.13927855711423
687,312,9.15866084425036,9.18910256410256,999,9.16816816816817
679,320,9.16494845360825,9.203125,999,9.17717717717718
674,324,9.17952522255193,9.23765432098766,998,9.19839679358717
676,322,9.16715976331361,9.24534161490683,998,9.19238476953908
679,318,9.18556701030928,9.26100628930818,997,9.20962888665998
684,314,9.17982456140351,9.26751592356688,998,9.20741482965932
676,323,9.18639053254438,9.27554179566564,999,9.21521521521522
679,320,9.20029455081001,9.2625,999,9.22022022022022
672,326,9.19494047619048,9.29754601226994,998,9.22845691382765
673,326,9.18870728083209,9.29141104294479,999,9.22222222222222
671,328,9.18628912071535,9.27743902439024,999,9.21621621621622
673,326,9.19613670133729,9.29141104294479,999,9.22722722722723
665,332,9.20451127819549,9.29819277108434,997,9.23570712136409
663,336,9.19909502262443,9.29464285714286,999,9.23123123123123
670,328,9.21492537313433,9.31707317073171,998,9.24849699398798
672,325,9.18601190476191,9.32307692307692,997,9.23069207622869
670,329,9.2,9.32218844984802,999,9.24024024024024
664,335,9.19427710843373,9.32238805970149,999,9.23723723723724
661,337,9.21180030257186,9.32937685459941,998,9.25150300601202
658,341,9.20212765957447,9.34604105571847,999,9.25125125125125
667,331,9.2383808095952,9.3595166163142,998,9.27855711422846
653,345,9.21439509954058,9.35942028985507,998,9.26452905811623
662,336,9.22809667673716,9.37797619047619,998,9.27855711422846
656,342,9.21189024390244,9.36549707602339,998,9.26452905811623
652,346,9.2361963190184,9.34682080924856,998,9.27454909819639
653,345,9.23430321592649,9.35652173913043,998,9.27655310621243
646,352,9.22291021671827,9.34375,998,9.26553106212425
654,345,9.24311926605505,9.3304347826087,999,9.27327327327327
646,350,9.24148606811145,9.33428571428571,996,9.27409638554217
653,344,9.24808575803982,9.32558139534884,997,9.27482447342026
650,349,9.24769230769231,9.31232091690544,999,9.27027027027027
654,343,9.26605504587156,9.31195335276968,997,9.28184553660983
652,347,9.28680981595092,9.31123919308357,999,9.2952952952953
649,350,9.27580893682589,9.29714285714286,999,9.28328328328328
650,349,9.26769230769231,9.32951289398281,999,9.28928928928929
645,353,9.26201550387597,9.32011331444759,998,9.28256513026052
639,359,9.28012519561815,9.32311977715877,998,9.29559118236473
642,356,9.27570093457944,9.32303370786517,998,9.29258517034068
634,364,9.301261829653,9.32967032967033,998,9.31162324649299
629,370,9.31160572337043,9.3027027027027,999,9.30830830830831
622,376,9.31832797427653,9.30053191489362,998,9.31162324649299
629,369,9.30842607313196,9.30081300813008,998,9.30561122244489
630,369,9.31587301587302,9.30894308943089,999,9.31331331331331
630,368,9.3,9.30434782608696,998,9.30160320641283
632,366,9.30854430379747,9.31147540983607,998,9.30961923847695
655,344,9.31297709923664,9.30232558139535,999,9.30930930930931
651,347,9.32411674347158,9.32564841498559,998,9.32464929859719
661,336,9.31618759455371,9.30952380952381,997,9.31394182547643
647,352,9.31993817619784,9.32670454545454,999,9.32232232232232
646,351,9.328173374613,9.32193732193732,997,9.3259779338014
638,361,9.34326018808777,9.32409972299169,999,9.33633633633634
644,355,9.32763975155279,9.34366197183099,999,9.33333333333333
650,348,9.33384615384615,9.34770114942529,998,9.33867735470942
640,359,9.3421875,9.3008356545961,999,9.32732732732733
640,359,9.340625,9.33147632311978,999,9.33733733733734
627,372,9.35725677830941,9.33064516129032,999,9.34734734734735
624,374,9.38301282051282,9.33689839572192,998,9.36573146292585
624,375,9.36217948717949,9.312,999,9.34334334334334
623,374,9.36276083467095,9.29144385026738,997,9.33600802407222
627,371,9.3652312599681,9.24528301886792,998,9.32064128256513
620,379,9.34677419354839,9.26912928759895,999,9.31731731731732
618,381,9.34142394822006,9.29658792650919,999,9.32432432432432
613,385,9.34747145187602,9.27012987012987,998,9.31763527054108
618,380,9.35113268608414,9.28421052631579,998,9.32565130260521
611,388,9.34042553191489,9.26288659793815,999,9.31031031031031
620,379,9.36290322580645,9.25065963060686,999,9.32032032032032
611,388,9.34860883797054,9.2680412371134,999,9.31731731731732
616,383,9.34415584415584,9.22715404699739,999,9.2992992992993
612,387,9.36274509803922,9.24289405684755,999,9.31631631631632
615,383,9.36585365853658,9.25065274151436,998,9.32164328657315
608,390,9.38815789473684,9.26410256410256,998,9.33967935871743
611,386,9.38625204582651,9.2720207253886,997,9.3420260782347
619,380,9.36995153473344,9.29473684210526,999,9.34134134134134
617,380,9.37925445705024,9.27105263157895,997,9.33801404212638
615,384,9.36422764227642,9.28385416666667,999,9.33333333333333
621,378,9.38325281803543,9.27248677248677,999,9.34134134134134
620,378,9.38709677419355,9.27513227513228,998,9.34468937875751
629,370,9.38155802861685,9.27297297297297,999,9.34134134134134
623,376,9.40449438202247,9.27393617021277,999,9.35535535535536
634,365,9.38485804416404,9.28767123287671,999,9.34934934934935
625,373,9.3936,9.32707774798928,998,9.3687374749499
620,379,9.40322580645161,9.33509234828496,999,9.37737737737738
623,376,9.3868378812199,9.32712765957447,999,9.36436436436436
617,381,9.39546191247974,9.33333333333333,998,9.37174348697395
613,386,9.41109298531811,9.32124352331606,999,9.37637637637638
611,386,9.42389525368249,9.30051813471503,997,9.37612838515547
609,388,9.42692939244663,9.28350515463918,997,9.37111334002006
612,387,9.4297385620915,9.29457364341085,999,9.37737737737738
608,391,9.43256578947368,9.31969309462916,999,9.38838838838839
614,385,9.44462540716612,9.33246753246753,999,9.4014014014014
609,390,9.44663382594417,9.34358974358974,999,9.40640640640641
616,383,9.43181818181818,9.34725848563969,999,9.3993993993994
613,386,9.41272430668842,9.36787564766839,999,9.3953953953954
618,381,9.41909385113269,9.38320209973753,999,9.40540540540541
609,390,9.4384236453202,9.39230769230769,999,9.42042042042042
607,391,9.43822075782537,9.39897698209719,998,9.42284569138276
600,399,9.43833333333333,9.40100250626566,999,9.42342342342342
600,399,9.43666666666667,9.39348370927318,999,9.41941941941942
602,396,9.43687707641196,9.4040404040404,998,9.42384769539078
600,399,9.445,9.41353383458647,999,9.43243243243243
599,399,9.45909849749583,9.42105263157895,998,9.4438877755511
594,403,9.46127946127946,9.42928039702233,997,9.44834503510532
590,408,9.46440677966102,9.41421568627451,998,9.4438877755511
591,407,9.47208121827411,9.41769041769042,998,9.4498997995992
605,393,9.48429752066116,9.39440203562341,998,9.44889779559118
601,397,9.49084858569052,9.40302267002519,998,9.45591182364729
595,404,9.50420168067227,9.41089108910891,999,9.46646646646647
587,411,9.50936967632027,9.40389294403893,998,9.46593186372746
589,409,9.50594227504244,9.39853300733496,998,9.46192384769539
585,413,9.51623931623932,9.38740920096852,998,9.46292585170341
585,414,9.52820512820513,9.40096618357488,999,9.47547547547548
586,412,9.53412969283276,9.40776699029126,998,9.48196392785571
589,408,9.52801358234295,9.38970588235294,997,9.47141424272819
589,409,9.52292020373514,9.3838630806846,998,9.46593186372746
594,405,9.53367003367003,9.38271604938272,999,9.47247247247247
599,400,9.51252086811352,9.39,999,9.46346346346346
602,397,9.49833887043189,9.37531486146096,999,9.44944944944945
598,401,9.50167224080267,9.39152119700748,999,9.45745745745746
605,393,9.49256198347107,9.36386768447837,998,9.44188376753507
594,403,9.48821548821549,9.35980148883375,997,9.43630892678034
600,399,9.49833333333333,9.37092731829574,999,9.44744744744745
592,406,9.50844594594595,9.35221674876847,998,9.44488977955912
599,400,9.52754590984975,9.3675,999,9.46346346346346
597,402,9.52931323283082,9.34825870646766,999,9.45645645645646
606,393,9.52970297029703,9.32569974554707,999,9.44944944944945
614,385,9.53745928338762,9.31688311688312,999,9.45245245245245
611,387,9.54500818330606,9.31782945736434,998,9.45691382765531
609,389,9.54515599343186,9.34704370179949,998,9.46793587174349
610,388,9.54262295081967,9.35824742268041,998,9.47094188376754
607,392,9.54200988467875,9.36224489795918,999,9.47147147147147
604,394,9.52483443708609,9.35532994923858,998,9.45791583166333
596,402,9.53020134228188,9.33582089552239,998,9.45190380761523
604,393,9.54139072847682,9.31806615776081,997,9.45336008024072
609,390,9.53694581280788,9.31794871794872,999,9.45145145145145
605,392,9.52727272727273,9.32397959183673,997,9.44734202607824
603,395,9.54394693200663,9.33417721518987,998,9.46092184368737
604,395,9.52152317880795,9.33164556962025,999,9.44644644644645
610,389,9.51639344262295,9.34447300771208,999,9.44944944944945
606,390,9.51485148514852,9.36153846153846,996,9.45481927710843
613,386,9.50570962479608,9.34715025906736,999,9.44444444444444
608,391,9.4983552631579,9.36828644501279,999,9.44744744744745
597,402,9.52261306532663,9.37562189054726,999,9.46346346346346
594,405,9.54040404040404,9.38271604938272,999,9.47647647647648
594,405,9.53198653198653,9.4,999,9.47847847847848
590,409,9.52372881355932,9.38141809290954,999,9.46546546546547
587,412,9.50596252129472,9.39077669902913,999,9.45845845845846
594,404,9.52188552188552,9.40594059405941,998,9.4749498997996
590,409,9.52372881355932,9.40342298288509,999,9.47447447447447
585,412,9.50769230769231,9.39805825242718,997,9.46238716148445
568,431,9.51056338028169,9.41763341067285,999,9.47047047047047
564,434,9.51418439716312,9.41244239631336,998,9.46993987975952
567,432,9.52380952380952,9.41435185185185,999,9.47647647647648
569,430,9.52899824253076,9.4093023255814,999,9.47747747747748
567,431,9.54673721340388,9.43155452436195,998,9.49699398797595
564,434,9.56028368794326,9.4331797235023,998,9.50501002004008
564,432,9.56737588652482,9.44907407407407,996,9.51606425702811
559,437,9.55992844364937,9.44622425629291,996,9.51004016064257
561,437,9.5650623885918,9.47368421052632,998,9.5250501002004
558,441,9.56451612903226,9.46938775510204,999,9.52252252252252
558,441,9.55555555555556,9.4875283446712,999,9.52552552552553
556,442,9.53956834532374,9.49547511312217,998,9.52004008016032
557,441,9.53680430879713,9.51927437641723,998,9.52905811623246
557,441,9.52962298025135,9.52154195011338,998,9.52605210420842
558,441,9.53225806451613,9.52380952380952,999,9.52852852852853
570,428,9.52456140350877,9.50467289719626,998,9.51603206412826
568,429,9.54753521126761,9.48484848484848,997,9.52056168505517
567,432,9.53968253968254,9.47916666666667,999,9.51351351351351
568,430,9.52816901408451,9.46976744186047,998,9.50300601202405
578,421,9.52595155709342,9.48218527315914,999,9.50750750750751
579,419,9.50949913644214,9.48926014319809,998,9.50100200400802
574,421,9.52264808362369,9.51543942992874,995,9.51959798994975
573,426,9.51483420593368,9.51643192488263,999,9.51551551551552
569,430,9.52724077328647,9.51395348837209,999,9.52152152152152
563,436,9.52220248667851,9.52293577981651,999,9.52252252252252
568,431,9.52288732394366,9.53596287703016,999,9.52852852852853
567,430,9.54320987654321,9.56046511627907,997,9.5506519558676
573,425,9.55322862129145,9.57647058823529,998,9.56312625250501
567,431,9.57142857142857,9.58700696055685,998,9.57815631262525
569,429,9.57820738137083,9.58974358974359,998,9.58316633266533
563,435,9.57193605683837,9.60229885057471,998,9.58517034068136
561,438,9.56862745098039,9.60502283105023,999,9.58458458458458
562,437,9.57829181494662,9.59038901601831,999,9.58358358358358
557,442,9.56014362657092,9.58597285067873,999,9.57157157157157
560,439,9.56607142857143,9.5876993166287,999,9.57557557557558
563,434,9.56660746003552,9.58064516129032,997,9.57271815446339
573,425,9.55322862129145,9.59058823529412,998,9.56913827655311
563,436,9.56127886323268,9.58256880733945,999,9.57057057057057
567,431,9.58730158730159,9.5800464037123,998,9.58416833667335
566,433,9.58657243816254,9.57505773672055,999,9.58158158158158
586,412,9.59556313993174,9.57281553398058,998,9.58617234468938
590,408,9.59322033898305,9.57107843137255,998,9.58416833667335
588,411,9.57482993197279,9.58150851581508,999,9.57757757757758
587,412,9.56388415672913,9.55825242718447,999,9.56156156156156
587,411,9.56047700170358,9.57420924574209,998,9.56613226452906
595,403,9.54957983193277,9.56575682382134,998,9.5561122244489
587,411,9.55366269165247,9.5352798053528,998,9.54609218436874
587,411,9.54514480408859,9.56934306569343,998,9.55511022044088
581,417,9.54388984509466,9.58273381294964,998,9.56012024048096
597,401,9.55946398659967,9.5785536159601,998,9.56713426853707
591,406,9.57191201353638,9.57635467980296,997,9.57372116349047
588,411,9.57482993197279,9.58150851581508,999,9.57757757757758
586,413,9.58361774744027,9.57142857142857,999,9.57857857857858
582,416,9.57903780068728,9.58173076923077,998,9.58016032064128
579,420,9.58549222797927,9.58571428571429,999,9.58558558558559
567,432,9.58024691358025,9.59027777777778,999,9.58458458458458
573,426,9.58115183246073,9.57981220657277,999,9.58058058058058
574,424,9.57839721254355,9.58490566037736,998,9.5811623246493
578,420,9.57785467128028,9.57619047619048,998,9.57715430861724
571,428,9.5954465849387,9.56308411214953,999,9.58158158158158
573,425,9.60034904013962,9.57176470588235,998,9.58817635270541
581,418,9.59380378657487,9.57416267942584,999,9.58558558558559
584,415,9.60616438356164,9.56867469879518,999,9.59059059059059
585,413,9.5965811965812,9.57142857142857,998,9.58617234468938
594,405,9.59427609427609,9.57283950617284,999,9.58558558558559
585,413,9.57948717948718,9.57142857142857,998,9.57615230460922
580,419,9.60344827586207,9.57040572792363,999,9.58958958958959
571,427,9.59019264448336,9.59953161592506,998,9.59418837675351
578,420,9.57266435986159,9.57380952380952,998,9.57314629258517
576,423,9.58854166666667,9.57210401891253,999,9.58158158158158
560,439,9.58214285714286,9.57630979498861,999,9.57957957957958
563,436,9.57371225577265,9.59633027522936,999,9.58358358358358
565,433,9.56991150442478,9.59584295612009,998,9.5811623246493
564,435,9.57624113475177,9.58850574712644,999,9.58158158158158
565,434,9.58407079646018,9.57834101382488,999,9.58158158158158
561,434,9.58288770053476,9.60599078341014,995,9.5929648241206
567,432,9.57319223985891,9.61574074074074,999,9.59159159159159
563,436,9.5683836589698,9.61926605504587,999,9.59059059059059
565,432,9.5716814159292,9.62037037037037,997,9.59277833500501
554,445,9.57039711191336,9.62022471910112,999,9.59259259259259
555,442,9.56216216216216,9.61538461538461,997,9.58575727181545
560,439,9.56071428571429,9.6378132118451,999,9.59459459459459
558,439,9.55197132616487,9.64692482915718,997,9.5937813440321
561,435,9.57932263814617,9.66896551724138,996,9.61847389558233
564,433,9.56205673758865,9.66743648960739,997,9.60782347041123
569,430,9.59050966608084,9.65581395348837,999,9.61861861861862
570,429,9.59649122807017,9.66899766899767,999,9.62762762762763
574,424,9.60278745644599,9.67688679245283,998,9.63426853707415
570,429,9.60526315789474,9.68298368298368,999,9.63863863863864
576,422,9.60590277777778,9.67298578199052,998,9.63426853707415
575,424,9.6,9.67924528301887,999,9.63363363363363
575,424,9.58608695652174,9.68632075471698,999,9.62862862862863
569,430,9.57469244288225,9.69302325581395,999,9.62562562562563
569,430,9.56590509666081,9.69302325581395,999,9.62062062062062
571,426,9.5569176882662,9.69014084507042,997,9.61384152457372
570,428,9.55263157894737,9.67990654205608,998,9.60721442885771
565,434,9.55575221238938,9.66820276497696,999,9.6046046046046
568,430,9.54401408450704,9.67674418604651,998,9.60120240480962
574,425,9.5383275261324,9.67058823529412,999,9.59459459459459
580,419,9.54655172413793,9.69212410501193,999,9.60760760760761
586,412,9.53924914675768,9.69417475728155,998,9.60320641282565
579,420,9.55094991364421,9.69523809523809,999,9.61161161161161
580,419,9.55344827586207,9.69212410501193,999,9.61161161161161
585,412,9.55726495726496,9.70388349514563,997,9.61785356068205
595,403,9.55126050420168,9.70471464019851,998,9.61322645290581
595,404,9.55126050420168,9.70544554455446,999,9.61361361361361
598,400,9.54849498327759,9.72,998,9.61723446893788
602,396,9.56810631229236,9.71212121212121,998,9.625250501002
605,394,9.55537190082645,9.7258883248731,999,9.62262262262262
596,403,9.5755033557047,9.73449131513648,999,9.63963963963964
583,413,9.57632933104631,9.7409200968523,996,9.64457831325301
590,407,9.56949152542373,9.74447174447174,997,9.64092276830491
600,398,9.57833333333333,9.73115577889447,998,9.63927855711423
601,397,9.57737104825291,9.73803526448363,998,9.64128256513026
600,397,9.58166666666667,9.7455919395466,997,9.6469408224674
597,398,9.58793969849246,9.74623115577889,995,9.65125628140703
612,387,9.57843137254902,9.7390180878553,999,9.64064064064064
608,391,9.57236842105263,9.73401534526854,999,9.63563563563564
608,390,9.5921052631579,9.72051282051282,998,9.64228456913828
610,388,9.58852459016394,9.73969072164948,998,9.64729458917836
611,388,9.58592471358429,9.76546391752577,999,9.65565565565566
611,387,9.5924713584288,9.76744186046512,998,9.66032064128257
616,383,9.57954545454546,9.78328981723238,999,9.65765765765766
608,389,9.57894736842105,9.77892030848329,997,9.65697091273822
611,387,9.5924713584288,9.78811369509044,998,9.66833667334669
614,385,9.59446254071661,9.79220779220779,999,9.67067067067067
621,378,9.59259259259259,9.7962962962963,999,9.66966966966967
625,373,9.592,9.78820375335121,998,9.66533066132265
625,374,9.5856,9.79411764705882,999,9.66366366366366
626,371,9.59105431309904,9.78975741239892,997,9.66499498495486
623,375,9.57624398073836,9.79733333333333,998,9.65931863727455
627,371,9.59808612440191,9.78706199460916,998,9.66833667334669
626,372,9.59424920127796,9.76612903225806,998,9.65831663326653
628,370,9.5843949044586,9.76486486486487,998,9.65130260521042
625,372,9.5904,9.77150537634409,997,9.6579739217653
630,367,9.58571428571429,9.77111716621253,997,9.65396188565697
616,383,9.59577922077922,9.76501305483029,999,9.66066066066066
623,376,9.59550561797753,9.76595744680851,999,9.65965965965966
625,373,9.5888,9.77479892761394,998,9.65831663326653
625,373,9.6064,9.78552278820375,998,9.67334669338677
615,384,9.59024390243902,9.7890625,999,9.66666666666667
611,386,9.61211129296236,9.78238341968912,997,9.67803410230692
611,387,9.60065466448445,9.78036175710594,998,9.67034068136273
609,390,9.61576354679803,9.77179487179487,999,9.67667667667668
601,397,9.62728785357737,9.7808564231738,998,9.68837675350701
610,387,9.6344262295082,9.77519379844961,997,9.68906720160481
612,387,9.63562091503268,9.77519379844961,999,9.68968968968969
610,387,9.64098360655738,9.77519379844961,997,9.69307923771314
610,387,9.65901639344262,9.77777777777778,997,9.70511534603811
609,389,9.66830870279146,9.76863753213368,998,9.70741482965932
616,383,9.67207792207792,9.76501305483029,999,9.70770770770771
613,385,9.67373572593801,9.76623376623377,998,9.70941883767535
605,393,9.67107438016529,9.76590330788804,998,9.70841683366733
605,393,9.66446280991735,9.7735368956743,998,9.70741482965932
601,397,9.66222961730449,9.78337531486146,998,9.71042084168337
598,400,9.65886287625418,9.7775,998,9.7064128256513
602,396,9.66279069767442,9.77020202020202,998,9.70541082164329
595,403,9.65546218487395,9.76923076923077,998,9.70140280561122
601,397,9.66888519134775,9.78841309823678,998,9.71643286573146
600,398,9.66166666666667,9.79145728643216,998,9.71342685370741
592,406,9.65878378378378,9.79310344827586,998,9.71342685370741
595,403,9.64033613445378,9.81141439205955,998,9.70941883767535
592,406,9.64358108108108,9.80788177339901,998,9.71042084168337
591,408,9.65143824027073,9.80637254901961,999,9.71471471471471
595,404,9.63865546218487,9.7970297029703,999,9.7027027027027
591,407,9.64636209813875,9.80589680589681,998,9.71142284569138
594,405,9.63973063973064,9.79753086419753,999,9.7037037037037
588,411,9.63775510204082,9.80048661800487,999,9.7047047047047
594,405,9.63973063973064,9.79506172839506,999,9.7027027027027
593,405,9.63912310286678,9.79753086419753,998,9.70340681362725
597,400,9.62981574539364,9.7975,997,9.69709127382146
596,403,9.62919463087248,9.79404466501241,999,9.6956956956957
599,400,9.62938230383973,9.8025,999,9.6986986986987
591,407,9.62774957698816,9.7960687960688,998,9.69639278557114
599,400,9.61936560934891,9.8,999,9.69169169169169
593,405,9.6256323777403,9.79259259259259,998,9.69338677354709
586,413,9.6382252559727,9.79176755447942,999,9.7017017017017
584,415,9.64041095890411,9.79759036144578,999,9.70570570570571
573,426,9.6544502617801,9.8075117370892,999,9.71971971971972
580,418,9.66206896551724,9.811004784689,998,9.72444889779559
589,409,9.67062818336163,9.80684596577017,998,9.72645290581162
584,411,9.68150684931507,9.81265206812652,995,9.7356783919598
589,409,9.67402376910017,9.80195599022005,998,9.72645290581162
589,410,9.68421052631579,9.80487804878049,999,9.73373373373373
588,411,9.69557823129252,9.80048661800487,999,9.73873873873874
594,403,9.70538720538721,9.79156327543424,997,9.74022066198596
601,396,9.6955074875208,9.78535353535353,997,9.73119358074223
604,394,9.70033112582781,9.78426395939086,998,9.73346693386774
600,398,9.70166666666667,9.78643216080402,998,9.73547094188377
597,400,9.69681742043551,9.7825,997,9.73119358074223
598,399,9.70401337792642,9.79197994987469,997,9.73921765295888
597,402,9.70184254606365,9.78855721393035,999,9.73673673673674
607,392,9.69686985172982,9.79591836734694,999,9.73573573573574
606,393,9.68646864686469,9.78880407124682,999,9.72672672672673
603,393,9.68822553897181,9.78371501272265,996,9.72590361445783
601,397,9.70216306156406,9.79596977329975,998,9.73947895791583
591,408,9.70896785109983,9.79901960784314,999,9.74574574574575
592,406,9.71114864864865,9.79802955665025,998,9.74649298597194
597,402,9.72361809045226,9.79353233830846,999,9.75175175175175
588,409,9.73809523809524,9.79951100244499,997,9.76328986960883
584,414,9.73458904109589,9.79951690821256,998,9.76152304609218
580,418,9.72931034482759,9.80382775119617,998,9.76052104208417
587,412,9.72231686541738,9.82281553398058,999,9.76376376376376
584,414,9.71746575342466,9.82367149758454,998,9.76152304609218
589,410,9.72495755517827,9.83658536585366,999,9.77077077077077
593,406,9.73524451939292,9.83497536945813,999,9.77577577577578
594,405,9.73232323232323,9.83703703703704,999,9.77477477477477
593,406,9.73018549747049,9.83497536945813,999,9.77277277277277
589,410,9.73853989813243,9.84634146341463,999,9.78278278278278
597,402,9.7286432160804,9.85074626865672,999,9.77777777777778
591,406,9.72081218274112,9.85221674876847,997,9.77432296890672
583,414,9.71355060034305,9.85024154589372,997,9.7703109327984
578,420,9.71453287197232,9.85952380952381,998,9.77555110220441
575,423,9.70434782608696,9.8628841607565,998,9.77154308617235
576,423,9.71354166666667,9.86052009456265,999,9.77577577577578
577,421,9.71230502599653,9.86698337292161,998,9.77755511022044
569,430,9.69947275922671,9.85348837209302,999,9.76576576576577
560,439,9.70535714285714,9.85193621867882,999,9.76976976976977
556,442,9.69604316546763,9.84162895927602,998,9.76052104208417
555,444,9.7045045045045,9.84459459459459,999,9.76676676676677
545,451,9.69357798165138,9.83592017738359,996,9.75803212851406
537,462,9.69832402234637,9.83333333333333,999,9.76076076076076
530,467,9.70188679245283,9.8372591006424,997,9.76529588766299
528,471,9.70833333333333,9.83864118895966,999,9.76976976976977
527,472,9.70398481973434,9.83686440677966,999,9.76676676676677
522,477,9.71455938697318,9.83647798742138,999,9.77277277277277
521,476,9.70057581573896,9.84033613445378,997,9.76730190571715
517,482,9.70793036750483,9.84439834024896,999,9.77377377377377
508,489,9.71653543307087,9.84458077709611,997,9.77933801404213
509,490,9.71905697445973,9.84897959183673,999,9.78278278278278
505,494,9.72673267326733,9.85627530364373,999,9.79079079079079
507,491,9.71597633136095,9.86150712830957,998,9.7875751503006
502,497,9.7191235059761,9.86519114688129,999,9.79179179179179
508,491,9.72047244094488,9.86761710794297,999,9.79279279279279
513,486,9.72319688109162,9.87654320987654,999,9.7977977977978
518,480,9.73166023166023,9.87916666666667,998,9.80260521042084
522,477,9.73563218390805,9.88469601677149,999,9.80680680680681
510,489,9.73725490196078,9.89570552147239,999,9.81481481481481
515,483,9.73592233009709,9.89233954451346,998,9.81162324649299
518,480,9.73359073359073,9.89583333333333,998,9.81162324649299
512,486,9.724609375,9.89300411522634,998,9.80661322645291
520,479,9.73846153846154,9.88517745302714,999,9.80880880880881
524,475,9.73664122137404,9.88842105263158,999,9.80880880880881
523,475,9.73613766730402,9.88421052631579,998,9.80661322645291
522,475,9.73754789272031,9.88631578947368,997,9.80842527582748
526,473,9.73003802281369,9.88372093023256,999,9.8028028028028
527,470,9.72296015180266,9.88723404255319,997,9.80040120361083
531,467,9.71374764595104,9.89079229122056,998,9.79659318637275
540,459,9.71296296296296,9.89324618736383,999,9.7957957957958
544,453,9.71323529411765,9.89183222958057,997,9.79438314944835
547,451,9.71115173674589,9.89578713968958,998,9.79458917835671
550,449,9.71454545454545,9.89532293986637,999,9.7957957957958
546,452,9.71245421245421,9.88938053097345,998,9.79258517034068
535,464,9.7214953271028,9.89655172413793,999,9.8028028028028
534,465,9.71161048689139,9.88172043010753,999,9.79079079079079
536,463,9.7089552238806,9.87904967602592,999,9.78778778778779
529,470,9.71077504725898,9.87659574468085,999,9.78878878878879
533,465,9.72420262664165,9.87311827956989,998,9.7935871743487
543,456,9.72375690607735,9.86842105263158,999,9.78978978978979
535,464,9.72523364485981,9.87068965517241,999,9.79279279279279
534,464,9.72284644194757,9.87284482758621,998,9.79258517034068
532,466,9.72368421052632,9.87339055793991,998,9.7935871743487
519,480,9.71290944123314,9.87708333333333,999,9.79179179179179
518,480,9.7027027027027,9.87291666666667,998,9.78456913827655
513,484,9.70760233918129,9.88636363636364,997,9.79438314944835
525,473,9.71047619047619,9.88583509513742,998,9.7935871743487
514,484,9.71011673151751,9.88429752066116,998,9.79458917835671
516,482,9.70736434108527,9.88589211618257,998,9.7935871743487
511,488,9.70254403131115,9.88524590163934,999,9.79179179179179
510,489,9.70980392156863,9.88139059304704,999,9.79379379379379
515,483,9.69902912621359,9.88612836438923,998,9.78957915831663
505,494,9.7029702970297,9.88461538461539,999,9.79279279279279
515,484,9.70873786407767,9.90289256198347,999,9.8028028028028
520,479,9.70961538461538,9.91231732776618,999,9.80680680680681
524,474,9.70992366412214,9.90717299578059,998,9.80360721442886
519,479,9.71098265895954,9.91231732776618,998,9.80761523046092
516,481,9.71317829457364,9.90852390852391,997,9.8074222668004
515,484,9.71650485436893,9.90909090909091,999,9.80980980980981
513,486,9.72124756335283,9.91975308641975,999,9.81781781781782
513,486,9.71929824561403,9.91769547325103,999,9.81581581581582
506,493,9.73517786561265,9.90872210953347,999,9.82082082082082
507,492,9.72386587771203,9.90650406504065,999,9.81381381381381
505,494,9.73069306930693,9.90688259109312,999,9.81781781781782
496,502,9.71774193548387,9.90239043824701,998,9.81062124248497
503,496,9.71570576540755,9.9133064516129,999,9.81381381381381
497,502,9.71428571428571,9.90637450199203,999,9.81081081081081
497,501,9.7102615694165,9.91616766467066,998,9.81362725450902
497,501,9.72233400402414,9.90818363273453,998,9.81563126252505
494,505,9.71457489878543,9.91683168316832,999,9.81681681681682
495,504,9.71313131313131,9.91666666666667,999,9.81581581581582
490,507,9.71428571428571,9.91518737672584,997,9.81644934804413
489,510,9.69938650306749,9.9156862745098,999,9.80980980980981
492,505,9.70325203252033,9.91287128712871,997,9.80942828485456
490,509,9.71224489795918,9.91159135559921,999,9.81381381381381
494,505,9.70445344129555,9.91881188118812,999,9.81281281281281
491,505,9.71486761710794,9.92079207920792,996,9.81927710843373
493,506,9.70993914807302,9.92292490118577,999,9.81781781781782
493,504,9.71399594320487,9.92460317460317,997,9.82046138415246
495,504,9.70909090909091,9.9265873015873,999,9.81881881881882
494,504,9.71457489878543,9.9265873015873,998,9.82164328657315
495,504,9.72121212121212,9.92857142857143,999,9.82582582582583
495,504,9.73737373737374,9.93253968253968,999,9.83583583583584
485,514,9.7319587628866,9.93385214007782,999,9.83583583583584
490,509,9.73469387755102,9.93516699410609,999,9.83683683683684
489,508,9.74028629856851,9.93110236220472,997,9.83751253761284
483,516,9.74534161490683,9.93217054263566,999,9.84184184184184
473,525,9.75052854122622,9.92571428571429,998,9.84268537074148
477,519,9.74213836477987,9.92100192678227,996,9.83534136546185
487,512,9.75359342915811,9.921875,999,9.83983983983984
487,512,9.74948665297741,9.916015625,999,9.83483483483483
489,510,9.75051124744376,9.91176470588235,999,9.83283283283283
475,524,9.76,9.91030534351145,999,9.83883883883884
475,524,9.76,9.91030534351145,999,9.83883883883884
471,528,9.76220806794055,9.91098484848485,999,9.84084084084084
474,525,9.75949367088608,9.91809523809524,999,9.84284284284284
467,532,9.7558886509636,9.92293233082707,999,9.84484484484484
466,532,9.74892703862661,9.91729323308271,998,9.83867735470942
466,533,9.75107296137339,9.91744840525328,999,9.83983983983984
455,542,9.74285714285714,9.91143911439114,997,9.8345035105316
463,536,9.75161987041037,9.9160447761194,999,9.83983983983984
459,539,9.74509803921569,9.9165120593692,998,9.8376753507014
460,539,9.74347826086957,9.9239332096475,999,9.84084084084084
476,523,9.73739495798319,9.93499043977056,999,9.84084084084084
472,527,9.73516949152542,9.92409867172675,999,9.83483483483483
482,517,9.73236514522821,9.92456479690522,999,9.83183183183183
480,519,9.71041666666667,9.92100192678227,999,9.81981981981982
486,512,9.7283950617284,9.927734375,998,9.83066132264529
476,522,9.71008403361344,9.92337164750958,998,9.82164328657315
483,514,9.73291925465839,9.92217898832685,997,9.83049147442327
475,523,9.72631578947368,9.92543021032505,998,9.83066132264529
479,520,9.7286012526096,9.91538461538462,999,9.82582582582583
466,532,9.72317596566524,9.91729323308271,998,9.82665330661323
475,524,9.72,9.91603053435115,999,9.82282282282282
458,540,9.72052401746725,9.92407407407407,998,9.83066132264529
465,534,9.71827956989247,9.92134831460674,999,9.82682682682683
455,542,9.72967032967033,9.9280442804428,997,9.83751253761284
457,541,9.73522975929978,9.92975970425139,998,9.84068136272545
456,542,9.75438596491228,9.93911439114391,998,9.85470941883768
450,546,9.75777777777778,9.93406593406593,996,9.85441767068273
448,550,9.765625,9.93454545454545,998,9.85871743486974
455,544,9.76263736263736,9.9375,999,9.85785785785786
455,544,9.77802197802198,9.93566176470588,999,9.86386386386386
461,538,9.77440347071584,9.9368029739777,999,9.86186186186186
458,539,9.77292576419214,9.94063079777366,997,9.86359077231695
467,532,9.77944325481799,9.93984962406015,999,9.86486486486486
463,535,9.77753779697624,9.94205607476636,998,9.86573146292585
461,537,9.78308026030369,9.94599627560521,998,9.87074148296593
453,545,9.76158940397351,9.94128440366972,998,9.85971943887776
466,531,9.75321888412017,9.93785310734463,997,9.85155466399198
451,548,9.76053215077605,9.93248175182482,999,9.85485485485485
447,552,9.75838926174497,9.93478260869565,999,9.85585585585586
440,559,9.75681818181818,9.93738819320215,999,9.85785785785786
436,563,9.76605504587156,9.93250444049734,999,9.85985985985986
435,564,9.77471264367816,9.93262411347518,999,9.86386386386386
440,559,9.75909090909091,9.93023255813953,999,9.85485485485485
435,564,9.75862068965517,9.93085106382979,999,9.85585585585586
438,560,9.75342465753425,9.93035714285714,998,9.85270541082164
431,567,9.75638051044083,9.93650793650794,998,9.85871743486974
430,568,9.75581395348837,9.92957746478873,998,9.85470941883768
419,579,9.77326968973747,9.92918825561313,998,9.86372745490982
410,589,9.77073170731707,9.9320882852292,999,9.86586586586587
417,581,9.7673860911271,9.93803786574871,998,9.86673346693387
419,580,9.78520286396181,9.93965517241379,999,9.87487487487487
426,571,9.77934272300469,9.93870402802102,997,9.87061183550652
426,572,9.78403755868545,9.94230769230769,998,9.874749498998
426,573,9.77934272300469,9.94240837696335,999,9.87287287287287
434,564,9.79953917050691,9.95035460992908,998,9.88476953907816
434,563,9.79953917050691,9.94849023090586,997,9.88365095285858
441,558,9.79365079365079,9.94982078853047,999,9.88088088088088
440,558,9.80454545454545,9.94982078853047,998,9.88577154308617
443,554,9.79909706546275,9.95306859205776,997,9.88465396188566
460,539,9.80652173913044,9.95361781076067,999,9.88588588588589
465,533,9.79569892473118,9.95497185741088,998,9.88076152304609
461,538,9.80477223427332,9.95724907063197,999,9.88688688688689
462,536,9.80519480519481,9.9589552238806,998,9.88777555110221
462,536,9.80519480519481,9.96268656716418,998,9.88977955911824
467,532,9.80728051391863,9.96428571428571,999,9.89089089089089
473,526,9.79915433403806,9.96007604562738,999,9.88388388388388
469,530,9.7953091684435,9.9622641509434,999,9.88388388388388
481,518,9.79002079002079,9.95752895752896,999,9.87687687687688
474,525,9.79113924050633,9.95619047619048,999,9.87787787787788
474,525,9.78691983122363,9.95238095238095,999,9.87387387387387
467,531,9.79014989293362,9.95480225988701,998,9.87775551102204
461,536,9.7939262472885,9.95335820895522,997,9.87963891675025
456,543,9.78947368421053,9.95027624309392,999,9.87687687687688
458,541,9.78384279475983,9.95194085027726,999,9.87487487487487
449,549,9.76837416481069,9.95810564663024,998,9.87274549098196
448,550,9.765625,9.95818181818182,998,9.87174348697395
437,562,9.76659038901602,9.95729537366548,999,9.87387387387387
436,562,9.76605504587156,9.95551601423488,998,9.87274549098196
432,567,9.75925925925926,9.95414462081129,999,9.86986986986987
439,559,9.7744874715262,9.95348837209302,998,9.874749498998
448,551,9.765625,9.9546279491833,999,9.86986986986987
461,537,9.77440347071584,9.95344506517691,998,9.87074148296593
462,535,9.77489177489177,9.95514018691589,997,9.8716148445336
470,529,9.79148936170213,9.95274102079395,999,9.87687687687688
464,535,9.80172413793103,9.95327102803738,999,9.88288288288288
476,522,9.79621848739496,9.95019157088123,998,9.87675350701403
475,524,9.79578947368421,9.95229007633588,999,9.87787787787788
473,526,9.79281183932347,9.95247148288973,999,9.87687687687688
475,523,9.80210526315789,9.94837476099426,998,9.87875751503006
485,513,9.7979381443299,9.94541910331384,998,9.87374749498998
485,513,9.79587628865979,9.93957115009747,998,9.86973947895792
486,512,9.80658436213992,9.943359375,998,9.87675350701403
491,507,9.80651731160896,9.94674556213018,998,9.87775551102204
485,513,9.81237113402062,9.94736842105263,998,9.88176352705411
477,520,9.80712788259958,9.94423076923077,997,9.87863590772317
479,519,9.81002087682672,9.94412331406551,998,9.87975951903808
485,513,9.80824742268041,9.94736842105263,998,9.87975951903808
487,512,9.81519507186858,9.943359375,999,9.88088088088088
486,513,9.81687242798354,9.94931773879142,999,9.88488488488488
482,514,9.81120331950208,9.94552529182879,996,9.88052208835341
495,504,9.81414141414141,9.94642857142857,999,9.88088088088088
494,505,9.81376518218623,9.94455445544554,999,9.87987987987988
498,501,9.80722891566265,9.94610778443114,999,9.87687687687688
508,490,9.80118110236221,9.94897959183673,998,9.87374749498998
508,488,9.80314960629921,9.96106557377049,996,9.88052208835341
503,496,9.79920477137177,9.9616935483871,999,9.87987987987988
497,502,9.80885311871227,9.9601593625498,999,9.88488488488488
503,496,9.8051689860835,9.9616935483871,999,9.88288288288288
502,497,9.80478087649402,9.95975855130785,999,9.88188188188188
504,495,9.79563492063492,9.96565656565657,999,9.87987987987988
504,495,9.79761904761905,9.96565656565657,999,9.88088088088088
501,498,9.79241516966068,9.96987951807229,999,9.88088088088088
506,492,9.79446640316205,9.97154471544715,998,9.88176352705411
496,503,9.80241935483871,9.9741550695825,999,9.88888888888889
493,506,9.80730223123732,9.97233201581028,999,9.89089089089089
486,512,9.80452674897119,9.96875,998,9.88877755511022
484,514,9.81198347107438,9.96692607003891,998,9.89178356713427
492,506,9.80487804878049,9.96640316205534,998,9.88677354709419
488,510,9.81147540983607,9.96470588235294,998,9.88977955911824
490,509,9.79795918367347,9.96267190569745,999,9.88188188188188
482,517,9.79460580912863,9.95938104448743,999,9.87987987987988
481,518,9.78586278586279,9.95559845559846,999,9.87387387387387
478,520,9.78242677824268,9.95576923076923,998,9.87274549098196
477,521,9.77987421383648,9.95585412667946,998,9.87174348697395
477,520,9.77568134171908,9.95961538461538,997,9.8716148445336
477,521,9.77987421383648,9.95393474088292,998,9.87074148296593
475,524,9.77894736842105,9.95610687022901,999,9.87187187187187
486,513,9.77572016460905,9.9551656920078,999,9.86786786786787
485,513,9.77731958762887,9.95321637426901,998,9.86773547094188
500,498,9.772,9.95582329317269,998,9.86372745490982
487,512,9.79466119096509,9.958984375,999,9.87887887887888
490,509,9.78775510204082,9.96660117878193,999,9.87887887887888
476,522,9.80042016806723,9.96360153256705,998,9.88577154308617
481,517,9.7962577962578,9.96711798839458,998,9.88476953907816
472,527,9.8093220338983,9.96584440227704,999,9.89189189189189
461,538,9.81344902386117,9.96282527881041,999,9.89389389389389
456,542,9.81798245614035,9.96863468634686,998,9.8997995991984
458,540,9.82532751091703,9.96851851851852,998,9.90280561122244
461,536,9.82646420824295,9.97014925373134,997,9.9037111334002
465,534,9.81935483870968,9.97003745318352,999,9.8998998998999
458,540,9.82532751091703,9.96851851851852,998,9.90280561122244
474,525,9.81645569620253,9.96952380952381,999,9.8968968968969
475,523,9.82315789473684,9.96749521988528,998,9.89879759519038
480,518,9.81041666666667,9.96911196911197,998,9.89278557114229
480,518,9.80208333333333,9.97104247104247,998,9.88977955911824
489,508,9.8077709611452,9.97834645669291,997,9.89468405215647
483,515,9.7991718426501,9.97864077669903,998,9.89178356713427
484,513,9.80371900826446,9.98050682261209,997,9.89468405215647
475,522,9.7978947368421,9.97892720306513,997,9.89267803410231
474,525,9.81223628691983,9.98285714285714,999,9.9019019019019
466,532,9.80472103004292,9.9812030075188,998,9.89879759519038
468,531,9.79700854700855,9.98305084745763,999,9.8958958958959
461,538,9.78958785249458,9.9814126394052,999,9.89289289289289
468,531,9.7991452991453,9.98305084745763,999,9.8968968968969
467,532,9.80942184154176,9.98308270676692,999,9.9019019019019
478,521,9.80753138075314,9.98272552783109,999,9.8988988988989
468,531,9.8034188034188,9.984934086629,999,9.8998998998999
482,517,9.80290456431535,9.9825918762089,999,9.8958958958959
476,521,9.80252100840336,9.98272552783109,997,9.89669007021063
470,528,9.81063829787234,9.98106060606061,998,9.90080160320641
475,522,9.81473684210526,9.97701149425287,997,9.89969909729188
478,521,9.81380753138075,9.97504798464491,999,9.8978978978979
478,520,9.80962343096234,9.96923076923077,998,9.89278557114229
476,523,9.80672268907563,9.97323135755258,999,9.89389389389389
477,522,9.80083857442348,9.96934865900383,999,9.88888888888889
480,519,9.80625,9.96724470134875,999,9.88988988988989
478,521,9.80125523012552,9.96928982725528,999,9.88888888888889
469,528,9.7953091684435,9.96780303030303,997,9.88665997993982
464,534,9.80603448275862,9.97191011235955,998,9.89478957915832
468,530,9.80128205128205,9.97169811320755,998,9.89178356713427
469,530,9.79957356076759,9.97169811320755,999,9.89089089089089
467,531,9.80942184154176,9.97363465160075,998,9.89679358717435
465,533,9.81720430107527,9.97560975609756,998,9.90180360721443
464,533,9.81681034482759,9.97373358348968,997,9.90070210631896
463,536,9.80345572354212,9.97574626865672,999,9.8958958958959
470,526,9.80851063829787,9.97908745247148,996,9.89859437751004
473,525,9.81183932346723,9.9752380952381,998,9.89779559118236
465,534,9.80430107526882,9.97752808988764,999,9.8968968968969
471,528,9.79830148619958,9.97916666666667,999,9.89389389389389
465,533,9.79569892473118,9.97936210131332,998,9.8937875751503
474,524,9.79324894514768,9.98282442748092,998,9.89278557114229
477,522,9.78197064989518,9.97892720306513,999,9.88488488488488
479,520,9.77453027139875,9.98076923076923,999,9.88188188188188
470,528,9.76595744680851,9.97727272727273,998,9.87775551102204
477,522,9.75262054507338,9.97509578544061,999,9.86886886886887
478,520,9.75732217573222,9.975,998,9.87074148296593
471,528,9.76220806794055,9.96969696969697,999,9.87187187187187
467,532,9.74304068522484,9.9718045112782,999,9.86486486486486
464,535,9.73706896551724,9.97196261682243,999,9.86286286286286
467,532,9.73233404710921,9.97744360902256,999,9.86286286286286
465,533,9.73548387096774,9.97560975609756,998,9.86372745490982
475,521,9.74736842105263,9.97696737044146,996,9.86746987951807
461,538,9.7527114967462,9.97583643122677,999,9.87287287287287
453,544,9.75717439293598,9.97242647058824,997,9.87462387161484
440,558,9.74318181818182,9.97311827956989,998,9.87174348697395
443,556,9.75620767494357,9.97122302158273,999,9.87587587587588
439,559,9.75170842824601,9.9695885509839,998,9.87374749498998
442,555,9.76244343891403,9.97117117117117,997,9.87863590772317
439,560,9.77220956719818,9.975,999,9.88588588588589
435,562,9.77931034482759,9.97686832740214,997,9.89067201604814
429,568,9.76923076923077,9.97359154929577,997,9.88565697091274
437,561,9.75743707093821,9.97860962566845,998,9.88176352705411
429,570,9.75291375291375,9.97719298245614,999,9.88088088088088
428,569,9.75467289719626,9.97891036906854,997,9.8826479438315
428,571,9.75700934579439,9.97898423817863,999,9.88388388388388
434,565,9.76267281105991,9.9787610619469,999,9.88488488488488
439,558,9.75170842824601,9.98207885304659,997,9.88064192577733
434,564,9.74423963133641,9.98049645390071,998,9.87775551102204
438,558,9.74657534246575,9.97670250896057,996,9.87550200803213
454,545,9.74008810572687,9.97614678899083,999,9.86886886886887
445,553,9.74606741573034,9.97649186256781,998,9.87374749498998
456,543,9.74780701754386,9.97605893186004,999,9.87187187187187
451,547,9.73835920177384,9.97440585009141,998,9.86773547094188
462,537,9.73809523809524,9.98137802607076,999,9.86886886886887
458,541,9.74017467248908,9.97966728280961,999,9.86986986986987
452,547,9.73893805309734,9.981718464351,999,9.87187187187187
448,550,9.734375,9.98363636363636,998,9.87174348697395
457,541,9.7417943107221,9.97966728280961,998,9.87074148296593
464,535,9.75,9.98130841121495,999,9.87387387387387
463,536,9.74730021598272,9.97761194029851,999,9.87087087087087
469,527,9.74840085287846,9.97722960151803,996,9.86947791164659
470,528,9.7468085106383,9.97537878787879,998,9.86773547094188
470,529,9.7468085106383,9.97164461247637,999,9.86586586586587
481,518,9.75883575883576,9.97297297297297,999,9.86986986986987
479,520,9.75991649269311,9.97692307692308,999,9.87287287287287
478,517,9.75732217573222,9.98065764023211,995,9.87336683417085
485,514,9.76082474226804,9.97665369649805,999,9.87187187187187
493,506,9.76267748478702,9.9802371541502,999,9.87287287287287
489,510,9.76482617586912,9.98627450980392,999,9.87787787787788
500,498,9.766,9.98795180722892,998,9.87675350701403
504,495,9.77380952380952,9.98787878787879,999,9.87987987987988
513,485,9.7719298245614,9.98762886597938,998,9.87675350701403
517,481,9.76595744680851,9.98960498960499,998,9.87374749498998
514,484,9.76848249027237,9.9896694214876,998,9.87575150300601
515,481,9.76893203883495,9.98960498960499,996,9.87550200803213
509,489,9.77406679764244,9.98977505112475,998,9.87975951903808
511,487,9.77103718199609,9.98973305954826,998,9.87775551102204
513,486,9.77972709551657,9.98765432098766,999,9.88088088088088
516,482,9.77713178294574,9.98755186721992,998,9.87875751503006
514,483,9.78015564202335,9.98964803312629,997,9.88164493480441
513,486,9.78557504873294,9.98765432098766,999,9.88388388388388
508,490,9.78543307086614,9.98979591836735,998,9.88577154308617
511,487,9.7866927592955,9.98562628336756,998,9.88376753507014
497,500,9.78470824949698,9.988,997,9.88665997993982
496,503,9.79637096774194,9.98409542743539,999,9.89089089089089
498,501,9.79518072289157,9.98203592814371,999,9.88888888888889
492,507,9.80081300813008,9.98224852071006,999,9.89289289289289
487,512,9.79260780287474,9.98046875,999,9.88888888888889
488,509,9.79508196721311,9.9803536345776,997,9.88966900702106
491,504,9.80448065173116,9.9781746031746,995,9.89246231155779
492,506,9.79878048780488,9.97826086956522,998,9.88977955911824
494,505,9.80769230769231,9.98019801980198,999,9.89489489489489
495,500,9.8040404040404,9.978,995,9.89145728643216
500,499,9.818,9.97595190380762,999,9.8968968968969
507,492,9.81459566074951,9.97764227642277,999,9.89489489489489
505,494,9.82178217821782,9.97975708502024,999,9.8998998998999
510,488,9.8156862745098,9.97745901639344,998,9.89478957915832
506,491,9.83201581027668,9.9775967413442,997,9.9037111334002
511,488,9.82778864970646,9.97336065573771,999,9.8988988988989
506,493,9.83201581027668,9.97565922920892,999,9.9029029029029
512,486,9.837890625,9.97530864197531,998,9.90480961923848
516,482,9.82751937984496,9.97510373443983,998,9.89879759519038
510,489,9.82549019607843,9.97546012269939,999,9.8988988988989
509,488,9.82711198428291,9.97131147540984,997,9.89769307923771
512,486,9.8359375,9.97119341563786,998,9.90180360721443
510,488,9.82549019607843,9.97131147540984,998,9.89679358717435
505,494,9.82178217821782,9.97165991902834,999,9.8958958958959
505,494,9.81386138613861,9.97570850202429,999,9.89389389389389
502,497,9.81872509960159,9.97585513078471,999,9.8968968968969
499,500,9.82164328657315,9.98,999,9.9009009009009
508,491,9.81299212598425,9.9775967413442,999,9.89389389389389
501,497,9.81437125748503,9.97987927565392,998,9.89679358717435
508,491,9.81692913385827,9.97556008146639,999,9.89489489489489
507,491,9.81262327416174,9.97148676171079,998,9.89078156312625
501,498,9.82235528942116,9.97389558232932,999,9.8978978978979
500,499,9.812,9.97595190380762,999,9.89389389389389
508,491,9.81299212598425,9.97556008146639,999,9.89289289289289
507,492,9.81262327416174,9.97357723577236,999,9.89189189189189
512,487,9.814453125,9.97330595482546,999,9.89189189189189
