forward_num,reverse_num,forward_rate,reverse_rate,organism_num,organism_rate
500,500,5.5,5.5,1000,5.5
491,497,5.5030549898167,5.4989939637827,988,5.50101214574899
490,493,5.49387755102041,5.50507099391481,983,5.49949135300102
548,451,6.07664233576642,5.49667405764967,999,5.81481481481481
587,412,6.11413969335605,5.52912621359223,999,5.87287287287287
618,380,6.23948220064725,5.5078947368421,998,5.96092184368737
650,349,6.27076923076923,5.48137535816619,999,5.99499499499499
683,316,6.42459736456808,5.41772151898734,999,6.10610610610611
705,294,6.4113475177305,5.3469387755102,999,6.0980980980981
709,289,6.44569816643159,5.26643598615917,998,6.10420841683367
699,299,6.56795422031474,5.20066889632107,998,6.15831663326653
725,273,6.37241379310345,5.15018315018315,998,6.03807615230461
717,280,6.53695955369596,5.275,997,6.18254764292879
718,281,6.6100278551532,5.28825622775801,999,6.23823823823824
696,303,6.6551724137931,5.76237623762376,999,6.38438438438438
714,282,6.79411764705882,5.79432624113475,996,6.51104417670683
730,268,6.84109589041096,5.77611940298507,998,6.55511022044088
710,289,6.84507042253521,6.12456747404844,999,6.63663663663664
704,294,6.94318181818182,6.02380952380952,998,6.67234468937876
706,293,6.97025495750708,6.14334470989761,999,6.72772772772773
716,283,7.0,6.13780918727915,999,6.75575575575576
729,270,6.83950617283951,6.22962962962963,999,6.67467467467467
732,264,6.81420765027322,6.31060606060606,996,6.68072289156626
738,261,6.94850948509485,6.272030651341,999,6.77177177177177
738,260,7.03387533875339,6.14230769230769,998,6.80160320641283
740,258,7.12972972972973,6.13178294573643,998,6.87174348697395
753,246,7.07835325365206,6.03252032520325,999,6.82082082082082
761,238,7.14717477003942,6.22268907563025,999,6.92692692692693
767,231,7.16818774445893,6.15584415584416,998,6.93386773547094
763,233,7.23984272608126,6.25321888412017,996,7.00903614457831
784,215,7.23214285714286,6.33953488372093,999,7.04004004004004
791,208,7.35145385587863,6.35096153846154,999,7.14314314314314
782,217,7.35038363171356,6.30414746543779,999,7.12312312312312
773,225,7.41785252263907,6.48888888888889,998,7.20841683366733
779,220,7.44801026957638,6.49545454545455,999,7.23823823823824
781,217,7.53008962868118,6.47465437788018,998,7.30060120240481
787,212,7.55019059720457,6.37264150943396,999,7.3003003003003
790,209,7.55569620253165,6.46411483253589,999,7.32732732732733
788,210,7.59771573604061,6.54285714285714,998,7.37575150300601
790,206,7.64683544303797,6.55339805825243,996,7.4206827309237
793,206,7.69230769230769,6.75242718446602,999,7.4984984984985
788,208,7.71954314720812,6.75,996,7.51706827309237
797,200,7.64617314930991,6.64,997,7.44433299899699
801,198,7.72534332084894,6.76262626262626,999,7.53453453453453
802,196,7.73940149625935,6.75510204081633,998,7.54609218436874
812,187,7.70935960591133,6.88770053475936,999,7.55555555555556
825,171,7.75878787878788,6.89473684210526,996,7.61044176706827
831,168,7.8158844765343,6.83333333333333,999,7.65065065065065
832,166,7.83774038461539,6.7710843373494,998,7.66032064128257
832,166,7.79927884615385,6.75301204819277,998,7.625250501002
839,160,7.8414779499404,6.80625,999,7.67567567567568
845,154,7.87692307692308,6.9025974025974,999,7.72672672672673
851,148,7.87191539365452,6.91891891891892,999,7.73073073073073
856,143,7.89369158878505,6.95804195804196,999,7.75975975975976
860,139,7.8953488372093,7.05035971223022,999,7.77777777777778
858,139,7.88228438228438,7.0431654676259,997,7.76529588766299
850,147,7.90823529411765,6.98639455782313,997,7.77231695085256
856,142,7.94275700934579,7.0,998,7.80861723446894
851,146,7.96944770857814,7.05479452054795,997,7.83550651955868
852,146,7.96361502347418,7.14383561643836,998,7.8436873747495
860,138,7.96627906976744,7.31159420289855,998,7.87575150300601
865,134,8.02080924855491,7.38805970149254,999,7.93593593593594
863,132,8.02433371958285,7.50757575757576,995,7.95577889447236
865,134,8.01965317919075,7.5,999,7.94994994994995
866,133,8.04041570438799,7.3609022556391,999,7.94994994994995
864,132,8.06134259259259,7.32575757575758,996,7.96385542168675
869,130,8.03682393555811,7.39230769230769,999,7.95295295295295
877,122,8.03990877993158,7.41803278688525,999,7.96396396396396
883,116,8.08946772366931,7.4051724137931,999,8.01001001001001
882,116,8.10204081632653,7.52586206896552,998,8.03507014028056
887,111,8.0597519729425,7.56756756756757,998,8.00501002004008
886,112,8.10722347629797,7.58035714285714,998,8.04809619238477
885,111,8.11412429378531,7.58558558558559,996,8.05522088353414
893,105,8.10862262038074,7.60952380952381,998,8.0561122244489
896,102,8.11495535714286,7.66666666666667,998,8.06913827655311
893,106,8.11758118701008,7.73584905660377,999,8.07707707707708
896,103,8.109375,7.72815533980583,999,8.07007007007007
899,100,8.11234705228031,7.76,999,8.07707707707708
900,96,8.15444444444444,7.90625,996,8.13052208835341
899,100,8.1579532814238,7.97,999,8.13913913913914
899,100,8.16017797552836,8.16,999,8.16016016016016
900,99,8.14666666666667,8.1010101010101,999,8.14214214214214
901,98,8.1165371809101,8.18367346938776,999,8.12312312312312
904,94,8.13827433628319,8.12765957446809,998,8.1372745490982
912,86,8.1469298245614,8.26744186046512,998,8.15731462925852
912,86,8.16008771929824,8.33720930232558,998,8.17535070140281
917,81,8.18429661941112,8.25925925925926,998,8.19038076152305
915,80,8.20218579234973,8.325,995,8.21206030150754
924,75,8.20562770562771,8.24,999,8.20820820820821
922,74,8.2353579175705,8.12162162162162,996,8.22690763052209
924,75,8.28354978354978,8.18666666666667,999,8.27627627627628
928,70,8.29849137931035,8.2,998,8.29158316633267
925,73,8.27351351351351,8.3013698630137,998,8.27555110220441
931,68,8.28571428571429,8.42647058823529,999,8.2952952952953
930,69,8.28709677419355,8.44927536231884,999,8.2982982982983
927,72,8.28263214670982,8.58333333333333,999,8.3043043043043
931,68,8.30504833512352,8.58823529411765,999,8.32432432432432
927,71,8.28263214670982,8.57746478873239,998,8.30360721442886
934,65,8.3169164882227,8.69230769230769,999,8.34134134134134
936,63,8.33119658119658,8.65079365079365,999,8.35135135135135
938,61,8.3454157782516,8.62295081967213,999,8.36236236236236
941,57,8.37938363443146,8.59649122807017,998,8.39178356713427
941,58,8.39744952178533,8.60344827586207,999,8.40940940940941
939,59,8.40681576144835,8.54237288135593,998,8.41482965931864
942,56,8.42144373673036,8.42857142857143,998,8.42184368737475
942,56,8.42569002123142,8.33928571428571,998,8.42084168336673
941,58,8.44633368756642,8.3448275862069,999,8.44044044044044
943,56,8.45174973488865,8.44642857142857,999,8.45145145145145
942,56,8.45329087048832,8.51785714285714,998,8.45691382765531
943,56,8.43160127253446,8.44642857142857,999,8.43243243243243
943,56,8.44220572640509,8.48214285714286,999,8.44444444444444
937,62,8.46318036286019,8.59677419354839,999,8.47147147147147
939,57,8.49520766773163,8.66666666666667,996,8.50502008032129
940,59,8.52127659574468,8.69491525423729,999,8.53153153153153
936,63,8.52564102564103,8.58730158730159,999,8.52952952952953
940,59,8.51489361702128,8.66101694915254,999,8.52352352352352
937,60,8.51654215581643,8.55,997,8.518555667001
940,59,8.54148936170213,8.59322033898305,999,8.54454454454454
936,62,8.54273504273504,8.64516129032258,998,8.54909819639279
938,59,8.55543710021322,8.6271186440678,997,8.55967903711133
941,58,8.58129649309245,8.67241379310345,999,8.58658658658659
940,58,8.61063829787234,8.55172413793103,998,8.60721442885771
941,57,8.63018065887354,8.6140350877193,998,8.62925851703407
942,57,8.6380042462845,8.64912280701754,999,8.63863863863864
943,56,8.63626723223754,8.71428571428571,999,8.64064064064064
941,56,8.68331562167906,8.73214285714286,997,8.68605817452357
946,52,8.70401691331924,8.80769230769231,998,8.70941883767535
945,54,8.6962962962963,8.83333333333333,999,8.7037037037037
949,50,8.73234984193888,8.76,999,8.73373373373373
947,51,8.76029567053854,8.76470588235294,998,8.76052104208417
948,51,8.78270042194093,8.94117647058824,999,8.79079079079079
949,50,8.768177028451,8.96,999,8.77777777777778
945,53,8.80529100529101,9.07547169811321,998,8.81963927855711
944,54,8.85593220338983,9.12962962962963,998,8.87074148296593
945,53,8.84021164021164,9.15094339622642,998,8.85671342685371
942,57,8.84288747346072,9.05263157894737,999,8.85485485485485
942,56,8.82696390658174,9.07142857142857,998,8.84068136272545
940,59,8.8468085106383,9.06779661016949,999,8.85985985985986
941,57,8.84165781083953,9.07017543859649,998,8.85470941883768
942,57,8.84925690021231,9.03508771929824,999,8.85985985985986
935,64,8.86524064171123,9.078125,999,8.87887887887888
936,63,8.91666666666667,9.07936507936508,999,8.92692692692693
937,60,8.90715048025614,9.08333333333333,997,8.91775325977934
936,63,8.92094017094017,8.96825396825397,999,8.92392392392392
937,60,8.91995731056564,8.93333333333333,997,8.92076228686058
941,58,8.91285866099894,8.96551724137931,999,8.91591591591592
943,56,8.91092258748674,8.89285714285714,999,8.90990990990991
939,59,8.89989350372737,8.91525423728813,998,8.90080160320641
939,59,8.89456869009585,8.88135593220339,998,8.8937875751503
942,57,8.88428874734607,8.89473684210526,999,8.88488488488488
944,55,8.90677966101695,8.96363636363636,999,8.90990990990991
941,58,8.89160467587673,8.96551724137931,999,8.8958958958959
938,59,8.90085287846482,9.0,997,8.90672016048144
944,55,8.89300847457627,8.98181818181818,999,8.8978978978979
947,51,8.91974656810982,8.98039215686275,998,8.92284569138276
945,54,8.92063492063492,9.18518518518519,999,8.93493493493493
949,50,8.93256059009484,9.2,999,8.94594594594595
948,51,8.93354430379747,9.2156862745098,999,8.94794794794795
950,49,8.94421052631579,9.16326530612245,999,8.95495495495495
950,49,8.94631578947368,9.18367346938776,999,8.95795795795796
952,47,8.95903361344538,9.27659574468085,999,8.97397397397397
952,45,8.96323529411765,9.26666666666667,997,8.97693079237713
955,44,8.97801047120419,9.34090909090909,999,8.99399399399399
951,48,8.9863301787592,9.35416666666667,999,9.004004004004
956,43,8.97175732217573,9.37209302325581,999,8.98898898898899
956,42,8.99267782426778,9.42857142857143,998,9.01102204408818
954,44,9.00104821802935,9.43181818181818,998,9.02004008016032
957,42,9.03239289446186,9.52380952380952,999,9.05305305305305
954,42,9.0293501048218,9.52380952380952,996,9.05020080321285
959,40,9.04692387904067,9.475,999,9.06406406406406
959,40,9.04796663190824,9.425,999,9.06306306306306
959,40,9.06360792492179,9.4,999,9.07707707707708
957,42,9.07941483803553,9.38095238095238,999,9.09209209209209
958,41,9.09812108559499,9.34146341463415,999,9.10810810810811
957,41,9.0846394984326,9.36585365853658,998,9.09619238476954
958,38,9.080375782881,9.36842105263158,996,9.09136546184739
960,38,9.11458333333333,9.39473684210526,998,9.125250501002
959,40,9.10844629822732,9.375,999,9.11911911911912
957,42,9.10344827586207,9.38095238095238,999,9.11511511511512
959,40,9.12721584984359,9.375,999,9.13713713713714
958,41,9.13778705636743,9.36585365853658,999,9.14714714714715
959,39,9.15328467153285,9.33333333333333,998,9.16032064128257
964,34,9.13900414937759,9.35294117647059,998,9.14629258517034
964,35,9.17116182572614,9.34285714285714,999,9.17717717717718
965,34,9.15751295336788,9.35294117647059,999,9.16416416416416
961,38,9.15296566077003,9.3421052631579,999,9.16016016016016
963,35,9.15680166147456,9.34285714285714,998,9.16332665330661
961,37,9.14568158168574,9.35135135135135,998,9.15330661322645
959,38,9.15954118873827,9.36842105263158,997,9.16750250752257
967,31,9.16546018614271,9.32258064516129,998,9.17034068136273
966,33,9.15217391304348,9.27272727272727,999,9.15615615615616
965,34,9.15336787564767,9.26470588235294,999,9.15715715715716
965,34,9.15233160621762,9.32352941176471,999,9.15815815815816
967,31,9.14891416752844,9.25806451612903,998,9.15230460921844
966,32,9.13664596273292,9.28125,998,9.14128256513026
965,34,9.13886010362694,9.32352941176471,999,9.14514514514515
963,36,9.1214953271028,9.27777777777778,999,9.12712712712713
963,34,9.1318795430945,9.35294117647059,997,9.13941825476429
964,35,9.11410788381743,9.37142857142857,999,9.12312312312312
962,35,9.08939708939709,9.34285714285714,997,9.09829488465396
963,36,9.11214953271028,9.33333333333333,999,9.12012012012012
966,32,9.10351966873706,9.34375,998,9.11122244488978
967,32,9.13340227507756,9.375,999,9.14114114114114
966,33,9.13975155279503,9.3030303030303,999,9.14514514514515
962,36,9.15072765072765,9.33333333333333,998,9.15731462925852
961,36,9.12278876170656,9.38888888888889,997,9.13239719157472
961,37,9.13111342351717,9.35135135135135,998,9.13927855711423
959,39,9.14911366006256,9.38461538461539,998,9.15831663326653
959,40,9.14494264859228,9.375,999,9.15415415415415
957,42,9.15569487983281,9.38095238095238,999,9.16516516516517
957,42,9.1546499477534,9.35714285714286,999,9.16316316316316
957,41,9.15151515151515,9.34146341463415,998,9.15931863727455
956,43,9.14539748953975,9.32558139534884,999,9.15315315315315
957,41,9.141065830721,9.31707317073171,998,9.14829659318637
960,37,9.146875,9.35135135135135,997,9.15446339017051
963,36,9.15680166147456,9.33333333333333,999,9.16316316316316
967,31,9.16546018614271,9.35483870967742,998,9.17134268537074
965,32,9.2,9.34375,997,9.20461384152457
965,33,9.19585492227979,9.36363636363636,998,9.20140280561122
962,36,9.1964656964657,9.36111111111111,998,9.20240480961924
960,37,9.190625,9.35135135135135,997,9.19658976930792
962,37,9.18399168399168,9.40540540540541,999,9.19219219219219
961,37,9.17273673257024,9.35135135135135,998,9.17935871743487
959,39,9.18248175182482,9.38461538461539,998,9.19038076152305
963,35,9.18483904465213,9.37142857142857,998,9.19138276553106
960,38,9.19583333333333,9.39473684210526,998,9.20340681362725
959,39,9.18456725755996,9.41025641025641,998,9.19338677354709
966,33,9.20807453416149,9.36363636363636,999,9.21321321321321
962,37,9.18918918918919,9.40540540540541,999,9.1971971971972
963,36,9.2128764278297,9.44444444444444,999,9.22122122122122
963,36,9.20456905503634,9.44444444444444,999,9.21321321321321
961,37,9.17689906347555,9.45945945945946,998,9.187374749499
960,35,9.196875,9.45714285714286,995,9.20603015075377
960,38,9.203125,9.47368421052632,998,9.21342685370741
965,33,9.18756476683938,9.45454545454546,998,9.19639278557114
966,33,9.20289855072464,9.48484848484848,999,9.21221221221221
961,37,9.22892819979188,9.45945945945946,998,9.2374749498998
963,35,9.22845275181724,9.48571428571429,998,9.2374749498998
962,36,9.23804573804574,9.5,998,9.24749498997996
961,37,9.23413111342352,9.48648648648649,998,9.2434869739479
964,35,9.22821576763485,9.45714285714286,999,9.23623623623624
964,35,9.24688796680498,9.45714285714286,999,9.25425425425425
962,33,9.25051975051975,9.45454545454546,995,9.2572864321608
964,35,9.25829875518672,9.42857142857143,999,9.26426426426426
964,35,9.27593360995851,9.4,999,9.28028028028028
965,34,9.26424870466321,9.38235294117647,999,9.26826826826827
964,35,9.27282157676349,9.37142857142857,999,9.27627627627628
965,34,9.26528497409326,9.41176470588235,999,9.27027027027027
966,32,9.27743271221532,9.40625,998,9.28156312625251
967,31,9.26990692864529,9.41935483870968,998,9.27454909819639
969,29,9.28173374613003,9.44827586206897,998,9.28657314629259
970,29,9.28453608247423,9.51724137931035,999,9.29129129129129
969,30,9.30959752321981,9.5,999,9.31531531531532
965,33,9.30673575129534,9.54545454545454,998,9.31462925851703
967,32,9.29058945191313,9.5625,999,9.2992992992993
964,34,9.30290456431535,9.55882352941176,998,9.31162324649299
962,37,9.30873180873181,9.56756756756757,999,9.31831831831832
960,37,9.296875,9.56756756756757,997,9.30692076228686
960,38,9.29791666666667,9.57894736842105,998,9.30861723446894
957,41,9.28422152560084,9.5609756097561,998,9.29559118236473
959,40,9.2992700729927,9.55,999,9.30930930930931
957,42,9.29885057471264,9.5,999,9.30730730730731
956,41,9.31171548117155,9.46341463414634,997,9.31795386158475
954,44,9.28930817610063,9.40909090909091,998,9.29458917835671
955,44,9.29842931937173,9.43181818181818,999,9.3043043043043
954,44,9.30503144654088,9.45454545454546,998,9.31162324649299
958,41,9.3089770354906,9.46341463414634,999,9.31531531531532
958,40,9.3027139874739,9.5,998,9.31062124248497
956,42,9.30753138075314,9.47619047619048,998,9.31462925851703
955,43,9.31727748691099,9.53488372093023,998,9.32665330661323
956,42,9.33682008368201,9.54761904761905,998,9.34569138276553
955,44,9.35078534031414,9.59090909090909,999,9.36136136136136
956,43,9.35041841004184,9.58139534883721,999,9.36036036036036
959,39,9.34723670490094,9.61538461538461,998,9.35771543086172
958,41,9.34446764091858,9.58536585365854,999,9.35435435435435
958,41,9.36534446764092,9.5609756097561,999,9.37337337337337
954,43,9.36792452830189,9.6046511627907,997,9.37813440320963
954,44,9.36268343815514,9.56818181818182,998,9.37174348697395
957,42,9.37199582027168,9.52380952380952,999,9.37837837837838
957,41,9.36677115987461,9.51219512195122,998,9.37274549098196
956,42,9.34937238493724,9.47619047619048,998,9.35470941883768
954,45,9.35849056603774,9.51111111111111,999,9.36536536536537
952,46,9.35504201680672,9.45652173913044,998,9.35971943887776
950,49,9.34947368421053,9.42857142857143,999,9.35335335335335
952,45,9.3718487394958,9.48888888888889,997,9.37713139418255
952,45,9.38235294117647,9.53333333333333,997,9.38916750250752
956,42,9.40062761506276,9.52380952380952,998,9.40581162324649
957,42,9.41274817136886,9.52380952380952,999,9.41741741741742
959,40,9.42127215849844,9.5,999,9.42442442442442
957,42,9.39707419017764,9.47619047619048,999,9.4004004004004
958,40,9.41649269311065,9.45,998,9.41783567134268
957,42,9.40961337513062,9.47619047619048,999,9.41241241241241
953,46,9.42392444910808,9.43478260869565,999,9.42442442442442
953,46,9.42287513116474,9.41304347826087,999,9.42242242242242
952,46,9.41701680672269,9.43478260869565,998,9.41783567134268
952,47,9.42542016806723,9.40425531914894,999,9.42442442442442
953,46,9.40818467995803,9.41304347826087,999,9.40840840840841
950,47,9.42526315789474,9.46808510638298,997,9.42728184553661
953,46,9.42287513116474,9.43478260869565,999,9.42342342342342
951,48,9.42902208201893,9.41666666666667,999,9.42842842842843
951,46,9.43743427970557,9.43478260869565,997,9.43731193580742
950,49,9.43789473684211,9.42857142857143,999,9.43743743743744
948,51,9.41033755274262,9.45098039215686,999,9.41241241241241
953,46,9.40923399790136,9.43478260869565,999,9.41041041041041
959,40,9.40667361835245,9.425,999,9.40740740740741
957,41,9.41274817136886,9.41463414634146,998,9.4128256513026
963,35,9.42367601246106,9.37142857142857,998,9.42184368737475
963,35,9.42471443406023,9.37142857142857,998,9.42284569138276
963,36,9.42159916926272,9.33333333333333,999,9.41841841841842
963,35,9.4257528556594,9.37142857142857,998,9.42384769539078
967,32,9.4105480868666,9.375,999,9.40940940940941
969,30,9.41073271413829,9.36666666666667,999,9.40940940940941
971,28,9.40473738414006,9.32142857142857,999,9.4024024024024
971,27,9.44078269824923,9.2962962962963,998,9.43687374749499
973,25,9.44501541623844,9.28,998,9.44088176352705
974,23,9.45585215605749,9.26086956521739,997,9.45135406218656
977,21,9.4503582395087,9.19047619047619,998,9.44488977955912
976,23,9.4344262295082,9.21739130434783,999,9.42942942942943
977,22,9.4575230296827,9.18181818181818,999,9.45145145145145
979,20,9.4514811031665,9.2,999,9.44644644644645
978,21,9.47443762781186,9.23809523809524,999,9.46946946946947
975,23,9.46358974358974,9.21739130434783,998,9.45791583166333
975,23,9.46871794871795,9.26086956521739,998,9.46392785571142
977,22,9.48004094165814,9.27272727272727,999,9.47547547547548
972,25,9.49588477366255,9.28,997,9.49047141424273
973,26,9.50462487153135,9.30769230769231,999,9.4994994994995
973,26,9.49948612538541,9.30769230769231,999,9.49449449449449
973,26,9.50565262076053,9.38461538461539,999,9.5025025025025
971,27,9.50360453141092,9.37037037037037,998,9.5
973,25,9.50359712230216,9.36,998,9.5
977,21,9.49232343909928,9.42857142857143,998,9.49098196392786
979,20,9.51378958120531,9.35,999,9.51051051051051
978,21,9.5040899795501,9.38095238095238,999,9.5015015015015
979,20,9.47599591419816,9.35,999,9.47347347347347
978,20,9.48670756646217,9.35,998,9.48396793587174
979,19,9.48008171603677,9.36842105263158,998,9.47795591182365
981,17,9.48929663608563,9.35294117647059,998,9.48697394789579
981,17,9.48623853211009,9.35294117647059,998,9.48396793587174
982,15,9.4826883910387,9.26666666666667,997,9.47943831494483
984,15,9.4979674796748,9.26666666666667,999,9.49449449449449
984,14,9.49186991869919,9.28571428571429,998,9.48897795591182
983,14,9.49135300101729,9.28571428571429,997,9.48846539618857
986,12,9.48174442190669,9.25,998,9.47895791583166
985,12,9.51167512690355,9.25,997,9.50852557673019
987,10,9.51469098277609,9.3,997,9.51253761283852
988,10,9.47975708502024,9.3,998,9.47795591182365
988,11,9.48481781376518,9.36363636363636,999,9.48348348348348
986,13,9.48985801217039,9.30769230769231,999,9.48748748748749
987,11,9.48125633232016,9.27272727272727,998,9.47895791583166
987,12,9.50253292806484,9.33333333333333,999,9.5005005005005
987,12,9.50759878419453,9.33333333333333,999,9.50550550550551
988,11,9.51214574898785,9.36363636363636,999,9.51051051051051
990,8,9.52020202020202,9.25,998,9.51803607214429
989,9,9.51466127401416,9.22222222222222,998,9.51202404809619
990,9,9.51616161616162,9.22222222222222,999,9.51351351351351
988,10,9.52024291497976,9.2,998,9.51703406813627
988,10,9.52327935222672,9.2,998,9.52004008016032
987,12,9.5096251266464,9.16666666666667,999,9.50550550550551
988,11,9.51417004048583,9.18181818181818,999,9.51051051051051
985,12,9.52690355329949,9.16666666666667,997,9.52256770310933
985,13,9.52893401015228,9.07692307692308,998,9.52304609218437
986,13,9.53245436105477,9.07692307692308,999,9.52652652652653
984,14,9.5640243902439,9.07142857142857,998,9.55711422845691
983,15,9.56358087487284,9.06666666666667,998,9.5561122244489
984,14,9.57215447154472,9.07142857142857,998,9.56513026052104
984,15,9.58536585365854,9.06666666666667,999,9.57757757757758
983,16,9.58697863682604,9.0625,999,9.57857857857858
985,14,9.59289340101523,9.0,999,9.58458458458458
986,13,9.60750507099391,9.0,999,9.5995995995996
986,13,9.60953346855984,9.0,999,9.6016016016016
986,13,9.62068965517241,9.0,999,9.61261261261261
986,12,9.62677484787018,9.0,998,9.61923847695391
988,11,9.63157894736842,9.0,999,9.62462462462462
986,13,9.64300202839757,9.0,999,9.63463463463463
986,11,9.6501014198783,9.0,997,9.64292878635908
987,12,9.64944275582573,9.0,999,9.64164164164164
987,12,9.63627152988855,9.0,999,9.62862862862863
985,14,9.63147208121827,9.0,999,9.62262262262262
984,13,9.6260162601626,9.0,997,9.61785356068205
982,15,9.62321792260692,9.0,997,9.61384152457372
984,15,9.62906504065041,9.0,999,9.61961961961962
984,15,9.62093495934959,9.0,999,9.61161161161161
981,18,9.63098878695209,9.0,999,9.61961961961962
980,18,9.64183673469388,9.0,998,9.63026052104208
981,17,9.62996941896025,9.0,998,9.61923847695391
981,17,9.62691131498471,9.0,998,9.61623246492986
980,18,9.63163265306122,9.0,998,9.62024048096192
980,18,9.62551020408163,9.0,998,9.61422845691383
980,18,9.62857142857143,9.0,998,9.61723446893788
985,13,9.64263959390863,9.0,998,9.63426853707415
985,14,9.63959390862944,9.0,999,9.63063063063063
985,14,9.64670050761421,9.0,999,9.63763763763764
983,16,9.64089521871821,9.0,999,9.63063063063063
983,15,9.64191251271617,9.0,998,9.63226452905812
983,15,9.64394710071211,9.0,998,9.63426853707415
983,15,9.63987792472024,9.0,998,9.63026052104208
984,15,9.65243902439024,9.0,999,9.64264264264264
983,16,9.65106815869786,9.0,999,9.64064064064064
978,18,9.64212678936605,9.0,996,9.63052208835341
983,16,9.6531027466938,9.0,999,9.64264264264264
984,15,9.64837398373984,9.0,999,9.63863863863864
985,14,9.65989847715736,9.0,999,9.65065065065065
985,13,9.65583756345178,9.0,998,9.64729458917836
989,10,9.65925176946411,9.0,999,9.65265265265265
989,10,9.6572295247725,9.0,999,9.65065065065065
988,11,9.66194331983806,9.0,999,9.65465465465465
989,10,9.66734074823054,9.0,999,9.66066066066066
988,11,9.67105263157895,9.0,999,9.66366366366366
986,11,9.67038539553753,9.0,997,9.6629889669007
987,12,9.67071935157042,9.0,999,9.66266266266266
987,12,9.69098277608916,9.0,999,9.68268268268268
985,14,9.69543147208122,9.0,999,9.68568568568569
985,14,9.69441624365482,9.0,999,9.68468468468468
985,12,9.68223350253807,9.0,997,9.6740220661986
985,12,9.68527918781726,9.0,997,9.67703109327984
985,14,9.68020304568528,9.0,999,9.67067067067067
987,12,9.67173252279635,9.0,999,9.66366366366366
986,13,9.67951318458418,9.0,999,9.67067067067067
986,13,9.69066937119675,9.0,999,9.68168168168168
986,12,9.68559837728195,9.0,998,9.67735470941884
988,11,9.6912955465587,9.0,999,9.68368368368368
989,10,9.685540950455,9.0,999,9.67867867867868
987,11,9.68895643363729,9.0,998,9.6813627254509
987,11,9.68996960486322,9.0,998,9.68236472945892
989,10,9.68958543983822,9.0,999,9.68268268268268
987,11,9.69300911854103,9.0,998,9.68537074148297
986,12,9.68559837728195,9.0,998,9.67735470941884
989,10,9.69969666329626,9.0,999,9.69269269269269
990,9,9.71717171717172,9.0,999,9.71071071071071
989,9,9.71688574317492,9.0,998,9.71042084168337
987,10,9.7274569402229,9.0,997,9.72016048144433
987,12,9.72948328267477,9.0,999,9.72072072072072
986,11,9.73022312373225,9.0,997,9.7221664994985
988,11,9.73076923076923,9.0,999,9.72272272272272
986,12,9.7342799188641,9.0,998,9.72545090180361
986,13,9.74036511156187,9.0,999,9.73073073073073
984,14,9.73170731707317,9.0,998,9.72144288577154
984,15,9.74186991869919,9.0,999,9.73073073073073
982,17,9.73523421588595,9.0,999,9.72272272272272
981,16,9.73802242609582,9.0,997,9.72617853560682
984,15,9.73882113821138,9.0,999,9.72772772772773
984,15,9.74695121951219,9.0,999,9.73573573573574
985,14,9.74010152284264,9.0,999,9.72972972972973
979,16,9.74361593462717,9.0,995,9.73165829145729
984,15,9.74390243902439,9.0,999,9.73273273273273
984,15,9.76016260162602,9.0,999,9.74874874874875
983,15,9.74974567650051,9.0,998,9.73847695390782
985,13,9.76243654822335,9.0,998,9.75250501002004
986,13,9.76369168356998,9.0,999,9.75375375375375
983,16,9.76297049847406,9.0,999,9.75075075075075
983,16,9.76805696846389,9.0,999,9.75575575575576
981,17,9.76860346585117,9.0,998,9.75551102204409
980,17,9.7734693877551,9.0,997,9.76028084252758
980,18,9.76938775510204,9.0,998,9.75551102204409
981,18,9.76554536187564,9.0,999,9.75175175175175
978,20,9.76482617586912,9.0,998,9.74949899799599
981,16,9.77777777777778,9.0,997,9.76529588766299
983,16,9.77721261444557,9.0,999,9.76476476476476
981,18,9.7737003058104,9.0,999,9.75975975975976
982,17,9.76985743380855,9.0,999,9.75675675675676
982,17,9.75763747454175,9.0,999,9.74474474474474
977,18,9.76560900716479,9.0,995,9.75175879396985
980,18,9.76122448979592,9.0,998,9.74749498997996
980,18,9.76122448979592,9.0,998,9.74749498997996
982,17,9.75763747454175,9.0,999,9.74474474474474
980,17,9.7530612244898,9.0,997,9.74022066198596
980,18,9.74183673469388,9.0,998,9.72845691382765
982,17,9.74236252545825,9.0,999,9.72972972972973
979,18,9.7538304392237,9.0,997,9.74022066198596
980,19,9.74897959183673,9.0,999,9.73473473473473
981,18,9.74413863404689,9.0,999,9.73073073073073
979,20,9.75178753830439,9.0,999,9.73673673673674
979,20,9.7538304392237,9.0,999,9.73873873873874
980,18,9.74285714285714,9.0,998,9.72945891783567
978,21,9.76482617586912,9.0,999,9.74874874874875
978,20,9.76278118609407,9.0,998,9.74749498997996
980,19,9.77142857142857,9.0,999,9.75675675675676
979,20,9.7732379979571,9.0,999,9.75775775775776
979,19,9.77017364657814,9.0,998,9.75551102204409
983,16,9.78636826042726,9.0,999,9.77377377377377
982,17,9.78513238289206,9.0,999,9.77177177177177
980,19,9.8,9.0,999,9.78478478478478
978,19,9.80368098159509,9.0,997,9.78836509528586
979,18,9.79877425944842,9.0,997,9.78435305917753
975,20,9.80410256410256,9.0,995,9.78793969849246
979,19,9.79775280898876,9.0,998,9.78256513026052
980,18,9.80204081632653,9.0,998,9.7875751503006
982,15,9.79938900203666,9.0,997,9.78736208625878
983,16,9.79145473041709,9.0,999,9.77877877877878
981,17,9.79102956167176,9.0,998,9.77755511022044
986,13,9.77383367139959,9.0,999,9.76376376376376
981,15,9.77675840978593,9.0,996,9.76506024096386
985,14,9.77258883248731,9.0,999,9.76176176176176
983,15,9.78433367243133,9.0,998,9.77254509018036
982,17,9.79022403258656,9.0,999,9.77677677677678
981,17,9.78083588175331,9.0,998,9.76753507014028
980,18,9.7765306122449,9.0,998,9.7625250501002
978,20,9.78425357873211,9.0,998,9.7685370741483
981,18,9.7737003058104,9.0,999,9.75975975975976
980,18,9.77448979591837,9.0,998,9.76052104208417
980,18,9.78367346938776,9.0,998,9.76953907815631
977,21,9.79324462640737,9.0,998,9.77655310621243
976,22,9.80020491803279,9.0,998,9.78256513026052
978,21,9.79754601226994,9.0,999,9.78078078078078
975,24,9.80512820512821,9.0,999,9.78578578578579
974,25,9.80184804928131,9.0,999,9.78178178178178
977,22,9.8085977482088,9.0,999,9.79079079079079
974,25,9.81519507186858,9.0,999,9.79479479479479
973,26,9.80575539568345,9.0,999,9.78478478478478
975,23,9.79897435897436,9.0,998,9.78056112224449
975,24,9.80717948717949,9.0,999,9.78778778778779
975,24,9.80512820512821,9.0,999,9.78578578578579
976,23,9.80430327868852,9.0,999,9.78578578578579
979,20,9.80694586312564,9.0,999,9.79079079079079
980,19,9.79387755102041,9.0,999,9.77877877877878
977,20,9.80655066530194,9.0,997,9.79037111334002
977,21,9.82292732855681,9.0,998,9.80561122244489
975,23,9.81435897435897,9.0,998,9.79559118236473
976,23,9.81454918032787,9.0,999,9.7957957957958
973,23,9.81089414182939,9.0,996,9.79216867469879
976,22,9.8125,9.0,998,9.79458917835671
977,22,9.81269191402252,9.0,999,9.79479479479479
980,19,9.81326530612245,9.0,999,9.7977977977978
980,19,9.81836734693877,9.0,999,9.8028028028028
983,16,9.81383519837233,9.0,999,9.8008008008008
986,13,9.82352941176471,9.0,999,9.81281281281281
987,11,9.8257345491388,9.0,998,9.81663326653307
986,12,9.83062880324544,9.0,998,9.82064128256513
985,13,9.83553299492386,9.0,998,9.82464929859719
986,13,9.8316430020284,9.0,999,9.82082082082082
985,14,9.82741116751269,9.0,999,9.81581581581582
983,13,9.82706002034588,9.0,996,9.81626506024096
986,13,9.8367139959432,9.0,999,9.82582582582583
983,15,9.83418107833164,9.0,998,9.82164328657315
985,14,9.82944162436548,9.0,999,9.81781781781782
985,13,9.83756345177665,9.0,998,9.82665330661323
984,15,9.84247967479675,9.0,999,9.82982982982983
984,14,9.84552845528455,9.0,998,9.83366733466934
987,12,9.84701114488348,9.0,999,9.83683683683684
987,12,9.85207700101317,9.0,999,9.84184184184184
987,12,9.85714285714286,9.0,999,9.84684684684685
988,11,9.86032388663968,9.0,999,9.85085085085085
986,13,9.86409736308316,9.0,999,9.85285285285285
987,12,9.86524822695035,9.0,999,9.85485485485485
987,12,9.86828774062817,9.0,999,9.85785785785786
984,13,9.87195121951219,9.0,997,9.86058174523571
986,13,9.87423935091278,9.0,999,9.86286286286286
987,11,9.87639311043566,9.0,998,9.86673346693387
989,9,9.87462082912032,9.0,998,9.86673346693387
991,8,9.87891019172553,9.0,999,9.87187187187187
991,7,9.87790110998991,9.0,998,9.87174348697395
992,7,9.87399193548387,9.0,999,9.86786786786787
992,7,9.875,9.0,999,9.86886886886887
994,5,9.8692152917505,9.0,999,9.86486486486486
994,5,9.86619718309859,9.0,999,9.86186186186186
994,4,9.8682092555332,9.0,998,9.86472945891784
994,3,9.86619718309859,9.0,997,9.86359077231695
995,2,9.87638190954774,9.0,997,9.87462387161484
998,1,9.86673346693387,9.0,999,9.86586586586587
998,1,9.86773547094188,9.0,999,9.86686686686687
998,1,9.87775551102204,9.0,999,9.87687687687688
997,1,9.86659979939819,9.0,998,9.86573146292585
996,2,9.86546184738956,9.0,998,9.86372745490982
996,2,9.85943775100402,9.0,998,9.85771543086172
997,2,9.84854563691073,9.0,999,9.84684684684685
995,3,9.85427135678392,9.0,998,9.85170340681363
996,3,9.85140562248996,9.0,999,9.84884884884885
996,3,9.85943775100402,9.0,999,9.85685685685686
994,4,9.86217303822938,9.0,998,9.85871743486974
993,4,9.85901309164149,9.0,997,9.8555667001003
992,4,9.86290322580645,9.0,996,9.85943775100402
993,4,9.87009063444109,9.0,997,9.86659979939819
994,5,9.86619718309859,9.0,999,9.86186186186186
995,4,9.86834170854271,9.0,999,9.86486486486486
994,4,9.86016096579477,9.0,998,9.85671342685371
993,5,9.87009063444109,9.0,998,9.86573146292585
990,5,9.86666666666667,9.0,995,9.86231155778894
994,5,9.86418511066398,9.0,999,9.85985985985986
992,6,9.87298387096774,9.0,998,9.86773547094188
993,5,9.87009063444109,9.0,998,9.86573146292585
994,5,9.87323943661972,9.0,999,9.86886886886887
993,4,9.87915407854985,9.0,997,9.87562688064193
995,4,9.87437185929648,9.0,999,9.87087087087087
996,3,9.88755020080321,9.0,999,9.88488488488488
996,3,9.88253012048193,9.0,999,9.87987987987988
997,1,9.87863590772317,9.0,998,9.87775551102204
998,1,9.87975951903808,9.0,999,9.87887887887888
997,1,9.87763289869609,9.0,998,9.87675350701403
997,1,9.8826479438315,9.0,998,9.88176352705411
998,1,9.88476953907816,9.0,999,9.88388388388388
998,1,9.88376753507014,9.0,999,9.88288288288288
997,1,9.88665997993982,9.0,998,9.88577154308617
997,1,9.8876629889669,9.0,998,9.88677354709419
997,1,9.88365095285858,9.0,998,9.88276553106212
998,1,9.88777555110221,9.0,999,9.88688688688689
997,1,9.89368104312939,9.0,998,9.89278557114229
998,1,9.89178356713427,9.0,999,9.89089089089089
997,1,9.88565697091274,9.0,998,9.88476953907816
997,1,9.88866599799398,9.0,998,9.88777555110221
998,1,9.88577154308617,9.0,999,9.88488488488488
996,1,9.8925702811245,9.0,997,9.89167502507523
996,2,9.90160642570281,9.0,998,9.8997995991984
999,0,9.89289289289289,NaN,999,9.89289289289289
997,0,9.89167502507523,NaN,997,9.89167502507523
998,0,9.88877755511022,NaN,998,9.88877755511022
999,0,9.88788788788789,NaN,999,9.88788788788789
998,0,9.88877755511022,NaN,998,9.88877755511022
999,0,9.88888888888889,NaN,999,9.88888888888889
998,0,9.88176352705411,NaN,998,9.88176352705411
999,0,9.87287287287287,NaN,999,9.87287287287287
999,0,9.86986986986987,NaN,999,9.86986986986987
998,0,9.87074148296593,NaN,998,9.87074148296593
999,0,9.87387387387387,NaN,999,9.87387387387387
998,0,9.87374749498998,NaN,998,9.87374749498998
998,0,9.87675350701403,NaN,998,9.87675350701403
998,0,9.88276553106212,NaN,998,9.88276553106212
999,0,9.87787787787788,NaN,999,9.87787787787788
999,0,9.88388388388388,NaN,999,9.88388388388388
998,0,9.88577154308617,NaN,998,9.88577154308617
999,0,9.8958958958959,NaN,999,9.8958958958959
999,0,9.89189189189189,NaN,999,9.89189189189189
998,0,9.89679358717435,NaN,998,9.89679358717435
999,0,9.88988988988989,NaN,999,9.88988988988989
999,0,9.89389389389389,NaN,999,9.89389389389389
999,0,9.89489489489489,NaN,999,9.89489489489489
999,0,9.90690690690691,NaN,999,9.90690690690691
997,0,9.90571715145436,NaN,997,9.90571715145436
998,0,9.90080160320641,NaN,998,9.90080160320641
999,0,9.9039039039039,NaN,999,9.9039039039039
999,0,9.9019019019019,NaN,999,9.9019019019019
999,0,9.91091091091091,NaN,999,9.91091091091091
999,0,9.90690690690691,NaN,999,9.90690690690691
999,0,9.91091091091091,NaN,999,9.91091091091091
999,0,9.91191191191191,NaN,999,9.91191191191191
999,0,9.91091091091091,NaN,999,9.91091091091091
998,0,9.90881763527054,NaN,998,9.90881763527054
999,0,9.90690690690691,NaN,999,9.90690690690691
998,0,9.91082164328657,NaN,998,9.91082164328657
998,0,9.91482965931864,NaN,998,9.91482965931864
998,0,9.90881763527054,NaN,998,9.90881763527054
999,0,9.91291291291291,NaN,999,9.91291291291291
997,0,9.90972918756269,NaN,997,9.90972918756269
999,0,9.91591591591592,NaN,999,9.91591591591592
998,0,9.91783567134268,NaN,998,9.91783567134268
999,0,9.91391391391391,NaN,999,9.91391391391391
999,0,9.91391391391391,NaN,999,9.91391391391391
998,0,9.91583166332665,NaN,998,9.91583166332665
999,0,9.92292292292292,NaN,999,9.92292292292292
999,0,9.92592592592593,NaN,999,9.92592592592593
999,0,9.93093093093093,NaN,999,9.93093093093093
999,0,9.93193193193193,NaN,999,9.93193193193193
998,0,9.93486973947896,NaN,998,9.93486973947896
999,0,9.92892892892893,NaN,999,9.92892892892893
997,0,9.92577733199599,NaN,997,9.92577733199599
999,0,9.93193193193193,NaN,999,9.93193193193193
997,0,9.92778335005015,NaN,997,9.92778335005015
998,0,9.92785571142285,NaN,998,9.92785571142285
999,0,9.92492492492492,NaN,999,9.92492492492492
998,0,9.9248496993988,NaN,998,9.9248496993988
998,0,9.92384769539078,NaN,998,9.92384769539078
998,0,9.92384769539078,NaN,998,9.92384769539078
999,0,9.92592592592593,NaN,999,9.92592592592593
999,0,9.92392392392392,NaN,999,9.92392392392392
998,0,9.92585170340681,NaN,998,9.92585170340681
999,0,9.92192192192192,NaN,999,9.92192192192192
997,0,9.92577733199599,NaN,997,9.92577733199599
998,0,9.92785571142285,NaN,998,9.92785571142285
999,0,9.92892892892893,NaN,999,9.92892892892893
999,0,9.93093093093093,NaN,999,9.93093093093093
999,0,9.92692692692693,NaN,999,9.92692692692693
999,0,9.92792792792793,NaN,999,9.92792792792793
998,0,9.92685370741483,NaN,998,9.92685370741483
999,0,9.92992992992993,NaN,999,9.92992992992993
998,0,9.92785571142285,NaN,998,9.92785571142285
999,0,9.93193193193193,NaN,999,9.93193193193193
999,0,9.92992992992993,NaN,999,9.92992992992993
998,0,9.92685370741483,NaN,998,9.92685370741483
998,0,9.93186372745491,NaN,998,9.93186372745491
998,0,9.93787575150301,NaN,998,9.93787575150301
998,0,9.93787575150301,NaN,998,9.93787575150301
999,0,9.94094094094094,NaN,999,9.94094094094094
998,0,9.94088176352705,NaN,998,9.94088176352705
999,0,9.94194194194194,NaN,999,9.94194194194194
999,0,9.94294294294294,NaN,999,9.94294294294294
999,0,9.94494494494494,NaN,999,9.94494494494494
997,0,9.94784353059178,NaN,997,9.94784353059178
998,0,9.94789579158317,NaN,998,9.94789579158317
999,0,9.94394394394394,NaN,999,9.94394394394394
999,0,9.94894894894895,NaN,999,9.94894894894895
999,0,9.94594594594595,NaN,999,9.94594594594595
999,0,9.94894894894895,NaN,999,9.94894894894895
997,0,9.94182547642929,NaN,997,9.94182547642929
998,0,9.9438877755511,NaN,998,9.9438877755511
999,0,9.94194194194194,NaN,999,9.94194194194194
998,0,9.92985971943888,NaN,998,9.92985971943888
999,0,9.92992992992993,NaN,999,9.92992992992993
998,0,9.92885771543086,NaN,998,9.92885771543086
998,0,9.93086172344689,NaN,998,9.93086172344689
999,0,9.92792792792793,NaN,999,9.92792792792793
997,0,9.92176529588766,NaN,997,9.92176529588766
999,0,9.92592592592593,NaN,999,9.92592592592593
999,0,9.92092092092092,NaN,999,9.92092092092092
999,0,9.92192192192192,NaN,999,9.92192192192192
999,0,9.91891891891892,NaN,999,9.91891891891892
999,0,9.91891891891892,NaN,999,9.91891891891892
999,0,9.91391391391391,NaN,999,9.91391391391391
999,0,9.91691691691692,NaN,999,9.91691691691692
999,0,9.91191191191191,NaN,999,9.91191191191191
996,0,9.91767068273092,NaN,996,9.91767068273092
999,0,9.91691691691692,NaN,999,9.91691691691692
996,0,9.91465863453815,NaN,996,9.91465863453815
999,0,9.91691691691692,NaN,999,9.91691691691692
998,0,9.91783567134268,NaN,998,9.91783567134268
999,0,9.92592592592593,NaN,999,9.92592592592593
999,0,9.92192192192192,NaN,999,9.92192192192192
998,0,9.92384769539078,NaN,998,9.92384769539078
999,0,9.92592592592593,NaN,999,9.92592592592593
997,0,9.92477432296891,NaN,997,9.92477432296891
997,0,9.92276830491474,NaN,997,9.92276830491474
999,0,9.93193193193193,NaN,999,9.93193193193193
999,0,9.93493493493493,NaN,999,9.93493493493493
997,0,9.93380140421264,NaN,997,9.93380140421264
998,0,9.93787575150301,NaN,998,9.93787575150301
998,0,9.93987975951904,NaN,998,9.93987975951904
997,0,9.9358074222668,NaN,997,9.9358074222668
999,0,9.93593593593594,NaN,999,9.93593593593594
998,0,9.93587174348697,NaN,998,9.93587174348697
999,0,9.93193193193193,NaN,999,9.93193193193193
999,0,9.93693693693694,NaN,999,9.93693693693694
997,0,9.93681043129388,NaN,997,9.93681043129388
998,0,9.93286573146293,NaN,998,9.93286573146293
998,0,9.93286573146293,NaN,998,9.93286573146293
999,0,9.93093093093093,NaN,999,9.93093093093093
998,0,9.92685370741483,NaN,998,9.92685370741483
997,0,9.92778335005015,NaN,997,9.92778335005015
998,0,9.92985971943888,NaN,998,9.92985971943888
998,0,9.93286573146293,NaN,998,9.93286573146293
999,0,9.93093093093093,NaN,999,9.93093093093093
996,0,9.92871485943775,NaN,996,9.92871485943775
998,0,9.93486973947896,NaN,998,9.93486973947896
998,0,9.93486973947896,NaN,998,9.93486973947896
999,0,9.93093093093093,NaN,999,9.93093093093093
998,0,9.92985971943888,NaN,998,9.92985971943888
997,0,9.93179538615848,NaN,997,9.93179538615848
998,0,9.93286573146293,NaN,998,9.93286573146293
998,0,9.92785571142285,NaN,998,9.92785571142285
999,0,9.93293293293293,NaN,999,9.93293293293293
999,0,9.93293293293293,NaN,999,9.93293293293293
996,0,9.93172690763052,NaN,996,9.93172690763052
997,0,9.93480441323972,NaN,997,9.93480441323972
998,0,9.9438877755511,NaN,998,9.9438877755511
999,0,9.94394394394394,NaN,999,9.94394394394394
999,0,9.94494494494494,NaN,999,9.94494494494494
998,0,9.94288577154309,NaN,998,9.94288577154309
998,0,9.94088176352705,NaN,998,9.94088176352705
998,0,9.9438877755511,NaN,998,9.9438877755511
997,0,9.94282848545637,NaN,997,9.94282848545637
997,0,9.94684052156469,NaN,997,9.94684052156469
999,0,9.95095095095095,NaN,999,9.95095095095095
999,0,9.95495495495495,NaN,999,9.95495495495495
998,0,9.95290581162325,NaN,998,9.95290581162325
999,0,9.95395395395395,NaN,999,9.95395395395395
998,0,9.95691382765531,NaN,998,9.95691382765531
997,0,9.95486459378134,NaN,997,9.95486459378134
999,0,9.95495495495495,NaN,999,9.95495495495495
999,0,9.95095095095095,NaN,999,9.95095095095095
998,0,9.95090180360721,NaN,998,9.95090180360721
999,0,9.95595595595596,NaN,999,9.95595595595596
998,0,9.95591182364729,NaN,998,9.95591182364729
998,0,9.95791583166333,NaN,998,9.95791583166333
997,0,9.95887662988967,NaN,997,9.95887662988967
996,0,9.96385542168675,NaN,996,9.96385542168675
998,0,9.96693386773547,NaN,998,9.96693386773547
999,0,9.96496496496496,NaN,999,9.96496496496496
999,0,9.96596596596597,NaN,999,9.96596596596597
999,0,9.96596596596597,NaN,999,9.96596596596597
998,0,9.96993987975952,NaN,998,9.96993987975952
999,0,9.96796796796797,NaN,999,9.96796796796797
999,0,9.96896896896897,NaN,999,9.96896896896897
999,0,9.96896896896897,NaN,999,9.96896896896897
998,0,9.96793587174349,NaN,998,9.96793587174349
999,0,9.96996996996997,NaN,999,9.96996996996997
998,0,9.96693386773547,NaN,998,9.96693386773547
997,0,9.96489468405216,NaN,997,9.96489468405216
997,0,9.96589769307924,NaN,997,9.96589769307924
999,0,9.96696696696697,NaN,999,9.96696696696697
999,0,9.96296296296296,NaN,999,9.96296296296296
998,0,9.96092184368737,NaN,998,9.96092184368737
998,0,9.95891783567134,NaN,998,9.95891783567134
999,0,9.95695695695696,NaN,999,9.95695695695696
999,0,9.95895895895896,NaN,999,9.95895895895896
999,0,9.95895895895896,NaN,999,9.95895895895896
998,0,9.95991983967936,NaN,998,9.95991983967936
998,0,9.96492985971944,NaN,998,9.96492985971944
999,0,9.96496496496496,NaN,999,9.96496496496496
999,0,9.96596596596597,NaN,999,9.96596596596597
999,0,9.96596596596597,NaN,999,9.96596596596597
999,0,9.96596596596597,NaN,999,9.96596596596597
999,0,9.96596596596597,NaN,999,9.96596596596597
999,0,9.96296296296296,NaN,999,9.96296296296296
998,0,9.96192384769539,NaN,998,9.96192384769539
998,0,9.96192384769539,NaN,998,9.96192384769539
998,0,9.95691382765531,NaN,998,9.95691382765531
999,0,9.95895895895896,NaN,999,9.95895895895896
999,0,9.95495495495495,NaN,999,9.95495495495495
998,0,9.95691382765531,NaN,998,9.95691382765531
999,0,9.95795795795796,NaN,999,9.95795795795796
998,0,9.95691382765531,NaN,998,9.95691382765531
997,0,9.95787362086259,NaN,997,9.95787362086259
998,0,9.95591182364729,NaN,998,9.95591182364729
999,0,9.95695695695696,NaN,999,9.95695695695696
999,0,9.95295295295295,NaN,999,9.95295295295295
999,0,9.94994994994995,NaN,999,9.94994994994995
998,0,9.9498997995992,NaN,998,9.9498997995992
997,0,9.94684052156469,NaN,997,9.94684052156469
998,0,9.94789579158317,NaN,998,9.94789579158317
998,0,9.95190380761523,NaN,998,9.95190380761523
998,0,9.95390781563126,NaN,998,9.95390781563126
998,0,9.95090180360721,NaN,998,9.95090180360721
998,0,9.9498997995992,NaN,998,9.9498997995992
998,0,9.94889779559118,NaN,998,9.94889779559118
998,0,9.94889779559118,NaN,998,9.94889779559118
996,0,9.94979919678715,NaN,996,9.94979919678715
999,0,9.94894894894895,NaN,999,9.94894894894895
997,0,9.94684052156469,NaN,997,9.94684052156469
999,0,9.94994994994995,NaN,999,9.94994994994995
998,0,9.95090180360721,NaN,998,9.95090180360721
998,0,9.94889779559118,NaN,998,9.94889779559118
999,0,9.95195195195195,NaN,999,9.95195195195195
999,0,9.94794794794795,NaN,999,9.94794794794795
999,0,9.94694694694695,NaN,999,9.94694694694695
997,0,9.94282848545637,NaN,997,9.94282848545637
999,0,9.94594594594595,NaN,999,9.94594594594595
999,0,9.94494494494494,NaN,999,9.94494494494494
999,0,9.94394394394394,NaN,999,9.94394394394394
997,0,9.94784353059178,NaN,997,9.94784353059178
999,0,9.94994994994995,NaN,999,9.94994994994995
998,0,9.94889779559118,NaN,998,9.94889779559118
999,0,9.95095095095095,NaN,999,9.95095095095095
999,0,9.95095095095095,NaN,999,9.95095095095095
998,0,9.9498997995992,NaN,998,9.9498997995992
999,0,9.94994994994995,NaN,999,9.94994994994995
999,0,9.95395395395395,NaN,999,9.95395395395395
998,0,9.94889779559118,NaN,998,9.94889779559118
999,0,9.95095095095095,NaN,999,9.95095095095095
999,0,9.94994994994995,NaN,999,9.94994994994995
999,0,9.94694694694695,NaN,999,9.94694694694695
999,0,9.94494494494494,NaN,999,9.94494494494494
998,0,9.94689378757515,NaN,998,9.94689378757515
998,0,9.94889779559118,NaN,998,9.94889779559118
999,0,9.94694694694695,NaN,999,9.94694694694695
999,0,9.94694694694695,NaN,999,9.94694694694695
998,0,9.94589178356713,NaN,998,9.94589178356713
999,0,9.94894894894895,NaN,999,9.94894894894895
999,0,9.94794794794795,NaN,999,9.94794794794795
999,0,9.94994994994995,NaN,999,9.94994994994995
998,0,9.95190380761523,NaN,998,9.95190380761523
997,0,9.94884653961886,NaN,997,9.94884653961886
999,0,9.94994994994995,NaN,999,9.94994994994995
999,0,9.94294294294294,NaN,999,9.94294294294294
999,0,9.94794794794795,NaN,999,9.94794794794795
999,0,9.94594594594595,NaN,999,9.94594594594595
998,0,9.94488977955912,NaN,998,9.94488977955912
998,0,9.94589178356713,NaN,998,9.94589178356713
997,0,9.94082246740221,NaN,997,9.94082246740221
998,0,9.94088176352705,NaN,998,9.94088176352705
999,0,9.93993993993994,NaN,999,9.93993993993994
998,0,9.93787575150301,NaN,998,9.93787575150301
998,0,9.93687374749499,NaN,998,9.93687374749499
999,0,9.93693693693694,NaN,999,9.93693693693694
996,0,9.93674698795181,NaN,996,9.93674698795181
999,0,9.93793793793794,NaN,999,9.93793793793794
999,0,9.93593593593594,NaN,999,9.93593593593594
999,0,9.93193193193193,NaN,999,9.93193193193193
999,0,9.93393393393393,NaN,999,9.93393393393393
999,0,9.93593593593594,NaN,999,9.93593593593594
997,0,9.93380140421264,NaN,997,9.93380140421264
998,0,9.93286573146293,NaN,998,9.93286573146293
999,0,9.92892892892893,NaN,999,9.92892892892893
999,0,9.92792792792793,NaN,999,9.92792792792793
997,0,9.92878635907723,NaN,997,9.92878635907723
997,0,9.92377131394183,NaN,997,9.92377131394183
998,0,9.92384769539078,NaN,998,9.92384769539078
998,0,9.92585170340681,NaN,998,9.92585170340681
997,0,9.93179538615848,NaN,997,9.93179538615848
999,0,9.92892892892893,NaN,999,9.92892892892893
998,0,9.93787575150301,NaN,998,9.93787575150301
999,0,9.93793793793794,NaN,999,9.93793793793794
998,0,9.93987975951904,NaN,998,9.93987975951904
998,0,9.94088176352705,NaN,998,9.94088176352705
998,0,9.9438877755511,NaN,998,9.9438877755511
998,0,9.94488977955912,NaN,998,9.94488977955912
997,0,9.94583751253761,NaN,997,9.94583751253761
998,0,9.94789579158317,NaN,998,9.94789579158317
999,0,9.95095095095095,NaN,999,9.95095095095095
999,0,9.95395395395395,NaN,999,9.95395395395395
999,0,9.95195195195195,NaN,999,9.95195195195195
998,0,9.95591182364729,NaN,998,9.95591182364729
999,0,9.95495495495495,NaN,999,9.95495495495495
996,0,9.95783132530121,NaN,996,9.95783132530121
999,0,9.95895895895896,NaN,999,9.95895895895896
996,0,9.95682730923695,NaN,996,9.95682730923695
997,0,9.95787362086259,NaN,997,9.95787362086259
998,0,9.95691382765531,NaN,998,9.95691382765531
999,0,9.95795795795796,NaN,999,9.95795795795796
999,0,9.95695695695696,NaN,999,9.95695695695696
999,0,9.95995995995996,NaN,999,9.95995995995996
999,0,9.95795795795796,NaN,999,9.95795795795796
998,0,9.96092184368737,NaN,998,9.96092184368737
999,0,9.95795795795796,NaN,999,9.95795795795796
999,0,9.95995995995996,NaN,999,9.95995995995996
998,0,9.96192384769539,NaN,998,9.96192384769539
998,0,9.95791583166333,NaN,998,9.95791583166333
996,0,9.95883534136546,NaN,996,9.95883534136546
998,0,9.95891783567134,NaN,998,9.95891783567134
999,0,9.95995995995996,NaN,999,9.95995995995996
999,0,9.96396396396396,NaN,999,9.96396396396396
998,0,9.96392785571142,NaN,998,9.96392785571142
997,0,9.96389167502508,NaN,997,9.96389167502508
999,0,9.96496496496496,NaN,999,9.96496496496496
996,0,9.964859437751,NaN,996,9.964859437751
998,0,9.96492985971944,NaN,998,9.96492985971944
999,0,9.96696696696697,NaN,999,9.96696696696697
998,0,9.96693386773547,NaN,998,9.96693386773547
996,0,9.96385542168675,NaN,996,9.96385542168675
997,0,9.9679037111334,NaN,997,9.9679037111334
999,0,9.96396396396396,NaN,999,9.96396396396396
998,0,9.96292585170341,NaN,998,9.96292585170341
997,0,9.96188565697091,NaN,997,9.96188565697091
999,0,9.96296296296296,NaN,999,9.96296296296296
999,0,9.96496496496496,NaN,999,9.96496496496496
998,0,9.96593186372746,NaN,998,9.96593186372746
998,0,9.9689378757515,NaN,998,9.9689378757515
999,0,9.97197197197197,NaN,999,9.97197197197197
999,0,9.97197197197197,NaN,999,9.97197197197197
997,0,9.96890672016048,NaN,997,9.96890672016048
999,0,9.96896896896897,NaN,999,9.96896896896897
999,0,9.96896896896897,NaN,999,9.96896896896897
998,0,9.97094188376754,NaN,998,9.97094188376754
997,0,9.96990972918756,NaN,997,9.96990972918756
998,0,9.97194388777555,NaN,998,9.97194388777555
998,0,9.97194388777555,NaN,998,9.97194388777555
999,0,9.97097097097097,NaN,999,9.97097097097097
999,0,9.96896896896897,NaN,999,9.96896896896897
998,0,9.97394789579158,NaN,998,9.97394789579158
998,0,9.97595190380762,NaN,998,9.97595190380762
999,0,9.97797797797798,NaN,999,9.97797797797798
999,0,9.98098098098098,NaN,999,9.98098098098098
999,0,9.97997997997998,NaN,999,9.97997997997998
999,0,9.97997997997998,NaN,999,9.97997997997998
997,0,9.98194583751254,NaN,997,9.98194583751254
999,0,9.98098098098098,NaN,999,9.98098098098098
998,0,9.9809619238477,NaN,998,9.9809619238477
999,0,9.97897897897898,NaN,999,9.97897897897898
998,0,9.97995991983968,NaN,998,9.97995991983968
999,0,9.98098098098098,NaN,999,9.98098098098098
998,0,9.98296593186373,NaN,998,9.98296593186373
999,0,9.98498498498498,NaN,999,9.98498498498498
999,0,9.98298298298298,NaN,999,9.98298298298298
995,0,9.98291457286432,NaN,995,9.98291457286432
998,0,9.98396793587174,NaN,998,9.98396793587174
999,0,9.98498498498498,NaN,999,9.98498498498498
993,0,9.98590130916415,NaN,993,9.98590130916415
999,0,9.98498498498498,NaN,999,9.98498498498498
999,0,9.98198198198198,NaN,999,9.98198198198198
998,0,9.98296593186373,NaN,998,9.98296593186373
997,0,9.98294884653962,NaN,997,9.98294884653962
999,0,9.98098098098098,NaN,999,9.98098098098098
998,0,9.97895791583166,NaN,998,9.97895791583166
999,0,9.97497497497497,NaN,999,9.97497497497497
999,0,9.97497497497497,NaN,999,9.97497497497497
998,0,9.97394789579158,NaN,998,9.97394789579158
999,0,9.97297297297297,NaN,999,9.97297297297297
998,0,9.97394789579158,NaN,998,9.97394789579158
999,0,9.97197197197197,NaN,999,9.97197197197197
999,0,9.97497497497497,NaN,999,9.97497497497497
999,0,9.97397397397397,NaN,999,9.97397397397397
998,0,9.9749498997996,NaN,998,9.9749498997996
997,0,9.97793380140421,NaN,997,9.97793380140421
997,0,9.97693079237713,NaN,997,9.97693079237713
998,0,9.97795591182365,NaN,998,9.97795591182365
999,0,9.97897897897898,NaN,999,9.97897897897898
998,0,9.97895791583166,NaN,998,9.97895791583166
999,0,9.97997997997998,NaN,999,9.97997997997998
998,0,9.98196392785571,NaN,998,9.98196392785571
999,0,9.98298298298298,NaN,999,9.98298298298298
998,0,9.98396793587174,NaN,998,9.98396793587174
996,0,9.98293172690763,NaN,996,9.98293172690763
998,0,9.98296593186373,NaN,998,9.98296593186373
999,0,9.98398398398398,NaN,999,9.98398398398398
999,0,9.98198198198198,NaN,999,9.98198198198198
999,0,9.97997997997998,NaN,999,9.97997997997998
999,0,9.97897897897898,NaN,999,9.97897897897898
998,0,9.97795591182365,NaN,998,9.97795591182365
997,0,9.98595787362086,NaN,997,9.98595787362086
999,0,9.98498498498498,NaN,999,9.98498498498498
997,0,9.98294884653962,NaN,997,9.98294884653962
998,0,9.98196392785571,NaN,998,9.98196392785571
996,0,9.98293172690763,NaN,996,9.98293172690763
999,0,9.98198198198198,NaN,999,9.98198198198198
999,0,9.98298298298298,NaN,999,9.98298298298298
