forward_num,reverse_num,forward_rate,reverse_rate,organism_num,organism_rate
500,500,5.5,5.5,1000,5.5
496,492,5.49395161290323,5.49186991869919,988,5.49291497975709
493,488,5.49898580121704,5.50614754098361,981,5.50254841997961
546,451,6.07692307692308,5.49223946784922,997,5.81243731193581
581,417,6.184165232358,5.48920863309352,998,5.8937875751503
615,383,6.28130081300813,5.50913838120104,998,5.98496993987976
653,345,6.27105666156202,5.51884057971014,998,6.01102204408818
672,326,6.27976190476191,5.47852760736196,998,6.01803607214429
697,302,6.3974175035868,5.44701986754967,999,6.11011011011011
709,290,6.46967559943583,5.39655172413793,999,6.15815815815816
681,318,6.60499265785609,5.07232704402516,999,6.11711711711712
707,291,6.42291371994342,5.05498281786942,998,6.02404809619238
687,311,6.56186317321689,4.88424437299035,998,6.03907815631263
660,339,6.59242424242424,5.31563421828909,999,6.15915915915916
669,330,6.57847533632287,5.41515151515152,999,6.19419419419419
669,330,6.69506726457399,5.43636363636364,999,6.27927927927928
645,354,6.73333333333333,5.51977401129944,999,6.3033033033033
640,358,6.7609375,5.66201117318436,998,6.36673346693387
656,343,6.85365853658537,5.66180758017493,999,6.44444444444444
629,369,6.8966613672496,5.92953929539295,998,6.53907815631263
642,356,7.06542056074766,5.90168539325843,998,6.6503006012024
648,347,6.84876543209877,5.93083573487032,995,6.5286432160804
644,355,6.90683229813665,5.96056338028169,999,6.57057057057057
649,350,6.96764252696456,5.99714285714286,999,6.62762762762763
663,335,7.03469079939668,6.05970149253731,998,6.70741482965932
668,331,7.0748502994012,5.99093655589124,999,6.71571571571572
664,334,7.10240963855422,6.15568862275449,998,6.78557114228457
675,324,7.14666666666667,6.10185185185185,999,6.80780780780781
681,318,7.17033773861968,6.13207547169811,999,6.83983983983984
684,314,7.19590643274854,6.18471337579618,998,6.87775551102204
684,314,7.26169590643275,6.15605095541401,998,6.91382765531062
688,311,7.35174418604651,6.27331189710611,999,7.01601601601602
680,318,7.38676470588235,6.27672955974843,998,7.03306613226453
686,311,7.44460641399417,6.35048231511254,997,7.10330992978937
693,306,7.47474747474747,6.43790849673203,999,7.15715715715716
694,305,7.56916426512968,6.47868852459016,999,7.23623623623624
695,303,7.58705035971223,6.46204620462046,998,7.24549098196393
691,308,7.59334298118669,6.6461038961039,999,7.3013013013013
695,303,7.64460431654676,6.66666666666667,998,7.34769539078156
697,302,7.65997130559541,6.61920529801325,999,7.34534534534535
680,318,7.62941176470588,6.69182389937107,998,7.33066132264529
686,312,7.66909620991254,6.49358974358974,998,7.30160320641283
677,321,7.64844903988183,6.57009345794393,998,7.30160320641283
680,318,7.64852941176471,6.66352201257862,998,7.33466933867735
695,304,7.65467625899281,6.74671052631579,999,7.37837837837838
694,305,7.62824207492795,6.77377049180328,999,7.36736736736737
698,300,7.64183381088825,6.80333333333333,998,7.38977955911824
704,292,7.61647727272727,6.90753424657534,996,7.40863453815261
709,290,7.68406205923836,6.88965517241379,999,7.45345345345345
708,291,7.71751412429379,6.87285223367698,999,7.47147147147147
711,287,7.74120956399437,6.90940766550523,998,7.50200400801603
700,299,7.75571428571429,6.98996655518395,999,7.52652652652653
704,295,7.79971590909091,7.09152542372881,999,7.59059059059059
707,291,7.85714285714286,7.09621993127148,998,7.63527054108216
714,285,7.83053221288515,7.07719298245614,999,7.61561561561562
714,285,7.88095238095238,7.08421052631579,999,7.65365365365365
713,282,7.85974754558205,7.18794326241135,995,7.66934673366834
723,274,7.86307053941909,7.13868613138686,997,7.66399197592778
713,286,7.90603085553997,7.18881118881119,999,7.7007007007007
712,287,7.88904494382022,7.16376306620209,999,7.68068068068068
710,289,7.90140845070423,7.19723183391003,999,7.6976976976977
714,284,7.86274509803922,7.16197183098592,998,7.66332665330661
716,281,7.8854748603352,7.15302491103203,997,7.679037111334
728,271,7.87362637362637,7.21771217712177,999,7.6956956956957
730,268,7.90547945205479,7.21268656716418,998,7.71943887775551
732,267,7.93032786885246,7.32958801498127,999,7.76976976976977
743,254,7.90174966352625,7.32677165354331,997,7.75526579739218
741,257,7.83805668016194,7.40077821011673,998,7.72545090180361
741,257,7.8974358974359,7.45136186770428,998,7.78256513026052
740,259,7.95,7.32046332046332,999,7.78678678678679
737,261,7.94708276797829,7.42145593869732,998,7.80961923847695
737,261,7.97829036635007,7.44444444444444,998,7.83867735470942
736,263,8.00679347826087,7.55133079847909,999,7.88688688688689
739,260,8.04871447902571,7.46153846153846,999,7.8958958958959
739,260,8.07983761840325,7.61923076923077,999,7.95995995995996
740,259,8.08918918918919,7.56756756756757,999,7.95395395395395
737,260,8.08141112618724,7.57692307692308,997,7.94984954864594
747,251,8.11646586345381,7.58565737051793,998,7.98296593186373
752,244,8.13164893617021,7.61065573770492,996,8.00401606425703
742,254,8.17789757412399,7.51574803149606,996,8.00903614457831
750,249,8.164,7.46586345381526,999,7.98998998998999
748,251,8.21657754010695,7.43426294820717,999,8.02002002002002
748,251,8.23395721925134,7.52191235059761,999,8.05505505505506
746,253,8.26809651474531,7.46245059288538,999,8.06406406406406
752,247,8.27526595744681,7.57085020242915,999,8.1011011011011
749,249,8.30574098798398,7.54216867469879,998,8.11523046092184
754,243,8.3342175066313,7.53086419753086,997,8.13841524573721
766,233,8.34856396866841,7.65665236051502,999,8.18718718718719
773,226,8.34540750323415,7.71681415929203,999,8.2032032032032
772,225,8.37305699481865,7.70666666666667,997,8.22266800401204
770,229,8.37922077922078,7.71615720524018,999,8.22722722722723
772,224,8.38860103626943,7.71428571428571,996,8.23694779116466
783,214,8.38314176245211,7.71495327102804,997,8.23971915747242
784,214,8.4094387755102,7.70093457943925,998,8.25751503006012
783,216,8.39080459770115,7.7037037037037,999,8.24224224224224
793,206,8.40857503152585,7.70388349514563,999,8.26326326326326
793,206,8.41361916771753,7.72330097087379,999,8.27127127127127
788,208,8.42258883248731,7.69711538461539,996,8.2710843373494
787,211,8.41931385006353,7.739336492891,998,8.27555110220441
794,204,8.44710327455919,7.71078431372549,998,8.29659318637275
794,204,8.48362720403023,7.75980392156863,998,8.33567134268537
808,191,8.5259900990099,7.65968586387435,999,8.36036036036036
805,190,8.57391304347826,7.73157894736842,995,8.41306532663317
812,187,8.61576354679803,7.7379679144385,999,8.45145145145145
810,188,8.64444444444444,7.74468085106383,998,8.4749498997996
817,182,8.65850673194614,7.81868131868132,999,8.50550550550551
822,176,8.68491484184915,7.86931818181818,998,8.54108216432866
812,187,8.69211822660099,7.81283422459893,999,8.52752752752753
818,179,8.7200488997555,7.79888268156425,997,8.55466399197593
823,175,8.72296476306197,7.72571428571429,998,8.54809619238477
824,173,8.70995145631068,7.77456647398844,997,8.54764292878636
831,167,8.73405535499398,7.77844311377245,998,8.57414829659319
824,174,8.75,7.77586206896552,998,8.58016032064128
823,175,8.77156743620899,7.76571428571429,998,8.59519038076152
825,171,8.79030303030303,7.75438596491228,996,8.61244979919679
823,175,8.80680437424058,7.74285714285714,998,8.62024048096192
821,176,8.80876979293545,7.73295454545455,997,8.61885656970913
827,170,8.82829504232164,7.81764705882353,997,8.65596790371113
831,166,8.83513838748496,7.80722891566265,997,8.66399197592778
833,166,8.87394957983193,7.76506024096386,999,8.68968968968969
842,157,8.87410926365796,7.76433121019108,999,8.6996996996997
836,162,8.89832535885168,7.83950617283951,998,8.72645290581162
835,164,8.89580838323353,7.85365853658537,999,8.72472472472472
839,158,8.91299165673421,7.92405063291139,997,8.75626880641926
838,161,8.90334128878282,7.95652173913043,999,8.75075075075075
844,155,8.89454976303318,7.98064516129032,999,8.75275275275275
844,155,8.90047393364929,8.0258064516129,999,8.76476476476476
848,149,8.90212264150943,8.04026845637584,997,8.77331995987964
847,151,8.90200708382527,8.02649006622516,998,8.76953907815631
846,153,8.89952718676123,8.09150326797386,999,8.77577577577578
850,149,8.91176470588235,8.01342281879195,999,8.77777777777778
847,151,8.90909090909091,8.09933774834437,998,8.78657314629259
849,150,8.91283863368669,8.08666666666667,999,8.78878878878879
846,152,8.9290780141844,8.09868421052632,998,8.80260521042084
842,157,8.94061757719715,8.12101910828025,999,8.81181181181181
847,152,8.94332939787485,8.06578947368421,999,8.80980980980981
841,158,8.94768133174792,7.9873417721519,999,8.7957957957958
845,152,8.96094674556213,8.01973684210526,997,8.81745235707121
844,155,8.96800947867299,8.13548387096774,999,8.83883883883884
853,145,8.978898007034,8.02068965517241,998,8.83967935871743
853,146,8.98358733880422,7.97260273972603,999,8.83583583583584
853,144,8.99765533411489,8.01388888888889,997,8.8555667001003
866,133,9.0,7.96992481203007,999,8.86286286286286
861,138,9.0,8.10869565217391,999,8.87687687687688
858,140,9.00815850815851,8.03571428571429,998,8.87174348697395
861,137,9.00232288037166,8.06569343065693,998,8.87374749498998
866,133,8.98845265588915,8.10526315789474,999,8.87087087087087
859,139,8.9778812572759,8.05755395683453,998,8.8496993987976
863,136,8.99768250289687,8.07352941176471,999,8.87187187187187
855,144,8.98479532163743,8.19444444444444,999,8.87087087087087
857,142,8.98249708284714,8.2112676056338,999,8.87287287287287
855,144,8.96023391812865,8.1875,999,8.84884884884885
865,134,8.99421965317919,8.23880597014925,999,8.89289289289289
865,133,8.99190751445087,8.30075187969925,998,8.8997995991984
866,133,9.01039260969977,8.34586466165413,999,8.92192192192192
869,130,9.01611047180667,8.3,999,8.92292292292292
865,134,9.01965317919075,8.34328358208955,999,8.92892892892893
870,129,9.0367816091954,8.32558139534884,999,8.94494494494494
871,127,9.02985074626866,8.38582677165354,998,8.94789579158317
874,125,9.02860411899313,8.32,999,8.93993993993994
881,117,9.0261066969353,8.24786324786325,998,8.93486973947896
882,116,9.02380952380952,8.18965517241379,998,8.92685370741483
888,111,9.03603603603604,8.18018018018018,999,8.94094094094094
885,114,9.0406779661017,8.21929824561403,999,8.94694694694695
883,114,9.02944507361268,8.21052631578947,997,8.9358074222668
890,108,9.06404494382022,8.14814814814815,998,8.96492985971944
889,107,9.05849268841395,8.22429906542056,996,8.96887550200803
891,108,9.05948372615039,8.19444444444444,999,8.96596596596597
889,109,9.09786276715411,8.24770642201835,998,9.00501002004008
893,106,9.09070548712206,8.33018867924528,999,9.01001001001001
891,108,9.09090909090909,8.34259259259259,999,9.01001001001001
893,105,9.10078387458007,8.32380952380952,998,9.0190380761523
894,105,9.12863534675615,8.36190476190476,999,9.04804804804805
891,106,9.12008978675645,8.31132075471698,997,9.03410230692076
896,103,9.12388392857143,8.42718446601942,999,9.05205205205205
901,98,9.13318534961154,8.52040816326531,999,9.07307307307307
895,104,9.12513966480447,8.55769230769231,999,9.06606606606607
894,105,9.12975391498881,8.53333333333333,999,9.06706706706707
893,105,9.14109742441209,8.59047619047619,998,9.08316633266533
894,104,9.15659955257271,8.64423076923077,998,9.10320641282565
892,107,9.15022421524664,8.62616822429907,999,9.09409409409409
887,112,9.15670800450958,8.66964285714286,999,9.1021021021021
883,116,9.16647791619479,8.66379310344828,999,9.10810810810811
879,119,9.15585893060296,8.69747899159664,998,9.10120240480962
879,119,9.13310580204778,8.66386554621849,998,9.07715430861724
875,124,9.144,8.73387096774194,999,9.09309309309309
877,121,9.13340935005701,8.73553719008265,998,9.08517034068136
884,113,9.14819004524887,8.73451327433628,997,9.10130391173521
887,112,9.14317925591883,8.75,999,9.0990990990991
886,113,9.17155756207675,8.74336283185841,999,9.12312312312312
880,119,9.16818181818182,8.6890756302521,999,9.11111111111111
879,118,9.15699658703072,8.69491525423729,997,9.10230692076229
879,118,9.14220705346985,8.74576271186441,997,9.09528585757272
883,116,9.15968289920725,8.69827586206897,999,9.10610610610611
881,117,9.16345062429058,8.74358974358974,998,9.11422845691383
875,123,9.15885714285714,8.78861788617886,998,9.11322645290581
885,114,9.16723163841808,8.83333333333333,999,9.12912912912913
881,118,9.18047673098751,8.88983050847458,999,9.14614614614615
880,119,9.18636363636364,8.91596638655462,999,9.15415415415415
886,113,9.19864559819413,8.96460176991151,999,9.17217217217217
890,108,9.21348314606742,8.89814814814815,998,9.17935871743487
889,109,9.21709786276715,8.92660550458716,998,9.18537074148297
896,103,9.203125,8.94174757281553,999,9.17617617617618
895,104,9.20782122905028,8.94230769230769,999,9.18018018018018
895,103,9.21340782122905,8.92233009708738,998,9.18336673346693
893,106,9.21948488241881,8.92452830188679,999,9.18818818818819
891,108,9.24017957351291,8.91666666666667,999,9.20520520520521
895,104,9.24357541899441,8.90384615384615,999,9.20820820820821
895,104,9.24245810055866,8.88461538461539,999,9.20520520520521
900,98,9.25,8.93877551020408,998,9.21943887775551
905,93,9.25303867403315,8.91397849462366,998,9.22144288577154
897,102,9.25752508361204,8.90196078431373,999,9.22122122122122
908,91,9.25330396475771,8.85714285714286,999,9.21721721721722
904,94,9.25,8.92553191489362,998,9.21943887775551
899,99,9.24026696329255,8.92929292929293,998,9.20941883767535
899,98,9.25250278086763,8.89795918367347,997,9.21765295887663
902,95,9.22949002217295,8.88421052631579,997,9.19658976930792
909,90,9.21892189218922,8.9,999,9.19019019019019
905,94,9.21878453038674,8.82978723404255,999,9.18218218218218
907,89,9.21389195148842,8.80898876404494,996,9.17771084337349
910,89,9.23186813186813,8.80898876404494,999,9.19419419419419
911,88,9.2403951701427,8.73863636363636,999,9.1961961961962
908,89,9.23898678414097,8.69662921348315,997,9.19057171514544
908,91,9.23237885462555,8.72527472527472,999,9.18618618618619
905,94,9.23977900552486,8.71276595744681,999,9.19019019019019
907,91,9.22271223814774,8.74725274725275,998,9.17935871743487
907,92,9.23814773980154,8.79347826086956,999,9.1971971971972
913,86,9.23439211391019,8.84883720930233,999,9.2012012012012
907,92,9.23704520396913,8.82608695652174,999,9.1991991991992
906,93,9.23289183222958,8.86021505376344,999,9.1981981981982
907,91,9.21278941565601,8.75824175824176,998,9.17134268537074
910,88,9.2021978021978,8.71590909090909,998,9.15931863727455
905,92,9.19558011049724,8.70652173913044,997,9.15045135406219
908,90,9.19493392070485,8.64444444444444,998,9.14529058116232
908,91,9.19823788546256,8.61538461538461,999,9.14514514514515
903,93,9.20265780730897,8.55913978494624,996,9.1425702811245
908,91,9.19273127753304,8.62637362637363,999,9.14114114114114
908,91,9.20484581497797,8.65934065934066,999,9.15515515515516
914,84,9.2035010940919,8.55952380952381,998,9.14929859719439
916,82,9.21069868995633,8.52439024390244,998,9.15430861723447
915,82,9.23060109289617,8.48780487804878,997,9.16950852557673
920,79,9.24021739130435,8.37974683544304,999,9.17217217217217
921,77,9.25950054288817,8.44155844155844,998,9.19639278557114
921,77,9.26384364820847,8.46753246753247,998,9.20240480961924
918,80,9.260348583878,8.45,998,9.19539078156313
917,82,9.26063249727372,8.47560975609756,999,9.1961961961962
918,80,9.28322440087146,8.325,998,9.2064128256513
922,76,9.29284164859002,8.32894736842105,998,9.21943887775551
923,75,9.2795232936078,8.38666666666667,998,9.2124248496994
926,73,9.27429805615551,8.38356164383562,999,9.20920920920921
924,73,9.27705627705628,8.34246575342466,997,9.2086258776329
928,71,9.27909482758621,8.23943661971831,999,9.20520520520521
925,71,9.2972972972973,8.32394366197183,996,9.22791164658635
931,67,9.31471535982814,8.34328358208955,998,9.24949899799599
929,68,9.30570505920345,8.36764705882353,997,9.24172517552658
929,70,9.29601722282024,8.22857142857143,999,9.22122122122122
930,69,9.29784946236559,8.27536231884058,999,9.22722722722723
932,66,9.31008583690987,8.27272727272727,998,9.24148296593186
932,67,9.29935622317597,8.17910447761194,999,9.22422422422422
930,68,9.30967741935484,8.23529411764706,998,9.23647294589178
930,69,9.31182795698925,8.31884057971014,999,9.24324324324324
928,69,9.31681034482759,8.3768115942029,997,9.25175526579739
927,72,9.31283710895361,8.375,999,9.24524524524525
925,73,9.30378378378378,8.28767123287671,998,9.22945891783567
922,77,9.31019522776573,8.51948051948052,999,9.24924924924925
919,79,9.29815016322089,8.41772151898734,998,9.22845691382765
917,82,9.31297709923664,8.45121951219512,999,9.24224224224224
913,86,9.30339539978094,8.55813953488372,999,9.23923923923924
912,87,9.29714912280702,8.52873563218391,999,9.23023023023023
908,89,9.2852422907489,8.65168539325843,997,9.22868605817452
910,87,9.2945054945055,8.57471264367816,997,9.23169508525577
909,90,9.27832783278328,8.65555555555556,999,9.22222222222222
908,91,9.28303964757709,8.61538461538461,999,9.22222222222222
904,94,9.27544247787611,8.61702127659574,998,9.21342685370741
909,89,9.27282728272827,8.59550561797753,998,9.2124248496994
912,84,9.27412280701754,8.61904761904762,996,9.21887550200803
915,84,9.26885245901639,8.51190476190476,999,9.20520520520521
911,87,9.2788144895719,8.54022988505747,998,9.21442885771543
914,84,9.28336980306346,8.58333333333333,998,9.22444889779559
912,86,9.28947368421053,8.65116279069767,998,9.23446893787575
913,84,9.30339539978094,8.70238095238095,997,9.25275827482447
915,84,9.30382513661202,8.66666666666667,999,9.25025025025025
911,87,9.29308452250274,8.67816091954023,998,9.23947895791583
910,89,9.30769230769231,8.70786516853933,999,9.25425425425425
909,90,9.3014301430143,8.82222222222222,999,9.25825825825826
911,88,9.32711306256861,8.89772727272727,999,9.28928928928929
909,90,9.34213421342134,8.98888888888889,999,9.31031031031031
915,84,9.31912568306011,9.05952380952381,999,9.2972972972973
917,80,9.32715376226827,9.1625,997,9.31394182547643
921,78,9.32356134636265,9.05128205128205,999,9.3023023023023
920,79,9.33913043478261,9.0253164556962,999,9.31431431431431
919,80,9.31991294885745,9.05,999,9.2982982982983
919,79,9.32970620239391,8.92405063291139,998,9.29759519038076
919,80,9.32208922742111,8.95,999,9.29229229229229
918,80,9.31699346405229,8.9375,998,9.28657314629259
919,80,9.31447225244831,8.9125,999,9.28228228228228
915,83,9.32021857923497,8.81927710843373,998,9.27855711422846
916,82,9.30786026200873,8.76829268292683,998,9.26352705410822
909,89,9.31793179317932,8.78651685393258,998,9.27054108216433
912,86,9.32785087719298,8.84883720930233,998,9.28657314629259
911,87,9.33809001097695,8.90804597701149,998,9.30060120240481
916,83,9.32860262008734,8.80722891566265,999,9.28528528528529
916,83,9.33624454148472,8.85542168674699,999,9.2962962962963
911,88,9.33260153677278,8.84090909090909,999,9.28928928928929
906,93,9.33885209713024,8.79569892473118,999,9.28828828828829
907,91,9.3406835722161,8.89010989010989,998,9.29959919839679
908,91,9.33149779735683,8.84615384615385,999,9.28728728728729
907,92,9.32414553472988,8.91304347826087,999,9.28628628628629
909,90,9.30803080308031,8.92222222222222,999,9.27327327327327
912,85,9.3125,8.94117647058824,997,9.28084252758275
912,87,9.30263157894737,8.96551724137931,999,9.27327327327327
908,89,9.31387665198238,8.95505617977528,997,9.28184553660983
909,89,9.31133113311331,9.0,998,9.28356713426854
906,92,9.31346578366446,9.05434782608696,998,9.28957915831663
901,98,9.33740288568258,9.09183673469388,999,9.31331331331331
899,100,9.32814238042269,9.08,999,9.3033033033033
901,97,9.3118756936737,9.09278350515464,998,9.29058116232465
904,95,9.34734513274336,9.10526315789474,999,9.32432432432432
902,96,9.34478935698448,9.01041666666667,998,9.312625250501
907,92,9.35060639470783,9.01086956521739,999,9.31931931931932
903,94,9.35105204872647,9.04255319148936,997,9.32196589769308
909,90,9.35863586358636,9.0,999,9.32632632632633
911,87,9.35345773874863,8.94252873563218,998,9.31763527054108
909,90,9.36413641364136,9.02222222222222,999,9.33333333333333
911,87,9.35126234906696,9.01149425287356,998,9.32164328657315
905,93,9.34254143646409,9.02150537634409,998,9.312625250501
908,91,9.35903083700441,9.03296703296703,999,9.32932932932933
907,92,9.34288864388093,9.14130434782609,999,9.32432432432432
905,93,9.32596685082873,9.09677419354839,998,9.30460921843687
911,88,9.34138309549945,9.07954545454546,999,9.31831831831832
911,88,9.34467618002195,9.125,999,9.32532532532533
915,84,9.34098360655738,9.16666666666667,999,9.32632632632633
911,86,9.35016465422613,9.12790697674419,997,9.33099297893681
912,87,9.35635964912281,9.13793103448276,999,9.33733733733734
913,86,9.36911281489595,9.23255813953488,999,9.35735735735736
910,89,9.37032967032967,9.29213483146067,999,9.36336336336336
913,84,9.38006571741512,9.33333333333333,997,9.37612838515547
914,84,9.39606126914661,9.46428571428571,998,9.40180360721443
917,81,9.39803707742639,9.48148148148148,998,9.40480961923848
918,81,9.4041394335512,9.50617283950617,999,9.41241241241241
918,81,9.41721132897604,9.53086419753086,999,9.42642642642643
915,83,9.41967213114754,9.57831325301205,998,9.43286573146293
918,81,9.42265795206972,9.5679012345679,999,9.43443443443443
919,78,9.43307943416757,9.61538461538461,997,9.44734202607824
921,76,9.44191096634093,9.53947368421053,997,9.4493480441324
919,80,9.44504896626768,9.575,999,9.45545545545546
922,77,9.4468546637744,9.5974025974026,999,9.45845845845846
917,81,9.43947655398037,9.64197530864197,998,9.45591182364729
914,85,9.44420131291028,9.63529411764706,999,9.46046046046046
912,87,9.44188596491228,9.6551724137931,999,9.46046046046046
912,86,9.44736842105263,9.66279069767442,998,9.46593186372746
912,86,9.44956140350877,9.62790697674419,998,9.46492985971944
915,83,9.43497267759563,9.59036144578313,998,9.44789579158317
916,82,9.43995633187773,9.57317073170732,998,9.45090180360721
919,79,9.42655059847661,9.58227848101266,998,9.43887775551102
920,79,9.42826086956522,9.55696202531646,999,9.43843843843844
916,83,9.4235807860262,9.53012048192771,999,9.43243243243243
915,83,9.43825136612022,9.49397590361446,998,9.44288577154309
915,83,9.45027322404372,9.48192771084337,998,9.45290581162325
913,86,9.45564074479737,9.45348837209302,999,9.45545545545546
918,81,9.45860566448802,9.44444444444444,999,9.45745745745746
919,79,9.45375408052231,9.49367088607595,998,9.45691382765531
918,79,9.45751633986928,9.44303797468354,997,9.45636910732197
912,87,9.46929824561403,9.47126436781609,999,9.46946946946947
914,84,9.472647702407,9.45238095238095,998,9.47094188376754
908,91,9.49339207048458,9.46153846153846,999,9.49049049049049
911,88,9.48627881448957,9.46590909090909,999,9.48448448448448
910,89,9.48681318681319,9.47191011235955,999,9.48548548548549
912,85,9.52083333333333,9.48235294117647,997,9.51755265797392
911,86,9.52469813391877,9.48837209302326,997,9.52156469408225
908,90,9.5352422907489,9.46666666666667,998,9.52905811623246
905,93,9.53259668508287,9.47311827956989,998,9.52705410821643
911,88,9.53677277716795,9.48863636363636,999,9.53253253253253
907,92,9.53914002205072,9.52173913043478,999,9.53753753753754
907,92,9.54465270121279,9.53260869565217,999,9.54354354354354
909,90,9.55665566556656,9.55555555555556,999,9.55655655655656
901,98,9.5449500554939,9.55102040816327,999,9.54554554554555
899,99,9.56173526140156,9.55555555555556,998,9.56112224448898
895,103,9.56648044692737,9.57281553398058,998,9.56713426853707
897,101,9.55852842809364,9.57425742574257,998,9.56012024048096
896,103,9.56138392857143,9.57281553398058,999,9.56256256256256
897,101,9.55295429208473,9.54455445544554,998,9.55210420841683
894,105,9.55816554809843,9.55238095238095,999,9.55755755755756
893,106,9.56998880179171,9.52830188679245,999,9.56556556556557
892,107,9.58408071748879,9.53271028037383,999,9.57857857857858
886,111,9.58465011286682,9.53153153153153,997,9.57873620862588
889,110,9.58380202474691,9.53636363636364,999,9.57857857857858
894,104,9.58501118568233,9.52884615384615,998,9.57915831663327
888,111,9.59009009009009,9.51351351351351,999,9.58158158158158
890,109,9.58651685393258,9.5045871559633,999,9.57757757757758
885,114,9.5864406779661,9.53508771929824,999,9.58058058058058
885,114,9.57853107344633,9.51754385964912,999,9.57157157157157
878,121,9.57858769931663,9.54545454545454,999,9.57457457457457
883,114,9.58097395243488,9.54385964912281,997,9.57673019057171
877,122,9.56784492588369,9.54098360655738,999,9.56456456456456
886,112,9.5665914221219,9.5625,998,9.56613226452906
880,118,9.55113636363636,9.56779661016949,998,9.55310621242485
881,118,9.54256526674234,9.59322033898305,999,9.54854854854855
880,119,9.54545454545454,9.63025210084034,999,9.55555555555556
879,119,9.5415244596132,9.63025210084034,998,9.55210420841683
879,116,9.53356086461888,9.6551724137931,995,9.54773869346734
883,116,9.53340883352208,9.62068965517241,999,9.54354354354354
880,118,9.53863636363636,9.64406779661017,998,9.55110220440882
880,118,9.54318181818182,9.63559322033898,998,9.55410821643287
881,118,9.54370034052213,9.64406779661017,999,9.55555555555556
888,111,9.54391891891892,9.63063063063063,999,9.55355355355355
886,112,9.55417607223476,9.61607142857143,998,9.56112224448898
892,107,9.55829596412556,9.57943925233645,999,9.56056056056056
890,109,9.56516853932584,9.60550458715596,999,9.56956956956957
889,110,9.56805399325084,9.59090909090909,999,9.57057057057057
889,110,9.5793025871766,9.64545454545454,999,9.58658658658659
884,115,9.57579185520362,9.61739130434783,999,9.58058058058058
883,115,9.58437146092865,9.59130434782609,998,9.58517034068136
889,110,9.5748031496063,9.61818181818182,999,9.57957957957958
885,114,9.57853107344633,9.60526315789474,999,9.58158158158158
887,112,9.57384441939121,9.63392857142857,999,9.58058058058058
892,107,9.5762331838565,9.61682242990654,999,9.58058058058058
887,111,9.57384441939121,9.61261261261261,998,9.57815631262525
887,111,9.56820744081172,9.6036036036036,998,9.57214428857715
886,112,9.57223476297968,9.60714285714286,998,9.57615230460922
889,108,9.56580427446569,9.62037037037037,997,9.57171514543631
893,106,9.55991041433371,9.63207547169811,999,9.56756756756757
891,108,9.56004489337823,9.63888888888889,999,9.56856856856857
893,105,9.55207166853303,9.63809523809524,998,9.56112224448898
900,99,9.56111111111111,9.62626262626263,999,9.56756756756757
904,94,9.55309734513274,9.62765957446809,998,9.56012024048096
903,95,9.5514950166113,9.61052631578947,998,9.55711422845691
904,95,9.55862831858407,9.57894736842105,999,9.56056056056056
903,94,9.56921373200443,9.57446808510638,997,9.56970912738215
904,94,9.58075221238938,9.53191489361702,998,9.57615230460922
906,93,9.58057395143488,9.56989247311828,999,9.57957957957958
905,92,9.58674033149171,9.55434782608696,997,9.58375125376128
895,102,9.6,9.53921568627451,997,9.5937813440321
895,104,9.59217877094972,9.56730769230769,999,9.58958958958959
890,106,9.59101123595506,9.59433962264151,996,9.59136546184739
895,104,9.59106145251397,9.64423076923077,999,9.5965965965966
891,108,9.57800224466891,9.63888888888889,999,9.58458458458458
890,108,9.57640449438202,9.67592592592593,998,9.5871743486974
891,108,9.56902356902357,9.68518518518519,999,9.58158158158158
890,108,9.57640449438202,9.7037037037037,998,9.59018036072144
893,106,9.57334826427772,9.67924528301887,999,9.58458458458458
898,101,9.56458797327394,9.68316831683168,999,9.57657657657658
900,99,9.57666666666667,9.6969696969697,999,9.58858858858859
901,97,9.57491675915649,9.70103092783505,998,9.5871743486974
901,98,9.58379578246393,9.70408163265306,999,9.5955955955956
897,101,9.60423634336678,9.7029702970297,998,9.61422845691383
901,98,9.60044395116537,9.70408163265306,999,9.61061061061061
899,98,9.60400444938821,9.72448979591837,997,9.61584754262788
902,96,9.6119733924612,9.72916666666667,998,9.62324649298597
900,99,9.63111111111111,9.72727272727273,999,9.64064064064064
906,93,9.63686534216336,9.73118279569892,999,9.64564564564565
908,91,9.62555066079295,9.75824175824176,999,9.63763763763764
907,92,9.6361631753032,9.68478260869565,999,9.64064064064064
907,92,9.63506063947078,9.71739130434783,999,9.64264264264264
905,93,9.64419889502762,9.70967741935484,998,9.6503006012024
902,95,9.65077605321508,9.69473684210526,997,9.65496489468405
907,92,9.64829106945976,9.69565217391304,999,9.65265265265265
903,95,9.6578073089701,9.66315789473684,998,9.65831663326653
899,100,9.66852057842047,9.66,999,9.66766766766767
896,102,9.66517857142857,9.63725490196078,998,9.6623246492986
892,107,9.66367713004484,9.62616822429907,999,9.65965965965966
886,112,9.66139954853273,9.63392857142857,998,9.65831663326653
885,113,9.66553672316384,9.64601769911504,998,9.66332665330661
880,118,9.67045454545454,9.65254237288136,998,9.66833667334669
883,115,9.66251415628539,9.65217391304348,998,9.66132264529058
876,122,9.67351598173516,9.67213114754098,998,9.67334669338677
877,122,9.67616875712657,9.67213114754098,999,9.67567567567568
871,126,9.68082663605052,9.68253968253968,997,9.68104312938816
870,129,9.68390804597701,9.65891472868217,999,9.68068068068068
869,130,9.67088607594937,9.66923076923077,999,9.67067067067067
870,129,9.67241379310345,9.65891472868217,999,9.67067067067067
868,131,9.6705069124424,9.6793893129771,999,9.67167167167167
868,131,9.68433179723502,9.67175572519084,999,9.68268268268268
865,131,9.67976878612717,9.67175572519084,996,9.67871485943775
872,126,9.67775229357798,9.65873015873016,998,9.67535070140281
870,129,9.68965517241379,9.64341085271318,999,9.68368368368368
869,130,9.69735327963176,9.63846153846154,999,9.68968968968969
865,132,9.68670520231214,9.62121212121212,997,9.67803410230692
868,131,9.69585253456221,9.58778625954199,999,9.68168168168168
868,130,9.68548387096774,9.59230769230769,998,9.67334669338677
868,131,9.67972350230415,9.6412213740458,999,9.67467467467467
863,136,9.67902665121669,9.64705882352941,999,9.67467467467467
867,131,9.66897347174164,9.6412213740458,998,9.66533066132265
866,132,9.68013856812933,9.66666666666667,998,9.67835671342685
872,127,9.68463302752294,9.65354330708661,999,9.68068068068068
873,123,9.68499427262314,9.66666666666667,996,9.68273092369478
871,128,9.69804822043628,9.6484375,999,9.69169169169169
866,132,9.70092378752887,9.65909090909091,998,9.69539078156313
867,131,9.69665513264129,9.68702290076336,998,9.69539078156313
866,132,9.70438799076213,9.65151515151515,998,9.69739478957916
865,133,9.6878612716763,9.69172932330827,998,9.68837675350701
863,134,9.68945538818076,9.6865671641791,997,9.68906720160481
866,132,9.68013856812933,9.6969696969697,998,9.68236472945892
866,133,9.6743648960739,9.69172932330827,999,9.67667667667668
865,134,9.67861271676301,9.6865671641791,999,9.67967967967968
872,126,9.69610091743119,9.69047619047619,998,9.69539078156313
863,135,9.69988412514484,9.64444444444444,998,9.69238476953908
867,132,9.69665513264129,9.65151515151515,999,9.69069069069069
863,136,9.69872537659328,9.63235294117647,999,9.68968968968969
860,138,9.70581395348837,9.60869565217391,998,9.69238476953908
859,139,9.69499417927823,9.65467625899281,998,9.68937875751503
858,141,9.7027972027972,9.65248226950355,999,9.6956956956957
858,141,9.6969696969697,9.65248226950355,999,9.69069069069069
864,133,9.69444444444444,9.66165413533835,997,9.6900702106319
864,133,9.69212962962963,9.62406015037594,997,9.68304914744233
873,125,9.69186712485681,9.592,998,9.67935871743487
871,126,9.68771526980482,9.63492063492063,997,9.68104312938816
878,121,9.69248291571754,9.60330578512397,999,9.68168168168168
878,120,9.68337129840547,9.60833333333333,998,9.67434869739479
875,123,9.69142857142857,9.58536585365854,998,9.67835671342685
871,125,9.68427095292767,9.576,996,9.67068273092369
876,122,9.69634703196347,9.57377049180328,998,9.6813627254509
880,119,9.7,9.57983193277311,999,9.68568568568569
881,116,9.70034052213394,9.5948275862069,997,9.68806419257773
875,122,9.70171428571429,9.59016393442623,997,9.68806419257773
878,121,9.69362186788155,9.59504132231405,999,9.68168168168168
874,125,9.70594965675057,9.576,999,9.68968968968969
875,124,9.70285714285714,9.60483870967742,999,9.69069069069069
875,124,9.69942857142857,9.59677419354839,999,9.68668668668669
872,127,9.70642201834862,9.54330708661417,999,9.68568568568569
874,125,9.70938215102975,9.56,999,9.69069069069069
877,122,9.70125427594071,9.59016393442623,999,9.68768768768769
870,127,9.68390804597701,9.55905511811024,997,9.66800401203611
869,129,9.68929804372842,9.56589147286822,998,9.67334669338677
870,129,9.69195402298851,9.55813953488372,999,9.67467467467467
864,135,9.68981481481481,9.6,999,9.67767767767768
860,138,9.68139534883721,9.60869565217391,998,9.67134268537074
856,143,9.6857476635514,9.62237762237762,999,9.67667667667668
852,147,9.69131455399061,9.58503401360544,999,9.67567567567568
862,136,9.68561484918794,9.60294117647059,998,9.67434869739479
870,128,9.67586206896552,9.5703125,998,9.6623246492986
867,132,9.68512110726644,9.61363636363636,999,9.67567567567568
874,125,9.69794050343249,9.6,999,9.68568568568569
871,126,9.69575200918485,9.61904761904762,997,9.68605817452357
872,126,9.7144495412844,9.6031746031746,998,9.70040080160321
869,130,9.71921749136939,9.63076923076923,999,9.70770770770771
873,126,9.72508591065292,9.67460317460317,999,9.71871871871872
873,125,9.73883161512027,9.672,998,9.73046092184369
876,123,9.74086757990868,9.66666666666667,999,9.73173173173173
879,120,9.75085324232082,9.675,999,9.74174174174174
876,123,9.76141552511416,9.69105691056911,999,9.75275275275275
874,124,9.75286041189931,9.70967741935484,998,9.74749498997996
877,122,9.74914481185861,9.68852459016393,999,9.74174174174174
870,126,9.74712643678161,9.70634920634921,996,9.74196787148594
875,124,9.74628571428571,9.71774193548387,999,9.74274274274274
869,130,9.74568469505178,9.70769230769231,999,9.74074074074074
870,127,9.74137931034483,9.68503937007874,997,9.73420260782347
872,127,9.74197247706422,9.66929133858268,999,9.73273273273273
868,131,9.74884792626728,9.69465648854962,999,9.74174174174174
870,129,9.76091954022989,9.69767441860465,999,9.75275275275275
865,134,9.74797687861272,9.66417910447761,999,9.73673673673674
867,132,9.74625144175317,9.63636363636364,999,9.73173173173173
866,131,9.74480369515012,9.61068702290076,997,9.7271815446339
875,124,9.74285714285714,9.65322580645161,999,9.73173173173173
878,121,9.75512528473804,9.66115702479339,999,9.74374374374374
871,128,9.75545350172216,9.625,999,9.73873873873874
875,124,9.74285714285714,9.62096774193548,999,9.72772772772773
864,133,9.74768518518519,9.59398496240602,997,9.7271815446339
869,129,9.75258918296893,9.6046511627907,998,9.73346693386774
866,133,9.75635103926097,9.60902255639098,999,9.73673673673674
868,131,9.75115207373272,9.58015267175572,999,9.72872872872873
868,130,9.76267281105991,9.6,998,9.74148296593186
865,133,9.7757225433526,9.61654135338346,998,9.75450901803607
870,129,9.77241379310345,9.62790697674419,999,9.75375375375375
874,125,9.78032036613272,9.632,999,9.76176176176176
876,122,9.78082191780822,9.65573770491803,998,9.76553106212425
874,125,9.7745995423341,9.648,999,9.75875875875876
876,122,9.7716894977169,9.67213114754098,998,9.75951903807615
877,122,9.78107183580388,9.68032786885246,999,9.76876876876877
873,123,9.78694158075601,9.66666666666667,996,9.77208835341365
874,124,9.79633867276888,9.67741935483871,998,9.78156312625251
872,124,9.7993119266055,9.67741935483871,996,9.78413654618474
881,118,9.79795686719637,9.71186440677966,999,9.78778778778779
878,120,9.79726651480638,9.68333333333333,998,9.78356713426854
885,114,9.78757062146893,9.71052631578947,999,9.77877877877878
891,108,9.79349046015713,9.69444444444444,999,9.78278278278278
888,111,9.78941441441441,9.68468468468468,999,9.77777777777778
892,107,9.79260089686099,9.68224299065421,999,9.78078078078078
888,109,9.78941441441441,9.6605504587156,997,9.7753259779338
891,107,9.79573512906846,9.66355140186916,998,9.78156312625251
890,109,9.78988764044944,9.71559633027523,999,9.78178178178178
890,107,9.78426966292135,9.73831775700935,997,9.77933801404213
891,108,9.78338945005612,9.75,999,9.77977977977978
890,108,9.79101123595506,9.73148148148148,998,9.78456913827655
890,109,9.78089887640449,9.76146788990826,999,9.77877877877878
886,112,9.7765237020316,9.74107142857143,998,9.77254509018036
885,112,9.75706214689266,9.75892857142857,997,9.75727181544634
888,110,9.75337837837838,9.75454545454545,998,9.75350701402806
886,112,9.75169300225734,9.76785714285714,998,9.75350701402806
891,108,9.75645342312009,9.78703703703704,999,9.75975975975976
890,109,9.74831460674157,9.78899082568807,999,9.75275275275275
890,108,9.75505617977528,9.78703703703704,998,9.75851703406814
884,114,9.75565610859729,9.78947368421053,998,9.75951903807615
889,109,9.75815523059618,9.78899082568807,998,9.76152304609218
876,121,9.76141552511416,9.79338842975207,997,9.76529588766299
881,117,9.76844494892168,9.78632478632479,998,9.77054108216433
873,125,9.76975945017182,9.784,998,9.77154308617235
877,122,9.78107183580388,9.77049180327869,999,9.77977977977978
873,126,9.7766323024055,9.79365079365079,999,9.77877877877878
875,120,9.776,9.775,995,9.77587939698492
880,119,9.78522727272727,9.76470588235294,999,9.78278278278278
880,119,9.77613636363636,9.77310924369748,999,9.77577577577578
881,116,9.78774120317821,9.75,997,9.78335005015045
880,119,9.77954545454545,9.77310924369748,999,9.77877877877878
886,112,9.77200902934537,9.77678571428571,998,9.77254509018036
880,117,9.76704545454546,9.77777777777778,997,9.76830491474423
882,116,9.77210884353742,9.76724137931035,998,9.77154308617235
882,117,9.77324263038549,9.76923076923077,999,9.77277277277277
883,115,9.77010192525481,9.75652173913043,998,9.7685370741483
885,113,9.77853107344633,9.78761061946903,998,9.77955911823647
886,112,9.77539503386005,9.80357142857143,998,9.77855711422846
881,115,9.79114642451759,9.81739130434783,996,9.79417670682731
893,106,9.78499440089586,9.83962264150943,999,9.79079079079079
885,113,9.79209039548023,9.83185840707965,998,9.79659318637275
894,102,9.80425055928412,9.84313725490196,996,9.80823293172691
891,105,9.79910213243547,9.80952380952381,996,9.80020080321285
898,99,9.80400890868597,9.83838383838384,997,9.8074222668004
899,100,9.80978865406007,9.83,999,9.81181181181181
901,96,9.80688124306326,9.8125,997,9.8074222668004
903,96,9.81395348837209,9.80208333333333,999,9.81281281281281
900,97,9.80111111111111,9.77319587628866,997,9.79839518555667
899,100,9.80311457174638,9.78,999,9.8008008008008
898,99,9.81180400890869,9.74747474747475,997,9.80541624874624
899,99,9.81979977753059,9.75757575757576,998,9.81362725450902
903,96,9.82945736434108,9.75,999,9.82182182182182
909,90,9.83498349834984,9.74444444444444,999,9.82682682682683
908,90,9.83590308370044,9.76666666666667,998,9.82965931863727
907,91,9.84674751929438,9.75824175824176,998,9.83867735470942
907,92,9.85005512679162,9.75,999,9.84084084084084
902,97,9.86031042128603,9.74226804123711,999,9.84884884884885
903,96,9.85825027685493,9.72916666666667,999,9.84584584584585
899,100,9.84872080088988,9.71,999,9.83483483483483
899,99,9.85205784204672,9.73737373737374,998,9.84068136272545
896,101,9.85044642857143,9.73267326732673,997,9.83851554663992
897,102,9.85061315496098,9.76470588235294,999,9.84184184184184
897,99,9.85507246376812,9.73737373737374,996,9.8433734939759
899,100,9.85650723025584,9.76,999,9.84684684684685
898,100,9.8630289532294,9.76,998,9.85270541082164
902,97,9.86917960088692,9.78350515463918,999,9.86086086086086
899,99,9.86540600667408,9.77777777777778,998,9.85671342685371
901,98,9.85460599334073,9.77551020408163,999,9.84684684684685
903,96,9.8516057585825,9.78125,999,9.84484484484484
897,101,9.8628762541806,9.79207920792079,998,9.85571142284569
898,101,9.85746102449889,9.76237623762376,999,9.84784784784785
900,99,9.86333333333333,9.75757575757576,999,9.85285285285285
901,98,9.86570477247503,9.75510204081633,999,9.85485485485485
901,97,9.87125416204218,9.76288659793815,998,9.86072144288577
902,97,9.86585365853658,9.77319587628866,999,9.85685685685686
896,103,9.86495535714286,9.75728155339806,999,9.85385385385385
896,101,9.86160714285714,9.76237623762376,997,9.85155466399198
889,106,9.86276715410574,9.74528301886792,995,9.85025125628141
894,105,9.8579418344519,9.73333333333333,999,9.84484484484484
887,112,9.87034949267193,9.75,999,9.85685685685686
890,109,9.86179775280899,9.76146788990826,999,9.85085085085085
884,115,9.8710407239819,9.80869565217391,999,9.86386386386386
880,119,9.86818181818182,9.81512605042017,999,9.86186186186186
879,117,9.8703071672355,9.81196581196581,996,9.86345381526104
883,115,9.86976217440544,9.79130434782609,998,9.86072144288577
888,111,9.86824324324324,9.8018018018018,999,9.86086086086086
882,116,9.87414965986395,9.80172413793103,998,9.86573146292585
879,119,9.87485779294653,9.79831932773109,998,9.86573146292585
880,119,9.875,9.81512605042017,999,9.86786786786787
882,117,9.88208616780045,9.78632478632479,999,9.87087087087087
884,115,9.87217194570136,9.8,999,9.86386386386386
887,111,9.86696730552424,9.82882882882883,998,9.8627254509018
884,112,9.85972850678733,9.82142857142857,996,9.85542168674699
884,114,9.86199095022624,9.82456140350877,998,9.85771543086172
880,118,9.86590909090909,9.82203389830508,998,9.86072144288577
881,118,9.87173666288309,9.8135593220339,999,9.86486486486486
880,119,9.86704545454545,9.82352941176471,999,9.86186186186186
875,122,9.86857142857143,9.81967213114754,997,9.86258776328987
877,120,9.87115165336374,9.825,997,9.86559679037111
882,115,9.87074829931973,9.81739130434783,997,9.86459378134403
878,121,9.87813211845103,9.8099173553719,999,9.86986986986987
881,118,9.87741203178207,9.82203389830508,999,9.87087087087087
885,114,9.87457627118644,9.80701754385965,999,9.86686686686687
879,118,9.88509670079636,9.8135593220339,997,9.87662988966901
885,114,9.88361581920904,9.79824561403509,999,9.87387387387387
880,119,9.89545454545454,9.78991596638656,999,9.88288288288288
884,115,9.89819004524887,9.80869565217391,999,9.88788788788789
876,123,9.90525114155251,9.78048780487805,999,9.88988988988989
878,119,9.90205011389522,9.78151260504202,997,9.8876629889669
875,122,9.90171428571429,9.76229508196721,997,9.88465396188566
882,117,9.90476190476191,9.76923076923077,999,9.88888888888889
878,120,9.90432801822323,9.775,998,9.88877755511022
875,123,9.90628571428571,9.75609756097561,998,9.88777555110221
875,123,9.90514285714286,9.78048780487805,998,9.88977955911824
878,120,9.90774487471526,9.76666666666667,998,9.89078156312625
878,119,9.90432801822323,9.7563025210084,997,9.88665997993982
888,111,9.90990990990991,9.77477477477477,999,9.89489489489489
892,107,9.90358744394619,9.79439252336449,999,9.89189189189189
893,104,9.90145576707727,9.77884615384615,997,9.88866599799398
895,104,9.89944134078212,9.78846153846154,999,9.88788788788789
900,98,9.9,9.76530612244898,998,9.88677354709419
891,106,9.90909090909091,9.78301886792453,997,9.89568706118355
896,102,9.90178571428571,9.79411764705882,998,9.89078156312625
889,109,9.91001124859392,9.79816513761468,998,9.89779559118236
890,108,9.90449438202247,9.7962962962963,998,9.89278557114229
893,106,9.8936170212766,9.80188679245283,999,9.88388388388388
900,99,9.89444444444444,9.80808080808081,999,9.88588588588589
900,99,9.88555555555556,9.81818181818182,999,9.87887887887888
899,100,9.88987764182425,9.8,999,9.88088088088088
892,107,9.88452914798206,9.81308411214953,999,9.87687687687688
896,102,9.88392857142857,9.81372549019608,998,9.87675350701403
887,112,9.87598647125141,9.79464285714286,999,9.86686686686687
891,108,9.87429854096521,9.82407407407407,999,9.86886886886887
886,109,9.86681715575621,9.8256880733945,995,9.86231155778894
888,110,9.875,9.81818181818182,998,9.8687374749499
890,109,9.87415730337079,9.81651376146789,999,9.86786786786787
887,111,9.8793686583991,9.81081081081081,998,9.87174348697395
883,114,9.87655719139298,9.81578947368421,997,9.86960882647944
884,115,9.88574660633484,9.79130434782609,999,9.87487487487487
890,108,9.88539325842697,9.78703703703704,998,9.874749498998
890,108,9.87977528089888,9.76851851851852,998,9.86773547094188
889,109,9.87514060742407,9.77981651376147,998,9.86472945891784
892,107,9.88004484304933,9.78504672897196,999,9.86986986986987
884,115,9.87782805429864,9.8,999,9.86886886886887
885,113,9.87231638418079,9.79646017699115,998,9.86372745490982
892,107,9.87219730941704,9.82242990654206,999,9.86686686686687
890,108,9.87303370786517,9.83333333333333,998,9.8687374749499
890,109,9.8752808988764,9.8256880733945,999,9.86986986986987
888,109,9.8795045045045,9.8256880733945,997,9.87362086258776
894,103,9.87472035794183,9.81553398058252,997,9.86860581745236
895,103,9.87709497206704,9.81553398058252,998,9.87074148296593
902,97,9.87472283813747,9.80412371134021,999,9.86786786786787
905,94,9.87182320441989,9.78723404255319,999,9.86386386386386
907,92,9.87431091510474,9.77173913043478,999,9.86486486486486
907,91,9.87320837927233,9.79120879120879,998,9.86573146292585
908,90,9.86563876651982,9.77777777777778,998,9.85771543086172
904,95,9.86725663716814,9.76842105263158,999,9.85785785785786
905,94,9.86519337016575,9.76595744680851,999,9.85585585585586
903,96,9.87375415282392,9.76041666666667,999,9.86286286286286
901,97,9.87902330743618,9.75257731958763,998,9.86673346693387
904,93,9.88053097345133,9.74193548387097,997,9.86760280842528
904,95,9.88827433628319,9.73684210526316,999,9.87387387387387
907,91,9.88423373759647,9.72527472527472,998,9.86973947895792
916,80,9.89082969432314,9.725,996,9.87751004016064
913,83,9.88280394304491,9.69879518072289,996,9.86746987951807
922,76,9.88286334056399,9.69736842105263,998,9.8687374749499
926,73,9.88336933045356,9.6986301369863,999,9.86986986986987
921,78,9.87947882736156,9.71794871794872,999,9.86686686686687
921,77,9.88490770901194,9.7012987012987,998,9.87074148296593
917,81,9.88876772082879,9.69135802469136,998,9.87274549098196
914,85,9.88621444201313,9.69411764705882,999,9.86986986986987
914,85,9.87855579868709,9.71764705882353,999,9.86486486486486
911,87,9.88254665203073,9.73563218390805,998,9.86973947895792
914,82,9.88183807439825,9.79268292682927,996,9.87449799196787
912,85,9.88486842105263,9.82352941176471,997,9.87963891675025
913,86,9.88280394304491,9.82558139534884,999,9.87787787787788
915,83,9.88524590163934,9.86746987951807,998,9.88376753507014
914,85,9.88949671772429,9.88235294117647,999,9.88888888888889
913,84,9.89375684556407,9.90476190476191,997,9.89468405215647
915,81,9.89945355191257,9.90123456790123,996,9.8995983935743
914,85,9.89934354485777,9.89411764705882,999,9.8988988988989
915,84,9.89945355191257,9.89285714285714,999,9.8988988988989
910,89,9.90549450549451,9.91011235955056,999,9.90590590590591
911,86,9.90450054884742,9.90697674418605,997,9.90471414242728
914,85,9.89824945295405,9.89411764705882,999,9.8978978978979
911,88,9.90340285400659,9.89772727272727,999,9.9029029029029
912,86,9.90241228070176,9.8953488372093,998,9.90180360721443
910,88,9.91098901098901,9.90909090909091,998,9.91082164328657
913,86,9.91456736035049,9.91860465116279,999,9.91491491491491
915,84,9.91366120218579,9.92857142857143,999,9.91491491491491
916,82,9.91266375545852,9.9390243902439,998,9.91482965931864
916,82,9.92248908296943,9.9390243902439,998,9.92384769539078
920,77,9.92391304347826,9.93506493506493,997,9.92477432296891
920,78,9.925,9.93589743589744,998,9.92585170340681
921,78,9.92942453854506,9.94871794871795,999,9.93093093093093
920,79,9.93152173913044,9.94936708860759,999,9.93293293293293
919,79,9.93144722524483,9.94936708860759,998,9.93286573146293
918,81,9.93137254901961,9.95061728395062,999,9.93293293293293
914,85,9.93326039387309,9.94117647058824,999,9.93393393393393
916,82,9.93231441048035,9.9390243902439,998,9.93286573146293
917,81,9.93020719738277,9.91358024691358,998,9.92885771543086
918,78,9.92919389978213,9.91025641025641,996,9.92771084337349
922,76,9.93058568329718,9.89473684210526,998,9.92785571142285
918,81,9.93246187363834,9.87654320987654,999,9.92792792792793
920,78,9.93152173913044,9.87179487179487,998,9.92685370741483
916,82,9.93668122270742,9.85365853658537,998,9.92985971943888
918,79,9.94117647058824,9.86075949367089,997,9.93480441323972
918,80,9.94335511982571,9.85,998,9.93587174348697
921,77,9.94028230184582,9.87012987012987,998,9.93486973947896
924,74,9.93939393939394,9.86486486486486,998,9.93386773547094
926,73,9.93628509719222,9.84931506849315,999,9.92992992992993
924,75,9.93722943722944,9.85333333333333,999,9.93093093093093
925,73,9.93513513513514,9.84931506849315,998,9.92885771543086
926,73,9.93736501079914,9.86301369863014,999,9.93193193193193
929,70,9.93649085037675,9.87142857142857,999,9.93193193193193
929,70,9.93433799784715,9.9,999,9.93193193193193
932,67,9.93776824034335,9.8955223880597,999,9.93493493493493
934,64,9.93683083511777,9.90625,998,9.93486973947896
939,60,9.93716719914803,9.91666666666667,999,9.93593593593594
937,61,9.93703308431163,9.91803278688525,998,9.93587174348697
936,62,9.93803418803419,9.91935483870968,998,9.93687374749499
937,60,9.94023479188901,9.95,997,9.94082246740221
935,64,9.94652406417112,9.953125,999,9.94694694694695
932,67,9.9431330472103,9.95522388059701,999,9.94394394394394
932,66,9.9431330472103,9.95454545454546,998,9.9438877755511
931,68,9.94522019334049,9.97058823529412,999,9.94694694694695
925,72,9.95135135135135,9.97222222222222,997,9.95285857572718
925,74,9.95351351351351,9.95945945945946,999,9.95395395395395
924,75,9.9512987012987,9.96,999,9.95195195195195
925,73,9.95675675675676,9.95890410958904,998,9.95691382765531
919,80,9.94994559303591,9.95,999,9.94994994994995
918,81,9.94771241830065,9.97530864197531,999,9.94994994994995
920,79,9.94782608695652,9.9746835443038,999,9.94994994994995
918,80,9.93790849673203,9.975,998,9.94088176352705
919,78,9.94341675734494,9.97435897435897,997,9.94583751253761
924,75,9.94372294372294,9.97333333333333,999,9.94594594594595
926,71,9.94600431965443,9.97183098591549,997,9.94784353059178
930,68,9.94838709677419,9.98529411764706,998,9.95090180360721
934,65,9.94646680942184,9.98461538461538,999,9.94894894894895
932,66,9.9431330472103,9.98484848484848,998,9.94589178356713
937,61,9.94557097118463,9.98360655737705,998,9.94789579158317
938,60,9.94456289978678,9.98333333333333,998,9.94689378757515
938,60,9.94776119402985,10.0,998,9.95090180360721
935,63,9.94973262032086,10.0,998,9.95290581162325
938,61,9.94776119402985,10.0,999,9.95095095095095
935,63,9.94973262032086,10.0,998,9.95290581162325
936,63,9.9465811965812,10.0,999,9.94994994994995
937,61,9.94770544290288,10.0,998,9.95090180360721
933,66,9.94748124330118,10.0,999,9.95095095095095
933,65,9.94855305466238,10.0,998,9.95190380761523
929,70,9.95048439181916,10.0,999,9.95395395395395
926,72,9.94600431965443,10.0,998,9.9498997995992
924,75,9.9534632034632,10.0,999,9.95695695695696
928,70,9.95150862068965,10.0,998,9.95490981963928
925,73,9.95351351351351,10.0,998,9.95691382765531
931,67,9.95166487647691,10.0,998,9.95490981963928
931,67,9.95381310418904,10.0,998,9.95691382765531
939,60,9.95207667731629,10.0,999,9.95495495495495
937,61,9.94770544290288,10.0,998,9.95090180360721
939,58,9.94994675186368,10.0,997,9.95285857572718
944,55,9.94597457627119,10.0,999,9.94894894894895
944,54,9.94597457627119,10.0,998,9.94889779559118
944,53,9.9396186440678,10.0,997,9.94282848545637
943,55,9.94273594909862,10.0,998,9.94589178356713
941,56,9.94686503719447,10.0,997,9.94984954864594
938,61,9.94243070362473,10.0,999,9.94594594594595
937,59,9.94450373532551,10.0,996,9.94779116465863
934,62,9.94004282655246,10.0,996,9.94377510040161
937,61,9.94236926360726,10.0,998,9.94589178356713
940,58,9.9436170212766,10.0,998,9.94689378757515
944,54,9.9406779661017,10.0,998,9.9438877755511
939,58,9.94142705005325,10.0,997,9.94483450351053
944,55,9.94597457627119,10.0,999,9.94894894894895
941,58,9.94155154091392,10.0,999,9.94494494494494
943,56,9.94697773064687,10.0,999,9.94994994994995
940,58,9.94574468085106,10.0,998,9.94889779559118
940,59,9.94787234042553,10.0,999,9.95095095095095
935,61,9.94866310160428,10.0,996,9.95180722891566
936,63,9.94764957264957,10.0,999,9.95095095095095
934,64,9.94967880085653,10.0,998,9.95290581162325
931,67,9.94951664876477,10.0,998,9.95290581162325
931,68,9.9484425349087,10.0,999,9.95195195195195
929,69,9.94725511302476,10.0,998,9.95090180360721
928,70,9.94935344827586,10.0,998,9.95290581162325
926,72,9.95032397408207,10.0,998,9.95390781563126
926,71,9.95140388768898,10.0,997,9.95486459378134
933,66,9.94855305466238,10.0,999,9.95195195195195
936,63,9.94978632478633,10.0,999,9.95295295295295
934,64,9.94967880085653,10.0,998,9.95290581162325
936,60,9.95192307692308,10.0,996,9.95481927710843
939,60,9.9542066027689,10.0,999,9.95695695695696
941,58,9.95324123273114,10.0,999,9.95595595595596
942,55,9.95329087048832,10.0,997,9.95586760280842
943,56,9.94591728525981,10.0,999,9.94894894894895
947,52,9.9493136219641,10.0,999,9.95195195195195
947,50,9.95248152059134,10.0,997,9.95486459378134
952,47,9.95273109243698,10.0,999,9.95495495495495
948,49,9.9535864978903,10.0,997,9.95586760280842
956,43,9.95083682008368,10.0,999,9.95295295295295
953,44,9.9485834207765,10.0,997,9.95085255767302
956,41,9.94769874476988,10.0,997,9.94984954864594
958,41,9.94676409185804,10.0,999,9.94894894894895
960,38,9.94270833333333,10.0,998,9.94488977955912
958,39,9.94154488517745,10.0,997,9.94383149448345
956,42,9.94142259414226,10.0,998,9.9438877755511
958,41,9.93528183716075,10.0,999,9.93793793793794
957,41,9.93103448275862,10.0,998,9.93386773547094
962,37,9.93139293139293,10.0,999,9.93393393393393
964,35,9.92427385892116,10.0,999,9.92692692692693
962,37,9.92723492723493,10.0,999,9.92992992992993
960,38,9.93645833333333,10.0,998,9.93887775551102
958,41,9.93423799582463,10.0,999,9.93693693693694
956,41,9.93828451882845,10.0,997,9.94082246740221
957,41,9.94670846394984,10.0,998,9.94889779559118
958,40,9.94989561586639,10.0,998,9.95190380761523
959,39,9.94994786235662,10.0,998,9.95190380761523
959,39,9.94786235662148,10.0,998,9.9498997995992
961,38,9.95109261186264,10.0,999,9.95295295295295
962,36,9.95530145530146,10.0,998,9.95691382765531
964,33,9.95539419087137,10.0,997,9.95687061183551
961,35,9.95837669094693,10.0,996,9.95983935742972
966,33,9.95859213250518,10.0,999,9.95995995995996
964,32,9.95850622406639,10.0,996,9.95983935742972
969,30,9.95768833849329,10.0,999,9.95895895895896
965,32,9.95440414507772,10.0,997,9.95586760280842
964,34,9.95124481327801,10.0,998,9.95290581162325
960,38,9.94791666666667,10.0,998,9.9498997995992
964,35,9.94813278008299,10.0,999,9.94994994994995
962,36,9.94802494802495,10.0,998,9.9498997995992
960,38,9.95208333333333,10.0,998,9.95390781563126
961,38,9.94901144640999,10.0,999,9.95095095095095
957,42,9.95297805642633,10.0,999,9.95495495495495
954,45,9.95073375262055,10.0,999,9.95295295295295
947,51,9.95142555438226,10.0,998,9.95390781563126
942,55,9.95541401273885,10.0,997,9.95787362086259
942,57,9.95222929936306,10.0,999,9.95495495495495
943,55,9.95440084835631,10.0,998,9.95691382765531
944,51,9.95762711864407,10.0,995,9.95979899497488
947,51,9.95987328405491,10.0,998,9.96192384769539
949,50,9.95890410958904,10.0,999,9.96096096096096
951,48,9.9589905362776,10.0,999,9.96096096096096
951,46,9.96004206098843,10.0,997,9.96188565697091
955,44,9.96020942408377,10.0,999,9.96196196196196
954,45,9.95911949685535,10.0,999,9.96096096096096
957,42,9.95820271682341,10.0,999,9.95995995995996
958,41,9.95824634655532,10.0,999,9.95995995995996
959,40,9.96037539103233,10.0,999,9.96196196196196
959,39,9.96246089676747,10.0,998,9.96392785571142
958,41,9.96242171189979,10.0,999,9.96396396396396
956,43,9.96443514644352,10.0,999,9.96596596596597
958,40,9.96242171189979,10.0,998,9.96392785571142
961,38,9.96253902185224,10.0,999,9.96396396396396
960,37,9.96354166666667,10.0,997,9.96489468405216
961,36,9.96566077003122,10.0,997,9.96690070210632
963,36,9.96261682242991,10.0,999,9.96396396396396
964,35,9.96265560165975,10.0,999,9.96396396396396
964,35,9.96576763485477,10.0,999,9.96696696696697
963,36,9.96469366562824,10.0,999,9.96596596596597
965,34,9.96269430051813,10.0,999,9.96396396396396
962,37,9.96257796257796,10.0,999,9.96396396396396
965,33,9.96165803108808,10.0,998,9.96292585170341
964,35,9.96161825726141,10.0,999,9.96296296296296
960,36,9.96041666666667,10.0,996,9.96184738955823
963,36,9.9595015576324,10.0,999,9.96096096096096
958,40,9.95615866388309,10.0,998,9.95791583166333
955,43,9.95916230366492,10.0,998,9.96092184368737
956,42,9.9592050209205,10.0,998,9.96092184368737
952,47,9.95588235294118,10.0,999,9.95795795795796
954,45,9.95702306079665,10.0,999,9.95895895895896
953,45,9.95592864637985,10.0,998,9.95791583166333
950,47,9.95368421052632,10.0,997,9.95586760280842
954,45,9.95283018867925,10.0,999,9.95495495495495
957,41,9.95193312434692,10.0,998,9.95390781563126
955,44,9.95392670157068,10.0,999,9.95595595595596
957,41,9.95297805642633,10.0,998,9.95490981963928
953,44,9.95383001049318,10.0,997,9.95586760280842
959,39,9.95203336809176,10.0,998,9.95390781563126
960,39,9.95104166666667,10.0,999,9.95295295295295
963,35,9.95534787123572,10.0,998,9.95691382765531
964,33,9.95331950207469,10.0,997,9.95486459378134
970,29,9.95567010309278,10.0,999,9.95695695695696
970,29,9.95876288659794,10.0,999,9.95995995995996
971,27,9.96086508753862,10.0,998,9.96192384769539
968,29,9.95971074380165,10.0,997,9.96088264794383
971,27,9.96292481977343,10.0,998,9.96392785571142
969,28,9.95872033023736,10.0,997,9.95987963891675
971,28,9.9577754891864,10.0,999,9.95895895895896
970,28,9.95670103092784,10.0,998,9.95791583166333
967,29,9.95553257497415,10.0,996,9.95682730923695
970,28,9.95567010309278,10.0,998,9.95691382765531
972,27,9.95679012345679,10.0,999,9.95795795795796
974,25,9.95482546201232,10.0,999,9.95595595595596
972,27,9.9537037037037,10.0,999,9.95495495495495
970,28,9.95257731958763,10.0,998,9.95390781563126
969,28,9.95149638802889,10.0,997,9.95285857572718
968,30,9.95247933884298,10.0,998,9.95390781563126
969,28,9.9484004127967,10.0,997,9.94984954864594
969,29,9.95046439628483,10.0,998,9.95190380761523
970,29,9.95051546391753,10.0,999,9.95195195195195
971,28,9.95468589083419,10.0,999,9.95595595595596
971,28,9.95468589083419,10.0,999,9.95595595595596
969,29,9.95459236326109,10.0,998,9.95591182364729
972,27,9.95473251028807,10.0,999,9.95595595595596
974,24,9.95379876796714,10.0,998,9.95490981963928
973,25,9.95786228160329,10.0,998,9.95891783567134
975,23,9.96102564102564,10.0,998,9.96192384769539
975,23,9.96102564102564,10.0,998,9.96192384769539
977,22,9.95905834186285,10.0,999,9.95995995995996
977,22,9.96212896622313,10.0,999,9.96296296296296
977,22,9.96315250767656,10.0,999,9.96396396396396
974,25,9.96201232032854,10.0,999,9.96296296296296
977,22,9.96008188331627,10.0,999,9.96096096096096
975,23,9.95897435897436,10.0,998,9.95991983967936
974,24,9.96098562628337,10.0,998,9.96192384769539
973,25,9.95991778006167,10.0,998,9.96092184368737
972,24,9.96502057613169,10.0,996,9.96586345381526
973,25,9.96300102774923,10.0,998,9.96392785571142
974,25,9.96509240246407,10.0,999,9.96596596596597
976,23,9.96311475409836,10.0,999,9.96396396396396
977,22,9.96417604912999,10.0,999,9.96496496496496
975,22,9.96512820512821,10.0,997,9.96589769307924
973,26,9.96608427543679,10.0,999,9.96696696696697
975,24,9.96820512820513,10.0,999,9.96896896896897
970,29,9.96907216494845,10.0,999,9.96996996996997
969,29,9.97110423116615,10.0,998,9.97194388777555
969,29,9.96800825593395,10.0,998,9.9689378757515
972,27,9.97530864197531,10.0,999,9.97597597597598
969,30,9.97729618163055,10.0,999,9.97797797797798
