forward_num,reverse_num,forward_rate,reverse_rate,organism_num,organism_rate
500,500,5.5,5.5,1000,5.5
491,498,5.5213849287169,5.5,989,5.51061678463094
487,498,5.54209445585216,5.5,985,5.52081218274112
539,459,6.07050092764378,5.49019607843137,998,5.80360721442886
581,416,6.16006884681584,5.50961538461539,997,5.88866599799398
627,372,6.33333333333333,5.53494623655914,999,6.03603603603604
658,341,6.27355623100304,5.53079178885631,999,6.02002002002002
678,321,6.29646017699115,5.47352024922118,999,6.03203203203203
694,305,6.40489913544669,5.54098360655738,999,6.14114114114114
717,282,6.43654114365411,5.50354609929078,999,6.17317317317317
709,290,6.54583921015515,5.26551724137931,999,6.17417417417417
735,264,6.33605442176871,5.1969696969697,999,6.03503503503504
720,278,6.44861111111111,4.85251798561151,998,6.00400801603206
691,308,6.45296671490593,4.97077922077922,999,5.995995995996
697,301,6.52797704447633,5.06312292358804,998,6.08617234468938
683,316,6.56076134699854,5.40506329113924,999,6.1951951951952
697,302,6.66284074605452,5.59271523178808,999,6.33933933933934
688,311,6.73546511627907,5.42443729903537,999,6.32732732732733
670,329,6.81492537313433,5.50759878419453,999,6.38438438438438
662,337,6.88519637462236,5.86350148367953,999,6.54054054054054
692,305,6.91907514450867,5.84590163934426,997,6.59077231695085
721,278,6.63106796116505,5.81654676258993,999,6.4044044044044
695,304,6.69784172661871,5.72039473684211,999,6.4004004004004
688,311,6.7921511627907,5.86173633440514,999,6.5025025025025
707,292,6.82461103253182,5.76712328767123,999,6.51551551551552
698,301,6.91977077363897,6.04983388704319,999,6.65765765765766
703,295,6.88762446657184,5.96271186440678,998,6.61422845691383
703,296,6.93741109530583,5.94256756756757,999,6.64264264264264
714,284,6.96078431372549,6.02112676056338,998,6.69338677354709
719,279,6.99582753824757,6.17204301075269,998,6.76553106212425
717,281,7.05718270571827,6.27758007117438,998,6.8376753507014
725,274,7.10896551724138,6.38686131386861,999,6.91091091091091
734,265,7.21525885558583,6.34339622641509,999,6.98398398398398
726,273,7.24242424242424,6.32600732600733,999,6.99199199199199
723,274,7.29460580912863,6.31386861313869,997,7.02507522567703
722,277,7.38365650969529,6.40072202166065,999,7.11111111111111
721,277,7.43828016643551,6.45126353790614,998,7.16432865731463
728,271,7.40247252747253,6.4280442804428,999,7.13813813813814
734,263,7.44005449591281,6.43726235741445,997,7.17552657973922
733,264,7.4774897680764,6.42424242424242,997,7.19859578736209
738,259,7.54471544715447,6.42857142857143,997,7.25476429287864
736,263,7.44972826086957,6.56653992395437,999,7.21721721721722
735,263,7.49659863945578,6.57034220532319,998,7.25250501002004
735,263,7.53333333333333,6.66159695817491,998,7.30360721442886
730,269,7.57945205479452,6.60594795539033,999,7.31731731731732
737,261,7.57937584803256,6.68582375478927,998,7.34569138276553
733,264,7.59481582537517,6.71212121212121,997,7.36108324974925
731,266,7.66347469220246,6.69548872180451,997,7.40521564694082
739,260,7.6319350473613,6.76538461538462,999,7.40640640640641
743,256,7.68506056527591,6.7109375,999,7.43543543543544
735,264,7.71428571428571,6.68939393939394,999,7.44344344344344
731,267,7.69904240766074,6.69662921348315,998,7.43086172344689
734,263,7.74931880108992,6.80228136882129,997,7.49949849548646
730,269,7.77808219178082,6.82527881040892,999,7.52152152152152
726,270,7.76170798898072,6.69259259259259,996,7.4718875502008
726,273,7.83333333333333,6.75824175824176,999,7.53953953953954
736,263,7.9008152173913,6.76045627376426,999,7.6006006006006
732,267,7.94262295081967,6.8314606741573,999,7.64564564564565
733,264,7.93178717598909,6.84848484848485,997,7.64493480441324
734,264,7.92779291553134,6.98484848484848,998,7.67835671342685
748,251,7.9144385026738,7.09561752988048,999,7.70870870870871
736,263,7.90353260869565,7.19011406844106,999,7.71571571571572
740,256,7.91351351351351,7.1796875,996,7.72489959839357
738,259,7.93766937669377,7.22393822393822,997,7.75225677031093
738,259,7.99593495934959,7.15057915057915,997,7.77632898696088
743,256,7.96769851951548,7.16015625,999,7.76076076076076
741,258,7.98380566801619,7.15891472868217,999,7.77077077077077
736,262,8.0258152173913,7.14503816793893,998,7.79458917835671
740,258,8.02972972972973,7.13953488372093,998,7.79959919839679
748,251,8.05213903743316,7.199203187251,999,7.83783783783784
736,261,8.03260869565217,7.22605363984674,997,7.82146439317954
734,264,8.05040871934605,7.25378787878788,998,7.83967935871743
742,256,8.07951482479784,7.23046875,998,7.86172344689379
736,263,8.16847826086956,7.27376425855513,999,7.93293293293293
748,251,8.20989304812834,7.27490039840637,999,7.97497497497497
748,250,8.1831550802139,7.244,998,7.94789579158317
744,250,8.19354838709677,7.316,994,7.9728370221328
744,254,8.21639784946237,7.2992125984252,998,7.98296593186373
746,252,8.21313672922252,7.31349206349206,998,7.98597194388778
749,249,8.25367156208278,7.37751004016064,998,8.03507014028056
750,248,8.248,7.375,998,8.0310621242485
755,242,8.23311258278146,7.4297520661157,997,8.03811434302909
748,250,8.21122994652406,7.496,998,8.03206412825651
753,245,8.21779548472776,7.44897959183673,998,8.02905811623246
750,249,8.228,7.55421686746988,999,8.06006006006006
750,248,8.22933333333333,7.52016129032258,998,8.05310621242485
749,249,8.21361815754339,7.57429718875502,998,8.05410821643287
757,242,8.2113606340819,7.5702479338843,999,8.05605605605606
739,260,8.20297699594046,7.60384615384615,999,8.04704704704705
734,264,8.26566757493188,7.63257575757576,998,8.09819639278557
733,266,8.27967257844475,7.69172932330827,999,8.12312312312312
731,268,8.29822161422709,7.71641791044776,999,8.14214214214214
728,270,8.31868131868132,7.72222222222222,998,8.15731462925852
725,274,8.33793103448276,7.74452554744526,999,8.17517517517518
715,284,8.35664335664336,7.78169014084507,999,8.19319319319319
715,282,8.38041958041958,7.81914893617021,997,8.22166499498496
725,274,8.36551724137931,7.80656934306569,999,8.21221221221221
722,277,8.35457063711911,7.8086642599278,999,8.2032032032032
721,277,8.37031900138696,7.85559566787004,998,8.22745490981964
717,282,8.39609483960948,7.90425531914894,999,8.25725725725726
715,283,8.41118881118881,7.92932862190813,998,8.27454909819639
718,280,8.34540389972145,7.94285714285714,998,8.23246492985972
723,275,8.38589211618257,7.94545454545455,998,8.26452905811623
727,271,8.42503438789546,7.86346863468635,998,8.27254509018036
732,266,8.47677595628415,7.85338345864662,998,8.31062124248497
726,273,8.48760330578512,7.80952380952381,999,8.3023023023023
727,271,8.49105914718019,7.79335793357934,998,8.30160320641283
733,265,8.4924965893588,7.79245283018868,998,8.30661322645291
731,268,8.51299589603283,7.76865671641791,999,8.31331331331331
731,267,8.54172366621067,7.7565543071161,998,8.33166332665331
733,266,8.54570259208731,7.76691729323308,999,8.33833833833834
729,267,8.5363511659808,7.78277153558052,996,8.33433734939759
733,266,8.55388813096862,7.87218045112782,999,8.37237237237237
728,270,8.57005494505495,7.88888888888889,998,8.38577154308617
729,268,8.59396433470508,7.90298507462687,997,8.40822467402207
725,273,8.63034482758621,7.90842490842491,998,8.43286573146293
727,272,8.6423658872077,7.90441176470588,999,8.44144144144144
739,260,8.66441136671177,7.87692307692308,999,8.45945945945946
734,265,8.68392370572207,7.84905660377358,999,8.46246246246246
741,258,8.67611336032389,7.8953488372093,999,8.47447447447447
743,256,8.65679676985195,7.84375,999,8.44844844844845
747,252,8.69210174029451,7.83730158730159,999,8.47647647647648
755,244,8.6953642384106,7.85655737704918,999,8.49049049049049
752,245,8.70877659574468,7.88979591836735,997,8.50752256770311
757,242,8.69749009247028,7.91735537190083,999,8.50850850850851
755,238,8.6953642384106,7.89495798319328,993,8.50352467270896
763,236,8.67103538663172,7.92372881355932,999,8.49449449449449
758,240,8.70448548812665,7.92083333333333,998,8.51603206412826
760,239,8.69868421052632,7.86192468619247,999,8.4984984984985
761,238,8.69513797634691,7.83613445378151,999,8.49049049049049
761,238,8.71222076215506,7.8781512605042,999,8.51351351351351
765,234,8.75424836601307,7.81623931623932,999,8.53453453453453
757,241,8.73712021136063,7.81327800829875,998,8.51402805611222
757,242,8.74768824306473,7.83884297520661,999,8.52752752752753
756,242,8.73148148148148,7.95454545454545,998,8.54308617234469
758,241,8.73746701846966,7.9792531120332,999,8.55455455455455
764,232,8.77225130890052,8.08189655172414,996,8.61144578313253
767,231,8.77314211212516,8.12121212121212,998,8.62224448897796
768,229,8.78125,8.18777292576419,997,8.64493480441324
772,224,8.80051813471503,8.16964285714286,996,8.65863453815261
771,228,8.79377431906615,8.25438596491228,999,8.67067067067067
770,229,8.78181818181818,8.30131004366812,999,8.67167167167167
765,233,8.78562091503268,8.37339055793991,998,8.68937875751503
773,226,8.77749029754204,8.45132743362832,999,8.7037037037037
767,229,8.77314211212516,8.49781659388646,996,8.70983935742972
770,228,8.79350649350649,8.44736842105263,998,8.71442885771543
765,234,8.82483660130719,8.49145299145299,999,8.74674674674675
770,228,8.82337662337662,8.44298245614035,998,8.73647294589178
761,237,8.84099868593955,8.44725738396624,998,8.74749498997996
760,239,8.825,8.50627615062761,999,8.74874874874875
763,236,8.84272608125819,8.53813559322034,999,8.77077077077077
753,246,8.85922974767596,8.46341463414634,999,8.76176176176176
757,242,8.87450462351387,8.43801652892562,999,8.76876876876877
758,241,8.89841688654354,8.48547717842324,999,8.7987987987988
761,237,8.85939553219448,8.50210970464135,998,8.77454909819639
767,232,8.85528031290743,8.53879310344828,999,8.78178178178178
771,228,8.84695201037614,8.56578947368421,999,8.78278278278278
771,228,8.86121919584955,8.52631578947368,999,8.78478478478478
771,228,8.85732814526589,8.53947368421053,999,8.78478478478478
774,223,8.87726098191214,8.55156950672646,997,8.80441323971916
769,230,8.84785435630689,8.6,999,8.79079079079079
769,230,8.82444733420026,8.50434782608696,999,8.75075075075075
769,230,8.83745123537061,8.57391304347826,999,8.77677677677678
773,225,8.82794307891333,8.57777777777778,998,8.77154308617235
777,222,8.82625482625483,8.65765765765766,999,8.78878878878879
786,213,8.84860050890585,8.64788732394366,999,8.80580580580581
779,220,8.85622593068036,8.60909090909091,999,8.8018018018018
777,220,8.86357786357786,8.6,997,8.80541624874624
770,228,8.9038961038961,8.58771929824561,998,8.83166332665331
771,228,8.92477302204929,8.57894736842105,999,8.84584584584585
769,229,8.95448634590377,8.5764192139738,998,8.86773547094188
771,226,8.96368352788586,8.53539823008849,997,8.86659979939819
760,237,8.99736842105263,8.61603375527426,997,8.90672016048144
756,242,9.01719576719577,8.56198347107438,998,8.90681362725451
747,251,9.0334672021419,8.60557768924303,998,8.92585170340681
754,245,8.9814323607427,8.62857142857143,999,8.89489489489489
755,243,8.99337748344371,8.66255144032922,998,8.9128256513026
753,243,8.99867197875166,8.65020576131687,996,8.9136546184739
751,247,9.00798934753662,8.63157894736842,998,8.91482965931864
750,249,9.00666666666667,8.67068273092369,999,8.92292292292292
747,252,9.0,8.66269841269841,999,8.91491491491491
742,253,8.99595687331536,8.71936758893281,995,8.92562814070352
737,262,8.98236092265943,8.74809160305344,999,8.92092092092092
737,262,8.99185888738127,8.74427480916031,999,8.92692692692693
746,252,9.00268096514745,8.77777777777778,998,8.94589178356713
752,244,8.97207446808511,8.80737704918033,996,8.93172690763052
752,247,8.96542553191489,8.8502024291498,999,8.93693693693694
748,251,8.95454545454546,8.83665338645418,999,8.92492492492492
747,251,8.99062918340027,8.84462151394422,998,8.95390781563126
740,259,8.98918918918919,8.86486486486486,999,8.95695695695696
743,256,8.99327052489906,8.85546875,999,8.95795795795796
735,261,9.03265306122449,8.82758620689655,996,8.9789156626506
744,255,9.02284946236559,8.84705882352941,999,8.97797797797798
741,258,9.00539811066127,8.81782945736434,999,8.95695695695696
736,261,9.02173913043478,8.80459770114943,997,8.96489468405216
746,253,9.03753351206434,8.75889328063241,999,8.96696696696697
741,257,9.03508771929824,8.81712062256809,998,8.97895791583166
744,254,9.06451612903226,8.79527559055118,998,8.99599198396794
736,263,9.08695652173913,8.80988593155894,999,9.01401401401401
747,252,9.05756358768407,8.73809523809524,999,8.97697697697698
750,249,9.056,8.78714859437751,999,8.98898898898899
749,249,9.06008010680908,8.75100401606426,998,8.98296593186373
750,248,9.03066666666667,8.77016129032258,998,8.96593186372746
753,246,9.02124833997344,8.70731707317073,999,8.94394394394394
744,254,9.0241935483871,8.65354330708661,998,8.92985971943888
752,247,9.05718085106383,8.68421052631579,999,8.96496496496496
753,246,9.0332005312085,8.69105691056911,999,8.94894894894895
761,238,9.07490144546649,8.67647058823529,999,8.97997997997998
763,236,9.07208387942333,8.71610169491525,999,8.98798798798799
763,235,9.06422018348624,8.75744680851064,998,8.99198396793587
761,237,9.09198423127464,8.81434599156118,998,9.02605210420842
765,233,9.08366013071895,8.8068669527897,998,9.0190380761523
764,235,9.09162303664922,8.83829787234043,999,9.03203203203203
766,232,9.09007832898172,8.79741379310345,998,9.02204408817635
773,225,9.08926261319534,8.80888888888889,998,9.02605210420842
773,226,9.08796895213454,8.84070796460177,999,9.03203203203203
775,224,9.08258064516129,8.84821428571429,999,9.03003003003003
782,217,9.11636828644501,8.88940092165899,999,9.06706706706707
788,210,9.13451776649746,8.91428571428571,998,9.08817635270541
789,210,9.14955640050697,8.95714285714286,999,9.10910910910911
787,210,9.14866581956798,8.96190476190476,997,9.10932798395186
784,214,9.15051020408163,8.98598130841122,998,9.11523046092184
786,212,9.16921119592875,9.04716981132075,998,9.14328657314629
779,220,9.16559691912709,9.01363636363636,999,9.13213213213213
790,209,9.15822784810127,9.04306220095694,999,9.13413413413413
788,210,9.18274111675127,9.04285714285714,998,9.15330661322645
786,211,9.16412213740458,9.03791469194313,997,9.13741223671013
785,213,9.17452229299363,9.07981220657277,998,9.15430861723447
779,220,9.2002567394095,9.05,999,9.16716716716717
768,228,9.2109375,9.0921052631579,996,9.18373493975904
765,234,9.23006535947712,9.05982905982906,999,9.19019019019019
769,230,9.23927178153446,9.06521739130435,999,9.1991991991992
765,233,9.24183006535948,9.07725321888412,998,9.20340681362725
772,227,9.25777202072539,9.05286343612335,999,9.21121121121121
772,227,9.27720207253886,9.06167400881057,999,9.22822822822823
766,233,9.26892950391645,9.04721030042919,999,9.21721721721722
768,231,9.25651041666667,9.07792207792208,999,9.21521521521522
766,230,9.24281984334204,9.05652173913044,996,9.19979919678715
773,226,9.26390685640362,9.07964601769912,999,9.22222222222222
777,219,9.26126126126126,9.08219178082192,996,9.2218875502008
780,219,9.28076923076923,9.02739726027397,999,9.22522522522523
781,217,9.28040973111396,9.01382488479263,998,9.22244488977956
787,210,9.33672172808132,9.04761904761905,997,9.27582748244734
783,216,9.34610472541507,9.03240740740741,999,9.27827827827828
772,226,9.35492227979275,9.01769911504425,998,9.27855711422846
779,219,9.36842105263158,9.06392694063927,998,9.30160320641283
778,221,9.3573264781491,9.09049773755656,999,9.2982982982983
782,217,9.37084398976982,9.08294930875576,999,9.30830830830831
774,225,9.37984496124031,9.14222222222222,999,9.32632632632633
773,222,9.36739974126779,9.15765765765766,995,9.32060301507538
766,232,9.36814621409922,9.15086206896552,998,9.31763527054108
776,222,9.35824742268041,9.17567567567568,998,9.31763527054108
772,227,9.3419689119171,9.24669603524229,999,9.32032032032032
780,219,9.38205128205128,9.21461187214612,999,9.34534534534535
779,219,9.37740693196406,9.19178082191781,998,9.33667334669339
783,215,9.3639846743295,9.2093023255814,998,9.33066132264529
782,216,9.3618925831202,9.24074074074074,998,9.33567134268537
785,212,9.36305732484076,9.22641509433962,997,9.33400200601805
784,215,9.35969387755102,9.22325581395349,999,9.33033033033033
791,207,9.38053097345133,9.2463768115942,998,9.35270541082164
790,209,9.35949367088608,9.23444976076555,999,9.33333333333333
793,204,9.36948297604035,9.2156862745098,997,9.33801404212638
793,204,9.34804539722573,9.22549019607843,997,9.32296890672016
798,201,9.35714285714286,9.2089552238806,999,9.32732732732733
790,207,9.34050632911392,9.256038647343,997,9.32296890672016
795,204,9.33459119496855,9.30392156862745,999,9.32832832832833
787,211,9.32782719186785,9.29857819905213,998,9.32164328657315
797,202,9.36511919698871,9.2970297029703,999,9.35135135135135
789,209,9.34727503168568,9.29665071770335,998,9.33667334669339
791,208,9.35524652338812,9.27884615384615,999,9.33933933933934
787,212,9.36848792884371,9.27830188679245,999,9.34934934934935
788,208,9.36294416243655,9.26923076923077,996,9.3433734939759
783,216,9.35632183908046,9.26388888888889,999,9.33633633633634
782,217,9.36445012787724,9.22119815668203,999,9.33333333333333
778,221,9.37017994858612,9.25339366515837,999,9.34434434434434
780,218,9.37692307692308,9.24770642201835,998,9.34869739478958
776,223,9.38659793814433,9.23766816143498,999,9.35335335335335
776,222,9.38659793814433,9.27027027027027,998,9.36072144288577
788,211,9.38451776649746,9.30805687203791,999,9.36836836836837
781,217,9.39052496798976,9.29493087557604,998,9.36973947895792
789,209,9.39670468948036,9.33492822966507,998,9.38376753507014
785,214,9.4,9.39252336448598,999,9.3983983983984
788,211,9.40355329949239,9.42654028436019,999,9.40840840840841
788,211,9.39593908629442,9.44549763033175,999,9.40640640640641
794,205,9.4080604534005,9.43414634146341,999,9.41341341341341
791,207,9.4070796460177,9.44927536231884,998,9.41583166332665
796,203,9.42085427135678,9.48275862068965,999,9.43343343343343
797,200,9.41279799247177,9.48,997,9.42627883650953
800,198,9.43125,9.51010101010101,998,9.44689378757515
798,201,9.42731829573935,9.48258706467662,999,9.43843843843844
802,196,9.42269326683292,9.45408163265306,998,9.42885771543086
796,203,9.4321608040201,9.48768472906404,999,9.44344344344344
798,200,9.42731829573935,9.51,998,9.4438877755511
794,205,9.41435768261965,9.48780487804878,999,9.42942942942943
792,207,9.40909090909091,9.49275362318841,999,9.42642642642643
792,206,9.41414141414141,9.54854368932039,998,9.44188376753507
799,200,9.43554443053817,9.57,999,9.46246246246246
798,199,9.44611528822055,9.5929648241206,997,9.47542627883651
798,200,9.44486215538847,9.605,998,9.47695390781563
796,203,9.4535175879397,9.62068965517241,999,9.48748748748749
784,214,9.44897959183673,9.63084112149533,998,9.48797595190381
792,206,9.45328282828283,9.60679611650485,998,9.48496993987976
793,206,9.44514501891551,9.61165048543689,999,9.47947947947948
798,200,9.41729323308271,9.59,998,9.45190380761523
795,204,9.4314465408805,9.60294117647059,999,9.46646646646647
796,202,9.43718592964824,9.5990099009901,998,9.46993987975952
787,212,9.42439644218551,9.58490566037736,999,9.45845845845846
789,208,9.42585551330798,9.59615384615385,997,9.46138415245737
797,202,9.43036386449185,9.60891089108911,999,9.46646646646647
787,211,9.43074968233799,9.58767772511848,998,9.46392785571142
785,212,9.45222929936306,9.57075471698113,997,9.47743229689067
795,204,9.48176100628931,9.56372549019608,999,9.4984984984985
791,206,9.46902654867257,9.58252427184466,997,9.49247743229689
795,204,9.47798742138365,9.54411764705882,999,9.49149149149149
790,209,9.48481012658228,9.5933014354067,999,9.50750750750751
792,207,9.47474747474747,9.59420289855072,999,9.4994994994995
790,208,9.47088607594937,9.62019230769231,998,9.50200400801603
790,208,9.4746835443038,9.625,998,9.5060120240481
787,211,9.47141041931385,9.60663507109005,998,9.5
792,206,9.47474747474747,9.59708737864078,998,9.5
792,207,9.48106060606061,9.56038647342995,999,9.4974974974975
793,205,9.4968474148802,9.57073170731707,998,9.51202404809619
794,204,9.50629722921914,9.57352941176471,998,9.52004008016032
791,208,9.51453855878635,9.58653846153846,999,9.52952952952953
794,204,9.5176322418136,9.60294117647059,998,9.53507014028056
783,216,9.52107279693487,9.61111111111111,999,9.54054054054054
788,211,9.5253807106599,9.60189573459716,999,9.54154154154154
782,217,9.52429667519181,9.61290322580645,999,9.54354354354354
788,210,9.54568527918782,9.61428571428571,998,9.56012024048096
780,219,9.52820512820513,9.62557077625571,999,9.54954954954955
789,210,9.51584283903676,9.58571428571429,999,9.53053053053053
781,218,9.5044814340589,9.60091743119266,999,9.52552552552553
785,214,9.4968152866242,9.5981308411215,999,9.51851851851852
781,218,9.49295774647887,9.55045871559633,999,9.50550550550551
778,219,9.52570694087404,9.53881278538813,997,9.52858575727181
775,224,9.51741935483871,9.53571428571429,999,9.52152152152152
774,222,9.52583979328165,9.48198198198198,996,9.51606425702811
772,227,9.5220207253886,9.51541850220264,999,9.52052052052052
765,234,9.53333333333333,9.5042735042735,999,9.52652652652653
756,241,9.53439153439153,9.49792531120332,997,9.52557673019057
764,235,9.54057591623037,9.49787234042553,999,9.53053053053053
774,225,9.5374677002584,9.51111111111111,999,9.53153153153153
782,215,9.53452685421995,9.47441860465116,997,9.52156469408225
786,213,9.53307888040712,9.45070422535211,999,9.51551551551552
790,209,9.52278481012658,9.47368421052632,999,9.51251251251251
789,209,9.53992395437262,9.44976076555024,998,9.52104208416834
791,208,9.53476611883691,9.45192307692308,999,9.51751751751752
791,208,9.52844500632111,9.42307692307692,999,9.50650650650651
789,210,9.54499366286439,9.42857142857143,999,9.52052052052052
780,216,9.53717948717949,9.47222222222222,996,9.52309236947791
776,220,9.53479381443299,9.46363636363636,996,9.51907630522088
777,222,9.53925353925354,9.47747747747748,999,9.52552552552553
779,217,9.53530166880616,9.51152073732719,996,9.53012048192771
782,217,9.53580562659847,9.47465437788019,999,9.52252252252252
783,215,9.52873563218391,9.46511627906977,998,9.51503006012024
787,212,9.52477763659466,9.44811320754717,999,9.50850850850851
784,213,9.52551020408163,9.46478873239437,997,9.51253761283852
785,214,9.51974522292994,9.5,999,9.51551551551552
779,220,9.53401797175867,9.50454545454545,999,9.52752752752753
782,217,9.5383631713555,9.44700460829493,999,9.51851851851852
776,223,9.54381443298969,9.4932735426009,999,9.53253253253253
785,213,9.54777070063694,9.48826291079812,998,9.53507014028056
782,217,9.5537084398977,9.50691244239631,999,9.54354354354354
787,211,9.55781448538755,9.5260663507109,998,9.55110220440882
787,212,9.55019059720457,9.5377358490566,999,9.54754754754755
786,213,9.56106870229008,9.5868544600939,999,9.56656656656657
784,215,9.54974489795918,9.62325581395349,999,9.56556556556557
780,219,9.54871794871795,9.63926940639269,999,9.56856856856857
776,223,9.55670103092783,9.6457399103139,999,9.57657657657658
780,218,9.55128205128205,9.6605504587156,998,9.5751503006012
782,217,9.54731457800512,9.66820276497696,999,9.57357357357357
781,218,9.54289372599232,9.69266055045872,999,9.57557557557558
775,224,9.52387096774194,9.67857142857143,999,9.55855855855856
777,222,9.54954954954955,9.68918918918919,999,9.58058058058058
770,229,9.52727272727273,9.65938864628821,999,9.55755755755756
770,228,9.52987012987013,9.67543859649123,998,9.56312625250501
767,230,9.53715775749674,9.68260869565217,997,9.57071213640923
770,225,9.54805194805195,9.68888888888889,995,9.57989949748744
769,230,9.55136540962289,9.69130434782609,999,9.58358358358358
771,228,9.55123216601816,9.68859649122807,999,9.58258258258258
772,227,9.54533678756477,9.70925110132159,999,9.58258258258258
768,230,9.546875,9.71304347826087,998,9.58517034068136
762,236,9.54593175853018,9.72033898305085,998,9.5871743486974
770,229,9.54415584415584,9.72489082969432,999,9.58558558558559
765,233,9.55555555555556,9.72103004291846,998,9.59418837675351
768,231,9.54427083333333,9.72294372294372,999,9.58558558558559
763,236,9.55176933158585,9.70338983050847,999,9.58758758758759
767,232,9.53455019556714,9.72413793103448,999,9.57857857857858
769,229,9.53055916775033,9.75109170305677,998,9.5811623246493
766,233,9.56527415143603,9.75107296137339,999,9.60860860860861
768,229,9.55729166666667,9.73362445414847,997,9.59779338014042
779,218,9.56867779204108,9.73394495412844,997,9.60481444332999
782,214,9.57289002557545,9.72429906542056,996,9.60542168674699
781,218,9.57874519846351,9.74311926605505,999,9.61461461461461
788,211,9.57233502538071,9.72037914691943,999,9.6036036036036
785,213,9.58089171974522,9.74178403755869,998,9.61523046092184
788,211,9.58248730964467,9.75829383886256,999,9.61961961961962
785,212,9.57070063694268,9.74056603773585,997,9.60682046138415
782,217,9.59718670076726,9.74193548387097,999,9.62862862862863
785,214,9.58853503184713,9.73364485981308,999,9.61961961961962
790,208,9.5873417721519,9.73076923076923,998,9.61723446893788
785,212,9.58343949044586,9.75471698113208,997,9.61985957873621
788,210,9.6002538071066,9.75714285714286,998,9.63326653306613
786,213,9.59541984732824,9.75117370892019,999,9.62862862862863
786,213,9.60432569974555,9.76056338028169,999,9.63763763763764
784,215,9.5969387755102,9.78139534883721,999,9.63663663663664
785,213,9.60127388535032,9.7981220657277,998,9.64328657314629
785,214,9.58343949044586,9.79439252336449,999,9.62862862862863
787,212,9.5997458703939,9.79245283018868,999,9.64064064064064
785,211,9.59235668789809,9.79620853080569,996,9.6355421686747
781,218,9.58386683738796,9.78899082568807,999,9.62862862862863
780,219,9.60641025641026,9.80365296803653,999,9.64964964964965
776,222,9.62371134020619,9.80630630630631,998,9.66432865731463
772,227,9.62953367875648,9.81497797356828,999,9.67167167167167
767,232,9.6219035202086,9.82327586206897,999,9.66866866866867
769,227,9.63068920676203,9.81497797356828,996,9.67269076305221
769,229,9.6332899869961,9.79912663755458,998,9.67134268537074
775,222,9.62838709677419,9.78378378378378,997,9.6629889669007
768,230,9.62890625,9.78260869565217,998,9.66432865731463
771,226,9.63683527885862,9.78761061946903,997,9.67101303911735
772,226,9.6360103626943,9.79646017699115,998,9.67234468937876
778,221,9.63753213367609,9.79185520361991,999,9.67167167167167
777,220,9.62290862290862,9.80909090909091,997,9.66399197592778
781,217,9.62483994878361,9.7926267281106,998,9.66132264529058
775,224,9.62451612903226,9.79017857142857,999,9.66166166166166
774,224,9.62144702842377,9.79464285714286,998,9.66032064128257
777,222,9.63320463320463,9.8018018018018,999,9.67067067067067
787,211,9.6289707750953,9.80568720379147,998,9.66633266533066
782,216,9.62659846547315,9.7962962962963,998,9.66332665330661
778,221,9.62596401028278,9.78733031674208,999,9.66166166166166
773,226,9.61966364812419,9.80530973451327,999,9.66166166166166
772,226,9.61787564766839,9.80530973451327,998,9.66032064128257
767,230,9.62059973924381,9.81304347826087,997,9.66499498495486
767,232,9.6232073011734,9.81034482758621,999,9.66666666666667
760,239,9.625,9.82426778242678,999,9.67267267267267
763,235,9.61861074705111,9.81276595744681,998,9.66432865731463
763,234,9.63171690694626,9.82905982905983,997,9.67803410230692
768,230,9.63671875,9.83913043478261,998,9.68336673346693
775,224,9.63483870967742,9.84375,999,9.68168168168168
782,216,9.64450127877238,9.85648148148148,998,9.69038076152305
783,216,9.64240102171137,9.84259259259259,999,9.68568568568569
782,216,9.63171355498721,9.85185185185185,998,9.67935871743487
782,217,9.63682864450128,9.84331797235023,999,9.68168168168168
786,213,9.63104325699746,9.84976525821596,999,9.67767767767768
786,213,9.62722646310432,9.85915492957746,999,9.67667667667668
781,216,9.63892445582586,9.86111111111111,997,9.68706118355065
785,213,9.62929936305732,9.85446009389671,998,9.67735470941884
784,215,9.63647959183673,9.84651162790698,999,9.68168168168168
778,220,9.6452442159383,9.85,998,9.69038076152305
780,219,9.64358974358974,9.84931506849315,999,9.68868868868869
780,219,9.63461538461539,9.86301369863014,999,9.68468468468468
772,224,9.62564766839378,9.85714285714286,996,9.67771084337349
779,219,9.60975609756098,9.8675799086758,998,9.66633266533066
773,224,9.60413971539457,9.86160714285714,997,9.66198595787362
763,235,9.60812581913499,9.85531914893617,998,9.66633266533066
766,233,9.60052219321149,9.85407725321888,999,9.65965965965966
763,235,9.60943643512451,9.88085106382979,998,9.67334669338677
768,229,9.6171875,9.88209606986899,997,9.67803410230692
768,230,9.62239583333333,9.8695652173913,998,9.67935871743487
774,225,9.63824289405685,9.87555555555556,999,9.69169169169169
769,230,9.65149544863459,9.87391304347826,999,9.7027027027027
769,230,9.64759427828348,9.87826086956522,999,9.7007007007007
763,235,9.65923984272608,9.88085106382979,998,9.71142284569138
762,237,9.65616797900262,9.89451476793249,999,9.71271271271271
764,235,9.64659685863874,9.8936170212766,999,9.7047047047047
763,234,9.64875491480996,9.88461538461539,997,9.70411233701103
767,232,9.64928292046936,9.87931034482759,999,9.7027027027027
767,232,9.64667535853977,9.89224137931035,999,9.7037037037037
768,231,9.62630208333333,9.88744588744589,999,9.68668668668669
770,228,9.61948051948052,9.88157894736842,998,9.67935871743487
773,225,9.59896507115136,9.88444444444444,998,9.66332665330661
773,226,9.59896507115136,9.88495575221239,999,9.66366366366366
774,225,9.59560723514212,9.89333333333333,999,9.66266266266266
779,220,9.59435173299101,9.89090909090909,999,9.65965965965966
780,219,9.58974358974359,9.88584474885845,999,9.65465465465465
779,220,9.58279845956354,9.87727272727273,999,9.64764764764765
780,216,9.57948717948718,9.87962962962963,996,9.64457831325301
785,213,9.58471337579618,9.85915492957746,998,9.64328657314629
781,218,9.59282970550576,9.86697247706422,999,9.65265265265265
788,210,9.58883248730965,9.87619047619048,998,9.64929859719439
780,219,9.58717948717949,9.87214611872146,999,9.64964964964965
776,223,9.58762886597938,9.86995515695067,999,9.65065065065065
770,228,9.57142857142857,9.87719298245614,998,9.64128256513026
770,229,9.58051948051948,9.88209606986899,999,9.64964964964965
768,230,9.58854166666667,9.88260869565217,998,9.6563126252505
769,229,9.59427828348505,9.88646288209607,998,9.66132264529058
770,228,9.59090909090909,9.87719298245614,998,9.6563126252505
764,234,9.59685863874346,9.87606837606838,998,9.6623246492986
776,223,9.60309278350515,9.89237668161435,999,9.66766766766767
767,232,9.60625814863103,9.90086206896552,999,9.67467467467467
770,227,9.5974025974026,9.91629955947137,997,9.67001003009027
769,230,9.60468140442133,9.91739130434783,999,9.67667667667668
763,235,9.59501965923984,9.91914893617021,998,9.67134268537074
753,246,9.59628154050465,9.92276422764228,999,9.67667667667668
756,243,9.58333333333333,9.90534979423868,999,9.66166166166166
758,240,9.5778364116095,9.90833333333333,998,9.65731462925852
764,235,9.59293193717278,9.89787234042553,999,9.66466466466466
764,234,9.58246073298429,9.8974358974359,998,9.6563126252505
763,235,9.564875491481,9.89787234042553,998,9.64328657314629
764,234,9.55628272251309,9.89316239316239,998,9.63527054108216
772,226,9.54922279792746,9.91150442477876,998,9.6312625250501
766,233,9.56135770234987,9.90557939914163,999,9.64164164164164
772,227,9.55569948186528,9.90308370044053,999,9.63463463463463
769,229,9.56046814044213,9.90393013100437,998,9.63927855711423
764,235,9.57068062827225,9.9063829787234,999,9.64964964964965
759,238,9.56916996047431,9.89915966386555,997,9.64794383149448
764,235,9.56544502617801,9.8936170212766,999,9.64264264264264
758,240,9.55936675461741,9.9,998,9.64128256513026
760,238,9.56315789473684,9.89495798319328,998,9.64228456913828
757,242,9.56935270805812,9.88842975206612,999,9.64664664664665
764,234,9.57198952879581,9.88888888888889,998,9.64629258517034
765,233,9.57516339869281,9.89699570815451,998,9.6503006012024
766,233,9.57310704960836,9.90557939914163,999,9.65065065065065
761,235,9.57161629434954,9.91489361702128,996,9.65261044176707
760,239,9.56842105263158,9.9163179916318,999,9.65165165165165
760,238,9.58552631578947,9.92016806722689,998,9.66533066132265
755,244,9.57880794701987,9.93032786885246,999,9.66466466466466
761,238,9.57161629434954,9.92436974789916,999,9.65565565565566
765,233,9.56601307189542,9.93991416309013,998,9.65330661322645
767,232,9.57757496740548,9.93534482758621,999,9.66066066066066
762,235,9.57086614173228,9.93191489361702,997,9.65596790371113
764,235,9.55366492146597,9.93191489361702,999,9.64264264264264
763,236,9.55701179554391,9.9406779661017,999,9.64764764764765
769,230,9.57477243172952,9.94782608695652,999,9.66066066066066
768,230,9.57942708333333,9.93913043478261,998,9.6623246492986
774,225,9.58397932816538,9.93777777777778,999,9.66366366366366
781,217,9.59154929577465,9.93548387096774,998,9.66633266533066
776,222,9.58634020618557,9.93693693693694,998,9.66432865731463
775,224,9.58838709677419,9.94196428571429,999,9.66766766766767
776,223,9.57474226804124,9.94170403587444,999,9.65665665665666
766,232,9.58093994778068,9.93965517241379,998,9.66432865731463
765,233,9.57516339869281,9.94420600858369,998,9.66132264529058
759,238,9.57048748353096,9.9453781512605,997,9.65997993981946
759,240,9.57839262187088,9.9375,999,9.66466466466466
756,243,9.59656084656085,9.94650205761317,999,9.68168168168168
753,245,9.59628154050465,9.9469387755102,998,9.68236472945892
753,245,9.59362549800797,9.95102040816326,998,9.6813627254509
751,248,9.59920106524634,9.95161290322581,999,9.68668668668669
747,251,9.59036144578313,9.95219123505976,998,9.6813627254509
743,256,9.5935397039031,9.95703125,999,9.68668668668669
749,247,9.59679572763685,9.95546558704453,996,9.68574297188755
744,255,9.59811827956989,9.96078431372549,999,9.69069069069069
743,255,9.60834454912517,9.96470588235294,998,9.69939879759519
745,253,9.60805369127517,9.96837944664032,998,9.69939879759519
749,250,9.59145527369826,9.968,999,9.68568568568569
753,245,9.59628154050465,9.97142857142857,998,9.68837675350701
745,254,9.59597315436242,9.96850393700787,999,9.69069069069069
748,250,9.60160427807487,9.976,998,9.69539078156313
745,251,9.59731543624161,9.97609561752988,996,9.69277108433735
746,251,9.59115281501341,9.96812749003984,997,9.68605817452357
745,253,9.6,9.96837944664032,998,9.69338677354709
742,255,9.60512129380054,9.96470588235294,997,9.69709127382146
739,259,9.59404600811908,9.96138996138996,998,9.68937875751503
745,254,9.5986577181208,9.96456692913386,999,9.69169169169169
745,252,9.60805369127517,9.95634920634921,997,9.69608826479438
749,250,9.58077436582109,9.956,999,9.67467467467467
747,251,9.58768406961178,9.95219123505976,998,9.67935871743487
753,245,9.56706507304117,9.95102040816326,998,9.66132264529058
749,250,9.55807743658211,9.952,999,9.65665665665666
743,256,9.55989232839839,9.953125,999,9.66066066066066
740,259,9.5527027027027,9.95752895752896,999,9.65765765765766
743,255,9.57200538358008,9.95294117647059,998,9.66933867735471
743,255,9.56527590847914,9.95294117647059,998,9.66432865731463
742,256,9.56603773584906,9.9453125,998,9.66332665330661
748,251,9.57085561497326,9.95617529880478,999,9.66766766766767
747,251,9.57295850066934,9.95219123505976,998,9.66833667334669
755,241,9.5682119205298,9.95435684647303,996,9.66164658634538
761,237,9.57030223390276,9.94514767932489,998,9.65931863727455
761,237,9.5676741130092,9.94514767932489,998,9.65731462925852
758,241,9.56200527704486,9.95020746887967,999,9.65565565565566
759,240,9.57180500658762,9.94583333333333,999,9.66166166166166
756,243,9.57804232804233,9.94650205761317,999,9.66766766766767
760,238,9.56447368421053,9.9453781512605,998,9.65531062124249
757,241,9.56406869220608,9.95435684647303,998,9.65831663326653
758,241,9.56068601583113,9.95020746887967,999,9.65465465465465
755,243,9.54437086092715,9.96296296296296,998,9.64629258517034
755,242,9.53774834437086,9.96694214876033,997,9.641925777332
752,246,9.5625,9.96747967479675,998,9.6623246492986
749,250,9.58344459279039,9.968,999,9.67967967967968
750,249,9.59066666666667,9.95983935742972,999,9.68268268268268
756,243,9.60185185185185,9.95884773662551,999,9.68868868868869
755,243,9.59205298013245,9.95884773662551,998,9.6813627254509
756,243,9.61111111111111,9.95061728395062,999,9.69369369369369
752,247,9.59574468085106,9.94736842105263,999,9.68268268268268
751,247,9.59786950732357,9.93927125506073,998,9.68236472945892
753,245,9.61088977423639,9.93469387755102,998,9.69038076152305
750,248,9.62266666666667,9.93145161290323,998,9.69939879759519
749,249,9.62883845126836,9.93574297188755,998,9.70541082164329
753,245,9.65338645418327,9.9469387755102,998,9.72545090180361
757,242,9.66050198150594,9.93801652892562,999,9.72772772772773
753,244,9.66799468791501,9.93852459016393,997,9.73420260782347
757,238,9.67239101717305,9.93697478991597,995,9.7356783919598
756,243,9.67063492063492,9.93415637860082,999,9.73473473473473
764,235,9.67408376963351,9.94042553191489,999,9.73673673673674
757,242,9.66446499339498,9.93388429752066,999,9.72972972972973
769,230,9.66840052015605,9.93478260869565,999,9.72972972972973
764,235,9.66884816753927,9.93617021276596,999,9.73173173173173
760,239,9.65263157894737,9.94142259414226,999,9.72172172172172
762,237,9.6509186351706,9.93670886075949,999,9.71871871871872
754,245,9.64854111405836,9.94285714285714,999,9.72072072072072
755,243,9.63443708609272,9.95473251028807,998,9.7124248496994
757,241,9.6221928665786,9.95850622406639,998,9.70340681362725
757,240,9.62879788639366,9.95833333333333,997,9.70812437311936
751,248,9.62450066577896,9.95564516129032,999,9.70670670670671
753,245,9.60956175298805,9.96326530612245,998,9.69639278557114
757,242,9.61822985468956,9.96280991735537,999,9.7017017017017
762,236,9.61286089238845,9.96610169491525,998,9.69639278557114
759,239,9.61660079051383,9.96234309623431,998,9.69939879759519
760,238,9.625,9.95378151260504,998,9.70340681362725
761,237,9.61892247043364,9.95780590717299,998,9.69939879759519
763,233,9.60943643512451,9.95278969957081,996,9.68975903614458
772,227,9.62435233160622,9.9647577092511,999,9.7017017017017
764,234,9.62958115183246,9.95299145299145,998,9.70541082164329
768,231,9.64713541666667,9.95670995670996,999,9.71871871871872
761,238,9.6622864651774,9.94957983193277,999,9.73073073073073
761,237,9.67148488830486,9.9535864978903,998,9.73847695390782
765,234,9.6718954248366,9.94444444444444,999,9.73573573573574
763,234,9.67496723460026,9.94444444444444,997,9.7382146439318
757,242,9.67371202113606,9.95454545454546,999,9.74174174174174
758,241,9.69261213720317,9.94605809128631,999,9.75375375375375
753,246,9.68393094289509,9.95121951219512,999,9.74974974974975
753,246,9.68127490039841,9.94308943089431,999,9.74574574574575
756,242,9.69047619047619,9.94628099173554,998,9.75250501002004
750,246,9.69733333333333,9.94308943089431,996,9.75803212851406
752,247,9.68484042553191,9.94331983805668,999,9.74874874874875
755,244,9.70066225165563,9.94672131147541,999,9.76076076076076
753,246,9.69721115537849,9.94715447154472,999,9.75875875875876
749,250,9.70093457943925,9.952,999,9.76376376376376
744,254,9.70967741935484,9.94881889763779,998,9.77054108216433
748,251,9.7072192513369,9.94820717131474,999,9.76776776776777
748,248,9.70053475935829,9.95161290322581,996,9.76305220883534
750,246,9.69466666666667,9.94715447154472,996,9.7570281124498
756,243,9.71031746031746,9.95473251028807,999,9.76976976976977
757,241,9.71598414795244,9.95020746887967,998,9.77254509018036
758,239,9.72163588390501,9.9581589958159,997,9.77833500501504
751,248,9.73635153129161,9.95967741935484,999,9.79179179179179
745,253,9.72214765100671,9.95256916996047,998,9.78056112224449
742,255,9.72371967654987,9.95686274509804,997,9.78335005015045
744,255,9.72311827956989,9.94509803921569,999,9.77977977977978
736,262,9.72961956521739,9.95801526717557,998,9.78957915831663
734,264,9.7275204359673,9.93939393939394,998,9.78356713426854
732,265,9.73087431693989,9.95094339622642,997,9.78936810431294
736,261,9.74592391304348,9.94636015325671,997,9.79839518555667
735,264,9.75374149659864,9.94318181818182,999,9.8038038038038
739,260,9.76454668470907,9.94615384615385,999,9.81181181181181
728,271,9.75824175824176,9.9409594095941,999,9.80780780780781
728,271,9.76098901098901,9.9520295202952,999,9.81281281281281
732,267,9.75409836065574,9.94007490636704,999,9.8038038038038
732,267,9.76639344262295,9.95131086142322,999,9.81581581581582
732,267,9.76366120218579,9.95505617977528,999,9.81481481481481
740,259,9.77162162162162,9.94594594594595,999,9.81681681681682
738,258,9.76964769647696,9.95348837209302,996,9.81726907630522
760,238,9.77236842105263,9.94957983193277,998,9.81462925851703
759,240,9.78524374176548,9.95833333333333,999,9.82682682682683
765,233,9.79346405228758,9.94849785407725,998,9.82965931863727
766,232,9.79373368146214,9.95689655172414,998,9.83166332665331
767,232,9.80052151238592,9.95258620689655,999,9.83583583583584
764,233,9.80235602094241,9.95278969957081,997,9.83751253761284
769,230,9.80624187256177,9.95217391304348,999,9.83983983983984
758,241,9.80606860158311,9.95435684647303,999,9.84184184184184
756,241,9.8015873015873,9.96265560165975,997,9.84052156469408
760,237,9.79473684210526,9.9535864978903,997,9.83249749247743
754,244,9.78779840848806,9.95901639344262,998,9.82965931863727
759,240,9.77865612648221,9.95416666666667,999,9.82082082082082
744,254,9.7755376344086,9.95669291338583,998,9.82164328657315
748,250,9.76871657754011,9.956,998,9.81563126252505
738,260,9.78455284552846,9.95384615384615,998,9.82865731462926
746,252,9.79222520107239,9.96428571428571,998,9.83567134268537
742,255,9.77762803234501,9.96862745098039,997,9.82647943831494
748,249,9.78743315508021,9.96787148594377,997,9.83249749247743
750,249,9.79466666666667,9.96787148594377,999,9.83783783783784
759,239,9.78787878787879,9.97071129707113,998,9.83166332665331
752,246,9.78723404255319,9.96747967479675,998,9.83166332665331
762,236,9.79790026246719,9.96610169491525,998,9.8376753507014
756,243,9.79761904761905,9.96707818930041,999,9.83883883883884
763,235,9.80733944954128,9.96170212765957,998,9.8436873747495
771,228,9.8041504539559,9.96052631578947,999,9.83983983983984
778,220,9.80719794344473,9.95909090909091,998,9.84068136272545
775,224,9.81161290322581,9.96428571428571,999,9.84584584584585
769,227,9.81534460338101,9.95594713656388,996,9.84738955823293
777,222,9.81338481338481,9.95495495495495,999,9.84484484484484
776,223,9.80670103092783,9.95067264573991,999,9.83883883883884
776,222,9.81314432989691,9.94594594594595,998,9.84268537074148
771,227,9.80544747081712,9.93832599118943,998,9.83567134268537
764,234,9.80759162303665,9.94017094017094,998,9.83867735470942
759,237,9.8102766798419,9.9535864978903,996,9.84437751004016
754,245,9.80238726790451,9.9469387755102,999,9.83783783783784
748,250,9.80347593582888,9.956,998,9.84168336673347
739,259,9.79837618403248,9.94980694980695,998,9.8376753507014
737,262,9.79647218453189,9.95038167938931,999,9.83683683683684
733,266,9.81036834924966,9.94736842105263,999,9.84684684684685
734,265,9.80245231607629,9.94716981132076,999,9.84084084084084
733,265,9.80763983628922,9.95471698113207,998,9.84669338677355
733,266,9.8130968622101,9.95488721804511,999,9.85085085085085
731,265,9.80848153214774,9.95094339622642,996,9.84638554216867
738,261,9.80894308943089,9.95402298850575,999,9.84684684684685
740,259,9.80540540540541,9.95366795366795,999,9.84384384384384
742,255,9.79245283018868,9.96078431372549,997,9.83550651955868
747,252,9.80187416331995,9.96428571428571,999,9.84284284284284
750,248,9.784,9.96370967741935,998,9.82865731462926
756,241,9.78571428571429,9.96680497925311,997,9.82948846539619
758,240,9.80474934036939,9.96666666666667,998,9.8436873747495
765,233,9.79084967320262,9.96995708154506,998,9.83266533066132
764,233,9.80104712041885,9.96995708154506,997,9.84052156469408
764,235,9.81282722513089,9.97021276595745,999,9.84984984984985
767,230,9.8122555410691,9.96521739130435,997,9.84754262788365
770,226,9.81038961038961,9.96017699115044,996,9.84437751004016
765,234,9.81960784313726,9.96581196581197,999,9.85385385385385
765,233,9.82614379084967,9.96995708154506,998,9.85971943887776
755,244,9.81059602649007,9.9672131147541,999,9.84884884884885
752,245,9.82446808510638,9.97142857142857,997,9.86058174523571
748,249,9.82352941176471,9.9718875502008,997,9.86058174523571
747,251,9.83534136546185,9.96812749003984,998,9.8687374749499
751,246,9.83222370173103,9.96747967479675,997,9.86559679037111
750,249,9.82266666666667,9.96787148594377,999,9.85885885885886
755,243,9.82781456953642,9.96707818930041,998,9.86172344689379
755,242,9.82649006622517,9.97107438016529,997,9.86158475426279
750,248,9.81333333333333,9.97177419354839,998,9.85270541082164
746,253,9.81367292225201,9.96837944664032,999,9.85285285285285
748,250,9.81417112299465,9.968,998,9.85270541082164
745,253,9.81476510067114,9.96837944664032,998,9.85370741482966
760,238,9.81315789473684,9.96218487394958,998,9.84869739478958
765,234,9.80522875816994,9.96581196581197,999,9.84284284284284
769,228,9.80104031209363,9.96491228070176,997,9.83851554663992
766,231,9.79895561357702,9.96103896103896,997,9.83650952858576
771,228,9.79507133592737,9.95614035087719,999,9.83183183183183
763,236,9.79816513761468,9.94915254237288,999,9.83383383383383
752,247,9.80585106382979,9.94331983805668,999,9.83983983983984
749,249,9.79572763684913,9.94377510040161,998,9.83266533066132
752,247,9.79654255319149,9.93522267206478,999,9.83083083083083
748,249,9.81149732620321,9.93172690763052,997,9.84152457372116
753,246,9.80212483399734,9.93089430894309,999,9.83383383383383
739,257,9.79972936400541,9.92607003891051,996,9.83232931726908
736,263,9.80027173913044,9.93155893536122,999,9.83483483483483
738,261,9.81029810298103,9.93103448275862,999,9.84184184184184
727,270,9.81292984869326,9.93703703703704,997,9.84653961885657
732,266,9.82103825136612,9.93609022556391,998,9.85170340681363
720,278,9.83611111111111,9.93884892086331,998,9.86472945891784
721,276,9.83079056865465,9.93115942028986,997,9.85857572718155
718,281,9.82311977715877,9.94306049822064,999,9.85685685685686
718,281,9.81754874651811,9.94306049822064,999,9.85285285285285
722,277,9.81717451523546,9.94223826714801,999,9.85185185185185
726,273,9.82506887052342,9.94505494505495,999,9.85785785785786
738,261,9.82655826558266,9.95019157088123,999,9.85885885885886
744,255,9.83198924731183,9.95686274509804,999,9.86386386386386
743,255,9.83176312247645,9.95294117647059,998,9.8627254509018
755,244,9.84370860927152,9.96311475409836,999,9.87287287287287
753,245,9.85922974767596,9.95918367346939,998,9.88376753507014
752,247,9.87234042553191,9.95951417004049,999,9.89389389389389
752,246,9.87101063829787,9.95934959349593,998,9.89278557114229
761,238,9.8646517739816,9.96218487394958,999,9.88788788788789
757,240,9.85865257595773,9.95416666666667,997,9.88164493480441
760,237,9.85131578947368,9.95780590717299,997,9.87662988966901
763,235,9.84665792922674,9.9531914893617,998,9.87174348697395
762,236,9.84120734908137,9.95338983050847,998,9.86773547094188
765,234,9.84183006535948,9.94871794871795,999,9.86686686686687
770,228,9.84155844155844,9.94298245614035,998,9.86472945891784
775,224,9.85677419354839,9.94196428571429,999,9.87587587587588
765,234,9.86013071895425,9.93162393162393,999,9.87687687687688
765,233,9.8640522875817,9.931330472103,998,9.87975951903808
759,239,9.87615283267457,9.93305439330544,998,9.88977955911824
756,243,9.87169312169312,9.92181069958848,999,9.88388388388388
753,246,9.86586985391766,9.92682926829268,999,9.88088088088088
758,241,9.86411609498681,9.92946058091286,999,9.87987987987988
757,240,9.86789960369881,9.925,997,9.88164493480441
764,235,9.86910994764398,9.92765957446809,999,9.88288288288288
763,236,9.87942332896461,9.9406779661017,999,9.89389389389389
764,233,9.8782722513089,9.931330472103,997,9.89067201604814
763,236,9.87942332896461,9.92796610169492,999,9.89089089089089
761,237,9.88436268068331,9.92827004219409,998,9.89478957915832
765,234,9.87843137254902,9.93589743589744,999,9.89189189189189
759,239,9.87878787878788,9.93305439330544,998,9.89178356713427
768,230,9.88151041666667,9.92608695652174,998,9.89178356713427
765,232,9.8640522875817,9.93103448275862,997,9.87963891675025
774,225,9.86304909560723,9.93777777777778,999,9.87987987987988
773,225,9.85769728331177,9.94222222222222,998,9.87675350701403
774,225,9.85271317829457,9.94222222222222,999,9.87287287287287
780,219,9.8551282051282,9.94977168949772,999,9.87587587587588
781,217,9.86555697823303,9.94470046082949,998,9.88276553106212
787,211,9.86404066073698,9.93838862559242,998,9.87975951903808
777,219,9.86486486486486,9.94063926940639,996,9.88152610441767
780,219,9.87307692307692,9.94063926940639,999,9.88788788788789
779,219,9.86906290115533,9.94520547945205,998,9.88577154308617
784,214,9.86734693877551,9.9392523364486,998,9.88276553106212
780,219,9.87051282051282,9.94063926940639,999,9.88588588588589
789,210,9.86438529784537,9.94285714285714,999,9.88088088088088
780,217,9.86666666666667,9.94470046082949,997,9.88365095285858
779,219,9.86777920410783,9.94520547945205,998,9.88476953907816
780,219,9.86282051282051,9.94520547945205,999,9.88088088088088
784,214,9.85714285714286,9.94859813084112,998,9.87675350701403
785,214,9.85732484076433,9.94392523364486,999,9.87587587587588
787,211,9.85514612452351,9.96208530805687,998,9.87775551102204
786,213,9.86641221374046,9.96244131455399,999,9.88688688688689
783,216,9.86845466155811,9.96296296296296,999,9.88888888888889
790,209,9.85569620253164,9.97129186602871,999,9.87987987987988
792,206,9.85353535353535,9.97572815533981,998,9.87875751503006
789,210,9.86565272496831,9.97142857142857,999,9.88788788788789
795,204,9.85660377358491,9.97549019607843,999,9.88088088088088
793,206,9.86633039092055,9.97572815533981,999,9.88888888888889
792,206,9.86489898989899,9.97572815533981,998,9.88777555110221
790,208,9.85443037974684,9.98076923076923,998,9.88076152304609
787,212,9.85514612452351,9.9811320754717,999,9.88188188188188
779,219,9.84338896020539,9.98173515981735,998,9.87374749498998
778,220,9.84061696658098,9.97727272727273,998,9.87074148296593
773,226,9.84864165588616,9.97787610619469,999,9.87787787787788
761,238,9.84756898817346,9.97899159663866,999,9.87887887887888
762,237,9.8503937007874,9.9789029535865,999,9.88088088088088
765,233,9.85751633986928,9.97854077253219,998,9.88577154308617
760,238,9.86184210526316,9.98319327731092,998,9.89078156312625
761,238,9.86070959264126,9.98319327731092,999,9.88988988988989
754,245,9.85809018567639,9.97959183673469,999,9.88788788788789
754,245,9.86472148541114,9.98367346938775,999,9.89389389389389
746,252,9.86327077747989,9.98809523809524,998,9.89478957915832
748,250,9.86096256684492,9.988,998,9.89278557114229
752,247,9.85239361702128,9.9919028340081,999,9.88688688688689
757,242,9.8560105680317,9.99173553719008,999,9.88888888888889
758,241,9.85488126649076,9.99170124481328,999,9.88788788788789
757,242,9.85733157199472,9.99173553719008,999,9.88988988988989
757,242,9.85468956406869,9.99173553719008,999,9.88788788788789
755,243,9.85695364238411,9.9917695473251,998,9.88977955911824
759,240,9.86429512516469,9.99166666666667,999,9.89489489489489
760,238,9.86973684210526,9.98739495798319,998,9.89779559118236
766,232,9.88120104438642,9.98706896551724,998,9.90581162324649
772,227,9.88082901554404,9.98237885462555,999,9.9039039039039
776,222,9.88788659793815,9.98648648648649,998,9.90981963927856
770,229,9.89090909090909,9.99126637554585,999,9.91391391391391
773,226,9.88227684346701,9.99115044247788,999,9.90690690690691
770,228,9.88051948051948,9.99122807017544,998,9.90581162324649
771,227,9.87678339818418,9.99118942731278,998,9.90280561122244
776,223,9.89175257731959,9.99103139013453,999,9.91391391391391
766,230,9.89556135770235,9.99130434782609,996,9.91767068273092
772,226,9.90544041450777,9.99557522123894,998,9.92585170340681
778,221,9.90488431876607,9.99547511312217,999,9.92492492492492
779,220,9.90885750962773,9.99545454545455,999,9.92792792792793
781,217,9.90268886043534,9.99539170506912,998,9.92284569138276
778,221,9.89717223650386,9.99547511312217,999,9.91891891891892
779,219,9.88960205391528,9.99543378995434,998,9.9128256513026
781,218,9.898847631242,9.9954128440367,999,9.91991991991992
779,219,9.89602053915276,9.99543378995434,998,9.91783567134268
783,214,9.89144316730524,9.99532710280374,997,9.91374122367101
790,209,9.89746835443038,9.99521531100478,999,9.91791791791792
796,201,9.89447236180905,9.99004975124378,997,9.91374122367101
791,208,9.89380530973451,9.99038461538461,999,9.91391391391391
794,205,9.89168765743073,9.98536585365854,999,9.91091091091091
792,206,9.89015151515152,9.98543689320388,998,9.90981963927856
792,205,9.88636363636364,9.98536585365854,997,9.90672016048144
790,209,9.88987341772152,9.98086124401914,999,9.90890890890891
792,205,9.89141414141414,9.98048780487805,997,9.90972918756269
792,207,9.88636363636364,9.97584541062802,999,9.9049049049049
798,200,9.8859649122807,9.975,998,9.90380761523046
793,205,9.88146279949559,9.97073170731707,998,9.8997995991984
790,208,9.88354430379747,9.97115384615385,998,9.90180360721443
790,209,9.87974683544304,9.97129186602871,999,9.8988988988989
801,197,9.88139825218477,9.96446700507614,998,9.89779559118236
790,208,9.88354430379747,9.96634615384615,998,9.90080160320641
786,210,9.87913486005089,9.96190476190476,996,9.89658634538153
783,215,9.87994891443167,9.96279069767442,998,9.89779559118236
791,207,9.89127686472819,9.97101449275362,998,9.90781563126252
788,208,9.88959390862944,9.97596153846154,996,9.90763052208835
787,211,9.8869123252859,9.97630331753554,998,9.90581162324649
777,221,9.89189189189189,9.97737556561086,998,9.91082164328657
776,223,9.8930412371134,9.97757847533632,999,9.91191191191191
771,226,9.89623865110246,9.97787610619469,997,9.91474423269809
764,233,9.8913612565445,9.97854077253219,997,9.91173520561685
763,236,9.89121887287025,9.97457627118644,999,9.91091091091091
772,226,9.8860103626943,9.97787610619469,998,9.90681362725451
778,221,9.88946015424164,9.97285067873303,999,9.90790790790791
783,216,9.89016602809706,9.96759259259259,999,9.90690690690691
791,208,9.89380530973451,9.96634615384615,999,9.90890890890891
796,201,9.89070351758794,9.95522388059701,997,9.9037111334002
801,197,9.89887640449438,9.95939086294416,998,9.91082164328657
794,204,9.90302267002519,9.94607843137255,998,9.91182364729459
795,204,9.89937106918239,9.95098039215686,999,9.90990990990991
789,208,9.89733840304183,9.94711538461539,997,9.90772316950853
795,202,9.89937106918239,9.94554455445545,997,9.90872617853561
798,199,9.8984962406015,9.93969849246231,997,9.90672016048144
802,197,9.89775561097257,9.92893401015228,999,9.9039039039039
799,200,9.8973717146433,9.935,999,9.9049049049049
802,197,9.9002493765586,9.9238578680203,999,9.9049049049049
792,205,9.91035353535353,9.93170731707317,997,9.91474423269809
794,205,9.91057934508816,9.93170731707317,999,9.91491491491491
792,206,9.92045454545454,9.93203883495146,998,9.92284569138276
798,201,9.92355889724311,9.93532338308458,999,9.92592592592593
801,197,9.92634207240949,9.93908629441624,998,9.92885771543086
799,199,9.92490613266583,9.94472361809045,998,9.92885771543086
799,200,9.92866082603254,9.945,999,9.93193193193193
797,201,9.93224592220828,9.9502487562189,998,9.93587174348697
804,194,9.92537313432836,9.95360824742268,998,9.93086172344689
810,189,9.9320987654321,9.95767195767196,999,9.93693693693694
810,189,9.92839506172839,9.95238095238095,999,9.93293293293293
810,188,9.92716049382716,9.95744680851064,998,9.93286573146293
805,192,9.92670807453416,9.95833333333333,997,9.93279839518556
807,190,9.92317224287484,9.96315789473684,997,9.93079237713139
802,197,9.92518703241895,9.95939086294416,999,9.93193193193193
803,195,9.93150684931507,9.96410256410256,998,9.93787575150301
807,192,9.92565055762082,9.96354166666667,999,9.93293293293293
802,197,9.92518703241895,9.96446700507614,999,9.93293293293293
805,192,9.92422360248447,9.96354166666667,997,9.93179538615848
805,193,9.91925465838509,9.95854922279793,998,9.92685370741483
813,186,9.92127921279213,9.95161290322581,999,9.92692692692693
823,176,9.91616038882139,9.94886363636364,999,9.92192192192192
827,172,9.92019347037485,9.94767441860465,999,9.92492492492492
826,172,9.9273607748184,9.94767441860465,998,9.93086172344689
823,176,9.91859052247874,9.94886363636364,999,9.92392392392392
825,173,9.92,9.95375722543353,998,9.92585170340681
828,170,9.91787439613527,9.94705882352941,998,9.92284569138276
832,165,9.91346153846154,9.94545454545455,997,9.91875626880642
830,169,9.90963855421687,9.94082840236686,999,9.91491491491491
828,170,9.91062801932367,9.94705882352941,998,9.91683366733467
828,171,9.90821256038647,9.94152046783626,999,9.91391391391391
834,164,9.91007194244604,9.94512195121951,998,9.91583166332665
835,164,9.90778443113772,9.95121951219512,999,9.91491491491491
831,168,9.90854392298436,9.94642857142857,999,9.91491491491491
835,164,9.9125748502994,9.95121951219512,999,9.91891891891892
838,160,9.91646778042959,9.94375,998,9.92084168336673
839,159,9.92014302741359,9.94339622641509,998,9.92384769539078
837,162,9.91636798088411,9.93827160493827,999,9.91991991991992
839,159,9.92014302741359,9.94968553459119,998,9.9248496993988
843,156,9.92289442467378,9.9551282051282,999,9.92792792792793
842,157,9.92517814726841,9.94904458598726,999,9.92892892892893
834,165,9.92685851318945,9.95151515151515,999,9.93093093093093
835,162,9.92095808383234,9.95061728395062,997,9.92577733199599
829,170,9.93003618817853,9.95882352941176,999,9.93493493493493
825,172,9.92606060606061,9.94186046511628,997,9.92878635907723
827,172,9.92623941958887,9.94767441860465,999,9.92992992992993
830,167,9.9289156626506,9.95209580838323,997,9.93279839518556
829,169,9.93365500603136,9.96449704142012,998,9.93887775551102
828,170,9.93236714975845,9.97058823529412,998,9.93887775551102
821,177,9.92935444579781,9.96610169491525,998,9.93587174348697
821,177,9.9305724725944,9.96610169491525,998,9.93687374749499
820,178,9.92439024390244,9.96067415730337,998,9.93086172344689
812,186,9.92733990147783,9.96236559139785,998,9.93386773547094
808,188,9.92821782178218,9.96276595744681,996,9.93473895582329
808,189,9.9269801980198,9.96825396825397,997,9.93480441323972
808,191,9.92821782178218,9.9738219895288,999,9.93693693693694
815,184,9.93251533742331,9.97282608695652,999,9.93993993993994
808,189,9.92574257425743,9.96825396825397,997,9.93380140421264
814,185,9.92383292383292,9.96756756756757,999,9.93193193193193
809,189,9.92459826946848,9.96825396825397,998,9.93286573146293
813,184,9.91389913899139,9.96195652173913,997,9.92276830491474
809,189,9.91223733003708,9.96296296296296,998,9.92184368737475
809,189,9.91100123609394,9.95238095238095,998,9.9188376753507
812,186,9.91502463054187,9.95698924731183,998,9.92284569138276
818,180,9.91075794621027,9.95,998,9.91783567134268
819,180,9.91819291819292,9.95,999,9.92392392392392
817,182,9.92044063647491,9.94505494505495,999,9.92492492492492
820,179,9.91707317073171,9.94972067039106,999,9.92292292292292
829,170,9.92038600723764,9.95294117647059,999,9.92592592592593
834,165,9.9136690647482,9.95151515151515,999,9.91991991991992
839,160,9.9165673420739,9.95625,999,9.92292292292292
843,156,9.91340450771056,9.9551282051282,999,9.91991991991992
845,151,9.91005917159763,9.96026490066225,996,9.91767068273092
840,158,9.91309523809524,9.9620253164557,998,9.92084168336673
842,157,9.91211401425178,9.96178343949045,999,9.91991991991992
829,169,9.90832328106152,9.96449704142012,998,9.91783567134268
838,160,9.90930787589499,9.975,998,9.91983967935872
830,169,9.90843373493976,9.97633136094675,999,9.91991991991992
828,171,9.91183574879227,9.9766081871345,999,9.92292292292292
830,168,9.91325301204819,9.98214285714286,998,9.9248496993988
820,179,9.91341463414634,9.98324022346369,999,9.92592592592593
821,177,9.90499390986602,9.9774011299435,998,9.91783567134268
817,182,9.90697674418605,9.97802197802198,999,9.91991991991992
817,182,9.90575275397797,9.97252747252747,999,9.91791791791792
818,181,9.90097799511002,9.97237569060773,999,9.91391391391391
818,181,9.90342298288509,9.97237569060773,999,9.91591591591592
811,188,9.89765721331689,9.96808510638298,999,9.91091091091091
810,188,9.89753086419753,9.96808510638298,998,9.91082164328657
808,191,9.90222772277228,9.96335078534031,999,9.91391391391391
807,191,9.90334572490706,9.96858638743456,998,9.91583166332665
800,199,9.895,9.9748743718593,999,9.91091091091091
814,185,9.9017199017199,9.98378378378378,999,9.91691691691692
815,184,9.90674846625767,9.98369565217391,999,9.92092092092092
815,183,9.90429447852761,9.98360655737705,998,9.9188376753507
820,178,9.90609756097561,9.98314606741573,998,9.91983967935872
821,177,9.91108404384896,9.98305084745763,998,9.92384769539078
823,176,9.91130012150668,9.98863636363636,999,9.92492492492492
823,175,9.91980558930741,9.99428571428571,998,9.93286573146293
829,170,9.92400482509047,9.99411764705882,999,9.93593593593594
820,179,9.92682926829268,9.99441340782123,999,9.93893893893894
816,180,9.92524509803922,9.98888888888889,996,9.93674698795181
818,181,9.93154034229829,9.98895027624309,999,9.94194194194194
826,173,9.92130750605327,9.98265895953757,999,9.93193193193193
821,177,9.93179049939099,9.98305084745763,998,9.94088176352705
819,180,9.93284493284493,9.98333333333333,999,9.94194194194194
821,178,9.92813641900122,9.97752808988764,999,9.93693693693694
822,177,9.92822384428224,9.98305084745763,999,9.93793793793794
818,181,9.91564792176039,9.97790055248619,999,9.92692692692693
822,176,9.91849148418492,9.97727272727273,998,9.92885771543086
819,180,9.91819291819292,9.97222222222222,999,9.92792792792793
819,180,9.92063492063492,9.97777777777778,999,9.93093093093093
824,174,9.91019417475728,9.98275862068965,998,9.92284569138276
823,173,9.90643985419198,9.97687861271676,996,9.91867469879518
831,168,9.90373044524669,9.98214285714286,999,9.91691691691692
825,173,9.90060606060606,9.97687861271676,998,9.91382765531062
832,166,9.90264423076923,9.98192771084337,998,9.91583166332665
829,169,9.90229191797346,9.98224852071006,998,9.91583166332665
837,161,9.9115890083632,9.98136645962733,998,9.92284569138276
836,162,9.9066985645933,9.97530864197531,998,9.91783567134268
840,159,9.91666666666667,9.9748427672956,999,9.92592592592593
837,158,9.91756272401434,9.9746835443038,995,9.92663316582914
841,158,9.92152199762188,9.96835443037975,999,9.92892892892893
