forward_num,reverse_num,forward_rate,reverse_rate,organism_num,organism_rate
500,500,5.5,5.5,1000,5.5
496,495,5.50201612903226,5.5030303030303,991,5.50252270433905
495,492,5.4969696969697,5.51219512195122,987,5.50455927051672
493,491,5.48884381338742,5.5152749490835,984,5.5020325203252
490,491,5.47755102040816,5.5152749490835,981,5.49643221202854
490,489,5.47755102040816,5.52147239263804,979,5.49948927477017
490,487,5.47755102040816,5.52156057494867,977,5.49948822927329
516,483,5.56201550387597,5.50931677018634,999,5.53653653653654
517,473,5.56673114119923,5.54545454545455,990,5.55656565656566
517,473,5.56673114119923,5.54545454545455,990,5.55656565656566
512,474,5.568359375,5.55063291139241,986,5.55983772819473
543,452,5.56721915285451,5.53982300884956,995,5.55477386934673
538,448,5.57434944237918,5.54017857142857,986,5.55882352941176
530,468,5.54905660377359,5.61324786324786,998,5.57915831663327
533,466,5.60975609756098,5.6587982832618,999,5.63263263263263
533,456,5.65666041275797,5.64912280701754,989,5.65318503538928
532,453,5.65977443609023,5.64679911699779,985,5.65380710659898
530,456,5.65094339622642,5.63157894736842,986,5.6419878296146
521,477,5.63915547024952,5.64360587002096,998,5.64128256513026
514,480,5.65175097276265,5.63541666666667,994,5.64386317907445
511,476,5.65166340508806,5.64495798319328,987,5.6484295845998
535,462,5.52523364485981,5.62337662337662,997,5.57071213640923
563,430,5.59325044404973,5.65348837209302,993,5.61933534743202
557,429,5.57630161579892,5.65034965034965,986,5.60851926977688
554,429,5.57581227436823,5.65034965034965,983,5.60834181078332
553,437,5.57866184448463,5.68421052631579,990,5.62525252525253
543,451,5.55064456721915,5.72505543237251,994,5.62977867203219
540,452,5.5537037037037,5.73230088495575,992,5.63508064516129
552,447,5.59239130434783,5.71812080536913,999,5.64864864864865
557,439,5.62836624775584,5.72665148063781,996,5.67168674698795
552,437,5.63949275362319,5.71853546910755,989,5.67441860465116
551,443,5.64246823956443,5.68171557562077,994,5.65995975855131
560,439,5.65357142857143,5.62642369020501,999,5.64164164164164
552,438,5.65217391304348,5.61415525114155,990,5.63535353535354
549,440,5.66484517304189,5.62727272727273,989,5.64812942366026
557,442,5.71095152603232,5.64253393665158,999,5.68068068068068
562,436,5.77758007117438,5.62844036697248,998,5.7124248496994
554,434,5.77978339350181,5.61751152073733,988,5.7085020242915
551,443,5.78221415607985,5.64785553047404,994,5.72233400402414
547,445,5.77513711151737,5.68314606741573,992,5.73387096774194
543,442,5.77900552486188,5.69230769230769,985,5.74010152284264
542,440,5.77121771217712,5.68636363636364,982,5.73319755600815
575,422,5.65217391304348,5.69431279620853,997,5.67001003009027
594,402,5.66666666666667,5.70646766169154,996,5.68273092369478
588,403,5.65816326530612,5.74193548387097,991,5.69223007063572
585,401,5.65811965811966,5.75810473815461,986,5.69878296146045
582,402,5.66494845360825,5.76119402985075,984,5.70426829268293
579,402,5.66493955094991,5.76119402985075,981,5.70438328236493
577,402,5.66031195840555,5.76119402985075,979,5.70173646578141
590,402,5.70338983050847,5.76119402985075,992,5.72681451612903
593,401,5.72344013490725,5.77057356608479,994,5.74245472837022
586,410,5.72184300341297,5.78780487804878,996,5.74899598393574
584,414,5.71746575342466,5.78985507246377,998,5.74749498997996
587,409,5.67461669505963,5.7921760391198,996,5.72289156626506
581,409,5.66953528399312,5.79462102689487,990,5.72121212121212
579,411,5.65975820379965,5.80535279805353,990,5.72020202020202
592,407,5.69594594594595,5.81326781326781,999,5.74374374374374
596,399,5.73993288590604,5.80701754385965,995,5.76683417085427
595,396,5.74285714285714,5.81818181818182,991,5.77295660948537
593,395,5.74873524451939,5.8126582278481,988,5.77429149797571
591,393,5.74788494077834,5.81424936386768,984,5.77439024390244
587,394,5.74957410562181,5.80964467005076,981,5.7737003058104
585,398,5.74529914529915,5.80150753768844,983,5.76805696846389
609,389,5.7192118226601,5.79177377892031,998,5.74749498997996
608,385,5.73355263157895,5.76623376623377,993,5.74622356495468
603,387,5.7379767827529,5.77777777777778,990,5.75353535353535
600,387,5.73333333333333,5.77777777777778,987,5.75075987841945
598,384,5.73076923076923,5.78645833333333,982,5.75254582484725
598,384,5.73076923076923,5.78645833333333,982,5.75254582484725
597,390,5.7319932998325,5.8025641025641,987,5.75987841945289
607,389,5.78088962108732,5.82519280205655,996,5.79819277108434
609,389,5.80459770114942,5.83290488431877,998,5.81563126252505
604,387,5.80960264900662,5.84496124031008,991,5.8234106962664
602,384,5.80564784053156,5.82552083333333,986,5.81338742393509
612,380,5.80228758169935,5.83157894736842,992,5.81350806451613
606,382,5.7953795379538,5.85340314136126,988,5.81781376518219
602,387,5.80730897009967,5.86821705426357,989,5.83114256825076
611,387,5.84615384615385,5.91731266149871,998,5.87374749498998
614,382,5.86644951140065,5.91361256544503,996,5.88453815261044
610,381,5.86229508196721,5.91076115485564,991,5.88092835519677
606,378,5.86963696369637,5.91005291005291,984,5.88516260162602
605,377,5.87107438016529,5.91777188328912,982,5.88900203665988
601,378,5.87354409317804,5.92328042328042,979,5.89274770173647
604,379,5.85761589403973,5.93667546174142,983,5.8880976602238
633,363,5.85781990521327,5.97520661157025,996,5.90060240963855
636,354,5.87264150943396,5.97457627118644,990,5.90909090909091
631,354,5.86846275752773,5.98870056497175,985,5.91167512690355
630,357,5.86984126984127,5.99719887955182,987,5.91590678824721
628,361,5.86783439490446,5.99722991689751,989,5.91506572295248
625,369,5.864,5.98373983739837,994,5.90845070422535
622,372,5.86012861736334,5.99731182795699,994,5.91146881287726
635,362,5.89763779527559,6.00552486187845,997,5.93681043129388
637,358,5.91836734693878,6.01675977653631,995,5.95376884422111
631,356,5.91283676703645,6.01685393258427,987,5.95035460992908
633,358,5.90363349131122,6.00279329608939,991,5.93945509586276
638,356,5.87931034482759,6.00280898876404,994,5.92354124748491
633,356,5.87203791469194,5.99438202247191,989,5.91607684529828
633,355,5.8783570300158,6.00281690140845,988,5.92307692307692
650,347,5.91230769230769,6.02593659942363,997,5.9518555667001
652,341,5.92484662576687,6.01759530791789,993,5.95669687814703
650,340,5.92153846153846,6.02352941176471,990,5.95656565656566
647,340,5.92117465224111,6.02647058823529,987,5.95744680851064
646,344,5.91950464396285,6.03779069767442,990,5.96060606060606
645,345,5.92558139534884,6.04057971014493,990,5.96565656565657
649,346,5.90292758089368,6.03757225433526,995,5.94974874371859
663,335,5.92307692307692,6.04179104477612,998,5.96292585170341
659,336,5.9453717754173,6.03869047619048,995,5.97688442211055
653,334,5.93721286370597,6.04491017964072,987,5.97365754812563
649,337,5.93220338983051,6.06824925816024,986,5.97870182555781
648,336,5.92592592592593,6.06547619047619,984,5.97357723577236
645,334,5.92248062015504,6.05089820359281,979,5.96629213483146
649,332,5.9291217257319,6.05421686746988,981,5.97145769622834
666,328,5.98498498498498,6.05182926829268,994,6.00704225352113
666,329,5.99399399399399,6.06079027355623,995,6.01608040201005
657,331,6.00608828006088,6.06948640483384,988,6.02732793522267
660,331,6.00757575757576,6.05740181268882,991,6.02421796165489
662,329,6.00151057401813,6.06686930091185,991,6.02320887991927
659,328,6.00455235204856,6.0640243902439,987,6.02431610942249
663,328,6.01508295625943,6.0640243902439,991,6.03128153380424
675,321,6.05481481481482,6.08722741433022,996,6.06526104417671
670,322,6.07462686567164,6.09006211180124,992,6.07963709677419
665,324,6.06766917293233,6.08950617283951,989,6.07482305358948
664,322,6.06626506024096,6.10869565217391,986,6.08012170385396
660,323,6.06666666666667,6.10526315789474,983,6.0793489318413
660,328,6.06666666666667,6.09146341463415,988,6.0748987854251
666,330,6.04804804804805,6.08181818181818,996,6.05923694779116
675,323,6.06666666666667,6.10835913312694,998,6.08016032064128
670,322,6.06716417910448,6.10248447204969,992,6.07862903225806
662,322,6.06948640483384,6.09316770186335,984,6.07723577235772
662,321,6.06948640483384,6.08722741433022,983,6.07527975584944
658,321,6.06534954407295,6.08722741433022,979,6.07252298263534
656,319,6.0625,6.09717868338558,975,6.07384615384615
661,320,6.0695915279879,6.096875,981,6.07849133537207
676,317,6.09763313609467,6.09463722397476,993,6.09667673716012
676,316,6.1094674556213,6.10443037974684,992,6.10786290322581
676,313,6.11390532544379,6.11821086261981,989,6.11526794742164
678,310,6.10766961651917,6.11290322580645,988,6.10931174089069
679,307,6.11045655375552,6.10097719869707,986,6.10750507099391
678,308,6.11209439528024,6.11038961038961,986,6.11156186612576
686,309,6.12390670553936,6.11326860841424,995,6.12060301507538
685,311,6.14598540145985,6.12861736334405,996,6.14056224899598
681,313,6.18061674008811,6.1405750798722,994,6.16800804828974
674,315,6.18249258160237,6.13968253968254,989,6.16885743174924
669,317,6.18385650224215,6.13249211356467,986,6.16734279918864
668,319,6.18263473053892,6.13793103448276,987,6.16818642350557
667,319,6.18140929535232,6.13793103448276,986,6.16734279918864
678,318,6.15486725663717,6.14779874213836,996,6.15261044176707
683,311,6.16837481698389,6.16077170418006,994,6.16599597585513
684,309,6.17251461988304,6.18122977346278,993,6.17522658610272
681,307,6.17180616740088,6.17915309446254,988,6.17408906882591
679,309,6.16494845360825,6.18446601941748,988,6.17105263157895
676,307,6.1612426035503,6.18892508143322,983,6.16988809766022
674,308,6.15875370919881,6.19155844155844,982,6.16904276985743
685,309,6.17664233576642,6.19417475728155,994,6.18209255533199
689,302,6.19738751814223,6.19867549668874,991,6.19778002018163
693,301,6.2020202020202,6.19933554817276,994,6.20120724346076
687,301,6.20669577874818,6.2093023255814,988,6.20748987854251
687,303,6.21251819505095,6.2046204620462,990,6.21010101010101
684,304,6.21345029239766,6.19078947368421,988,6.20647773279352
678,307,6.22271386430678,6.16938110749186,985,6.20609137055838
686,309,6.23032069970845,6.16504854368932,995,6.21005025125628
692,306,6.24421965317919,6.15359477124183,998,6.21643286573146
686,303,6.24489795918367,6.14191419141914,989,6.21334681496461
685,304,6.24379562043796,6.14473684210526,989,6.21334681496461
682,306,6.25219941348974,6.15032679738562,988,6.22064777327935
680,305,6.25588235294118,6.15737704918033,985,6.2253807106599
678,305,6.25958702064897,6.18032786885246,983,6.23499491353001
694,303,6.24495677233429,6.18481848184818,997,6.22668004012036
697,301,6.23816355810617,6.17275747508306,998,6.2184368737475
692,300,6.23699421965318,6.18333333333333,992,6.22076612903226
686,301,6.22886297376093,6.18604651162791,987,6.21580547112462
685,300,6.23357664233577,6.18666666666667,985,6.21928934010152
683,302,6.23426061493411,6.19205298013245,985,6.22131979695431
679,302,6.23269513991163,6.18211920529801,981,6.217125382263
690,299,6.24492753623188,6.17391304347826,989,6.22345803842265
694,296,6.26801152737752,6.17905405405405,990,6.24141414141414
695,296,6.26906474820144,6.18581081081081,991,6.24419778002018
693,297,6.27272727272727,6.18855218855219,990,6.24747474747475
692,302,6.25722543352601,6.19205298013245,994,6.2374245472837
689,301,6.26124818577649,6.18604651162791,990,6.23838383838384
688,300,6.26017441860465,6.19666666666667,988,6.24089068825911
696,300,6.26867816091954,6.19666666666667,996,6.24698795180723
696,296,6.28879310344828,6.2027027027027,992,6.26310483870968
697,294,6.28981348637016,6.20408163265306,991,6.26437941473259
690,293,6.28840579710145,6.20136518771331,983,6.26246185147508
688,292,6.28633720930233,6.20205479452055,980,6.26122448979592
685,294,6.28613138686131,6.19387755102041,979,6.25842696629214
683,293,6.27818448023426,6.19453924914676,976,6.2530737704918
701,295,6.26818830242511,6.18983050847458,996,6.24497991967872
704,293,6.27982954545455,6.1877133105802,997,6.25275827482447
703,292,6.28165007112376,6.16780821917808,995,6.24824120603015
696,292,6.28448275862069,6.1541095890411,988,6.24595141700405
695,290,6.28345323741007,6.15862068965517,985,6.24670050761421
694,291,6.28242074927954,6.15807560137457,985,6.24568527918782
691,292,6.28654124457308,6.16095890410959,983,6.24923702950153
702,294,6.3005698005698,6.15986394557823,996,6.25903614457831
705,291,6.31205673758865,6.14776632302406,996,6.2640562248996
700,290,6.31571428571429,6.15862068965517,990,6.26969696969697
695,290,6.30935251798561,6.15862068965517,985,6.26497461928934
696,290,6.31465517241379,6.15862068965517,986,6.26876267748479
696,288,6.31896551724138,6.17708333333333,984,6.27743902439024
696,289,6.32327586206897,6.19377162629758,985,6.28527918781726
705,288,6.33049645390071,6.19791666666667,993,6.2920443101712
713,283,6.35483870967742,6.18374558303887,996,6.30622489959839
706,284,6.34985835694051,6.18661971830986,990,6.3030303030303
702,283,6.34757834757835,6.18374558303887,985,6.3005076142132
700,283,6.34571428571429,6.18374558303887,983,6.29908443540183
698,281,6.34383954154728,6.18505338078292,979,6.29826353421859
703,282,6.33285917496444,6.18794326241135,985,6.29137055837563
710,283,6.33521126760563,6.18374558303887,993,6.2920443101712
714,281,6.34873949579832,6.20284697508897,995,6.30753768844221
705,280,6.34893617021277,6.20714285714286,985,6.30862944162437
703,281,6.34708392603129,6.20640569395018,984,6.30691056910569
702,280,6.34615384615385,6.21071428571429,982,6.30753564154786
701,283,6.34094151212553,6.22614840989399,984,6.30792682926829
702,283,6.34615384615385,6.22614840989399,985,6.31167512690355
714,284,6.36974789915966,6.2112676056338,998,6.32464929859719
715,279,6.38181818181818,6.21863799283154,994,6.33601609657948
712,278,6.38202247191011,6.22302158273381,990,6.33737373737374
710,279,6.3830985915493,6.21505376344086,989,6.33569261880688
712,276,6.37921348314607,6.21376811594203,988,6.332995951417
709,276,6.38222849083216,6.22101449275362,985,6.33705583756345
709,276,6.40197461212976,6.20652173913043,985,6.34720812182741
717,274,6.41422594142259,6.1970802919708,991,6.35418768920283
721,273,6.42024965325936,6.18315018315018,994,6.35513078470825
719,272,6.42141863699583,6.18014705882353,991,6.35519677093845
715,273,6.41958041958042,6.17582417582418,988,6.35222672064777
713,275,6.42075736325386,6.17454545454545,988,6.35222672064777
709,275,6.42172073342736,6.17818181818182,984,6.35365853658537
712,275,6.41432584269663,6.17818181818182,987,6.34853090172239
720,274,6.41666666666667,6.17518248175182,994,6.35010060362173
721,272,6.41747572815534,6.17279411764706,993,6.35045317220544
713,272,6.42075736325386,6.17279411764706,985,6.35228426395939
709,272,6.42031029619182,6.17279411764706,981,6.35168195718654
707,271,6.41867043847242,6.16974169741697,978,6.34969325153374
708,272,6.42090395480226,6.17279411764706,980,6.35204081632653
710,273,6.42816901408451,6.17582417582418,983,6.35808748728383
720,273,6.43888888888889,6.17582417582418,993,6.36656596173212
722,270,6.44321329639889,6.18148148148148,992,6.37197580645161
717,270,6.44351464435146,6.18148148148148,987,6.37183383991895
713,270,6.44039270687237,6.18148148148148,983,6.36927772126144
716,269,6.43575418994413,6.18587360594796,985,6.36751269035533
715,269,6.43496503496504,6.19330855018587,984,6.36890243902439
716,269,6.43994413407821,6.19330855018587,985,6.37258883248731
722,269,6.44321329639889,6.20446096654275,991,6.37840565085772
725,269,6.44413793103448,6.21189591078067,994,6.38128772635815
724,268,6.44337016574586,6.20522388059702,992,6.37903225806452
721,268,6.44105409153953,6.2089552238806,989,6.37815975733064
719,268,6.442280945758,6.20522388059702,987,6.37791286727457
716,267,6.44134078212291,6.19475655430712,983,6.37436419125127
725,268,6.43034482758621,6.1865671641791,993,6.36455186304129
735,263,6.43401360544218,6.20152091254753,998,6.37274549098196
736,259,6.43478260869565,6.1969111969112,995,6.37286432160804
731,258,6.43228454172367,6.19767441860465,989,6.37108190091001
727,261,6.42640990371389,6.20689655172414,988,6.36842105263158
725,258,6.4248275862069,6.22093023255814,983,6.37131230925738
725,258,6.4248275862069,6.22093023255814,983,6.37131230925738
729,257,6.42798353909465,6.21789883268483,986,6.37322515212982
733,256,6.42837653478854,6.20703125,989,6.37108190091001
735,255,6.43809523809524,6.20392156862745,990,6.37777777777778
732,255,6.43579234972678,6.2078431372549,987,6.37689969604863
730,255,6.43424657534247,6.2078431372549,985,6.3756345177665
727,255,6.43466299862448,6.21176470588235,982,6.37678207739308
726,254,6.43388429752066,6.21259842519685,980,6.3765306122449
735,252,6.44081632653061,6.21428571428571,987,6.38297872340426
739,253,6.44384303112314,6.21739130434783,992,6.38608870967742
739,256,6.44925575101488,6.23046875,995,6.3929648241206
734,258,6.44822888283379,6.24031007751938,992,6.39415322580645
730,259,6.44794520547945,6.24324324324324,989,6.3943377148635
726,260,6.44628099173554,6.24615384615385,986,6.39350912778905
726,259,6.44628099173554,6.24710424710425,985,6.39390862944162
736,258,6.43614130434783,6.24418604651163,994,6.38631790744467
739,256,6.43707713125846,6.2421875,995,6.38693467336683
737,255,6.44233378561737,6.24705882352941,992,6.39213709677419
734,254,6.44005449591281,6.24409448818898,988,6.38967611336032
734,253,6.44005449591281,6.24505928853755,987,6.39007092198582
729,253,6.43895747599451,6.24505928853755,982,6.38900203665988
728,252,6.44093406593407,6.25793650793651,980,6.39387755102041
737,253,6.44776119402985,6.27272727272727,990,6.4030303030303
741,254,6.45883940620783,6.28346456692913,995,6.41407035175879
738,253,6.46070460704607,6.28853754940711,991,6.4167507568113
735,254,6.46394557823129,6.28740157480315,989,6.41860465116279
731,252,6.46374829001368,6.29761904761905,983,6.42115971515768
733,253,6.46111869031378,6.28853754940711,986,6.41683569979716
732,253,6.4603825136612,6.28853754940711,985,6.41624365482233
737,255,6.47218453188602,6.28627450980392,992,6.42439516129032
738,253,6.47967479674797,6.28458498023715,991,6.42986881937437
739,251,6.48308525033829,6.27888446215139,990,6.43131313131313
735,250,6.48707482993197,6.276,985,6.43350253807107
733,248,6.48703956343793,6.27016129032258,981,6.4322120285423
732,248,6.48633879781421,6.2741935483871,980,6.43265306122449
730,249,6.47945205479452,6.28915662650602,979,6.43105209397344
736,250,6.47554347826087,6.292,986,6.4290060851927
742,251,6.47843665768194,6.29482071713147,993,6.43202416918429
743,250,6.48183041722746,6.296,993,6.43504531722054
737,249,6.48710990502035,6.30522088353414,986,6.44117647058824
734,246,6.48637602179836,6.32113821138211,980,6.44489795918367
734,247,6.48637602179836,6.32388663967611,981,6.44546381243629
734,249,6.48637602179836,6.32530120481928,983,6.44557477110885
745,248,6.49395973154362,6.32258064516129,993,6.45115810674723
748,247,6.49598930481283,6.31983805668016,995,6.45226130653266
746,246,6.50938337801609,6.31707317073171,992,6.4616935483871
745,244,6.50872483221477,6.32377049180328,989,6.46309403437816
743,245,6.51278600269179,6.33061224489796,988,6.46761133603239
742,247,6.50404312668464,6.33603238866397,989,6.46208291203236
741,249,6.50472334682861,6.34136546184739,990,6.46363636363636
743,248,6.51951547779273,6.34274193548387,991,6.4752774974773
746,248,6.52949061662198,6.34274193548387,994,6.48289738430583
743,247,6.53297442799462,6.36032388663968,990,6.48989898989899
740,245,6.53378378378378,6.35102040816327,985,6.48832487309645
739,245,6.53450608930988,6.35510204081633,984,6.48983739837398
737,243,6.53324287652646,6.35802469135802,980,6.48979591836735
735,243,6.52517006802721,6.35802469135802,978,6.48364008179959
742,242,6.52695417789757,6.35537190082645,984,6.48475609756098
748,243,6.52807486631016,6.34567901234568,991,6.48335015136226
749,243,6.53137516688919,6.34567901234568,992,6.48588709677419
743,244,6.52759084791386,6.3483606557377,987,6.48328267477204
739,248,6.52503382949932,6.35887096774194,987,6.48328267477204
737,249,6.52510176390773,6.36144578313253,986,6.48377281947262
732,249,6.52459016393443,6.35341365461847,981,6.48114169215087
739,249,6.53044654939107,6.34538152610442,988,6.48380566801619
741,249,6.5357624831309,6.34939759036145,990,6.48888888888889
743,249,6.53701211305518,6.34939759036145,992,6.48991935483871
737,248,6.53459972862958,6.35483870967742,985,6.48934010152284
737,249,6.53188602442334,6.3574297188755,986,6.48782961460446
738,249,6.52845528455285,6.3574297188755,987,6.48530901722391
737,247,6.53324287652646,6.36032388663968,984,6.48983739837398
742,246,6.53638814016173,6.36991869918699,988,6.49493927125506
749,244,6.54072096128171,6.37704918032787,993,6.50050352467271
748,244,6.54411764705882,6.38114754098361,992,6.50403225806452
743,244,6.54104979811575,6.38114754098361,987,6.50151975683891
739,245,6.5426251691475,6.38367346938776,984,6.5030487804878
736,244,6.54076086956522,6.38934426229508,980,6.5030612244898
738,244,6.53252032520325,6.38934426229508,982,6.4969450101833
745,245,6.53422818791946,6.39183673469388,990,6.4989898989899
747,245,6.53547523427042,6.39183673469388,992,6.5
744,242,6.53360215053763,6.41322314049587,986,6.50405679513185
739,242,6.53044654939107,6.40909090909091,981,6.50050968399592
738,243,6.53116531165312,6.40740740740741,981,6.50050968399592
737,243,6.53052917232022,6.40740740740741,980,6.5
736,242,6.53396739130435,6.41735537190083,978,6.50511247443763
742,244,6.53908355795148,6.42213114754098,986,6.51014198782961
744,245,6.53897849462366,6.42448979591837,989,6.51061678463094
743,245,6.53835800807537,6.42448979591837,988,6.51012145748988
741,247,6.54116059379217,6.42914979757085,988,6.51315789473684
742,245,6.53908355795148,6.4,987,6.50455927051672
742,244,6.53504043126685,6.38524590163934,986,6.49797160243408
743,243,6.53970390309556,6.39094650205761,986,6.50304259634888
748,242,6.5427807486631,6.38842975206612,990,6.50505050505051
747,241,6.54484605087015,6.37344398340249,988,6.50303643724696
741,241,6.54655870445344,6.37344398340249,982,6.5040733197556
740,241,6.54594594594595,6.37344398340249,981,6.50356778797146
735,240,6.54829931972789,6.37083333333333,975,6.50461538461538
734,242,6.54768392370572,6.37603305785124,976,6.50512295081967
739,242,6.5426251691475,6.37190082644628,981,6.50050968399592
747,243,6.54216867469879,6.37860082304527,990,6.5020202020202
749,242,6.54739652870494,6.37603305785124,991,6.50554994954591
748,244,6.55213903743315,6.38934426229508,992,6.51209677419355
747,243,6.55153949129853,6.38683127572016,990,6.51111111111111
743,242,6.55181695827725,6.38842975206612,985,6.51167512690355
739,241,6.54939106901218,6.38589211618257,980,6.50918367346939
740,240,6.55,6.3875,980,6.51020408163265
746,240,6.55361930294906,6.3875,986,6.5131845841785
747,239,6.55421686746988,6.38493723849372,986,6.5131845841785
744,238,6.55913978494624,6.38235294117647,982,6.5162932790224
739,237,6.56156968876861,6.39240506329114,976,6.52049180327869
739,240,6.5575101488498,6.4,979,6.51889683350358
738,241,6.55420054200542,6.40248962655602,979,6.51685393258427
741,242,6.55600539811066,6.40495867768595,983,6.51881993896236
749,242,6.5607476635514,6.40495867768595,991,6.52270433905146
749,243,6.5607476635514,6.40740740740741,992,6.52318548387097
746,243,6.56032171581769,6.40740740740741,989,6.52275025278059
744,244,6.55913978494624,6.41393442622951,988,6.52327935222672
738,244,6.5650406504065,6.40983606557377,982,6.52647657841141
737,245,6.56445047489824,6.41224489795918,982,6.52647657841141
739,245,6.56562922868742,6.41224489795918,984,6.52743902439024
747,246,6.56626506024096,6.38617886178862,993,6.52165156092649
745,245,6.56375838926174,6.39183673469388,990,6.52121212121212
741,247,6.5668016194332,6.39676113360324,988,6.52429149797571
740,246,6.56621621621622,6.39430894308943,986,6.52332657200811
737,246,6.56580732700136,6.39430894308943,983,6.52288911495422
737,246,6.56580732700136,6.39430894308943,983,6.52288911495422
738,245,6.5650406504065,6.4,983,6.52390640895219
744,244,6.56854838709677,6.39754098360656,988,6.52631578947368
746,243,6.56970509383378,6.39506172839506,989,6.5267947421638
745,243,6.56912751677852,6.39506172839506,988,6.52631578947368
744,243,6.56854838709677,6.39506172839506,987,6.5258358662614
746,242,6.56434316353887,6.41322314049587,988,6.52732793522267
741,241,6.56140350877193,6.4149377593361,982,6.52545824847251
743,242,6.56258411843876,6.41322314049587,985,6.5258883248731
748,241,6.56951871657754,6.4149377593361,989,6.53185035389282
747,242,6.56894243641232,6.42561983471074,989,6.53387259858443
746,241,6.56836461126005,6.42323651452282,987,6.53292806484296
743,242,6.56662180349933,6.42561983471074,985,6.53197969543147
740,242,6.56621621621622,6.42561983471074,982,6.53156822810591
742,241,6.55795148247978,6.42323651452282,983,6.52492370295015
740,243,6.55675675675676,6.42798353909465,983,6.52492370295015
748,243,6.5548128342246,6.42798353909465,991,6.52371342078708
749,242,6.55273698264353,6.4297520661157,991,6.52270433905146
750,242,6.55333333333333,6.44214876033058,992,6.52620967741935
746,241,6.55361930294906,6.43983402489627,987,6.5258358662614
743,240,6.55181695827725,6.4375,983,6.52390640895219
741,240,6.55060728744939,6.44166666666667,981,6.52395514780836
743,239,6.55181695827725,6.43933054393305,982,6.5244399185336
744,241,6.55241935483871,6.44398340248963,985,6.5258883248731
746,241,6.55361930294906,6.44398340248963,987,6.52684903748734
743,243,6.55450874831763,6.44855967078189,986,6.52839756592292
740,245,6.5527027027027,6.43673469387755,985,6.5238578680203
738,246,6.55013550135501,6.4390243902439,984,6.52235772357724
740,246,6.55,6.42682926829268,986,6.51926977687627
742,247,6.55121293800539,6.42914979757085,989,6.52072800808898
744,246,6.55376344086022,6.42682926829268,990,6.52222222222222
740,245,6.55135135135135,6.42448979591837,985,6.51979695431472
739,245,6.55074424898512,6.42448979591837,984,6.51930894308943
737,245,6.55088195386703,6.44081632653061,982,6.5234215885947
736,245,6.55027173913043,6.44081632653061,981,6.52293577981651
738,246,6.54607046070461,6.44308943089431,984,6.52032520325203
740,246,6.55135135135135,6.44308943089431,986,6.52434077079107
740,246,6.55135135135135,6.44308943089431,986,6.52434077079107
740,248,6.55,6.44758064516129,988,6.52429149797571
737,247,6.54816824966079,6.44939271255061,984,6.52337398373984
732,250,6.55054644808743,6.456,982,6.52647657841141
731,251,6.5499316005472,6.45816733067729,982,6.52647657841141
731,251,6.55129958960328,6.45816733067729,982,6.52749490835031
732,251,6.55327868852459,6.45816733067729,983,6.52899287894201
735,252,6.5578231292517,6.45238095238095,987,6.53090172239108
733,252,6.56070941336971,6.45238095238095,985,6.53299492385787
731,252,6.56361149110807,6.45238095238095,983,6.53509664292981
730,251,6.56301369863014,6.45019920318725,981,6.53414882772681
730,252,6.55890410958904,6.45238095238095,982,6.53156822810591
733,251,6.5593451568895,6.45816733067729,984,6.53353658536585
734,252,6.56539509536785,6.46428571428571,986,6.5395537525355
733,251,6.56889495225102,6.46215139442231,984,6.54166666666667
732,250,6.56830601092896,6.46,982,6.54073319755601
731,251,6.56771545827633,6.46215139442231,982,6.54073319755601
728,251,6.56593406593407,6.46215139442231,979,6.53932584269663
728,251,6.56593406593407,6.46215139442231,979,6.53932584269663
732,251,6.55874316939891,6.46215139442231,983,6.53407934893184
735,251,6.55510204081633,6.45019920318725,986,6.52839756592292
742,252,6.55795148247978,6.45238095238095,994,6.53118712273642
743,253,6.55720053835801,6.44664031620553,996,6.52911646586345
740,251,6.55405405405405,6.44621513944223,991,6.52674066599395
737,250,6.55223880597015,6.46,987,6.52887537993921
732,252,6.54918032786885,6.46031746031746,984,6.52642276422764
732,251,6.55737704918033,6.45816733067729,983,6.53204476093591
732,251,6.56420765027322,6.45816733067729,983,6.53713123092574
734,251,6.56675749318801,6.45816733067729,985,6.53908629441624
732,253,6.5655737704918,6.46245059288538,985,6.53908629441624
729,251,6.56378600823045,6.44621513944223,980,6.53367346938775
729,251,6.56378600823045,6.44621513944223,980,6.53367346938775
728,251,6.55769230769231,6.44621513944223,979,6.5291113381001
730,251,6.56164383561644,6.44621513944223,981,6.53211009174312
731,251,6.56224350205198,6.45019920318725,982,6.53360488798371
733,248,6.56343792633015,6.45967741935484,981,6.53720693170234
733,246,6.56343792633015,6.46747967479675,979,6.53932584269663
731,247,6.56224350205198,6.46963562753036,978,6.53885480572597
730,247,6.56712328767123,6.46963562753036,977,6.5424769703173
730,247,6.56164383561644,6.46963562753036,977,6.53838280450358
734,247,6.55858310626703,6.46963562753036,981,6.5361875637105
734,246,6.55858310626703,6.45934959349593,980,6.53367346938775
745,247,6.56107382550336,6.46153846153846,992,6.53629032258065
745,246,6.55838926174497,6.45934959349593,991,6.53380423814329
743,246,6.55720053835801,6.45934959349593,989,6.53286147623863
736,246,6.55570652173913,6.45934959349593,982,6.53156822810591
737,245,6.55630936227951,6.45714285714286,982,6.53156822810591
739,244,6.5575101488498,6.45901639344262,983,6.53306205493388
740,245,6.55810810810811,6.46122448979592,985,6.53401015228426
738,246,6.55962059620596,6.46341463414634,984,6.53556910569106
739,246,6.56021650879567,6.46341463414634,985,6.53604060913706
736,248,6.56114130434783,6.45564516129032,984,6.53455284552845
734,249,6.55994550408719,6.45783132530121,983,6.53407934893184
735,248,6.55918367346939,6.45564516129032,983,6.53306205493388
735,248,6.55918367346939,6.43951612903226,983,6.52899287894201
739,249,6.56156968876861,6.44176706827309,988,6.53137651821862
740,249,6.56216216216216,6.44176706827309,989,6.53185035389282
741,248,6.5668016194332,6.43951612903226,989,6.53488372093023
740,245,6.57432432432432,6.43265306122449,985,6.53908629441624
737,246,6.57259158751696,6.4349593495935,983,6.5381485249237
737,246,6.5685210312076,6.4349593495935,983,6.53509664292981
739,248,6.5723951285521,6.44354838709677,987,6.54002026342452
744,248,6.5752688172043,6.43145161290323,992,6.53931451612903
749,246,6.57543391188251,6.42682926829268,995,6.53869346733668
748,244,6.57486631016043,6.4344262295082,992,6.54032258064516
744,244,6.5739247311828,6.44672131147541,988,6.54251012145749
744,242,6.5739247311828,6.4297520661157,986,6.53853955375254
740,243,6.57162162162162,6.4320987654321,983,6.53713123092574
742,243,6.57277628032345,6.4320987654321,985,6.53807106598985
745,241,6.5744966442953,6.42738589211618,986,6.53853955375254
749,240,6.57676902536716,6.425,989,6.53993933265925
747,240,6.57965194109772,6.425,987,6.54204660587639
744,241,6.57930107526882,6.42738589211618,985,6.54213197969543
745,241,6.5758389261745,6.42738589211618,986,6.5395537525355
745,238,6.57315436241611,6.42016806722689,983,6.53611393692777
748,240,6.57486631016043,6.425,988,6.53846153846154
751,240,6.57656458055925,6.44166666666667,991,6.5438950554995
751,239,6.5832223701731,6.43933054393305,990,6.54848484848485
747,238,6.58902275769746,6.44117647058824,985,6.55329949238579
746,237,6.58847184986595,6.44725738396625,983,6.55442522889115
744,238,6.59005376344086,6.44957983193277,982,6.55600814663951
746,238,6.5857908847185,6.44957983193277,984,6.55284552845528
747,238,6.5863453815261,6.4327731092437,985,6.5492385786802
751,238,6.58721704394141,6.4327731092437,989,6.55005055611729
754,238,6.58620689655172,6.4327731092437,992,6.54939516129032
749,238,6.59012016021362,6.4327731092437,987,6.55217831813577
747,237,6.58902275769746,6.43037974683544,984,6.55081300813008
745,235,6.58791946308725,6.43404255319149,980,6.55102040816327
744,236,6.59005376344086,6.4364406779661,980,6.5530612244898
743,236,6.59084791386272,6.4364406779661,979,6.55362614913177
743,237,6.59084791386272,6.43881856540084,980,6.55408163265306
745,236,6.59328859060403,6.44067796610169,981,6.5565749235474
745,236,6.59328859060403,6.44067796610169,981,6.5565749235474
744,236,6.59274193548387,6.44067796610169,980,6.55612244897959
746,236,6.58981233243968,6.44067796610169,982,6.55397148676171
748,236,6.59224598930481,6.44067796610169,984,6.55589430894309
749,237,6.59946595460614,6.43459915611814,986,6.55983772819473
749,237,6.59946595460614,6.43459915611814,986,6.55983772819473
752,238,6.60505319148936,6.43697478991597,990,6.56464646464647
749,236,6.60347129506008,6.44067796610169,985,6.56446700507614
749,236,6.60347129506008,6.44067796610169,985,6.56446700507614
748,235,6.60294117647059,6.45531914893617,983,6.5676500508647
749,236,6.59946595460614,6.45762711864407,985,6.56548223350254
753,236,6.60159362549801,6.45762711864407,989,6.56723963599596
755,236,6.60132450331126,6.47033898305085,991,6.57013118062563
754,237,6.60079575596817,6.47257383966245,991,6.57013118062563
754,237,6.60079575596817,6.48523206751055,991,6.57315842583249
751,238,6.59920106524634,6.48739495798319,989,6.57229524772497
745,238,6.59328859060403,6.48739495798319,983,6.5676500508647
747,237,6.59437751004016,6.48523206751055,984,6.56808943089431
750,237,6.596,6.48523206751055,987,6.5694022289767
751,237,6.5965379494008,6.48523206751055,988,6.56983805668016
752,237,6.59707446808511,6.48523206751055,989,6.57027300303337
751,240,6.5965379494008,6.47083333333333,991,6.56609485368315
746,238,6.59383378016086,6.47899159663866,984,6.56605691056911
746,238,6.59249329758713,6.47899159663866,984,6.5650406504065
746,239,6.59249329758713,6.46861924686193,985,6.56243654822335
748,240,6.59358288770053,6.47083333333333,988,6.56376518218624
748,240,6.59625668449198,6.47083333333333,988,6.56578947368421
750,239,6.59733333333333,6.46861924686193,989,6.56622851365015
748,238,6.59625668449198,6.46638655462185,986,6.56490872210953
744,235,6.59408602150538,6.45957446808511,979,6.56179775280899
744,235,6.59005376344086,6.45957446808511,979,6.55873340143003
746,235,6.59785522788204,6.46382978723404,981,6.56574923547401
750,235,6.6,6.46382978723404,985,6.56751269035533
754,234,6.60079575596817,6.47008547008547,988,6.56983805668016
758,236,6.60158311345646,6.47457627118644,994,6.57142857142857
757,233,6.60105680317041,6.48068669527897,990,6.57272727272727
752,232,6.60106382978723,6.47844827586207,984,6.57215447154472
748,231,6.59893048128342,6.48051948051948,979,6.57099080694586
749,232,6.59946595460614,6.48275862068965,981,6.57186544342508
749,233,6.59946595460614,6.48068669527897,982,6.57128309572301
749,231,6.60347129506008,6.47619047619048,980,6.5734693877551
748,231,6.60427807486631,6.47619047619048,979,6.57405515832482
749,230,6.60747663551402,6.47391304347826,979,6.57609805924413
747,230,6.61178045515395,6.47391304347826,977,6.57932446264074
749,231,6.60480640854473,6.47619047619048,980,6.57448979591837
750,230,6.60533333333333,6.47391304347826,980,6.57448979591837
749,233,6.60614152202937,6.48068669527897,982,6.57637474541752
749,233,6.60881174899867,6.48068669527897,982,6.57841140529532
750,232,6.60933333333333,6.47844827586207,982,6.57841140529532
750,231,6.60933333333333,6.47186147186147,981,6.5769622833843
749,233,6.61014686248331,6.47639484978541,982,6.57841140529532
750,231,6.60666666666667,6.48484848484848,981,6.57798165137615
748,233,6.60561497326203,6.47639484978541,981,6.57492354740061
748,233,6.61096256684492,6.47639484978541,981,6.57900101936799
752,232,6.61303191489362,6.47413793103448,984,6.58028455284553
755,232,6.61192052980132,6.45689655172414,987,6.57548125633232
754,232,6.61140583554377,6.45689655172414,986,6.57505070993915
752,233,6.61037234042553,6.4549356223176,985,6.57360406091371
749,234,6.60881174899867,6.45726495726496,983,6.57273652085453
750,235,6.60933333333333,6.45957446808511,985,6.57360406091371
754,235,6.61140583554377,6.45957446808511,989,6.57532861476239
756,234,6.61375661375661,6.46153846153846,990,6.57777777777778
753,234,6.61487383798141,6.46153846153846,987,6.57852077001013
752,234,6.61436170212766,6.46153846153846,986,6.57809330628803
749,235,6.6128170894526,6.46382978723404,984,6.57723577235772
746,236,6.6058981233244,6.46610169491525,982,6.57230142566191
746,236,6.60857908847185,6.46610169491525,982,6.57433808553971
745,236,6.61073825503356,6.46610169491525,981,6.57594291539246
749,236,6.6128170894526,6.46610169491525,985,6.57766497461929
752,234,6.61436170212766,6.47863247863248,986,6.58215010141988
751,231,6.61517976031957,6.47186147186147,982,6.58146639511202
750,231,6.61466666666667,6.47186147186147,981,6.58103975535168
751,231,6.60985352862849,6.47186147186147,982,6.57739307535642
752,231,6.61037234042553,6.47186147186147,983,6.57782299084435
749,230,6.60881174899867,6.49130434782609,979,6.58120531154239
753,231,6.60823373173971,6.49350649350649,984,6.58130081300813
758,229,6.60686015831135,6.48908296943231,987,6.57953394123607
757,230,6.60766182298547,6.49130434782609,987,6.58054711246201
756,228,6.60714285714286,6.49122807017544,984,6.58028455284553
758,229,6.60817941952507,6.49344978165939,987,6.58156028368794
757,230,6.60898282694848,6.49565217391304,987,6.58257345491388
756,230,6.60978835978836,6.49565217391304,986,6.58316430020284
759,230,6.61528326745718,6.49565217391304,989,6.58746208291203
757,230,6.61426684280053,6.48260869565217,987,6.58358662613982
754,231,6.61405835543767,6.48484848484848,985,6.58375634517767
752,232,6.61436170212766,6.4698275862069,984,6.58028455284553
753,230,6.61221779548473,6.47826086956522,983,6.58087487283825
756,228,6.61507936507936,6.48684210526316,984,6.58536585365854
759,229,6.61528326745718,6.48908296943231,988,6.58603238866397
760,229,6.61842105263158,6.48908296943231,989,6.58847320525784
760,229,6.61842105263158,6.48908296943231,989,6.58847320525784
760,230,6.61973684210526,6.49130434782609,990,6.58989898989899
756,230,6.61772486772487,6.50869565217391,986,6.59229208924949
755,229,6.61324503311258,6.50655021834061,984,6.58841463414634
755,230,6.61324503311258,6.50869565217391,985,6.58883248730965
755,229,6.61324503311258,6.50655021834061,984,6.58841463414634
761,230,6.61235216819974,6.50869565217391,991,6.5882946518668
760,229,6.61052631578947,6.50655021834061,989,6.58645096056623
760,227,6.61052631578947,6.51541850220264,987,6.5886524822695
758,227,6.60949868073879,6.51541850220264,985,6.58781725888325
756,229,6.60978835978836,6.51965065502183,985,6.58883248730965
758,228,6.61081794195251,6.51754385964912,986,6.58924949290061
755,228,6.61456953642384,6.51754385964912,983,6.59206510681587
759,229,6.61660079051383,6.51965065502183,988,6.59412955465587
760,229,6.6171052631579,6.51965065502183,989,6.59453993933266
758,228,6.62005277044855,6.51754385964912,986,6.59634888438134
754,227,6.61538461538461,6.53303964757709,981,6.59633027522936
756,228,6.61243386243386,6.53508771929825,984,6.59451219512195
753,227,6.61487383798141,6.53744493392071,980,6.5969387755102
755,227,6.6158940397351,6.53744493392071,982,6.59775967413442
759,227,6.61791831357049,6.53744493392071,986,6.59939148073022
761,227,6.62023653088042,6.53744493392071,988,6.60121457489879
761,226,6.62417871222076,6.5353982300885,987,6.60385005065856
757,228,6.6221928665786,6.53947368421053,985,6.60304568527919
754,228,6.61538461538461,6.53947368421053,982,6.59775967413442
758,229,6.61741424802111,6.52838427947598,987,6.596757852077
758,230,6.62137203166227,6.51304347826087,988,6.59615384615385
763,228,6.62385321100917,6.51315789473684,991,6.59838546922301
760,229,6.62236842105263,6.51528384279476,989,6.59757330637007
758,230,6.62664907651715,6.51739130434783,988,6.60121457489879
755,229,6.62516556291391,6.51528384279476,984,6.59959349593496
754,229,6.62997347480106,6.51528384279476,983,6.60325534079349
755,229,6.6317880794702,6.51528384279476,984,6.60467479674797
755,228,6.63841059602649,6.51315789473684,983,6.60935910478128
759,228,6.6403162055336,6.51315789473684,987,6.61094224924012
759,228,6.6403162055336,6.51315789473684,987,6.61094224924012
757,229,6.64200792602378,6.51528384279476,986,6.61257606490872
758,229,6.64116094986807,6.51528384279476,987,6.61195542046606
755,231,6.63973509933775,6.51948051948052,986,6.61156186612576
758,228,6.64116094986807,6.52631578947368,986,6.61460446247465
761,229,6.64257555847569,6.52838427947598,990,6.61616161616162
761,228,6.64257555847569,6.52631578947368,989,6.61577350859454
755,228,6.64635761589404,6.52631578947368,983,6.61851475076297
755,228,6.64635761589404,6.52631578947368,983,6.61851475076297
753,229,6.64541832669323,6.52838427947598,982,6.61812627291242
756,228,6.64153439153439,6.52631578947368,984,6.61483739837398
757,227,6.64200792602378,6.53744493392071,984,6.61788617886179
758,226,6.63984168865435,6.5353982300885,984,6.61585365853659
760,225,6.64342105263158,6.53333333333333,985,6.61827411167513
760,226,6.64078947368421,6.5353982300885,986,6.61663286004057
758,226,6.64379947229551,6.5353982300885,984,6.61890243902439
755,228,6.64238410596027,6.53947368421053,983,6.61851475076297
756,228,6.6468253968254,6.53947368421053,984,6.6219512195122
756,228,6.64814814814815,6.53947368421053,984,6.6229674796748
759,228,6.64953886693017,6.53947368421053,987,6.6241134751773
761,225,6.65045992115637,6.52444444444444,986,6.62170385395537
761,225,6.65177398160315,6.52444444444444,986,6.62271805273834
759,226,6.65085638998683,6.52654867256637,985,6.62233502538071
758,226,6.64775725593668,6.52212389380531,984,6.61890243902439
760,224,6.64736842105263,6.51785714285714,984,6.61788617886179
761,224,6.65045992115637,6.53571428571429,985,6.6243654822335
763,224,6.65137614678899,6.53571428571429,987,6.62512664640324
764,226,6.6544502617801,6.53982300884956,990,6.62828282828283
761,226,6.65308804204993,6.53982300884956,987,6.62715298885512
761,226,6.65308804204993,6.54867256637168,987,6.62917933130699
758,225,6.65303430079156,6.54666666666667,983,6.62868769074262
758,225,6.65039577836412,6.54666666666667,983,6.62665310274669
760,226,6.65131578947368,6.54867256637168,986,6.62778904665314
755,226,6.65033112582781,6.54867256637168,981,6.62691131498471
757,227,6.64993394980185,6.55066079295154,984,6.6270325203252
756,226,6.65079365079365,6.54867256637168,982,6.62729124236253
755,226,6.65033112582781,6.54867256637168,981,6.62691131498471
753,226,6.65205843293493,6.54867256637168,979,6.62819203268641
756,224,6.65343915343915,6.54464285714286,980,6.62857142857143
758,224,6.65435356200528,6.54464285714286,982,6.62932790224033
758,225,6.65435356200528,6.54666666666667,983,6.62970498474059
758,224,6.65435356200528,6.55803571428571,982,6.63238289205703
757,223,6.65653896961691,6.56053811659193,980,6.63469387755102
755,224,6.65695364238411,6.5625,979,6.63534218590398
755,222,6.65695364238411,6.55855855855856,977,6.6345957011259
759,222,6.65744400527009,6.55855855855856,981,6.63506625891947
759,222,6.65744400527009,6.55855855855856,981,6.63506625891947
761,221,6.65834428383706,6.55656108597285,982,6.63543788187373
763,220,6.6605504587156,6.55454545454545,983,6.63682604272635
761,219,6.66491458607096,6.55251141552511,980,6.63979591836735
761,216,6.66491458607096,6.57407407407407,977,6.64483111566018
760,217,6.66447368421053,6.56221198156682,977,6.6417604912999
763,217,6.66186107470511,6.56221198156682,980,6.63979591836735
761,219,6.66491458607096,6.57534246575342,980,6.64489795918367
763,218,6.66317169069463,6.58256880733945,981,6.64525993883792
766,218,6.66187989556136,6.57798165137615,984,6.64329268292683
766,218,6.66710182767624,6.57798165137615,984,6.64735772357724
765,218,6.66666666666667,6.57798165137615,983,6.646998982706
764,220,6.66623036649215,6.58181818181818,984,6.64735772357724
767,219,6.66753585397653,6.59360730593607,986,6.65111561866126
765,219,6.67320261437909,6.59360730593607,984,6.65548780487805
769,218,6.67490247074122,6.59174311926605,987,6.6565349544073
772,218,6.67616580310881,6.59174311926605,990,6.65757575757576
771,218,6.67704280155642,6.59174311926605,989,6.6582406471183
770,218,6.67662337662338,6.59174311926605,988,6.65789473684211
769,220,6.67880364109233,6.59545454545455,989,6.66026289180991
773,220,6.67787839586028,6.6,993,6.66062437059416
770,220,6.68571428571429,6.6,990,6.66666666666667
768,221,6.68489583333333,6.60180995475113,989,6.66632962588473
770,221,6.68571428571429,6.60180995475113,991,6.66700302724521
768,220,6.68489583333333,6.6,988,6.66599190283401
765,220,6.69411764705882,6.6,985,6.67309644670051
762,221,6.69816272965879,6.60180995475113,983,6.676500508647
763,221,6.69462647444299,6.60180995475113,984,6.67378048780488
762,221,6.69816272965879,6.60180995475113,983,6.676500508647
766,219,6.69843342036553,6.59817351598173,985,6.6761421319797
766,218,6.69712793733681,6.59633027522936,984,6.67479674796748
764,216,6.69633507853403,6.59259259259259,980,6.6734693877551
765,217,6.69673202614379,6.59447004608295,982,6.67413441955193
762,218,6.69553805774278,6.59633027522936,980,6.6734693877551
763,218,6.6959370904325,6.59633027522936,981,6.67380224260958
762,218,6.69553805774278,6.59633027522936,980,6.6734693877551
764,217,6.69633507853403,6.59447004608295,981,6.67380224260958
762,219,6.69816272965879,6.58447488584475,981,6.67278287461774
759,220,6.6969696969697,6.58636363636364,979,6.67211440245148
757,222,6.69352708058124,6.57657657657658,979,6.66700715015322
755,222,6.6953642384106,6.57657657657658,977,6.66837256908905
759,222,6.69565217391304,6.57657657657658,981,6.66870540265036
761,222,6.69645203679369,6.57657657657658,983,6.66937945066124
763,220,6.69724770642202,6.57272727272727,983,6.66937945066124
762,220,6.6994750656168,6.57272727272727,982,6.67107942973523
762,220,6.7007874015748,6.58181818181818,982,6.67413441955193
759,221,6.699604743083,6.58371040723982,980,6.6734693877551
759,223,6.6969696969697,6.58744394618834,982,6.67209775967413
759,222,6.6969696969697,6.58558558558559,981,6.67176350662589
759,222,6.6969696969697,6.58558558558559,981,6.67176350662589
761,222,6.69645203679369,6.58558558558559,983,6.67141403865717
765,224,6.69673202614379,6.60267857142857,989,6.67542972699697
765,223,6.69673202614379,6.60089686098655,988,6.6751012145749
759,221,6.69433465085639,6.5972850678733,980,6.67244897959184
758,220,6.69656992084433,6.59545454545455,978,6.67382413087935
761,219,6.69776609724047,6.59360730593607,980,6.67448979591837
760,219,6.7,6.59360730593607,979,6.67620020429009
762,221,6.70734908136483,6.5972850678733,983,6.68260427263479
762,222,6.70734908136483,6.5990990990991,984,6.68292682926829
763,222,6.70773263433814,6.5990990990991,985,6.68324873096447
761,221,6.70565045992116,6.5972850678733,982,6.68126272912424
757,220,6.70409511228534,6.59545454545455,977,6.67963152507677
760,220,6.70526315789474,6.59545454545455,980,6.68061224489796
761,220,6.70565045992116,6.59545454545455,981,6.6809378185525
759,219,6.70487483530962,6.59360730593607,978,6.6799591002045
756,218,6.7037037037037,6.59174311926605,974,6.67864476386037
756,217,6.7037037037037,6.58986175115207,973,6.67831449126413
756,216,6.7037037037037,6.58796296296296,972,6.67798353909465
757,217,6.7001321003963,6.57142857142857,974,6.67145790554415
758,217,6.70052770448549,6.57142857142857,975,6.67179487179487
758,221,6.70052770448549,6.57466063348416,979,6.67211440245148
759,222,6.69828722002635,6.57657657657658,981,6.67074413863405
760,222,6.7,6.57657657657658,982,6.67209775967413
763,223,6.70117955439056,6.57847533632287,986,6.67342799188641
758,222,6.70316622691293,6.57657657657658,980,6.67448979591837
759,222,6.70355731225296,6.57657657657658,981,6.67482161060143
758,223,6.70316622691293,6.57847533632287,981,6.67482161060143
758,223,6.70316622691293,6.57847533632287,981,6.67482161060143
759,221,6.70355731225296,6.58371040723982,980,6.6765306122449
761,219,6.70433639947438,6.57990867579909,980,6.6765306122449
762,220,6.70472440944882,6.58181818181818,982,6.67718940936864
760,220,6.70263157894737,6.58181818181818,980,6.67551020408163
759,224,6.70882740447958,6.58928571428571,983,6.68158697863683
755,223,6.70596026490066,6.58744394618834,978,6.67893660531697
753,224,6.70517928286853,6.58928571428571,977,6.67860798362334
753,224,6.70517928286853,6.58928571428571,977,6.67860798362334
752,223,6.70478723404255,6.60538116591928,975,6.68205128205128
752,222,6.70478723404255,6.6036036036036,974,6.68172484599589
751,223,6.70439414114514,6.60538116591928,974,6.68172484599589
753,224,6.69986719787517,6.60714285714286,977,6.67860798362334
753,224,6.69986719787517,6.60714285714286,977,6.67860798362334
754,224,6.69761273209549,6.60714285714286,978,6.67689161554192
756,224,6.69973544973545,6.60714285714286,980,6.67857142857143
756,225,6.69973544973545,6.60888888888889,981,6.67889908256881
758,226,6.70052770448549,6.61061946902655,984,6.67987804878049
756,228,6.70502645502645,6.6140350877193,984,6.68394308943089
754,228,6.70557029177719,6.6140350877193,982,6.68431771894094
755,227,6.70596026490066,6.62114537444934,982,6.68635437881874
756,228,6.70899470899471,6.62280701754386,984,6.6890243902439
755,227,6.7112582781457,6.62114537444934,982,6.69042769857434
755,228,6.7112582781457,6.60964912280702,983,6.68769074262462
756,229,6.71164021164021,6.59825327510917,985,6.68527918781726
756,230,6.70899470899471,6.6,986,6.68356997971602
758,230,6.70976253298153,6.6,988,6.68421052631579
758,228,6.70976253298153,6.59649122807018,986,6.68356997971602
758,228,6.71240105540897,6.59649122807018,986,6.68559837728195
758,229,6.71372031662269,6.60262008733624,987,6.68794326241135
756,228,6.71693121693122,6.60087719298246,984,6.6900406504065
757,227,6.71730515191546,6.59911894273128,984,6.6900406504065
757,226,6.71730515191546,6.59734513274336,983,6.68972533062055
761,226,6.71484888304862,6.59734513274336,987,6.68794326241135
759,225,6.71409749670619,6.60888888888889,984,6.6900406504065
761,225,6.71353482260184,6.60888888888889,986,6.68965517241379
759,224,6.7167325428195,6.60714285714286,983,6.69175991861648
759,224,6.71805006587615,6.60714285714286,983,6.69277721261445
759,224,6.71805006587615,6.60714285714286,983,6.69277721261445
758,224,6.71767810026385,6.60714285714286,982,6.69246435845214
758,223,6.71767810026385,6.59641255605381,981,6.6901121304791
761,224,6.71879106438896,6.59821428571429,985,6.69137055837563
760,225,6.71842105263158,6.60444444444444,985,6.69238578680203
758,226,6.71767810026385,6.60619469026549,984,6.69207317073171
760,225,6.71842105263158,6.60444444444444,985,6.69238578680203
760,224,6.71842105263158,6.60267857142857,984,6.69207317073171
759,224,6.71805006587615,6.60267857142857,983,6.69175991861648
763,222,6.71952817824377,6.5990990990991,985,6.69238578680203
763,222,6.71952817824377,6.5990990990991,985,6.69238578680203
767,221,6.72099087353325,6.5972850678733,988,6.69331983805668
767,221,6.72229465449804,6.5972850678733,988,6.69433198380567
765,220,6.72156862745098,6.59545454545455,985,6.69340101522843
763,219,6.72083879423329,6.59360730593607,982,6.69246435845214
765,219,6.71633986928105,6.59360730593607,984,6.6890243902439
766,221,6.71671018276762,6.57013574660633,987,6.6838905775076
766,221,6.71671018276762,6.57013574660633,987,6.6838905775076
767,221,6.71968709256845,6.57013574660633,988,6.68623481781376
765,220,6.71895424836601,6.58181818181818,985,6.68832487309645
765,220,6.71895424836601,6.58181818181818,985,6.68832487309645
763,221,6.71821756225426,6.58371040723982,984,6.6880081300813
762,221,6.72047244094488,6.58371040723982,983,6.68972533062055
760,219,6.71973684210526,6.57990867579909,979,6.68845760980592
761,218,6.72010512483574,6.57798165137615,979,6.68845760980592
759,218,6.72200263504611,6.57798165137615,977,6.68986693961105
757,218,6.7225891677675,6.57798165137615,975,6.69025641025641
756,218,6.72354497354497,6.57798165137615,974,6.69096509240246
755,217,6.72317880794702,6.57603686635945,972,6.690329218107
759,218,6.72332015810277,6.59174311926605,977,6.69396110542477
761,220,6.72404730617608,6.59545454545455,981,6.69520897043833
761,220,6.72404730617608,6.59545454545455,981,6.69520897043833
764,219,6.72513089005236,6.59360730593607,983,6.69582909460834
765,219,6.72549019607843,6.59360730593607,984,6.69613821138211
763,218,6.72477064220184,6.59174311926605,981,6.69520897043833
763,218,6.72477064220184,6.59174311926605,981,6.69520897043833
765,218,6.72156862745098,6.59174311926605,983,6.69277721261445
761,219,6.72141918528252,6.59360730593607,980,6.69285714285714
763,219,6.7221494102228,6.59360730593607,982,6.69348268839104
761,219,6.71747700394218,6.59360730593607,980,6.68979591836735
761,219,6.71747700394218,6.59360730593607,980,6.68979591836735
763,219,6.71821756225426,6.59360730593607,982,6.69042769857434
761,219,6.71747700394218,6.59360730593607,980,6.68979591836735
762,220,6.72178477690289,6.59545454545455,982,6.69348268839104
762,219,6.72178477690289,6.59360730593607,981,6.69317023445464
760,218,6.72105263157895,6.59174311926605,978,6.69222903885481
761,220,6.72404730617608,6.59545454545455,981,6.69520897043833
763,220,6.72477064220184,6.59545454545455,983,6.69582909460834
763,222,6.72477064220184,6.56756756756757,985,6.68934010152284
763,222,6.72477064220184,6.56756756756757,985,6.68934010152284
764,219,6.72513089005236,6.56164383561644,983,6.68870803662258
764,219,6.72513089005236,6.56164383561644,983,6.68870803662258
765,219,6.72549019607843,6.56164383561644,984,6.6890243902439
767,219,6.72620599739244,6.57990867579909,986,6.69371196754564
767,221,6.72620599739244,6.58371040723982,988,6.69433198380567
765,222,6.73071895424837,6.58558558558559,987,6.69807497467072
762,219,6.73097112860892,6.57990867579909,981,6.69724770642202
761,219,6.72536136662286,6.57990867579909,980,6.69285714285714
761,219,6.72798948751643,6.57990867579909,980,6.69489795918367
759,220,6.72727272727273,6.58181818181818,979,6.69458631256384
761,220,6.72667542706965,6.58181818181818,981,6.69418960244648
760,221,6.72631578947368,6.58371040723982,981,6.69418960244648
760,222,6.72631578947368,6.58558558558559,982,6.69450101832994
759,223,6.72595520421607,6.58744394618834,982,6.69450101832994
761,223,6.72667542706965,6.58744394618834,984,6.69512195121951
759,222,6.72990777338603,6.5990990990991,981,6.70030581039755
757,221,6.73447820343461,6.5972850678733,978,6.70347648261759
758,223,6.73482849604222,6.60089686098655,981,6.70438328236493
758,222,6.7335092348285,6.60810810810811,980,6.70510204081633
757,222,6.7331571994716,6.60810810810811,979,6.70480081716037
756,222,6.73148148148148,6.60810810810811,978,6.70347648261759
760,221,6.73289473684211,6.60633484162896,981,6.70438328236493
762,222,6.73359580052493,6.60810810810811,984,6.70528455284553
762,223,6.73359580052493,6.60986547085202,985,6.70558375634518
762,221,6.73359580052493,6.62443438914027,983,6.70905391658189
765,222,6.73464052287582,6.62612612612613,987,6.71023302938197
765,222,6.73464052287582,6.62612612612613,987,6.71023302938197
762,222,6.73359580052493,6.62612612612613,984,6.70934959349593
763,220,6.72870249017038,6.63181818181818,983,6.70701932858596
765,223,6.72941176470588,6.60538116591928,988,6.70141700404858
763,225,6.72870249017038,6.60888888888889,988,6.70141700404858
764,222,6.72774869109948,6.61711711711712,986,6.70283975659229
763,222,6.72739187418087,6.61711711711712,985,6.70253807106599
763,220,6.72739187418087,6.61363636363636,983,6.70193285859613
763,220,6.72739187418087,6.61363636363636,983,6.70193285859613
764,221,6.72643979057592,6.61538461538461,985,6.70152284263959
765,220,6.73071895424837,6.61363636363636,985,6.70456852791878
766,221,6.73107049608355,6.61538461538461,987,6.70516717325228
767,222,6.73142112125163,6.61711711711712,989,6.70576339737108
767,221,6.73142112125163,6.61538461538461,988,6.70546558704453
764,221,6.73429319371728,6.61538461538461,985,6.70761421319797
763,222,6.73263433813892,6.63063063063063,985,6.70964467005076
762,220,6.73622047244094,6.63181818181818,982,6.71283095723014
762,219,6.73622047244094,6.63013698630137,981,6.71253822629969
763,220,6.73656618610747,6.63181818181818,983,6.71312309257375
763,219,6.73656618610747,6.63013698630137,982,6.71283095723014
764,219,6.74083769633508,6.63013698630137,983,6.71617497456765
765,219,6.74117647058824,6.63013698630137,984,6.71646341463415
763,218,6.74049803407602,6.62844036697248,981,6.71559633027523
766,216,6.73890339425587,6.625,982,6.71384928716904
767,217,6.74054758800522,6.62672811059908,984,6.71544715447155
770,216,6.74155844155844,6.63888888888889,986,6.71906693711968
772,216,6.74352331606218,6.63888888888889,988,6.72064777327935
772,216,6.74352331606218,6.63888888888889,988,6.72064777327935
770,214,6.74805194805195,6.63084112149533,984,6.72256097560976
764,215,6.75,6.63255813953488,979,6.72420837589377
767,215,6.7509778357236,6.63255813953488,982,6.72505091649695
765,214,6.75032679738562,6.63084112149533,979,6.72420837589377
766,215,6.75195822454308,6.63255813953488,981,6.72579001019368
764,215,6.75130890052356,6.63255813953488,979,6.72522982635342
765,213,6.7516339869281,6.6056338028169,978,6.719836400818
767,213,6.7522816166884,6.6056338028169,980,6.72040816326531
766,214,6.75065274151436,6.58878504672897,980,6.71530612244898
769,215,6.75162548764629,6.5906976744186,984,6.71646341463415
769,214,6.75162548764629,6.58878504672897,983,6.71617497456765
770,214,6.75194805194805,6.58878504672897,984,6.71646341463415
772,215,6.75259067357513,6.5906976744186,987,6.71732522796353
770,214,6.75194805194805,6.58878504672897,984,6.71646341463415
771,215,6.75356679636835,6.5906976744186,986,6.71805273833671
769,215,6.74772431729519,6.5906976744186,984,6.71341463414634
772,214,6.74870466321244,6.58878504672897,986,6.71399594320487
772,214,6.74870466321244,6.58878504672897,986,6.71399594320487
770,213,6.75194805194805,6.5868544600939,983,6.71617497456765
774,212,6.7609819121447,6.58490566037736,986,6.72312373225152
773,213,6.76067270375162,6.5868544600939,986,6.72312373225152
768,215,6.765625,6.5906976744186,983,6.72736520854527
767,214,6.76531942633638,6.58878504672897,981,6.72680937818552
768,213,6.765625,6.5868544600939,981,6.72680937818552
766,212,6.76501305483029,6.58490566037736,978,6.72597137014315
765,212,6.76470588235294,6.58490566037736,977,6.72569089048106
767,212,6.76531942633638,6.58962264150943,979,6.72727272727273
766,212,6.76501305483029,6.58962264150943,978,6.72699386503067
767,213,6.76531942633638,6.59154929577465,980,6.72755102040816
766,214,6.76370757180157,6.59345794392523,980,6.7265306122449
766,213,6.76370757180157,6.5868544600939,979,6.72522982635342
768,214,6.76432291666667,6.58878504672897,982,6.72606924643584
765,214,6.76862745098039,6.58878504672897,979,6.72931562819203
769,214,6.76983094928479,6.58878504672897,983,6.73041709053917
769,216,6.76983094928479,6.59259259259259,985,6.73096446700508
766,214,6.76892950391645,6.58878504672897,980,6.72959183673469
764,213,6.76439790575916,6.5868544600939,977,6.72569089048106
765,213,6.76470588235294,6.5868544600939,978,6.72597137014315
768,214,6.765625,6.55607476635514,982,6.71995926680244
768,215,6.76432291666667,6.55813953488372,983,6.71922685656155
768,215,6.76432291666667,6.55813953488372,983,6.71922685656155
769,213,6.76723016905072,6.55399061032864,982,6.72097759674134
767,211,6.76923076923077,6.54976303317536,978,6.72188139059305
763,212,6.76802096985583,6.55188679245283,975,6.72102564102564
763,209,6.76802096985583,6.55023923444976,972,6.72119341563786
765,209,6.76862745098039,6.55023923444976,974,6.7217659137577
767,211,6.76923076923077,6.55450236966825,978,6.72290388548057
766,211,6.76892950391645,6.55450236966825,977,6.72262026612078
766,211,6.76892950391645,6.55450236966825,977,6.72262026612078
765,212,6.76862745098039,6.55660377358491,977,6.72262026612078
763,210,6.76802096985583,6.57142857142857,973,6.72559095580678
764,211,6.77356020942408,6.57345971563981,975,6.73025641025641
762,211,6.7755905511811,6.59241706161137,973,6.73586844809866
760,211,6.775,6.59241706161137,971,6.73532440782698
761,211,6.77529566360053,6.59241706161137,972,6.73559670781893
761,212,6.77660972404731,6.59433962264151,973,6.73689619732785
762,212,6.77690288713911,6.59433962264151,974,6.73716632443532
761,211,6.77923784494087,6.60663507109005,972,6.7417695473251
759,211,6.77865612648221,6.60663507109005,970,6.74123711340206
761,212,6.78186596583443,6.60849056603774,973,6.74409044193217
764,212,6.78010471204188,6.60849056603774,976,6.74282786885246
765,213,6.78039215686274,6.61032863849765,978,6.74335378323108
764,214,6.78010471204188,6.61214953271028,978,6.74335378323108
763,215,6.77850589777195,6.61395348837209,978,6.74233128834356
763,216,6.77850589777195,6.61574074074074,979,6.74259448416752
765,217,6.77908496732026,6.61751152073733,982,6.74338085539715
765,217,6.77908496732026,6.61751152073733,982,6.74338085539715
767,217,6.77966101694915,6.61751152073733,984,6.74390243902439
768,218,6.77994791666667,6.61926605504587,986,6.74442190669371
763,220,6.7824377457405,6.59090909090909,983,6.73957273652085
762,219,6.78346456692913,6.58904109589041,981,6.74006116207951
761,220,6.78186596583443,6.59090909090909,981,6.73904179408767
761,221,6.78186596583443,6.59276018099547,982,6.73930753564155
758,222,6.78100263852243,6.59459459459459,980,6.73877551020408
756,222,6.78042328042328,6.59459459459459,978,6.73824130879346
756,221,6.78042328042328,6.59276018099547,977,6.73797338792221
754,222,6.77984084880637,6.59459459459459,976,6.73770491803279
752,222,6.77925531914894,6.59459459459459,974,6.73716632443532
754,221,6.77586206896552,6.59276018099547,975,6.73435897435897
750,221,6.77466666666667,6.59276018099547,971,6.73326467559217
751,221,6.7762982689747,6.59276018099547,972,6.73456790123457
756,222,6.77645502645503,6.59459459459459,978,6.73517382413088
756,221,6.78174603174603,6.59276018099547,977,6.73899692937564
753,222,6.7808764940239,6.59459459459459,975,6.73846153846154
752,221,6.78058510638298,6.59276018099547,973,6.73792394655704
754,221,6.78116710875332,6.59276018099547,975,6.73846153846154
755,222,6.78145695364238,6.59459459459459,977,6.73899692937564
754,222,6.78116710875332,6.59459459459459,976,6.73872950819672
754,222,6.78116710875332,6.59459459459459,976,6.73872950819672
755,223,6.78145695364238,6.59641255605381,978,6.73926380368098
752,223,6.78058510638298,6.59641255605381,975,6.73846153846154
752,223,6.77792553191489,6.59641255605381,975,6.73641025641026
752,223,6.78590425531915,6.59641255605381,975,6.7425641025641
750,225,6.78533333333333,6.6,975,6.7425641025641
751,225,6.78561917443409,6.6,976,6.74282786885246
753,225,6.78618857901726,6.60444444444444,978,6.74437627811861
755,225,6.78675496688742,6.60444444444444,980,6.74489795918367
753,226,6.78618857901726,6.60619469026549,979,6.74463738508682
754,226,6.78647214854111,6.60619469026549,980,6.74489795918367
755,227,6.78278145695364,6.59030837004405,982,6.73828920570265
754,228,6.78514588859416,6.57456140350877,982,6.73625254582485
