forward_num,reverse_num,forward_rate,reverse_rate,organism_num,organism_rate
500,500,5.5,5.5,1000,5.5
497,493,5.49295774647887,5.49898580121704,990,5.4959595959596
494,491,5.4919028340081,5.4969450101833,985,5.49441624365482
491,488,5.5050916496945,5.48155737704918,979,5.49336057201226
489,487,5.50511247443763,5.47638603696099,976,5.49077868852459
488,486,5.49795081967213,5.47119341563786,974,5.48459958932238
486,486,5.49794238683128,5.47119341563786,972,5.48456790123457
515,484,5.3631067961165,5.47727272727273,999,5.41841841841842
521,470,5.33589251439539,5.47872340425532,991,5.40363269424823
516,468,5.34496124031008,5.4957264957265,984,5.41666666666667
515,466,5.34757281553398,5.48927038626609,981,5.41488277268094
543,451,5.02209944751381,5.46784922394678,994,5.22434607645875
543,452,5.02209944751381,5.46902654867257,995,5.2251256281407
522,474,5.04789272030651,5.34388185654008,996,5.18875502008032
531,468,4.97928436911488,5.33333333333333,999,5.14514514514515
530,461,4.95471698113208,5.31887201735358,991,5.12411705348133
527,455,4.96204933586338,5.2967032967033,982,5.11710794297352
525,459,4.97142857142857,5.27015250544662,984,5.11077235772358
538,458,4.86059479553903,5.03711790393013,996,4.94176706827309
533,456,4.85178236397749,4.99561403508772,989,4.91809908998989
531,454,4.84369114877589,5.00660792951542,985,4.91878172588832
556,443,4.58992805755396,4.99097065462754,999,4.76776776776777
590,406,4.30508474576271,5.00985221674877,996,4.59236947791165
582,404,4.31443298969072,5.01732673267327,986,4.60243407707911
581,402,4.3184165232358,5.01990049751244,983,4.60528992878942
599,399,4.23539232053422,4.96491228070175,998,4.52705410821643
586,409,4.24914675767918,4.92176039119804,995,4.52562814070352
579,409,4.25906735751295,4.91687041564792,988,4.53137651821862
592,405,4.18581081081081,4.92098765432099,997,4.48445336008024
606,393,4.09405940594059,4.95419847328244,999,4.43243243243243
597,398,4.107202680067,4.89698492462312,995,4.42311557788945
588,408,4.0969387755102,4.72303921568627,996,4.35341365461847
604,395,3.8658940397351,4.5746835443038,999,4.14614614614615
607,385,3.85667215815486,4.57662337662338,992,4.13608870967742
603,385,3.87230514096186,4.57142857142857,988,4.14473684210526
612,387,3.82679738562092,4.5374677002584,999,4.1021021021021
613,384,3.81566068515498,4.47135416666667,997,4.06820461384152
609,385,3.82594417077176,4.45974025974026,994,4.07142857142857
599,395,3.82470784641068,4.41518987341772,994,4.05935613682093
613,385,3.64926590538336,4.39480519480519,998,3.93687374749499
616,378,3.6461038961039,4.35185185185185,994,3.91448692152917
612,376,3.65522875816993,4.33776595744681,988,3.91497975708502
634,364,3.47634069400631,4.34615384615385,998,3.7935871743487
650,347,3.32461538461538,4.25648414985591,997,3.64894684052156
644,348,3.31987577639752,4.25574712643678,992,3.64818548387097
642,347,3.3208722741433,4.23631123919308,989,3.64206268958544
662,334,3.28851963746224,4.25149700598802,996,3.61144578313253
661,334,3.27836611195159,4.24550898203593,995,3.60301507537688
653,342,3.27871362940276,4.15497076023392,995,3.57989949748744
661,338,3.23600605143722,4.13313609467456,999,3.53953953953954
671,325,3.1833084947839,4.11076923076923,996,3.4859437751004
663,325,3.17948717948718,4.11692307692308,988,3.48785425101215
674,325,3.14985163204748,4.08307692307692,999,3.45345345345345
689,308,3.00870827285922,3.99025974025974,997,3.31193580742227
693,297,2.96536796536797,3.96632996632997,990,3.26565656565657
692,298,2.96676300578035,3.92953020134228,990,3.25656565656566
701,297,2.93152639087019,3.89225589225589,998,3.21743486973948
707,288,2.94483734087695,3.90625,995,3.22311557788945
703,286,2.950213371266,3.8986013986014,989,3.22446916076845
708,288,2.94209039548023,3.88888888888889,996,3.21586345381526
718,281,2.90389972144847,3.86120996441281,999,3.17317317317317
710,287,2.89718309859155,3.79442508710801,997,3.15546639919759
705,291,2.90354609929078,3.67353951890034,996,3.1285140562249
718,280,2.77298050139276,3.53928571428571,998,2.98797595190381
729,269,2.66803840877915,3.58364312267658,998,2.91482965931864
728,269,2.62912087912088,3.52416356877323,997,2.87061183550652
726,273,2.62809917355372,3.48717948717949,999,2.86286286286286
735,263,2.61360544217687,3.41825095057034,998,2.82565130260521
727,260,2.60797799174691,3.4,987,2.81661600810537
725,264,2.6,3.375,989,2.80687563195147
734,262,2.58038147138965,3.37404580152672,996,2.78915662650602
753,246,2.57636122177955,3.40243902439024,999,2.77977977977978
750,248,2.58933333333333,3.375,998,2.78456913827655
747,249,2.54082998661312,3.34538152610442,996,2.74196787148594
758,239,2.45514511873351,3.36820083682008,997,2.6740220661986
764,230,2.44371727748691,3.3695652173913,994,2.6579476861167
758,233,2.44591029023747,3.36480686695279,991,2.6619576185671
768,231,2.41276041666667,3.38528138528139,999,2.63763763763764
774,225,2.4405684754522,3.33333333333333,999,2.64164164164164
769,227,2.4629388816645,3.28193832599119,996,2.6495983935743
771,227,2.43450064850843,3.24229074889868,998,2.61823647294589
783,213,2.40868454661558,3.07511737089202,996,2.55120481927711
787,209,2.43202033036849,3.08612440191388,996,2.56927710843373
784,214,2.43112244897959,3.00467289719626,998,2.55410821643287
796,199,2.32160804020101,2.90452261306533,995,2.43819095477387
808,190,2.26237623762376,2.86315789473684,998,2.37675350701403
803,188,2.27397260273973,2.82446808510638,991,2.37840565085772
807,191,2.26889714993804,2.82198952879581,998,2.374749498998
824,175,2.26820388349515,2.81714285714286,999,2.36436436436436
822,171,2.27372262773723,2.83040935672515,993,2.36958710976838
819,178,2.27106227106227,2.80337078651685,997,2.36609829488465
825,174,2.2630303030303,2.81609195402299,999,2.35935935935936
833,166,2.2641056422569,2.82530120481928,999,2.35735735735736
825,168,2.2630303030303,2.76785714285714,993,2.3484390735146
828,169,2.21497584541063,2.72781065088757,997,2.30190571715145
841,158,2.18192627824019,2.78481012658228,999,2.27727727727728
837,157,2.18399044205496,2.74522292993631,994,2.27263581488934
833,163,2.1812725090036,2.70552147239264,996,2.26706827309237
838,160,2.18019093078759,2.725,998,2.26753507014028
841,158,2.21046373365042,2.66455696202532,999,2.28228228228228
835,155,2.21437125748503,2.68387096774194,990,2.28787878787879
847,152,2.20188902007084,2.66447368421053,999,2.27227227227227
860,139,2.17441860465116,2.70503597122302,999,2.24824824824825
858,138,2.18881118881119,2.67391304347826,996,2.25602409638554
862,134,2.17865429234339,2.64179104477612,996,2.24096385542169
867,132,2.12918108419839,2.63636363636364,999,2.1961961961962
873,126,2.12943871706758,2.6031746031746,999,2.18918918918919
866,125,2.13625866050808,2.616,991,2.19677093844601
871,127,2.12169919632606,2.66929133858268,998,2.19138276553106
877,120,2.15051311288483,2.65,997,2.21063189568706
875,118,2.17828571428571,2.61864406779661,993,2.2306143001007
875,119,2.17142857142857,2.59663865546218,994,2.22233400402415
880,119,2.16818181818182,2.61344537815126,999,2.22122122122122
886,111,2.1489841986456,2.64864864864865,997,2.20461384152457
874,116,2.14988558352403,2.61206896551724,990,2.2040404040404
883,115,2.12910532276331,2.60869565217391,998,2.18436873747495
897,102,2.14269788182832,2.66666666666667,999,2.1961961961962
892,102,2.15582959641256,2.64705882352941,994,2.20623742454728
892,103,2.14349775784753,2.55339805825243,995,2.18592964824121
897,102,2.14492753623188,2.56862745098039,999,2.18818818818819
899,100,2.18687430478309,2.63,999,2.23123123123123
893,101,2.18812989921613,2.59405940594059,994,2.22937625754527
900,98,2.16666666666667,2.56122448979592,998,2.20541082164329
903,95,2.15282392026578,2.55789473684211,998,2.19138276553106
899,92,2.14349276974416,2.54347826086957,991,2.18062563067608
902,97,2.11862527716186,2.52577319587629,999,2.15815815815816
907,91,2.08710033076075,2.47252747252747,998,2.12224448897796
914,83,2.09299781181619,2.48192771084337,997,2.12537612838516
905,87,2.10718232044199,2.44827586206897,992,2.13709677419355
916,82,2.11026200873362,2.4390243902439,998,2.1372745490982
921,77,2.1129207383279,2.41558441558442,998,2.13627254509018
919,75,2.11751904243743,2.36,994,2.13581488933602
924,75,2.12121212121212,2.34666666666667,999,2.13813813813814
924,73,2.10930735930736,2.38356164383562,997,2.12938816449348
929,69,2.11625403659849,2.44927536231884,998,2.13927855711423
924,72,2.11147186147186,2.48611111111111,996,2.13855421686747
928,71,2.08405172413793,2.50704225352113,999,2.11411411411411
932,65,2.07510729613734,2.53846153846154,997,2.10531594784353
931,64,2.10418904403867,2.5,995,2.12964824120603
933,65,2.09539121114684,2.47692307692308,998,2.12024048096192
936,60,2.08333333333333,2.51666666666667,996,2.10943775100402
943,55,2.11452810180276,2.34545454545455,998,2.12725450901804
940,54,2.1063829787234,2.38888888888889,994,2.12173038229376
944,55,2.07733050847458,2.41818181818182,999,2.0960960960961
944,55,2.0625,2.41818181818182,999,2.08208208208208
934,56,2.08458244111349,2.39285714285714,990,2.1020202020202
940,59,2.06276595744681,2.40677966101695,999,2.08308308308308
941,58,2.03719447396387,2.37931034482759,999,2.05705705705706
944,55,2.0646186440678,2.32727272727273,999,2.07907907907908
942,56,2.06263269639066,2.39285714285714,998,2.0811623246493
943,56,2.06256627783669,2.44642857142857,999,2.08408408408408
945,53,2.07619047619048,2.54716981132075,998,2.10120240480962
935,54,2.08449197860963,2.51851851851852,989,2.10819009100101
943,55,2.08483563096501,2.50909090909091,998,2.10821643286573
946,53,2.06659619450317,2.50943396226415,999,2.09009009009009
948,50,2.09704641350211,2.58,998,2.12124248496994
940,55,2.08191489361702,2.49090909090909,995,2.10452261306533
944,53,2.06991525423729,2.49056603773585,997,2.09227683049147
951,48,2.07570977917981,2.5625,999,2.0990990990991
947,46,2.09398099260824,2.43478260869565,993,2.10976837865055
954,45,2.07442348008386,2.42222222222222,999,2.09009009009009
954,44,2.09329140461216,2.45454545454545,998,2.10921843687375
954,44,2.10901467505241,2.43181818181818,998,2.12324649298597
950,45,2.1,2.42222222222222,995,2.11457286432161
956,43,2.07426778242678,2.44186046511628,999,2.09009009009009
957,41,2.08568443051202,2.51219512195122,998,2.10320641282565
952,41,2.09453781512605,2.51219512195122,993,2.11178247734139
956,40,2.07112970711297,2.55,996,2.09036144578313
959,39,2.07194994786236,2.58974358974359,998,2.09218436873747
962,36,2.10706860706861,2.55555555555556,998,2.12324649298597
961,35,2.09053069719043,2.51428571428571,996,2.10542168674699
963,35,2.07892004153686,2.51428571428571,998,2.09418837675351
965,32,2.06632124352332,2.5,997,2.0802407221665
962,31,2.0966735966736,2.58064516129032,993,2.11178247734139
964,33,2.08402489626556,2.54545454545455,997,2.09929789368104
964,34,2.10269709543568,2.58823529411765,998,2.11923847695391
967,32,2.13236814891417,2.625,999,2.14814814814815
965,32,2.11917098445596,2.5625,997,2.13340020060181
967,29,2.10134436401241,2.68965517241379,996,2.11847389558233
971,27,2.129763130793,2.74074074074074,998,2.14629258517034
970,26,2.14639175257732,2.76923076923077,996,2.16265060240964
973,26,2.13463514902364,2.73076923076923,999,2.15015015015015
973,25,2.12846865364851,2.76,998,2.14428857715431
974,23,2.14989733059548,2.52173913043478,997,2.15847542627884
976,22,2.14959016393443,2.45454545454545,998,2.1563126252505
975,22,2.12717948717949,2.36363636363636,997,2.13239719157472
978,21,2.12372188139059,2.28571428571429,999,2.12712712712713
977,21,2.11770726714432,2.19047619047619,998,2.11923847695391
978,21,2.08895705521472,2.14285714285714,999,2.09009009009009
977,21,2.09109518935517,2.14285714285714,998,2.09218436873747
977,21,2.12180143295803,2.14285714285714,998,2.12224448897796
974,22,2.12012320328542,2.09090909090909,996,2.11947791164659
976,22,2.125,2.09090909090909,998,2.12424849699399
978,20,2.14212678936605,2.1,998,2.14128256513026
971,20,2.16580844490216,2.1,991,2.16448032290616
977,21,2.16069600818833,2.19047619047619,998,2.16132264529058
978,20,2.16359918200409,2.2,998,2.16432865731463
974,20,2.1652977412731,2.2,994,2.16599597585513
978,20,2.15439672801636,2.2,998,2.15531062124249
977,19,2.13920163766633,2.21052631578947,996,2.14056224899598
980,19,2.12857142857143,2.05263157894737,999,2.12712712712713
980,19,2.12857142857143,2.05263157894737,999,2.12712712712713
978,20,2.11860940695297,2.05,998,2.11723446893788
979,20,2.12563840653728,2.05,999,2.12412412412412
977,20,2.1596724667349,2.05,997,2.15747241725176
980,17,2.13673469387755,1.76470588235294,997,2.13039117352056
980,17,2.12857142857143,1.76470588235294,997,2.12236710130391
979,20,2.13278855975485,1.65,999,2.12312312312312
980,19,2.10714285714286,1.52631578947368,999,2.0960960960961
979,17,2.09601634320735,1.58823529411765,996,2.08734939759036
980,16,2.08571428571429,1.625,996,2.07831325301205
980,16,2.08877551020408,1.625,996,2.08132530120482
982,16,2.08553971486762,1.625,998,2.07815631262525
984,15,2.07825203252033,1.66666666666667,999,2.07207207207207
981,14,2.09072375127421,1.71428571428571,995,2.08542713567839
981,15,2.10091743119266,1.73333333333333,996,2.09538152610442
977,15,2.09109518935517,1.73333333333333,992,2.08568548387097
982,16,2.08044806517312,1.6875,998,2.07414829659319
980,17,2.08979591836735,1.76470588235294,997,2.08425275827482
982,16,2.07637474541752,1.75,998,2.07114228456914
982,16,2.05498981670061,1.75,998,2.0501002004008
981,17,2.08460754332314,1.70588235294118,998,2.07815631262525
981,17,2.08460754332314,1.70588235294118,998,2.07815631262525
977,15,2.07676560900716,1.66666666666667,992,2.07056451612903
987,12,2.0952380952381,1.58333333333333,999,2.08908908908909
986,10,2.09533468559838,1.4,996,2.08835341365462
988,10,2.07287449392713,1.4,998,2.06613226452906
988,10,2.07894736842105,1.4,998,2.07214428857715
990,9,2.08282828282828,1.55555555555556,999,2.07807807807808
990,9,2.07676767676768,1.55555555555556,999,2.07207207207207
989,9,2.07684529828109,1.55555555555556,998,2.07214428857715
989,9,2.08291203235592,1.55555555555556,998,2.07815631262525
992,7,2.10786290322581,1.71428571428571,999,2.10510510510511
991,7,2.09586276488396,1.71428571428571,998,2.09318637274549
991,7,2.08072653884965,1.71428571428571,998,2.07815631262525
992,5,2.1008064516129,1.4,997,2.09729187562688
992,5,2.10383064516129,1.4,997,2.10030090270812
990,5,2.08383838383838,1.4,995,2.08040201005025
992,6,2.07762096774194,1.33333333333333,998,2.07314629258517
991,6,2.1079717457114,1.33333333333333,997,2.10330992978937
992,7,2.09475806451613,1.42857142857143,999,2.09009009009009
992,7,2.07056451612903,1.42857142857143,999,2.06606606606607
993,6,2.06545820745217,1.5,999,2.06206206206206
991,6,2.0686175580222,1.5,997,2.06519558676028
992,5,2.06552419354839,1.6,997,2.06318956870612
992,5,2.07862903225806,1.6,997,2.07622868605817
993,5,2.07653575025176,1.6,998,2.07414829659319
992,5,2.0695564516129,1.6,997,2.06720160481444
994,5,2.04828973843058,1.6,999,2.04604604604605
994,5,2.07142857142857,1.6,999,2.06906906906907
993,5,2.06042296072508,1.6,998,2.05811623246493
994,5,2.03621730382294,1.6,999,2.03403403403403
994,5,2.04728370221328,1.6,999,2.04504504504505
991,6,2.05650857719475,2.0,997,2.05616850551655
989,6,2.05763397371082,2.0,995,2.0572864321608
993,6,2.0563947633434,2.0,999,2.05605605605606
993,5,2.07955689828802,2.2,998,2.08016032064128
991,5,2.07971745711403,2.2,996,2.08032128514056
992,5,2.08366935483871,1.6,997,2.08124373119358
994,5,2.09758551307847,1.6,999,2.0950950950951
992,4,2.12701612903226,1.75,996,2.12550200803213
992,4,2.11693548387097,1.75,996,2.11546184738956
992,4,2.10786290322581,1.75,996,2.10642570281124
994,4,2.08450704225352,1.75,998,2.08316633266533
992,3,2.08467741935484,1.33333333333333,995,2.08241206030151
995,3,2.08442211055276,1.33333333333333,998,2.08216432865731
995,3,2.06030150753769,1.33333333333333,998,2.05811623246493
995,3,2.08743718592965,1.33333333333333,998,2.08517034068136
992,3,2.0866935483871,1.33333333333333,995,2.08442211055276
993,4,2.07754279959718,1.25,997,2.07422266800401
994,3,2.10060362173038,1.33333333333333,997,2.09829488465396
996,3,2.10642570281124,1.33333333333333,999,2.1041041041041
993,3,2.09667673716012,1.33333333333333,996,2.09437751004016
996,3,2.08433734939759,1.33333333333333,999,2.08208208208208
995,3,2.08140703517588,1.33333333333333,998,2.07915831663327
992,3,2.06754032258065,1.33333333333333,995,2.06532663316583
996,3,2.07429718875502,2.0,999,2.07407407407407
993,3,2.10070493454179,2.0,996,2.1004016064257
995,2,2.11356783919598,2.0,997,2.11334002006018
997,2,2.09327983951856,2.0,999,2.09309309309309
996,2,2.11244979919679,2.0,998,2.1122244488978
995,2,2.12060301507538,2.0,997,2.12036108324975
998,1,2.11523046092184,3.0,999,2.11611611611612
997,1,2.10130391173521,3.0,998,2.10220440881764
998,1,2.12024048096192,3.0,999,2.12112112112112
993,1,2.13796576032226,3.0,994,2.13883299798793
998,1,2.12925851703407,3.0,999,2.13013013013013
997,1,2.10230692076229,3.0,998,2.10320641282565
997,1,2.12236710130391,3.0,998,2.12324649298597
994,1,2.11770623742455,3.0,995,2.11859296482412
996,1,2.11244979919679,3.0,997,2.11334002006018
999,0,2.09009009009009,NaN,999,2.09009009009009
998,0,2.09318637274549,NaN,998,2.09318637274549
998,0,2.07414829659319,NaN,998,2.07414829659319
998,0,2.08016032064128,NaN,998,2.08016032064128
998,0,2.09018036072144,NaN,998,2.09018036072144
998,0,2.08216432865731,NaN,998,2.08216432865731
998,0,2.08917835671343,NaN,998,2.08917835671343
996,0,2.10140562248996,NaN,996,2.10140562248996
997,0,2.10330992978937,NaN,997,2.10330992978937
999,0,2.08408408408408,NaN,999,2.08408408408408
997,0,2.10531594784353,NaN,997,2.10531594784353
996,0,2.11244979919679,NaN,996,2.11244979919679
995,0,2.10954773869347,NaN,995,2.10954773869347
999,0,2.11711711711712,NaN,999,2.11711711711712
997,0,2.11033099297894,NaN,997,2.11033099297894
993,0,2.12185297079557,NaN,993,2.12185297079557
999,0,2.10910910910911,NaN,999,2.10910910910911
999,0,2.10810810810811,NaN,999,2.10810810810811
997,0,2.11334002006018,NaN,997,2.11334002006018
998,0,2.09619238476954,NaN,998,2.09619238476954
998,0,2.11122244488978,NaN,998,2.11122244488978
997,0,2.12136409227683,NaN,997,2.12136409227683
999,0,2.12212212212212,NaN,999,2.12212212212212
999,0,2.12612612612613,NaN,999,2.12612612612613
997,0,2.12738214643932,NaN,997,2.12738214643932
994,0,2.15291750503018,NaN,994,2.15291750503018
995,0,2.15577889447236,NaN,995,2.15577889447236
997,0,2.15747241725176,NaN,997,2.15747241725176
999,0,2.13813813813814,NaN,999,2.13813813813814
995,0,2.11557788944724,NaN,995,2.11557788944724
998,0,2.09218436873747,NaN,998,2.09218436873747
998,0,2.09418837675351,NaN,998,2.09418837675351
998,0,2.10320641282565,NaN,998,2.10320641282565
998,0,2.09519038076152,NaN,998,2.09519038076152
997,0,2.08726178535607,NaN,997,2.08726178535607
996,0,2.10441767068273,NaN,996,2.10441767068273
995,0,2.11356783919598,NaN,995,2.11356783919598
998,0,2.11623246492986,NaN,998,2.11623246492986
998,0,2.125250501002,NaN,998,2.125250501002
996,0,2.1425702811245,NaN,996,2.1425702811245
998,0,2.12124248496994,NaN,998,2.12124248496994
999,0,2.09209209209209,NaN,999,2.09209209209209
999,0,2.1031031031031,NaN,999,2.1031031031031
997,0,2.09428284854564,NaN,997,2.09428284854564
999,0,2.0950950950951,NaN,999,2.0950950950951
997,0,2.10932798395186,NaN,997,2.10932798395186
997,0,2.1283851554664,NaN,997,2.1283851554664
997,0,2.12437311935807,NaN,997,2.12437311935807
996,0,2.13955823293173,NaN,996,2.13955823293173
998,0,2.15130260521042,NaN,998,2.15130260521042
994,0,2.12977867203219,NaN,994,2.12977867203219
999,0,2.12212212212212,NaN,999,2.12212212212212
999,0,2.11811811811812,NaN,999,2.11811811811812
993,0,2.13293051359517,NaN,993,2.13293051359517
998,0,2.12224448897796,NaN,998,2.12224448897796
997,0,2.10130391173521,NaN,997,2.10130391173521
999,0,2.11811811811812,NaN,999,2.11811811811812
995,0,2.121608040201,NaN,995,2.121608040201
998,0,2.11823647294589,NaN,998,2.11823647294589
998,0,2.10521042084168,NaN,998,2.10521042084168
994,0,2.10261569416499,NaN,994,2.10261569416499
998,0,2.09318637274549,NaN,998,2.09318637274549
998,0,2.1062124248497,NaN,998,2.1062124248497
997,0,2.10631895687061,NaN,997,2.10631895687061
997,0,2.08425275827482,NaN,997,2.08425275827482
998,0,2.1002004008016,NaN,998,2.1002004008016
998,0,2.09519038076152,NaN,998,2.09519038076152
995,0,2.09045226130653,NaN,995,2.09045226130653
997,0,2.08726178535607,NaN,997,2.08726178535607
998,0,2.08316633266533,NaN,998,2.08316633266533
998,0,2.08517034068136,NaN,998,2.08517034068136
998,0,2.08016032064128,NaN,998,2.08016032064128
998,0,2.06813627254509,NaN,998,2.06813627254509
999,0,2.05805805805806,NaN,999,2.05805805805806
995,0,2.06030150753769,NaN,995,2.06030150753769
997,0,2.05215646940822,NaN,997,2.05215646940822
997,0,2.06519558676028,NaN,997,2.06519558676028
997,0,2.08425275827482,NaN,997,2.08425275827482
999,0,2.09209209209209,NaN,999,2.09209209209209
997,0,2.09127382146439,NaN,997,2.09127382146439
999,0,2.08108108108108,NaN,999,2.08108108108108
997,0,2.08124373119358,NaN,997,2.08124373119358
998,0,2.07314629258517,NaN,998,2.07314629258517
998,0,2.06212424849699,NaN,998,2.06212424849699
999,0,2.06606606606607,NaN,999,2.06606606606607
998,0,2.06412825651303,NaN,998,2.06412825651303
997,0,2.06218655967904,NaN,997,2.06218655967904
997,0,2.06619859578736,NaN,997,2.06619859578736
996,0,2.07931726907631,NaN,996,2.07931726907631
995,0,2.06130653266332,NaN,995,2.06130653266332
996,0,2.03915662650602,NaN,996,2.03915662650602
995,0,2.04120603015075,NaN,995,2.04120603015075
997,0,2.02507522567703,NaN,997,2.02507522567703
997,0,2.00401203610833,NaN,997,2.00401203610833
998,0,2.02104208416834,NaN,998,2.02104208416834
995,0,2.03517587939698,NaN,995,2.03517587939698
997,0,2.03309929789368,NaN,997,2.03309929789368
996,0,2.02610441767068,NaN,996,2.02610441767068
997,0,2.02206619859579,NaN,997,2.02206619859579
999,0,2.01201201201201,NaN,999,2.01201201201201
998,0,2.00400801603206,NaN,998,2.00400801603206
999,0,2.01001001001001,NaN,999,2.01001001001001
997,0,1.99799398194584,NaN,997,1.99799398194584
998,0,2.00901803607214,NaN,998,2.00901803607214
998,0,2.0060120240481,NaN,998,2.0060120240481
993,0,1.99798590130916,NaN,993,1.99798590130916
992,0,2.00302419354839,NaN,992,2.00302419354839
999,0,2.02402402402402,NaN,999,2.02402402402402
995,0,2.02613065326633,NaN,995,2.02613065326633
993,0,2.04733131923464,NaN,993,2.04733131923464
998,0,2.07014028056112,NaN,998,2.07014028056112
998,0,2.0751503006012,NaN,998,2.0751503006012
999,0,2.08308308308308,NaN,999,2.08308308308308
996,0,2.07730923694779,NaN,996,2.07730923694779
996,0,2.08433734939759,NaN,996,2.08433734939759
999,0,2.08108108108108,NaN,999,2.08108108108108
998,0,2.1002004008016,NaN,998,2.1002004008016
999,0,2.1001001001001,NaN,999,2.1001001001001
998,0,2.12725450901804,NaN,998,2.12725450901804
997,0,2.13640922768305,NaN,997,2.13640922768305
998,0,2.13326653306613,NaN,998,2.13326653306613
998,0,2.12024048096192,NaN,998,2.12024048096192
999,0,2.11511511511512,NaN,999,2.11511511511512
996,0,2.11546184738956,NaN,996,2.11546184738956
997,0,2.08826479438315,NaN,997,2.08826479438315
996,0,2.1144578313253,NaN,996,2.1144578313253
997,0,2.11334002006018,NaN,997,2.11334002006018
997,0,2.11735205616851,NaN,997,2.11735205616851
995,0,2.11457286432161,NaN,995,2.11457286432161
997,0,2.14142427281846,NaN,997,2.14142427281846
998,0,2.14228456913828,NaN,998,2.14228456913828
998,0,2.12324649298597,NaN,998,2.12324649298597
997,0,2.12337011033099,NaN,997,2.12337011033099
997,0,2.11133400200602,NaN,997,2.11133400200602
997,0,2.09729187562688,NaN,997,2.09729187562688
998,0,2.09418837675351,NaN,998,2.09418837675351
999,0,2.07107107107107,NaN,999,2.07107107107107
997,0,2.06218655967904,NaN,997,2.06218655967904
997,0,2.07321965897693,NaN,997,2.07321965897693
998,0,2.07214428857715,NaN,998,2.07214428857715
994,0,2.08350100603622,NaN,994,2.08350100603622
996,0,2.08232931726908,NaN,996,2.08232931726908
999,0,2.08308308308308,NaN,999,2.08308308308308
999,0,2.08608608608609,NaN,999,2.08608608608609
999,0,2.0980980980981,NaN,999,2.0980980980981
998,0,2.09218436873747,NaN,998,2.09218436873747
999,0,2.08908908908909,NaN,999,2.08908908908909
996,0,2.0933734939759,NaN,996,2.0933734939759
997,0,2.08324974924774,NaN,997,2.08324974924774
996,0,2.07730923694779,NaN,996,2.07730923694779
999,0,2.07107107107107,NaN,999,2.07107107107107
999,0,2.07607607607608,NaN,999,2.07607607607608
998,0,2.05911823647295,NaN,998,2.05911823647295
994,0,2.07645875251509,NaN,994,2.07645875251509
996,0,2.06526104417671,NaN,996,2.06526104417671
998,0,2.06012024048096,NaN,998,2.06012024048096
997,0,2.07923771313942,NaN,997,2.07923771313942
999,0,2.09109109109109,NaN,999,2.09109109109109
998,0,2.08316633266533,NaN,998,2.08316633266533
996,0,2.0933734939759,NaN,996,2.0933734939759
998,0,2.09519038076152,NaN,998,2.09519038076152
995,0,2.0964824120603,NaN,995,2.0964824120603
997,0,2.08324974924774,NaN,997,2.08324974924774
998,0,2.05210420841683,NaN,998,2.05210420841683
999,0,2.06106106106106,NaN,999,2.06106106106106
998,0,2.05711422845691,NaN,998,2.05711422845691
999,0,2.03103103103103,NaN,999,2.03103103103103
998,0,2.0310621242485,NaN,998,2.0310621242485
998,0,2.02204408817635,NaN,998,2.02204408817635
996,0,2.0070281124498,NaN,996,2.0070281124498
997,0,1.98595787362086,NaN,997,1.98595787362086
998,0,1.9689378757515,NaN,998,1.9689378757515
997,0,1.98094282848546,NaN,997,1.98094282848546
998,0,1.96993987975952,NaN,998,1.96993987975952
999,0,1.98098098098098,NaN,999,1.98098098098098
995,0,1.95979899497487,NaN,995,1.95979899497487
996,0,1.95582329317269,NaN,996,1.95582329317269
997,0,1.96690070210632,NaN,997,1.96690070210632
998,0,1.97895791583166,NaN,998,1.97895791583166
998,0,1.9809619238477,NaN,998,1.9809619238477
998,0,2.00901803607214,NaN,998,2.00901803607214
999,0,2.01801801801802,NaN,999,2.01801801801802
998,0,2.02705410821643,NaN,998,2.02705410821643
998,0,2.03306613226453,NaN,998,2.03306613226453
997,0,2.04212637913741,NaN,997,2.04212637913741
998,0,2.03807615230461,NaN,998,2.03807615230461
999,0,2.02402402402402,NaN,999,2.02402402402402
998,0,2.01002004008016,NaN,998,2.01002004008016
998,0,2.00501002004008,NaN,998,2.00501002004008
999,0,2.01701701701702,NaN,999,2.01701701701702
999,0,2.01901901901902,NaN,999,2.01901901901902
997,0,2.00200601805416,NaN,997,2.00200601805416
998,0,1.96993987975952,NaN,998,1.96993987975952
998,0,1.97895791583166,NaN,998,1.97895791583166
995,0,1.98492462311558,NaN,995,1.98492462311558
999,0,1.98698698698699,NaN,999,1.98698698698699
998,0,1.97995991983968,NaN,998,1.97995991983968
998,0,1.96993987975952,NaN,998,1.96993987975952
999,0,1.96796796796797,NaN,999,1.96796796796797
995,0,1.95175879396985,NaN,995,1.95175879396985
996,0,1.95080321285141,NaN,996,1.95080321285141
999,0,1.96196196196196,NaN,999,1.96196196196196
997,0,1.97592778335005,NaN,997,1.97592778335005
998,0,1.97695390781563,NaN,998,1.97695390781563
999,0,1.97497497497497,NaN,999,1.97497497497497
998,0,1.97795591182365,NaN,998,1.97795591182365
996,0,1.97791164658635,NaN,996,1.97791164658635
997,0,1.97993981945838,NaN,997,1.97993981945838
999,0,1.95695695695696,NaN,999,1.95695695695696
998,0,1.95390781563126,NaN,998,1.95390781563126
997,0,1.96288866599799,NaN,997,1.96288866599799
998,0,1.97795591182365,NaN,998,1.97795591182365
998,0,1.99198396793587,NaN,998,1.99198396793587
996,0,1.99899598393574,NaN,996,1.99899598393574
998,0,1.98496993987976,NaN,998,1.98496993987976
999,0,1.98598598598599,NaN,999,1.98598598598599
997,0,1.98696088264794,NaN,997,1.98696088264794
995,0,1.99899497487437,NaN,995,1.99899497487437
997,0,2.01203610832497,NaN,997,2.01203610832497
995,0,2.01206030150754,NaN,995,2.01206030150754
998,0,2.01002004008016,NaN,998,2.01002004008016
996,0,2.00602409638554,NaN,996,2.00602409638554
999,0,2.00500500500501,NaN,999,2.00500500500501
998,0,2.01503006012024,NaN,998,2.01503006012024
996,0,2.03915662650602,NaN,996,2.03915662650602
998,0,2.04308617234469,NaN,998,2.04308617234469
998,0,2.05310621242485,NaN,998,2.05310621242485
996,0,2.0421686746988,NaN,996,2.0421686746988
997,0,2.03109327983952,NaN,997,2.03109327983952
996,0,2.02710843373494,NaN,996,2.02710843373494
998,0,2.03206412825651,NaN,998,2.03206412825651
996,0,2.03714859437751,NaN,996,2.03714859437751
998,0,2.03707414829659,NaN,998,2.03707414829659
999,0,2.05105105105105,NaN,999,2.05105105105105
995,0,2.04020100502513,NaN,995,2.04020100502513
999,0,2.01301301301301,NaN,999,2.01301301301301
998,0,2.00300601202405,NaN,998,2.00300601202405
997,0,1.98194583751254,NaN,997,1.98194583751254
996,0,1.99196787148594,NaN,996,1.99196787148594
994,0,1.99798792756539,NaN,994,1.99798792756539
998,0,2.00501002004008,NaN,998,2.00501002004008
996,0,1.99397590361446,NaN,996,1.99397590361446
998,0,2.00901803607214,NaN,998,2.00901803607214
997,0,2.01103309929789,NaN,997,2.01103309929789
999,0,2.003003003003,NaN,999,2.003003003003
996,0,2.00100401606426,NaN,996,2.00100401606426
995,0,2.00904522613065,NaN,995,2.00904522613065
998,0,2.00801603206413,NaN,998,2.00801603206413
999,0,2.01301301301301,NaN,999,2.01301301301301
999,0,1.99399399399399,NaN,999,1.99399399399399
998,0,1.99298597194389,NaN,998,1.99298597194389
998,0,1.99198396793587,NaN,998,1.99198396793587
996,0,2.00100401606426,NaN,996,2.00100401606426
997,0,2.01203610832497,NaN,997,2.01203610832497
998,0,2.02204408817635,NaN,998,2.02204408817635
996,0,2.03614457831325,NaN,996,2.03614457831325
999,0,2.01101101101101,NaN,999,2.01101101101101
999,0,2.02102102102102,NaN,999,2.02102102102102
998,0,2.03006012024048,NaN,998,2.03006012024048
998,0,2.04308617234469,NaN,998,2.04308617234469
998,0,2.03607214428858,NaN,998,2.03607214428858
999,0,2.02502502502503,NaN,999,2.02502502502503
997,0,2.0320962888666,NaN,997,2.0320962888666
999,0,2.03103103103103,NaN,999,2.03103103103103
999,0,2.03903903903904,NaN,999,2.03903903903904
996,0,2.02309236947791,NaN,996,2.02309236947791
998,0,2.03707414829659,NaN,998,2.03707414829659
998,0,2.04208416833667,NaN,998,2.04208416833667
999,0,2.04104104104104,NaN,999,2.04104104104104
997,0,2.04914744232698,NaN,997,2.04914744232698
998,0,2.02404809619238,NaN,998,2.02404809619238
998,0,2.00400801603206,NaN,998,2.00400801603206
997,0,2.01303911735206,NaN,997,2.01303911735206
997,0,2.01905717151454,NaN,997,2.01905717151454
997,0,2.00300902708124,NaN,997,2.00300902708124
998,0,1.99899799599198,NaN,998,1.99899799599198
998,0,2.00701402805611,NaN,998,2.00701402805611
997,0,1.99699097291876,NaN,997,1.99699097291876
999,0,2.0,NaN,999,2.0
997,0,2.00501504513541,NaN,997,2.00501504513541
998,0,1.99498997995992,NaN,998,1.99498997995992
997,0,1.98896690070211,NaN,997,1.98896690070211
999,0,1.98998998998999,NaN,999,1.98998998998999
997,0,1.99097291875627,NaN,997,1.99097291875627
998,0,1.98797595190381,NaN,998,1.98797595190381
997,0,1.98996990972919,NaN,997,1.98996990972919
997,0,1.99498495486459,NaN,997,1.99498495486459
997,0,1.99699097291876,NaN,997,1.99699097291876
998,0,1.98597194388778,NaN,998,1.98597194388778
998,0,1.9939879759519,NaN,998,1.9939879759519
995,0,1.99698492462312,NaN,995,1.99698492462312
998,0,1.9809619238477,NaN,998,1.9809619238477
997,0,1.98595787362086,NaN,997,1.98595787362086
997,0,1.98996990972919,NaN,997,1.98996990972919
994,0,1.99698189134809,NaN,994,1.99698189134809
998,0,1.98396793587174,NaN,998,1.98396793587174
999,0,1.97397397397397,NaN,999,1.97397397397397
998,0,1.97194388777555,NaN,998,1.97194388777555
999,0,1.95295295295295,NaN,999,1.95295295295295
999,0,1.97897897897898,NaN,999,1.97897897897898
996,0,1.97991967871486,NaN,996,1.97991967871486
998,0,1.98296593186373,NaN,998,1.98296593186373
997,0,1.98294884653962,NaN,997,1.98294884653962
998,0,2.00100200400802,NaN,998,2.00100200400802
999,0,2.001001001001,NaN,999,2.001001001001
999,0,1.98598598598599,NaN,999,1.98598598598599
999,0,1.97097097097097,NaN,999,1.97097097097097
996,0,1.97088353413655,NaN,996,1.97088353413655
998,0,1.97995991983968,NaN,998,1.97995991983968
997,0,1.95787362086259,NaN,997,1.95787362086259
999,0,1.95495495495495,NaN,999,1.95495495495495
997,0,1.97191574724173,NaN,997,1.97191574724173
999,0,1.95795795795796,NaN,999,1.95795795795796
999,0,1.97097097097097,NaN,999,1.97097097097097
998,0,1.96793587174349,NaN,998,1.96793587174349
995,0,1.96984924623116,NaN,995,1.96984924623116
998,0,1.9749498997996,NaN,998,1.9749498997996
995,0,1.97286432160804,NaN,995,1.97286432160804
996,0,1.97690763052209,NaN,996,1.97690763052209
999,0,1.96596596596597,NaN,999,1.96596596596597
998,0,1.95991983967936,NaN,998,1.95991983967936
996,0,1.95682730923695,NaN,996,1.95682730923695
997,0,1.9518555667001,NaN,997,1.9518555667001
999,0,1.93993993993994,NaN,999,1.93993993993994
996,0,1.94377510040161,NaN,996,1.94377510040161
996,0,1.95381526104418,NaN,996,1.95381526104418
998,0,1.93386773547094,NaN,998,1.93386773547094
998,0,1.96192384769539,NaN,998,1.96192384769539
998,0,1.96993987975952,NaN,998,1.96993987975952
997,0,1.97893681043129,NaN,997,1.97893681043129
997,0,1.96690070210632,NaN,997,1.96690070210632
996,0,1.97389558232932,NaN,996,1.97389558232932
996,0,1.97991967871486,NaN,996,1.97991967871486
997,0,1.98094282848546,NaN,997,1.98094282848546
999,0,1.96496496496496,NaN,999,1.96496496496496
995,0,1.98090452261307,NaN,995,1.98090452261307
998,0,1.99198396793587,NaN,998,1.99198396793587
998,0,1.99699398797595,NaN,998,1.99699398797595
999,0,2.001001001001,NaN,999,2.001001001001
999,0,1.99399399399399,NaN,999,1.99399399399399
998,0,1.96993987975952,NaN,998,1.96993987975952
998,0,1.97394789579158,NaN,998,1.97394789579158
997,0,1.95987963891675,NaN,997,1.95987963891675
998,0,1.97595190380762,NaN,998,1.97595190380762
999,0,1.98098098098098,NaN,999,1.98098098098098
999,0,1.99199199199199,NaN,999,1.99199199199199
997,0,1.99598796389168,NaN,997,1.99598796389168
999,0,1.97197197197197,NaN,999,1.97197197197197
999,0,1.98798798798799,NaN,999,1.98798798798799
998,0,1.99298597194389,NaN,998,1.99298597194389
999,0,1.98098098098098,NaN,999,1.98098098098098
999,0,2.002002002002,NaN,999,2.002002002002
995,0,2.00402010050251,NaN,995,2.00402010050251
998,0,2.01102204408818,NaN,998,2.01102204408818
999,0,1.98498498498498,NaN,999,1.98498498498498
996,0,1.99397590361446,NaN,996,1.99397590361446
998,0,1.99298597194389,NaN,998,1.99298597194389
996,0,1.99497991967871,NaN,996,1.99497991967871
998,0,1.98396793587174,NaN,998,1.98396793587174
997,0,1.98696088264794,NaN,997,1.98696088264794
995,0,1.98190954773869,NaN,995,1.98190954773869
996,0,1.99598393574297,NaN,996,1.99598393574297
999,0,1.99199199199199,NaN,999,1.99199199199199
998,0,1.99198396793587,NaN,998,1.99198396793587
997,0,1.98194583751254,NaN,997,1.98194583751254
998,0,1.97695390781563,NaN,998,1.97695390781563
998,0,1.96993987975952,NaN,998,1.96993987975952
999,0,1.97497497497497,NaN,999,1.97497497497497
998,0,1.9689378757515,NaN,998,1.9689378757515
998,0,1.98897795591182,NaN,998,1.98897795591182
996,0,1.9859437751004,NaN,996,1.9859437751004
997,0,1.97392176529589,NaN,997,1.97392176529589
998,0,1.9749498997996,NaN,998,1.9749498997996
998,0,1.9689378757515,NaN,998,1.9689378757515
998,0,1.97294589178357,NaN,998,1.97294589178357
998,0,1.93286573146293,NaN,998,1.93286573146293
998,0,1.94488977955912,NaN,998,1.94488977955912
995,0,1.94773869346734,NaN,995,1.94773869346734
996,0,1.95080321285141,NaN,996,1.95080321285141
999,0,1.95695695695696,NaN,999,1.95695695695696
998,0,1.9749498997996,NaN,998,1.9749498997996
995,0,1.96884422110553,NaN,995,1.96884422110553
999,0,1.97897897897898,NaN,999,1.97897897897898
998,0,1.97695390781563,NaN,998,1.97695390781563
996,0,1.96987951807229,NaN,996,1.96987951807229
998,0,1.95591182364729,NaN,998,1.95591182364729
998,0,1.98697394789579,NaN,998,1.98697394789579
999,0,2.00500500500501,NaN,999,2.00500500500501
997,0,2.00702106318957,NaN,997,2.00702106318957
998,0,1.99498997995992,NaN,998,1.99498997995992
997,0,2.00702106318957,NaN,997,2.00702106318957
997,0,1.99498495486459,NaN,997,1.99498495486459
996,0,1.9718875502008,NaN,996,1.9718875502008
999,0,1.997997997998,NaN,999,1.997997997998
999,0,2.01601601601602,NaN,999,2.01601601601602
999,0,2.00700700700701,NaN,999,2.00700700700701
999,0,2.0,NaN,999,2.0
999,0,2.03203203203203,NaN,999,2.03203203203203
998,0,2.03807615230461,NaN,998,2.03807615230461
998,0,2.02905811623247,NaN,998,2.02905811623247
998,0,2.02705410821643,NaN,998,2.02705410821643
998,0,2.02404809619238,NaN,998,2.02404809619238
997,0,2.01805416248746,NaN,997,2.01805416248746
998,0,2.01202404809619,NaN,998,2.01202404809619
999,0,2.004004004004,NaN,999,2.004004004004
998,0,2.00400801603206,NaN,998,2.00400801603206
995,0,1.98592964824121,NaN,995,1.98592964824121
992,0,1.97076612903226,NaN,992,1.97076612903226
995,0,1.98090452261307,NaN,995,1.98090452261307
996,0,1.9859437751004,NaN,996,1.9859437751004
999,0,1.99399399399399,NaN,999,1.99399399399399
998,0,1.97795591182365,NaN,998,1.97795591182365
999,0,1.97697697697698,NaN,999,1.97697697697698
997,0,1.97392176529589,NaN,997,1.97392176529589
998,0,1.97094188376753,NaN,998,1.97094188376753
998,0,1.96492985971944,NaN,998,1.96492985971944
997,0,1.94784353059178,NaN,997,1.94784353059178
999,0,1.94594594594595,NaN,999,1.94594594594595
999,0,1.94094094094094,NaN,999,1.94094094094094
995,0,1.95778894472362,NaN,995,1.95778894472362
997,0,1.93681043129388,NaN,997,1.93681043129388
998,0,1.93987975951904,NaN,998,1.93987975951904
998,0,1.95691382765531,NaN,998,1.95691382765531
999,0,1.95095095095095,NaN,999,1.95095095095095
999,0,1.94994994994995,NaN,999,1.94994994994995
997,0,1.91875626880642,NaN,997,1.91875626880642
998,0,1.93386773547094,NaN,998,1.93386773547094
998,0,1.93687374749499,NaN,998,1.93687374749499
999,0,1.93293293293293,NaN,999,1.93293293293293
995,0,1.95276381909548,NaN,995,1.95276381909548
996,0,1.94979919678715,NaN,996,1.94979919678715
999,0,1.94194194194194,NaN,999,1.94194194194194
998,0,1.95691382765531,NaN,998,1.95691382765531
998,0,1.9689378757515,NaN,998,1.9689378757515
998,0,1.95090180360721,NaN,998,1.95090180360721
997,0,1.9679037111334,NaN,997,1.9679037111334
994,0,1.97887323943662,NaN,994,1.97887323943662
997,0,1.95386158475426,NaN,997,1.95386158475426
997,0,1.94984954864594,NaN,997,1.94984954864594
997,0,1.95486459378134,NaN,997,1.95486459378134
995,0,1.96180904522613,NaN,995,1.96180904522613
999,0,1.95395395395395,NaN,999,1.95395395395395
999,0,1.95895895895896,NaN,999,1.95895895895896
998,0,1.97595190380762,NaN,998,1.97595190380762
995,0,1.97386934673367,NaN,995,1.97386934673367
999,0,1.97297297297297,NaN,999,1.97297297297297
996,0,1.99799196787149,NaN,996,1.99799196787149
996,0,1.99799196787149,NaN,996,1.99799196787149
999,0,1.98598598598599,NaN,999,1.98598598598599
999,0,1.98898898898899,NaN,999,1.98898898898899
994,0,1.99496981891348,NaN,994,1.99496981891348
993,0,1.9889224572004,NaN,993,1.9889224572004
999,0,1.99199199199199,NaN,999,1.99199199199199
995,0,2.0251256281407,NaN,995,2.0251256281407
996,0,2.03012048192771,NaN,996,2.03012048192771
999,0,2.02902902902903,NaN,999,2.02902902902903
999,0,2.03103103103103,NaN,999,2.03103103103103
997,0,2.06619859578736,NaN,997,2.06619859578736
998,0,2.04909819639279,NaN,998,2.04909819639279
998,0,2.03006012024048,NaN,998,2.03006012024048
996,0,2.04116465863454,NaN,996,2.04116465863454
997,0,2.03610832497492,NaN,997,2.03610832497492
998,0,2.02905811623247,NaN,998,2.02905811623247
998,0,2.03206412825651,NaN,998,2.03206412825651
995,0,2.03618090452261,NaN,995,2.03618090452261
996,0,2.02610441767068,NaN,996,2.02610441767068
998,0,2.01803607214429,NaN,998,2.01803607214429
995,0,2.04924623115578,NaN,995,2.04924623115578
997,0,2.05416248746239,NaN,997,2.05416248746239
999,0,2.05205205205205,NaN,999,2.05205205205205
998,0,2.06212424849699,NaN,998,2.06212424849699
998,0,2.07715430861723,NaN,998,2.07715430861723
997,0,2.07622868605817,NaN,997,2.07622868605817
998,0,2.08617234468938,NaN,998,2.08617234468938
999,0,2.08708708708709,NaN,999,2.08708708708709
999,0,2.07507507507508,NaN,999,2.07507507507508
997,0,2.0802407221665,NaN,997,2.0802407221665
999,0,2.09209209209209,NaN,999,2.09209209209209
997,0,2.09027081243731,NaN,997,2.09027081243731
998,0,2.08016032064128,NaN,998,2.08016032064128
999,0,2.07607607607608,NaN,999,2.07607607607608
998,0,2.08617234468938,NaN,998,2.08617234468938
997,0,2.07723169508526,NaN,997,2.07723169508526
997,0,2.04613841524574,NaN,997,2.04613841524574
999,0,2.04804804804805,NaN,999,2.04804804804805
998,0,2.05711422845691,NaN,998,2.05711422845691
994,0,2.05734406438632,NaN,994,2.05734406438632
996,0,2.05522088353414,NaN,996,2.05522088353414
999,0,2.06606606606607,NaN,999,2.06606606606607
995,0,2.0572864321608,NaN,995,2.0572864321608
996,0,2.04518072289157,NaN,996,2.04518072289157
998,0,2.0190380761523,NaN,998,2.0190380761523
996,0,2.02610441767068,NaN,996,2.02610441767068
999,0,2.01701701701702,NaN,999,2.01701701701702
999,0,1.997997997998,NaN,999,1.997997997998
997,0,2.01003009027081,NaN,997,2.01003009027081
998,0,2.00400801603206,NaN,998,2.00400801603206
999,0,2.00600600600601,NaN,999,2.00600600600601
997,0,2.00401203610833,NaN,997,2.00401203610833
997,0,2.00802407221665,NaN,997,2.00802407221665
999,0,2.0,NaN,999,2.0
997,0,1.99598796389168,NaN,997,1.99598796389168
999,0,2.00800800800801,NaN,999,2.00800800800801
996,0,2.00602409638554,NaN,996,2.00602409638554
996,0,1.99598393574297,NaN,996,1.99598393574297
998,0,2.00501002004008,NaN,998,2.00501002004008
996,0,2.02710843373494,NaN,996,2.02710843373494
996,0,2.03413654618474,NaN,996,2.03413654618474
998,0,2.03206412825651,NaN,998,2.03206412825651
998,0,2.03707414829659,NaN,998,2.03707414829659
997,0,2.02507522567703,NaN,997,2.02507522567703
996,0,2.02911646586345,NaN,996,2.02911646586345
998,0,2.0190380761523,NaN,998,2.0190380761523
996,0,2.00602409638554,NaN,996,2.00602409638554
995,0,2.00100502512563,NaN,995,2.00100502512563
997,0,1.98996990972919,NaN,997,1.98996990972919
998,0,1.99799599198397,NaN,998,1.99799599198397
996,0,1.99698795180723,NaN,996,1.99698795180723
997,0,2.0,NaN,997,2.0
999,0,1.98698698698699,NaN,999,1.98698698698699
998,0,1.96793587174349,NaN,998,1.96793587174349
998,0,1.95591182364729,NaN,998,1.95591182364729
998,0,1.97294589178357,NaN,998,1.97294589178357
995,0,1.97989949748744,NaN,995,1.97989949748744
999,0,1.98598598598599,NaN,999,1.98598598598599
999,0,1.997997997998,NaN,999,1.997997997998
998,0,2.00801603206413,NaN,998,2.00801603206413
997,0,2.01905717151454,NaN,997,2.01905717151454
997,0,2.02006018054162,NaN,997,2.02006018054162
998,0,2.0190380761523,NaN,998,2.0190380761523
995,0,2.00904522613065,NaN,995,2.00904522613065
996,0,2.00401606425703,NaN,996,2.00401606425703
999,0,1.99399399399399,NaN,999,1.99399399399399
997,0,1.98094282848546,NaN,997,1.98094282848546
998,0,1.96993987975952,NaN,998,1.96993987975952
998,0,1.95591182364729,NaN,998,1.95591182364729
999,0,1.97097097097097,NaN,999,1.97097097097097
996,0,1.99397590361446,NaN,996,1.99397590361446
997,0,1.98595787362086,NaN,997,1.98595787362086
996,0,1.9859437751004,NaN,996,1.9859437751004
998,0,2.00200400801603,NaN,998,2.00200400801603
996,0,1.99899598393574,NaN,996,1.99899598393574
999,0,1.995995995996,NaN,999,1.995995995996
998,0,2.0190380761523,NaN,998,2.0190380761523
999,0,2.03603603603604,NaN,999,2.03603603603604
996,0,2.02911646586345,NaN,996,2.02911646586345
999,0,2.03603603603604,NaN,999,2.03603603603604
999,0,2.04704704704705,NaN,999,2.04704704704705
996,0,2.05120481927711,NaN,996,2.05120481927711
999,0,2.04304304304304,NaN,999,2.04304304304304
999,0,2.02602602602603,NaN,999,2.02602602602603
997,0,2.02306920762287,NaN,997,2.02306920762287
998,0,2.01302605210421,NaN,998,2.01302605210421
999,0,2.03403403403403,NaN,999,2.03403403403403
999,0,2.02802802802803,NaN,999,2.02802802802803
998,0,2.02805611222445,NaN,998,2.02805611222445
997,0,2.02908726178536,NaN,997,2.02908726178536
998,0,2.04208416833667,NaN,998,2.04208416833667
996,0,2.03714859437751,NaN,996,2.03714859437751
998,0,2.03707414829659,NaN,998,2.03707414829659
997,0,2.07121364092277,NaN,997,2.07121364092277
997,0,2.06720160481444,NaN,997,2.06720160481444
991,0,2.05751765893037,NaN,991,2.05751765893037
999,0,2.05505505505506,NaN,999,2.05505505505506
999,0,2.06006006006006,NaN,999,2.06006006006006
997,0,2.06920762286861,NaN,997,2.06920762286861
997,0,2.06118355065196,NaN,997,2.06118355065196
999,0,2.06006006006006,NaN,999,2.06006006006006
998,0,2.05911823647295,NaN,998,2.05911823647295
997,0,2.05215646940822,NaN,997,2.05215646940822
996,0,2.03614457831325,NaN,996,2.03614457831325
997,0,2.03911735205617,NaN,997,2.03911735205617
993,0,2.04229607250755,NaN,993,2.04229607250755
998,0,2.04308617234469,NaN,998,2.04308617234469
998,0,2.04208416833667,NaN,998,2.04208416833667
999,0,2.03303303303303,NaN,999,2.03303303303303
994,0,2.02917505030181,NaN,994,2.02917505030181
998,0,2.01703406813627,NaN,998,2.01703406813627
999,0,2.01601601601602,NaN,999,2.01601601601602
999,0,2.02402402402402,NaN,999,2.02402402402402
996,0,2.02911646586345,NaN,996,2.02911646586345
999,0,2.01701701701702,NaN,999,2.01701701701702
998,0,2.0250501002004,NaN,998,2.0250501002004
994,0,2.01408450704225,NaN,994,2.01408450704225
999,0,2.01301301301301,NaN,999,2.01301301301301
999,0,2.01001001001001,NaN,999,2.01001001001001
995,0,2.01809045226131,NaN,995,2.01809045226131
998,0,1.99699398797595,NaN,998,1.99699398797595
997,0,1.97492477432297,NaN,997,1.97492477432297
996,0,1.98795180722892,NaN,996,1.98795180722892
996,0,1.97489959839357,NaN,996,1.97489959839357
997,0,1.95887662988967,NaN,997,1.95887662988967
998,0,1.95290581162325,NaN,998,1.95290581162325
998,0,1.97294589178357,NaN,998,1.97294589178357
996,0,1.96586345381526,NaN,996,1.96586345381526
998,0,1.94589178356713,NaN,998,1.94589178356713
998,0,1.97194388777555,NaN,998,1.97194388777555
998,0,1.95190380761523,NaN,998,1.95190380761523
999,0,1.93593593593594,NaN,999,1.93593593593594
997,0,1.94884653961886,NaN,997,1.94884653961886
998,0,1.96092184368737,NaN,998,1.96092184368737
998,0,1.95691382765531,NaN,998,1.95691382765531
999,0,1.94594594594595,NaN,999,1.94594594594595
998,0,1.93286573146293,NaN,998,1.93286573146293
995,0,1.93366834170854,NaN,995,1.93366834170854
997,0,1.93079237713139,NaN,997,1.93079237713139
998,0,1.93086172344689,NaN,998,1.93086172344689
997,0,1.94583751253761,NaN,997,1.94583751253761
999,0,1.93393393393393,NaN,999,1.93393393393393
999,0,1.94194194194194,NaN,999,1.94194194194194
996,0,1.964859437751,NaN,996,1.964859437751
999,0,1.96696696696697,NaN,999,1.96696696696697
998,0,1.96492985971944,NaN,998,1.96492985971944
999,0,1.96296296296296,NaN,999,1.96296296296296
994,0,1.97183098591549,NaN,994,1.97183098591549
998,0,1.97695390781563,NaN,998,1.97695390781563
999,0,1.95895895895896,NaN,999,1.95895895895896
997,0,1.99598796389168,NaN,997,1.99598796389168
999,0,1.98598598598599,NaN,999,1.98598598598599
998,0,1.97094188376753,NaN,998,1.97094188376753
998,0,1.96593186372745,NaN,998,1.96593186372745
993,0,1.97885196374622,NaN,993,1.97885196374622
999,0,1.98598598598599,NaN,999,1.98598598598599
999,0,2.00600600600601,NaN,999,2.00600600600601
994,0,2.03018108651911,NaN,994,2.03018108651911
998,0,2.03206412825651,NaN,998,2.03206412825651
998,0,2.03607214428858,NaN,998,2.03607214428858
998,0,2.03006012024048,NaN,998,2.03006012024048
995,0,2.04824120603015,NaN,995,2.04824120603015
997,0,2.05416248746239,NaN,997,2.05416248746239
997,0,2.0160481444333,NaN,997,2.0160481444333
996,0,2.0140562248996,NaN,996,2.0140562248996
998,0,2.01302605210421,NaN,998,2.01302605210421
999,0,2.003003003003,NaN,999,2.003003003003
999,0,2.001001001001,NaN,999,2.001001001001
994,0,2.01911468812877,NaN,994,2.01911468812877
998,0,2.01703406813627,NaN,998,2.01703406813627
999,0,1.98798798798799,NaN,999,1.98798798798799
998,0,2.01402805611222,NaN,998,2.01402805611222
998,0,2.00701402805611,NaN,998,2.00701402805611
999,0,2.01301301301301,NaN,999,2.01301301301301
997,0,2.02708124373119,NaN,997,2.02708124373119
994,0,2.02112676056338,NaN,994,2.02112676056338
996,0,2.01706827309237,NaN,996,2.01706827309237
999,0,2.01801801801802,NaN,999,2.01801801801802
998,0,2.03306613226453,NaN,998,2.03306613226453
997,0,2.03410230692076,NaN,997,2.03410230692076
999,0,2.04204204204204,NaN,999,2.04204204204204
996,0,2.03012048192771,NaN,996,2.03012048192771
997,0,2.04112337011033,NaN,997,2.04112337011033
999,0,2.02802802802803,NaN,999,2.02802802802803
999,0,2.03203203203203,NaN,999,2.03203203203203
997,0,2.03109327983952,NaN,997,2.03109327983952
997,0,2.02306920762287,NaN,997,2.02306920762287
999,0,1.98698698698699,NaN,999,1.98698698698699
999,0,1.998998998999,NaN,999,1.998998998999
998,0,2.01503006012024,NaN,998,2.01503006012024
997,0,2.00601805416249,NaN,997,2.00601805416249
998,0,2.02004008016032,NaN,998,2.02004008016032
999,0,2.03303303303303,NaN,999,2.03303303303303
998,0,2.01102204408818,NaN,998,2.01102204408818
999,0,1.99299299299299,NaN,999,1.99299299299299
996,0,2.01907630522088,NaN,996,2.01907630522088
996,0,2.02510040160643,NaN,996,2.02510040160643
998,0,2.01603206412826,NaN,998,2.01603206412826
997,0,2.02006018054162,NaN,997,2.02006018054162
998,0,2.04709418837675,NaN,998,2.04709418837675
995,0,2.04824120603015,NaN,995,2.04824120603015
999,0,2.04504504504505,NaN,999,2.04504504504505
997,0,2.03610832497492,NaN,997,2.03610832497492
994,0,2.04024144869215,NaN,994,2.04024144869215
999,0,2.02602602602603,NaN,999,2.02602602602603
999,0,2.01201201201201,NaN,999,2.01201201201201
994,0,2.02414486921529,NaN,994,2.02414486921529
998,0,2.01002004008016,NaN,998,2.01002004008016
996,0,2.0,NaN,996,2.0
999,0,2.02102102102102,NaN,999,2.02102102102102
995,0,2.03618090452261,NaN,995,2.03618090452261
998,0,2.03607214428858,NaN,998,2.03607214428858
998,0,2.0310621242485,NaN,998,2.0310621242485
994,0,2.03521126760563,NaN,994,2.03521126760563
998,0,2.03907815631263,NaN,998,2.03907815631263
999,0,2.00600600600601,NaN,999,2.00600600600601
998,0,2.02304609218437,NaN,998,2.02304609218437
995,0,2.02010050251256,NaN,995,2.02010050251256
999,0,2.02802802802803,NaN,999,2.02802802802803
999,0,2.04404404404404,NaN,999,2.04404404404404
997,0,2.05616850551655,NaN,997,2.05616850551655
996,0,2.05421686746988,NaN,996,2.05421686746988
999,0,2.05205205205205,NaN,999,2.05205205205205
998,0,2.06412825651303,NaN,998,2.06412825651303
998,0,2.0561122244489,NaN,998,2.0561122244489
999,0,2.03403403403403,NaN,999,2.03403403403403
999,0,2.01801801801802,NaN,999,2.01801801801802
996,0,2.01204819277108,NaN,996,2.01204819277108
997,0,1.99498495486459,NaN,997,1.99498495486459
996,0,1.99196787148594,NaN,996,1.99196787148594
998,0,2.00901803607214,NaN,998,2.00901803607214
997,0,2.01504513540622,NaN,997,2.01504513540622
996,0,1.99497991967871,NaN,996,1.99497991967871
998,0,2.00300601202405,NaN,998,2.00300601202405
994,0,2.00301810865191,NaN,994,2.00301810865191
998,0,1.9809619238477,NaN,998,1.9809619238477
997,0,1.98595787362086,NaN,997,1.98595787362086
996,0,2.00502008032129,NaN,996,2.00502008032129
996,0,1.99899598393574,NaN,996,1.99899598393574
998,0,1.99799599198397,NaN,998,1.99799599198397
998,0,2.00400801603206,NaN,998,2.00400801603206
995,0,2.01206030150754,NaN,995,2.01206030150754
998,0,1.99799599198397,NaN,998,1.99799599198397
